0 1 16 2
0 2 1 2
0 3 65 15
0 4 1 14
0 5 50 18
0 6 28 1
0 7 13 20
0 8 22 11
0 9 1 9
0 10 12 26
0 12 16 11
0 14 120 13
0 16 22 5
0 17 1 3
0 20 1 6
0 22 2 19
0 23 56 7
0 24 43 10
1 0 138 26
1 2 41 13
1 3 19 2
1 4 353 1
1 5 68 6
1 6 163 15
1 7 15 12
1 8 36 20
1 9 380 2
1 10 305 2
1 11 17 20
1 12 217 1
1 13 1 12
1 14 8 17
1 16 98 5
1 17 72 1
1 19 60 1
1 24 21 6
1 27 2 28
2 0 339 1
2 1 67 12
2 3 16 4
2 4 2 9
2 5 67 1
2 6 11 27
2 7 139 1
2 8 89 1
2 10 322 1
2 11 8 23
2 17 87 1
2 19 13 1
2 20 161 2
3 0 74 23
3 1 168 27
3 2 5 1
3 4 32 1
3 5 44 1
3 6 3 2
3 7 4 3
3 8 21 11
3 11 160 1
3 15 4 6
3 16 21 19
3 18 8 10
3 24 48 9
3 25 47 2
3 26 2 5
4 0 2 2
4 1 273 12
4 2 3 2
4 5 35 17
4 6 3 1
4 7 306 1
4 8 208 1
4 9 20 1
4 11 2 4
4 14 3 19
4 17 1 9
4 18 142 1
4 23 1 5
4 24 101 21
4 25 4 23
5 0 44 14
5 1 35 14
5 2 11 29
5 3 47 24
5 4 1 16
5 6 253 1
5 8 34 13
5 9 51 29
5 10 59 1
5 11 1 5
5 12 9 4
5 14 3 21
5 16 77 4
5 24 22 22
5 27 8 26
6 0 1 11
6 1 2 27
6 2 305 1
6 3 82 1
6 4 340 1
6 5 72 26
6 7 3 8
6 8 25 18
6 9 4 1
6 10 92 19
6 12 22 1
6 14 197 1
6 16 129 12
6 17 1 2
6 20 59 25
6 22 74 1
6 25 4 15
7 0 2 4
7 1 2 8
7 2 77 13
7 3 9 3
7 4 1 5
7 6 414 2
7 8 83 10
7 10 52 1
7 11 15 25
7 14 10 19
7 15 2 9
7 16 128 3
7 17 73 2
7 19 1 18
7 20 9 19
7 25 148 1
7 26 1 9
7 27 7 17
8 0 42 28
8 1 19 26
8 2 40 4
8 3 61 19
8 4 1 28
8 5 22 20
8 6 299 8
8 7 107 1
8 9 11 29
8 10 9 3
8 11 2 3
8 12 5 24
8 13 237 1
8 14 101 1
8 15 206 1
8 16 34 23
8 17 93 1
8 18 4 11
8 20 241 1
8 24 31 22
8 25 1 25
9 1 4 6
9 3 58 15
9 4 1 21
9 5 208 7
9 6 6 21
9 7 20 16
9 8 116 1
9 10 8 1
9 12 1 2
9 13 3 12
9 14 106 1
9 21 101 2
9 25 3 19
10 1 94 6
10 3 1 28
10 4 228 1
10 5 294 1
10 7 2 23
10 8 13 1
10 9 6 17
10 11 35 1
10 12 246 1
10 14 236 1
10 16 43 7
10 22 164 24
10 24 246 1
11 0 1 15
11 3 313 1
11 4 2 22
11 5 8 4
11 6 2 11
11 7 121 1
11 8 1 12
11 9 3 8
11 10 44 1
11 13 112 1
11 14 3 21
11 15 123 10
11 17 4 5
11 20 134 2
11 24 261 16
11 25 108 8
11 26 3 8
11 27 1 15
12 0 1 28
12 2 2 17
12 4 17 22
12 8 11 14
12 9 2 7
12 10 16 3
12 13 96 8
12 15 80 16
12 17 25 1
12 22 107 1
12 23 11 1
12 24 4 28
12 25 1 10
13 7 31 3
13 8 1 14
13 9 9 16
13 11 30 1
13 12 15 1
13 14 72 1
13 15 7 10
13 16 1 29
13 27 3 12
14 5 1 5
14 6 1 21
14 8 350 1
14 10 212 1
14 11 126 1
14 15 106 1
14 17 88 1
14 22 12 3
14 23 1 20
14 26 19 8
15 0 77 2
15 2 34 19
15 6 26 4
15 8 19 1
15 9 1 6
15 10 322 1
15 11 40 1
15 14 66 1
15 19 3 11
15 23 44 10
15 24 1 20
15 26 31 8
16 0 22 18
16 1 21 20
16 3 44 17
16 5 52 24
16 7 65 5
16 8 66 19
16 17 163 18
16 18 334 1
16 24 42 29
17 0 59 2
17 1 217 1
17 3 1 22
17 5 1 15
17 6 328 2
17 7 270 3
17 8 3 20
17 11 149 1
17 12 3 4
17 16 1 19
17 18 1 11
17 19 133 1
17 23 45 19
17 24 1 3
17 25 13 2
18 0 2 2
18 2 69 2
18 4 1 17
18 5 29 19
18 7 46 2
18 8 6 17
18 15 1 5
18 16 5 9
18 17 158 1
19 0 18 1
19 1 205 2
19 4 100 4
19 6 127 1
19 7 1 5
19 8 1 25
19 11 5 12
19 14 19 18
19 20 233 1
20 0 313 1
20 1 68 1
20 3 161 1
20 5 6 16
20 6 2 8
20 9 30 1
20 10 17 25
20 12 100 2
20 19 173 1
20 23 1 5
20 24 63 7
21 4 1 27
21 5 7 5
21 22 2 23
21 26 1 7
22 1 1 19
22 3 10 4
22 6 1 19
22 7 4 7
22 8 3 2
22 10 5 8
22 26 1 6
23 7 81 1
23 11 9 4
23 12 1 26
23 25 4 19
24 0 22 21
24 1 22 18
24 3 53 4
24 5 58 24
24 7 7 1
24 8 22 29
24 9 39 4
24 10 182 1
24 11 2 3
24 14 3 24
24 16 129 4
24 23 1 2
24 25 45 25
24 26 3 9
25 6 2 16
25 7 74 11
25 9 17 2
25 11 20 23
25 15 5 2
25 24 2 25
25 26 24 1
25 27 2 11
26 11 4 8
26 15 29 17
26 18 1 3
26 24 77 7
27 3 41 4
27 6 1 26
27 20 34 5
