0 1 11 15
0 2 69 1
0 3 42 1
0 4 1 2
0 5 17 14
0 6 117 1
0 7 1 3
0 8 15 4
0 9 1 27
0 10 1 21
0 11 1 25
0 15 48 4
0 16 15 1
0 17 3 8
0 19 72 1
0 20 3 18
0 24 230 11
1 0 17 17
1 2 48 1
1 3 14 2
1 4 2 3
1 5 54 4
1 6 8 18
1 7 3 27
1 8 16 20
1 12 241 2
1 14 2 21
1 16 50 5
1 17 327 1
1 19 120 1
1 20 36 1
1 24 16 12
1 26 1 15
2 0 1 3
2 1 11 17
2 3 258 1
2 4 178 28
2 8 130 23
2 10 401 2
2 11 3 17
2 17 161 1
2 18 43 4
2 25 1 8
3 0 359 2
3 1 17 18
3 2 5 22
3 5 97 5
3 6 4 15
3 7 1 1
3 8 14 13
3 9 11 5
3 10 30 1
3 11 304 1
3 12 1 15
3 16 38 28
3 24 33 11
4 0 2 26
4 1 4 8
4 2 1 2
4 3 1 9
4 5 26 21
4 6 2 15
4 7 354 2
4 8 247 1
4 9 2 2
4 12 259 27
4 16 1 16
4 17 1 29
4 18 1 18
4 20 84 1
4 23 1 22
4 25 1 15
5 0 15 6
5 1 17 22
5 2 2 26
5 3 16 6
5 4 4 26
5 6 13 15
5 7 44 1
5 8 175 20
5 9 5 23
5 10 208 1
5 12 1 10
5 16 15 29
5 18 2 24
5 24 58 6
5 27 6 5
6 0 1 22
6 1 115 1
6 3 184 1
6 4 173 1
6 5 238 1
6 7 2 22
6 8 111 1
6 9 8 28
6 10 3 20
6 11 28 1
6 12 84 1
6 17 1 12
6 19 70 1
6 23 1 7
7 1 1 1
7 2 1 9
7 3 26 1
7 5 1 20
7 6 2 28
7 8 12 5
7 9 1 6
7 10 195 1
7 11 8 1
7 14 2 21
7 15 1 3
7 16 143 6
7 17 118 2
7 20 1 24
7 21 55 8
7 22 1 3
7 24 45 1
7 25 280 1
7 26 1 4
7 27 1 16
8 0 122 24
8 1 13 13
8 2 5 20
8 3 18 24
8 4 2 10
8 5 20 8
8 6 51 4
8 7 172 1
8 9 3 29
8 10 54 1
8 11 8 9
8 12 118 18
8 14 215 1
8 16 16 11
8 17 161 1
8 19 1 22
8 20 282 1
8 21 79 7
8 23 1 4
8 24 15 16
9 0 101 1
9 3 1 10
9 4 2 27
9 5 14 29
9 6 10 17
9 7 1 2
9 8 348 1
9 10 156 1
9 13 1 8
9 14 170 2
9 17 248 2
9 24 96 1
10 0 295 1
10 1 2 10
10 2 1 29
10 3 3 21
10 4 325 1
10 5 428 1
10 6 2 27
10 8 56 1
10 9 4 16
10 11 3 5
10 12 345 1
10 13 35 1
10 14 6 12
10 15 93 1
10 16 60 2
10 17 197 1
10 19 61 4
10 22 1 7
10 23 213 1
10 24 245 17
10 25 1 4
11 5 1 29
11 6 1 11
11 7 196 1
11 8 39 1
11 9 1 12
11 10 334 1
11 13 185 1
11 14 3 11
11 15 2 20
11 20 178 2
11 21 39 1
11 24 2 27
11 25 355 1
11 27 1 11
12 4 1 5
12 5 136 1
12 7 251 8
12 8 1 11
12 9 8 14
12 10 1 1
12 11 206 2
12 13 1 15
12 14 22 3
12 15 1 19
12 18 1 24
13 0 90 5
13 7 66 3
13 9 62 20
13 10 1 1
13 11 88 2
13 12 96 1
14 0 6 1
14 1 147 1
14 7 1 27
14 10 397 2
14 11 303 1
14 12 6 5
14 15 1 12
14 17 99 10
15 0 98 3
15 3 72 12
15 6 54 3
15 7 1 29
15 9 1 21
15 11 1 20
15 12 69 1
15 22 6 3
15 24 11 15
15 25 2 7
16 0 37 16
16 1 15 3
16 3 16 9
16 4 1 2
16 5 16 12
16 6 1 14
16 8 16 1
16 10 1 21
16 11 1 27
16 12 103 19
16 17 246 1
16 20 104 5
16 24 16 22
17 0 144 1
17 1 194 18
17 2 24 1
17 3 1 4
17 7 296 4
17 10 1 8
17 11 182 2
17 16 2 10
17 18 1 23
17 19 144 8
17 20 6 1
17 21 69 25
18 0 1 2
18 1 8 1
18 4 1 25
18 7 69 2
18 8 3 22
18 10 219 18
18 11 58 4
18 16 1 12
18 17 203 1
19 0 147 1
19 1 237 1
19 4 126 2
19 6 147 1
19 8 1 20
19 10 90 6
19 12 24 9
19 18 11 2
19 20 370 1
19 25 10 9
20 0 390 1
20 1 120 1
20 3 241 1
20 4 21 5
20 6 1 2
20 7 17 2
20 8 15 1
20 9 46 6
20 15 1 13
20 17 197 9
20 19 3 12
20 22 32 3
20 24 74 6
20 25 105 3
21 4 1 29
21 6 103 2
21 10 25 3
21 12 1 20
21 27 9 27
22 0 30 9
22 3 14 11
22 4 70 11
22 6 112 18
22 8 14 6
22 10 1 23
22 14 40 2
22 25 17 11
23 6 85 1
23 8 13 4
23 13 9 2
23 14 1 15
23 24 1 15
24 0 16 1
24 1 16 5
24 3 16 21
24 5 16 19
24 7 53 2
24 8 16 3
24 9 57 5
24 10 220 1
24 12 50 3
24 16 108 17
24 20 1 26
24 25 42 10
25 1 114 2
25 3 66 8
25 5 46 7
25 6 17 10
25 7 2 10
25 8 129 2
25 11 8 22
25 15 20 1
25 26 39 3
26 2 30 6
26 15 29 24
26 16 29 1
26 22 3 2
26 27 4 2
27 7 1 1
27 10 1 19
27 20 42 1
27 25 22 2
27 26 40 1
