0 1 17 14
0 2 9 18
0 3 12 5
0 4 1 13
0 5 26 1
0 7 1 19
0 8 17 8
0 9 3 15
0 11 2 5
0 12 1 13
0 14 1 19
0 15 13 6
0 16 16 18
0 17 2 26
0 19 1 26
0 20 1 8
0 23 45 2
0 24 16 17
0 26 53 26
1 0 220 12
1 2 3 19
1 3 25 27
1 4 234 1
1 5 17 10
1 6 6 1
1 7 3 2
1 8 13 29
1 9 306 1
1 10 255 1
1 14 16 26
1 15 138 3
1 16 15 6
1 17 1 9
1 18 1 3
1 23 10 2
1 24 16 23
2 0 244 1
2 1 429 1
2 3 6 4
2 5 34 1
2 6 28 26
2 7 230 1
2 8 7 27
2 10 202 1
2 11 274 19
2 14 54 2
2 17 31 1
2 20 116 1
3 0 21 29
3 1 13 29
3 2 5 13
3 5 16 15
3 6 308 21
3 7 45 2
3 8 18 13
3 10 1 10
3 11 48 1
3 12 2 27
3 16 15 23
3 19 72 1
3 20 205 1
3 24 16 16
4 0 20 28
4 1 225 8
4 2 1 2
4 3 260 3
4 5 1 1
4 6 247 1
4 7 245 1
4 8 125 1
4 9 168 1
4 10 30 5
4 11 252 4
4 13 48 22
4 14 1 1
4 16 1 20
4 17 21 13
4 18 226 1
4 19 119 3
4 20 33 2
4 25 1 11
5 0 15 7
5 1 58 3
5 2 10 20
5 3 30 4
5 4 103 1
5 7 3 20
5 8 10 11
5 9 148 1
5 12 1 25
5 13 13 3
5 15 2 16
5 16 91 29
5 17 197 3
5 20 7 11
5 21 31 5
5 24 15 17
6 0 1 10
6 1 41 4
6 2 144 1
6 3 16 1
6 4 111 1
6 5 120 13
6 7 70 3
6 8 428 20
6 9 183 1
6 10 49 2
6 11 2 23
6 13 1 9
6 14 148 1
6 15 1 9
6 17 3 17
6 19 22 1
6 23 2 14
7 0 1 13
7 1 55 1
7 2 22 2
7 3 4 2
7 4 1 13
7 5 2 19
7 6 138 1
7 8 395 6
7 9 349 3
7 11 2 3
7 14 4 15
7 15 1 7
7 16 112 3
7 20 1 13
7 23 1 10
7 24 1 29
7 25 45 1
8 0 14 11
8 1 15 14
8 2 175 1
8 3 15 10
8 5 11 12
8 6 25 1
8 7 14 1
8 9 11 10
8 10 17 10
8 11 307 25
8 14 23 1
8 16 81 5
8 17 42 1
8 20 193 1
8 24 16 21
8 25 227 3
8 26 1 1
9 0 23 2
9 1 363 2
9 5 204 3
9 6 411 1
9 7 28 1
9 10 10 19
9 11 26 15
9 12 98 28
9 13 4 16
9 14 48 1
9 15 142 1
9 19 1 17
9 20 1 26
9 22 76 5
9 23 1 3
9 24 62 3
10 0 199 1
10 1 53 14
10 2 17 1
10 3 208 2
10 4 135 1
10 5 139 1
10 6 80 1
10 7 2 7
10 8 79 17
10 9 2 22
10 11 14 14
10 12 147 1
10 13 2 29
10 14 43 1
10 15 3 10
10 17 114 1
10 18 17 15
10 21 2 22
10 22 5 11
10 23 207 1
10 24 228 2
10 25 1 19
10 26 3 13
10 27 2 1
11 0 1 10
11 2 1 20
11 3 180 1
11 4 10 5
11 6 1 9
11 7 9 2
11 8 3 8
11 9 2 11
11 10 128 1
11 12 228 1
11 13 51 1
11 14 47 1
11 17 186 10
11 18 39 1
11 19 3 8
11 20 94 1
11 24 401 25
11 25 13 1
11 26 6 26
11 27 1 6
12 0 1 5
12 4 1 11
12 5 15 3
12 6 337 9
12 7 226 2
12 10 4 23
12 13 20 28
12 14 1 15
12 22 74 1
12 24 2 29
13 0 81 10
13 7 9 1
13 8 7 23
13 10 297 1
13 14 6 1
13 21 3 10
14 4 2 4
14 6 1 23
14 7 6 6
14 8 272 1
14 9 1 16
14 10 24 1
14 11 15 1
14 12 4 4
14 13 2 26
14 15 7 1
14 20 1 9
14 23 2 20
15 0 56 3
15 3 64 1
15 7 370 1
15 8 28 25
15 10 210 1
15 11 46 1
15 12 19 3
15 22 1 11
15 25 1 2
15 27 34 21
16 0 16 6
16 1 23 15
16 3 16 19
16 4 5 22
16 5 29 29
16 6 1 10
16 8 16 29
16 9 6 11
16 14 1 2
16 17 80 27
16 18 221 1
16 24 77 26
16 26 1 7
16 27 9 22
17 1 108 1
17 2 4 24
17 4 267 1
17 6 254 1
17 7 236 1
17 8 1 5
17 9 14 15
17 10 281 2
17 11 117 2
17 15 85 21
17 16 11 29
17 18 12 28
17 26 7 4
17 27 76 2
18 1 3 27
18 4 2 18
18 5 2 25
18 7 27 1
18 8 7 9
18 9 59 2
18 11 27 1
18 15 9 7
18 16 4 16
18 17 112 2
18 19 2 7
18 25 44 3
19 0 2 21
19 1 156 1
19 4 75 1
19 5 1 7
19 6 104 3
19 7 3 11
19 8 1 27
19 10 54 1
19 20 13 1
19 24 1 23
20 0 214 1
20 2 130 1
20 3 83 1
20 5 124 25
20 6 1 14
20 10 138 8
20 11 266 3
20 18 1 5
20 19 114 1
21 9 1 24
21 10 7 2
21 12 1 8
21 14 26 15
22 2 18 19
22 10 1 28
22 11 26 29
22 13 1 23
22 14 16 2
22 18 1 12
22 19 2 24
22 23 1 27
22 24 1 10
22 26 17 18
23 0 3 1
23 5 3 4
23 6 54 5
23 17 1 28
23 24 11 14
24 0 31 22
24 1 16 19
24 3 16 23
24 5 16 24
24 8 32 21
24 9 24 6
24 10 137 2
24 11 19 6
24 12 29 1
24 15 1 13
24 16 16 5
24 21 4 12
25 0 113 1
25 2 1 11
25 3 39 3
25 6 4 3
25 7 20 12
25 9 1 25
25 10 262 1
25 11 370 1
25 17 33 1
25 27 25 15
26 1 46 12
26 4 1 19
26 5 2 4
26 6 47 1
26 11 1 3
26 12 29 3
26 17 1 26
26 27 1 9
27 1 1 1
27 3 34 3
27 4 46 14
27 7 2 16
27 8 1 23
27 12 1 17
27 17 78 11
27 19 2 4
27 23 18 16
27 26 5 13
