0 1 33 2
0 2 1 19
0 3 16 21
0 5 177 15
0 6 1 9
0 7 4 29
0 8 29 9
0 9 16 3
0 11 1 21
0 14 1 27
0 15 10 7
0 16 19 8
0 18 10 25
0 19 15 28
0 20 21 10
0 24 29 29
1 0 265 13
1 2 1 18
1 3 74 11
1 4 129 1
1 5 33 3
1 6 202 1
1 7 1 10
1 8 74 1
1 9 283 1
1 10 238 20
1 11 1 19
1 12 177 2
1 13 8 21
1 14 1 25
1 16 41 28
1 17 1 3
1 19 12 1
1 24 42 10
1 25 1 26
2 0 214 1
2 1 84 8
2 3 5 24
2 4 23 15
2 5 27 1
2 6 2 20
2 7 190 1
2 8 39 25
2 10 172 1
2 11 1 20
2 14 53 1
2 20 105 1
2 25 3 19
3 0 18 4
3 1 358 13
3 2 18 4
3 4 1 1
3 5 37 25
3 7 137 19
3 8 126 9
3 10 1 8
3 11 29 1
3 16 146 12
3 17 45 15
3 19 69 1
3 20 186 1
3 24 84 1
3 26 1 1
4 0 1 10
4 1 259 1
4 2 3 19
4 3 252 2
4 5 1 1
4 6 339 1
4 7 229 1
4 8 94 1
4 9 318 1
4 10 2 25
4 11 7 28
4 13 48 1
4 16 3 2
4 18 214 1
4 24 104 9
4 25 2 9
5 0 19 7
5 1 63 24
5 2 1 24
5 3 137 26
5 4 80 15
5 6 17 18
5 7 1 13
5 8 41 19
5 9 96 21
5 12 1 5
5 14 1 15
5 16 127 3
5 17 193 1
5 21 3 17
5 23 1 28
5 24 135 15
6 0 1 18
6 1 38 19
6 2 108 1
6 3 8 1
6 4 91 1
6 5 143 1
6 7 179 11
6 8 373 1
6 9 158 1
6 10 280 27
6 17 215 4
6 19 18 2
6 20 11 14
6 23 1 14
6 25 1 5
6 26 1 15
7 0 5 1
7 2 4 7
7 3 4 3
7 4 2 12
7 5 4 24
7 6 205 1
7 8 377 1
7 9 349 1
7 11 134 12
7 13 197 4
7 14 2 24
7 15 16 4
7 16 108 5
7 20 255 19
7 23 1 5
7 24 4 17
7 25 27 2
7 26 4 12
7 27 28 29
8 0 130 15
8 1 38 23
8 2 98 1
8 3 52 6
8 5 15 20
8 6 9 23
8 9 3 16
8 10 6 20
8 11 2 17
8 12 2 28
8 13 202 2
8 14 12 2
8 16 48 11
8 18 1 10
8 19 1 12
8 20 181 1
8 21 54 1
8 24 19 15
8 25 222 1
9 0 17 3
9 1 346 1
9 3 60 9
9 4 7 1
9 5 9 1
9 6 262 1
9 10 37 6
9 11 5 28
9 12 5 11
9 13 2 28
9 14 36 2
9 16 96 5
9 17 207 1
9 18 72 3
9 19 80 12
9 21 93 2
9 23 7 17
9 24 58 1
9 25 11 12
10 0 186 2
10 1 9 23
10 2 351 1
10 3 215 13
10 4 115 1
10 5 105 1
10 6 79 1
10 7 2 16
10 8 9 9
10 9 1 16
10 11 371 1
10 12 125 1
10 13 1 14
10 14 165 1
10 15 1 2
10 17 104 1
10 18 1 17
10 20 1 16
10 21 2 7
10 22 1 10
10 24 221 2
10 25 1 1
11 1 3 2
11 2 1 7
11 3 148 1
11 4 291 26
11 5 1 21
11 6 9 2
11 7 54 16
11 8 2 3
11 9 2 5
11 10 62 1
11 12 221 1
11 13 39 1
11 14 22 26
11 15 1 19
11 17 1 5
11 19 1 3
11 20 84 1
11 22 8 27
11 23 2 13
11 26 14 29
11 27 6 15
12 0 2 19
12 5 8 1
12 6 28 2
12 8 1 22
12 9 61 5
12 10 13 14
12 11 118 1
12 13 2 8
12 14 2 25
12 15 21 10
12 17 10 9
12 22 66 1
12 24 2 1
12 27 1 24
13 5 4 22
13 6 127 4
13 7 5 6
13 8 4 4
13 9 1 6
13 10 275 1
13 25 2 13
14 1 98 2
14 2 1 27
14 6 1 12
14 7 82 6
14 8 248 1
14 9 1 24
14 10 39 1
14 11 4 1
14 12 2 16
14 13 3 13
14 17 74 1
14 23 2 16
15 0 51 3
15 6 5 7
15 7 343 1
15 8 1 29
15 10 181 1
15 11 4 1
15 12 15 4
15 14 1 23
15 21 18 12
15 22 5 1
15 23 38 3
15 24 30 14
15 25 5 21
15 26 28 21
16 0 54 6
16 1 20 23
16 3 186 14
16 4 41 1
16 5 57 1
16 8 62 12
16 9 71 28
16 10 8 11
16 12 107 20
16 13 2 14
16 17 9 1
16 18 188 1
16 24 40 19
16 27 9 6
17 1 232 1
17 3 14 8
17 4 247 1
17 7 226 2
17 9 13 2
17 10 277 3
17 12 9 28
17 18 4 22
17 20 1 12
18 0 10 2
18 1 2 2
18 4 14 20
18 7 23 3
18 9 51 1
18 11 24 1
18 14 5 21
18 16 173 20
18 17 101 2
18 19 3 8
18 23 15 5
18 27 1 2
19 0 1 3
19 1 142 1
19 4 68 2
19 5 2 20
19 6 98 3
19 7 10 23
19 11 3 18
19 16 32 8
19 18 1 2
20 0 189 1
20 1 23 1
20 2 119 1
20 3 66 1
20 7 1 15
20 8 2 14
20 17 7 1
20 19 94 1
20 21 52 2
21 1 30 5
21 8 1 3
21 9 3 27
21 12 1 3
21 15 1 10
21 23 1 27
22 7 1 16
22 9 1 24
22 10 1 15
22 13 5 7
22 14 13 4
22 17 29 3
22 21 1 8
22 24 1 22
22 26 17 6
23 2 9 8
23 3 7 23
23 4 1 28
23 6 51 2
23 11 8 27
23 12 1 9
23 17 50 25
23 25 1 5
24 0 139 16
24 1 20 11
24 2 38 14
24 3 39 7
24 5 59 1
24 8 96 12
24 10 126 1
24 11 2 3
24 16 122 13
24 22 1 14
25 2 1 24
25 6 7 7
25 7 309 26
25 9 2 6
25 10 253 1
25 11 294 1
25 13 1 14
25 23 6 1
25 26 9 10
25 27 8 14
26 5 2 5
26 10 101 2
26 13 1 13
26 25 22 1
26 27 15 23
27 1 1 12
27 6 3 4
27 9 38 7
27 10 4 13
27 12 2 11
27 13 1 25
27 16 9 29
27 17 77 11
27 20 25 6
27 23 1 27
27 25 1 16
27 26 5 17
