0 1 234 1
0 2 1 25
0 3 6 21
0 4 23 8
0 5 10 20
0 8 10 24
0 9 1 27
0 11 1 24
0 12 2 23
0 13 24 6
0 14 118 2
0 15 9 3
0 16 10 27
0 17 1 23
0 19 2 8
0 23 41 3
0 24 9 19
0 25 1 1
0 26 3 18
1 0 358 4
1 2 70 12
1 3 99 17
1 4 185 1
1 5 10 11
1 6 191 1
1 7 10 27
1 8 7 16
1 9 272 1
1 10 60 1
1 12 173 1
1 13 1 4
1 16 9 18
1 17 4 27
1 18 1 8
1 22 73 3
1 23 1 15
1 24 10 4
1 26 11 15
2 0 199 1
2 1 86 1
2 3 44 7
2 5 23 2
2 6 1 16
2 7 170 1
2 8 8 10
2 10 157 1
2 11 6 8
2 15 41 1
2 17 17 1
2 19 3 18
2 20 99 1
3 0 9 3
3 1 7 22
3 2 6 24
3 5 10 23
3 6 1 1
3 7 2 26
3 8 11 24
3 11 21 2
3 16 31 12
3 17 1 16
3 18 1 2
3 20 177 1
3 21 7 14
3 22 1 21
3 24 43 26
3 25 10 28
4 0 71 17
4 1 159 1
4 2 1 15
4 5 337 1
4 6 308 12
4 7 221 1
4 8 74 1
4 9 146 1
4 10 1 18
4 13 3 12
4 17 3 16
4 18 20 1
4 19 111 3
4 25 2 20
4 26 82 1
5 0 71 1
5 1 28 19
5 3 10 7
5 4 4 1
5 6 40 19
5 7 5 17
5 8 5 19
5 9 3 11
5 10 1 22
5 11 1 9
5 12 2 2
5 13 6 25
5 16 54 2
5 18 3 24
5 20 1 9
5 22 16 3
5 24 79 10
5 27 4 17
6 0 2 11
6 1 10 15
6 2 92 1
6 3 4 4
6 4 70 1
6 5 192 1
6 7 186 18
6 8 238 1
6 9 103 1
6 10 41 1
6 11 4 9
6 13 1 11
6 14 128 2
6 15 1 7
6 16 165 24
6 17 1 18
6 18 2 12
6 19 16 3
6 20 3 15
6 23 1 27
7 0 1 14
7 1 46 1
7 2 101 15
7 3 8 2
7 5 2 27
7 6 196 1
7 8 77 1
7 9 345 3
7 11 1 8
7 13 195 1
7 14 1 21
7 15 149 9
7 16 106 5
7 19 1 1
7 20 2 22
7 23 7 1
7 24 2 17
7 25 20 2
8 0 9 5
8 1 20 10
8 2 371 1
8 3 65 6
8 5 5 4
8 6 13 24
8 7 1 23
8 9 40 16
8 10 20 7
8 11 2 15
8 12 16 5
8 15 136 2
8 16 120 29
8 17 28 2
8 19 172 2
8 20 175 2
8 23 9 16
8 24 9 20
8 25 218 3
8 26 6 15
9 0 15 1
9 1 337 1
9 2 166 1
9 3 1 29
9 4 313 1
9 5 49 1
9 6 237 1
9 10 57 14
9 11 1 23
9 12 8 10
9 14 31 2
9 16 94 1
9 18 68 2
9 22 72 1
10 1 1 12
10 2 341 1
10 4 105 1
10 5 90 1
10 6 259 1
10 7 91 25
10 8 20 27
10 9 180 1
10 11 344 1
10 12 114 1
10 13 1 4
10 14 142 1
10 15 1 18
10 17 99 3
10 18 1 16
10 19 23 4
10 22 188 24
10 23 199 3
10 24 218 1
10 25 197 24
10 26 5 11
11 0 57 6
11 1 1 28
11 2 3 18
11 3 133 1
11 5 2 8
11 6 1 4
11 7 13 15
11 8 2 9
11 9 1 7
11 10 71 1
11 12 217 1
11 13 33 1
11 14 355 1
11 15 61 1
11 17 189 14
11 18 34 2
11 19 95 27
11 20 80 1
11 22 5 15
11 24 1 1
11 26 54 26
11 27 164 20
12 1 231 1
12 2 1 28
12 4 5 9
12 5 5 2
12 7 218 3
12 8 1 1
12 9 440 1
12 10 1 25
12 11 113 3
12 13 50 21
12 18 75 9
12 21 74 2
12 22 62 2
12 24 1 5
13 3 24 14
13 4 1 2
13 6 125 1
13 8 2 15
13 9 7 1
13 10 264 1
13 12 1 2
13 21 2 6
13 22 9 26
14 4 6 15
14 5 5 24
14 7 1 8
14 8 236 1
14 9 1 22
14 10 5 1
14 12 2 13
14 13 2 4
14 20 2 27
15 4 1 23
15 5 4 7
15 7 327 1
15 8 2 14
15 10 166 1
15 14 1 19
15 18 2 12
15 20 48 2
15 25 2 6
16 0 10 8
16 1 271 24
16 3 68 17
16 4 1 22
16 5 353 29
16 8 10 18
16 9 1 7
16 10 13 2
16 11 1 2
16 17 71 1
16 18 171 1
16 22 7 5
16 24 9 21
17 0 2 3
17 1 249 1
17 2 3 18
17 3 1 16
17 4 237 1
17 5 18 20
17 6 223 2
17 7 221 1
17 9 97 10
17 14 1 19
17 16 9 2
17 18 14 27
17 19 110 2
17 21 63 13
17 23 7 10
17 24 68 3
18 0 1 25
18 1 5 4
18 4 2 11
18 7 22 1
18 8 1 2
18 9 48 1
18 12 2 8
18 13 39 20
18 14 1 28
18 15 9 6
18 16 1 14
18 17 96 1
19 0 4 1
19 1 136 1
19 4 65 2
19 6 95 1
19 7 1 18
19 8 1 12
19 10 48 1
19 16 32 2
20 0 177 1
20 1 19 4
20 2 114 1
20 3 58 1
20 7 1 17
20 8 2 18
20 10 4 17
20 19 60 1
20 21 1 16
21 4 1 13
21 5 3 11
21 7 3 13
21 8 3 7
21 9 7 19
21 10 4 16
21 12 5 29
21 13 1 20
22 5 3 5
22 7 27 14
22 9 6 11
22 10 5 26
22 11 1 15
22 13 2 9
22 24 18 24
23 5 18 28
23 9 85 3
23 18 34 6
23 22 1 14
23 25 1 1
24 0 10 23
24 1 174 11
24 3 10 4
24 5 10 21
24 7 2 14
24 8 10 25
24 10 120 2
24 11 60 28
24 12 25 1
24 16 33 22
25 0 107 1
25 3 34 3
25 7 2 11
25 8 53 10
25 9 1 5
25 10 248 2
25 11 251 1
25 12 8 13
25 14 1 22
25 19 18 3
26 3 1 25
26 6 43 8
26 8 2 24
26 27 1 28
27 4 2 21
27 6 1 1
27 7 5 13
27 8 1 12
27 12 2 19
27 14 2 3
27 17 77 1
27 25 2 16
27 26 6 9
