0 1 166 1
0 2 12 27
0 3 70 1
0 4 14 7
0 5 22 1
0 6 1 17
0 8 39 1
0 10 304 15
0 12 4 22
0 13 20 1
0 16 82 1
0 18 17 29
0 19 1 22
0 21 2 10
0 24 134 1
1 0 225 6
1 2 291 1
1 3 42 1
1 4 22 1
1 5 43 1
1 6 293 1
1 7 4 7
1 8 202 1
1 9 214 1
1 10 41 1
1 13 1 20
1 14 1 5
1 16 37 1
1 17 3 13
1 18 1 22
1 20 1 12
1 21 2 27
1 24 130 1
1 26 1 21
2 0 126 1
2 1 264 1
2 4 29 1
2 5 10 1
2 6 2 26
2 7 87 1
2 8 33 20
2 10 91 1
2 11 14 1
2 17 3 1
2 20 73 2
2 21 12 17
2 25 1 23
3 0 31 1
3 1 110 5
3 2 1 11
3 5 12 3
3 6 297 2
3 7 3 8
3 8 36 1
3 10 2 12
3 11 1 1
3 16 1 8
3 17 2 10
3 20 132 1
3 24 1 27
3 25 10 22
4 0 2 16
4 1 95 1
4 3 223 1
4 5 282 1
4 6 70 1
4 7 182 1
4 8 85 1
4 9 244 1
4 10 4 2
4 12 10 3
4 16 109 5
4 17 30 1
4 18 116 1
4 20 16 4
4 23 13 8
4 24 1 20
4 27 21 3
5 0 59 1
5 1 201 1
5 2 2 26
5 3 98 1
5 4 143 1
5 6 222 9
5 7 1 5
5 8 117 1
5 9 67 1
5 10 11 5
5 11 3 19
5 16 17 1
5 17 175 2
5 20 1 28
5 24 36 1
6 1 71 16
6 2 29 1
6 4 9 1
6 5 12 2
6 7 6 6
6 8 29 28
6 9 133 1
6 10 168 18
6 11 1 8
6 13 5 1
6 14 97 1
6 17 5 2
6 18 1 9
6 20 19 29
6 26 2 12
7 0 9 9
7 1 19 1
7 2 4 22
7 3 1 29
7 4 35 10
7 6 27 2
7 8 124 1
7 9 335 1
7 10 1 29
7 11 288 1
7 13 180 2
7 14 2 7
7 15 34 21
7 20 1 5
8 0 35 1
8 1 50 1
8 2 196 1
8 3 201 1
8 4 185 1
8 5 43 1
8 6 75 18
8 7 4 3
8 9 2 7
8 10 125 26
8 11 1 17
8 12 265 15
8 13 173 1
8 15 105 2
8 16 32 1
8 17 11 4
8 20 146 1
8 23 1 15
8 24 101 1
8 25 201 1
9 1 287 1
9 3 28 11
9 4 184 1
9 5 3 2
9 6 284 1
9 7 1 14
9 8 4 24
9 10 71 4
9 11 1 20
9 12 2 25
9 13 1 26
9 16 85 2
9 18 49 1
9 20 1 18
9 21 87 1
9 22 64 1
9 23 1 14
9 24 47 1
10 0 148 1
10 1 5 12
10 2 295 1
10 4 63 2
10 5 31 1
10 6 22 1
10 7 2 2
10 8 8 11
10 9 158 1
10 11 228 1
10 12 68 1
10 13 18 26
10 14 18 1
10 15 1 18
10 16 19 3
10 17 78 3
10 21 1 9
10 23 185 1
10 24 198 3
10 25 1 25
10 26 4 19
11 1 3 24
11 2 14 23
11 3 69 1
11 5 1 1
11 6 6 11
11 7 12 24
11 8 2 3
11 9 4 26
11 10 11 1
11 12 199 1
11 13 13 1
11 14 293 1
11 15 299 1
11 16 2 17
11 22 11 24
11 24 403 1
11 25 7 2
11 26 1 19
11 27 2 3
12 3 56 5
12 4 2 27
12 7 204 2
12 8 1 24
12 9 40 1
12 10 2 18
12 13 54 29
12 14 7 22
12 21 58 1
12 22 44 2
12 24 8 20
13 3 21 6
13 4 2 12
13 9 1 4
13 10 203 1
13 12 5 13
13 16 15 12
13 21 3 24
13 22 2 3
14 0 1 6
14 3 63 2
14 4 16 26
14 5 33 10
14 7 13 25
14 8 174 1
14 9 10 28
14 10 1 17
14 11 1 29
14 12 5 2
14 13 1 8
14 15 3 19
14 20 78 21
15 4 1 12
15 7 241 1
15 8 1 8
15 9 121 19
15 10 100 1
15 11 4 12
15 14 10 1
15 18 1 22
15 23 24 2
15 24 1 11
16 0 87 1
16 1 89 1
16 3 48 1
16 4 25 19
16 5 139 1
16 7 35 1
16 8 42 1
16 9 3 9
16 10 6 6
16 13 9 11
16 17 20 1
16 18 96 1
16 19 2 1
16 24 60 1
16 26 1 29
17 1 146 1
17 2 1 15
17 4 188 1
17 5 1 27
17 6 175 1
17 7 197 1
17 8 1 23
17 10 263 4
17 11 88 3
17 16 193 1
17 18 23 29
17 24 1 7
17 27 71 1
18 0 2 23
18 1 7 26
18 2 37 1
18 4 27 18
18 5 2 25
18 6 2 3
18 8 17 5
18 12 4 18
18 14 1 22
18 16 68 3
18 17 71 2
18 19 1 13
18 20 100 7
19 0 2 20
19 1 103 1
19 3 1 18
19 11 1 1
19 17 11 21
19 20 5 19
19 26 16 13
20 0 120 1
20 2 87 2
20 4 1 14
20 7 4 5
20 8 2 15
20 10 3 13
20 11 243 2
20 17 201 6
20 18 2 15
20 19 1 1
20 22 17 1
21 2 11 9
21 4 3 7
21 12 26 8
22 4 3 20
22 8 2 29
22 10 2 18
22 11 1 5
22 12 121 2
22 21 1 27
22 26 2 29
23 2 9 18
23 8 1 5
23 11 273 1
23 12 1 11
23 15 40 1
23 21 3 8
23 22 7 29
24 0 63 1
24 1 56 1
24 3 37 1
24 5 4 25
24 7 1 4
24 8 160 1
24 9 13 3
24 10 94 1
24 11 2 19
24 16 52 1
24 21 1 18
24 23 1 12
24 26 75 2
24 27 31 1
25 2 2 25
25 6 54 5
25 11 34 1
25 14 15 14
25 16 1 28
25 22 2 7
25 26 4 3
25 27 1 28
26 2 23 1
26 3 27 11
26 7 19 7
26 8 5 17
26 10 90 4
26 14 26 9
26 15 31 28
26 23 28 2
26 27 1 9
27 4 1 17
27 6 1 1
27 7 31 21
27 11 192 1
27 12 62 4
27 14 1 28
27 16 9 18
27 19 4 26
27 20 20 2
27 22 1 21
27 25 2 23
27 26 7 6
