0 1 4 25
0 2 11 22
0 3 11 27
0 4 22 1
0 5 222 23
0 8 2 5
0 9 1 29
0 12 4 23
0 16 56 14
0 17 1 28
0 18 1 21
0 19 2 26
0 20 2 1
0 21 5 25
0 22 8 4
0 24 90 16
0 26 2 23
1 0 73 1
1 2 258 1
1 4 73 1
1 5 16 25
1 6 142 1
1 7 12 28
1 8 198 1
1 9 204 1
1 10 31 1
1 11 1 10
1 12 148 2
1 13 13 10
1 14 1 7
1 16 5 1
1 17 3 3
1 23 1 6
1 24 83 3
1 27 4 14
2 0 114 1
2 1 211 1
2 3 58 1
2 4 25 9
2 6 5 13
2 7 74 1
2 8 21 27
2 10 81 1
2 12 12 23
2 14 47 2
2 16 1 13
2 17 1 2
2 19 1 10
2 26 21 20
3 0 1 3
3 1 79 1
3 2 12 21
3 4 1 25
3 5 17 4
3 6 25 1
3 7 13 6
3 8 1 26
3 10 3 6
3 12 4 7
3 14 48 2
3 16 19 1
3 17 1 15
3 19 57 2
3 20 124 1
3 24 20 7
4 0 6 5
4 1 94 1
4 2 1 19
4 3 217 1
4 5 245 1
4 6 41 1
4 7 175 1
4 8 31 1
4 9 239 1
4 10 1 26
4 13 2 25
4 18 101 1
4 20 15 1
5 1 148 8
5 2 2 7
5 3 39 14
5 4 114 1
5 6 233 8
5 7 1 20
5 8 36 1
5 9 34 1
5 10 2 20
5 11 11 5
5 12 3 22
5 13 2 5
5 14 1 29
5 16 97 23
5 17 172 1
5 18 1 13
5 25 32 1
6 0 3 20
6 1 385 3
6 2 21 1
6 4 4 1
6 5 32 24
6 7 6 22
6 8 111 1
6 9 102 1
6 10 51 1
6 11 26 10
6 13 2 8
6 15 2 2
6 17 1 16
6 18 9 24
6 19 7 3
6 20 1 9
6 21 1 17
7 0 30 13
7 1 419 1
7 2 47 10
7 3 2 4
7 4 3 14
7 5 339 1
7 6 12 1
7 8 97 1
7 9 331 1
7 10 1 23
7 11 143 1
7 12 3 28
7 14 1 17
7 15 42 24
7 19 1 10
7 20 34 20
7 22 4 3
7 23 10 15
7 24 1 6
8 0 34 1
8 2 290 1
8 3 134 1
8 4 338 1
8 5 82 1
8 6 24 25
8 7 4 25
8 9 2 29
8 10 319 8
8 11 70 11
8 12 5 14
8 13 169 1
8 15 100 1
8 16 45 1
8 17 9 1
8 18 232 9
8 20 141 1
8 22 107 1
8 23 2 19
8 24 4 1
8 25 197 1
8 26 2 10
8 27 159 12
9 1 277 1
9 2 142 2
9 4 168 1
9 5 6 8
9 6 31 1
9 7 3 24
9 8 1 29
9 10 12 24
9 11 5 27
9 12 2 10
9 15 118 3
9 16 83 2
9 17 183 1
9 18 46 2
9 21 86 1
9 23 27 26
9 26 28 1
10 0 143 1
10 1 3 20
10 2 284 1
10 3 19 4
10 4 57 1
10 5 24 1
10 6 186 1
10 7 4 8
10 8 73 3
10 9 303 1
10 11 203 1
10 12 61 1
10 13 3 27
10 14 8 1
10 15 12 17
10 18 2 2
10 19 15 8
10 21 4 23
10 22 8 14
10 24 195 1
10 27 177 3
11 0 1 9
11 1 3 24
11 2 1 29
11 3 59 1
11 5 6 12
11 6 3 11
11 7 11 11
11 8 2 9
11 9 1 6
11 10 2 6
11 12 195 1
11 13 10 2
11 14 276 1
11 15 216 1
11 17 1 29
11 19 28 15
11 22 15 7
11 23 2 15
11 24 393 1
11 25 3 6
11 26 15 12
11 27 2 8
12 0 1 8
12 1 214 2
12 6 323 2
12 7 202 1
12 8 10 5
12 9 24 1
12 10 245 20
12 11 88 1
12 13 4 5
12 14 1 3
12 18 10 13
12 22 41 3
13 6 107 2
13 9 1 13
13 10 192 1
13 12 3 27
13 14 5 27
14 1 78 2
14 2 3 7
14 6 1 1
14 7 1 6
14 8 164 1
14 9 1 11
14 10 2 15
14 11 1 24
14 13 26 21
14 15 3 17
14 26 12 1
15 0 36 2
15 4 27 11
15 7 225 1
15 10 90 1
15 11 40 26
15 12 5 2
15 13 5 21
15 14 1 2
15 19 1 29
15 23 22 1
15 24 4 5
16 0 31 20
16 1 27 7
16 3 50 24
16 4 187 29
16 5 83 2
16 6 175 27
16 8 17 28
16 9 3 11
16 10 2 29
16 18 85 1
16 21 19 2
16 24 2 1
17 1 119 1
17 2 1 22
17 4 180 1
17 6 167 1
17 7 193 1
17 11 85 2
17 12 1 11
17 15 8 3
17 16 224 1
17 20 1 24
17 24 3 21
17 25 3 1
18 0 2 6
18 1 1 29
18 4 1 28
18 7 13 1
18 8 35 24
18 10 179 1
18 12 1 5
18 17 67 2
18 20 100 1
18 25 41 2
18 27 3 14
19 0 2 3
19 1 97 1
19 3 15 16
19 6 78 3
19 7 9 15
19 10 38 2
19 15 3 4
19 20 3 22
19 24 21 2
20 0 111 1
20 2 83 1
20 3 22 1
20 8 4 2
20 12 79 1
20 21 1 25
20 24 42 3
20 25 83 1
21 2 11 2
21 4 3 11
21 6 81 1
21 7 114 19
21 8 1 24
21 10 1 16
21 11 1 7
21 12 2 10
21 13 1 14
21 26 1 5
22 3 4 15
22 5 4 4
22 7 1 2
22 9 29 19
22 10 1 17
22 11 1 20
22 15 8 14
22 21 1 27
22 26 1 25
22 27 17 4
23 10 2 23
23 11 267 2
23 12 35 11
23 14 33 1
23 15 39 2
23 21 4 2
23 22 1 27
24 0 115 22
24 1 51 12
24 5 9 3
24 7 1 12
24 8 87 1
24 11 116 21
24 14 2 28
24 20 1 26
25 0 96 1
25 3 24 7
25 6 1 3
25 7 30 1
25 9 31 10
25 10 217 1
25 11 105 1
25 16 45 21
25 20 22 1
25 26 3 2
25 27 1 28
26 1 39 2
26 5 3 8
26 10 89 3
26 14 27 15
26 17 2 22
26 24 45 3
26 27 2 9
27 0 11 15
27 6 17 25
27 10 1 11
27 11 186 1
27 13 2 25
27 20 20 4
27 23 3 23
27 25 21 15
27 26 1 6
