0 1 15 20
0 2 1 26
0 3 29 15
0 4 300 1
0 5 13 22
0 6 12 12
0 7 141 1
0 8 14 12
0 9 10 25
0 10 288 2
0 11 13 1
0 12 15 21
0 16 13 24
0 17 12 1
0 19 75 24
0 21 1 18
0 24 12 29
0 25 1 16
0 27 85 6
1 0 219 15
1 2 16 1
1 3 15 29
1 4 3 8
1 5 12 27
1 6 10 1
1 7 374 1
1 8 12 26
1 9 77 1
1 10 109 1
1 11 50 1
1 16 12 23
1 17 59 22
1 18 2 6
1 19 2 28
1 20 9 12
1 24 13 11
1 25 11 27
1 26 1 29
1 27 94 18
2 1 5 22
2 3 15 20
2 4 217 1
2 8 212 1
2 9 2 24
2 11 271 1
2 13 1 26
2 16 3 7
2 17 2 1
2 20 20 1
2 21 1 12
2 25 3 6
3 0 16 11
3 1 14 10
3 2 1 28
3 5 47 7
3 6 215 1
3 7 305 1
3 8 14 5
3 9 5 24
3 10 11 13
3 11 3 9
3 13 1 14
3 16 13 11
3 17 1 6
3 19 32 1
3 22 2 9
3 23 1 3
3 24 18 25
3 27 1 3
4 0 170 5
4 3 137 1
4 5 80 1
4 6 32 1
4 9 98 1
4 10 4 27
4 12 245 1
4 13 1 8
4 17 7 2
4 19 61 1
4 25 2 19
5 0 21 17
5 1 18 15
5 3 19 18
5 4 3 4
5 6 14 1
5 7 10 12
5 8 29 3
5 9 50 22
5 10 26 3
5 11 1 10
5 12 202 1
5 16 13 28
5 17 126 1
5 18 1 28
5 24 13 5
5 25 23 1
6 0 33 1
6 1 94 1
6 2 4 20
6 3 1 2
6 4 6 23
6 5 308 7
6 5 240 1
6 7 298 1
6 8 21 6
6 9 6 12
6 10 240 1
6 11 17 6
6 12 14 13
6 14 30 1
6 15 4 1
6 17 4 15
6 20 131 27
6 27 113 13
7 0 1 12
7 1 299 1
7 2 334 1
7 3 151 1
7 4 6 5
7 5 241 1
7 6 205 1
7 8 60 1
7 9 263 1
7 10 2 19
7 11 6 4
7 13 131 2
7 14 1 10
7 15 3 18
7 19 186 4
7 23 1 15
7 25 5 8
7 26 161 2
8 0 108 7
8 1 15 14
8 2 2 27
8 3 10 23
8 4 276 1
8 5 16 16
8 6 77 1
8 7 183 26
8 9 186 1
8 10 349 1
8 11 346 28
8 13 103 2
8 14 4 3
8 16 20 4
8 18 236 1
8 20 78 1
8 24 12 19
8 25 142 2
8 26 1 5
9 1 143 1
9 2 87 1
9 3 1 13
9 4 54 1
9 5 125 15
9 6 8 1
9 8 6 4
9 10 268 2
9 11 1 18
9 13 1 2
9 17 135 2
9 20 1 27
9 21 70 5
9 23 37 19
9 26 19 4
10 0 75 1
10 2 121 1
10 4 3 3
10 5 1 15
10 6 17 1
10 7 211 16
10 8 299 1
10 9 46 1
10 11 13 1
10 13 2 17
10 14 4 10
10 15 7 12
10 17 34 1
10 18 4 11
10 20 1 6
10 21 1 6
10 24 137 1
10 25 268 2
10 26 1 17
11 0 4 15
11 1 2 1
11 2 3 29
11 4 1 2
11 5 3 24
11 6 372 12
11 7 172 1
11 8 135 10
11 9 344 2
11 10 2 27
11 12 145 2
11 13 1 22
11 14 71 1
11 15 1 15
11 16 3 24
11 20 20 1
11 23 6 10
11 24 222 1
11 25 255 7
11 26 2 13
12 0 148 14
12 2 95 17
12 4 19 16
12 5 1 9
12 6 252 1
12 8 4 12
12 9 193 1
12 13 57 1
12 24 1 14
13 4 8 23
13 5 1 1
13 7 2 10
13 8 1 5
13 10 57 1
13 12 1 29
13 16 1 18
13 17 2 3
13 20 1 18
14 0 4 7
14 1 46 1
14 2 48 1
14 4 17 14
14 7 1 21
14 8 41 1
14 9 13 2
14 10 17 13
14 11 4 13
14 12 2 7
14 13 39 1
14 17 47 1
15 0 15 2
15 3 31 1
15 4 1 8
15 5 14 1
15 7 44 1
15 8 1 19
15 11 3 24
15 14 46 1
15 19 8 8
15 25 9 14
16 0 13 17
16 1 12 18
16 3 13 18
16 4 211 3
16 5 19 12
16 8 27 28
16 10 2 21
16 14 4 16
16 17 1 13
16 22 3 1
16 24 21 10
16 26 3 24
17 0 2 5
17 1 23 1
17 2 1 22
17 4 76 1
17 5 186 1
17 7 133 2
17 9 1 14
17 10 222 1
17 13 2 26
17 14 2 28
17 15 87 26
17 16 125 1
17 19 68 1
17 20 2 25
18 0 4 11
18 1 1 26
18 4 430 1
18 5 2 12
18 6 4 16
18 8 3 13
18 15 1 4
18 16 62 1
18 19 1 1
18 25 36 3
19 0 26 16
19 2 30 1
19 3 7 29
19 6 45 3
19 7 5 1
19 8 1 18
19 10 19 6
19 11 2 6
19 20 4 1
20 0 18 3
20 4 3 15
20 7 8 3
20 12 64 1
20 16 85 1
20 19 31 17
20 23 1 2
20 24 29 1
21 8 93 23
21 12 37 20
21 15 1 18
22 0 4 12
22 1 10 1
22 10 8 14
22 11 1 16
22 13 9 7
22 15 7 3
23 3 1 8
23 4 1 21
23 6 22 1
23 8 4 27
23 10 1 21
23 11 167 1
23 14 26 2
23 17 2 18
23 18 30 1
23 22 1 24
23 24 29 4
24 0 12 3
24 1 22 6
24 3 17 2
24 5 42 1
24 6 4 3
24 7 5 5
24 8 44 1
24 9 2 8
24 14 44 5
24 15 1 22
24 16 13 20
24 20 4 22
24 22 2 27
24 26 53 5
24 27 19 9
25 1 33 2
25 2 1 1
25 6 85 14
25 7 300 1
25 8 6 6
25 10 138 1
25 11 3 4
25 15 3 1
25 16 1 25
26 0 3 20
26 5 1 14
26 6 26 1
26 14 1 15
26 17 1 14
26 18 40 6
26 25 1 18
26 27 16 1
27 0 32 2
27 6 1 16
27 8 1 29
27 11 97 1
27 12 2 28
27 15 8 13
27 26 6 10
