0 1 369 10
0 2 10 9
0 3 18 16
0 4 296 1
0 5 114 4
0 6 3 13
0 7 138 1
0 8 39 28
0 9 2 4
0 10 287 1
0 12 16 3
0 16 16 12
0 17 15 1
0 20 335 1
0 23 21 4
0 24 40 24
0 26 1 4
1 0 63 23
1 2 11 1
1 3 18 24
1 4 13 6
1 5 15 22
1 6 7 1
1 7 77 2
1 8 16 26
1 10 106 1
1 11 50 1
1 12 96 1
1 14 1 7
1 15 112 5
1 16 15 5
1 17 11 10
1 18 1 8
1 20 7 28
1 24 40 20
1 25 2 14
1 27 2 11
2 1 21 8
2 3 7 28
2 4 214 1
2 6 13 3
2 8 4 19
2 9 5 22
2 11 269 1
2 12 10 9
2 17 1 13
2 20 19 4
3 0 19 1
3 1 26 20
3 2 1 25
3 4 1 27
3 5 16 7
3 6 212 1
3 7 293 1
3 8 17 21
3 9 3 10
3 10 71 1
3 11 8 1
3 12 92 6
3 16 16 3
3 17 1 24
3 20 32 1
3 23 1 3
3 24 15 18
3 27 1 25
4 1 1 28
4 3 135 1
4 5 72 1
4 6 28 1
4 8 1 1
4 9 93 1
4 10 1 3
4 11 253 1
4 13 94 4
4 16 1 1
4 17 5 2
4 19 60 1
4 22 1 15
4 24 4 25
5 0 30 23
5 1 38 18
5 2 1 1
5 3 16 3
5 4 4 13
5 6 4 1
5 7 5 22
5 8 49 9
5 9 70 4
5 10 144 24
5 11 3 21
5 12 200 1
5 16 16 9
5 17 125 2
5 20 1 10
5 21 34 5
5 22 10 1
5 24 15 16
6 0 2 1
6 1 90 13
6 2 1 13
6 3 1 8
6 4 5 12
6 5 179 8
6 7 293 1
6 8 222 20
6 9 11 15
6 10 230 1
6 11 1 6
6 12 17 2
6 13 83 22
6 15 2 18
6 16 2 16
6 17 1 11
6 18 29 9
6 21 1 29
6 23 3 6
6 25 151 4
7 0 20 10
7 1 295 1
7 2 331 28
7 3 139 1
7 4 1 10
7 5 238 1
7 6 197 1
7 8 52 1
7 9 261 1
7 10 7 18
7 11 6 4
7 12 235 5
7 13 130 1
7 15 73 21
7 18 1 1
7 21 14 6
7 22 151 2
7 23 12 12
7 24 2 7
7 25 1 20
8 0 15 23
8 1 18 22
8 2 2 14
8 3 18 23
8 4 271 1
8 5 50 22
8 6 228 1
8 7 90 28
8 9 180 16
8 10 323 5
8 11 138 1
8 13 102 1
8 14 6 8
8 15 36 3
8 16 16 4
8 21 31 2
8 24 16 10
8 26 1 16
9 1 140 1
9 2 85 1
9 3 78 14
9 4 48 1
9 5 85 15
9 6 5 1
9 8 8 16
9 10 364 1
9 11 145 22
9 12 2 1
9 14 1 4
9 15 78 2
9 16 60 4
9 17 134 1
9 19 94 8
10 2 117 1
10 3 17 1
10 4 2 6
10 5 6 22
10 6 13 1
10 7 163 14
10 8 337 1
10 9 35 10
10 11 7 1
10 12 2 1
10 13 1 22
10 14 51 14
10 15 3 2
10 16 7 1
10 18 1 8
10 20 1 13
10 21 24 7
10 22 213 2
10 24 136 1
10 25 267 3
10 26 30 29
11 0 3 4
11 1 2 17
11 2 1 14
11 5 1 14
11 6 2 18
11 7 133 22
11 8 73 17
11 10 2 29
11 12 144 1
11 13 2 1
11 14 67 1
11 15 2 10
11 17 1 10
11 19 19 28
11 22 1 17
11 23 4 8
11 24 216 1
11 25 177 28
11 26 3 17
11 27 201 18
12 1 169 1
12 4 1 28
12 6 249 1
12 7 160 1
12 8 1 6
12 9 186 1
12 13 54 1
12 14 1 13
12 18 10 10
13 3 14 2
13 4 1 2
13 8 88 29
13 9 1 12
13 10 54 2
13 11 1 18
13 12 1 27
13 14 52 17
13 17 2 2
13 18 1 2
13 24 2 18
13 25 18 3
14 3 52 2
14 4 4 29
14 5 58 23
14 6 1 25
14 7 25 16
14 8 39 1
14 9 1 8
14 10 8 9
14 11 29 16
14 15 1 3
14 18 4 5
14 25 41 6
14 26 7 17
15 0 14 2
15 1 114 2
15 7 41 1
15 8 56 9
15 9 1 12
15 11 31 13
15 13 16 2
15 19 2 29
15 20 24 2
16 0 28 6
16 1 16 25
16 2 69 1
16 3 16 27
16 4 211 1
16 5 16 22
16 7 17 1
16 8 31 12
16 9 22 12
16 13 2 26
16 17 1 6
16 24 27 25
17 0 1 13
17 1 20 1
17 2 2 25
17 6 64 2
17 9 1 20
17 10 221 1
17 12 4 5
17 14 10 26
17 16 119 1
17 18 14 1
18 0 1 17
18 1 1 28
18 2 16 1
18 3 1 18
18 4 428 1
18 5 38 2
18 8 2 8
18 12 1 28
18 14 11 16
18 15 1 21
18 16 58 1
18 17 21 2
18 19 6 29
18 25 35 13
19 0 1 8
19 1 30 3
19 4 20 4
19 6 45 1
19 8 1 12
19 20 2 2
20 0 17 1
20 2 28 3
20 7 9 3
20 8 17 27
20 11 193 1
20 17 191 2
20 18 1 26
20 19 114 21
21 4 1 17
21 7 111 1
21 9 26 10
21 12 20 7
21 13 2 2
21 20 50 24
22 6 112 6
22 9 2 25
22 10 194 2
22 11 34 1
22 15 7 9
22 21 1 3
22 23 28 1
23 4 1 27
23 6 21 4
23 10 19 13
23 11 164 1
23 12 6 11
23 19 4 27
23 20 1 27
23 21 1 2
24 0 28 17
24 1 31 29
24 3 16 3
24 4 1 2
24 5 15 11
24 6 4 4
24 7 24 23
24 8 18 15
24 10 36 1
24 15 1 1
24 16 24 21
24 25 51 2
25 0 71 3
25 1 33 3
25 4 2 16
25 7 296 1
25 9 1 17
25 10 136 1
25 11 4 29
25 14 2 19
25 20 50 15
25 24 46 1
26 5 28 18
26 6 25 9
26 10 67 4
26 20 61 2
26 27 68 1
27 4 3 10
27 5 35 3
27 7 5 9
27 10 7 14
27 11 95 1
27 19 1 19
27 22 5 24
27 25 1 28
27 26 1 3
