0 1 48 23
0 2 97 16
0 3 41 27
0 4 274 1
0 5 94 1
0 6 3 23
0 7 323 1
0 8 22 17
0 9 1 7
0 10 279 2
0 12 18 17
0 16 64 10
0 17 46 1
0 18 7 4
0 19 94 25
0 20 15 1
0 22 51 27
0 24 22 1
0 27 83 8
1 0 17 8
1 3 43 1
1 4 13 4
1 5 20 3
1 7 62 13
1 8 41 9
1 9 59 2
1 10 90 1
1 11 317 3
1 12 88 1
1 13 1 14
1 14 1 3
1 16 43 25
1 17 3 14
1 18 44 17
1 19 1 10
1 20 1 20
1 21 2 3
1 24 155 22
1 25 1 6
1 26 2 26
2 1 71 28
2 3 18 25
2 4 196 1
2 6 259 11
2 7 1 4
2 8 109 9
2 9 8 27
2 11 258 1
2 12 10 1
2 17 2 19
2 20 14 4
2 21 1 6
2 25 4 5
3 0 90 5
3 1 23 9
3 2 4 4
3 4 1 2
3 5 48 20
3 6 192 1
3 7 113 1
3 8 22 12
3 9 7 29
3 10 3 1
3 11 14 26
3 12 3 12
3 16 30 6
3 17 27 20
3 21 3 6
3 24 151 24
4 0 1 14
4 1 3 1
4 2 112 1
4 5 33 1
4 6 10 1
4 9 66 1
4 10 66 1
4 12 234 2
4 14 2 5
4 16 1 11
4 17 322 2
4 22 1 16
4 23 2 14
5 0 22 16
5 1 161 8
5 2 101 2
5 3 21 21
5 4 6 1
5 6 12 7
5 7 1 24
5 8 26 3
5 9 18 29
5 10 2 10
5 11 22 17
5 12 188 2
5 13 18 11
5 16 21 28
5 17 118 1
5 24 22 16
6 0 345 1
6 1 80 1
6 2 2 15
6 3 19 5
6 4 3 4
6 5 221 1
6 7 288 1
6 8 13 15
6 9 11 12
6 10 186 1
6 11 93 1
6 12 2 19
6 13 5 18
6 15 41 3
6 16 184 1
6 17 8 3
6 18 3 21
6 20 2 3
6 22 20 7
6 23 1 28
6 24 1 25
6 26 1 26
7 0 2 1
7 1 272 1
7 2 8 1
7 3 339 1
7 5 220 1
7 6 20 1
7 8 16 1
7 10 13 12
7 11 8 23
7 14 2 6
7 16 68 3
7 20 307 1
7 23 2 19
7 24 3 7
7 25 1 12
7 27 225 2
8 0 45 10
8 1 31 29
8 2 4 22
8 3 19 5
8 4 258 1
8 5 53 29
8 6 108 1
8 7 4 15
8 9 317 1
8 10 216 1
8 11 156 1
8 14 1 3
8 15 29 2
8 16 53 21
8 18 229 2
8 19 2 3
8 20 68 2
8 22 67 2
8 23 156 12
8 24 39 6
9 1 121 1
9 3 2 8
9 4 128 1
9 5 80 1
9 8 2 1
9 10 155 1
9 11 11 3
9 12 6 5
9 13 2 16
9 14 1 19
9 16 57 1
9 17 126 3
9 19 94 26
9 20 1 29
9 21 68 1
9 22 39 5
9 23 1 23
9 25 3 29
10 2 95 1
10 3 311 1
10 5 1 24
10 6 4 1
10 7 166 23
10 8 97 24
10 9 12 1
10 11 23 1
10 13 4 26
10 14 93 16
10 15 2 9
10 18 181 10
10 21 16 5
10 22 208 4
10 23 126 2
10 24 127 1
10 25 261 2
10 26 5 10
10 27 151 1
11 0 2 6
11 1 2 22
11 2 1 20
11 4 275 4
11 5 136 4
11 6 2 26
11 7 172 1
11 8 86 11
11 9 59 25
11 10 3 13
11 12 136 1
11 13 1 4
11 14 46 1
11 15 4 25
11 17 2 16
11 18 9 1
11 22 1 25
11 23 36 14
11 24 181 1
11 25 18 25
11 26 3 21
11 27 201 1
12 4 11 24
12 5 1 1
12 6 233 1
12 7 154 2
12 8 18 2
12 9 146 1
12 11 37 2
12 13 134 1
12 20 1 14
12 21 17 2
12 24 37 7
13 4 1 12
13 7 1 25
13 8 2 23
13 10 40 1
13 11 32 26
13 12 1 18
13 14 1 13
13 15 21 5
13 21 15 9
13 24 2 2
14 1 40 1
14 4 8 9
14 6 110 24
14 7 1 10
14 9 1 21
14 10 214 18
14 11 4 25
14 12 46 2
14 13 36 1
14 15 58 1
14 26 7 1
15 0 12 1
15 1 110 2
15 3 27 1
15 5 14 19
15 6 1 24
15 7 24 1
15 11 42 2
15 14 40 1
15 18 35 9
15 24 53 15
16 0 43 26
16 1 90 21
16 3 98 16
16 5 29 22
16 7 15 1
16 8 120 8
16 10 5 29
16 11 7 25
16 14 1 28
16 17 14 14
16 24 21 14
16 25 44 29
16 26 1 20
17 0 13 14
17 2 7 17
17 3 238 1
17 4 61 1
17 5 14 6
17 7 123 1
17 9 1 12
17 11 43 1
17 14 2 3
17 15 1 11
17 16 58 1
17 18 12 2
17 22 3 13
17 23 1 1
18 0 2 27
18 1 10 22
18 2 13 2
18 3 1 5
18 4 413 1
18 5 1 4
18 6 6 25
18 10 138 2
18 16 182 1
18 17 16 4
19 0 6 19
19 1 23 1
19 2 27 5
19 6 40 4
19 10 17 2
19 11 97 4
19 13 7 7
19 17 3 1
19 20 1 16
19 23 1 6
19 25 2 3
19 27 1 28
20 0 10 1
20 2 22 1
20 3 1 27
20 8 5 12
20 11 185 2
20 19 8 8
20 27 1 22
21 6 65 3
21 11 3 8
21 12 3 24
22 0 4 2
22 5 25 1
22 7 161 1
22 8 1 5
22 13 2 1
22 21 2 11
23 4 1 16
23 10 2 22
23 12 2 11
23 17 2 9
23 20 1 27
23 24 24 1
24 0 22 12
24 1 95 7
24 3 22 14
24 5 135 11
24 7 2 4
24 8 22 4
24 10 29 2
24 11 198 2
24 13 17 2
24 15 1 3
24 16 22 29
24 17 3 17
24 18 39 9
24 25 49 1
25 0 67 2
25 2 9 15
25 3 6 10
25 7 274 1
25 11 19 9
25 14 30 18
25 15 1 26
25 20 8 22
26 1 27 5
26 5 28 26
26 12 17 4
26 13 1 5
26 24 17 1
27 0 2 21
27 6 1 5
27 7 2 18
27 9 16 1
27 10 128 12
27 11 83 1
27 14 3 20
27 17 65 2
27 20 11 1
