0 1 106 3
0 2 8 14
0 3 94 6
0 4 265 1
0 5 18 8
0 6 1 15
0 7 315 1
0 8 39 3
0 9 2 10
0 11 344 1
0 12 1 20
0 16 17 26
0 19 2 4
0 20 9 1
0 24 114 3
1 0 14 13
1 2 1 12
1 3 19 17
1 4 4 19
1 5 36 9
1 7 366 1
1 8 17 3
1 9 54 1
1 10 84 1
1 12 85 2
1 13 1 25
1 15 108 1
1 16 72 27
1 17 4 10
1 18 12 5
1 19 12 4
1 20 21 1
1 24 38 15
1 26 3 22
2 1 6 27
2 3 6 18
2 4 189 1
2 6 7 1
2 7 2 3
2 8 44 1
2 9 5 8
2 11 253 2
2 16 9 4
2 17 1 6
2 19 1 28
2 21 12 12
3 0 20 4
3 1 19 15
3 2 22 9
3 4 1 23
3 5 55 19
3 6 185 1
3 7 84 1
3 8 36 8
3 10 7 10
3 11 24 29
3 13 14 2
3 16 49 12
3 17 5 9
3 19 27 1
3 24 51 20
3 26 37 17
3 27 1 20
4 0 296 22
4 1 2 26
4 2 179 29
4 5 21 1
4 6 5 1
4 7 72 2
4 9 57 1
4 10 1 8
4 11 252 1
4 14 18 6
4 16 1 22
4 17 317 1
4 18 1 18
4 19 53 1
4 24 3 4
4 27 10 11
5 0 17 12
5 1 36 4
5 3 40 25
5 4 4 18
5 6 24 13
5 7 1 28
5 8 99 4
5 9 5 9
5 10 2 11
5 11 3 17
5 12 184 1
5 16 90 1
5 18 12 18
5 20 1 21
5 24 17 7
5 26 28 1
5 27 7 2
6 0 338 1
6 1 393 1
6 2 11 11
6 3 1 5
6 4 3 24
6 5 32 1
6 7 274 1
6 8 439 20
6 9 4 7
6 10 166 1
6 11 1 9
6 12 31 27
6 21 9 21
6 22 19 6
6 23 34 9
6 25 147 1
7 0 355 6
7 1 263 1
7 2 69 1
7 3 107 1
7 4 1 26
7 5 212 1
7 6 182 1
7 8 8 1
7 9 241 1
7 10 30 23
7 11 9 23
7 12 230 5
7 14 1 24
7 20 334 1
7 22 147 1
7 24 5 1
7 25 5 23
8 0 16 14
8 1 180 29
8 2 3 15
8 3 36 15
8 4 246 1
8 5 22 17
8 6 321 1
8 7 20 10
8 9 302 1
8 10 168 1
8 11 345 1
8 13 88 2
8 14 1 15
8 15 27 1
8 16 105 23
8 17 2 6
8 18 227 2
8 19 167 5
8 20 65 2
8 24 17 7
8 25 128 1
8 26 16 28
9 0 4 14
9 1 114 1
9 2 74 1
9 4 116 7
9 5 110 1
9 6 1 9
9 7 3 24
9 8 53 22
9 10 9 1
9 11 13 23
9 12 207 1
9 14 5 19
9 15 69 1
9 16 55 1
9 17 124 1
9 19 1 19
9 20 6 17
9 21 67 1
9 23 9 8
10 1 1 5
10 2 87 1
10 3 12 3
10 5 15 29
10 6 1 2
10 7 1 25
10 8 376 1
10 9 14 1
10 11 15 1
10 13 7 24
10 14 13 17
10 15 5 28
10 22 207 1
10 24 123 2
10 26 1 2
11 0 1 17
11 1 17 18
11 2 35 9
11 4 273 3
11 7 411 1
11 8 4 25
11 10 57 25
11 12 133 1
11 13 5 25
11 14 38 1
11 15 5 22
11 20 14 1
11 23 35 9
11 24 168 1
11 25 2 15
11 26 4 4
12 1 159 1
12 3 31 1
12 4 1 19
12 5 2 13
12 6 227 1
12 7 151 3
12 8 2 8
12 9 131 1
12 11 35 1
12 13 44 1
12 14 2 20
12 24 37 15
13 5 14 3
13 6 61 3
13 8 1 23
13 10 34 1
13 11 1 26
13 12 1 8
13 20 1 20
13 26 2 5
14 5 1 13
14 6 2 16
14 7 1 13
14 9 3 14
14 10 12 24
14 11 2 25
14 13 2 1
14 16 1 29
14 17 43 2
14 22 1 23
14 23 36 2
14 25 38 8
15 2 5 3
15 6 1 16
15 7 19 1
15 8 182 11
15 13 15 4
15 14 9 1
15 20 21 1
16 0 18 18
16 1 55 18
16 3 34 19
16 4 209 1
16 5 18 27
16 8 44 20
16 9 1 12
16 17 2 13
16 20 1 6
16 24 116 7
17 0 1 17
17 1 2 2
17 2 3 29
17 4 56 1
17 5 14 26
17 6 48 1
17 7 119 3
17 9 215 18
17 10 211 1
17 12 31 17
17 14 2 1
17 15 86 22
17 16 46 1
17 20 3 8
17 24 5 4
18 4 62 1
18 6 4 9
18 8 8 1
18 9 1 14
18 10 136 1
18 11 3 1
18 13 41 9
18 16 171 1
18 17 15 1
19 0 1 5
19 1 21 1
19 2 27 1
19 7 15 20
19 8 87 7
19 13 7 5
19 23 4 22
19 25 1 1
20 0 7 3
20 1 1 20
20 2 20 1
20 6 216 1
20 7 13 16
20 11 182 2
20 12 60 5
20 15 99 14
20 19 12 24
20 23 1 1
21 2 8 8
21 4 86 23
21 7 109 2
21 8 1 9
21 11 1 28
21 12 1 6
21 15 2 13
21 24 1 12
22 6 109 2
22 7 160 3
22 8 1 18
22 9 2 7
22 10 6 4
22 11 2 8
22 12 66 1
22 23 22 1
23 1 12 20
23 3 3 20
23 9 56 4
23 10 3 20
23 11 141 1
23 16 34 1
23 17 1 17
23 22 3 1
23 24 22 1
23 25 1 18
24 0 92 3
24 1 112 12
24 2 22 9
24 3 18 26
24 5 39 20
24 7 26 8
24 8 17 28
24 10 27 1
24 11 152 1
24 16 201 8
24 18 1 28
24 26 47 3
25 1 29 1
25 2 1 9
25 4 1 13
25 6 22 5
25 7 265 1
25 10 119 1
25 11 13 27
25 24 42 3
25 27 4 12
26 0 1 12
26 1 27 2
26 9 1 21
26 17 1 9
26 20 59 1
26 27 52 1
27 6 1 7
27 8 1 23
27 10 1 9
27 11 78 1
27 12 2 27
27 16 2 20
27 26 9 29
