0 1 15 4
0 2 2 16
0 3 19 26
0 4 262 1
0 5 54 19
0 6 78 8
0 7 313 1
0 8 17 21
0 9 1 19
0 10 275 1
0 11 344 1
0 12 1 25
0 13 7 14
0 14 98 7
0 16 16 13
0 20 7 1
0 23 18 1
0 24 16 21
0 26 3 20
0 27 83 1
1 0 65 29
1 2 1 6
1 3 286 25
1 4 4 21
1 5 179 23
1 6 1 25
1 7 364 1
1 8 74 29
1 9 52 2
1 10 82 1
1 11 48 4
1 12 85 1
1 16 30 12
1 17 2 13
1 20 2 3
1 21 4 15
1 22 51 3
1 24 65 7
1 25 2 12
2 1 18 2
2 3 6 2
2 4 187 1
2 6 138 1
2 7 1 11
2 8 106 1
2 9 1 26
2 11 252 1
2 16 1 29
2 17 1 15
2 23 1 25
3 0 254 17
3 1 40 7
3 2 4 14
3 4 19 26
3 5 16 27
3 6 183 1
3 7 75 1
3 8 16 20
3 9 1 4
3 10 14 5
3 11 1 21
3 13 14 3
3 16 34 21
3 24 78 20
4 1 2 16
4 2 110 2
4 3 116 2
4 5 19 1
4 6 4 2
4 7 71 2
4 8 1 10
4 9 54 1
4 10 4 13
4 11 251 5
4 12 230 1
4 13 3 24
4 14 66 14
4 15 1 26
4 16 6 16
4 18 1 9
4 19 52 2
5 0 16 21
5 1 56 18
5 3 15 1
5 4 31 9
5 6 13 26
5 7 55 9
5 8 21 11
5 9 20 27
5 10 5 11
5 11 1 19
5 12 182 1
5 13 7 14
5 16 15 12
5 17 114 1
5 18 114 7
5 24 39 7
5 25 21 1
5 27 8 23
6 0 336 1
6 1 187 27
6 2 10 7
6 3 8 1
6 4 3 1
6 5 117 1
6 7 270 1
6 8 8 5
6 9 4 12
6 10 160 1
6 11 3 1
6 15 1 24
6 17 22 26
6 23 1 7
7 0 4 28
7 1 260 1
7 2 67 16
7 3 99 1
7 4 88 17
7 5 210 1
7 6 8 1
7 8 6 1
7 9 239 1
7 10 2 24
7 11 10 17
7 14 2 3
7 15 8 17
7 19 181 2
7 23 2 7
7 24 1 16
7 25 1 27
7 26 157 1
8 0 15 25
8 1 273 19
8 2 3 8
8 3 136 17
8 4 242 1
8 5 93 20
8 6 282 1
8 7 9 17
8 9 297 1
8 10 155 1
8 11 342 1
8 13 87 1
8 14 1 12
8 15 26 2
8 16 16 23
8 18 227 1
8 20 64 1
8 22 65 1
8 24 49 16
8 25 127 2
8 26 1 21
9 1 112 1
9 3 4 14
9 4 19 1
9 5 149 1
9 6 2 2
9 7 358 1
9 8 3 26
9 10 1 26
9 11 4 23
9 12 205 1
9 20 3 16
9 24 20 3
9 25 1 28
9 26 17 1
9 27 1 2
10 1 1 2
10 2 85 1
10 5 1 28
10 6 1 1
10 7 10 16
10 8 357 1
10 9 11 1
10 11 13 2
10 13 1 4
10 14 42 17
10 15 3 29
10 17 26 1
10 18 10 18
10 20 1 27
10 23 122 2
10 24 122 2
10 26 1 12
10 27 148 2
11 0 13 7
11 1 2 7
11 2 26 23
11 5 1 1
11 6 374 8
11 7 382 1
11 8 7 27
11 10 6 29
11 12 132 1
11 14 36 1
11 15 4 4
11 17 1 20
11 18 8 5
11 22 4 13
11 23 1 3
11 24 164 1
11 25 3 10
11 26 2 2
12 0 2 21
12 1 158 2
12 5 1 27
12 6 225 1
12 8 23 7
12 9 127 1
12 10 248 3
12 11 35 1
12 13 42 1
12 14 6 2
12 22 5 1
12 23 1 29
12 24 9 19
13 0 60 3
13 7 1 18
13 8 1 11
13 9 3 8
13 10 33 1
13 11 1 14
13 12 2 6
13 15 20 3
13 16 20 25
13 21 15 27
14 1 38 2
14 2 46 2
14 4 9 21
14 6 16 15
14 7 3 24
14 8 21 1
14 9 1 11
14 10 4 22
14 11 5 10
14 15 40 1
14 17 42 4
14 18 54 17
14 22 1 8
14 23 36 1
15 1 109 1
15 8 5 11
15 14 7 1
15 18 35 16
15 20 21 1
15 25 2 28
16 0 37 19
16 1 37 16
16 3 52 18
16 4 208 2
16 5 88 20
16 6 9 21
16 7 14 1
16 8 40 5
16 9 23 6
16 17 1 9
16 24 101 24
17 0 2 11
17 1 2 1
17 2 55 13
17 4 55 1
17 6 47 1
17 8 3 4
17 9 9 15
17 10 210 2
17 11 41 1
17 12 12 6
17 16 43 1
17 19 61 1
18 0 1 9
18 1 1 8
18 2 12 1
18 3 2 25
18 4 60 1
18 5 96 21
18 6 4 7
18 8 5 18
18 10 135 1
18 13 1 3
18 14 5 16
18 15 1 16
18 16 168 1
18 19 1 26
18 24 5 10
19 0 1 2
19 3 10 8
19 4 16 1
19 5 18 6
19 8 1 24
19 13 1 4
19 20 2 15
19 27 1 25
20 1 1 26
20 2 20 1
20 3 1 29
20 7 1 3
20 8 20 3
20 10 62 17
20 11 181 2
20 14 92 4
20 16 81 4
20 17 187 1
20 18 3 9
20 19 122 1
20 23 1 4
20 24 25 4
20 25 64 4
21 7 109 17
21 9 2 16
21 12 20 14
21 17 70 4
22 6 109 4
22 8 1 26
22 21 1 4
23 4 1 28
23 6 18 4
23 8 2 19
23 10 4 25
23 11 139 1
23 14 5 1
23 15 6 2
23 17 72 14
23 18 29 3
23 19 4 10
23 20 2 6
23 21 7 6
23 24 21 3
24 0 58 7
24 1 16 7
24 3 45 18
24 5 16 27
24 7 1 26
24 8 51 28
24 10 27 1
24 11 151 1
24 15 3 28
24 16 48 29
24 18 39 6
24 20 1 11
24 21 12 22
25 0 65 3
25 6 2 1
25 7 263 1
25 10 117 2
25 11 29 14
25 19 13 27
25 21 4 1
25 27 2 8
26 1 26 2
26 2 17 16
26 7 2 14
26 9 11 13
26 27 63 1
27 0 2 26
27 3 15 2
27 11 77 1
27 14 19 19
27 19 1 21
27 24 1 6
