0 1 290 1
0 2 1 2
0 3 36 26
0 4 223 1
0 5 65 1
0 6 8 25
0 7 111 1
0 8 186 1
0 9 32 16
0 10 261 1
0 11 3 1
0 12 2 14
0 13 6 2
0 16 257 3
0 17 1 1
0 19 3 1
0 20 301 1
0 23 15 3
0 24 155 1
0 26 1 12
1 0 15 5
1 2 10 19
1 3 239 1
1 4 39 21
1 5 127 1
1 6 6 27
1 7 336 1
1 8 125 1
1 9 32 1
1 10 59 1
1 11 40 2
1 14 32 8
1 16 184 1
1 17 65 1
1 18 3 29
1 19 10 26
1 21 1 3
1 22 48 1
1 24 17 6
1 25 6 24
1 26 1 16
2 1 36 27
2 3 5 26
2 4 157 1
2 6 133 1
2 7 4 12
2 8 345 1
2 10 1 7
2 11 230 1
2 17 1 12
2 25 1 1
3 0 66 1
3 1 159 25
3 2 6 1
3 4 2 9
3 5 143 1
3 6 150 1
3 7 193 1
3 8 58 1
3 9 1 10
3 10 55 13
3 11 1 26
3 12 92 23
3 13 1 9
3 16 426 1
3 17 1 13
3 18 1 24
3 19 20 4
3 24 159 1
4 1 26 4
4 2 176 1
4 3 96 1
4 7 54 1
4 8 1 23
4 12 213 1
4 15 2 23
4 16 1 2
4 18 2 18
4 23 10 13
4 24 3 20
5 0 39 1
5 1 110 10
5 2 90 4
5 3 154 1
5 4 4 12
5 6 45 4
5 7 1 11
5 8 66 1
5 9 98 17
5 10 47 4
5 11 4 20
5 12 161 1
5 14 57 3
5 16 138 19
5 17 101 2
5 18 12 5
5 21 33 10
5 24 56 1
6 0 307 1
6 1 172 1
6 2 4 10
6 3 11 2
6 4 86 13
6 5 14 1
6 7 265 1
6 8 435 1
6 9 29 17
6 10 85 1
6 11 67 26
6 12 6 13
6 13 3 9
6 14 10 3
6 15 35 20
6 16 1 2
6 17 33 19
6 18 125 27
6 20 10 7
6 22 15 6
6 24 2 7
6 26 1 3
7 0 2 19
7 1 221 1
7 2 46 1
7 3 14 1
7 4 6 11
7 5 179 1
7 6 134 1
7 8 1 6
7 9 214 1
7 10 15 24
7 11 26 7
7 12 223 4
7 15 412 1
7 17 1 26
7 19 174 2
7 20 322 3
7 23 73 7
7 24 1 23
7 25 2 26
7 26 153 2
7 27 220 3
8 0 367 1
8 1 126 1
8 2 21 10
8 3 41 1
8 4 117 1
8 5 33 1
8 6 8 1
8 7 53 2
8 9 137 1
8 10 23 1
8 11 240 1
8 12 9 12
8 14 29 25
8 16 143 1
8 18 216 1
8 20 51 1
8 22 57 1
8 24 70 4
8 25 112 1
9 0 1 15
9 1 83 1
9 2 59 3
9 4 84 1
9 5 89 6
9 6 6 10
9 7 7 1
9 8 129 16
9 10 322 25
9 11 2 17
9 12 196 1
9 13 98 8
9 14 1 23
9 15 59 1
9 17 110 3
9 22 33 5
9 25 1 5
9 27 1 9
10 0 47 2
10 1 1 19
10 2 54 1
10 3 299 1
10 5 1 8
10 7 6 29
10 8 124 1
10 9 1 20
10 13 2 9
10 14 4 16
10 15 2 26
10 16 3 6
10 18 2 17
10 20 2 14
10 21 1 1
10 25 245 1
10 27 141 3
11 0 30 4
11 1 1 16
11 2 6 28
11 3 3 29
11 4 263 1
11 5 2 13
11 7 387 1
11 8 406 24
11 9 51 2
11 10 7 17
11 12 119 3
11 13 2 7
11 14 12 2
11 15 5 28
11 23 2 7
11 24 110 1
11 25 14 7
11 26 80 23
11 27 47 1
12 0 6 21
12 1 146 1
12 2 115 15
12 3 26 3
12 4 9 4
12 5 6 20
12 6 198 1
12 8 2 17
12 9 71 1
12 10 175 1
12 11 26 1
12 13 18 1
12 26 59 19
13 3 10 7
13 7 6 25
13 8 1 12
13 9 1 2
13 10 15 1
13 11 13 9
13 12 48 14
13 14 12 1
13 18 3 7
13 19 3 21
13 21 3 3
13 24 13 20
14 1 31 1
14 2 43 1
14 4 1 6
14 5 64 28
14 6 1 5
14 7 2 18
14 9 56 20
14 10 2 24
14 11 28 4
14 12 2 25
14 13 47 1
14 15 36 1
14 20 2 5
15 1 103 1
15 4 1 12
15 8 2 5
15 11 232 1
15 14 29 1
15 19 2 29
15 20 17 9
16 0 146 13
16 1 11 1
16 3 110 1
16 5 74 1
16 8 96 1
16 10 2 16
16 13 2 20
16 14 1 24
16 17 17 2
16 18 2 14
16 20 114 3
16 22 3 8
16 24 25 1
17 2 13 9
17 3 228 2
17 4 37 1
17 6 30 1
17 7 104 1
17 8 357 1
17 11 33 3
17 15 1 12
17 16 31 1
17 18 229 13
17 24 1 5
18 0 3 2
18 4 34 1
18 6 1 21
18 8 3 21
18 10 126 2
18 16 11 22
18 21 23 5
18 25 33 4
19 0 7 21
19 1 11 1
19 2 24 1
19 4 11 3
19 5 20 24
19 7 1 26
19 8 1 28
19 11 2 28
19 14 13 8
19 20 158 1
19 24 23 19
20 2 12 1
20 4 1 19
20 5 119 3
20 6 208 3
20 7 1 11
20 17 181 1
20 19 3 6
20 23 5 24
20 24 22 1
21 3 1 1
21 6 60 1
21 10 1 29
21 12 39 17
21 13 18 8
21 14 16 19
22 1 18 8
22 4 4 16
22 17 14 1
22 23 15 1
22 25 11 6
23 1 11 12
23 2 1 6
23 4 1 28
23 6 15 1
23 9 52 1
23 10 5 6
23 11 112 1
23 24 14 3
23 25 2 21
24 0 117 1
24 1 404 1
24 3 192 1
24 4 2 18
24 5 364 1
24 7 1 26
24 8 94 1
24 10 18 2
24 11 192 1
24 13 15 9
24 14 39 7
24 16 63 27
24 22 5 8
24 23 35 1
24 27 15 2
25 1 23 2
25 5 22 1
25 7 223 1
25 8 229 1
25 10 98 1
25 11 31 22
25 13 1 22
25 15 2 12
25 20 52 22
26 6 20 9
26 8 3 22
26 17 1 25
26 27 37 1
27 4 1 1
27 11 58 1
27 12 1 5
27 17 62 2
27 19 8 16
27 20 9 3
27 22 1 29
27 23 1 14
27 24 1 1
27 26 111 7
