0 1 314 1
0 2 34 1
0 3 91 1
0 4 1 21
0 5 358 1
0 6 79 1
0 7 2 25
0 8 289 1
0 9 20 8
0 10 1 8
0 12 2 29
0 13 44 1
0 15 41 1
0 16 39 1
0 17 1 12
0 19 31 1
0 20 6 5
0 24 125 1
0 25 4 4
0 27 103 13
1 0 1 12
1 2 1 17
1 3 436 4
1 3 101 1
1 5 208 1
1 6 3 13
1 7 1 21
1 8 244 2
1 10 118 9
1 11 1 10
1 13 1 16
1 14 1 19
1 16 177 1
1 17 221 1
1 20 24 1
1 23 1 5
1 24 218 1
1 26 1 29
2 1 95 14
2 3 211 1
2 4 1 9
2 6 2 24
2 7 282 1
2 8 55 1
2 10 381 1
2 11 1 22
2 15 1 9
2 17 134 1
2 18 37 1
2 20 186 2
3 0 314 1
3 1 3 2
3 2 318 1
3 4 65 1
3 5 8 7
3 6 12 8
3 7 1 4
3 8 246 1
3 10 14 2
3 11 253 1
3 13 1 27
3 16 87 1
3 19 81 5
3 20 292 1
3 23 4 1
3 24 282 1
3 25 1 2
4 0 1 3
4 1 3 23
4 2 10 17
4 3 2 25
4 5 9 29
4 6 11 14
4 7 339 1
4 8 3 12
4 9 7 28
4 11 2 14
4 12 1 9
4 13 2 16
4 14 4 5
4 16 1 25
4 17 2 23
4 18 334 1
4 19 150 2
4 20 73 3
4 27 43 2
5 0 327 1
5 1 227 11
5 2 2 7
5 3 268 1
5 4 12 6
5 6 22 16
5 7 22 1
5 8 267 1
5 9 13 16
5 10 148 1
5 12 127 18
5 16 8 15
5 17 1 29
5 24 2 15
6 0 1 3
6 1 28 1
6 2 389 1
6 3 146 1
6 4 262 1
6 7 2 19
6 8 12 1
6 9 51 14
6 9 204 13
6 9 369 14
6 9 121 18
6 10 26 5
6 11 11 1
6 12 57 1
6 14 223 1
6 16 125 13
6 17 3 9
6 19 60 1
6 20 2 20
6 22 84 4
6 23 1 6
6 24 24 3
7 1 6 16
7 2 35 25
7 5 1 10
7 6 30 18
7 8 6 24
7 9 5 29
7 10 135 1
7 11 6 7
7 13 1 17
7 14 3 13
7 16 138 5
7 17 101 2
7 19 2 17
7 20 1 9
7 21 51 7
7 22 2 27
7 23 3 19
7 24 25 2
7 25 233 1
7 27 2 4
8 0 139 1
8 1 293 1
8 2 5 15
8 3 55 1
8 4 4 3
8 5 82 1
8 6 16 8
8 7 253 1
8 9 5 9
8 10 1 24
8 11 2 19
8 12 4 7
8 13 242 15
8 14 173 1
8 15 232 3
8 16 14 1
8 17 135 2
8 18 1 4
8 19 2 24
8 20 268 2
8 24 22 14
9 1 2 27
9 4 2 25
9 5 51 2
9 6 20 2
9 7 1 19
9 8 258 1
9 10 122 1
9 11 12 2
9 14 148 1
9 16 124 2
9 18 143 1
9 20 1 22
9 21 103 2
9 25 2 26
10 1 73 17
10 2 1 17
10 3 1 27
10 4 291 1
10 5 388 1
10 6 2 19
10 7 1 22
10 8 230 1
10 9 6 5
10 11 2 15
10 12 312 1
10 13 13 2
10 15 55 1
10 17 181 2
10 18 1 26
10 19 55 1
10 20 3 1
10 21 1 16
10 22 1 11
10 23 2 18
10 24 246 14
10 26 1 26
10 27 1 15
11 0 3 14
11 1 2 19
11 2 2 1
11 3 388 1
11 5 1 11
11 6 1 18
11 7 253 16
11 8 10 2
11 9 1 24
11 10 127 1
11 13 158 1
11 14 380 23
11 15 4 22
11 19 3 5
11 20 162 1
11 23 26 1
11 24 2 20
11 25 274 1
11 26 2 1
11 27 1 6
12 1 1 6
12 2 2 15
12 3 96 1
12 6 1 4
12 7 250 1
12 8 4 10
12 9 12 23
12 10 2 16
12 13 1 6
12 18 2 19
12 21 129 2
12 23 19 5
13 1 1 21
13 3 34 3
13 6 160 1
13 10 1 3
13 11 64 2
13 12 61 1
13 14 99 1
13 15 1 19
13 17 24 4
13 19 6 17
13 23 9 8
13 25 19 22
14 2 1 29
14 4 1 3
14 9 33 1
14 10 372 1
14 11 238 1
14 13 71 1
14 15 2 27
14 16 1 27
14 22 21 4
14 23 2 26
14 25 2 17
15 0 91 2
15 6 43 3
15 7 1 2
15 8 2 14
15 9 2 11
15 10 372 1
15 11 429 1
15 12 58 3
15 13 1 5
15 16 43 24
15 18 1 21
16 0 256 1
16 1 123 1
16 3 135 7
16 4 168 28
16 5 281 1
16 8 155 1
16 9 1 8
16 10 71 8
16 11 1 23
16 17 161 1
16 24 156 1
16 25 45 18
17 0 111 1
17 1 2 8
17 3 2 21
17 4 375 2
17 7 288 4
17 8 1 29
17 9 2 13
17 11 170 3
17 15 82 16
17 16 2 18
17 18 1 23
17 20 3 2
17 23 1 2
17 24 1 15
17 26 14 4
17 27 83 1
18 1 2 1
18 3 14 1
18 4 5 5
18 8 1 11
18 9 120 1
18 11 52 1
18 12 1 23
18 13 1 4
18 16 2 8
18 20 119 1
18 25 49 7
19 0 89 1
19 1 228 2
19 4 117 2
19 6 140 4
19 8 2 16
19 10 84 2
19 11 2 24
19 17 1 17
19 20 341 1
20 0 367 1
20 1 100 2
20 2 195 2
20 3 214 1
20 5 1 22
20 8 8 1
20 12 107 1
20 17 1 27
20 19 5 19
20 24 70 1
21 0 16 1
21 10 21 2
21 12 1 2
21 19 8 18
22 0 28 2
22 9 1 21
22 10 1 8
22 11 5 6
22 17 41 1
23 9 101 1
23 10 18 1
23 11 8 10
23 12 9 7
23 15 2 13
23 16 1 9
23 17 1 18
24 0 369 1
24 1 265 2
24 3 55 1
24 4 2 24
24 5 321 1
24 6 1 10
24 8 320 1
24 10 208 1
24 11 3 27
24 16 272 1
24 23 1 6
24 26 2 5
25 1 107 3
25 2 1 9
25 4 8 1
25 7 20 13
25 8 1 24
25 10 270 5
25 11 17 23
25 15 14 2
25 24 47 25
25 26 34 2
26 3 17 2
26 7 67 1
26 10 126 3
26 11 4 9
26 14 22 16
26 18 37 10
26 19 14 23
26 20 73 21
26 25 48 2
27 6 1 14
27 10 1 20
27 14 1 5
27 18 2 29
27 20 39 10
27 25 10 3
27 26 18 1
