0 1 203 1
0 2 24 2
0 3 58 4
0 4 3 28
0 5 201 5
0 7 11 23
0 8 141 1
0 11 1 29
0 14 119 3
0 15 38 1
0 16 188 1
0 17 6 5
0 19 20 1
0 20 13 5
0 23 62 2
0 24 267 1
1 0 22 1
1 2 2 2
1 3 341 1
1 4 4 15
1 5 88 1
1 6 51 26
1 7 1 13
1 8 244 1
1 10 116 1
1 12 231 1
1 14 1 3
1 16 152 1
1 17 188 1
1 18 6 3
1 19 90 1
1 24 241 1
1 27 69 28
2 1 7 9
2 3 142 1
2 4 201 16
2 7 163 1
2 8 315 1
2 10 372 1
2 11 1 6
2 18 35 1
2 19 18 1
2 20 182 2
2 22 15 1
2 27 5 1
3 0 262 1
3 1 163 1
3 2 277 1
3 4 58 2
3 5 191 1
3 6 2 11
3 7 4 7
3 8 100 1
3 11 235 1
3 15 7 13
3 16 136 1
3 17 1 5
3 18 14 1
3 24 51 1
3 25 2 14
4 0 1 28
4 1 2 15
4 2 1 24
4 3 1 24
4 5 3 11
4 6 1 25
4 8 232 1
4 9 5 4
4 10 1 12
4 11 1 3
4 12 260 6
4 13 1 5
4 17 2 27
4 18 327 1
4 19 149 2
4 24 1 17
4 25 2 26
4 27 41 7
5 0 182 1
5 1 186 1
5 2 5 25
5 3 66 1
5 4 3 9
5 6 180 21
5 8 54 1
5 9 7 1
5 10 129 1
5 12 1 17
5 14 1 22
5 16 41 23
5 18 2 26
5 24 140 1
6 0 27 9
6 1 12 1
6 2 376 1
6 3 133 1
6 4 201 1
6 5 6 10
6 7 50 14
6 8 3 8
6 9 16 10
6 10 415 13
6 11 7 1
6 13 2 12
6 14 219 1
6 17 87 9
6 18 2 14
6 19 56 1
6 20 58 15
6 22 82 2
6 24 22 1
6 25 142 25
7 1 7 13
7 2 4 19
7 3 1 23
7 5 4 3
7 6 2 17
7 8 414 6
7 10 117 1
7 11 20 16
7 12 220 29
7 14 7 2
7 15 1 9
7 16 136 5
7 17 96 1
7 18 2 3
7 19 1 5
7 20 3 11
7 24 20 1
7 25 217 1
8 0 171 1
8 1 100 1
8 2 5 22
8 3 24 9
8 4 2 26
8 5 168 22
8 6 38 27
8 7 261 8
8 9 17 29
8 10 2 18
8 11 18 9
8 12 13 7
8 14 159 1
8 15 228 1
8 16 303 1
8 17 127 1
8 21 74 2
8 23 1 26
8 24 99 1
8 25 2 26
8 26 1 7
9 0 78 1
9 2 1 22
9 4 12 23
9 5 21 4
9 6 5 15
9 7 1 8
9 8 228 1
9 10 66 1
9 11 1 2
9 14 140 2
9 17 244 1
9 24 88 2
9 26 46 4
10 0 275 2
10 1 1 4
10 2 1 12
10 3 1 9
10 4 279 1
10 5 372 1
10 6 1 27
10 7 1 22
10 8 133 1
10 9 89 7
10 11 1 27
10 12 300 1
10 13 8 1
10 14 246 25
10 17 176 2
10 18 3 22
10 19 52 3
10 22 1 13
10 25 3 20
11 0 3 21
11 1 2 19
11 3 376 1
11 4 1 26
11 5 6 17
11 6 2 14
11 7 41 1
11 8 5 1
11 9 1 15
11 10 93 1
11 14 1 29
11 15 18 6
11 17 4 25
11 18 64 2
11 19 2 24
11 20 157 2
11 22 3 16
11 24 2 18
11 25 219 1
11 26 2 26
11 27 1 15
12 1 1 22
12 4 31 3
12 5 100 1
12 9 49 4
12 10 2 20
12 13 7 29
12 14 9 1
12 19 59 11
12 21 127 1
12 22 123 2
12 24 1 26
13 1 1 24
13 7 48 1
13 11 57 1
13 12 50 1
13 14 97 2
13 22 4 19
13 24 1 20
13 25 1 20
14 0 3 1
14 1 138 2
14 6 1 24
14 7 1 4
14 8 371 1
14 9 27 1
14 10 344 1
14 11 216 1
14 13 62 1
14 17 94 3
14 20 1 16
14 21 1 26
14 22 19 2
14 23 25 28
14 27 23 15
15 0 88 4
15 1 1 12
15 2 1 27
15 8 9 11
15 11 43 1
15 14 126 1
15 19 3 5
15 20 72 1
15 23 2 12
15 24 1 16
16 0 106 1
16 1 265 1
16 3 175 5
16 4 2 17
16 5 88 1
16 8 200 1
16 11 1 24
16 12 1 26
16 17 229 1
16 24 217 1
17 0 100 1
17 1 1 9
17 2 7 3
17 3 1 1
17 6 361 1
17 7 285 3
17 8 5 15
17 9 1 16
17 10 3 5
17 11 166 2
17 16 4 3
17 19 139 8
17 23 1 14
18 4 15 15
18 5 1 15
18 9 116 1
18 15 6 9
18 16 4 11
18 17 182 1
19 0 72 1
19 10 81 3
19 11 1 2
19 20 321 1
20 0 358 1
20 1 94 1
20 3 204 1
20 5 3 6
20 6 2 9
20 19 3 7
20 22 29 14
21 3 26 21
21 6 101 1
21 12 1 19
21 20 55 4
21 22 1 18
21 26 1 9
22 2 1 9
22 5 1 20
22 9 13 4
22 11 1 25
22 20 6 17
22 23 4 2
22 26 1 10
23 9 100 2
23 10 15 4
23 11 13 16
23 26 8 7
24 0 330 1
24 1 32 6
24 3 140 1
24 4 72 1
24 5 63 1
24 7 26 1
24 8 57 1
24 10 203 2
24 15 1 7
24 16 152 1
24 23 1 13
24 26 67 25
25 1 105 5
25 6 22 6
25 7 6 1
25 8 2 11
25 11 2 9
25 17 49 1
25 24 1 26
26 4 7 15
26 11 4 15
26 16 28 1
26 22 2 4
27 6 3 19
27 7 1 16
27 13 6 2
27 19 2 11
27 20 38 2
27 26 12 3
