0 1 13 18
0 2 25 17
0 3 17 19
0 4 43 1
0 5 36 20
0 6 75 10
0 7 175 1
0 8 17 23
0 9 163 16
0 10 169 2
0 11 223 1
0 12 25 26
0 15 1 21
0 16 17 20
0 17 227 1
0 18 1 1
0 19 166 1
0 20 124 1
0 24 26 16
0 25 1 17
0 27 62 1
1 0 26 7
1 2 10 1
1 3 15 26
1 4 365 26
1 5 37 28
1 6 46 4
1 7 194 1
1 8 28 2
1 11 262 1
1 16 18 1
1 17 382 1
1 18 1 15
1 19 1 12
1 20 2 2
1 21 1 24
1 24 17 10
1 27 110 5
2 0 6 17
2 1 104 1
2 3 2 1
2 4 20 2
2 5 5 15
2 6 93 1
2 7 5 11
2 9 1 29
2 10 2 4
2 11 97 1
2 24 3 10
2 25 5 10
2 27 3 12
3 0 14 14
3 1 57 29
3 2 66 1
3 4 59 29
3 5 28 26
3 7 12 22
3 8 202 9
3 9 1 1
3 10 2 15
3 11 3 8
3 12 106 10
3 15 46 1
3 16 70 19
3 18 2 28
3 19 1 1
3 24 30 7
3 25 50 4
4 0 341 1
4 1 3 19
4 2 112 1
4 3 12 2
4 5 3 6
4 6 6 19
4 8 6 22
4 9 15 3
4 12 116 1
4 13 3 23
4 14 114 29
4 17 144 1
4 18 192 17
4 20 2 4
4 23 55 13
4 24 100 5
5 0 101 1
5 1 18 6
5 2 33 2
5 3 17 22
5 4 35 1
5 6 1 1
5 7 5 11
5 8 14 12
5 9 1 1
5 11 1 21
5 12 45 1
5 16 40 20
5 19 2 15
5 20 1 7
5 24 35 26
5 27 3 21
6 0 122 1
6 1 41 1
6 2 1 28
6 4 1 28
6 5 37 1
6 7 102 1
6 8 32 12
6 9 38 15
6 10 5 4
6 11 1 27
6 12 1 7
6 16 169 1
6 17 281 1
6 18 5 11
6 19 1 22
6 25 96 2
7 0 404 2
7 1 44 1
7 2 82 1
7 3 2 16
7 6 1 6
7 8 18 18
7 9 82 2
7 10 6 29
7 11 310 1
7 12 175 3
7 14 4 1
7 15 198 1
7 17 3 28
7 20 235 1
7 24 213 22
7 25 1 28
7 26 124 1
7 27 173 1
8 0 17 3
8 1 27 15
8 2 22 3
8 3 87 18
8 4 61 1
8 5 16 15
8 6 341 29
8 7 135 1
8 9 47 1
8 10 19 5
8 11 75 1
8 12 306 1
8 14 1 24
8 16 17 25
8 17 1 15
8 18 148 1
8 19 127 1
8 23 156 3
8 24 36 11
8 25 38 3
9 0 1 26
9 2 7 1
9 3 169 1
9 4 2 10
9 5 7 3
9 6 33 13
9 7 271 1
9 8 11 9
9 10 1 2
9 12 81 1
9 14 1 20
9 15 14 1
9 17 48 3
9 18 1 12
9 25 7 3
10 2 1 26
10 3 172 1
10 4 32 8
10 5 4 8
10 6 4 26
10 7 194 1
10 8 34 21
10 9 47 1
10 11 6 26
10 12 2 17
10 13 48 2
10 14 299 1
10 20 5 11
10 22 129 1
10 23 43 1
10 24 34 1
10 25 146 2
11 0 2 28
11 1 6 20
11 3 1 15
11 6 217 1
11 7 14 4
11 8 307 1
11 9 246 1
11 10 12 5
11 13 5 17
11 14 2 24
11 15 14 1
11 16 3 29
11 19 1 2
11 24 1 10
11 25 131 1
11 26 1 21
11 27 192 17
12 2 115 25
12 4 17 23
12 6 59 2
12 9 9 20
12 10 124 1
12 13 6 1
12 14 5 20
12 15 15 4
12 23 20 16
13 0 39 9
13 1 111 1
13 4 1 17
13 7 1 28
13 8 1 1
13 10 2 16
13 11 1 3
13 12 58 1
13 20 1 11
13 22 1 23
13 23 1 19
14 2 23 2
14 4 64 3
14 7 295 2
14 8 6 22
14 10 140 1
14 11 19 11
14 12 2 4
14 13 1 20
14 15 1 20
14 17 19 1
14 22 4 1
15 2 25 1
15 4 1 8
15 6 1 21
15 7 3 9
15 10 6 7
15 11 8 1
15 12 4 27
15 14 2 6
16 0 18 16
16 1 24 3
16 2 36 4
16 3 20 14
16 5 46 26
16 8 17 27
16 9 1 10
16 17 4 11
16 18 2 17
16 20 106 2
16 24 22 28
16 26 32 16
17 0 1 12
17 1 3 13
17 4 1 5
17 6 2 24
17 8 278 1
17 10 127 2
17 19 20 3
18 0 3 6
18 4 128 1
18 5 31 18
18 6 5 12
18 7 1 15
18 8 1 25
18 9 1 26
18 10 74 2
18 15 2 13
19 0 250 1
19 8 1 7
19 11 32 24
19 18 2 16
19 20 54 1
20 0 1 15
20 1 8 11
20 3 1 4
20 6 157 1
20 7 8 2
20 10 4 4
20 15 96 12
20 16 60 5
20 17 145 1
20 18 1 28
20 19 200 21
20 23 1 23
20 25 39 1
20 27 4 19
21 8 2 9
21 9 87 2
21 10 2 3
21 14 10 1
21 18 3 5
21 23 3 14
22 7 119 2
22 8 7 25
22 11 166 1
22 12 10 1
22 13 1 5
22 20 1 5
22 21 2 4
23 1 7 16
23 6 2 3
23 7 2 22
23 11 8 2
23 14 3 12
24 0 22 8
24 1 17 26
24 3 17 26
24 5 77 20
24 6 6 3
24 7 16 16
24 8 20 1
24 11 159 1
24 14 23 1
24 16 34 11
24 22 14 14
24 25 21 2
25 0 27 1
25 1 4 7
25 4 1 17
25 7 32 1
25 8 172 1
25 11 3 4
25 20 7 12
25 21 7 23
25 27 21 1
26 6 9 4
26 7 3 13
26 9 2 18
26 10 32 1
26 25 1 14
27 0 1 9
27 4 3 10
27 8 2 4
27 12 74 20
27 13 2 28
27 21 1 5
27 22 7 29
27 25 64 2
27 26 36 1
