0 1 44 11
0 2 261 1
0 3 23 18
0 4 39 1
0 5 27 24
0 6 1 18
0 7 168 1
0 8 166 6
0 9 2 16
0 10 166 1
0 11 218 1
0 15 4 17
0 16 46 7
0 17 222 1
0 19 157 1
0 20 119 1
0 24 20 21
0 25 1 2
0 26 8 12
1 0 192 24
1 2 200 1
1 3 45 14
1 4 3 26
1 5 20 8
1 6 4 25
1 7 188 1
1 8 23 26
1 9 2 16
1 11 258 1
1 12 20 1
1 13 2 5
1 15 64 3
1 16 21 11
1 17 253 1
1 18 1 16
1 19 1 18
1 20 9 1
1 24 20 22
1 25 1 21
1 26 90 23
1 27 110 1
2 0 6 4
2 1 80 1
2 6 14 1
2 7 2 24
2 8 1 6
2 9 3 20
2 10 2 23
2 11 93 1
2 14 7 9
2 16 1 17
2 17 3 20
2 21 20 22
3 0 18 10
3 1 22 21
3 2 49 1
3 5 40 13
3 6 12 1
3 7 31 10
3 8 108 1
3 9 3 23
3 10 5 21
3 11 1 26
3 14 8 12
3 15 45 3
3 16 44 17
3 17 31 13
3 18 2 28
3 20 3 16
3 22 5 18
3 23 6 3
3 24 20 7
3 27 1 28
4 0 335 1
4 1 85 4
4 2 1 1
4 3 11 2
4 5 3 29
4 6 32 29
4 8 36 18
4 9 6 18
4 10 202 19
4 11 235 3
4 12 113 1
4 14 1 9
4 16 225 25
4 17 139 2
4 18 2 28
4 19 10 4
4 24 100 2
5 0 21 25
5 1 59 5
5 2 32 1
5 3 36 21
5 4 4 22
5 6 2 5
5 7 1 9
5 8 17 8
5 11 5 20
5 12 42 1
5 16 20 4
5 17 36 1
5 18 5 1
5 20 1 29
5 22 3 4
5 24 38 25
6 0 116 1
6 1 31 1
6 2 66 29
6 3 109 13
6 4 1 15
6 5 24 27
6 7 93 1
6 8 94 14
6 9 62 1
6 10 2 5
6 11 1 26
6 12 13 6
6 13 42 18
6 14 1 11
6 15 123 18
6 16 169 1
6 17 277 1
6 19 5 11
6 22 2 2
6 23 3 1
6 25 95 1
7 1 40 2
7 2 75 1
7 3 10 2
7 5 29 1
7 8 163 4
7 10 24 19
7 11 190 24
7 12 174 1
7 13 39 2
7 15 190 1
7 18 1 4
7 19 124 3
7 24 2 6
7 25 14 26
7 26 122 5
7 27 171 1
8 0 21 15
8 1 32 16
8 2 19 18
8 3 26 14
8 4 56 1
8 5 23 11
8 6 201 1
8 7 106 1
8 9 40 1
8 10 28 20
8 11 64 1
8 12 303 1
8 14 5 11
8 16 46 1
8 17 1 29
8 18 146 1
8 19 125 3
8 24 21 29
8 25 36 1
9 0 2 25
9 2 6 1
9 3 168 1
9 4 4 13
9 5 7 16
9 6 15 6
9 7 267 1
9 8 1 8
9 12 70 1
9 15 13 1
9 16 22 7
9 17 47 1
9 21 38 1
9 22 11 9
9 25 1 26
9 27 9 26
10 1 15 1
10 2 2 25
10 3 168 1
10 4 1 22
10 5 1 14
10 6 69 26
10 7 189 1
10 8 8 17
10 9 6 21
10 11 21 26
10 12 15 6
10 13 45 11
10 14 235 1
10 19 1 22
10 20 1 6
10 22 126 2
10 25 143 1
10 27 94 4
11 0 1 19
11 1 1 26
11 2 5 18
11 3 26 15
11 5 4 9
11 6 167 1
11 7 57 6
11 8 292 1
11 9 241 1
11 10 13 17
11 13 1 20
11 14 15 24
11 15 393 2
11 16 1 2
11 17 56 1
11 22 1 16
11 23 2 12
11 24 3 2
11 25 286 1
11 26 5 24
11 27 12 1
12 4 227 7
12 5 1 12
12 6 56 1
12 7 78 3
12 9 8 13
12 10 119 1
12 17 1 18
12 23 1 5
13 4 24 6
13 6 12 2
13 7 33 28
13 10 7 2
13 11 2 8
13 12 55 1
13 16 1 10
13 23 1 23
14 0 20 21
14 2 22 4
14 3 25 7
14 4 2 7
14 7 1 2
14 8 2 26
14 9 1 12
14 10 6 1
14 12 13 18
14 13 1 7
14 15 1 17
14 23 9 3
14 25 15 1
15 3 2 3
15 5 3 19
15 7 1 6
15 8 184 1
15 9 114 2
15 10 64 14
15 11 3 1
15 12 1 1
15 14 11 7
15 23 1 19
16 0 21 7
16 1 21 1
16 3 39 23
16 4 163 2
16 5 21 5
16 6 161 5
16 8 20 9
16 9 3 2
16 10 1 16
16 11 136 3
16 17 2 7
16 18 7 5
16 24 49 27
16 25 40 2
16 26 1 27
17 0 3 23
17 1 9 4
17 3 154 1
17 4 1 9
17 5 132 1
17 8 275 1
17 9 1 19
17 10 125 2
17 16 1 8
17 18 172 2
17 19 20 1
17 20 4 22
17 24 89 27
17 27 47 1
18 1 2 22
18 3 1 17
18 4 119 1
18 6 9 14
18 25 25 1
19 0 242 1
19 8 2 4
19 9 1 16
19 11 2 24
19 16 7 15
19 20 43 1
19 21 10 3
20 0 1 13
20 3 1 28
20 4 3 28
20 5 96 5
20 7 1 8
20 8 2 15
20 11 93 2
20 12 36 4
20 16 60 4
20 19 75 1
20 27 1 8
21 2 4 10
21 7 97 1
21 9 3 26
21 12 147 24
21 17 66 21
21 18 3 15
22 4 87 1
22 10 145 2
22 11 20 3
22 12 9 1
22 13 1 19
22 19 5 20
22 20 1 21
22 27 13 4
23 1 91 1
23 6 2 2
23 7 1 8
23 8 1 24
23 10 8 15
23 13 3 22
23 15 2 28
23 20 12 8
24 0 75 21
24 1 21 23
24 3 21 6
24 5 20 14
24 8 21 3
24 11 1 27
24 16 38 26
24 21 2 12
24 22 5 14
24 26 9 3
25 0 27 1
25 6 1 11
25 7 28 1
25 8 169 1
25 10 13 1
25 11 7 16
25 21 1 16
25 24 14 2
25 26 1 11
25 27 19 1
26 2 11 8
26 4 1 1
26 6 8 13
26 14 29 5
26 18 40 3
27 6 1 17
27 9 2 2
27 14 10 13
27 19 13 20
27 21 1 15
