0 1 93 8
0 2 246 1
0 3 51 15
0 5 154 6
0 6 2 3
0 7 136 1
0 8 289 12
0 9 11 10
0 10 152 2
0 11 199 2
0 16 56 9
0 17 199 1
0 19 121 1
0 20 96 1
0 21 1 6
0 22 3 6
0 24 13 23
0 27 58 8
1 0 19 26
1 2 182 18
1 3 11 18
1 4 3 1
1 5 49 12
1 6 263 11
1 7 159 1
1 8 15 27
1 9 2 6
1 11 242 1
1 12 15 1
1 13 3 28
1 16 56 22
1 17 207 1
1 19 1 20
1 20 9 15
1 21 1 18
1 24 304 19
1 26 90 10
2 0 1 26
2 1 34 1
2 3 4 19
2 4 8 4
2 6 63 1
2 7 27 17
2 8 8 22
2 9 1 11
2 10 4 16
2 12 94 1
2 16 35 14
2 17 5 8
2 19 1 28
2 25 35 26
3 0 10 23
3 1 184 23
3 4 1 23
3 5 126 1
3 7 4 7
3 8 10 28
3 9 3 3
3 11 1 21
3 16 33 9
3 18 2 16
3 20 4 15
3 22 1 9
3 24 12 24
3 25 46 2
4 0 308 1
4 1 25 6
4 2 87 1
4 3 5 2
4 5 9 22
4 6 146 16
4 8 75 26
4 9 3 27
4 12 99 1
4 13 106 24
4 15 2 11
4 17 119 1
4 18 9 7
4 19 7 2
4 21 14 2
4 26 77 2
5 0 34 2
5 1 14 4
5 2 24 1
5 3 224 13
5 4 18 1
5 6 66 20
5 7 5 12
5 8 8 17
5 9 3 13
5 10 42 1
5 11 20 27
5 13 27 26
5 14 28 3
5 16 13 24
5 17 29 1
5 24 90 14
5 27 1 29
6 0 91 1
6 2 5 10
6 3 1 12
6 4 3 4
6 5 276 1
6 7 57 1
6 8 26 8
6 9 145 1
6 10 5 3
6 11 1 28
6 12 1 2
6 14 1 20
6 17 60 1
6 18 1 25
6 23 74 29
6 24 3 26
7 0 66 1
7 1 25 2
7 2 47 1
7 3 10 3
7 6 12 11
7 8 106 21
7 10 24 7
7 11 339 27
7 11 243 1
7 12 165 3
7 14 257 1
7 15 151 1
7 16 29 2
7 17 3 3
7 20 216 1
7 25 2 29
7 26 117 1
8 0 14 25
8 1 33 10
8 2 12 1
8 3 15 23
8 4 33 1
8 5 10 16
8 6 82 25
8 7 195 6
8 9 17 1
8 10 7 6
8 11 151 1
8 12 291 2
8 13 4 1
8 14 58 16
8 16 33 9
8 17 3 17
8 18 135 2
8 21 9 2
8 24 13 14
8 25 28 2
8 26 2 27
9 0 1 12
9 2 2 4
9 4 1 4
9 5 50 19
9 6 4 27
9 8 8 20
9 10 2 23
9 11 15 1
9 12 29 1
9 14 1 14
9 15 9 1
9 16 19 7
9 19 85 5
9 23 10 7
9 27 1 7
10 1 378 1
10 2 2 23
10 3 147 1
10 4 12 26
10 5 184 23
10 6 4 26
10 7 372 1
10 8 9 23
10 9 19 13
10 11 4 23
10 12 1 14
10 13 284 2
10 14 290 9
10 15 338 1
10 22 115 2
10 23 33 1
10 24 25 1
10 25 127 2
10 26 74 6
10 27 88 1
11 0 2 1
11 2 1 4
11 3 10 5
11 5 137 2
11 6 213 1
11 7 12 2
11 8 38 1
11 9 217 1
11 10 9 14
11 12 45 1
11 13 1 24
11 14 6 10
11 15 336 1
11 17 196 3
11 19 158 4
11 24 1 2
11 25 200 1
11 26 193 25
11 27 4 1
12 1 67 1
12 3 5 2
12 5 1 9
12 7 70 3
12 8 2 1
12 9 15 20
12 10 105 1
12 15 9 1
12 19 17 1
12 20 1 24
12 22 5 7
12 24 74 20
12 26 52 4
13 0 36 3
13 6 9 1
13 7 1 7
13 9 97 3
13 10 4 2
13 11 1 29
13 12 165 1
13 14 1 20
13 17 1 4
13 23 1 13
13 26 2 23
14 4 5 18
14 7 288 1
14 8 9 4
14 9 202 22
14 10 230 1
14 11 68 3
14 13 1 16
14 15 1 21
14 22 1 12
15 6 1 20
15 7 2 23
15 10 9 3
15 11 1 29
15 12 19 23
15 14 1 4
15 22 10 1
15 27 22 6
16 0 13 9
16 1 351 8
16 2 32 6
16 3 90 20
16 4 151 2
16 5 115 11
16 8 196 5
16 9 2 15
16 15 2 19
16 17 1 10
16 18 3 13
16 19 53 2
16 24 34 9
16 26 2 27
17 0 4 28
17 1 78 1
17 2 213 10
17 3 141 1
17 5 122 1
17 7 29 1
17 8 260 1
17 9 1 1
17 10 115 2
17 12 1 1
17 14 1 3
17 15 9 1
17 16 2 12
17 18 161 2
18 3 10 29
18 4 82 1
18 5 28 27
18 6 5 9
18 8 3 8
18 17 3 11
18 22 1 21
18 27 6 18
19 0 203 1
19 1 1 13
19 2 6 8
19 3 4 29
19 6 2 1
19 7 1 18
19 8 129 19
19 9 1 1
19 16 6 13
19 17 120 1
19 20 8 1
19 21 9 13
19 26 11 8
20 0 3 17
20 3 46 16
20 6 147 1
20 7 1 7
20 8 2 10
20 11 84 1
20 12 34 1
20 15 94 1
20 18 14 25
20 19 171 1
20 26 1 11
21 6 37 4
21 18 1 14
21 24 4 5
22 6 77 2
22 10 134 3
22 14 1 25
22 15 15 8
22 18 36 1
22 20 1 19
22 23 2 10
23 2 2 6
23 4 9 13
23 5 27 18
23 7 2 7
23 8 1 11
23 12 87 20
23 14 2 1
23 15 5 12
23 20 1 3
23 24 3 17
24 0 72 5
24 1 34 29
24 3 13 29
24 5 13 11
24 6 142 22
24 7 2 24
24 8 12 23
24 11 113 1
24 13 7 2
24 16 28 25
24 17 1 19
24 19 3 22
24 21 2 7
25 2 6 1
25 4 1 12
25 6 1 12
25 7 14 1
25 8 158 1
25 9 110 1
25 11 409 1
25 20 3 6
25 27 11 3
26 4 1 3
26 8 1 29
26 10 28 1
26 11 176 4
26 16 13 12
26 17 2 24
26 22 1 29
26 25 2 6
27 2 27 14
27 4 2 16
27 6 3 21
27 8 1 8
27 10 155 27
27 13 2 2
27 16 1 9
27 25 51 2
27 26 19 2
