0 1 325 1
0 2 231 1
0 3 24 1
0 4 13 1
0 5 155 1
0 7 110 1
0 8 33 1
0 10 140 1
0 11 182 1
0 12 2 5
0 14 60 5
0 15 1 11
0 16 18 21
0 17 178 1
0 19 89 1
0 20 77 1
0 24 63 10
1 0 88 27
1 2 167 1
1 3 229 1
1 4 349 1
1 5 255 1
1 6 7 4
1 7 134 1
1 8 162 1
1 9 4 8
1 10 1 10
1 11 226 1
1 12 11 1
1 13 1 16
1 14 153 1
1 15 54 3
1 16 163 22
1 17 343 1
1 18 5 28
1 19 2 25
1 23 2 1
1 24 1 21
1 25 1 1
2 0 1 21
2 1 196 1
2 3 21 20
2 6 40 1
2 7 1 28
2 8 6 10
2 10 4 24
2 11 61 2
2 12 91 1
2 14 4 6
2 17 4 24
2 20 2 11
2 26 8 23
3 0 251 1
3 1 14 8
3 2 2 9
3 4 1 25
3 5 43 15
3 7 23 27
3 8 300 1
3 9 3 8
3 11 4 13
3 15 38 1
3 16 193 19
3 17 195 5
3 20 1 26
3 22 2 21
3 24 123 1
3 25 43 1
3 27 1 19
4 0 282 1
4 2 69 1
4 3 2 1
4 5 208 13
4 6 3 11
4 8 2 25
4 9 2 19
4 10 209 19
4 12 87 1
4 14 25 14
4 15 4 12
4 16 225 1
4 17 102 1
4 18 10 1
4 22 30 28
4 23 1 18
4 25 107 4
5 0 248 21
5 1 366 1
5 3 34 1
5 4 155 1
5 6 56 19
5 8 231 1
5 9 6 8
5 10 14 1
5 12 20 1
5 16 87 29
5 17 23 3
5 18 145 1
5 23 12 2
5 24 163 1
5 26 20 18
6 0 71 1
6 3 149 8
6 4 2 1
6 5 17 1
6 7 31 1
6 8 22 11
6 9 151 1
6 10 3 19
6 11 2 15
6 12 1 20
6 13 111 16
6 14 2 28
6 15 3 25
6 17 53 1
6 19 2 18
6 20 1 25
6 24 4 23
6 26 6 20
7 0 61 1
7 1 15 1
7 2 26 1
7 3 4 21
7 5 9 1
7 6 1 29
7 8 137 4
7 10 282 15
7 11 377 1
7 14 242 1
7 15 117 1
7 16 26 2
7 17 1 17
7 18 1 15
7 19 109 2
7 20 202 2
7 22 84 1
7 23 1 1
7 24 217 8
7 25 75 10
8 1 195 10
8 2 311 1
8 3 146 1
8 4 17 1
8 5 22 1
8 6 95 1
8 7 224 1
8 10 196 18
8 11 112 1
8 12 280 1
8 13 2 2
8 15 4 10
8 16 134 1
8 18 126 1
8 19 113 2
8 23 149 1
8 24 204 1
8 27 113 1
9 0 11 8
9 3 158 2
9 4 5 19
9 5 43 21
9 6 1 28
9 7 231 1
9 8 116 2
9 10 4 28
9 11 12 1
9 12 16 1
9 14 1 29
9 15 6 1
9 17 33 3
9 18 3 15
9 20 4 18
9 21 31 6
9 27 20 5
10 1 361 1
10 2 1 26
10 3 128 1
10 4 1 21
10 5 18 21
10 6 3 14
10 7 366 1
10 8 191 25
10 9 3 23
10 11 3 3
10 12 4 4
10 13 40 1
10 14 245 1
10 18 3 14
10 20 1 2
10 22 105 1
10 24 19 1
10 25 113 1
11 0 281 3
11 1 6 14
11 2 85 7
11 3 3 14
11 5 136 1
11 6 190 1
11 7 77 26
11 8 271 1
11 9 195 1
11 12 39 1
11 13 1 2
11 14 7 21
11 15 372 1
11 16 3 16
11 19 156 9
11 23 56 23
11 24 2 11
11 25 129 1
11 27 172 2
12 1 59 2
12 5 1 1
12 6 30 1
12 9 15 14
12 10 160 1
12 14 18 20
12 16 1 3
12 22 6 13
12 23 27 13
12 25 73 1
13 1 106 1
13 4 1 27
13 5 35 16
13 9 91 2
13 10 1 16
13 11 2 25
13 12 159 1
13 14 2 16
13 21 14 6
13 22 9 29
13 24 19 22
14 7 280 1
14 8 10 11
14 10 209 1
14 13 4 8
14 15 4 25
15 2 21 1
15 6 1 12
15 7 2 8
15 8 173 1
15 9 100 1
15 10 31 11
15 11 5 17
15 12 9 3
15 14 4 5
15 17 1 18
15 23 1 19
15 25 46 1
16 0 70 1
16 1 64 1
16 3 56 24
16 4 140 2
16 5 6 7
16 6 153 2
16 8 16 23
16 9 1 29
16 11 134 2
16 13 1 27
16 14 4 2
16 17 2 1
16 18 3 15
16 23 2 23
16 24 209 2
17 0 1 27
17 1 2 5
17 6 2 10
17 10 106 2
17 13 2 3
17 16 2 24
17 21 42 10
17 24 1 3
18 0 1 26
18 1 5 27
18 4 54 1
18 5 84 7
18 6 163 29
18 8 1 27
18 9 10 29
18 14 33 29
18 16 2 25
18 20 53 1
18 21 15 13
18 22 1 11
18 23 3 4
19 0 167 1
19 1 1 18
19 7 2 4
19 8 18 17
19 9 1 13
19 17 116 1
20 0 1 26
20 2 4 1
20 3 1 21
20 4 54 7
20 7 1 17
20 8 6 10
20 10 1 1
20 11 75 1
20 13 33 1
20 14 73 1
20 19 110 1
20 23 50 4
21 3 26 15
21 4 95 10
21 7 93 2
21 11 38 20
21 13 14 1
21 23 2 15
22 7 106 2
22 8 3 12
22 10 124 1
22 13 1 2
23 7 3 1
23 8 6 28
23 10 1 28
23 24 1 9
24 0 45 6
24 1 295 4
24 3 181 1
24 5 175 1
24 7 247 4
24 8 243 1
24 9 1 1
24 11 81 1
24 14 17 7
24 16 35 1
24 21 1 5
24 22 3 17
25 0 20 1
25 5 7 17
25 7 5 3
25 8 148 2
25 11 133 6
25 13 2 11
25 26 1 2
25 27 6 1
26 4 2 28
26 6 6 8
26 11 171 1
26 15 20 1
26 17 22 4
27 0 59 15
27 4 73 11
27 6 3 12
27 7 52 1
27 8 4 2
27 13 17 18
27 16 2 3
27 24 1 25
27 25 41 1
