0 1 33 28
0 2 77 1
0 3 23 22
0 4 1 22
0 5 265 27
0 6 125 1
0 7 4 5
0 8 20 27
0 10 1 17
0 11 1 22
0 16 20 10
0 17 1 14
0 19 82 1
0 20 4 20
0 21 1 4
0 23 69 2
0 24 41 13
1 0 22 22
1 2 72 1
1 3 19 29
1 4 2 29
1 5 45 14
1 6 5 8
1 7 4 9
1 8 21 12
1 11 1 8
1 14 1 18
1 16 42 12
1 17 348 1
1 18 22 1
1 19 125 1
1 20 38 1
1 23 1 16
1 24 20 14
2 1 3 14
2 3 267 1
2 4 1 11
2 5 100 2
2 8 164 1
2 9 44 3
2 14 1 12
2 15 1 15
2 17 167 1
2 18 44 1
2 19 23 2
2 20 200 1
2 23 1 23
2 24 12 14
2 27 7 2
3 0 19 21
3 1 22 28
3 2 3 21
3 4 92 1
3 5 20 1
3 6 1 20
3 7 5 1
3 8 18 25
3 11 314 1
3 12 61 3
3 14 67 4
3 16 20 6
3 22 1 8
3 24 20 29
3 25 40 29
4 0 1 15
4 1 5 20
4 2 1 5
4 5 2 17
4 6 3 5
4 7 357 1
4 8 310 1
4 9 2 8
4 17 1 1
4 18 338 11
4 20 86 3
4 21 74 3
4 25 1 19
5 0 20 2
5 1 21 10
5 2 1 19
5 3 171 24
5 4 4 3
5 6 15 23
5 7 49 1
5 8 25 26
5 9 2 19
5 10 220 1
5 11 1 2
5 16 20 5
5 18 2 7
5 24 21 29
6 0 1 11
6 1 138 1
6 2 419 1
6 3 192 1
6 4 184 1
6 5 297 5
6 7 2 29
6 8 268 1
6 9 411 17
6 10 3 11
6 12 89 1
6 14 234 1
6 17 1 15
6 27 1 28
7 0 4 1
7 1 1 1
7 2 1 25
7 3 38 1
7 4 4 2
7 5 1 4
7 6 3 13
7 8 6 22
7 10 207 1
7 11 28 1
7 12 220 14
7 13 1 26
7 14 1 29
7 17 122 1
7 18 6 2
7 20 1 20
7 25 288 1
7 26 1 6
7 27 2 12
8 0 20 20
8 1 18 6
8 2 5 19
8 3 23 24
8 4 4 9
8 5 294 27
8 6 25 9
8 7 204 1
8 9 2 6
8 10 84 1
8 11 2 3
8 13 242 17
8 14 224 1
8 16 20 29
8 17 166 1
8 18 1 15
8 20 284 2
8 21 80 5
8 22 167 5
8 23 1 6
8 24 20 18
9 1 2 4
9 2 188 19
9 4 2 26
9 5 8 8
9 6 5 7
9 7 1 27
9 8 366 1
9 10 199 1
9 11 7 2
9 12 18 1
9 13 1 8
9 14 174 1
9 18 158 2
9 20 1 2
9 24 97 1
9 27 7 11
10 1 1 19
10 2 2 29
10 3 1 10
10 4 332 1
10 5 434 1
10 6 3 26
10 8 44 1
10 9 4 29
10 11 3 15
10 13 40 1
10 14 2 16
10 15 101 1
10 16 61 3
10 17 199 1
11 0 1 12
11 2 13 3
11 3 422 1
11 6 1 3
11 7 382 1
11 8 47 1
11 9 1 4
11 10 347 1
11 12 269 2
11 14 1 11
11 15 1 19
11 17 1 26
11 20 181 1
11 21 39 6
11 22 1 11
11 23 51 1
11 24 2 13
11 25 370 1
12 0 1 19
12 1 1 18
12 2 1 19
12 4 1 4
12 5 141 2
12 9 228 25
12 10 1 11
12 11 209 1
12 13 2 25
12 15 1 26
12 22 138 1
12 23 26 1
13 7 69 1
13 11 93 1
13 12 103 1
13 15 1 2
13 17 28 2
13 23 12 2
14 1 148 6
14 7 1 8
14 9 56 1
14 11 315 1
14 15 1 13
14 17 100 3
14 18 1 14
14 20 1 13
14 24 38 1
15 6 56 4
15 7 1 9
15 10 387 4
15 11 2 18
15 12 71 1
15 26 32 9
16 0 21 8
16 1 20 29
16 3 21 3
16 4 1 29
16 5 21 8
16 7 85 2
16 8 65 13
16 17 194 1
16 18 1 1
16 20 1 23
16 24 21 2
17 0 151 1
17 1 2 22
17 2 27 2
17 3 2 26
17 6 385 2
17 8 1 9
17 10 1 7
17 11 184 1
17 13 1 9
17 16 4 4
18 1 9 3
18 3 19 1
18 6 29 1
18 7 71 3
18 9 137 3
18 11 60 1
18 16 2 2
18 19 1 4
19 0 158 1
19 1 238 2
19 4 127 4
19 6 148 2
19 12 25 2
19 20 375 2
20 0 393 1
20 1 124 1
20 2 206 1
20 3 245 2
20 7 19 2
20 16 114 1
20 19 6 3
20 22 33 1
21 3 1 19
21 5 12 2
21 23 10 1
22 6 1 1
22 8 15 2
22 10 1 22
22 12 1 2
22 17 44 1
22 20 9 1
23 1 1 23
23 3 1 24
23 6 86 5
23 7 134 2
23 12 8 9
23 14 1 13
23 24 1 4
23 25 10 1
24 0 21 10
24 1 42 13
24 3 20 20
24 5 20 3
24 6 1 20
24 7 58 1
24 8 20 15
24 16 21 12
24 17 3 11
24 19 1 8
24 23 1 10
24 26 1 1
24 27 48 5
25 7 1 7
25 11 6 11
26 3 16 13
26 5 18 1
26 7 77 5
26 12 40 4
27 7 81 15
27 8 4 8
27 12 1 4
27 25 25 1
27 26 45 2
