0 1 12 6
0 2 160 1
0 3 5 11
0 5 8 24
0 6 114 19
0 7 54 1
0 8 8 24
0 10 110 1
0 11 140 1
0 15 3 19
0 16 12 10
0 17 129 1
0 19 28 1
0 20 37 1
0 24 9 13
0 25 2 7
1 0 10 22
1 2 104 1
1 3 6 13
1 4 423 1
1 5 8 15
1 7 80 1
1 8 11 27
1 9 19 12
1 10 2 5
1 11 188 1
1 12 3 8
1 15 43 1
1 16 9 8
1 17 134 1
1 18 1 12
1 19 10 24
1 24 8 25
1 25 3 11
2 0 2 11
2 1 13 1
2 3 5 20
2 5 1 15
2 7 1 15
2 8 69 4
2 10 1 10
2 11 31 2
2 15 6 13
2 16 7 22
2 17 1 6
2 18 1 2
2 20 3 15
2 21 20 23
2 25 2 21
3 0 6 10
3 1 18 29
3 2 11 2
3 4 5 23
3 5 8 20
3 7 27 23
3 8 7 17
3 9 3 15
3 10 1 29
3 11 103 23
3 16 8 10
3 20 1 6
3 22 2 21
3 24 8 8
3 25 35 1
4 0 216 1
4 1 252 1
4 5 2 1
4 6 2 7
4 8 2 10
4 9 8 5
4 10 202 20
4 11 193 1
4 12 60 2
4 15 9 24
4 16 28 2
4 17 63 1
4 18 1 5
4 20 8 8
4 24 91 3
4 26 74 4
5 0 41 18
5 1 16 6
5 2 7 1
5 3 8 5
5 4 135 1
5 6 206 7
5 7 1 2
5 8 4 6
5 9 31 4
5 10 28 1
5 14 18 1
5 15 1 10
5 16 60 20
5 17 11 1
5 18 136 2
5 24 15 11
5 27 4 21
6 0 30 1
6 1 12 18
6 4 154 1
6 5 20 23
6 8 445 28
6 9 143 1
6 10 68 16
6 11 2 1
6 12 1 23
6 13 2 24
6 14 1 23
6 16 151 2
6 17 23 1
6 19 1 4
6 23 1 24
6 25 67 1
7 0 40 1
7 3 4 2
7 4 2 27
7 6 9 6
7 8 130 3
7 9 25 2
7 11 178 1
7 12 139 2
7 13 13 1
7 14 203 1
7 15 49 1
7 17 4 19
7 19 91 1
7 20 167 1
7 23 208 24
7 25 8 10
7 27 131 2
8 0 16 14
8 1 9 23
8 2 174 1
8 3 11 12
8 5 3 16
8 6 2 6
8 7 23 1
8 9 3 10
8 10 420 1
8 11 60 1
8 12 249 1
8 14 2 17
8 15 2 9
8 16 8 14
8 17 1 16
8 18 102 2
8 19 99 1
8 21 4 1
8 23 139 1
8 24 8 19
8 25 9 5
9 0 6 29
9 1 1 13
9 3 144 1
9 4 3 11
9 5 2 27
9 6 449 1
9 7 188 1
9 8 108 25
9 10 58 12
9 11 2 1
9 13 133 3
9 14 106 24
9 17 20 1
9 18 2 27
10 1 314 1
10 2 2 8
10 3 85 1
10 4 1 19
10 5 3 8
10 6 2 3
10 7 327 1
10 8 160 20
10 9 18 1
10 11 51 26
10 12 1 29
10 13 14 1
10 14 169 1
10 15 11 27
10 18 209 1
10 20 1 4
10 22 81 1
10 23 14 1
10 25 80 1
11 3 131 16
11 4 148 1
11 5 106 20
11 6 273 1
11 7 370 18
11 8 238 1
11 9 144 1
11 10 223 1
11 13 1 14
11 14 3 2
11 15 127 13
11 17 189 24
11 20 3 12
11 21 3 16
11 22 167 21
11 24 2 9
11 25 16 1
11 27 134 1
12 1 42 1
12 2 112 1
12 4 222 1
12 6 9 2
12 7 48 1
12 8 255 23
12 9 110 21
12 10 121 1
12 13 2 6
12 14 3 28
12 15 77 1
12 17 3 9
12 22 11 27
13 3 1 5
13 4 3 22
13 7 2 6
13 9 76 1
13 10 6 10
13 11 4 25
13 12 139 1
13 14 15 22
13 19 2 1
13 20 2 8
14 4 1 19
14 6 15 1
14 7 249 1
14 8 6 28
14 9 212 3
14 10 15 1
14 11 287 1
14 12 196 3
14 13 1 13
14 15 1 4
14 17 9 11
14 21 19 10
14 22 4 21
15 4 97 25
15 6 24 2
15 7 68 4
15 8 158 2
15 9 83 3
15 10 78 4
15 11 6 20
15 12 4 8
15 14 1 22
15 17 5 15
15 22 5 15
15 24 24 1
15 25 38 1
16 0 49 3
16 1 9 26
16 2 22 1
16 3 8 4
16 4 113 2
16 5 11 5
16 6 142 1
16 8 12 20
16 12 85 1
16 14 1 22
16 18 95 15
16 20 99 2
16 24 8 12
16 26 3 24
17 0 241 17
17 1 22 3
17 3 101 1
17 4 1 12
17 6 8 26
17 7 11 2
17 8 210 1
17 13 1 8
17 16 3 19
17 18 125 2
17 19 7 1
17 20 1 1
17 25 1 20
17 27 39 13
18 1 1 2
18 3 1 1
18 4 8 1
18 5 5 2
18 7 1 14
18 10 46 2
18 11 1 9
18 16 12 10
18 21 14 1
19 0 85 1
19 1 12 10
19 8 2 29
19 11 32 22
19 20 16 29
20 0 20 20
20 2 1 29
20 3 34 8
20 5 80 2
20 8 13 7
20 9 2 17
20 11 56 2
20 12 26 3
20 13 29 4
20 14 67 9
20 17 118 3
20 18 26 9
20 19 9 1
20 26 1 10
20 27 1 20
21 17 63 13
21 25 5 7
22 11 3 1
22 14 6 23
23 1 5 1
23 2 15 26
23 5 28 12
23 7 2 5
23 8 4 24
23 9 15 2
23 13 5 5
23 22 2 29
23 24 1 14
23 26 2 26
24 0 104 3
24 1 56 19
24 2 3 10
24 3 8 12
24 4 111 1
24 5 8 11
24 6 136 5
24 8 8 28
24 9 4 26
24 10 3 2
24 11 21 1
24 14 12 3
24 15 36 2
24 16 9 27
24 23 1 6
25 2 38 6
25 4 3 8
25 7 1 13
25 8 123 1
25 11 92 1
25 12 1 12
25 23 3 4
25 24 4 10
25 26 18 1
26 3 2 19
26 4 2 23
26 5 1 27
26 7 2 24
26 10 18 9
26 11 157 4
26 16 12 7
26 27 2 29
27 1 95 2
27 6 117 12
27 7 181 1
27 8 6 18
27 10 5 8
27 13 17 3
27 18 2 9
27 21 2 9
27 22 8 24
27 23 22 12
27 25 20 1
