0 1 24 1
0 2 141 1
0 3 34 21
0 5 34 8
0 7 43 1
0 8 20 29
0 10 103 1
0 11 130 1
0 14 50 1
0 16 20 3
0 17 117 1
0 19 17 1
0 20 29 1
0 24 29 21
0 25 1 18
0 26 9 3
1 0 21 1
1 2 210 1
1 3 45 24
1 4 189 1
1 5 20 11
1 7 68 1
1 8 152 23
1 9 15 17
1 10 1 22
1 11 178 2
1 14 142 2
1 16 40 10
1 17 95 1
1 22 20 1
1 24 38 3
1 25 1 4
2 0 3 9
2 3 35 3
2 5 3 29
2 7 160 3
2 8 34 13
2 10 1 12
2 12 79 3
2 15 6 1
2 16 1 19
2 17 12 20
2 18 2 21
2 19 1 26
2 20 18 21
2 24 3 7
3 0 36 14
3 1 108 5
3 2 54 16
3 5 84 15
3 6 1 11
3 7 4 3
3 8 73 7
3 9 16 23
3 11 295 12
3 16 20 20
3 17 38 20
3 18 27 29
3 20 5 2
3 24 33 27
3 25 32 5
3 26 1 9
3 27 1 19
4 0 199 1
4 1 405 1
4 2 24 2
4 5 7 1
4 6 2 10
4 7 2 10
4 8 23 3
4 9 9 29
4 10 196 2
4 11 187 1
4 12 54 2
4 14 28 8
4 15 1 28
4 17 54 2
4 18 2 24
4 23 71 26
4 24 89 1
5 0 25 18
5 1 22 24
5 2 4 1
5 3 20 3
5 4 103 1
5 6 35 12
5 7 347 1
5 8 17 20
5 9 37 1
5 10 11 1
5 15 3 2
5 16 20 25
5 18 133 1
5 19 1 16
5 24 72 26
5 27 2 9
6 0 22 1
6 1 3 3
6 2 10 9
6 3 157 7
6 4 93 1
6 5 67 12
6 8 209 29
6 9 369 1
6 10 34 13
6 12 1 2
6 14 4 22
6 17 247 1
6 23 1 16
6 24 1 10
6 27 97 6
7 0 371 1
7 3 4 23
7 6 2 22
7 11 94 1
7 12 134 2
7 14 193 1
7 15 36 1
7 16 18 1
7 20 158 2
7 22 66 3
7 24 2 1
8 0 21 17
8 1 18 23
8 2 158 5
8 3 114 18
8 5 16 22
8 7 118 1
8 9 1 21
8 10 183 2
8 11 44 1
8 12 240 1
8 14 1 14
8 15 5 12
8 16 46 25
8 17 72 12
8 18 97 1
8 22 4 7
8 23 136 1
8 24 23 1
8 25 7 3
9 0 1 22
9 1 1 24
9 4 2 1
9 6 422 1
9 7 177 1
9 8 116 1
9 10 6 5
9 11 350 1
9 12 1 4
9 14 1 18
9 16 10 1
9 17 17 3
9 19 77 5
9 20 149 25
9 21 23 4
9 27 10 13
10 1 301 1
10 2 3 2
10 3 75 1
10 4 14 23
10 5 4 25
10 6 24 23
10 7 303 1
10 8 187 5
10 9 370 1
10 11 13 11
10 12 2 22
10 13 239 1
10 14 71 1
10 15 296 1
10 18 207 1
10 19 2 29
10 20 10 6
10 22 75 1
10 23 11 4
10 25 72 1
10 26 75 20
10 27 63 3
11 0 2 1
11 3 3 11
11 4 141 1
11 5 124 2
11 6 258 1
11 7 152 10
11 8 226 1
11 9 131 1
11 10 33 1
11 13 1 13
11 14 2 4
11 15 121 1
11 16 1 23
11 20 4 25
11 22 31 1
11 23 70 24
11 24 23 23
11 25 4 1
12 0 6 17
12 8 68 2
12 9 4 23
12 10 66 1
12 13 3 20
12 15 3 1
12 17 6 24
12 19 11 15
12 23 5 17
12 25 66 4
13 7 1 13
13 9 72 1
13 10 7 22
13 11 1 27
13 12 125 1
13 14 10 29
13 15 2 23
13 18 1 20
13 22 4 1
14 6 156 2
14 8 1 22
14 10 51 1
14 11 114 1
14 12 193 2
14 13 1 24
14 15 1 2
14 17 8 13
14 25 4 11
15 0 2 7
15 5 31 22
15 7 1 10
15 8 189 1
15 10 1 11
15 11 6 18
15 14 52 2
15 23 12 8
16 0 26 29
16 1 39 25
16 3 96 24
16 4 106 1
16 5 39 10
16 8 20 19
16 12 83 5
16 13 1 5
16 24 33 27
17 0 1 9
17 1 4 5
17 3 94 1
17 4 2 9
17 5 87 1
17 6 3 5
17 8 200 1
17 9 236 1
17 14 30 21
17 15 7 5
17 16 39 19
17 19 6 1
17 24 90 16
17 25 1 25
17 27 38 8
18 3 1 3
18 4 3 1
18 9 3 27
18 16 2 23
18 17 2 27
18 20 45 1
19 0 67 1
19 1 1 14
19 7 1 25
19 8 163 24
19 9 12 26
19 11 3 23
19 18 1 16
19 20 7 1
20 0 4 9
20 1 19 16
20 2 2 24
20 3 5 5
20 4 1 14
20 5 78 3
20 6 115 1
20 7 114 28
20 9 1 14
20 11 52 1
20 15 85 3
20 16 48 2
20 17 115 1
20 23 1 20
20 26 1 28
20 27 2 18
21 9 88 26
21 17 63 15
22 7 88 3
22 10 94 1
22 11 146 3
22 13 1 25
22 14 3 13
22 21 21 23
23 4 1 4
23 5 28 1
23 9 14 1
23 10 123 11
23 11 1 27
23 22 2 16
24 0 20 17
24 1 20 20
24 2 3 10
24 3 20 13
24 5 20 14
24 7 3 2
24 8 20 12
24 10 1 22
24 15 34 2
24 16 20 4
25 2 37 26
25 3 2 14
25 4 3 11
25 7 1 23
25 8 116 2
25 11 7 6
25 12 2 27
25 14 38 1
25 22 1 3
25 24 3 14
25 26 19 15
26 0 1 16
26 6 3 11
26 8 1 25
26 9 24 3
26 10 17 2
26 20 42 3
26 25 4 17
27 6 3 5
27 8 26 11
27 10 5 1
27 11 5 18
27 17 42 1
27 19 2 6
27 25 15 1
