0 1 116 1
0 2 15 2
0 3 253 1
0 4 1 28
0 5 79 1
0 6 55 1
0 7 4 29
0 8 2 4
0 9 2 23
0 10 3 6
0 11 16 9
0 15 35 4
0 16 141 1
0 17 3 16
0 19 11 1
0 20 2 23
0 22 1 18
0 24 68 1
1 0 262 1
1 2 6 13
1 3 6 3
1 4 1 28
1 5 120 1
1 6 34 19
1 7 3 6
1 8 102 13
1 9 399 1
1 11 2 20
1 12 227 3
1 13 2 14
1 14 1 18
1 16 36 1
1 17 152 1
1 19 82 1
1 24 47 1
2 1 7 16
2 3 76 6
2 4 1 22
2 5 80 2
2 6 3 28
2 7 270 1
2 8 246 1
2 9 20 3
2 10 360 1
2 15 1 12
2 17 114 1
2 20 177 1
2 23 20 23
2 26 28 2
3 0 173 1
3 1 139 1
3 2 88 1
3 4 50 2
3 5 22 1
3 6 5 4
3 7 15 18
3 8 31 1
3 10 6 2
3 11 214 1
3 12 4 3
3 16 88 1
3 17 1 23
3 20 284 2
3 21 10 29
3 22 1 22
3 23 3 6
3 24 87 1
3 25 2 17
4 0 2 11
4 1 9 21
4 2 7 3
4 5 47 17
4 6 3 8
4 8 274 1
4 9 2 17
4 10 1 17
4 11 3 11
4 12 3 27
4 14 4 14
4 16 2 29
4 17 5 3
4 18 164 1
4 19 146 4
4 20 66 1
4 21 68 7
4 24 99 4
5 0 22 1
5 1 190 1
5 3 60 1
5 4 2 1
5 6 14 21
5 8 196 1
5 9 23 14
5 10 108 1
5 12 1 1
5 16 59 1
5 24 23 1
6 0 2 27
6 1 1 2
6 2 359 1
6 3 118 1
6 4 212 25
6 5 28 16
6 7 52 21
6 8 11 9
6 9 1 1
6 10 13 27
6 11 3 3
6 12 41 1
6 13 1 28
6 14 213 3
6 17 5 27
6 18 2 15
6 19 53 1
6 20 2 29
6 21 1 15
6 22 80 2
6 23 1 26
6 25 1 1
7 0 1 18
7 1 1 9
7 2 1 28
7 3 2 22
7 5 1 16
7 6 38 17
7 8 5 27
7 10 97 1
7 11 11 11
7 12 5 2
7 17 89 1
7 19 2 1
7 23 5 5
7 24 14 2
7 25 198 1
7 27 1 16
8 0 250 1
8 1 223 1
8 2 4 10
8 3 271 1
8 4 326 19
8 5 70 1
8 6 141 12
8 7 389 1
8 9 3 25
8 10 4 19
8 11 2 12
8 12 6 28
8 14 142 1
8 15 222 1
8 16 98 1
8 17 117 2
8 20 258 1
8 24 39 1
8 25 1 28
9 0 72 1
9 2 2 17
9 4 2 24
9 5 3 22
9 6 9 20
9 7 1 11
9 8 195 1
9 10 65 1
9 11 3 5
9 12 1 28
9 14 131 1
9 17 242 2
9 20 33 23
9 22 92 2
9 24 86 1
9 25 2 29
9 27 4 1
10 0 269 1
10 1 1 2
10 2 2 1
10 3 16 1
10 4 265 1
10 5 352 1
10 6 1 18
10 8 129 1
10 9 12 29
10 11 17 12
10 12 286 1
10 14 13 1
10 15 33 1
10 16 49 1
10 17 170 1
10 18 3 12
10 19 50 1
10 21 2 14
10 23 1 23
10 24 1 11
10 25 1 13
10 26 1 3
10 27 1 29
11 0 1 4
11 1 1 7
11 3 360 1
11 6 112 11
11 7 208 1
11 9 19 3
11 10 75 1
11 13 139 1
11 14 3 9
11 15 6 4
11 17 2 3
11 19 2 22
11 20 151 1
11 21 30 5
11 22 2 26
11 23 14 2
11 24 17 17
11 25 166 1
11 26 1 23
11 27 1 29
12 0 1 13
12 3 92 1
12 4 8 3
12 5 89 2
12 7 247 8
12 8 26 11
12 9 2 5
12 10 136 27
12 11 182 1
12 13 2 10
12 14 6 2
12 17 31 1
12 18 3 9
12 21 123 3
12 22 119 1
12 23 16 1
12 25 81 26
12 26 66 8
13 1 2 1
13 3 33 1
13 6 157 6
13 7 43 2
13 8 1 2
13 11 49 1
13 12 39 1
13 14 1 1
13 15 1 1
13 16 1 6
13 25 1 28
14 1 135 4
14 7 7 14
14 9 21 3
14 10 243 1
14 11 190 1
14 13 50 1
14 15 132 4
14 18 2 6
14 23 2 18
15 0 85 2
15 2 1 9
15 7 5 9
15 9 2 21
15 10 355 1
15 11 131 1
15 12 51 2
15 14 111 1
15 17 15 6
15 19 3 11
15 23 4 8
15 24 4 8
16 0 17 1
16 1 43 1
16 3 50 1
16 4 1 7
16 5 56 1
16 7 72 2
16 8 50 1
16 10 3 4
16 13 1 11
16 17 138 1
16 24 19 1
17 0 88 1
17 1 1 27
17 3 1 27
17 4 362 2
17 6 353 1
17 12 3 10
17 16 1 21
17 19 138 1
17 23 2 19
17 26 13 1
18 0 4 9
18 4 2 5
18 5 1 27
18 6 10 1
18 7 54 3
18 9 110 1
18 11 47 5
18 12 3 14
18 13 2 15
18 16 1 3
18 24 19 2
19 0 54 1
19 1 220 2
19 2 44 3
19 4 110 3
19 6 135 4
19 8 1 2
19 11 2 10
19 20 110 1
20 3 193 1
20 5 1 23
20 7 3 4
20 8 4 1
20 11 1 6
20 13 72 3
20 15 1 23
20 17 1 10
20 19 17 1
20 22 29 1
20 27 1 19
21 6 100 3
21 9 2 21
21 17 1 4
21 23 7 1
21 25 15 24
21 26 1 16
22 2 18 10
22 4 1 6
22 6 2 8
22 7 1 1
22 10 10 24
22 11 2 29
22 25 17 18
22 26 17 6
23 6 76 1
23 10 12 2
23 11 7 12
23 12 3 19
23 17 1 12
24 0 130 1
24 1 53 1
24 2 45 20
24 3 7 11
24 4 1 15
24 5 6 28
24 7 19 1
24 8 133 1
24 10 198 1
24 11 1 6
24 12 43 2
24 16 34 1
24 20 1 12
24 26 1 21
25 0 129 1
25 1 103 1
25 7 1 13
25 9 1 21
25 10 2 12
25 11 102 17
25 12 22 4
25 18 46 5
25 20 1 22
26 5 1 28
26 7 61 1
26 24 80 6
27 4 1 20
27 6 44 20
27 7 1 11
27 10 2 5
27 11 296 4
27 15 32 1
27 20 37 9
