0 1 412 1
0 2 88 1
0 3 5 21
0 4 1 9
0 5 304 1
0 6 435 23
0 7 15 2
0 8 174 1
0 11 99 1
0 12 1 23
0 16 43 1
0 17 81 1
0 18 34 4
0 24 27 10
0 25 3 25
0 27 43 4
1 0 228 9
1 2 54 1
1 3 9 12
1 4 135 1
1 5 48 16
1 6 147 1
1 7 35 1
1 8 327 3
1 9 2 12
1 10 14 28
1 11 148 1
1 14 133 3
1 16 274 5
1 17 19 2
1 21 29 2
1 24 37 6
1 25 96 19
1 26 91 1
1 27 105 10
2 0 20 11
2 1 5 20
2 3 55 1
2 4 3 11
2 5 9 6
2 8 4 4
2 9 1 19
2 10 133 9
2 11 10 1
2 12 71 2
2 15 4 1
2 17 7 19
2 21 20 25
2 24 4 19
3 0 31 25
3 1 2 15
3 2 14 21
3 4 237 22
3 5 74 5
3 7 340 3
3 8 19 17
3 10 9 7
3 11 102 3
3 13 1 6
3 16 69 4
3 17 30 4
3 18 4 19
3 20 2 23
3 23 3 6
3 24 58 14
3 25 26 3
4 0 148 1
4 1 130 1
4 3 1 7
4 5 5 1
4 6 6 25
4 8 1 12
4 9 2 7
4 10 181 1
4 11 167 1
4 12 36 2
4 15 29 27
4 16 215 2
4 18 53 25
4 25 96 3
5 0 31 25
5 1 12 29
5 3 16 11
5 4 55 1
5 6 305 1
5 7 323 1
5 8 330 1
5 9 2 5
5 10 319 1
5 16 8 16
5 17 3 3
5 24 61 1
6 1 23 10
6 2 1 1
6 4 44 1
6 5 27 1
6 7 4 1
6 8 286 21
6 9 293 1
6 10 3 5
6 11 14 2
6 12 149 8
6 14 3 25
6 17 225 1
6 19 1 19
6 21 98 2
6 23 1 7
6 26 2 21
6 27 92 4
7 0 17 1
7 3 4 10
7 6 72 6
7 8 2 22
7 10 343 1
7 11 3 12
7 12 119 1
7 14 159 1
7 15 7 1
7 17 1 25
7 20 131 1
7 22 55 3
7 23 10 1
7 25 13 2
7 26 88 3
7 27 108 1
8 0 94 28
8 1 142 1
8 2 88 19
8 3 60 1
8 4 3 2
8 5 26 12
8 6 48 2
8 7 14 1
8 9 3 13
8 10 294 1
8 11 10 1
8 12 212 2
8 13 2 8
8 15 2 4
8 16 191 1
8 17 1 15
8 18 79 1
8 19 83 2
8 20 1 9
8 23 127 1
8 24 38 1
9 0 5 21
9 1 6 6
9 3 126 1
9 4 2 5
9 5 58 1
9 6 319 1
9 7 143 1
9 8 349 1
9 10 6 6
9 11 316 1
9 12 1 7
9 13 124 1
9 17 10 1
9 21 18 6
9 25 104 1
10 1 258 1
10 2 3 27
10 3 46 1
10 4 5 26
10 5 2 5
10 6 1 22
10 7 56 1
10 8 6 24
10 9 43 14
10 11 12 22
10 12 2 26
10 13 196 1
10 14 68 1
10 15 258 1
10 16 3 5
10 17 4 29
10 21 3 11
10 22 57 1
10 23 5 1
10 24 1 2
10 25 49 1
10 27 52 1
11 1 341 1
11 2 21 2
11 4 122 1
11 5 212 1
11 6 208 1
11 7 326 1
11 8 190 1
11 9 94 1
11 10 396 1
11 14 3 20
11 15 30 1
11 16 22 12
11 17 186 2
11 19 143 1
11 20 2 10
11 21 1 23
11 23 2 2
11 24 11 22
11 25 2 3
11 27 95 1
12 2 106 1
12 4 48 1
12 8 65 1
12 9 7 25
12 10 91 1
12 13 9 4
12 14 3 22
12 17 11 19
12 20 1 4
12 21 6 7
12 23 14 12
13 1 92 2
13 7 9 9
13 8 8 2
13 9 59 1
13 10 2 7
13 11 1 9
13 12 96 1
13 14 1 4
13 15 3 9
13 17 2 28
13 18 1 15
13 20 19 15
13 22 2 6
13 23 1 6
13 26 3 24
14 0 1 1
14 3 10 1
14 4 1 15
14 6 6 2
14 7 209 1
14 8 84 12
14 9 9 3
14 10 2 1
14 11 258 1
14 15 79 10
14 17 6 2
14 24 1 10
15 6 11 4
15 7 43 15
15 8 166 1
15 9 65 1
15 10 1 22
15 11 11 4
15 14 49 1
15 19 1 6
16 0 83 7
16 1 98 2
16 3 45 25
16 4 85 2
16 6 129 1
16 8 92 14
16 9 5 1
16 11 128 3
16 12 79 8
16 15 1 12
16 20 94 1
16 24 16 1
17 1 1 25
17 2 250 3
17 4 19 25
17 6 9 11
17 7 3 7
17 8 170 2
17 16 27 3
17 18 98 1
17 25 2 11
18 2 1 4
18 3 1 17
18 6 1 14
18 8 8 21
18 12 118 2
18 14 3 12
18 16 2 13
18 17 8 14
18 20 40 1
18 23 1 11
19 0 23 1
19 1 3 19
19 3 75 5
19 4 2 14
19 5 9 22
19 7 1 1
19 9 1 1
19 11 129 13
19 14 6 24
19 18 1 20
19 20 4 16
19 26 10 6
20 0 2 27
20 1 1 12
20 3 6 16
20 7 24 2
20 14 62 3
20 19 5 16
20 25 21 1
20 27 1 17
21 6 24 1
21 7 83 1
21 8 118 4
21 10 8 19
21 17 62 1
21 23 1 24
22 1 2 16
22 4 81 3
22 9 86 1
22 11 129 1
22 14 3 25
22 17 1 4
23 0 5 5
23 5 2 7
23 7 2 7
23 8 1 20
23 9 9 7
23 11 1 7
23 12 90 2
23 20 1 21
23 24 1 7
24 0 249 17
24 1 13 8
24 2 1 12
24 3 47 1
24 4 107 15
24 5 228 1
24 6 127 2
24 7 5 28
24 8 248 1
24 16 64 1
24 25 4 2
25 0 7 2
25 4 1 5
25 7 1 9
25 8 96 1
25 9 86 1
25 11 257 1
25 12 2 17
25 14 33 4
25 26 19 12
26 0 1 8
26 4 1 29
26 8 45 6
26 9 1 26
26 10 13 1
26 20 40 4
26 24 4 7
26 25 1 8
26 27 2 10
27 0 10 19
27 1 90 8
27 4 2 5
27 6 117 8
27 7 160 1
27 17 39 1
27 24 1 2
27 25 4 4
