0 1 15 9
0 2 76 1
0 3 23 15
0 4 1 19
0 5 20 9
0 6 124 1
0 7 1 15
0 8 42 23
0 11 1 25
0 15 50 1
0 16 63 24
0 17 1 5
0 18 1 3
0 19 81 1
0 20 1 28
0 24 42 10
0 25 8 1
1 0 21 26
1 2 68 1
1 3 18 26
1 4 3 28
1 5 21 8
1 6 5 18
1 7 1 4
1 8 46 7
1 10 127 1
1 11 229 20
1 12 242 1
1 16 19 3
1 17 345 1
1 18 21 2
1 19 124 1
1 20 38 1
1 24 20 24
2 0 1 4
2 1 4 6
2 3 266 1
2 4 1 23
2 6 1 5
2 8 159 1
2 11 1 1
2 13 6 4
2 17 166 1
2 18 44 4
2 20 200 1
3 0 19 25
3 1 22 28
3 2 3 17
3 4 92 1
3 5 62 1
3 6 1 19
3 7 4 1
3 8 19 27
3 9 13 1
3 10 33 1
3 11 312 1
3 12 1 13
3 16 20 8
3 23 6 2
3 24 178 25
4 0 2 2
4 1 4 15
4 2 1 10
4 3 1 17
4 5 3 22
4 6 2 18
4 7 356 3
4 8 309 1
4 9 1 23
4 12 1 3
4 15 17 2
4 17 2 19
4 24 1 3
5 0 20 21
5 1 21 13
5 3 20 15
5 4 4 28
5 6 10 16
5 7 49 1
5 8 25 16
5 9 2 1
5 10 218 1
5 12 124 18
5 16 21 11
5 19 9 10
5 24 42 6
6 0 1 26
6 1 135 1
6 2 419 1
6 3 191 1
6 4 183 1
6 5 214 1
6 7 3 22
6 8 245 1
6 9 3 20
6 10 4 14
6 11 31 1
6 12 88 1
6 14 234 1
6 15 1 2
6 16 1 20
6 17 1 21
6 18 1 4
6 19 71 3
6 24 32 1
6 25 1 26
7 0 3 3
7 1 2 1
7 3 36 1
7 5 1 14
7 6 39 9
7 8 6 26
7 9 1 24
7 10 206 1
7 11 24 1
7 12 1 23
7 15 3 1
7 17 121 2
7 20 2 13
7 23 1 17
7 24 49 1
7 25 287 1
8 0 20 15
8 1 18 8
8 2 10 7
8 3 22 12
8 4 2 5
8 5 51 4
8 6 52 3
8 7 199 1
8 9 2 8
8 10 80 1
8 11 2 13
8 12 1 1
8 14 222 1
8 15 245 2
8 16 20 24
8 17 165 1
8 24 20 8
9 0 104 2
9 3 1 9
9 4 2 9
9 5 7 6
9 6 4 20
9 7 1 24
9 8 364 1
9 10 193 1
9 12 17 1
9 14 174 1
9 19 1 27
9 24 96 3
9 26 51 3
10 0 297 2
10 1 1 21
10 2 1 3
10 3 1 12
10 4 331 1
10 5 434 1
10 6 2 5
10 8 34 1
10 9 4 3
10 11 3 9
10 12 351 1
10 13 39 2
10 14 2 1
10 15 100 1
10 17 199 2
10 20 7 2
10 22 2 11
10 25 2 7
11 3 422 1
11 4 1 4
11 5 1 5
11 6 1 17
11 7 374 22
11 8 46 1
11 9 1 2
11 10 345 1
11 13 189 1
11 14 1 1
11 15 2 17
11 20 181 1
11 23 51 1
11 24 2 17
11 25 368 1
11 27 2 20
12 3 101 3
12 6 1 7
12 9 2 11
12 10 1 15
12 11 208 1
12 14 24 3
12 18 1 22
12 21 138 5
12 22 137 2
12 23 26 4
12 25 81 10
13 7 69 1
13 10 1 29
13 11 92 1
13 12 102 1
13 19 7 25
13 25 1 24
14 5 1 2
14 9 55 1
14 11 314 1
14 12 8 1
14 13 97 3
14 15 1 20
14 24 37 10
15 7 1 21
15 11 2 26
15 12 70 2
15 23 1 26
15 25 2 6
16 0 20 21
16 1 20 4
16 3 424 14
16 5 20 13
16 8 20 25
16 10 1 9
16 17 193 1
16 18 1 17
16 24 20 5
17 0 150 1
17 1 2 12
17 4 391 2
17 5 1 19
17 7 297 1
17 8 1 17
17 9 1 24
17 11 184 1
17 12 1 27
17 16 1 28
17 18 1 17
17 20 6 2
17 26 16 1
18 3 19 1
18 4 1 13
18 5 1 28
18 6 29 1
18 11 59 3
18 12 1 4
18 16 68 25
18 17 206 1
19 0 157 1
19 16 46 2
19 17 1 22
20 0 393 1
20 1 124 1
20 2 206 3
20 4 22 3
20 8 16 4
20 16 113 12
20 17 1 22
20 19 96 25
20 22 33 3
20 24 75 2
21 8 1 10
21 22 1 14
21 23 9 11
22 6 1 15
22 7 1 4
22 11 2 7
22 15 1 13
22 17 43 15
22 20 9 1
22 23 14 3
23 11 1 17
23 21 1 28
23 25 9 8
23 26 11 1
24 0 41 23
24 1 20 17
24 3 20 3
24 5 20 28
24 7 57 1
24 8 21 24
24 9 59 1
24 10 222 2
24 16 20 22
24 26 1 27
25 6 1 27
25 7 1 18
25 8 1 12
25 11 4 6
25 12 30 1
26 1 63 1
26 5 18 3
26 6 67 4
26 25 53 1
26 27 6 3
27 7 1 27
27 9 65 1
27 11 1 8
27 25 25 1
