0 1 152 1
0 2 56 1
0 3 181 1
0 4 1 24
0 5 263 1
0 6 6 2
0 8 160 8
0 9 248 1
0 11 80 1
0 14 38 5
0 16 143 1
0 17 60 1
0 18 33 1
0 20 2 2
0 24 133 1
0 25 1 21
1 0 312 1
1 2 1 2
1 3 34 1
1 4 292 1
1 5 25 10
1 6 121 1
1 7 19 1
1 8 134 23
1 8 363 1
1 9 1 3
1 10 16 13
1 14 127 2
1 15 27 1
1 16 218 1
1 17 147 1
1 19 18 17
1 20 11 8
1 21 1 5
1 24 101 1
1 25 96 2
2 1 17 7
2 3 78 1
2 4 11 19
2 5 63 16
2 6 1 20
2 7 1 1
2 8 57 11
2 10 6 19
2 13 11 3
2 16 1 28
2 17 1 24
2 18 1 16
2 20 2 24
2 24 1 10
3 0 36 2
3 1 70 1
3 2 1 12
3 4 17 2
3 5 37 15
3 6 5 1
3 7 3 16
3 8 135 1
3 10 293 3
3 11 3 1
3 16 87 1
3 17 22 3
3 18 1 22
3 20 4 4
3 24 76 1
4 0 115 1
4 1 87 1
4 5 190 1
4 6 2 2
4 8 56 25
4 9 1 12
4 11 154 1
4 12 26 1
4 15 1 28
4 16 209 2
4 17 18 2
4 18 3 11
4 20 1 13
4 22 18 5
4 24 81 3
5 0 99 1
5 1 88 1
5 3 132 1
5 4 16 1
5 6 201 1
5 7 302 1
5 8 142 1
5 9 7 1
5 10 273 1
5 14 7 8
5 16 31 1
5 17 1 2
5 18 113 1
5 20 2 24
5 23 3 26
5 24 94 1
6 1 105 20
6 2 106 1
6 3 19 20
6 4 284 1
6 5 62 1
6 7 9 14
6 8 127 1
6 9 171 1
6 10 104 3
6 11 175 1
6 17 199 1
6 18 255 4
6 19 25 18
6 20 236 2
6 23 97 10
6 24 32 1
6 26 4 2
7 0 4 17
7 2 1 3
7 3 8 15
7 4 4 12
7 6 6 2
7 8 341 1
7 9 2 1
7 10 260 1
7 11 9 10
7 14 135 1
7 17 10 22
7 19 63 2
7 20 112 1
7 22 48 2
7 24 6 1
7 25 35 6
7 26 82 1
7 27 95 2
8 0 75 4
8 1 379 1
8 2 62 1
8 3 3 16
8 4 1 17
8 5 248 1
8 6 51 18
8 9 5 13
8 10 272 1
8 13 1 1
8 14 5 1
8 16 156 1
8 20 3 12
8 21 1 1
8 24 39 1
8 26 2 2
8 27 82 4
9 0 4 27
9 1 12 17
9 2 1 11
9 3 117 1
9 4 4 19
9 5 356 1
9 6 292 1
9 7 120 1
9 8 56 1
9 10 52 25
9 11 290 1
9 12 6 28
9 13 117 3
9 14 1 2
9 18 7 23
9 27 21 17
10 1 227 1
10 2 31 12
10 3 30 2
10 4 39 11
10 5 6 1
10 6 2 27
10 7 13 16
10 8 5 1
10 9 231 1
10 11 15 15
10 12 3 6
10 13 161 1
10 14 17 1
10 15 221 1
10 16 1 1
10 18 194 5
10 19 5 12
10 20 1 5
10 21 4 24
10 22 46 2
10 23 2 1
10 25 35 2
11 0 330 1
11 2 260 2
11 3 2 13
11 4 108 2
11 5 198 1
11 6 174 1
11 7 193 1
11 8 179 1
11 9 71 1
11 10 320 1
11 13 1 6
11 14 1 9
11 15 1 4
11 16 2 17
11 17 181 4
11 20 1 21
11 21 1 23
11 23 59 1
11 24 48 11
11 25 2 2
11 26 196 1
11 27 76 2
12 0 177 5
12 2 102 1
12 4 5 14
12 5 1 6
12 8 242 1
12 9 3 10
12 10 39 1
12 13 1 1
12 16 1 18
12 20 4 29
12 23 2 2
12 26 44 13
12 27 50 7
13 1 88 1
13 4 1 17
13 7 2 5
13 9 51 1
13 10 6 22
13 11 154 29
13 12 68 1
13 14 1 2
13 15 4 3
13 17 2 3
13 18 36 4
13 21 10 2
14 0 1 2
14 2 5 1
14 4 1 7
14 5 42 4
14 6 143 2
14 7 186 1
14 8 1 22
14 9 3 1
14 10 2 16
14 11 38 1
14 13 39 1
14 15 1 27
14 21 16 1
14 24 3 23
15 0 1 24
15 6 2 10
15 7 1 6
15 8 150 1
15 9 55 3
15 10 1 14
15 11 39 12
15 12 3 24
15 14 19 1
15 16 19 14
15 17 2 19
15 27 11 3
16 0 84 1
16 1 174 6
16 3 195 1
16 4 72 1
16 5 87 1
16 6 122 1
16 7 1 11
16 8 47 27
16 10 159 5
16 14 24 12
16 17 197 1
16 21 7 1
16 23 1 29
16 24 111 1
17 0 1 21
17 2 242 1
17 3 59 1
17 4 3 23
17 5 59 1
17 6 1 5
17 8 150 1
17 9 220 1
17 14 32 15
17 15 80 2
17 16 5 23
17 20 2 28
17 25 1 17
18 1 124 24
18 3 1 25
18 4 4 11
18 6 2 26
18 8 5 19
18 9 33 5
18 10 26 2
18 15 33 18
18 16 1 21
18 17 1 9
19 1 2 7
19 8 169 2
19 9 1 14
19 20 8 17
20 0 1 6
20 1 2 24
20 3 54 15
20 4 2 23
20 6 90 2
20 8 194 24
20 9 2 22
20 10 221 3
20 14 59 1
20 19 10 9
20 26 10 19
21 0 1 4
21 7 80 3
21 12 137 1
21 26 1 11
22 7 69 2
22 10 62 1
22 11 117 1
22 13 2 25
23 5 26 18
23 6 1 14
23 7 1 1
23 8 1 25
23 11 3 15
23 17 1 3
23 20 1 3
23 22 1 25
23 24 7 12
23 26 5 14
24 0 205 1
24 1 79 1
24 3 13 1
24 4 106 1
24 5 111 1
24 6 122 1
24 7 5 1
24 8 15 11
24 11 2 11
24 15 27 3
24 16 130 1
24 17 1 4
24 20 2 8
24 25 2 1
24 26 1 17
25 2 35 3
25 4 2 21
25 7 2 14
25 8 82 2
25 10 2 5
25 11 172 1
25 12 3 21
25 14 30 2
25 15 34 1
25 16 36 12
26 0 1 22
26 7 1 24
26 8 47 8
26 15 15 5
26 17 1 4
26 21 12 15
26 24 1 9
26 25 4 22
26 27 6 15
27 0 1 16
27 6 1 1
27 7 148 2
27 8 2 24
27 21 4 5
