0 1 2 22
0 2 40 1
0 3 35 1
0 4 5 22
0 5 39 1
0 6 431 1
0 7 1 1
0 8 64 1
0 9 245 4
0 10 59 1
0 11 68 1
0 16 5 1
0 17 48 1
0 18 158 3
0 19 6 1
0 24 5 1
0 25 5 24
0 26 9 23
1 0 364 1
1 2 3 3
1 3 36 1
1 4 230 1
1 5 11 1
1 6 198 1
1 7 11 2
1 8 207 26
1 9 2 11
1 10 1 1
1 13 1 7
1 15 24 5
1 16 78 1
1 17 108 1
1 19 21 14
1 22 13 2
1 24 53 1
1 25 1 12
1 27 103 2
2 0 2 11
2 1 6 1
2 3 168 1
2 4 8 22
2 5 10 8
2 6 3 14
2 7 6 22
2 8 5 16
2 10 1 10
2 12 63 1
2 13 1 1
2 15 2 1
2 18 5 9
2 19 8 15
2 20 1 17
2 24 1 28
2 26 4 5
3 0 1 1
3 1 64 1
3 2 130 1
3 4 239 22
3 5 20 1
3 6 2 18
3 8 4 1
3 9 18 2
3 10 288 1
3 11 126 1
3 15 14 1
3 16 30 1
3 17 16 1
3 18 1 3
3 19 1 5
3 20 127 27
3 22 19 24
3 23 16 28
3 24 6 1
3 27 1 26
4 0 96 1
4 1 261 1
4 3 2 21
4 5 204 1
4 6 417 16
4 7 3 29
4 8 1 16
4 9 1 5
4 10 180 1
4 11 145 1
4 12 20 1
4 14 116 25
4 15 1 20
4 16 8 3
4 17 12 1
4 18 52 11
4 24 79 6
5 0 152 1
5 1 18 19
5 3 6 1
5 4 28 1
5 6 121 1
5 7 288 1
5 8 5 1
5 9 428 1
5 10 244 1
5 12 1 19
5 16 36 22
5 18 108 1
5 19 15 9
5 23 21 20
5 24 22 15
5 26 16 2
6 1 5 20
6 2 235 1
6 3 149 1
6 4 168 1
6 5 284 1
6 7 1 18
6 8 163 1
6 9 108 1
6 10 2 13
6 14 26 17
6 17 183 1
6 18 253 1
6 21 94 4
6 24 7 1
6 25 39 3
6 26 7 27
6 27 86 1
7 0 2 1
7 1 5 3
7 2 9 20
7 3 1 26
7 5 1 2
7 6 3 5
7 8 406 1
7 10 318 1
7 11 20 5
7 12 103 1
7 14 121 1
7 17 6 12
7 18 1 13
7 19 58 1
7 20 102 1
7 24 209 1
7 25 38 1
7 27 88 1
8 0 76 1
8 1 21 1
8 2 27 1
8 3 23 1
8 4 2 29
8 5 13 1
8 6 156 7
8 7 1 23
8 9 2 6
8 10 194 1
8 12 180 2
8 13 1 1
8 14 3 1
8 15 1 29
8 16 11 1
8 17 89 17
8 18 60 2
8 19 70 1
8 23 117 1
8 24 16 1
8 27 78 4
9 0 1 11
9 1 13 19
9 2 1 17
9 4 2 17
9 5 230 14
9 6 208 10
9 7 107 1
9 8 280 1
9 10 5 15
9 11 274 1
9 12 3 14
9 14 1 29
9 21 13 8
9 23 82 19
9 27 34 11
10 1 209 1
10 2 1 16
10 4 1 5
10 5 78 1
10 6 137 1
10 7 9 1
10 8 351 1
10 9 118 1
10 11 1 27
10 12 5 11
10 13 141 1
10 15 198 1
10 18 191 1
10 20 2 1
10 22 40 1
11 0 320 1
11 2 250 1
11 3 34 19
11 4 100 2
11 5 189 2
11 6 154 1
11 7 169 1
11 8 133 1
11 9 58 2
11 10 311 1
11 14 1 23
11 15 1 11
11 16 2 24
11 20 9 2
11 22 169 4
11 23 48 1
11 24 2 7
11 25 3 5
11 26 193 2
11 27 65 1
12 1 15 3
12 4 216 2
12 5 4 1
12 7 22 4
12 8 57 2
12 9 2 10
12 10 23 1
12 11 2 18
12 13 1 6
12 14 174 2
12 16 22 2
12 17 2 8
12 21 1 21
12 22 8 2
12 23 13 19
12 24 1 18
12 26 44 2
13 4 1 10
13 7 1 2
13 8 179 1
13 10 97 18
13 12 53 1
13 15 1 16
13 17 1 8
13 25 3 2
14 0 7 4
14 5 40 2
14 6 32 2
14 7 172 1
14 8 10 26
14 10 2 18
14 11 23 1
14 12 165 2
14 13 43 1
14 15 24 1
14 22 3 4
15 1 26 2
15 6 26 16
15 8 140 1
15 10 124 19
15 11 424 6
15 12 1 14
15 14 5 1
15 17 1 25
15 19 1 8
16 0 48 1
16 1 69 1
16 3 46 1
16 5 80 1
16 8 5 1
16 9 3 23
16 17 256 1
16 18 347 1
16 24 8 1
16 25 33 4
16 26 4 16
17 1 302 21
17 2 233 2
17 3 51 2
17 5 52 3
17 6 1 25
17 8 138 1
17 9 215 2
17 10 48 1
17 11 1 9
17 15 4 2
17 16 23 23
17 20 7 19
17 25 1 20
18 4 1 24
18 5 71 1
18 7 2 20
18 9 2 4
18 12 3 1
18 13 40 10
18 16 1 29
18 17 44 24
18 27 6 7
19 5 1 19
19 8 2 10
19 9 8 29
19 10 2 18
19 20 76 15
20 0 5 5
20 1 25 17
20 2 24 5
20 3 136 3
20 9 3 20
20 10 217 2
20 11 25 4
20 17 91 2
20 18 6 25
20 19 40 8
20 26 3 16
21 10 1 17
21 18 1 4
21 26 1 26
22 0 1 8
22 3 2 1
22 4 3 1
22 7 64 2
22 10 55 1
22 11 110 1
22 21 1 6
22 24 15 2
23 0 6 14
23 2 2 23
23 8 1 14
23 10 3 8
23 11 3 13
23 15 40 9
23 22 1 18
24 0 36 1
24 1 124 1
24 3 59 1
24 5 13 1
24 8 109 1
24 10 1 11
24 11 1 20
24 14 5 1
24 16 4 1
24 17 29 5
24 18 1 8
24 20 95 1
24 22 3 1
24 23 2 26
24 26 2 15
25 3 4 2
25 4 5 6
25 6 147 3
25 7 4 10
25 8 74 1
25 9 76 2
25 10 1 3
25 11 117 1
25 12 2 9
25 19 4 9
25 23 1 17
25 26 34 9
25 27 1 26
26 1 4 1
26 4 2 5
26 7 2 1
26 8 1 14
26 10 8 11
26 11 126 3
26 17 1 7
26 24 3 8
26 27 8 7
27 1 86 2
27 8 9 6
27 10 2 8
27 11 1 2
27 15 1 28
27 16 1 11
27 18 1 12
27 19 2 25
27 21 7 9
27 26 2 8
