0 1 9 27
0 2 35 1
0 3 2 9
0 4 1 9
0 5 3 11
0 6 428 1
0 8 3 25
0 9 244 2
0 10 56 1
0 11 65 1
0 12 3 14
0 15 20 5
0 16 4 23
0 17 44 1
0 18 158 1
0 19 1 18
0 21 7 1
0 24 3 15
0 27 37 4
1 0 16 14
1 2 2 8
1 3 2 1
1 4 204 1
1 5 5 13
1 6 361 1
1 8 138 10
1 9 1 1
1 10 1 27
1 11 111 1
1 14 122 1
1 15 23 5
1 16 4 19
1 17 96 1
1 19 1 2
1 21 32 7
1 24 5 22
1 25 14 25
1 27 102 7
2 1 68 5
2 3 133 1
2 4 12 24
2 6 1 6
2 7 352 4
2 8 4 9
2 9 1 26
2 10 2 23
2 12 62 1
2 20 2 15
2 27 4 10
3 0 6 1
3 1 1 1
3 2 131 24
3 5 3 7
3 6 12 27
3 8 4 18
3 10 23 1
3 11 122 1
3 16 3 11
3 17 13 3
3 18 19 24
3 19 1 1
3 20 3 26
3 24 5 1
3 25 18 5
4 0 90 1
4 1 163 1
4 3 3 7
4 5 196 1
4 6 8 1
4 8 3 6
4 9 3 7
4 10 174 1
4 12 18 2
4 13 2 1
4 15 1 6
4 18 446 1
4 22 18 13
4 24 79 2
4 25 89 7
4 26 69 3
5 0 3 1
5 1 17 27
5 3 3 14
5 4 19 1
5 6 68 1
5 7 283 1
5 8 6 20
5 9 403 1
5 10 234 1
5 16 3 20
5 20 1 10
5 24 6 6
6 1 5 29
6 2 226 1
6 3 153 1
6 4 149 1
6 5 211 1
6 7 6 15
6 8 6 9
6 9 89 1
6 10 4 6
6 11 11 1
6 14 1 13
6 16 126 2
6 17 177 1
6 19 2 12
6 20 233 2
6 23 1 25
6 27 85 2
7 0 274 1
7 1 2 12
7 2 6 19
7 3 1 15
7 5 1 21
7 6 3 4
7 8 63 1
7 10 311 15
7 11 24 16
7 12 100 3
7 14 116 1
7 15 1 6
7 17 1 20
7 18 98 28
7 19 56 1
7 20 98 1
7 24 3 20
7 25 34 1
7 26 76 1
7 27 85 1
8 0 5 8
8 1 1 4
8 2 17 1
8 3 358 8
8 4 1 2
8 5 2 23
8 6 46 22
8 7 2 21
8 9 4 18
8 10 134 1
8 11 1 23
8 12 176 1
8 15 1 10
8 16 4 22
8 17 18 21
8 19 68 4
8 20 1 12
8 21 1 4
8 24 4 9
8 26 1 5
8 27 77 2
9 0 4 6
9 1 18 24
9 2 1 5
9 4 4 4
9 5 91 1
9 6 213 1
9 7 102 2
9 8 265 1
9 10 15 28
9 11 268 1
9 12 2 17
9 18 12 1
9 24 1 2
9 27 4 28
10 0 1 2
10 1 203 1
10 2 2 19
10 3 19 2
10 4 1 4
10 5 69 1
10 6 3 13
10 7 238 1
10 8 129 1
10 9 78 1
10 12 1 24
10 13 134 1
10 15 190 1
10 17 3 3
10 18 190 1
10 19 1 12
10 20 3 6
10 22 37 1
10 25 25 1
11 0 316 1
11 1 33 29
11 2 15 2
11 4 98 1
11 5 186 1
11 6 148 1
11 7 86 1
11 8 148 1
11 9 54 1
11 10 291 1
11 13 52 19
11 14 2 18
11 15 3 17
11 20 14 22
11 21 3 10
11 22 168 1
11 23 44 1
11 24 2 6
11 25 9 10
12 2 98 1
12 4 33 1
12 5 3 22
12 8 54 1
12 9 6 13
12 10 65 1
12 13 2 7
12 14 173 1
12 15 51 1
12 20 2 11
12 21 1 18
12 22 4 1
12 23 1 6
13 4 2 5
13 7 18 2
13 8 34 2
13 10 1 20
13 12 48 1
13 20 1 12
13 21 9 2
13 24 23 19
13 25 2 28
14 4 1 11
14 6 29 1
14 8 1 26
14 10 2 15
14 11 12 1
14 13 39 1
14 15 6 1
14 21 15 1
14 23 1 18
14 24 3 4
15 2 8 8
15 3 1 26
15 6 40 8
15 7 1 23
15 8 136 1
15 9 48 2
15 10 1 17
15 11 426 25
15 12 31 18
15 14 34 1
16 0 4 13
16 1 4 9
16 2 10 10
16 3 4 24
16 4 61 1
16 5 3 2
16 7 1 20
16 8 3 23
16 11 123 1
16 15 1 6
16 17 249 1
16 18 4 11
16 19 46 5
16 20 90 3
16 23 1 20
16 24 3 26
17 1 11 26
17 2 230 1
17 3 48 1
17 4 3 20
17 5 50 2
17 6 3 6
17 8 134 1
17 9 213 2
17 10 46 2
17 11 1 3
17 15 79 2
17 16 150 11
17 18 74 1
18 4 2 11
18 5 69 1
18 9 33 6
18 11 1 25
18 12 2 4
18 16 3 10
18 17 1 23
19 1 1 25
19 3 69 2
19 6 4 13
19 11 128 12
19 13 7 17
19 17 81 1
19 20 3 6
19 26 9 1
19 27 1 5
20 0 9 28
20 4 3 14
20 13 21 9
20 15 74 4
20 17 90 2
20 19 11 25
20 25 15 1
20 26 1 4
20 27 10 3
21 6 19 2
21 11 1 20
21 12 132 2
21 20 39 2
22 7 63 1
22 10 53 1
22 11 107 2
22 13 2 18
22 21 1 28
23 11 1 11
23 14 1 26
23 19 9 28
23 22 1 21
23 24 1 20
24 0 3 17
24 1 4 7
24 3 4 12
24 5 3 13
24 8 3 10
24 10 17 26
24 11 1 2
24 12 1 2
24 15 24 3
24 16 4 1
24 20 95 12
24 22 3 2
25 3 4 9
25 4 9 12
25 6 13 1
25 7 4 28
25 8 71 2
25 9 75 1
25 10 1 26
25 11 99 1
25 20 76 24
25 27 1 24
26 0 8 24
26 1 3 19
26 4 55 3
26 7 4 1
26 11 124 1
26 14 2 6
26 27 3 13
27 7 138 3
27 8 113 3
27 19 1 5
27 21 2 27
27 26 2 13
