0 1 15 26
0 2 31 1
0 3 8 26
0 4 1 28
0 5 9 18
0 8 9 23
0 9 244 3
0 10 54 1
0 15 21 29
0 16 9 26
0 17 41 2
0 18 157 1
0 19 1 4
0 24 10 5
0 25 91 15
0 27 37 3
1 0 4 20
1 2 2 18
1 3 9 28
1 4 183 1
1 5 19 11
1 6 339 1
1 7 7 2
1 8 12 7
1 9 4 27
1 10 1 25
1 11 108 1
1 14 120 4
1 15 23 1
1 16 10 14
1 17 85 1
1 19 1 6
1 20 1 1
1 21 2 3
1 23 98 5
1 24 66 10
1 25 1 14
2 0 301 1
2 1 142 25
2 3 104 1
2 4 1 20
2 5 1 16
2 6 4 24
2 7 351 1
2 8 233 16
2 10 153 27
2 16 70 23
2 18 3 1
3 0 11 15
3 1 8 7
3 2 73 1
3 4 2 13
3 5 9 21
3 6 5 5
3 7 163 19
3 8 10 17
3 9 1 10
3 11 287 1
3 16 10 19
3 17 11 2
3 20 1 16
3 22 9 17
3 24 9 7
3 25 18 1
3 27 2 23
4 0 85 1
4 1 139 1
4 3 1 23
4 5 176 1
4 6 5 2
4 7 1 19
4 8 1 8
4 9 72 16
4 10 165 1
4 11 140 1
4 15 4 2
4 18 52 10
4 21 3 9
4 22 3 22
5 0 158 8
5 1 10 6
5 3 22 3
5 4 13 1
5 6 30 1
5 7 278 1
5 8 25 16
5 9 376 1
5 10 225 1
5 12 1 18
5 15 6 10
5 16 9 25
5 24 10 5
6 0 1 20
6 1 14 18
6 2 220 1
6 4 243 1
6 5 412 1
6 7 5 21
6 8 64 1
6 9 75 1
6 10 5 7
6 11 7 20
6 13 153 1
6 14 3 4
6 17 173 1
6 19 28 13
6 21 94 1
6 25 37 1
6 26 52 6
7 0 267 1
7 1 1 19
7 2 1 8
7 3 1 8
7 6 12 8
7 8 382 1
7 10 248 1
7 11 13 3
7 12 99 1
7 14 112 1
7 15 1 12
7 17 1 19
7 19 54 3
7 20 95 1
7 22 41 1
7 23 191 1
7 25 30 1
7 27 83 2
8 0 11 19
8 1 7 25
8 2 10 1
8 3 11 24
8 4 4 6
8 5 9 17
8 6 237 22
8 7 4 7
8 9 2 4
8 10 84 1
8 11 1 27
8 13 2 28
8 14 346 1
8 15 1 19
8 16 16 24
8 17 1 18
8 20 3 24
8 23 114 1
8 24 9 8
8 26 1 4
8 27 76 1
9 0 2 25
9 1 3 12
9 2 1 22
9 4 2 23
9 5 54 1
9 6 198 1
9 7 99 1
9 8 252 1
9 10 301 24
9 11 263 1
9 12 12 9
9 13 110 4
9 14 1 4
9 19 66 1
9 20 1 16
9 21 12 1
9 27 34 23
10 0 4 12
10 1 197 1
10 2 66 17
10 3 17 3
10 4 6 25
10 5 4 1
10 6 158 1
10 7 229 1
10 8 289 3
10 9 47 27
10 11 3 3
10 12 7 21
10 13 128 1
10 15 184 1
10 16 2 8
10 18 188 1
10 22 36 1
10 26 12 1
10 27 38 3
11 0 313 1
11 2 12 1
11 4 95 1
11 5 183 1
11 6 142 1
11 7 18 25
11 8 137 1
11 10 243 1
11 12 4 4
11 14 1 13
11 15 3 12
11 17 179 2
11 18 2 23
11 21 9 2
11 22 19 7
11 23 256 1
11 24 2 26
11 25 14 13
12 0 174 7
12 4 30 2
12 5 167 1
12 8 51 1
12 9 2 22
12 13 46 19
12 14 11 1
12 16 3 23
12 20 1 29
12 23 35 8
12 27 48 2
13 0 19 1
13 1 84 1
13 4 23 28
13 7 1 8
13 10 127 3
13 11 6 2
13 12 44 1
13 14 48 9
13 15 5 12
13 26 1 21
14 2 3 5
14 4 84 10
14 6 26 1
14 7 162 1
14 8 15 8
14 9 187 2
14 10 2 20
14 11 3 1
14 12 160 3
14 13 35 1
14 15 18 1
14 18 60 22
14 21 14 7
15 6 1 1
15 8 133 2
15 9 46 1
15 11 1 9
15 12 1 19
15 14 28 1
15 19 1 20
16 0 9 2
16 1 11 14
16 3 9 20
16 5 9 2
16 6 114 2
16 8 11 23
16 17 244 1
16 18 343 1
16 19 46 1
16 23 2 4
16 24 27 29
17 1 20 1
17 2 227 2
17 3 46 2
17 4 7 9
17 5 48 2
17 6 1 16
17 10 45 1
17 11 1 8
17 13 6 21
17 14 6 12
17 16 4 1
17 20 6 2
18 4 15 18
18 5 67 1
18 7 2 4
18 9 1 5
18 14 1 14
18 16 2 3
18 17 1 12
19 1 13 1
19 7 4 1
19 17 79 2
19 20 8 6
19 27 13 19
20 0 1 25
20 1 2 28
20 2 14 13
20 3 2 29
20 6 80 2
20 7 1 3
20 8 1 15
20 12 16 6
20 14 56 2
20 16 37 5
20 17 88 1
20 19 36 6
20 27 3 24
21 7 77 3
21 9 3 14
21 10 8 8
21 11 13 12
21 18 1 13
22 7 61 3
22 8 2 20
22 10 51 1
22 11 105 1
22 12 1 12
22 13 2 15
22 14 1 9
22 20 1 13
22 24 14 1
23 3 42 9
23 5 26 23
23 8 1 2
23 21 10 13
23 25 1 24
24 0 9 6
24 1 10 9
24 3 10 28
24 5 10 7
24 7 302 1
24 8 9 10
24 9 1 28
24 10 6 14
24 11 1 27
24 16 10 1
24 19 2 2
24 23 1 4
25 6 12 4
25 7 1 21
25 9 73 1
25 11 86 1
25 13 4 4
25 20 4 19
25 23 2 2
25 26 1 18
26 8 1 28
26 10 8 1
26 11 123 1
26 15 14 1
26 16 9 9
26 24 2 22
27 7 136 2
27 8 1 1
27 11 16 20
27 16 1 2
27 17 34 13
27 19 1 23
27 24 1 25
27 26 1 22
