0 1 18 23
0 2 3 2
0 3 17 1
0 4 1 23
0 5 107 22
0 6 386 1
0 7 1 8
0 8 78 24
0 11 35 1
0 15 7 8
0 16 36 13
0 17 16 3
0 18 180 1
0 19 1 8
0 24 49 15
0 27 31 4
1 0 51 3
1 2 33 11
1 3 1 17
1 4 57 1
1 5 36 1
1 6 288 24
1 8 27 1
1 9 5 26
1 10 1 26
1 11 76 1
1 12 1 13
1 16 63 1
1 17 15 1
1 21 1 4
1 24 77 1
1 25 1 29
2 0 1 1
2 1 190 14
2 3 2 1
2 4 32 5
2 5 93 5
2 6 2 21
2 7 333 1
2 8 64 1
2 10 4 14
2 11 1 15
2 17 30 29
2 20 2 14
3 0 20 25
3 1 78 18
3 2 59 1
3 5 318 1
3 6 1 27
3 7 182 1
3 8 73 1
3 10 6 1
3 11 255 1
3 15 7 2
3 16 55 10
3 17 2 2
3 24 24 9
3 25 11 5
4 0 41 1
4 1 44 1
4 2 1 4
4 5 157 1
4 6 406 1
4 7 2 3
4 8 1 12
4 9 1 7
4 10 147 1
4 11 116 1
4 12 6 1
4 18 433 1
4 19 2 15
4 20 1 16
4 25 82 2
5 0 78 15
5 1 341 20
5 3 50 1
5 4 2 16
5 6 71 18
5 7 230 1
5 8 56 25
5 9 45 1
5 10 143 1
5 11 247 2
5 12 1 22
5 14 1 13
5 16 49 1
5 18 86 2
5 24 8 5
6 0 3 10
6 1 3 12
6 2 180 1
6 3 138 1
6 4 73 1
6 5 113 1
6 7 9 13
6 8 17 19
6 10 2 19
6 11 140 1
6 12 42 28
6 13 143 4
6 14 1 19
6 16 112 2
6 17 129 1
6 18 238 2
6 22 1 10
6 24 1 29
6 26 61 10
7 0 194 1
7 1 8 13
7 2 4 28
7 3 2 6
7 5 1 22
7 6 318 29
7 8 237 1
7 10 193 1
7 11 67 11
7 14 75 1
7 15 1 26
7 17 8 16
7 18 9 11
7 23 173 3
7 25 305 1
7 27 63 1
8 0 31 1
8 1 107 4
8 1 207 29
8 1 305 15
8 2 2 25
8 3 9 1
8 4 1 20
8 5 247 19
8 6 441 10
8 7 5 10
8 9 11 4
8 10 181 1
8 11 1 3
8 13 1 27
8 14 321 1
8 15 30 19
8 16 41 1
8 17 20 10
8 24 41 5
9 1 1 7
9 2 5 24
9 3 89 1
9 4 1 6
9 5 19 1
9 6 82 1
9 7 64 1
9 8 172 1
9 10 335 22
9 11 213 1
9 12 2 9
9 14 2 27
9 18 2 20
9 19 60 1
9 25 107 9
9 27 1 25
10 0 4 10
10 1 146 1
10 2 6 24
10 4 1 7
10 5 280 1
10 6 107 1
10 7 145 1
10 8 269 4
10 9 282 1
10 11 51 1
10 12 3 2
10 13 75 1
10 14 2 18
10 15 120 1
10 17 1 10
10 18 177 1
10 25 8 1
10 27 27 4
11 0 278 1
11 1 321 7
11 2 220 1
11 6 91 1
11 7 60 1
11 8 100 1
11 9 22 2
11 10 157 1
11 13 191 20
11 14 1 9
11 15 52 26
11 16 1 6
11 17 31 1
11 18 1 3
11 20 2 9
11 22 170 2
11 23 217 1
11 24 13 26
11 25 145 19
11 26 182 1
11 27 33 1
12 1 5 1
12 4 11 1
12 5 164 1
12 6 3 12
12 8 35 1
12 9 308 7
12 10 42 2
12 13 1 9
12 15 37 1
12 16 30 25
12 17 3 5
12 19 5 2
12 20 1 21
12 22 22 22
12 23 1 4
13 0 14 5
13 4 60 18
13 6 2 18
13 7 2 17
13 8 24 1
13 9 29 3
13 10 6 22
13 14 2 16
13 20 2 29
13 23 8 25
14 0 2 24
14 2 1 1
14 4 69 5
14 6 127 1
14 7 121 1
14 8 1 19
14 10 12 26
14 11 138 1
14 12 137 1
14 13 7 20
14 15 60 1
14 17 1 6
14 19 14 4
14 20 85 8
14 27 1 7
15 6 6 9
15 7 224 1
15 8 104 1
15 11 83 1
15 13 1 27
15 14 1 1
15 17 1 7
15 24 4 11
16 0 57 3
16 1 19 3
16 3 32 1
16 4 39 1
16 5 142 13
16 6 101 1
16 8 69 6
16 9 2 16
16 11 116 5
16 12 69 1
16 17 148 1
16 18 305 1
16 19 43 1
16 24 72 29
17 0 11 28
17 1 61 1
17 2 195 2
17 4 2 24
17 6 1 5
17 7 1 8
17 8 98 1
17 9 196 1
17 10 30 3
17 11 1 17
17 12 173 3
17 13 1 23
17 14 1 20
17 15 76 4
17 16 69 26
17 18 51 1
17 27 28 1
18 1 155 3
18 3 9 14
18 4 4 28
18 5 50 1
18 9 1 24
18 10 12 2
18 13 38 5
18 16 2 5
18 17 1 28
18 21 9 2
18 27 6 27
19 0 3 17
19 1 1 25
19 4 1 10
19 7 5 5
19 17 68 1
19 18 10 13
19 20 103 15
20 0 2 15
20 1 1 9
20 3 5 24
20 6 63 3
20 7 2 17
20 10 201 1
20 14 50 3
20 17 75 1
20 18 6 6
20 19 3 2
20 23 4 19
20 26 11 3
21 0 1 13
21 7 71 7
21 10 21 7
21 11 1 27
21 12 118 3
21 15 11 26
21 26 16 10
22 1 51 1
22 6 38 1
22 7 49 1
22 8 2 8
22 10 32 3
22 15 3 1
22 21 19 12
22 24 9 5
23 1 75 2
23 4 1 11
23 7 1 9
23 8 71 18
23 11 3 1
23 14 1 9
23 24 3 28
24 0 38 1
24 1 35 3
24 3 40 1
24 4 99 3
24 5 26 25
24 7 273 1
24 8 127 17
24 9 4 12
24 10 1 14
24 11 3 16
24 14 2 1
24 16 172 26
24 19 1 15
24 20 94 6
24 23 13 6
25 3 3 10
25 6 8 5
25 7 2 13
25 8 48 1
25 9 62 3
25 10 3 2
25 11 4 1
25 12 2 12
25 21 16 27
25 22 1 18
25 26 2 3
25 27 4 3
26 16 8 24
26 24 17 16
27 5 15 15
27 7 115 1
27 8 1 18
27 10 172 1
27 11 18 26
27 18 2 25
27 22 1 3
27 23 19 2
27 26 1 26
