0 1 208 12
0 3 148 1
0 4 1 18
0 5 29 1
0 6 346 1
0 7 2 28
0 8 137 1
0 9 214 2
0 10 21 1
0 12 2 24
0 13 1 26
0 15 46 27
0 16 48 1
0 19 2 1
0 20 1 4
0 23 1 17
0 24 89 1
0 25 1 25
1 0 155 1
1 2 34 27
1 3 8 2
1 4 2 1
1 5 235 1
1 6 220 1
1 8 199 1
1 9 175 1
1 10 2 3
1 11 54 1
1 12 1 13
1 14 97 2
1 16 42 1
1 18 268 2
1 20 1 16
1 22 6 8
1 24 61 1
1 25 1 5
1 26 86 1
2 0 291 1
2 1 160 23
2 3 6 15
2 4 2 8
2 6 2 11
2 7 46 21
2 8 203 25
2 9 136 3
2 12 44 1
2 14 2 9
2 17 12 1
2 18 1 18
2 24 1 6
3 0 67 27
3 1 119 1
3 2 1 23
3 4 270 1
3 5 131 1
3 6 32 3
3 7 157 1
3 8 64 1
3 10 243 1
3 11 212 1
3 13 1 1
3 16 97 1
3 17 151 1
3 18 6 21
3 20 173 6
3 24 30 1
4 0 17 1
4 1 85 1
4 2 1 26
4 3 2 8
4 5 46 1
4 6 362 1
4 7 4 24
4 10 118 1
4 11 98 2
4 15 1 9
4 16 167 2
4 18 388 1
4 22 23 12
4 24 67 1
4 25 76 4
4 26 64 1
5 0 187 1
5 1 26 8
5 3 91 1
5 4 17 8
5 6 17 18
5 7 190 1
5 8 64 1
5 9 69 1
5 10 85 1
5 11 234 3
5 12 1 1
5 13 20 2
5 16 52 1
5 19 1 26
5 20 117 4
5 24 103 1
5 26 13 1
6 0 4 28
6 1 23 19
6 2 4 3
6 3 139 1
6 4 128 2
6 5 17 10
6 7 5 19
6 8 170 3
6 9 2 1
6 10 266 1
6 11 361 1
6 12 3 1
6 14 1 27
6 17 96 1
6 18 223 3
6 19 5 22
6 20 214 1
6 24 2 1
6 25 17 3
6 26 2 25
7 0 140 1
7 1 4 13
7 2 12 15
7 3 129 1
7 4 95 1
7 5 5 2
7 6 22 5
7 8 197 1
7 9 1 6
7 10 150 1
7 11 47 25
7 12 68 1
7 13 1 22
7 14 49 1
7 15 10 8
7 17 4 9
7 20 47 2
7 21 1 18
7 23 155 2
7 24 68 1
7 25 272 1
7 27 48 1
8 0 272 3
8 1 91 1
8 2 46 12
8 3 372 12
8 4 34 20
8 5 130 1
8 6 171 1
8 7 6 5
8 9 2 2
8 10 12 1
8 11 2 23
8 12 111 1
8 13 5 7
8 14 285 1
8 15 12 14
8 16 4 29
8 17 223 18
8 19 44 1
8 20 1 23
8 23 91 1
8 24 85 1
8 27 55 3
9 0 21 26
9 1 10 27
9 2 12 6
9 3 74 1
9 4 2 18
9 5 3 1
9 6 26 1
9 8 94 1
9 10 49 1
9 11 173 1
9 12 3 10
9 13 85 1
9 14 74 1
9 15 1 25
9 19 56 1
9 20 1 25
9 21 5 7
9 23 83 14
10 0 9 3
10 1 108 1
10 2 1 13
10 4 1 10
10 5 248 1
10 6 230 1
10 7 87 1
10 8 113 2
10 9 100 1
10 11 271 13
10 12 3 21
10 13 40 1
10 14 12 26
10 15 74 1
10 16 1 8
10 17 1 29
10 18 166 4
10 22 11 1
10 24 4 1
10 25 1 8
11 0 248 1
11 1 19 2
11 2 192 2
11 3 422 1
11 4 58 2
11 5 133 1
11 6 57 1
11 7 3 25
11 8 56 22
11 10 230 1
11 14 1 6
11 15 12 15
11 16 13 21
11 17 169 1
11 20 6 28
11 22 156 1
11 23 183 1
11 24 1 7
11 25 51 9
11 27 17 1
12 2 82 2
12 4 189 1
12 9 309 1
12 10 21 1
12 11 13 24
12 13 33 6
12 14 145 1
12 15 27 5
12 18 127 1
12 21 4 1
12 22 5 23
12 24 4 27
12 25 45 6
12 27 42 3
13 0 11 13
13 4 26 3
13 6 1 12
13 8 16 1
13 9 20 3
13 12 1 1
13 14 9 1
13 16 29 3
13 17 1 26
13 22 2 4
13 23 8 1
14 0 1 29
14 6 4 1
14 7 91 1
14 8 1 28
14 9 136 1
14 10 34 1
14 11 78 1
14 12 117 1
14 13 4 1
14 15 18 1
14 22 29 2
14 23 2 24
15 0 12 4
15 1 11 1
15 6 1 13
15 7 4 1
15 9 22 1
15 11 162 11
15 12 1 5
15 13 1 27
15 14 1 1
15 26 2 19
16 0 95 1
16 1 155 1
16 3 124 1
16 4 25 3
16 5 142 1
16 7 3 25
16 8 209 1
16 17 112 1
16 18 256 1
16 20 81 1
16 24 15 1
17 0 278 1
17 1 297 1
17 2 167 1
17 3 15 1
17 4 1 16
17 6 8 9
17 8 74 1
17 9 183 1
17 10 21 1
17 11 3 15
17 14 38 9
17 16 86 16
17 20 2 24
17 21 29 2
17 25 1 17
18 1 109 2
18 2 1 24
18 3 1 4
18 4 24 3
18 5 37 1
18 6 8 2
18 12 101 1
18 14 1 22
18 16 12 24
18 21 7 13
19 0 4 7
19 15 1 25
19 17 58 1
19 20 361 1
19 24 19 1
19 26 8 6
20 0 1 11
20 2 2 22
20 9 1 29
20 12 9 12
20 17 65 3
20 19 2 28
20 23 1 13
20 26 1 2
21 6 11 2
21 9 85 8
21 10 1 28
21 11 2 3
21 12 107 1
21 13 6 1
21 17 55 4
22 1 22 13
22 4 73 8
22 5 23 1
22 6 32 1
22 7 39 2
22 8 4 22
22 10 20 3
22 11 68 1
22 23 2 2
22 26 14 23
23 0 1 22
23 1 70 5
23 5 25 17
23 7 5 21
23 11 2 24
23 12 22 1
23 13 14 3
23 14 6 5
23 15 43 4
23 24 6 20
23 25 11 1
24 0 31 1
24 1 166 1
24 3 55 1
24 5 83 1
24 7 244 1
24 8 3 29
24 9 12 3
24 10 7 25
24 11 2 29
24 12 1 2
24 16 26 1
24 19 1 6
25 3 1 19
25 7 2 7
25 8 33 2
25 10 1 3
25 11 1 23
25 15 3 2
25 24 2 14
25 27 8 1
26 11 93 1
26 13 1 27
26 14 26 2
26 19 3 2
26 22 7 27
26 24 15 11
26 27 2 8
27 2 14 6
27 7 98 1
27 8 1 1
27 9 1 17
27 10 166 2
27 11 11 4
27 14 36 25
27 15 1 14
27 19 1 29
27 21 2 23
27 23 17 7
27 26 20 18
