0 1 133 1
0 3 115 1
0 4 1 2
0 5 33 1
0 6 343 1
0 7 1 15
0 8 108 1
0 9 213 2
0 11 18 1
0 13 2 14
0 16 8 5
0 19 2 25
0 20 4 17
0 24 49 1
1 0 100 1
1 2 113 12
1 3 1 3
1 5 200 1
1 6 208 1
1 8 156 3
1 9 44 12
1 10 25 6
1 15 10 2
1 16 123 1
1 18 267 2
1 19 216 1
1 21 35 26
1 24 20 17
1 26 85 13
2 0 288 1
2 1 16 6
2 3 8 18
2 4 1 1
2 6 3 8
2 7 309 1
2 8 340 1
2 9 136 1
2 10 48 2
2 11 1 7
2 19 2 1
2 20 3 26
3 0 349 1
3 1 87 1
3 2 1 6
3 5 90 1
3 6 34 6
3 7 146 1
3 8 30 1
3 10 240 1
3 11 208 14
3 12 2 3
3 16 57 1
3 17 149 1
3 18 1 5
3 20 1 21
3 24 4 6
4 0 15 2
4 1 77 1
4 2 1 23
4 3 5 25
4 5 40 1
4 6 218 1
4 7 8 24
4 9 86 7
4 10 132 1
4 12 1 1
4 14 125 10
4 15 24 8
4 18 383 1
4 19 1 2
5 0 147 1
5 1 191 1
5 3 52 1
5 4 3 3
5 6 156 1
5 7 186 1
5 8 15 1
5 9 56 1
5 10 81 1
5 11 233 1
5 15 1 20
5 16 12 1
5 24 63 1
6 0 7 28
6 1 49 15
6 2 3 28
6 3 123 1
6 4 123 1
6 5 16 16
6 7 3 13
6 8 196 22
6 9 5 13
6 10 400 1
6 11 358 1
6 13 134 1
6 14 3 25
6 15 162 7
6 16 101 2
6 17 94 1
6 18 222 1
6 20 213 1
6 21 85 10
6 23 1 2
6 24 1 20
6 25 17 3
7 0 136 1
7 1 2 2
7 2 7 19
7 3 121 1
7 4 274 2
7 5 2 18
7 6 13 7
7 8 167 1
7 9 1 7
7 10 144 1
7 11 367 22
7 14 47 1
7 15 2 29
7 18 3 16
7 19 28 4
7 20 46 1
7 22 22 2
7 23 154 1
7 24 65 2
7 25 268 1
7 27 47 2
8 0 261 1
8 1 51 1
8 2 26 15
8 3 4 7
8 4 2 15
8 5 24 1
8 6 100 29
8 7 10 13
8 9 3 5
8 10 7 1
8 11 2 5
8 12 109 1
8 13 8 21
8 14 282 1
8 15 1 4
8 16 18 1
8 17 2 1
8 20 2 23
8 24 122 1
8 25 1 13
8 27 55 1
9 1 3 27
9 3 73 2
9 4 1 8
9 5 5 1
9 6 19 10
9 7 40 1
9 8 88 1
9 10 42 1
9 11 170 1
9 12 2 10
9 15 2 24
9 18 1 28
9 20 1 16
9 23 1 27
9 27 1 24
10 0 17 11
10 1 105 1
10 2 2 3
10 4 1 26
10 5 245 1
10 6 221 28
10 7 84 1
10 8 93 13
10 9 89 1
10 11 70 1
10 12 1 16
10 13 38 1
10 14 13 4
10 15 71 1
10 16 1 23
10 17 4 16
10 19 1 2
10 20 3 9
10 26 1 22
10 27 19 1
11 0 245 1
11 2 190 1
11 3 420 1
11 4 57 2
11 5 131 1
11 6 54 1
11 7 8 26
11 8 39 1
11 10 219 1
11 14 215 26
11 15 166 1
11 18 1 9
11 20 1 17
11 22 154 3
11 23 180 1
11 25 19 3
12 0 162 1
12 3 1 4
12 5 148 1
12 6 2 14
12 7 6 1
12 9 307 17
12 11 1 12
12 13 2 25
12 14 146 1
12 17 1 29
12 22 3 24
12 23 1 20
12 27 42 3
13 4 26 14
13 7 2 25
13 8 14 2
13 9 20 1
13 10 14 10
13 14 39 1
13 15 9 16
13 16 30 19
13 18 44 22
13 20 3 5
14 1 1 21
14 6 109 2
14 7 88 1
14 8 1 8
14 9 134 1
14 10 5 4
14 11 74 1
14 12 115 2
14 22 29 4
15 0 8 5
15 7 2 1
15 8 80 1
15 10 290 1
15 11 386 1
15 12 2 26
15 13 5 1
15 18 45 17
15 23 6 1
15 24 2 1
16 0 102 1
16 1 119 1
16 3 84 1
16 4 24 2
16 5 102 1
16 6 90 1
16 7 1 18
16 8 178 1
16 9 130 3
16 17 107 1
16 18 252 1
16 20 80 2
16 24 78 1
17 0 88 23
17 1 290 8
17 2 165 1
17 4 114 20
17 5 20 3
17 6 1 4
17 8 72 1
17 12 169 1
17 14 42 6
17 16 2 27
18 0 170 3
18 1 108 2
18 3 11 11
18 4 46 20
18 8 121 4
18 9 55 14
18 12 100 4
18 14 40 22
18 15 1 22
18 16 13 28
18 17 4 16
18 27 26 4
19 0 4 20
19 1 1 29
19 3 51 5
19 4 2 11
19 9 4 17
19 11 29 2
19 13 7 28
19 20 358 1
20 0 1 6
20 1 2 1
20 2 1 2
20 4 1 24
20 6 50 3
20 8 1 9
20 9 22 12
20 11 5 8
20 14 45 6
20 15 62 1
20 16 28 2
20 17 64 3
20 19 92 19
20 21 50 21
20 26 1 24
21 7 67 1
21 10 1 13
21 11 2 19
21 12 107 1
21 13 5 16
21 15 11 5
21 23 1 24
21 24 17 8
22 1 52 27
22 7 38 1
22 8 7 5
22 10 20 1
22 16 5 13
22 20 1 20
22 21 17 2
22 23 1 12
23 2 2 26
23 6 1 3
23 7 4 24
23 10 39 14
23 11 3 19
23 13 14 1
23 16 27 6
23 24 2 4
24 0 42 1
24 1 182 1
24 3 25 1
24 5 43 1
24 6 95 2
24 7 242 1
24 8 9 14
24 9 12 8
24 11 1 23
24 16 59 1
24 17 2 14
24 23 21 10
24 27 1 3
25 4 3 5
25 6 4 1
25 7 2 9
25 8 32 2
25 9 53 3
25 10 1 2
25 11 2 18
25 12 1 6
25 13 1 2
25 18 38 1
25 20 21 19
25 23 5 9
25 26 1 10
25 27 1 8
26 0 1 14
26 8 25 5
26 11 92 1
26 20 31 5
26 22 1 25
26 24 4 16
26 27 8 28
27 1 75 1
27 4 93 10
27 7 96 1
27 8 122 22
27 11 5 26
27 17 28 2
27 19 1 1
27 25 1 10
27 26 1 12
