0 1 3 11
0 2 1 28
0 3 5 16
0 4 23 17
0 5 2 17
0 6 329 1
0 7 2 10
0 8 2 8
0 9 208 1
0 10 16 1
0 11 14 1
0 15 1 14
0 16 3 17
0 19 4 28
0 20 5 23
0 22 79 9
0 24 2 9
0 25 94 19
0 26 75 24
1 0 41 22
1 2 320 14
1 3 4 3
1 5 4 1
1 6 163 1
1 7 4 2
1 8 1 5
1 9 45 19
1 10 1 26
1 14 93 3
1 16 3 9
1 18 266 1
1 23 91 1
1 24 2 10
1 25 1 11
2 0 276 1
2 1 27 20
2 3 28 19
2 4 16 18
2 5 89 5
2 6 2 8
2 7 290 1
2 8 58 1
2 10 3 10
2 11 1 21
2 13 13 24
2 17 9 3
2 18 3 12
2 19 2 19
2 20 1 13
3 0 5 4
3 2 3 20
3 5 2 4
3 6 27 2
3 7 389 1
3 8 4 9
3 10 230 1
3 11 84 1
3 14 1 21
3 16 2 3
3 17 142 1
3 18 1 14
3 20 12 16
3 23 1 19
3 24 2 11
4 0 10 1
4 1 48 1
4 2 8 27
4 3 55 5
4 5 20 1
4 6 185 1
4 7 4 7
4 8 97 19
4 10 120 1
4 11 91 2
4 14 124 7
4 16 160 1
4 17 1 6
4 18 367 1
5 0 2 12
5 1 2 7
5 3 2 27
5 4 6 14
5 6 10 25
5 7 174 1
5 8 7 3
5 9 25 1
5 10 66 1
5 11 228 1
5 12 1 16
5 15 27 26
5 16 2 1
5 18 66 1
5 19 2 26
5 20 118 18
5 24 2 29
6 0 1 13
6 1 1 21
6 2 131 1
6 3 112 1
6 4 95 1
6 5 18 3
6 7 2 16
6 8 72 4
6 9 7 7
6 10 6 1
6 11 345 1
6 12 308 2
6 17 84 1
6 18 217 2
6 19 2 27
6 20 210 4
6 24 37 19
7 0 120 1
7 1 17 21
7 2 14 16
7 3 390 1
7 5 1 3
7 6 6 29
7 8 102 1
7 9 1 13
7 10 393 1
7 11 5 1
7 13 1 3
7 14 40 1
7 15 1 28
7 17 57 17
7 18 1 10
7 19 25 5
7 20 40 1
7 22 20 1
7 23 148 1
7 24 55 2
7 25 253 1
7 27 43 1
8 0 3 3
8 2 26 24
8 3 172 25
8 4 3 6
8 5 7 17
8 6 322 1
8 7 6 21
8 9 54 10
8 11 1 20
8 12 101 2
8 13 1 10
8 14 270 1
8 15 1 7
8 16 14 8
8 17 1 25
8 20 2 19
8 23 87 3
8 24 3 17
8 25 4 7
9 1 3 17
9 4 377 10
9 5 9 2
9 6 15 1
9 7 34 1
9 8 69 1
9 10 37 1
9 11 158 1
9 12 22 5
9 14 4 3
9 18 50 20
9 19 54 2
9 24 4 25
10 0 1 17
10 1 95 1
10 2 4 7
10 4 52 4
10 5 225 1
10 6 337 1
10 7 69 1
10 8 204 13
10 9 52 1
10 11 263 1
10 12 3 26
10 13 29 1
10 14 4 14
10 15 59 1
10 16 5 9
10 17 8 4
10 18 162 1
10 19 1 17
10 20 2 2
10 21 129 22
11 0 236 1
11 1 308 1
11 2 180 1
11 3 411 1
11 6 45 1
11 7 8 25
11 8 21 1
11 9 4 3
11 10 203 1
11 14 32 7
11 15 30 12
11 16 62 29
11 18 3 27
11 19 111 2
11 20 29 3
11 23 169 1
11 24 5 27
11 25 3 15
11 26 169 1
11 27 12 2
12 0 160 1
12 5 208 1
12 6 2 24
12 8 16 2
12 9 3 1
12 10 14 2
12 11 2 1
12 13 36 26
12 14 140 1
12 18 125 1
12 22 1 11
12 23 1 4
12 25 44 2
13 8 8 2
13 10 1 14
13 14 7 1
13 16 4 19
13 17 2 20
13 23 7 20
13 26 1 10
13 27 6 15
14 6 105 1
14 7 79 2
14 9 126 1
14 10 114 24
14 11 58 1
14 12 109 1
14 13 1 3
14 15 8 1
14 16 3 25
14 22 27 3
14 27 3 29
15 0 13 13
15 8 74 1
15 9 18 3
15 10 21 2
15 11 132 1
15 17 1 24
15 21 1 17
15 23 19 17
16 0 3 22
16 1 3 16
16 3 2 14
16 4 21 1
16 5 2 16
16 6 87 1
16 8 2 6
16 12 63 1
16 14 1 20
16 17 96 1
16 18 234 1
16 23 3 18
16 24 2 27
16 26 1 10
17 1 44 1
17 2 156 1
17 3 11 3
17 4 2 21
17 5 17 2
17 6 96 26
17 8 65 1
17 11 8 23
17 13 11 18
17 14 2 14
17 16 1 22
18 4 11 7
18 8 252 1
18 10 6 1
18 13 36 3
18 14 6 21
18 16 4 10
18 17 2 28
18 27 6 21
19 0 3 14
19 1 1 19
19 4 9 19
19 6 1 24
19 8 2 1
19 11 125 20
19 14 3 17
19 18 16 12
19 20 347 1
19 23 1 14
20 1 35 26
20 2 2 3
20 6 47 1
20 9 23 13
20 12 8 1
20 13 15 1
20 14 44 4
20 15 60 2
20 17 61 4
20 18 12 25
20 19 7 21
21 3 22 9
21 5 1 12
21 7 65 6
21 8 111 2
21 10 1 11
21 17 55 4
22 1 1 28
22 6 29 1
22 8 2 19
22 10 16 3
22 11 62 1
22 12 1 14
22 23 7 17
22 27 7 24
23 0 1 25
23 1 69 2
23 7 12 20
23 8 1 5
23 11 8 16
23 12 86 1
23 13 13 9
23 15 41 1
23 21 6 2
23 24 3 23
24 0 2 19
24 1 3 4
24 3 2 24
24 5 3 23
24 6 92 4
24 7 232 1
24 8 2 11
24 9 1 24
24 10 2 8
24 11 2 16
24 12 1 24
24 16 2 1
24 17 1 9
24 23 2 15
25 7 21 4
25 9 50 2
25 11 4 15
25 12 1 1
25 22 2 9
25 23 5 11
25 26 1 24
26 2 3 3
26 3 2 9
26 7 1 8
26 8 4 20
26 10 1 7
26 11 87 1
26 20 30 3
26 24 1 8
26 25 1 14
26 27 1 15
27 0 81 27
27 1 74 1
27 6 113 21
27 7 91 1
27 8 1 7
27 13 17 12
27 15 1 14
27 16 1 6
27 17 27 4
27 22 1 5
27 25 4 2
27 26 2 9
