0 1 29 6
0 2 6 2
0 3 16 19
0 4 2 4
0 5 32 1
0 6 1 25
0 7 224 1
0 8 61 17
0 9 14 7
0 11 2 6
0 13 26 1
0 14 2 1
0 16 99 20
0 17 2 23
0 18 5 8
0 19 1 16
0 20 4 18
0 22 1 4
0 24 95 22
1 0 20 12
1 2 358 1
1 3 31 9
1 4 17 8
1 5 15 5
1 6 96 1
1 7 57 1
1 8 57 7
1 9 203 1
1 10 312 1
1 13 1 2
1 14 8 10
1 15 110 3
1 16 88 23
1 17 9 1
1 18 2 26
1 19 1 19
1 20 4 23
1 24 153 3
1 27 1 6
2 1 24 13
2 3 236 1
2 4 3 26
2 5 23 3
2 6 1 1
2 7 21 2
2 8 141 1
2 9 175 2
2 11 106 1
2 17 9 18
2 23 14 20
3 0 97 26
3 1 17 20
3 2 20 18
3 4 134 2
3 5 15 9
3 6 327 2
3 7 148 1
3 8 34 21
3 11 155 1
3 15 5 6
3 16 41 14
3 18 100 8
3 20 59 1
3 24 216 7
4 0 269 1
4 1 167 1
4 2 31 1
4 3 4 1
4 5 398 13
4 6 270 1
4 7 223 2
4 8 4 10
4 9 235 1
4 10 379 1
4 11 230 1
4 12 1 20
4 13 1 10
4 16 5 2
4 17 351 1
4 18 219 1
4 26 3 28
5 0 37 19
5 1 33 18
5 3 177 13
5 4 311 1
5 6 239 17
5 7 1 18
5 8 53 28
5 9 307 1
5 10 101 1
5 13 1 6
5 16 66 2
5 17 10 19
5 20 124 9
5 23 2 19
5 24 31 1
6 0 4 18
6 1 329 1
6 2 306 1
6 5 147 27
6 7 132 1
6 8 26 20
6 9 414 1
6 10 347 1
6 14 1 26
6 16 185 25
6 18 2 9
6 23 55 1
7 0 138 1
7 1 65 1
7 2 176 1
7 3 8 19
7 6 3 13
7 8 6 8
7 9 5 27
7 10 5 22
7 11 11 16
7 12 1 26
7 15 186 1
7 16 1 8
7 17 10 2
7 22 1 13
7 23 1 21
7 25 1 8
7 27 117 1
8 0 14 25
8 1 6 8
8 1 80 22
8 1 380 1
8 2 2 18
8 3 114 9
8 4 195 1
8 5 12 17
8 6 7 10
8 7 301 1
8 9 288 1
8 10 265 1
8 11 12 28
8 12 57 2
8 13 1 24
8 15 3 12
8 16 57 13
8 19 6 4
8 22 5 2
8 23 4 5
8 24 141 4
8 27 44 4
9 1 2 1
9 2 1 14
9 3 127 3
9 4 51 1
9 5 196 1
9 6 357 15
9 7 5 9
9 8 41 1
9 10 37 7
9 11 30 1
9 12 3 1
9 14 3 24
9 17 61 1
9 18 202 2
9 21 7 17
9 22 5 3
9 23 1 22
9 24 1 20
9 25 2 28
9 26 5 29
10 0 208 1
10 1 1 17
10 2 20 1
10 4 1 21
10 5 295 1
10 6 430 1
10 7 2 21
10 8 6 21
10 9 49 1
10 11 3 27
10 12 4 18
10 13 223 20
10 14 125 1
10 15 10 20
10 17 1 1
10 20 6 1
10 22 151 1
10 23 105 2
10 24 193 1
10 25 273 3
10 26 136 8
10 27 26 1
11 0 27 10
11 1 288 1
11 2 5 9
11 3 409 22
11 6 200 1
11 8 9 6
11 9 6 13
11 10 8 6
11 13 159 1
11 15 4 4
11 16 5 5
11 19 2 8
11 21 69 1
11 24 1 4
11 25 1 16
11 27 1 5
12 0 1 1
12 1 165 1
12 2 21 1
12 3 2 22
12 4 1 25
12 8 95 1
12 9 95 1
12 10 1 13
12 11 2 7
12 17 1 17
12 19 2 7
12 21 1 12
12 24 88 13
13 0 38 2
13 1 5 13
13 9 1 16
13 12 2 9
13 15 1 3
13 16 1 13
13 27 6 9
14 5 1 8
14 8 3 2
14 9 98 1
14 10 142 1
14 11 141 1
14 15 1 18
14 17 117 11
14 20 5 2
14 23 46 4
14 27 29 1
15 1 2 17
15 2 27 2
15 3 1 27
15 7 59 1
15 8 1 10
15 9 1 4
15 10 153 1
15 11 5 20
15 12 20 1
15 14 2 1
15 27 13 1
16 0 31 13
16 1 15 13
16 3 79 15
16 5 73 28
16 8 15 2
16 9 112 4
16 11 1 6
16 17 121 1
16 18 35 22
16 20 1 28
16 24 66 24
17 0 1 18
17 1 303 1
17 3 243 2
17 4 6 17
17 7 1 4
17 8 307 1
17 9 23 1
17 11 215 1
17 14 17 5
17 16 6 9
17 18 228 2
17 20 1 20
17 21 1 15
17 22 48 5
18 2 1 26
18 3 24 12
18 5 107 3
18 8 1 13
18 9 10 8
18 10 2 15
18 14 53 3
18 17 1 22
18 21 19 16
18 23 1 22
18 26 1 23
18 27 1 4
19 0 15 1
19 1 1 5
19 2 4 8
19 6 10 10
19 8 4 18
19 11 4 20
19 16 31 11
19 17 117 3
19 20 364 1
20 0 2 6
20 1 62 1
20 3 20 10
20 4 95 1
20 5 2 9
20 7 154 1
20 8 112 1
20 10 1 26
20 11 1 14
20 19 2 17
20 24 56 1
20 25 2 6
21 1 3 7
21 6 15 2
21 10 14 1
21 13 4 12
21 17 4 8
21 19 10 22
21 27 1 28
22 7 145 16
22 12 8 2
22 14 38 10
22 16 1 17
22 18 22 1
23 1 83 2
23 2 5 20
23 4 20 1
23 7 41 3
23 8 1 5
23 12 1 13
23 15 7 6
23 17 14 6
23 18 40 11
23 20 1 1
23 27 2 8
24 0 15 4
24 1 15 9
24 2 4 21
24 3 15 13
24 4 2 25
24 5 15 27
24 8 15 21
24 9 1 16
24 11 330 1
24 12 1 28
24 15 9 2
24 16 83 8
24 17 77 2
24 18 51 1
24 23 68 10
24 26 4 5
25 0 84 4
25 1 34 1
25 3 26 4
25 4 11 3
25 5 1 16
25 6 163 5
25 7 22 26
25 8 2 1
25 9 42 1
25 10 110 1
25 11 1 21
25 12 3 22
25 15 4 23
25 20 1 2
25 26 1 21
26 0 58 6
26 23 31 1
26 24 9 5
26 27 130 1
27 6 1 13
27 7 1 20
27 9 12 5
27 10 3 21
27 11 148 1
27 12 42 1
27 13 1 23
27 25 1 3
27 26 2 13
