0 1 162 1
0 3 9 1
0 4 1 6
0 5 62 1
0 6 5 15
0 7 56 1
0 8 27 15
0 11 6 24
0 12 174 7
0 14 1 6
0 16 319 1
0 17 1 22
0 19 2 19
0 20 4 11
0 24 211 15
0 26 3 23
1 0 11 18
1 2 270 1
1 3 50 1
1 4 3 24
1 5 79 1
1 6 82 1
1 7 45 1
1 8 336 6
1 9 182 1
1 10 292 1
1 11 24 1
1 13 1 19
1 14 2 4
1 15 106 3
1 16 90 3
1 17 12 28
1 18 2 8
1 19 17 6
1 20 295 23
1 21 82 11
1 23 55 7
1 24 2 21
1 27 6 19
2 1 45 29
2 3 130 1
2 5 18 1
2 6 383 1
2 7 9 2
2 8 285 1
2 9 169 3
2 11 91 1
2 17 7 11
2 18 4 21
2 22 1 19
3 0 236 1
3 1 40 1
3 2 23 27
3 4 121 1
3 5 13 1
3 6 316 1
3 7 215 1
3 8 262 1
3 10 6 2
3 11 128 1
3 12 3 1
3 16 40 1
3 17 243 4
3 19 17 1
3 20 46 1
3 23 29 1
3 24 129 1
3 26 4 8
4 0 244 1
4 1 271 1
4 2 21 1
4 3 6 13
4 5 7 1
4 6 248 1
4 7 209 1
4 8 6 13
4 9 138 1
4 10 364 1
4 11 221 1
4 12 1 22
4 13 1 8
4 17 338 2
4 18 139 1
4 19 6 10
4 25 9 9
5 0 58 16
5 1 21 19
5 2 2 16
5 3 117 24
5 4 234 1
5 6 180 1
5 7 1 20
5 8 385 1
5 9 143 1
5 10 76 1
5 11 188 1
5 14 1 8
5 16 48 1
5 17 10 24
5 21 6 3
5 23 2 21
5 24 43 1
5 25 2 20
5 27 1 2
6 0 19 25
6 1 190 1
6 2 274 1
6 4 1 17
6 5 294 1
6 7 96 1
6 8 253 22
6 8 264 5
6 9 147 1
6 10 375 1
6 13 1 18
6 14 12 5
6 15 97 1
6 18 2 21
6 19 43 28
6 20 1 13
6 21 90 2
6 23 1 18
6 24 128 3
6 27 11 11
7 0 113 1
7 1 49 1
7 2 89 1
7 3 12 22
7 4 25 2
7 6 3 20
7 8 40 20
7 10 16 24
7 11 398 1
7 12 3 8
7 15 154 1
7 16 1 23
7 18 5 1
7 19 119 3
7 20 21 3
7 23 1 2
7 24 2 14
7 25 2 21
8 0 71 18
8 1 22 22
8 2 12 22
8 3 4 1
8 4 162 1
8 5 48 1
8 6 55 1
8 7 206 1
8 9 245 1
8 10 251 1
8 11 8 13
8 13 4 20
8 16 47 1
8 17 1 27
8 18 13 1
8 19 1 4
8 20 1 6
8 24 72 14
8 25 205 2
8 27 40 5
9 0 2 5
9 1 1 26
9 3 121 2
9 4 66 1
9 5 134 1
9 6 4 18
9 8 21 1
9 10 48 6
9 11 1 3
9 12 160 1
9 13 2 2
9 14 2 29
9 15 127 1
9 18 198 1
9 19 1 2
9 20 147 2
9 21 8 8
9 23 1 20
10 0 197 1
10 1 1 15
10 2 10 1
10 3 1 21
10 5 75 1
10 6 60 1
10 7 2 9
10 8 3 29
10 9 11 1
10 11 181 1
10 12 1 17
10 13 3 10
10 14 71 1
10 15 14 24
10 17 2 27
10 18 1 16
10 19 5 19
10 20 1 29
10 22 142 1
10 24 184 1
10 25 267 2
10 26 135 2
11 0 50 8
11 2 174 9
11 3 4 15
11 4 2 22
11 6 177 1
11 7 5 2
11 8 2 24
11 9 2 29
11 10 3 19
11 13 145 1
11 14 1 27
11 15 31 25
11 17 2 27
11 19 1 1
11 20 165 2
11 22 1 8
11 24 1 21
11 25 1 5
11 26 4 11
12 0 185 26
12 4 1 26
12 6 1 7
12 7 1 14
12 8 83 2
12 9 105 1
12 10 1 26
12 11 2 23
12 13 2 4
12 14 1 6
12 15 126 4
12 18 91 3
12 22 5 1
12 24 87 3
13 2 21 10
13 6 28 1
13 10 3 27
13 11 254 1
13 12 1 7
13 16 1 17
13 21 7 12
14 3 21 1
14 5 1 15
14 6 6 27
14 8 357 1
14 9 85 2
14 10 85 1
14 11 110 1
14 12 6 7
14 15 4 23
14 22 4 8
14 25 3 4
14 27 28 1
15 3 3 11
15 7 39 1
15 8 1 19
15 10 128 1
15 11 37 2
15 13 1 17
15 14 103 1
15 18 1 17
15 25 27 2
16 0 5 24
16 1 49 27
16 3 333 1
16 4 128 2
16 5 117 1
16 6 11 24
16 7 2 2
16 8 28 1
16 9 109 2
16 11 3 6
16 12 1 7
16 17 92 1
16 18 128 19
16 19 1 23
16 23 14 5
16 24 5 17
17 1 184 19
17 2 2 17
17 4 1 4
17 8 296 1
17 11 209 1
17 12 60 2
17 15 1 5
17 16 26 6
17 18 221 2
17 19 73 2
17 26 19 5
18 1 6 2
18 8 2 15
18 9 1 9
18 10 1 14
18 11 2 14
18 12 58 1
18 17 8 11
19 1 1 3
19 3 74 6
19 4 1 6
19 8 9 21
19 10 146 16
19 17 113 2
19 20 351 2
19 24 11 10
19 25 1 19
19 26 17 23
20 0 2 22
20 1 53 2
20 3 3 7
20 5 19 7
20 7 141 1
20 8 102 1
20 9 95 1
20 10 5 10
20 11 206 15
20 12 65 15
20 19 1 25
20 25 1 1
20 26 47 19
21 1 3 10
21 4 1 14
21 20 54 2
21 22 23 3
22 5 1 13
22 6 102 1
22 12 5 1
22 23 13 7
22 24 8 13
23 7 34 3
23 8 14 6
23 12 1 23
23 15 4 7
23 16 1 11
23 24 1 9
23 25 1 13
24 0 60 1
24 1 44 15
24 3 68 16
24 5 84 1
24 7 59 1
24 8 89 1
24 9 4 3
24 11 325 1
24 12 4 2
24 16 143 27
25 1 30 1
25 3 23 5
25 5 1 5
25 7 6 4
25 9 38 3
25 10 97 1
25 11 3 27
25 12 1 20
25 18 1 6
25 20 1 6
25 24 13 21
26 0 56 4
26 4 72 4
26 9 1 27
26 17 72 25
26 22 22 1
26 24 7 4
26 27 118 1
27 2 11 28
27 6 3 13
27 7 3 24
27 9 11 1
27 10 4 14
27 11 133 2
27 18 2 5
27 22 15 20
27 25 73 24
27 26 5 15
