0 1 78 1
0 5 56 2
0 6 1 3
0 7 35 1
0 8 44 1
0 10 272 21
0 11 1 16
0 14 1 26
0 16 26 3
0 17 1 3
0 18 7 25
0 19 1 26
0 20 21 25
0 24 82 1
0 27 45 1
1 0 68 1
1 2 74 1
1 3 187 4
1 4 4 7
1 5 91 1
1 6 50 5
1 7 413 1
1 8 56 1
1 9 144 1
1 10 256 1
1 14 67 1
1 16 116 1
1 17 301 1
1 18 18 23
1 19 1 16
1 24 34 1
1 25 65 1
2 0 1 3
2 1 99 17
2 3 7 1
2 5 9 2
2 6 339 1
2 8 218 6
2 9 157 2
2 10 1 11
2 11 66 2
2 17 1 21
2 18 1 4
2 19 6 28
2 20 8 11
2 22 1 1
3 0 291 1
3 1 51 27
3 2 3 3
3 4 97 1
3 5 116 1
3 6 291 1
3 7 205 1
3 8 102 1
3 11 85 1
3 16 49 1
3 18 95 7
3 20 26 2
3 24 71 1
3 25 2 6
4 0 199 1
4 1 136 1
4 3 2 18
4 5 369 17
4 6 155 1
4 7 183 1
4 8 5 5
4 9 271 1
4 10 334 1
4 12 2 1
4 13 1 14
4 15 2 23
4 17 313 1
4 18 167 1
4 20 1 5
4 22 1 13
4 25 7 4
5 0 193 3
5 1 51 1
5 2 2 12
5 3 92 1
5 4 114 1
5 6 242 1
5 7 1 27
5 8 247 1
5 9 115 1
5 10 37 1
5 12 1 24
5 16 55 1
5 17 1 17
5 24 46 5
5 27 1 23
6 0 8 27
6 1 81 1
6 2 213 1
6 3 1 23
6 4 4 26
6 5 212 1
6 7 45 1
6 8 245 18
6 9 293 1
6 10 273 1
6 13 14 7
6 15 85 3
6 17 359 1
6 18 69 14
6 25 166 7
6 26 87 2
6 27 9 1
7 0 73 1
7 1 26 1
7 2 128 1
7 3 12 14
7 4 14 1
7 6 22 2
7 8 216 17
7 10 5 8
7 11 136 1
7 14 1 20
7 15 100 1
7 16 1 19
7 19 107 3
7 20 26 14
7 23 1 9
7 25 22 5
8 0 224 1
8 1 184 1
8 2 4 24
8 3 80 20
8 4 108 1
8 5 89 22
8 6 384 28
8 7 74 1
8 9 165 1
8 10 274 4
8 11 4 12
8 15 2 28
8 16 26 25
8 17 13 20
8 19 3 4
8 20 1 15
8 24 116 1
9 1 3 26
9 3 109 1
9 4 35 1
9 5 21 1
9 6 7 13
9 10 6 1
9 11 1 14
9 12 133 1
9 14 18 21
9 17 43 1
9 20 142 1
9 21 4 10
9 22 1 29
9 24 2 6
9 25 1 26
9 26 1 10
10 0 176 1
10 1 3 15
10 3 335 1
10 4 4 12
10 5 267 1
10 6 238 1
10 7 2 7
10 8 440 1
10 9 2 2
10 11 33 16
10 12 5 3
10 13 5 23
10 14 10 1
10 15 1 29
10 18 14 24
10 22 125 1
10 23 82 1
10 24 168 2
10 25 254 1
10 26 131 1
10 27 16 3
11 0 1 24
11 2 1 2
11 3 398 2
11 5 3 5
11 6 138 1
11 7 11 2
11 8 4 19
11 9 14 9
11 10 47 21
11 12 269 25
11 13 119 1
11 14 1 24
11 21 62 1
11 23 1 28
11 24 13 13
11 25 3 12
12 1 142 1
12 2 13 7
12 4 1 19
12 6 2 21
12 8 63 1
12 9 65 1
12 10 1 9
12 13 1 10
12 19 52 13
12 20 1 9
12 21 17 7
12 27 68 1
13 1 1 29
13 5 23 12
13 10 1 18
13 11 236 1
13 12 2 2
13 16 1 5
13 17 68 10
13 19 1 9
13 27 5 1
14 1 1 20
14 2 53 3
14 4 2 8
14 6 221 5
14 7 1 20
14 8 338 1
14 9 64 1
14 10 16 1
14 11 61 1
14 12 1 22
14 13 5 19
14 15 63 27
14 16 20 4
14 18 8 14
14 24 2 24
14 27 26 1
15 2 1 26
15 4 8 2
15 7 12 1
15 8 3 13
15 9 1 12
15 10 87 1
15 11 1 29
15 13 1 5
15 14 60 1
15 16 1 10
15 24 17 4
15 25 21 1
15 26 27 1
16 0 186 1
16 1 81 2
16 3 66 1
16 4 110 1
16 5 142 1
16 6 2 18
16 7 1 1
16 8 69 1
16 17 48 1
16 18 11 13
16 19 1 26
16 22 26 29
16 24 26 1
17 0 3 13
17 1 189 1
17 2 3 2
17 4 3 25
17 6 1 2
17 7 1 24
17 8 274 2
17 9 11 4
17 12 53 1
17 16 1 23
17 25 1 2
18 0 97 2
18 5 88 1
18 7 183 28
18 9 1 7
18 10 2 14
18 16 3 19
19 1 2 17
19 6 1 24
19 8 2 23
19 9 1 21
19 11 1 14
19 12 73 6
19 20 323 2
19 24 1 17
20 0 8 9
20 2 1 21
20 3 4 18
20 4 78 3
20 5 1 15
20 7 118 1
20 8 84 2
20 11 208 25
20 16 14 8
20 19 40 22
20 24 50 2
21 1 2 15
21 10 9 2
21 11 1 28
21 13 3 1
21 17 1 20
22 3 1 20
22 5 1 22
22 7 1 20
22 10 1 7
22 11 1 7
22 12 2 1
22 26 22 13
23 0 99 2
23 3 1 18
23 6 91 1
23 8 15 24
23 11 21 4
23 12 5 6
23 13 16 2
23 16 1 23
23 24 1 12
24 0 122 1
24 1 176 1
24 3 29 1
24 5 55 1
24 7 37 2
24 8 39 1
24 9 2 26
24 10 1 16
24 11 82 1
24 16 57 1
24 22 32 26
24 23 65 4
25 0 73 2
25 3 18 1
25 7 1 26
25 9 31 5
25 10 75 2
25 11 7 8
25 12 1 17
25 18 1 17
25 20 3 27
25 22 11 15
25 24 2 17
25 27 88 11
26 14 31 2
26 15 10 2
26 27 92 1
27 2 1 8
27 5 1 13
27 6 2 7
27 8 6 25
27 10 1 16
27 11 108 1
27 21 3 7
27 26 1 17
