0 1 6 4
0 2 1 25
0 3 7 24
0 5 4 18
0 6 106 14
0 7 16 1
0 8 5 8
0 10 1 17
0 11 2 20
0 14 1 16
0 16 4 15
0 17 4 22
0 19 4 22
0 20 1 15
0 24 3 23
0 25 132 10
0 26 82 12
0 27 43 1
1 0 9 26
1 2 125 1
1 3 6 6
1 4 43 7
1 5 2 27
1 6 265 1
1 7 19 1
1 8 3 26
1 9 125 1
1 10 237 1
1 12 1 23
1 13 2 29
1 15 96 1
1 16 4 18
1 17 342 1
1 18 1 15
1 21 80 2
1 22 82 4
1 24 3 27
1 26 75 9
2 0 5 13
2 1 101 21
2 3 1 28
2 4 3 19
2 6 313 1
2 7 1 8
2 8 225 1
2 9 150 1
2 10 2 27
2 11 55 1
2 17 7 29
2 19 19 1
2 23 1 1
2 24 1 14
2 25 1 18
3 0 4 27
3 1 5 5
3 4 86 1
3 5 3 26
3 6 276 1
3 7 154 1
3 8 1 11
3 11 66 1
3 15 13 20
3 16 10 17
3 18 94 2
3 20 18 2
3 21 2 21
3 22 5 6
3 24 4 13
3 25 5 5
4 0 178 1
4 1 83 1
4 2 2 4
4 5 365 1
4 6 117 1
4 7 170 2
4 8 15 1
4 9 234 1
4 12 3 7
4 15 1 14
4 17 299 1
4 18 87 1
4 19 8 11
5 0 4 12
5 1 2 20
5 2 1 3
5 3 4 21
5 4 66 1
5 6 110 1
5 7 2 6
5 9 39 1
5 10 23 1
5 12 1 3
5 15 1 11
5 16 3 12
5 17 3 3
5 18 1 12
5 22 25 4
5 24 3 1
5 27 31 13
6 0 2 28
6 1 193 1
6 2 182 1
6 3 1 24
6 4 6 19
6 5 239 1
6 7 26 1
6 8 6 21
6 9 29 1
6 10 278 1
6 12 1 21
6 13 9 24
6 14 152 9
6 17 348 2
6 18 39 10
6 20 1 15
6 21 86 1
6 24 118 1
7 0 56 1
7 1 17 1
7 2 48 1
7 3 13 13
7 5 1 18
7 6 19 11
7 8 222 2
7 9 18 15
7 10 440 6
7 11 90 4
7 14 1 27
7 15 76 1
7 19 101 1
7 20 19 19
7 21 1 5
7 22 1 19
7 24 1 12
7 25 7 13
7 27 86 2
8 0 2 3
8 1 84 7
8 2 5 11
8 3 3 3
8 4 84 1
8 5 217 1
8 6 138 1
8 7 31 1
8 9 129 1
8 10 392 9
8 11 3 14
8 12 25 3
8 13 2 6
8 15 1 1
8 16 65 13
8 17 3 8
8 18 5 1
8 20 22 10
8 24 3 11
8 25 184 1
8 26 1 1
8 27 30 2
9 1 6 18
9 2 3 27
9 3 102 1
9 4 349 1
9 6 1 25
9 10 13 21
9 11 17 6
9 12 309 1
9 14 1 25
9 17 37 1
9 18 186 4
9 19 1 17
9 22 72 27
10 0 166 1
10 1 7 6
10 3 327 2
10 5 38 1
10 6 356 7
10 7 50 5
10 8 353 1
10 9 2 1
10 11 2 13
10 12 3 10
10 13 88 24
10 15 2 1
10 20 1 26
10 22 117 1
10 24 160 1
10 25 246 1
11 0 3 22
11 1 239 1
11 2 6 27
11 3 20 1
11 6 120 1
11 7 139 8
11 8 2 27
11 9 1 12
11 10 3 23
11 12 2 1
11 13 107 1
11 14 1 13
11 15 54 1
11 20 142 2
11 24 4 22
11 25 4 23
11 26 4 18
11 27 4 15
12 1 135 1
12 2 11 6
12 4 51 19
12 6 1 8
12 7 1 2
12 8 54 2
12 9 35 1
12 13 10 26
12 15 115 1
12 18 81 1
12 21 1 21
12 23 106 22
13 6 17 4
13 7 1 8
13 10 2 10
13 11 226 1
13 12 229 1
13 14 1 10
13 15 26 10
13 21 6 6
13 22 8 23
14 0 5 12
14 1 7 15
14 2 52 1
14 3 15 8
14 7 1 21
14 8 324 1
14 9 53 1
14 11 42 1
14 15 1 28
14 18 1 4
15 0 109 1
15 3 9 1
15 9 1 5
15 10 68 1
15 11 3 1
15 12 8 1
15 13 1 27
15 14 40 1
15 23 1 14
16 0 4 25
16 1 3 9
16 3 4 10
16 4 101 2
16 5 4 25
16 6 3 24
16 7 2 8
16 8 4 27
16 11 2 9
16 17 31 1
16 18 1 5
16 24 4 20
17 0 336 19
17 1 150 1
17 2 8 8
17 3 223 3
17 4 20 7
17 5 6 6
17 6 7 25
17 8 263 1
17 11 194 3
17 12 49 2
17 14 10 10
17 16 2 25
17 18 201 1
17 23 8 2
17 25 1 17
18 0 92 1
18 2 2 15
18 3 1 22
18 4 74 24
18 8 2 9
18 9 5 6
18 10 4 11
18 15 2 23
18 16 2 8
18 19 1 7
18 23 29 8
18 27 42 20
19 0 1 22
19 1 5 26
19 6 1 5
19 7 181 19
19 8 3 8
19 11 83 29
19 18 1 18
19 20 288 1
19 24 1 7
20 0 6 18
20 1 33 1
20 3 1 18
20 4 73 1
20 5 5 23
20 6 223 25
20 7 107 1
20 9 84 5
20 10 14 4
20 11 5 22
20 17 1 9
20 19 118 1
20 22 1 6
21 7 1 24
21 8 108 28
21 27 2 12
22 1 4 1
22 5 7 27
22 7 1 25
22 9 1 6
22 11 2 23
22 21 22 17
22 23 4 9
22 24 5 4
22 25 1 26
23 1 76 1
23 8 1 6
23 10 1 17
23 11 290 2
23 12 1 7
23 17 10 5
23 24 8 23
24 0 3 25
24 1 104 21
24 3 4 9
24 5 14 10
24 7 28 2
24 8 3 7
24 11 289 1
24 12 4 6
24 16 3 2
24 20 1 22
24 21 1 7
25 0 69 2
25 1 22 3
25 3 16 5
25 5 42 19
25 6 152 1
25 7 9 5
25 8 3 19
25 10 65 1
25 11 7 10
25 12 1 8
25 15 2 26
25 17 3 28
25 18 1 25
25 24 2 1
25 26 24 17
26 9 5 16
26 10 1 27
26 17 72 12
26 24 2 2
26 27 78 1
27 2 2 12
27 6 1 13
27 7 1 3
27 9 7 3
27 11 96 1
27 18 2 10
27 24 49 3
27 26 14 16
