0 1 157 26
0 2 1 20
0 3 124 3
0 4 23 6
0 5 11 29
0 6 4 28
0 7 116 1
0 8 73 28
0 9 246 6
0 10 35 27
0 15 87 1
0 16 60 21
0 17 9 1
0 18 2 14
0 19 1 2
0 20 2 19
0 24 32 4
0 25 131 14
0 27 38 1
1 0 29 18
1 0 394 27
1 0 203 29
1 2 6 1
1 3 14 4
1 4 5 9
1 5 9 9
1 6 303 1
1 7 386 1
1 8 27 24
1 9 83 1
1 10 190 1
1 11 1 4
1 12 16 24
1 16 37 19
1 17 290 1
1 18 2 3
1 23 44 1
1 24 67 28
1 26 1 17
1 27 1 23
2 0 9 6
2 1 328 13
2 3 11 21
2 4 264 2
2 5 1 3
2 6 238 1
2 7 1 3
2 8 68 1
2 10 3 11
2 11 30 1
2 14 5 1
2 16 3 8
2 17 1 13
2 18 4 22
2 26 3 5
3 0 45 28
3 1 10 24
3 2 100 1
3 4 59 1
3 5 11 2
3 6 235 1
3 7 72 1
3 8 24 5
3 9 1 23
3 11 27 1
3 13 32 8
3 16 34 3
3 20 4 4
3 24 187 6
3 25 1 3
4 0 125 1
4 1 5 1
4 5 23 1
4 6 36 1
4 7 138 2
4 8 74 28
4 9 147 1
4 10 276 1
4 15 106 22
4 17 261 1
4 18 17 1
5 0 28 22
5 1 53 10
5 2 2 25
5 3 31 5
5 4 2 1
5 6 14 19
5 7 1 24
5 8 30 22
5 9 2 28
5 12 1 14
5 15 8 5
5 16 30 8
5 17 5 22
5 23 2 6
5 24 123 29
5 27 1 5
6 0 3 13
6 1 95 1
6 2 109 1
6 3 1 3
6 4 16 15
6 5 3 3
6 8 193 1
6 9 103 1
6 10 162 1
6 11 4 11
6 12 1 29
6 13 21 1
6 14 35 15
6 15 65 1
6 17 318 1
6 18 1 11
6 23 1 17
6 24 108 5
6 25 165 13
7 2 19 1
7 3 5 29
7 5 1 16
7 6 2 6
7 8 4 6
7 11 269 1
7 14 1 29
7 15 29 1
7 20 4 29
7 22 162 19
7 24 4 12
7 25 4 13
7 26 91 2
7 27 68 1
8 0 10 21
8 1 9 21
8 2 42 14
8 3 235 16
8 4 35 1
8 5 6 15
8 6 168 1
8 7 1 22
8 9 54 1
8 10 255 1
8 11 2 25
8 12 12 1
8 13 235 4
8 14 21 1
8 16 151 4
8 17 1 9
8 18 1 1
8 19 1 28
8 20 3 8
8 21 7 1
8 22 7 24
8 24 111 17
8 25 165 1
8 26 15 11
8 27 23 1
9 1 27 7
9 3 86 1
9 4 266 1
9 5 13 13
9 6 98 1
9 8 2 22
9 10 35 12
9 11 1 7
9 12 34 1
9 14 2 27
9 17 25 3
9 19 2 7
9 23 6 26
9 24 1 20
9 25 1 13
9 26 1 21
10 0 140 1
10 1 1 24
10 4 2 10
10 5 209 1
10 6 287 1
10 7 11 10
10 8 280 1
10 9 5 5
10 11 2 29
10 12 1 12
10 13 4 12
10 14 4 17
10 17 2 27
10 19 9 15
10 22 96 1
10 23 58 1
10 24 138 1
10 25 223 2
10 27 8 3
11 0 3 20
11 1 207 1
11 3 377 1
11 6 77 1
11 7 78 23
11 8 4 12
11 9 32 8
11 10 1 6
11 13 77 1
11 14 41 1
11 15 66 22
11 16 2 29
11 20 123 1
11 22 1 14
11 24 1 17
11 25 33 19
11 26 1 27
12 5 1 24
12 6 1 14
12 7 14 25
12 8 34 1
12 9 8 1
12 10 1 7
12 13 6 11
12 14 1 4
12 16 53 5
12 17 152 26
12 26 6 22
13 7 204 1
13 10 7 22
13 12 191 1
13 14 5 20
13 15 24 3
13 18 37 5
13 21 4 19
14 0 3 3
14 1 14 2
14 2 48 2
14 4 5 13
14 8 283 1
14 9 31 1
14 10 2 21
14 11 8 1
14 13 74 1
14 20 1 1
14 21 24 13
15 1 5 4
15 3 2 26
15 6 5 7
15 7 1 25
15 8 8 15
15 10 30 1
15 11 163 1
15 13 3 18
15 14 4 2
15 17 7 21
15 18 1 10
15 23 1 6
15 24 9 2
16 0 73 26
16 1 10 28
16 3 45 11
16 4 80 1
16 5 157 4
16 8 40 27
16 18 55 24
16 24 238 16
17 1 114 1
17 2 1 26
17 3 206 3
17 4 2 27
17 6 1 21
17 8 233 1
17 15 1 9
17 16 3 9
17 18 182 2
17 20 1 7
17 24 45 1
17 25 1 18
18 0 78 1
18 4 13 1
18 5 66 1
18 9 1 14
18 10 1 27
18 15 3 23
18 16 1 20
18 17 7 3
18 19 15 28
18 20 2 5
18 24 35 25
19 0 1 21
19 1 1 23
19 6 35 4
19 11 1 25
19 18 2 26
19 20 39 20
19 25 1 5
20 0 5 10
20 1 19 1
20 2 1 12
20 3 4 25
20 4 61 1
20 7 81 1
20 8 56 3
20 9 76 1
20 10 27 18
20 19 191 1
20 22 3 18
20 25 2 6
21 8 4 7
21 9 2 1
21 10 5 5
21 12 10 11
21 17 1 18
21 27 1 24
22 4 1 19
22 6 89 1
22 7 158 2
22 9 3 5
22 11 1 19
22 15 20 3
22 17 40 2
22 23 10 1
22 25 9 14
23 1 71 1
23 2 4 18
23 5 4 8
23 6 81 2
23 8 18 2
23 11 7 2
23 14 36 6
23 18 39 29
23 21 1 20
23 22 1 20
24 0 11 23
24 1 32 8
24 2 1 1
24 3 11 10
24 5 11 18
24 6 1 4
24 8 102 16
24 9 1 15
24 11 41 1
24 16 10 23
25 6 144 1
25 7 4 20
25 11 4 26
25 17 3 11
25 26 1 24
26 8 68 2
26 10 4 7
26 16 2 2
27 0 96 1
27 5 1 21
27 6 2 19
27 7 2 3
27 11 67 1
27 26 1 3
