0 1 45 25
0 2 1 12
0 3 67 1
0 4 4 25
0 5 13 3
0 6 110 5
0 7 100 1
0 8 424 7
0 8 38 15
0 10 1 8
0 11 8 12
0 12 158 1
0 16 84 12
0 17 5 8
0 18 2 26
0 19 2 21
0 20 2 9
0 23 1 29
0 24 10 10
0 25 131 1
1 0 121 1
1 3 62 1
1 4 9 22
1 5 42 6
1 6 237 1
1 7 370 1
1 8 148 1
1 9 71 1
1 10 175 1
1 12 1 19
1 14 2 9
1 16 176 1
1 17 220 1
1 18 2 2
1 22 78 2
1 24 14 3
2 0 1 2
2 1 320 1
2 3 41 14
2 6 213 1
2 7 1 29
2 8 168 1
2 9 126 1
2 10 3 16
2 14 4 2
2 17 1 6
2 27 16 1
3 0 99 1
3 1 6 5
3 2 144 1
3 4 51 2
3 5 26 8
3 6 220 1
3 7 123 1
3 8 109 24
3 10 4 11
3 11 18 1
3 12 3 24
3 15 2 10
3 16 115 1
3 17 217 1
3 18 87 1
3 20 2 1
3 24 31 1
4 0 109 1
4 3 1 7
4 5 225 1
4 6 19 1
4 7 128 1
4 8 52 15
4 9 122 1
4 10 262 1
4 11 170 1
4 12 4 1
4 15 1 6
4 16 1 11
4 17 248 1
4 18 117 1
5 0 261 1
5 1 8 1
5 3 21 14
5 6 46 7
5 7 4 1
5 8 44 1
5 9 8 4
5 11 125 1
5 12 2 21
5 14 1 15
5 15 1 23
5 16 55 1
5 17 205 27
5 18 2 12
5 24 56 1
6 0 26 9
6 1 58 1
6 2 87 1
6 3 1 15
6 4 31 27
6 5 15 20
6 8 321 1
6 9 62 1
6 10 144 1
6 11 6 25
6 12 2 2
6 13 5 27
6 17 307 1
6 18 4 26
6 19 15 8
6 20 1 25
6 21 80 1
6 23 1 12
7 0 15 1
7 2 56 1
7 3 1 29
7 5 5 6
7 6 21 18
7 8 4 20
7 10 4 1
7 11 83 1
7 13 55 2
7 14 7 2
7 15 18 1
7 16 1 23
7 20 1 24
7 22 2 23
7 23 39 8
7 24 1 16
7 25 2 28
7 26 88 1
7 27 62 1
8 0 12 1
8 1 70 1
8 2 47 6
8 3 11 1
8 4 24 1
8 5 160 1
8 6 29 1
8 7 2 23
8 9 36 1
8 10 170 1
8 11 2 23
8 13 232 2
8 14 18 28
8 15 234 14
8 16 185 15
8 17 1 24
8 19 1 3
8 20 2 11
8 24 26 3
8 25 158 1
9 1 84 28
9 2 1 29
9 4 237 1
9 5 27 18
9 6 112 1
9 8 2 19
9 10 18 11
9 11 16 15
9 12 274 1
9 14 10 11
9 16 2 7
9 18 169 3
9 19 51 26
9 20 129 1
9 22 8 12
9 25 78 5
10 0 131 1
10 1 4 3
10 3 294 2
10 4 9 5
10 5 185 1
10 6 130 1
10 7 1 21
10 8 289 1
10 9 5 3
10 11 248 3
10 12 1 22
10 14 2 13
10 15 1 25
10 17 2 24
10 22 89 3
10 23 52 2
10 25 215 1
11 1 196 1
11 2 3 14
11 3 360 1
11 6 65 1
11 7 139 1
11 8 2 1
11 9 74 25
11 10 1 26
11 12 266 3
11 14 16 15
11 15 354 1
11 17 1 1
11 20 116 2
11 22 2 7
11 23 34 2
11 24 21 6
11 25 105 21
11 26 5 4
11 27 276 1
12 0 181 1
12 1 111 1
12 4 245 25
12 5 1 27
12 6 35 20
12 10 1 13
12 13 5 15
12 15 101 1
12 20 123 13
12 21 1 26
12 25 87 14
12 27 64 2
13 2 17 3
13 9 7 11
13 10 1 19
13 11 188 1
13 12 177 1
13 14 2 3
14 2 47 1
14 7 12 10
14 8 268 1
14 9 24 3
14 10 2 20
14 11 2 2
14 12 1 17
14 13 65 1
14 15 117 2
14 18 1 28
14 21 24 1
14 23 34 1
15 2 1 2
15 4 3 1
15 7 1 20
15 8 1 25
15 9 1 28
15 10 21 1
15 11 210 1
15 12 2 2
15 20 6 25
15 22 1 9
15 24 8 5
15 25 9 2
16 0 93 1
16 1 130 8
16 3 31 1
16 5 54 2
16 8 98 6
16 10 3 16
16 13 2 2
16 18 130 1
16 23 11 16
16 24 53 1
17 1 38 1
17 2 214 6
17 3 200 1
17 4 11 29
17 6 13 2
17 8 223 1
17 11 176 3
17 16 2 29
17 18 176 1
17 24 43 5
17 26 14 10
18 2 35 14
18 3 7 21
18 4 5 1
18 6 242 1
18 8 1 23
18 9 2 26
18 12 38 4
18 16 2 23
18 17 246 2
18 19 1 14
18 20 6 8
18 23 30 20
18 27 1 1
19 0 1 10
19 1 1 27
19 4 2 9
19 6 120 19
19 8 4 27
19 10 139 4
19 20 145 1
19 26 17 28
20 0 34 21
20 2 4 4
20 3 1 19
20 5 1 6
20 6 2 26
20 7 73 1
20 9 73 1
20 10 33 17
20 11 1 11
20 12 80 2
20 15 99 19
20 19 120 1
20 24 42 1
20 25 4 29
20 26 2 19
21 7 14 18
21 15 2 23
21 23 4 1
22 3 4 21
22 7 1 16
22 8 1 8
22 9 1 27
22 17 39 1
22 23 2 6
22 25 9 11
23 0 96 6
23 9 85 1
23 10 1 18
23 11 278 1
23 12 3 24
23 14 35 2
23 22 1 10
24 0 11 12
24 1 20 1
24 3 10 2
24 4 1 3
24 5 133 11
24 8 95 9
24 10 236 1
24 11 13 1
24 16 38 27
24 17 65 1
24 20 1 29
24 21 1 22
24 23 49 1
24 25 1 29
25 5 43 8
25 6 140 1
25 7 1 28
25 8 2 12
25 10 35 2
25 11 24 12
25 12 1 13
25 17 79 18
25 18 1 10
25 24 5 18
25 26 4 9
25 27 3 13
26 12 7 24
26 15 7 6
26 27 35 1
27 7 2 4
27 11 59 1
27 26 8 22
