0 1 31 18
0 2 1 4
0 3 81 1
0 4 19 9
0 5 83 1
0 6 1 16
0 7 87 1
0 8 268 1
0 11 5 18
0 14 1 17
0 16 113 12
0 17 9 6
0 19 38 14
0 20 8 8
0 24 105 23
0 26 4 14
1 0 7 10
1 2 2 13
1 3 96 1
1 4 59 11
1 5 66 15
1 6 109 1
1 7 357 1
1 8 250 1
1 9 61 2
1 10 163 1
1 14 5 7
1 15 80 2
1 16 23 27
1 17 187 1
1 18 116 2
1 20 286 2
1 24 82 1
1 25 47 1
1 27 1 6
2 0 5 1
2 1 294 1
2 3 6 2
2 4 36 15
2 6 193 1
2 7 1 22
2 8 3 4
2 9 120 1
2 10 13 26
2 16 4 8
2 17 3 15
2 23 1 28
2 24 1 21
3 0 262 1
3 1 53 15
3 2 48 14
3 4 45 1
3 5 1 4
3 6 208 1
3 7 92 1
3 8 306 12
3 9 2 18
3 10 5 8
3 11 12 1
3 12 1 28
3 13 31 1
3 16 69 1
3 18 85 5
3 19 2 2
3 24 182 9
4 0 97 1
4 1 1 10
4 5 184 1
4 6 9 1
4 7 120 2
4 8 401 1
4 9 103 1
4 10 251 1
4 11 165 1
4 12 221 25
4 15 1 29
4 16 1 1
4 17 238 1
4 18 99 1
5 0 260 1
5 1 88 1
5 2 2 10
5 3 36 1
5 4 1 20
5 6 52 14
5 7 1 17
5 8 84 15
5 9 9 28
5 11 119 1
5 12 9 21
5 13 5 8
5 14 65 1
5 16 175 1
5 21 3 8
5 22 25 28
5 23 2 13
5 24 44 2
5 25 1 1
6 0 3 17
6 1 35 1
6 2 72 1
6 3 1 27
6 4 3 16
6 5 55 1
6 7 1 11
6 8 74 1
6 9 36 1
6 10 116 1
6 11 6 26
6 12 2 4
6 17 298 1
6 18 6 17
6 19 1 8
6 21 78 9
6 22 106 2
6 23 1 8
6 24 103 1
7 2 50 1
7 3 1 22
7 5 2 1
7 6 59 22
7 8 8 25
7 9 1 24
7 11 69 1
7 12 9 27
7 14 2 23
7 15 11 1
7 16 2 4
7 20 3 1
7 22 2 8
7 23 3 20
7 24 2 14
7 25 1 6
7 27 58 2
8 0 208 11
8 1 275 3
8 1 215 1
8 2 14 24
8 3 307 1
8 4 16 1
8 5 405 3
8 6 21 1
8 7 2 26
8 9 24 1
8 10 98 1
8 11 384 23
8 12 6 2
8 14 304 1
8 15 3 17
8 16 128 1
8 17 14 28
8 19 1 18
8 20 2 18
8 24 142 1
8 25 152 2
9 0 1 11
9 1 1 2
9 2 3 4
9 4 214 1
9 5 44 1
9 6 91 1
9 7 4 1
9 8 3 24
9 10 21 13
9 11 21 16
9 12 247 1
9 14 76 10
9 15 89 2
9 17 19 2
9 20 127 4
9 24 3 24
9 25 1 25
9 26 3 23
9 27 4 9
10 1 11 21
10 2 3 17
10 3 287 1
10 4 326 14
10 5 166 1
10 6 90 1
10 7 1 29
10 8 129 1
10 9 55 25
10 11 1 11
10 12 1 28
10 13 255 17
10 14 15 20
10 17 4 24
10 22 84 1
10 23 48 1
10 24 125 1
10 25 208 1
11 0 35 3
11 1 188 1
11 3 347 1
11 6 56 1
11 7 287 13
11 8 4 20
11 9 7 10
11 10 6 9
11 12 265 1
11 13 61 1
11 14 28 1
11 15 42 4
11 16 1 27
11 17 253 6
11 20 112 1
11 22 1 17
11 24 2 1
11 25 4 13
11 26 17 7
12 2 5 3
12 3 1 19
12 4 7 7
12 5 1 26
12 6 11 5
12 7 14 27
12 10 250 19
12 11 159 15
12 13 5 27
12 15 98 1
12 16 50 2
12 19 52 10
12 23 112 27
12 24 78 3
13 0 23 9
13 4 18 1
13 6 6 5
13 9 8 16
13 10 1 7
13 11 180 1
13 12 166 1
13 14 3 7
14 0 1 7
14 1 7 14
14 2 46 1
14 5 1 24
14 8 256 1
14 10 11 6
14 12 1 1
14 13 56 1
14 15 111 1
14 21 23 16
14 22 1 2
14 27 20 4
15 0 95 2
15 1 4 1
15 3 1 7
15 6 1 6
15 7 2 16
15 8 1 18
15 11 229 17
15 17 12 8
15 20 1 7
15 23 2 8
15 26 23 18
16 0 192 9
16 1 62 1
16 3 27 1
16 5 46 23
16 8 51 1
16 10 1 27
16 11 24 28
16 24 259 1
16 27 31 2
17 1 12 1
17 3 195 1
17 4 1 4
17 6 25 5
17 7 3 12
17 8 215 1
17 11 173 1
17 12 37 2
17 14 5 7
17 18 170 2
17 20 1 26
17 21 1 29
18 4 41 1
18 6 238 1
18 8 1 4
18 9 1 25
18 10 3 23
18 12 37 1
18 16 8 9
18 24 35 13
18 27 1 13
19 0 8 1
19 1 1 11
19 3 54 3
19 6 36 7
19 8 1 16
19 9 3 21
19 11 3 4
19 20 109 1
20 0 1 10
20 1 12 3
20 3 141 20
20 8 46 2
20 9 70 1
20 11 2 4
20 19 93 1
20 22 2 22
20 26 1 4
21 6 5 18
21 7 4 7
21 10 3 4
21 17 1 16
22 1 1 14
22 4 1 8
22 6 84 1
22 8 1 17
22 9 5 12
22 10 3 7
22 11 1 26
22 25 9 26
23 1 68 1
23 5 4 8
23 6 77 4
23 7 4 1
23 8 1 26
23 11 4 2
23 12 8 17
23 19 10 23
23 24 19 4
23 27 10 25
24 0 131 12
24 1 81 1
24 3 64 1
24 5 312 1
24 8 52 17
24 10 233 4
24 11 227 1
24 12 1 18
24 16 60 1
24 17 63 9
24 23 46 1
25 1 13 1
25 5 1 2
25 8 26 5
25 10 30 1
25 11 75 28
25 12 3 19
25 14 16 2
25 24 1 26
25 26 4 20
25 27 85 8
26 8 64 5
26 10 2 9
26 16 1 24
26 17 3 9
26 23 26 4
26 25 1 25
27 2 1 21
27 5 1 9
27 6 25 13
27 7 2 17
27 11 52 2
27 13 5 27
27 23 1 13
27 24 46 8
27 26 4 9
