0 1 60 3
0 2 6 18
0 3 53 1
0 4 13 1
0 5 25 1
0 6 2 1
0 7 61 1
0 8 58 1
0 11 1 3
0 12 151 2
0 14 5 19
0 15 76 1
0 16 41 1
0 17 4 8
0 18 1 21
0 19 35 27
0 20 28 18
0 23 2 4
0 24 95 13
1 0 16 12
1 2 9 23
1 3 284 1
1 4 19 11
1 5 248 5
1 6 69 1
1 7 326 1
1 8 43 1
1 9 42 2
1 10 138 1
1 15 75 1
1 16 80 1
1 17 241 1
1 18 1 29
1 20 278 3
1 23 38 1
1 24 14 3
1 27 1 27
2 0 2 26
2 1 165 1
2 3 4 28
2 6 149 1
2 7 10 3
2 8 55 1
2 9 109 1
2 10 16 3
2 12 2 22
2 14 2 1
2 17 1 19
2 19 5 27
2 21 1 14
2 25 1 1
3 0 71 1
3 1 197 1
3 2 104 1
3 4 33 2
3 5 109 1
3 6 181 1
3 7 10 1
3 8 149 1
3 9 5 11
3 11 2 4
3 12 73 2
3 16 92 1
3 17 202 1
3 18 82 1
3 24 17 3
4 0 71 1
4 1 4 28
4 2 1 4
4 5 100 1
4 7 103 1
4 8 24 24
4 9 65 1
4 10 225 1
4 11 152 2
4 12 221 14
4 17 215 1
4 18 63 1
4 19 1 14
4 20 1 23
4 26 3 8
5 0 65 1
5 1 97 1
5 2 18 1
5 3 109 1
5 4 2 19
5 6 19 1
5 7 14 21
5 8 21 1
5 9 71 13
5 12 4 23
5 16 35 1
5 19 26 2
5 22 1 21
5 24 63 1
5 27 31 26
6 0 1 26
6 1 4 1
6 2 41 1
6 3 36 26
6 4 15 26
6 5 22 10
6 8 112 1
6 9 3 1
6 10 152 1
6 11 1 1
6 12 1 24
6 13 3 11
6 14 42 29
6 16 174 7
6 17 276 2
6 18 2 8
6 19 1 16
6 22 103 1
6 23 5 4
6 24 97 1
6 27 2 4
7 2 26 1
7 3 156 12
7 5 2 10
7 6 2 16
7 8 10 19
7 10 189 1
7 11 51 1
7 12 1 20
7 14 1 9
7 15 1 2
7 17 1 1
7 21 1 4
7 24 3 5
7 25 23 22
8 0 80 1
8 1 108 1
8 2 99 26
8 3 252 1
8 4 4 1
8 5 105 1
8 6 9 27
8 7 3 4
8 9 6 1
8 10 16 1
8 13 221 3
8 14 7 1
8 15 1 7
8 16 31 1
8 20 3 25
8 21 4 1
8 25 140 1
8 26 17 9
9 1 1 26
9 3 68 1
9 4 163 1
9 5 15 7
9 6 324 1
9 8 1 23
9 10 16 18
9 12 192 1
9 13 1 4
9 14 1 29
9 23 5 6
9 25 1 8
9 26 1 26
10 0 110 2
10 2 3 1
10 3 268 1
10 5 126 1
10 6 210 1
10 7 100 5
10 8 200 1
10 9 61 9
10 11 36 2
10 12 2 22
10 14 17 26
10 15 2 7
10 19 2 16
10 21 80 4
10 23 39 3
10 24 112 2
10 25 193 1
11 0 1 8
11 1 169 1
11 2 7 9
11 3 314 1
11 5 1 22
11 7 7 27
11 8 1 9
11 9 2 20
11 10 7 13
11 14 14 1
11 15 201 1
11 16 8 10
11 18 1 22
11 19 114 15
11 20 101 1
11 21 45 1
11 22 2 1
11 23 29 1
11 24 37 28
11 25 3 8
11 26 12 10
11 27 272 1
12 1 95 2
12 4 60 1
12 5 3 3
12 6 1 22
12 8 15 4
12 11 5 16
12 13 2 25
12 14 1 24
12 15 91 1
12 16 48 1
12 21 1 19
12 24 76 2
13 1 1 29
13 4 1 9
13 6 4 1
13 7 191 1
13 9 3 19
13 10 2 16
13 11 161 1
13 12 139 1
13 14 1 10
13 15 17 4
14 7 20 23
14 8 227 1
14 9 11 3
14 10 6 19
14 12 1 26
14 13 35 1
14 15 12 1
14 24 1 28
15 0 89 2
15 3 1 4
15 6 1 12
15 7 2 6
15 8 3 14
15 10 4 2
15 11 172 20
15 13 1 17
15 14 1 11
15 20 6 26
15 24 5 1
15 26 22 7
16 0 45 1
16 1 26 4
16 3 64 1
16 4 56 1
16 5 2 3
16 8 116 1
16 11 1 1
16 13 3 22
16 15 40 5
16 18 8 7
16 24 90 1
17 0 55 22
17 2 1 14
17 3 183 1
17 4 1 4
17 6 10 5
17 7 4 2
17 8 197 1
17 12 32 5
17 14 4 8
17 16 180 25
17 18 158 1
17 20 18 28
17 27 68 12
18 0 62 1
18 2 1 19
18 4 9 1
18 6 229 1
18 8 68 8
18 9 1 21
18 12 32 3
18 16 2 27
18 22 1 17
19 0 3 10
19 1 1 10
19 3 49 4
19 4 2 4
19 8 1 9
19 10 135 6
19 11 9 25
19 16 21 4
19 18 2 13
19 20 42 1
20 1 7 4
20 3 97 6
20 4 47 1
20 5 1 24
20 7 54 1
20 8 37 1
20 9 65 2
20 11 60 9
20 17 5 4
20 18 70 1
20 19 134 1
20 24 37 9
21 11 127 1
21 12 1 1
21 22 14 13
22 7 1 26
22 13 1 21
22 14 18 1
23 1 65 1
23 6 73 4
23 8 7 19
23 10 4 19
23 11 260 1
23 12 2 14
23 14 30 1
23 15 1 9
23 27 10 27
24 0 41 1
24 1 46 1
24 3 6 4
24 5 105 1
24 8 86 1
24 10 227 4
24 11 179 1
24 16 40 1
24 20 4 4
24 23 39 1
24 27 3 24
25 0 50 1
25 2 22 1
25 3 6 2
25 7 176 14
25 8 13 19
25 10 20 2
25 11 53 3
25 20 1 26
25 23 3 13
25 24 6 19
25 26 1 8
25 27 77 3
26 1 51 2
26 6 85 8
26 9 1 25
26 11 1 13
26 22 19 18
26 23 25 5
26 25 1 16
26 27 14 1
27 7 70 7
27 8 12 2
27 10 11 4
27 11 39 1
27 25 4 4
27 26 76 4
