0 1 207 1
0 2 1 6
0 3 150 1
0 4 426 1
0 5 78 1
0 6 138 17
0 7 57 1
0 8 53 9
0 11 2 11
0 14 1 23
0 16 29 1
0 17 1 8
0 18 15 9
0 19 6 16
0 20 15 25
0 22 2 29
0 23 2 19
0 24 46 1
1 0 377 1
1 2 4 13
1 3 241 1
1 4 20 5
1 5 30 7
1 6 53 1
1 7 321 1
1 8 86 1
1 9 40 1
1 10 134 1
1 12 1 19
1 16 67 1
1 17 229 1
1 19 1 25
1 24 112 1
2 0 2 16
2 1 125 27
2 3 4 1
2 4 26 1
2 6 142 1
2 7 3 12
2 8 44 1
2 10 1 6
2 16 4 28
2 17 2 9
2 18 98 1
3 0 203 1
3 1 140 1
3 2 85 1
3 4 31 2
3 5 56 1
3 6 177 1
3 7 1 22
3 8 89 1
3 9 3 14
3 10 1 27
3 11 2 1
3 12 26 8
3 15 2 12
3 16 51 1
3 21 1 14
3 22 6 2
3 24 78 1
3 25 25 26
4 1 2 18
4 2 1 1
4 5 89 1
4 7 100 2
4 8 70 1
4 9 59 1
4 10 220 1
4 11 150 1
4 15 1 16
4 16 2 6
4 17 211 1
4 18 58 1
4 22 1 17
4 23 1 1
5 0 69 1
5 1 52 1
5 2 2 9
5 3 59 1
5 4 8 3
5 6 35 28
5 8 24 1
5 9 8 8
5 10 1 21
5 11 102 1
5 12 2 8
5 15 1 12
5 16 56 1
5 18 5 6
5 20 104 3
5 24 11 7
6 0 5 29
6 1 2 1
6 2 37 1
6 3 1 25
6 4 105 21
6 5 44 10
6 8 69 1
6 9 1 1
6 10 140 1
6 11 2 28
6 12 1 14
6 13 11 17
6 17 273 1
6 18 1 28
6 20 236 4
6 23 8 8
6 26 78 1
6 27 2 1
7 2 23 1
7 3 7 5
7 5 3 2
7 6 1 8
7 8 2 21
7 9 9 7
7 10 186 1
7 11 24 11
7 13 41 1
7 14 1 27
7 17 1 13
7 19 67 2
7 20 1 20
7 21 1 1
7 22 2 22
7 24 51 15
7 25 1 15
7 27 47 1
8 0 26 1
8 1 269 1
8 2 198 23
8 3 305 1
8 5 46 1
8 6 11 9
8 7 19 3
8 10 6 1
8 12 1 8
8 13 220 2
8 14 300 1
8 15 1 16
8 16 86 1
8 17 8 21
8 19 24 10
8 20 13 23
8 22 12 19
8 24 75 1
9 1 6 18
9 2 1 19
9 3 66 1
9 4 155 1
9 5 8 24
9 6 309 1
9 8 3 8
9 10 3 22
9 11 1 6
9 12 183 1
9 13 1 25
9 14 2 2
9 15 79 3
9 17 13 5
9 18 156 1
9 21 10 25
9 23 6 26
9 25 1 3
10 0 108 1
10 1 14 18
10 3 265 1
10 5 120 1
10 6 196 1
10 7 3 15
10 8 181 1
10 9 12 8
10 11 34 1
10 12 1 3
10 13 250 1
10 14 4 1
10 15 4 15
10 21 80 1
10 22 71 1
10 24 110 2
10 25 190 1
11 0 1 12
11 2 1 9
11 3 308 1
11 4 289 2
11 6 35 1
11 7 6 13
11 8 24 20
11 9 3 25
11 12 259 3
11 13 44 1
11 14 8 27
11 15 180 11
11 16 52 18
11 17 250 1
11 21 45 1
11 22 1 19
11 24 2 12
11 25 3 13
11 26 60 14
12 3 12 16
12 5 4 23
12 6 77 18
12 8 14 2
12 11 29 6
12 13 1 8
12 15 90 1
12 17 1 12
12 18 62 2
12 20 124 26
12 21 1 23
12 27 62 1
13 1 1 1
13 3 23 4
13 6 3 4
13 8 4 23
13 9 1 2
13 10 37 17
13 11 158 2
13 12 135 1
13 14 18 16
13 15 17 2
13 18 34 10
14 1 1 8
14 2 42 4
14 6 10 1
14 7 3 29
14 8 223 1
14 9 10 2
14 10 78 8
14 13 32 1
14 15 96 1
14 16 15 1
14 22 34 1
14 24 2 29
15 1 3 1
15 3 5 16
15 6 1 21
15 7 1 26
15 8 10 23
15 11 88 1
15 14 1 7
15 17 5 24
15 20 5 20
15 27 4 1
16 0 123 1
16 1 55 1
16 2 1 26
16 3 1 14
16 4 54 3
16 5 47 1
16 8 75 1
16 10 5 8
16 11 2 17
16 12 1 26
16 17 1 23
16 22 28 13
16 24 50 1
17 1 61 1
17 4 3 18
17 6 32 25
17 7 2 21
17 16 17 20
17 18 156 2
17 21 1 28
17 22 37 5
17 25 1 19
18 0 61 1
18 3 1 13
18 4 373 1
18 5 46 3
18 10 32 12
18 14 42 4
18 15 3 7
18 16 7 3
18 19 1 17
18 20 1 2
18 22 31 10
19 0 2 7
19 3 48 3
19 4 2 6
19 8 1 6
19 9 1 17
19 11 1 3
19 16 21 1
19 17 79 1
19 20 32 1
20 0 8 12
20 1 6 6
20 2 208 3
20 3 10 14
20 4 46 4
20 8 35 3
20 9 65 1
20 10 4 6
20 11 215 23
20 17 9 8
20 18 69 2
20 19 41 1
21 3 1 22
21 12 1 23
21 14 19 11
21 23 19 22
21 25 8 4
22 3 4 14
22 5 12 14
22 7 7 2
22 9 1 25
22 10 1 13
22 13 1 3
22 23 10 1
23 2 1 25
23 6 73 1
23 11 257 1
23 21 2 26
23 24 2 29
24 0 38 1
24 1 137 1
24 3 47 11
24 4 1 16
24 5 53 1
24 6 3 22
24 8 33 1
24 9 2 2
24 10 226 6
24 11 172 1
24 14 1 4
24 16 6 12
24 17 60 7
24 20 4 20
24 22 5 27
24 23 37 1
25 0 49 2
25 2 22 1
25 6 131 1
25 8 1 9
25 9 12 2
25 11 10 7
25 12 2 3
25 15 1 21
25 17 1 13
25 18 1 10
25 20 57 7
25 24 1 11
25 26 1 15
26 2 29 10
26 9 1 20
26 14 27 11
26 15 5 9
26 27 12 1
27 4 84 1
27 10 12 13
27 11 37 1
27 13 6 12
27 19 13 28
27 25 4 2
27 26 77 24
