0 1 5 4
0 2 1 4
0 3 2 17
0 4 421 1
0 6 1 26
0 8 64 21
0 9 16 4
0 14 1 27
0 17 1 28
0 18 15 24
0 19 9 3
0 24 94 21
0 27 31 1
1 0 11 5
1 2 13 20
1 3 1 8
1 4 83 25
1 5 21 1
1 6 18 1
1 7 310 1
1 8 1 22
1 9 34 1
1 10 125 1
1 12 4 2
1 17 202 1
1 18 2 18
1 19 6 7
1 20 274 1
1 25 40 1
1 27 2 28
2 0 1 15
2 1 190 1
2 3 7 18
2 4 19 12
2 6 127 1
2 7 19 1
2 8 25 1
2 9 102 1
2 10 3 4
2 16 4 28
2 17 2 25
3 0 153 1
3 1 8 2
3 2 50 1
3 4 27 1
3 6 167 1
3 7 34 1
3 8 41 1
3 12 2 8
3 17 196 1
3 20 1 12
3 22 17 27
4 0 59 1
4 1 3 9
4 2 2 6
4 3 1 29
4 5 65 1
4 6 2 24
4 7 94 2
4 8 56 1
4 9 48 1
4 10 211 1
4 12 18 23
4 14 1 26
4 17 202 1
4 18 48 1
4 19 142 10
4 20 1 22
4 22 1 28
4 25 1 3
4 26 7 14
5 0 86 16
5 2 2 11
5 4 5 26
5 6 13 22
5 8 3 16
5 9 79 5
5 10 3 15
5 11 97 1
5 12 1 20
5 14 62 1
5 15 8 22
5 20 103 4
5 23 1 4
6 0 120 18
6 2 28 1
6 3 5 4
6 4 3 15
6 5 21 10
6 7 1 25
6 8 198 1
6 10 160 1
6 11 2 27
6 12 1 26
6 14 1 9
6 15 45 2
6 16 173 1
6 17 265 1
6 18 2 12
6 21 74 6
6 23 1 28
6 24 94 1
7 1 1 15
7 2 16 1
7 3 154 20
7 5 14 6
7 6 14 5
7 8 54 9
7 10 422 22
7 11 12 1
7 13 38 1
7 14 20 26
7 16 48 22
7 19 64 3
7 20 1 10
7 21 2 21
7 24 3 3
7 25 5 26
8 0 36 11
8 1 199 1
8 2 88 5
8 3 242 1
8 5 9 3
8 6 52 25
8 7 12 27
8 10 3 1
8 11 96 25
8 13 217 1
8 14 10 1
8 16 7 11
8 17 1 20
8 19 2 27
8 22 13 14
8 25 133 2
8 27 13 1
9 1 1 10
9 2 6 24
9 3 63 2
9 4 138 1
9 5 16 19
9 6 45 1
9 8 2 16
9 10 2 24
9 11 1 6
9 12 162 1
9 14 1 18
9 15 76 2
9 17 12 1
9 18 152 3
9 19 52 8
9 20 120 1
9 21 2 8
9 23 1 13
10 2 3 9
10 4 2 8
10 5 106 1
10 6 32 1
10 7 20 16
10 8 101 1
10 9 139 9
10 11 429 1
10 12 11 16
10 13 245 25
10 14 49 6
10 15 29 27
10 17 1 25
10 23 35 1
10 24 106 1
10 25 184 1
11 0 1 28
11 1 159 1
11 2 1 24
11 3 296 1
11 5 1 17
11 6 29 2
11 7 170 17
11 8 151 15
11 9 78 6
11 10 7 19
11 12 258 1
11 13 39 1
11 14 358 1
11 15 120 1
11 16 9 5
11 17 248 4
11 20 95 2
11 23 21 27
11 24 2 8
11 25 3 1
11 26 21 9
11 27 266 1
12 4 2 3
12 6 1 27
12 8 12 1
12 9 1 18
12 11 1 14
12 13 10 9
12 15 87 2
12 21 3 19
12 24 74 8
13 4 7 22
13 6 2 5
13 8 1 24
13 9 4 6
13 10 1 29
13 11 152 1
13 12 125 1
13 14 1 6
13 17 57 8
13 22 3 21
14 2 41 7
14 4 4 25
14 5 25 11
14 6 6 5
14 7 14 26
14 8 212 1
14 9 8 1
14 10 10 27
14 11 1 17
14 12 1 11
14 13 25 2
14 15 85 4
14 16 14 4
14 17 110 1
14 19 1 24
14 23 27 2
14 24 5 8
15 0 87 1
15 2 38 23
15 6 1 8
15 7 3 16
15 11 103 1
15 13 5 2
15 14 1 18
15 17 1 13
15 18 1 21
15 20 1 9
15 23 1 3
15 24 3 14
16 1 5 12
16 4 51 1
16 7 2 19
16 10 1 3
16 17 1 13
16 19 51 25
16 22 1 9
16 24 2 29
17 0 339 2
17 1 46 1
17 3 176 2
17 4 57 7
17 6 1 18
17 8 187 1
17 11 160 1
17 16 1 19
17 20 6 26
17 22 36 11
17 23 3 28
17 24 38 6
17 25 1 19
17 27 68 3
18 2 10 29
18 3 19 14
18 4 356 1
18 5 43 3
18 6 223 2
18 8 76 13
18 9 2 13
18 12 30 3
18 15 1 18
18 16 3 29
18 22 2 21
18 24 6 23
18 25 6 2
18 27 43 11
19 0 1 22
19 1 1 7
19 4 2 11
19 12 72 5
19 18 47 5
19 20 21 1
19 27 19 10
20 3 1 19
20 4 44 2
20 6 3 27
20 7 48 1
20 9 63 2
20 10 1 4
20 13 1 11
20 16 6 16
20 19 11 1
21 8 4 21
21 12 2 20
21 17 7 27
21 22 14 2
22 8 1 14
22 9 3 14
22 10 2 19
22 11 1 9
22 13 1 7
22 17 36 8
22 18 15 2
22 20 63 1
22 26 22 27
23 2 1 26
23 8 3 18
23 10 1 12
23 11 250 2
23 12 1 16
23 18 38 4
23 22 1 11
24 1 102 25
24 4 2 8
24 6 1 16
24 8 3 26
24 9 1 22
24 10 224 2
24 11 154 1
24 16 2 12
24 17 60 1
24 22 32 2
24 26 2 14
25 3 4 4
25 6 128 1
25 7 107 29
25 8 4 29
25 9 11 6
25 11 83 27
25 12 1 11
25 16 44 6
25 20 3 9
25 23 3 17
25 24 8 5
25 26 2 19
26 3 29 2
26 9 12 21
26 11 1 24
26 15 5 9
26 25 1 17
26 27 9 1
27 5 1 10
27 7 13 10
27 11 32 2
27 18 1 1
27 24 44 5
27 25 1 2
27 26 11 22
