0 1 115 23
0 2 1 11
0 3 171 9
0 4 419 1
0 5 4 4
0 6 3 3
0 7 46 1
0 8 4 21
0 11 1 12
0 13 11 5
0 16 3 9
0 17 1 13
0 19 21 25
0 24 6 29
1 0 2 17
1 2 12 27
1 3 25 9
1 4 3 7
1 5 22 29
1 6 7 12
1 7 306 1
1 8 56 14
1 9 32 1
1 10 122 1
1 13 2 10
1 14 1 1
1 16 4 2
1 17 192 10
1 21 74 5
1 24 4 29
2 0 50 17
2 1 171 1
2 3 79 3
2 4 253 1
2 6 122 1
2 7 9 7
2 8 19 1
2 9 101 1
2 10 5 12
2 11 6 2
2 13 23 1
2 16 51 3
2 17 1 7
2 19 1 18
2 21 1 16
3 1 2 20
3 2 40 1
3 5 4 13
3 6 164 1
3 7 29 1
3 8 3 22
3 10 6 12
3 12 1 12
3 15 2 29
3 16 3 2
3 17 194 1
3 18 79 4
3 24 4 2
3 25 2 2
4 0 57 1
4 1 3 12
4 2 1 5
4 3 27 26
4 5 58 1
4 6 1 2
4 7 92 2
4 8 51 1
4 9 45 1
4 10 208 1
4 11 144 2
4 12 5 2
4 15 4 6
4 16 1 17
4 17 199 1
4 18 44 1
4 20 9 6
5 0 3 29
5 1 6 8
5 3 4 28
5 4 3 15
5 6 12 23
5 7 4 21
5 8 55 7
5 9 16 27
5 11 95 2
5 12 1 4
5 15 2 18
5 16 4 4
5 22 2 22
5 24 4 23
6 0 4 2
6 2 26 1
6 3 1 18
6 4 3 25
6 5 20 26
6 7 4 7
6 8 154 1
6 10 152 1
6 11 1 22
6 12 1 29
6 15 44 1
6 17 262 1
6 19 2 16
6 20 5 29
6 22 100 5
6 24 93 1
6 25 162 1
6 26 76 9
7 2 14 1
7 3 127 1
7 5 1 10
7 6 3 20
7 8 1 14
7 9 1 4
7 10 183 1
7 11 17 1
7 12 1 24
7 14 24 26
7 19 63 1
7 23 1 3
7 24 4 18
7 25 2 5
8 0 2 20
8 1 199 15
8 2 3 3
8 3 1 2
8 5 12 22
8 6 42 15
8 7 13 20
8 13 216 1
8 14 7 1
8 16 3 14
8 19 36 28
8 20 1 25
8 22 2 13
8 24 4 21
8 25 132 1
8 26 19 20
9 1 1 29
9 4 133 1
9 5 105 12
9 6 32 1
9 7 347 1
9 8 10 14
9 11 2 22
9 12 155 1
9 13 1 12
9 14 14 22
9 15 75 2
9 18 151 2
9 19 1 27
9 22 77 21
9 24 10 24
10 0 101 1
10 1 3 24
10 2 21 23
10 3 255 1
10 5 102 1
10 6 187 1
10 7 3 23
10 8 73 20
10 9 6 12
10 11 156 1
10 12 21 3
10 13 86 21
10 14 4 13
10 16 1 22
10 19 2 4
10 21 1 29
10 24 104 1
10 25 182 1
10 26 114 1
11 0 2 6
11 2 9 12
11 3 291 1
11 6 28 1
11 7 3 25
11 8 3 6
11 9 2 14
11 10 16 27
11 13 37 2
11 14 353 1
11 15 168 1
11 16 2 9
11 19 2 25
11 23 259 2
11 24 16 13
11 25 122 25
11 26 4 19
11 27 265 1
12 1 89 1
12 4 2 1
12 5 1 25
12 6 1 5
12 8 11 2
12 10 82 8
12 11 6 12
12 13 3 18
12 14 189 3
12 15 86 4
12 17 2 12
12 19 3 6
12 21 4 23
13 7 187 1
13 8 1 18
13 9 1 23
13 10 3 23
13 11 149 1
13 12 122 1
13 18 34 3
13 20 2 21
14 3 6 2
14 5 1 14
14 6 209 9
14 7 1 22
14 8 208 1
14 10 4 19
14 12 3 18
14 13 23 1
14 15 8 27
14 17 109 1
14 18 2 13
15 0 86 1
15 3 15 23
15 6 2 10
15 7 1 13
15 8 1 14
15 9 7 24
15 10 1 2
15 11 85 1
15 13 12 19
15 14 8 17
15 17 1 18
15 18 1 10
15 23 2 28
16 0 4 25
16 1 3 5
16 3 4 16
16 4 49 2
16 5 56 2
16 6 8 28
16 7 22 12
16 8 4 4
16 10 2 5
16 11 1 17
16 12 2 7
16 14 1 11
16 17 1 13
16 24 6 7
17 0 338 1
17 1 42 1
17 2 9 1
17 4 7 16
17 6 2 1
17 7 3 9
17 8 185 1
17 12 30 1
17 18 150 2
17 19 36 3
17 20 1 16
17 27 67 11
18 3 2 4
18 4 351 1
18 5 42 2
18 6 222 2
18 7 190 10
18 8 8 3
18 9 1 16
18 10 32 8
18 12 30 1
18 15 1 26
18 16 2 16
18 20 14 12
18 25 6 1
19 0 3 29
19 1 11 1
19 2 1 8
19 7 197 2
19 8 6 5
19 9 5 26
19 11 2 23
19 20 16 1
20 0 8 23
20 1 5 1
20 2 207 3
20 3 1 23
20 4 43 3
20 7 46 2
20 8 31 2
20 19 55 1
20 26 1 28
21 7 3 5
21 10 1 24
21 12 1 5
21 27 1 20
22 2 16 14
22 3 1 8
22 5 1 28
22 6 78 1
22 9 1 28
22 11 1 24
22 23 9 1
23 6 71 1
23 10 5 24
23 11 248 1
23 12 97 10
23 14 27 4
23 15 2 28
23 16 14 13
23 17 5 21
23 25 5 7
24 0 3 24
24 1 3 18
24 3 3 17
24 4 100 19
24 5 4 8
24 8 4 21
24 11 150 1
24 13 1 8
24 16 21 12
24 23 34 1
24 25 1 11
25 0 46 2
25 8 2 11
25 11 3 10
25 14 6 13
25 20 1 6
25 22 8 20
25 27 71 2
26 3 1 10
26 14 27 19
26 17 76 1
26 18 40 5
26 25 1 15
27 1 3 2
27 6 1 16
27 9 2 1
27 10 1 19
27 11 31 1
27 13 6 18
27 25 6 1
27 26 1 23
