0 1 26 2
0 2 1 5
0 3 34 16
0 4 410 1
0 5 20 23
0 6 1 22
0 7 33 1
0 8 30 28
0 9 242 1
0 11 1 11
0 13 10 1
0 16 48 5
0 17 1 12
0 18 1 23
0 19 2 24
0 24 20 20
0 25 128 3
0 27 28 1
1 0 246 18
1 2 5 16
1 3 22 11
1 4 3 25
1 5 19 21
1 6 103 1
1 7 285 1
1 8 55 4
1 10 107 1
1 14 4 6
1 15 67 3
1 16 21 19
1 17 171 1
1 18 1 16
1 24 20 10
1 27 63 3
2 0 5 19
2 1 112 1
2 3 18 15
2 4 245 2
2 5 2 16
2 6 96 1
2 7 34 20
2 9 93 2
2 10 13 13
2 12 2 1
2 16 4 11
2 17 6 7
2 18 4 12
2 20 10 1
2 21 1 9
2 24 1 19
3 0 25 12
3 1 17 2
3 2 4 1
3 5 39 11
3 6 146 1
3 7 9 1
3 8 18 22
3 13 28 2
3 16 38 6
3 17 187 1
3 18 77 2
3 24 66 19
4 0 44 1
4 1 6 15
4 5 26 1
4 6 1 8
4 7 82 2
4 8 391 1
4 9 28 1
4 10 191 1
4 12 2 6
4 15 1 13
4 16 7 16
4 17 184 1
4 18 28 1
4 26 1 29
5 0 44 16
5 1 20 6
5 2 1 19
5 3 20 14
5 4 10 23
5 6 37 3
5 8 30 5
5 9 7 28
5 10 6 5
5 12 7 9
5 13 5 10
5 14 60 1
5 16 54 19
5 17 1 28
5 19 24 3
5 23 2 16
5 24 41 3
5 25 1 28
6 0 1 9
6 1 1 19
6 3 1 7
6 4 118 7
6 5 56 4
6 7 2 1
6 8 15 1
6 9 2 18
6 10 110 1
6 11 6 28
6 12 1 29
6 13 5 24
6 14 43 20
6 15 40 1
6 16 169 5
6 17 248 1
6 18 142 16
6 19 2 1
6 27 1 2
7 1 1 20
7 3 118 5
7 9 339 1
7 10 166 1
7 12 3 29
7 13 32 1
7 14 23 5
7 17 1 7
7 19 58 2
7 20 2 9
7 23 25 18
7 24 4 9
7 25 2 3
8 0 19 2
8 1 27 13
8 2 2 29
8 3 17 16
8 5 39 12
8 6 23 20
8 7 23 27
8 10 2 15
8 11 137 1
8 13 209 1
8 14 2 1
8 16 37 4
8 17 264 24
8 20 34 29
8 22 2 7
8 24 38 17
8 26 90 16
9 0 1 16
9 1 3 4
9 2 1 17
9 4 105 1
9 5 173 6
9 6 37 1
9 7 338 1
9 8 18 28
9 10 430 16
9 11 4 21
9 12 121 1
9 14 1 19
9 18 145 1
9 21 10 8
9 23 1 7
9 24 1 22
10 0 92 1
10 2 1 6
10 3 242 1
10 4 5 27
10 5 80 1
10 6 156 1
10 7 103 24
10 8 266 1
10 9 53 15
10 11 11 1
10 12 1 17
10 13 3 1
10 14 19 21
10 15 2 24
10 20 249 1
10 24 96 1
10 25 171 1
11 0 1 28
11 1 145 1
11 2 1 12
11 3 268 1
11 5 2 10
11 6 19 2
11 7 209 1
11 8 2 9
11 9 2 28
11 10 6 1
11 12 253 4
11 14 5 1
11 15 77 1
11 16 1 27
11 20 87 2
11 22 1 2
11 23 249 1
11 24 36 24
11 25 2 3
11 26 60 17
11 27 257 2
12 1 82 1
12 6 2 11
12 8 7 2
12 9 1 23
12 13 5 28
12 15 82 2
12 17 2 24
12 21 33 16
12 26 6 2
13 4 1 14
13 5 34 19
13 7 182 1
13 8 1 27
13 9 6 19
13 10 1 13
13 11 137 1
13 12 104 1
13 14 1 11
13 15 13 3
13 16 1 6
14 4 1 3
14 5 1 25
14 6 3 1
14 7 1 11
14 8 189 1
14 10 22 21
14 11 1 11
14 13 13 1
14 15 69 1
14 18 20 8
14 23 25 1
15 0 82 2
15 6 4 18
15 7 19 10
15 11 34 1
15 13 8 26
15 14 2 15
15 17 1 2
15 18 1 22
15 25 2 1
16 0 20 26
16 1 19 9
16 2 1 5
16 3 24 3
16 5 57 1
16 6 1 26
16 7 32 1
16 8 36 29
16 10 5 6
16 12 1 1
16 13 3 10
16 21 1 8
16 22 2 16
16 24 25 24
16 25 4 10
16 26 14 17
17 1 22 1
17 2 219 22
17 3 166 2
17 4 217 21
17 6 3 15
17 8 173 1
17 10 2 25
17 13 89 23
17 16 1 6
17 18 142 2
17 19 33 2
17 20 2 10
17 21 1 6
17 25 1 27
18 3 2 12
18 4 326 1
18 6 215 1
18 8 2 15
18 9 1 11
18 10 2 9
18 14 40 2
18 16 16 14
18 17 237 1
18 19 1 1
18 24 36 4
19 0 6 6
19 1 1 13
19 3 43 1
19 4 2 15
19 8 1 10
19 11 14 10
19 20 11 1
19 25 3 1
20 0 39 4
20 1 2 10
20 2 203 2
20 3 1 15
20 4 39 4
20 5 14 14
20 7 39 1
20 8 26 2
20 11 1 23
20 16 5 9
20 17 1 2
20 19 106 1
20 24 34 3
21 8 2 20
21 11 126 3
21 12 1 21
21 15 1 10
21 17 1 2
21 24 3 9
21 25 2 27
22 10 2 7
22 12 1 9
22 13 1 4
22 19 1 12
23 1 61 2
23 2 1 24
23 6 68 1
23 10 2 26
23 11 235 1
23 25 20 26
23 27 1 6
24 0 20 14
24 1 22 7
24 3 75 8
24 4 1 25
24 5 36 25
24 6 4 28
24 8 20 27
24 9 1 12
24 11 121 1
24 12 1 7
24 13 1 24
24 16 20 7
24 17 58 1
24 19 11 21
24 23 29 3
25 1 6 4
25 6 123 4
25 8 5 17
25 10 10 1
25 11 366 8
25 12 1 7
25 15 1 20
25 16 44 3
25 20 1 9
25 21 14 3
25 24 1 17
25 26 2 10
25 27 64 1
26 8 56 3
26 16 1 28
27 2 18 27
27 6 1 4
27 8 1 23
27 13 1 20
27 14 2 22
27 17 80 1
27 19 13 3
27 21 1 27
