0 1 50 6
0 2 2 8
0 3 210 29
0 4 407 1
0 5 22 15
0 6 173 1
0 7 23 1
0 8 59 7
0 9 13 2
0 10 3 3
0 16 101 18
0 17 9 13
0 18 31 2
0 19 1 9
0 23 95 16
0 24 22 8
0 26 82 24
1 0 25 21
1 2 104 24
1 3 23 1
1 4 389 4
1 5 19 13
1 6 68 1
1 7 267 1
1 8 40 15
1 10 94 1
1 13 1 11
1 14 2 27
1 15 64 1
1 16 22 25
1 17 140 1
1 18 34 16
1 22 70 2
1 24 108 27
1 25 33 2
1 26 1 18
1 27 11 27
2 0 5 22
2 1 59 18
2 3 170 19
2 4 10 1
2 6 76 1
2 7 4 3
2 10 4 6
2 11 1 1
2 16 53 8
2 17 187 8
2 18 4 10
3 0 22 20
3 1 139 16
3 2 1 28
3 5 21 20
3 6 131 1
3 8 278 12
3 9 1 23
3 10 6 18
3 15 1 13
3 16 68 18
3 18 75 4
3 20 1 23
3 24 21 13
4 0 33 2
4 1 4 12
4 2 1 22
4 5 8 2
4 6 2 23
4 8 31 1
4 9 16 1
4 10 177 1
4 12 286 29
4 15 110 13
4 16 1 8
4 17 171 1
4 18 16 1
5 0 42 19
5 1 22 18
5 2 1 27
5 3 70 27
5 4 35 27
5 6 234 28
5 7 39 9
5 8 26 6
5 9 6 14
5 10 2 24
5 11 79 1
5 12 1 15
5 16 126 1
5 24 83 22
6 0 3 14
6 1 4 11
6 3 1 21
6 4 4 7
6 5 17 23
6 7 5 17
6 8 3 8
6 9 4 29
6 10 78 1
6 11 7 29
6 12 1 24
6 13 1 7
6 14 11 21
6 16 167 3
6 17 235 1
6 18 1 2
6 23 80 24
6 24 86 1
7 2 1 1
7 3 431 1
7 4 1 9
7 8 53 17
7 10 416 1
7 11 6 21
7 12 235 12
7 13 27 4
7 14 1 13
7 15 1 11
7 16 1 5
7 19 54 1
7 20 73 27
7 23 1 17
7 24 3 4
7 25 37 29
8 0 87 28
8 1 221 28
8 3 19 15
8 4 1 14
8 5 23 7
8 6 45 17
8 7 6 10
8 9 2 27
8 10 3 29
8 11 389 23
8 13 204 1
8 14 278 1
8 15 7 10
8 16 38 2
8 17 1 4
8 18 1 14
8 19 1 20
8 20 2 24
8 21 2 4
8 23 1 28
8 24 60 8
8 25 116 2
8 27 9 9
9 0 1 5
9 1 3 13
9 2 31 21
9 4 83 1
9 5 10 24
9 6 19 3
9 7 330 1
9 8 50 25
9 10 100 28
9 12 94 1
9 14 1 14
9 15 65 1
9 17 6 3
9 21 2 29
9 23 6 27
9 24 1 3
9 25 1 22
9 27 6 14
10 2 2 8
10 3 229 1
10 5 62 1
10 6 118 1
10 8 202 1
10 9 55 3
10 11 151 1
10 12 19 8
10 13 238 2
10 14 13 3
10 19 129 17
10 21 85 12
10 24 89 1
10 25 162 1
11 0 213 25
11 1 134 1
11 3 247 1
11 4 280 1
11 5 1 26
11 6 13 1
11 7 193 22
11 8 281 6
11 9 1 12
11 10 11 1
11 12 250 2
11 13 23 2
11 14 308 1
11 15 18 24
11 18 2 3
11 20 81 1
11 22 2 12
11 23 240 1
11 24 6 7
11 25 2 4
11 27 250 1
12 2 1 4
12 3 9 3
12 5 1 3
12 6 1 9
12 9 1 26
12 10 258 6
12 11 2 9
12 13 3 11
12 14 1 2
12 16 43 1
12 17 10 13
12 22 2 17
13 1 1 5
13 4 1 14
13 7 177 2
13 8 3 8
13 10 13 16
13 11 127 1
13 12 90 1
13 14 13 11
13 20 6 10
13 21 2 22
13 24 24 3
13 27 2 1
14 1 1 2
14 2 38 1
14 6 203 1
14 7 11 23
14 8 172 1
14 9 1 3
14 10 4 10
14 11 2 29
14 12 3 21
14 13 6 2
14 15 2 1
14 16 13 5
14 22 28 2
14 23 23 1
14 24 2 2
14 25 1 4
15 2 38 29
15 6 2 22
15 7 2 12
15 9 1 23
15 11 151 1
15 14 1 25
15 17 8 18
15 23 1 4
16 0 31 27
16 1 21 11
16 3 21 16
16 4 37 2
16 5 22 23
16 7 1 4
16 8 79 4
16 9 75 1
16 10 1 11
16 17 3 7
16 18 3 28
16 20 1 17
16 22 28 24
16 24 54 4
17 1 9 1
17 2 11 1
17 3 159 1
17 6 1 5
17 8 163 1
17 11 148 2
17 15 2 26
17 16 30 18
17 19 30 1
17 21 1 24
17 27 65 10
18 0 48 3
18 1 7 2
18 2 3 10
18 4 298 1
18 6 208 1
18 7 8 1
18 8 1 29
18 9 3 9
18 14 39 5
18 15 4 27
18 16 26 26
18 17 232 4
18 24 1 15
18 27 43 18
19 0 1 14
19 1 53 3
19 4 6 17
19 5 3 28
19 7 193 1
19 8 4 2
19 9 1 6
19 11 14 8
20 0 1 8
20 4 36 1
20 5 14 24
20 8 22 1
20 9 56 5
20 15 9 5
20 17 2 20
20 19 66 1
20 22 61 25
21 12 1 20
21 17 1 24
21 24 1 13
21 25 1 22
21 27 1 21
22 3 1 27
22 4 12 26
22 6 72 2
22 10 3 12
22 12 1 13
22 13 1 21
22 15 16 2
22 21 22 1
23 4 6 1
23 8 29 28
23 11 223 1
23 12 2 7
23 15 2 27
23 18 37 24
23 21 1 14
23 27 4 15
24 0 58 6
24 1 255 1
24 3 32 18
24 5 21 16
24 8 21 25
24 9 1 23
24 11 98 1
24 16 21 14
24 22 32 3
24 23 26 1
25 0 40 3
25 2 18 6
25 8 1 7
25 9 7 1
25 11 2 4
25 15 21 25
25 27 57 1
26 0 41 6
26 13 18 14
26 22 19 1
26 23 23 1
26 24 1 17
26 25 1 16
27 2 1 27
27 4 81 2
27 6 3 25
27 7 1 6
27 10 1 9
27 11 19 1
27 19 2 7
27 23 1 10
27 25 73 2
