0 1 41 18
0 2 70 25
0 3 37 22
0 4 395 1
0 5 84 14
0 6 1 15
0 7 16 1
0 8 90 6
0 11 1 7
0 12 138 4
0 14 5 8
0 16 69 5
0 17 10 13
0 18 2 3
0 19 1 7
0 24 106 17
0 27 26 1
1 0 7 24
1 2 7 2
1 3 134 17
1 4 1 5
1 5 43 27
1 6 39 1
1 7 249 1
1 8 13 22
1 9 11 1
1 10 83 1
1 11 2 23
1 14 1 13
1 15 61 1
1 16 33 3
1 17 104 1
1 18 43 6
1 19 228 1
1 20 255 2
1 23 31 2
1 24 186 8
1 26 2 19
1 27 1 11
2 0 1 15
2 1 54 26
2 3 10 1
2 4 232 2
2 5 1 27
2 6 59 1
2 7 3 4
2 8 3 18
2 9 80 2
2 10 2 12
2 23 1 11
3 0 7 13
3 1 94 7
3 2 3 23
3 4 11 1
3 5 31 24
3 6 117 1
3 7 1 7
3 8 10 20
3 9 1 16
3 10 7 1
3 11 1 17
3 12 1 12
3 15 1 5
3 16 11 15
3 17 173 2
3 20 1 3
3 24 246 13
3 25 1 7
4 0 25 1
4 1 8 5
4 2 1 24
4 3 36 1
4 6 3 18
4 7 66 1
4 8 19 1
4 9 8 1
4 10 164 1
4 11 123 2
4 13 113 7
4 15 114 29
4 16 7 9
4 17 159 1
4 18 8 1
4 20 1 22
4 27 91 2
5 0 10 22
5 1 12 10
5 2 2 5
5 3 44 2
5 4 4 13
5 6 334 1
5 8 138 7
5 9 77 7
5 10 1 22
5 11 72 1
5 16 11 28
5 24 11 5
5 27 32 15
6 0 1 14
6 1 6 5
6 2 1 5
6 3 19 28
6 4 20 3
6 5 189 1
6 7 2 20
6 8 11 2
6 9 5 7
6 10 53 1
6 11 1 14
6 12 2 7
6 13 4 29
6 17 223 1
6 18 32 21
6 23 1 2
6 24 82 3
6 25 155 2
7 0 1 26
7 1 1 3
7 3 140 1
7 5 7 13
7 6 2 1
7 8 100 1
7 10 143 8
7 11 16 20
7 14 6 22
7 15 1 20
7 16 49 5
7 19 49 4
7 21 4 25
7 24 1 26
7 25 3 6
7 26 65 1
8 0 10 2
8 1 76 17
8 2 5 6
8 3 151 24
8 4 1 23
8 5 75 13
8 6 51 3
8 7 29 28
8 9 2 5
8 10 5 5
8 11 129 1
8 13 198 1
8 14 264 1
8 16 62 21
8 17 1 21
8 20 20 25
8 22 1 18
8 24 58 11
8 25 110 1
8 26 4 8
9 1 4 17
9 2 6 6
9 3 47 3
9 4 64 1
9 5 8 15
9 6 313 1
9 7 322 1
9 8 3 7
9 10 410 1
9 12 71 1
9 14 1 11
9 15 60 1
9 18 135 1
9 21 10 19
9 22 11 14
10 0 78 1
10 2 2 29
10 3 218 1
10 4 5 16
10 5 48 1
10 6 94 1
10 8 115 1
10 9 29 6
10 11 375 1
10 12 43 4
10 13 227 2
10 14 33 17
10 21 1 15
10 22 48 1
10 23 21 4
10 25 153 1
11 0 1 11
11 1 125 1
11 3 228 1
11 5 2 21
11 6 8 3
11 7 292 1
11 8 3 20
11 9 2 20
11 10 112 1
11 12 247 1
11 13 18 3
11 14 287 1
11 15 52 1
11 16 2 25
11 17 240 3
11 23 15 1
11 24 2 9
11 25 3 6
11 26 39 9
11 27 242 1
12 0 170 3
12 1 71 1
12 3 73 9
12 5 2 19
12 6 4 5
12 9 1 3
12 10 1 28
12 11 164 14
12 13 5 15
12 14 13 1
12 17 17 1
12 20 124 27
12 21 32 6
12 23 111 5
12 25 80 3
13 1 4 26
13 2 12 8
13 3 20 7
13 5 1 29
13 8 2 25
13 10 2 1
13 11 117 1
13 12 77 1
13 17 53 2
13 23 15 15
14 6 199 1
14 7 1 13
14 8 157 1
14 10 155 25
14 11 1 25
14 12 32 22
14 15 43 1
14 17 106 1
14 19 1 19
14 21 20 7
14 24 4 24
15 2 1 6
15 3 8 26
15 6 2 11
15 7 3 17
15 9 2 14
15 11 93 1
15 14 26 8
15 16 1 15
15 20 2 10
15 23 22 22
16 0 83 5
16 1 33 22
16 3 33 16
16 5 11 20
16 6 1 27
16 8 137 15
16 9 72 2
16 10 6 1
16 11 1 24
16 12 91 6
16 15 38 15
16 17 3 18
16 18 51 1
16 20 4 18
16 21 1 3
16 24 11 13
17 0 373 1
17 1 2 1
17 2 46 1
17 4 1 28
17 6 2 17
17 7 12 24
17 8 153 1
17 16 13 2
17 18 128 2
17 19 28 2
17 22 33 6
17 24 34 4
17 25 6 7
18 0 45 1
18 1 1 2
18 3 6 12
18 4 272 1
18 5 29 1
18 6 202 2
18 8 4 12
18 10 49 20
18 15 8 26
18 16 3 28
18 17 228 2
18 19 3 14
18 21 12 2
18 23 31 22
19 0 2 23
19 1 1 2
19 4 1 21
19 6 160 1
19 7 191 4
19 8 1 25
19 9 1 9
19 11 14 18
19 12 71 5
19 13 2 14
19 17 66 1
19 18 4 25
19 20 1 21
19 24 12 29
20 0 51 23
20 5 7 2
20 12 96 6
20 13 1 21
20 18 62 3
20 19 40 1
20 25 92 9
21 8 1 18
21 11 124 1
21 12 12 10
21 15 2 20
21 17 1 22
21 22 10 4
21 24 1 2
21 25 2 26
21 27 1 11
22 4 4 20
22 5 3 23
22 8 1 18
22 10 8 25
22 11 1 18
22 12 1 26
23 0 92 1
23 3 4 8
23 6 63 4
23 8 1 13
23 11 212 1
23 16 1 27
23 21 6 27
23 24 1 10
24 0 11 14
24 1 32 28
24 3 66 27
24 5 139 17
24 8 56 13
24 9 26 17
24 10 208 2
24 11 78 1
24 16 11 13
24 23 22 1
24 26 1 2
25 1 4 7
25 2 17 3
25 8 1 1
25 10 4 3
25 11 98 23
25 14 2 1
25 17 6 3
25 27 51 2
26 3 6 16
26 6 80 5
26 25 6 19
27 2 18 20
27 7 5 25
27 12 26 2
27 14 1 17
27 18 4 5
27 21 1 10
27 25 2 1
