0 1 80 7
0 2 4 2
0 4 385 1
0 5 109 1
0 6 59 20
0 8 314 2
0 9 238 14
0 10 1 2
0 11 8 24
0 14 7 15
0 15 60 1
0 16 63 7
0 17 8 6
0 18 1 15
0 19 18 26
0 24 37 1
0 27 25 1
1 0 8 1
1 2 7 15
1 3 116 24
1 5 108 13
1 6 22 1
1 7 236 1
1 8 1 14
1 9 7 3
1 11 2 5
1 13 116 1
1 14 2 29
1 16 111 1
1 17 69 1
1 18 1 15
1 19 6 16
1 22 68 2
1 24 219 1
1 25 29 5
2 0 6 3
2 1 38 1
2 3 81 1
2 4 223 1
2 5 1 18
2 6 47 1
2 7 10 25
2 8 2 29
2 9 76 1
2 10 18 17
2 16 6 7
2 17 28 5
2 18 4 13
2 20 8 1
2 26 3 11
3 0 231 1
3 1 93 1
3 2 4 22
3 4 8 1
3 5 128 28
3 6 107 1
3 7 2 29
3 8 51 1
3 9 2 8
3 10 24 26
3 11 2 13
3 16 73 1
3 18 71 7
3 20 1 19
3 24 17 21
4 0 19 1
4 1 32 9
4 2 14 20
4 6 16 3
4 7 60 2
4 8 6 1
4 10 154 1
4 11 119 1
4 16 7 18
4 17 150 1
4 19 142 4
4 22 1 25
5 0 15 1
5 1 25 1
5 2 2 13
5 3 23 1
5 4 4 5
5 6 326 1
5 7 260 2
5 8 25 20
5 9 4 23
5 10 2 19
5 11 67 2
5 12 4 8
5 13 2 7
5 16 56 1
5 24 155 1
5 27 6 26
6 0 1 29
6 1 5 23
6 3 1 6
6 4 12 6
6 5 9 23
6 7 10 27
6 8 16 27
6 9 4 2
6 10 36 1
6 11 2 3
6 13 4 2
6 14 225 4
6 17 213 1
6 18 36 15
6 19 1 4
6 20 7 21
6 21 68 1
7 0 1 15
7 1 1 2
7 3 108 1
7 5 1 17
7 6 107 1
7 8 135 1
7 9 36 1
7 10 139 1
7 11 9 8
7 12 11 24
7 14 1 19
7 15 3 13
7 19 46 2
7 20 52 20
7 23 1 14
7 24 1 4
7 25 3 29
7 26 63 1
7 27 26 1
8 0 18 19
8 1 59 28
8 2 240 1
8 3 133 26
8 4 1 16
8 5 8 25
8 6 312 10
8 7 6 1
8 9 1 7
8 10 13 1
8 11 388 1
8 13 194 1
8 14 253 1
8 16 165 12
8 19 2 17
8 22 2 24
8 23 1 22
8 24 21 16
8 25 105 1
8 26 1 15
8 27 7 4
9 1 3 5
9 2 2 9
9 4 51 1
9 6 263 1
9 7 316 1
9 8 62 1
9 10 164 1
9 11 351 20
9 12 55 1
9 13 4 9
9 14 2 26
9 15 57 2
9 17 4 1
9 20 110 1
9 24 1 10
9 26 2 3
9 27 2 2
10 0 73 1
10 2 2 8
10 3 209 1
10 4 2 1
10 5 38 1
10 6 72 1
10 7 253 23
10 8 20 1
10 9 278 23
10 11 353 1
10 12 6 5
10 13 222 1
10 14 41 21
10 16 1 25
10 17 1 6
10 20 243 5
10 23 19 1
10 24 78 1
10 25 146 1
11 0 2 18
11 1 118 1
11 3 213 1
11 5 3 4
11 6 5 3
11 7 276 1
11 8 1 12
11 9 1 21
11 10 395 1
11 14 269 1
11 15 21 4
11 17 238 3
11 22 9 14
11 23 7 1
11 24 44 5
11 25 229 17
12 1 68 1
12 3 83 3
12 4 298 1
12 5 5 13
12 6 2 13
12 9 5 9
12 15 71 2
12 19 54 1
12 21 1 28
12 22 10 14
13 1 1 11
13 8 1 18
13 10 56 21
13 12 67 1
13 15 8 8
14 3 2 17
14 4 1 19
14 5 9 8
14 7 13 1
14 8 145 1
14 10 4 16
14 11 5 26
14 12 1 25
14 15 33 1
14 18 1 19
14 24 1 19
14 25 1 25
15 2 2 16
15 3 2 19
15 5 23 12
15 6 1 23
15 7 1 28
15 8 1 23
15 9 1 4
15 11 57 1
15 14 2 18
15 20 2 6
16 0 45 17
16 1 65 3
16 3 31 1
16 4 29 2
16 5 21 1
16 6 1 14
16 7 11 5
16 8 21 19
16 10 2 8
16 11 2 6
16 17 17 10
16 18 284 2
16 24 164 1
16 25 1 29
17 0 367 1
17 2 10 1
17 3 146 2
17 4 3 19
17 6 2 15
17 8 146 1
17 11 140 1
17 16 220 16
17 18 123 1
18 0 42 2
18 1 10 18
18 4 252 1
18 6 197 1
18 8 1 7
18 9 1 25
18 10 6 25
18 12 22 2
18 16 2 17
18 20 103 25
18 24 1 23
19 0 1 29
19 1 5 5
19 7 189 6
19 8 1 25
19 10 127 1
19 16 17 1
19 25 1 19
20 0 1 20
20 2 192 3
20 3 1 17
20 4 31 2
20 5 1 28
20 6 2 26
20 7 24 2
20 8 16 1
20 10 2 11
20 17 2 13
20 19 20 1
21 12 12 28
21 15 1 2
21 16 2 22
21 25 8 18
22 5 3 14
22 7 173 11
22 9 1 19
22 14 9 1
22 17 32 10
22 19 1 3
22 20 62 2
22 26 22 17
23 1 56 4
23 4 4 8
23 9 70 7
23 10 4 16
23 11 203 1
23 15 1 6
23 17 4 2
23 20 1 7
23 22 2 19
23 24 1 25
24 0 168 1
24 1 17 7
24 3 58 1
24 5 48 11
24 6 5 12
24 7 1 17
24 8 51 28
24 9 1 18
24 10 204 2
24 11 64 1
24 13 1 14
24 16 39 1
24 23 20 1
24 25 61 10
25 1 3 11
25 8 14 11
25 10 3 2
25 11 10 4
25 12 6 8
25 14 6 28
25 18 2 4
25 20 61 22
25 24 2 2
25 27 46 2
26 1 45 4
26 4 60 1
26 7 1 18
26 8 50 6
26 25 1 14
27 1 2 2
27 4 79 2
27 5 2 28
27 6 1 22
27 7 9 29
27 8 2 28
27 17 78 1
27 20 66 1
27 21 1 13
27 23 1 9
27 25 69 1
