0 1 107 2
0 2 3 23
0 3 407 8
0 4 372 1
0 5 205 1
0 6 1 14
0 7 6 2
0 8 90 1
0 11 1 6
0 12 133 1
0 14 46 11
0 15 57 1
0 16 189 1
0 17 7 1
0 19 19 7
0 24 135 1
1 0 199 25
1 2 69 1
1 3 311 29
1 4 4 7
1 5 91 21
1 6 7 1
1 7 219 1
1 8 234 6
1 9 4 1
1 10 64 1
1 11 2 20
1 12 2 26
1 13 114 8
1 14 2 1
1 16 164 2
1 17 37 1
1 18 2 22
1 20 245 1
1 21 69 5
1 24 83 1
1 25 27 1
2 0 7 1
2 1 7 1
2 3 170 1
2 4 1 1
2 5 1 15
2 6 33 1
2 7 13 7
2 8 5 16
2 9 70 1
2 10 2 20
2 17 204 11
2 18 4 20
2 19 1 26
2 23 1 9
3 0 423 1
3 1 1 21
3 2 8 21
3 4 5 4
3 5 11 27
3 6 94 1
3 7 1 22
3 8 271 1
3 10 7 18
3 11 3 14
3 12 4 13
3 14 1 23
3 15 1 26
3 16 142 1
3 17 161 1
3 18 69 4
3 20 1 27
3 22 1 23
3 23 13 3
3 24 41 1
3 25 3 23
4 0 13 1
4 1 16 2
4 2 5 14
4 5 2 11
4 6 2 23
4 7 53 1
4 8 351 1
4 10 141 1
4 11 112 2
4 12 1 4
4 14 1 19
4 16 2 8
4 17 138 1
4 20 2 26
5 0 258 2
5 2 59 5
5 3 204 1
5 4 4 25
5 6 304 1
5 7 1 12
5 8 63 21
5 9 191 19
5 10 1 24
5 13 16 2
5 16 319 1
5 18 3 18
5 24 113 2
6 0 62 26
6 1 3 1
6 3 12 15
6 4 3 4
6 5 242 1
6 7 14 10
6 8 38 10
6 9 4 26
6 10 20 1
6 11 80 23
6 12 3 29
6 13 119 20
6 15 26 1
6 16 160 5
6 17 201 1
6 18 1 28
6 19 67 27
6 21 66 5
6 25 150 5
7 0 1 14
7 1 5 28
7 3 376 1
7 4 2 8
7 5 3 29
7 6 226 1
7 8 289 1
7 9 31 2
7 10 400 1
7 11 43 8
7 12 4 20
7 14 1 11
7 15 7 21
7 16 1 1
7 17 5 25
7 18 1 28
7 20 1 14
7 23 3 18
7 24 60 9
7 25 2 28
7 26 60 1
8 0 154 1
8 1 113 15
8 2 285 1
8 3 105 6
8 4 2 20
8 5 115 2
8 6 112 6
8 7 12 12
8 9 1 22
8 10 12 4
8 11 145 1
8 13 187 2
8 14 238 1
8 16 133 1
8 17 1 26
8 20 7 29
8 21 1 4
8 24 12 29
8 25 98 1
9 0 1 9
9 1 2 27
9 4 36 1
9 5 242 1
9 6 162 1
9 7 307 1
9 8 76 15
9 10 73 1
9 11 1 14
9 12 38 1
9 18 126 1
9 19 8 6
9 25 114 21
9 27 1 28
10 0 66 1
10 1 23 6
10 2 1 7
10 3 197 1
10 4 3 1
10 5 26 1
10 6 48 1
10 7 64 4
10 8 34 1
10 9 4 25
10 11 316 1
10 12 6 26
10 13 217 1
10 14 12 16
10 15 123 28
10 17 101 11
10 20 241 1
10 22 39 1
10 24 72 1
11 0 1 28
11 1 109 1
11 2 1 28
11 3 193 1
11 4 269 1
11 5 5 4
11 7 141 1
11 8 1 29
11 9 1 22
11 10 148 16
11 12 240 4
11 14 245 1
11 15 11 1
11 18 2 7
11 19 2 11
11 22 1 18
11 24 6 26
11 27 227 1
12 0 167 2
12 5 6 11
12 6 3 7
12 9 3 24
12 10 318 1
12 13 9 19
12 15 67 2
12 18 48 1
12 19 7 20
12 21 81 29
12 24 67 6
12 25 78 10
13 0 14 3
13 4 4 8
13 7 164 2
13 8 1 18
13 9 43 9
13 10 6 18
13 11 100 1
13 14 57 1
13 15 7 3
13 24 22 2
14 5 1 27
14 6 187 2
14 7 1 4
14 8 130 1
14 10 8 9
14 11 2 2
14 12 1 26
14 15 20 1
14 18 2 18
14 23 17 7
15 0 71 1
15 7 86 1
15 10 1 1
15 11 23 1
15 13 1 20
15 14 11 11
15 17 3 10
16 0 391 1
16 1 11 26
16 3 34 6
16 5 121 1
16 6 10 18
16 7 1 11
16 8 41 1
16 9 68 1
16 17 12 17
16 18 43 1
16 20 2 7
16 23 8 8
16 24 159 1
17 2 216 3
17 3 139 1
17 4 3 24
17 5 2 8
17 6 31 26
17 8 137 1
17 10 4 2
17 11 136 1
17 15 1 23
17 16 171 27
17 20 11 10
17 23 2 1
17 24 32 1
17 25 8 29
18 0 38 1
18 1 2 24
18 4 225 1
18 5 22 3
18 8 1 10
18 11 1 9
18 14 36 4
18 16 10 20
18 17 220 3
18 19 1 10
18 20 16 22
18 24 43 13
19 0 28 6
19 1 2 7
19 7 187 3
19 8 56 22
19 9 1 22
19 10 125 2
19 11 110 21
19 16 16 1
19 20 2 12
19 24 3 2
19 25 3 19
20 0 51 10
20 3 1 7
20 7 20 1
20 8 13 1
20 9 49 5
20 10 43 5
20 17 2 14
20 18 59 2
20 19 14 1
20 24 28 3
20 25 1 8
20 26 1 11
21 12 1 2
21 15 1 7
21 23 5 16
22 5 3 4
22 7 172 2
22 8 15 3
22 10 1 22
22 11 1 27
22 12 1 15
22 16 1 13
23 1 54 8
23 7 1 16
23 8 29 21
23 9 69 1
23 10 2 12
23 11 191 1
23 15 1 8
23 20 1 25
23 24 7 28
24 0 147 1
24 1 151 1
24 3 122 1
24 5 98 1
24 7 1 25
24 8 122 4
24 10 199 1
24 11 47 1
24 17 52 5
24 22 37 5
24 23 16 1
25 0 34 1
25 6 109 2
25 11 98 6
25 16 43 1
25 18 1 13
25 27 40 2
26 6 78 6
26 7 3 11
26 8 49 1
26 12 4 2
26 24 3 29
27 6 1 22
27 7 1 19
27 13 1 1
27 21 1 8
27 24 39 6
