0 1 355 15
0 2 4 15
0 3 124 1
0 4 358 1
0 5 299 1
0 7 2 3
0 8 311 1
0 9 237 1
0 12 130 1
0 16 19 8
0 17 1 13
0 19 24 11
0 20 31 2
0 24 394 1
0 25 120 4
1 0 215 1
1 2 11 3
1 3 66 4
1 4 310 1
1 5 90 1
1 7 202 1
1 8 86 28
1 10 55 1
1 12 53 16
1 14 1 21
1 16 1 8
1 17 71 1
1 19 5 2
1 22 65 1
1 23 27 2
1 24 197 1
1 27 1 9
2 0 4 12
2 1 26 1
2 3 93 1
2 4 201 1
2 5 5 1
2 6 22 1
2 7 10 16
2 8 3 23
2 9 64 1
2 10 2 9
2 18 3 26
2 20 14 1
2 24 46 5
2 25 44 3
2 27 9 7
3 0 256 1
3 1 109 1
3 2 10 21
3 5 183 1
3 6 82 1
3 7 3 7
3 8 366 1
3 10 29 13
3 11 1 9
3 12 4 29
3 15 2 17
3 16 130 1
3 20 2 4
3 24 66 1
3 25 29 29
4 1 55 26
4 2 1 27
4 5 5 14
4 6 11 29
4 7 47 1
4 8 327 1
4 10 129 1
4 11 106 1
4 15 1 13
4 17 126 1
4 26 1 28
5 0 94 1
5 1 47 3
5 3 52 1
5 4 41 20
5 6 277 1
5 7 9 4
5 8 182 1
5 9 291 5
5 10 2 8
5 11 54 1
5 12 2 4
5 15 2 1
5 16 365 1
5 18 1 24
5 19 20 1
5 24 35 1
5 27 7 28
6 0 1 10
6 1 4 3
6 2 1 21
6 3 1 23
6 4 412 28
6 5 215 1
6 7 54 12
6 8 25 9
6 9 4 5
6 10 8 1
6 11 1 10
6 12 2 26
6 14 1 4
6 16 158 1
6 17 189 1
6 18 1 25
6 19 1 23
6 21 64 4
6 22 89 1
6 24 73 3
6 26 69 3
7 0 2 27
7 3 341 1
7 4 1 6
7 5 1 22
7 6 105 1
7 8 20 7
7 9 335 2
7 10 379 1
7 11 13 5
7 14 1 7
7 15 4 9
7 16 1 25
7 20 64 22
7 24 43 25
7 25 86 9
7 26 57 1
7 27 19 4
8 0 89 1
8 1 224 1
8 2 226 1
8 3 109 1
8 4 1 2
8 5 293 1
8 6 14 20
8 7 18 26
8 9 1 28
8 10 58 8
8 11 374 1
8 12 1 21
8 13 181 1
8 14 222 1
8 16 98 27
8 17 1 8
8 19 4 8
8 20 80 6
8 21 1 3
8 22 2 6
8 24 49 1
8 25 92 1
8 27 5 1
9 1 17 4
9 4 23 2
9 5 292 1
9 6 195 1
9 7 297 1
9 8 2 17
9 10 417 1
9 12 23 1
9 13 1 11
9 14 3 26
9 18 120 2
9 20 104 2
9 21 13 20
9 22 14 29
9 23 4 4
9 24 1 25
9 25 1 20
10 0 60 2
10 2 1 27
10 3 185 1
10 5 17 1
10 6 28 1
10 7 4 1
10 8 6 1
10 9 6 11
10 11 367 1
10 12 2 7
10 13 203 1
10 14 19 13
10 16 2 3
10 17 4 29
10 21 1 22
10 22 34 1
10 24 66 1
10 25 128 1
10 26 102 3
11 0 54 29
11 1 100 1
11 2 5 16
11 3 174 1
11 4 264 1
11 5 1 5
11 7 186 26
11 7 431 1
11 8 137 28
11 9 1 8
11 10 387 1
11 12 237 1
11 13 7 3
11 14 221 1
11 19 2 27
11 20 62 1
11 21 32 5
11 22 1 7
11 23 217 1
11 24 9 8
12 1 58 1
12 3 4 29
12 4 291 3
12 5 1 5
12 6 1 13
12 9 2 24
12 13 2 15
12 14 187 5
12 15 63 3
12 20 1 13
12 21 6 13
13 1 32 25
13 3 18 4
13 7 159 3
13 10 10 10
13 11 91 1
13 12 45 1
13 14 31 2
13 15 5 4
13 20 6 27
13 22 2 7
13 23 1 25
13 26 1 13
14 1 7 29
14 4 1 17
14 6 180 2
14 7 2 24
14 8 115 1
14 10 110 29
14 11 25 25
14 12 108 24
14 15 10 1
14 18 1 12
14 22 21 2
14 23 16 1
14 24 3 16
14 27 13 2
15 1 130 7
15 3 1 19
15 7 11 26
15 9 144 4
15 10 2 4
15 11 3 2
15 14 2 22
15 17 3 4
15 22 1 3
15 23 7 7
15 26 18 11
16 0 311 1
16 1 116 1
16 3 46 12
16 5 100 1
16 8 119 1
16 12 1 7
16 15 37 14
16 17 11 14
16 18 30 1
16 20 16 29
16 21 32 29
16 24 194 1
17 0 350 1
17 2 9 1
17 4 7 18
17 6 3 21
17 7 1 27
17 8 128 1
17 9 1 26
17 11 131 2
17 15 2 4
17 16 4 1
17 18 110 1
17 20 4 25
17 23 1 15
18 1 2 28
18 3 43 26
18 4 199 1
18 5 19 2
18 8 1 8
18 9 170 14
18 10 1 14
18 16 74 19
18 19 2 9
18 22 2 20
18 24 43 8
19 0 1 13
19 1 3 2
19 3 29 4
19 4 151 17
19 5 4 5
19 11 14 15
19 20 9 10
19 21 2 15
20 0 3 1
20 2 183 2
20 3 2 17
20 4 25 1
20 5 19 17
20 6 2 27
20 7 16 2
20 8 10 1
20 10 55 2
20 11 1 22
20 16 3 6
20 19 3 1
20 21 2 8
20 23 1 18
21 3 1 16
21 18 38 5
21 27 5 1
22 4 5 4
22 6 64 1
22 7 171 8
22 11 3 27
22 12 5 5
22 16 1 25
22 17 31 1
22 18 13 4
23 0 89 4
23 1 53 2
23 5 2 28
23 6 57 3
23 7 2 20
23 8 3 16
23 11 179 1
23 12 1 26
23 14 16 4
23 15 1 23
23 16 19 22
23 21 8 5
23 22 13 17
24 0 87 1
24 1 28 1
24 3 30 5
24 4 112 12
24 5 185 3
24 6 6 22
24 7 3 25
24 8 34 1
24 10 193 1
24 11 33 1
24 12 70 28
24 13 1 9
24 14 1 23
24 16 9 9
24 23 13 2
24 26 6 5
25 0 31 1
25 6 106 1
25 7 18 17
25 8 39 18
25 15 1 11
25 18 1 1
25 27 34 2
26 1 43 1
26 5 2 4
26 11 1 1
26 14 24 19
26 17 77 22
26 27 1 18
27 2 3 25
27 6 86 11
27 7 1 29
27 8 26 17
27 12 23 2
27 20 64 1
27 25 57 1
