0 1 102 1
0 2 1 24
0 3 79 1
0 4 356 1
0 5 256 1
0 6 1 10
0 8 266 1
0 9 236 2
0 11 1 20
0 15 53 1
0 16 209 1
0 17 1 24
0 19 2 25
0 20 31 1
0 24 350 1
0 27 22 2
1 0 159 1
1 2 5 13
1 3 22 4
1 4 2 16
1 5 42 1
1 7 200 1
1 8 28 1
1 10 53 2
1 13 113 2
1 15 53 2
1 16 76 1
1 17 67 1
1 18 1 3
1 19 4 5
1 20 238 1
1 22 65 3
1 23 26 6
1 24 153 1
1 26 1 22
2 0 3 3
2 1 21 1
2 3 146 1
2 4 199 1
2 5 1 20
2 6 20 1
2 7 4 17
2 8 12 17
2 10 2 4
2 16 67 8
2 17 1 15
2 20 13 18
2 21 2 20
3 0 206 1
3 1 234 1
3 2 17 4
3 4 3 1
3 5 106 1
3 6 80 1
3 7 4 6
3 8 321 1
3 10 8 16
3 11 2 4
3 14 1 26
3 16 192 1
3 17 153 1
3 20 1 26
3 24 47 1
4 0 7 3
4 1 41 24
4 2 7 13
4 3 240 3
4 5 1 2
4 6 4 27
4 8 323 1
4 10 127 1
4 11 105 1
4 16 10 16
4 19 154 2
4 20 26 13
4 27 90 1
5 0 58 1
5 2 1 14
5 3 8 14
5 4 91 19
5 6 234 1
5 8 148 1
5 9 17 1
5 10 5 28
5 11 53 1
5 12 1 21
5 15 2 13
5 16 320 1
5 17 197 4
5 20 90 1
5 24 16 1
5 25 1 8
6 0 2 18
6 1 12 8
6 3 43 25
6 4 11 27
6 5 274 1
6 7 4 7
6 8 25 6
6 9 4 10
6 10 6 2
6 11 3 4
6 12 5 19
6 15 23 1
6 16 157 4
6 17 187 1
6 19 6 9
6 20 3 9
6 25 147 1
7 1 1 7
7 3 333 1
7 5 1 28
7 6 103 1
7 8 144 1
7 9 334 1
7 10 376 1
7 11 13 12
7 13 14 2
7 14 59 8
7 15 4 22
7 18 1 2
7 19 38 1
7 20 1 9
7 22 170 3
7 23 5 22
7 24 2 9
7 25 205 16
8 0 44 1
8 1 147 1
8 2 220 1
8 3 60 1
8 4 4 13
8 5 257 3
8 6 13 11
8 7 46 3
8 9 2 26
8 10 17 26
8 11 372 1
8 13 180 2
8 14 220 1
8 16 111 1
8 18 2 13
8 20 1 2
8 22 2 16
8 24 258 1
8 25 91 1
8 27 4 5
9 0 2 14
9 1 1 4
9 4 22 1
9 5 187 1
9 6 186 1
9 7 296 1
9 8 152 4
9 10 407 1
9 12 21 1
9 14 124 19
9 15 48 1
9 18 119 2
9 20 104 1
9 23 24 7
9 24 23 1
9 25 2 10
9 27 7 19
10 0 59 2
10 2 72 1
10 3 183 1
10 5 15 1
10 6 26 1
10 7 3 11
10 8 3 1
10 9 3 7
10 11 360 1
10 12 8 28
10 13 201 1
10 14 3 20
10 15 242 1
10 16 1 20
10 19 129 9
10 20 239 2
10 21 23 28
10 22 33 1
10 23 12 5
10 24 65 1
10 25 126 1
11 0 1 23
11 1 99 1
11 3 171 1
11 4 264 1
11 5 1 7
11 7 404 9
11 8 3 25
11 9 4 15
11 10 381 29
11 14 217 1
11 16 54 6
11 18 1 13
11 19 3 14
11 20 61 1
11 23 216 1
11 24 3 22
11 25 16 24
11 26 2 1
11 27 217 2
12 0 164 6
12 1 57 2
12 5 3 4
12 6 9 20
12 9 2 3
12 10 7 2
12 11 1 4
12 13 19 23
12 17 5 5
12 21 1 4
12 22 1 15
12 23 109 8
12 27 56 2
13 1 3 18
13 8 3 17
13 10 1 20
13 11 90 1
13 12 43 1
13 14 30 5
14 1 3 4
14 5 1 11
14 6 179 1
14 7 2 16
14 8 113 1
14 10 3 9
14 11 16 13
14 15 9 1
14 17 102 5
14 18 21 26
14 22 21 5
14 25 1 13
14 27 13 9
15 0 67 3
15 5 21 4
15 6 3 29
15 7 2 18
15 8 1 10
15 10 7 3
15 11 2 1
15 14 5 15
15 17 1 12
15 20 7 1
16 0 281 1
16 1 121 2
16 2 1 17
16 3 66 1
16 4 20 4
16 5 56 1
16 8 125 1
16 10 1 8
16 11 1 13
16 17 10 28
16 18 27 13
16 21 2 10
16 24 150 1
17 0 348 1
17 2 8 9
17 3 130 1
17 4 305 1
17 6 3 5
17 8 126 1
17 10 1 11
17 11 130 1
17 16 24 1
17 20 9 5
18 0 34 1
18 2 1 1
18 3 1 7
18 4 195 1
18 5 18 3
18 6 183 1
18 8 129 18
18 10 1 27
18 12 18 2
18 16 1 22
18 20 103 17
19 0 1 22
19 1 3 11
19 8 1 6
19 10 123 1
19 20 6 3
20 0 3 3
20 2 182 1
20 4 25 2
20 5 2 28
20 6 240 1
20 7 15 2
20 8 9 4
20 10 59 22
20 11 278 11
20 18 58 1
21 3 1 11
21 7 1 6
21 12 15 12
21 25 1 28
21 27 2 27
22 3 1 7
22 5 1 11
22 6 63 5
22 8 1 14
22 10 19 21
22 12 1 18
22 14 5 9
22 20 61 1
23 1 53 1
23 2 2 17
23 9 66 5
23 10 9 3
23 11 177 1
23 22 3 5
23 27 7 7
24 0 45 1
24 1 37 24
24 3 251 1
24 5 89 1
24 8 49 1
24 10 192 3
24 11 31 1
24 16 213 1
24 19 10 4
24 23 13 3
24 26 1 2
25 8 15 1
25 11 1 20
25 12 60 15
25 13 1 21
25 14 6 7
25 15 21 14
25 17 1 7
25 20 2 10
25 24 2 4
25 27 34 1
26 1 42 9
26 3 30 20
26 8 46 7
26 9 2 26
26 11 1 14
26 15 3 1
26 25 13 28
26 27 1 9
27 0 83 5
27 1 1 11
27 4 77 3
27 5 5 5
27 8 23 5
27 11 4 4
27 12 23 11
27 15 1 19
27 20 63 4
27 26 21 9
