0 1 393 18
0 2 5 7
0 3 59 25
0 4 327 1
0 6 254 18
0 8 364 26
0 9 230 1
0 10 289 14
0 11 146 29
0 12 124 1
0 17 1 26
0 18 1 11
0 19 3 19
0 25 117 1
1 0 215 1
1 2 7 20
1 3 227 24
1 4 410 10
1 5 9 7
1 6 1 12
1 7 168 1
1 8 2 11
1 10 37 1
1 11 1 12
1 13 111 1
1 15 47 3
1 16 23 28
1 17 24 1
1 18 2 3
1 19 223 1
1 25 21 2
2 0 1 26
2 3 20 1
2 4 173 1
2 6 5 1
2 7 1 26
2 8 5 23
2 9 52 1
2 10 20 3
2 11 1 27
2 16 1 3
2 20 183 1
2 26 29 11
3 0 65 1
3 1 136 1
3 2 5 24
3 6 58 1
3 7 3 17
3 9 1 9
3 10 4 27
3 11 3 22
3 20 5 28
3 24 8 8
4 1 4 17
4 2 9 26
4 5 6 21
4 6 5 27
4 7 34 1
4 8 275 1
4 10 104 1
4 14 5 15
4 16 2 22
4 17 103 1
4 19 152 1
4 20 1 20
5 0 98 19
5 1 1 10
5 4 11 29
5 6 147 1
5 7 3 28
5 8 5 3
5 9 176 8
5 10 1 12
5 11 42 2
5 12 2 18
5 16 27 8
5 17 194 1
5 20 85 4
5 24 9 11
6 1 4 11
6 2 2 26
6 3 70 8
6 4 49 1
6 5 109 15
6 7 3 22
6 8 25 5
6 9 75 26
6 11 2 26
6 12 91 28
6 14 227 2
6 17 164 1
6 18 1 9
7 0 5 2
7 1 3 8
7 2 1 21
7 3 43 1
7 4 1 22
7 5 35 18
7 6 326 1
7 8 7 17
7 9 19 1
7 10 99 1
7 11 15 13
7 12 235 2
7 13 9 3
7 14 1 13
7 15 2 14
7 18 1 12
7 19 31 3
7 22 167 6
7 24 27 22
7 25 1 1
8 1 15 1
8 2 312 1
8 3 14 5
8 4 9 19
8 5 182 25
8 6 289 13
8 7 6 15
8 9 5 21
8 10 28 3
8 11 227 1
8 13 167 1
8 14 190 1
8 16 98 9
8 17 1 1
8 18 1 29
8 19 1 15
8 20 1 11
8 22 4 19
8 23 1 9
9 0 14 18
9 1 1 2
9 3 28 1
9 5 267 1
9 6 96 1
9 7 277 1
9 8 11 21
9 10 7 2
9 12 4 1
9 18 109 2
9 22 1 5
9 24 1 21
10 0 48 2
10 2 23 12
10 3 160 1
10 5 4 1
10 8 2 26
10 9 2 8
10 11 268 1
10 12 102 1
10 13 190 1
10 14 9 17
10 15 115 1
10 16 3 29
10 19 1 22
10 20 234 2
10 22 25 3
10 24 54 1
10 25 109 1
11 1 83 1
11 2 261 21
11 3 135 1
11 4 254 3
11 5 3 12
11 7 157 1
11 8 5 13
11 9 1 15
11 10 102 1
11 12 228 2
11 14 171 1
11 15 2 23
11 16 4 4
11 19 2 24
11 23 196 1
11 24 31 12
11 25 13 1
11 27 200 1
12 0 160 1
12 1 48 3
12 5 1 7
12 6 1 19
12 9 80 22
12 10 101 2
12 11 1 1
12 13 1 13
12 14 6 1
12 15 56 1
12 16 34 6
12 21 1 28
12 22 1 17
12 25 75 1
13 0 11 6
13 3 17 1
13 4 1 24
13 8 18 4
13 12 25 1
13 14 49 1
13 20 6 5
14 1 1 8
14 2 28 1
14 6 165 2
14 7 2 9
14 8 86 1
14 9 1 4
14 10 11 10
14 11 1 29
14 12 1 20
14 13 2 26
14 22 18 1
15 1 126 5
15 6 1 12
15 7 7 27
15 10 2 18
15 11 2 16
15 14 3 10
15 20 1 24
15 23 16 24
16 0 60 29
16 4 14 1
16 11 12 8
16 17 1 18
16 18 263 1
16 22 1 23
16 27 26 16
17 0 330 1
17 1 1 13
17 2 210 1
17 3 116 2
17 4 1 12
17 6 7 13
17 7 2 28
17 8 109 2
17 11 122 1
17 12 15 1
17 16 20 1
17 18 96 1
17 22 29 3
18 0 28 3
18 1 5 17
18 2 1 23
18 3 1 7
18 4 147 1
18 6 169 1
18 8 1 17
18 10 64 26
18 11 2 14
18 16 1 9
18 17 205 1
18 19 1 29
18 20 1 14
18 26 1 5
19 0 4 3
19 1 1 23
19 5 1 5
19 8 2 24
19 10 119 1
19 11 1 16
19 17 51 1
19 18 1 21
19 20 12 26
19 21 2 21
20 3 105 3
20 6 1 7
20 7 9 1
20 10 103 6
20 13 2 23
20 14 51 3
20 17 2 10
20 21 1 14
20 22 2 5
21 11 119 2
21 12 7 20
22 5 3 7
22 6 59 1
22 8 2 13
22 10 1 9
22 11 12 21
22 14 3 1
22 15 11 7
22 16 1 21
22 17 29 3
23 1 49 3
23 9 63 1
23 10 1 24
23 11 154 1
23 13 13 3
23 14 12 3
23 15 3 14
24 3 33 14
24 5 18 2
24 7 5 23
24 10 181 1
24 11 11 1
24 17 48 6
25 0 26 2
25 5 4 13
25 6 98 1
25 7 104 1
25 11 415 1
25 12 1 27
25 13 1 22
25 14 1 15
25 23 2 1
26 3 35 8
26 6 75 1
26 8 43 1
26 9 1 18
26 12 3 10
26 25 1 20
27 2 1 21
27 3 2 1
27 5 8 14
27 8 3 7
27 11 1 3
27 13 1 10
27 18 4 25
27 20 62 1
27 21 1 7
27 22 12 1
27 24 37 1
