0 1 152 1
0 2 248 9
0 3 242 1
0 4 221 1
0 5 125 1
0 6 1 17
0 8 143 1
0 9 196 2
0 10 17 1
0 11 2 9
0 12 104 1
0 14 2 22
0 16 174 1
0 17 1 19
0 18 1 23
0 20 12 1
0 24 29 1
0 25 103 1
0 26 83 1
1 0 98 1
1 2 295 1
1 3 185 1
1 4 293 1
1 5 147 1
1 6 8 7
1 7 75 1
1 8 310 1
1 10 3 6
1 11 2 10
1 14 1 17
1 16 193 1
1 18 1 23
1 19 189 1
1 20 179 2
1 21 60 10
1 24 109 1
2 1 40 22
2 3 29 10
2 4 90 1
2 5 2 20
2 6 1 4
2 7 3 16
2 8 87 15
2 9 21 1
2 10 52 10
2 11 1 14
2 15 2 4
2 17 40 2
2 20 168 1
2 24 46 25
2 26 3 16
3 0 252 1
3 1 267 1
3 2 366 1
3 5 44 1
3 6 9 1
3 7 5 5
3 8 171 1
3 11 11 7
3 16 232 1
3 17 92 2
3 20 4 24
3 21 3 3
3 22 1 18
3 24 182 1
3 27 1 22
4 0 3 8
4 1 167 19
4 2 24 1
4 3 14 1
4 5 8 1
4 6 3 9
4 8 126 1
4 9 18 25
4 13 98 1
4 14 1 13
4 16 1 4
4 17 43 2
4 18 2 1
4 20 1 29
4 22 93 18
5 0 222 1
5 1 36 1
5 2 1 24
5 3 362 1
5 6 21 9
5 8 368 1
5 9 187 1
5 10 45 13
5 11 13 4
5 12 93 3
5 13 1 23
5 16 90 17
5 18 2 10
5 22 24 3
5 24 151 3
6 0 3 20
6 1 123 6
6 2 7 20
6 3 2 11
6 4 1 1
6 5 50 8
6 7 2 14
6 8 36 7
6 9 127 20
6 10 20 14
6 11 2 1
6 12 1 6
6 13 142 21
6 16 133 2
6 17 91 1
6 18 45 16
6 20 237 2
6 25 121 3
6 27 1 3
7 0 7 2
7 1 1 4
7 2 2 3
7 3 87 1
7 4 1 24
7 5 5 5
7 6 148 1
7 8 188 26
7 9 300 1
7 10 300 1
7 11 208 21
7 11 417 8
7 11 44 24
7 14 2 16
7 15 14 26
7 16 5 28
7 20 6 12
7 23 21 23
7 24 1 27
7 25 207 19
8 0 99 1
8 1 27 1
8 2 37 5
8 3 184 2
8 4 3 25
8 5 12 11
8 6 189 1
8 7 25 29
8 9 8 8
8 10 5 9
8 11 284 1
8 12 3 19
8 13 122 1
8 14 95 1
8 15 230 2
8 16 24 2
8 17 365 1
8 19 2 27
8 20 19 16
8 22 3 19
8 23 7 21
8 24 90 1
8 25 42 2
9 0 1 12
9 1 2 22
9 4 5 20
9 5 61 1
9 7 209 1
9 8 3 27
9 10 201 1
9 11 391 2
9 12 2 10
9 13 25 13
9 14 198 26
9 19 1 19
9 21 17 7
9 23 3 13
9 24 1 22
9 25 5 13
9 27 23 19
10 0 18 1
10 1 88 1
10 2 56 27
10 3 87 1
10 4 334 1
10 5 1 26
10 6 4 22
10 7 8 1
10 8 70 23
10 9 244 1
10 11 252 1
10 12 3 28
10 14 346 1
10 15 68 1
10 16 2 23
10 17 1 7
10 20 214 3
10 24 23 1
10 25 57 2
10 26 83 5
11 0 2 25
11 1 37 1
11 2 246 1
11 3 39 1
11 5 25 3
11 6 5 5
11 7 21 1
11 8 434 6
11 9 2 18
11 10 67 23
11 12 198 2
11 14 46 1
11 15 19 2
11 18 3 5
11 20 26 3
11 22 1 22
11 23 120 1
11 24 10 29
11 25 334 1
11 26 1 1
11 27 138 1
12 2 1 11
12 3 1 24
12 4 248 1
12 5 3 28
12 9 16 1
12 14 162 3
12 15 33 1
12 18 27 1
12 22 2 11
12 23 98 1
12 24 54 2
13 0 6 4
13 1 1 7
13 4 2 3
13 7 114 1
13 8 1 14
13 9 1 25
13 11 26 1
13 18 25 12
13 26 2 24
14 4 18 2
14 6 115 2
14 7 2 6
14 8 20 2
14 10 315 3
14 11 11 13
14 13 1 14
14 15 8 26
14 17 90 8
14 18 1 12
14 22 7 1
15 0 43 1
15 2 1 9
15 3 52 17
15 6 7 23
15 7 8 26
15 8 52 16
15 10 3 12
15 11 70 27
15 12 1 14
15 14 1 16
15 23 30 6
16 0 147 1
16 1 130 1
16 3 96 1
16 5 61 13
16 8 100 1
16 10 1 20
16 11 1 10
16 12 8 11
16 15 34 1
16 17 5 9
16 18 157 1
16 19 58 1
16 24 227 1
17 0 255 1
17 1 61 15
17 2 19 1
17 3 71 2
17 4 3 5
17 5 1 21
17 6 109 15
17 10 27 10
17 12 6 4
17 13 81 9
17 16 294 1
17 20 201 18
17 24 20 6
18 1 1 26
18 4 28 1
18 6 123 1
18 10 1 2
18 14 27 1
18 16 1 5
18 17 167 1
18 22 1 27
19 1 57 23
19 3 10 4
19 7 157 2
19 8 3 11
19 18 4 21
19 20 4 22
20 0 372 2
20 1 5 11
20 2 133 1
20 3 254 23
20 9 28 2
20 10 2 2
20 11 276 1
20 13 1 21
20 14 41 7
20 19 4 22
20 24 16 6
21 3 1 1
21 4 1 12
21 7 1 18
21 9 1 28
21 12 1 24
21 14 10 1
21 26 1 13
22 0 1 24
22 6 44 3
22 8 4 29
22 10 1 2
22 12 2 7
23 1 39 1
23 2 1 19
23 6 39 6
23 10 1 26
23 11 81 1
23 14 4 2
23 15 2 4
23 20 2 25
23 21 1 10
23 22 11 1
24 0 48 1
24 1 224 1
24 3 136 2
24 5 238 6
24 7 14 14
24 8 139 1
24 10 140 1
24 11 3 9
24 14 2 18
24 15 1 3
24 16 59 1
24 21 18 21
24 26 2 11
25 7 79 1
25 10 1 3
25 11 332 1
25 13 1 1
25 17 8 11
25 18 1 2
25 26 58 10
26 1 33 4
26 10 145 1
26 25 2 15
26 27 1 6
27 5 2 21
27 6 2 4
27 7 2 2
27 8 2 6
27 10 4 3
27 11 1 22
27 14 5 18
27 15 1 9
27 16 2 17
27 18 3 4
27 26 11 2
