0 1 176 1
0 2 1 23
0 3 55 3
0 4 213 1
0 5 37 5
0 6 12 14
0 7 2 5
0 8 30 1
0 9 194 1
0 10 15 1
0 11 3 16
0 12 103 1
0 15 29 5
0 16 111 2
0 17 294 25
0 18 1 18
0 20 7 2
0 24 100 18
0 25 101 4
1 0 179 1
1 2 267 1
1 3 44 1
1 4 231 1
1 5 142 1
1 6 35 3
1 7 70 1
1 8 195 1
1 9 2 17
1 10 2 4
1 11 14 2
1 13 100 3
1 14 10 3
1 15 29 4
1 16 59 19
1 19 186 1
1 20 176 1
1 24 268 1
1 27 14 1
2 0 1 6
2 1 6 11
2 3 19 20
2 4 85 1
2 5 6 7
2 6 1 10
2 7 14 29
2 8 263 2
2 9 20 1
2 10 1 4
2 11 1 21
2 21 12 28
3 0 149 1
3 1 249 1
3 2 342 1
3 4 1 10
3 5 45 9
3 6 7 1
3 7 8 27
3 8 71 1
3 9 4 20
3 10 1 26
3 11 25 29
3 16 104 1
3 17 89 1
3 21 3 2
3 22 24 5
3 24 89 9
3 25 2 28
3 27 1 8
4 0 1 11
4 1 6 5
4 2 14 8
4 3 218 2
4 5 90 18
4 6 86 18
4 8 117 1
4 9 9 23
4 10 38 1
4 11 56 2
4 12 291 4
4 13 97 1
4 16 2 7
4 17 40 1
4 18 32 29
4 20 5 20
5 0 48 2
5 1 109 1
5 3 234 1
5 6 43 8
5 8 251 1
5 9 149 1
5 10 33 28
5 12 1 2
5 14 33 2
5 15 1 1
5 16 39 1
5 18 2 24
5 24 158 1
6 1 128 21
6 2 6 20
6 3 6 14
6 4 330 1
6 5 60 2
6 7 2 1
6 8 43 2
6 9 214 18
6 10 19 15
6 11 5 29
6 12 2 3
6 14 215 1
6 15 3 5
6 16 131 1
6 17 87 1
6 18 43 4
6 19 8 24
6 20 236 5
6 25 119 3
7 0 2 7
7 1 1 16
7 2 2 26
7 3 71 1
7 4 1 27
7 5 2 20
7 6 240 13
7 8 74 1
7 9 296 1
7 10 288 1
7 11 142 5
7 14 50 14
7 15 26 15
7 16 62 4
7 17 26 1
7 18 2 22
7 20 1 17
7 21 1 14
7 22 157 2
7 24 49 6
7 26 32 2
8 0 88 4
8 1 131 4
8 2 186 1
8 3 104 1
8 4 2 1
8 5 193 21
8 6 119 1
8 7 72 23
8 9 3 3
8 10 173 17
8 11 271 1
8 12 2 29
8 13 119 1
8 14 88 1
8 15 228 1
8 16 94 1
8 18 10 26
8 19 1 25
8 20 1 19
8 22 11 17
8 24 100 1
8 26 5 26
9 0 34 26
9 2 1 1
9 5 39 1
9 7 203 1
9 8 4 16
9 10 172 1
9 11 388 1
9 12 3 2
9 13 1 8
9 15 17 1
9 18 73 1
9 20 81 2
9 22 1 8
9 23 71 28
9 24 3 1
10 0 17 1
10 2 3 22
10 3 82 1
10 4 330 1
10 6 2 3
10 7 262 18
10 8 11 23
10 9 71 24
10 11 231 1
10 12 1 27
10 13 139 1
10 14 338 1
10 15 61 1
10 19 1 15
10 21 3 8
10 25 54 1
10 26 82 2
11 0 2 22
11 1 35 1
11 2 242 2
11 3 34 1
11 4 217 1
11 6 1 17
11 7 6 1
11 8 433 2
11 10 274 1
11 14 40 1
11 15 6 29
11 22 14 24
11 23 114 1
11 25 310 1
11 26 1 28
11 27 133 2
12 5 2 2
12 6 10 8
12 9 2 1
12 10 64 1
12 15 32 2
12 16 25 11
12 21 5 10
12 23 97 2
12 26 22 10
12 27 48 1
13 1 1 19
13 3 11 1
13 4 3 22
13 5 37 13
13 7 111 1
13 8 1 23
13 9 5 27
13 14 19 1
13 17 39 1
13 19 7 4
13 20 4 3
13 24 17 1
14 1 46 24
14 5 20 19
14 6 112 1
14 7 3 16
14 8 17 1
14 9 1 19
14 10 39 1
14 11 8 8
14 12 1 9
14 13 1 18
14 15 13 9
14 16 7 2
14 18 1 3
14 19 1 20
14 20 1 27
14 24 1 5
15 0 42 2
15 2 38 25
15 3 1 23
15 6 1 2
15 7 21 5
15 8 10 1
15 10 3 19
15 11 13 22
15 14 66 1
15 21 1 4
15 22 16 1
15 23 30 1
16 0 139 1
16 1 164 1
16 3 164 3
16 5 46 1
16 8 60 2
16 12 101 14
16 17 2 23
16 18 148 1
16 22 28 13
16 24 41 1
17 0 249 1
17 1 3 11
17 3 68 1
17 4 9 3
17 5 5 13
17 6 5 23
17 9 1 4
17 10 1 19
17 11 91 1
17 15 2 2
17 16 283 1
17 18 55 1
17 20 1 26
17 24 20 6
17 25 1 5
18 1 50 6
18 3 1 23
18 4 22 1
18 6 120 1
18 7 185 1
18 8 2 10
18 12 6 1
18 15 2 15
18 16 2 23
18 17 164 2
19 1 4 23
19 4 9 7
19 7 155 2
19 8 25 29
19 10 104 2
19 17 32 1
19 20 3 29
20 0 368 1
20 2 130 1
20 3 21 2
20 6 223 1
20 9 27 7
20 10 2 5
20 13 1 6
20 15 96 3
20 17 1 15
20 19 36 3
20 22 5 5
20 24 16 6
20 26 3 23
20 27 1 5
21 7 41 22
21 18 35 4
21 19 9 4
21 25 1 12
22 6 43 6
22 8 3 27
22 9 1 29
22 11 9 11
22 12 5 1
22 15 6 15
22 20 56 2
22 24 1 2
23 1 38 7
23 2 1 16
23 6 38 1
23 8 126 6
23 10 8 12
23 11 76 1
23 12 1 22
23 15 1 6
23 16 20 5
23 24 60 2
24 0 179 1
24 1 173 1
24 3 10 18
24 5 217 1
24 7 1 24
24 8 121 1
24 10 137 2
24 11 7 11
24 12 4 12
24 13 1 16
24 15 1 25
24 16 62 1
25 0 13 4
25 6 71 2
25 7 230 1
25 8 29 15
25 11 309 1
25 12 1 25
25 18 1 15
25 23 23 22
26 7 2 29
26 17 76 28
26 24 5 17
26 27 14 24
27 1 9 15
27 2 18 10
27 5 1 11
27 7 4 9
27 8 2 21
27 10 1 23
27 12 16 6
27 16 1 3
27 26 7 1
