0 1 58 3
0 2 1 19
0 3 150 1
0 4 206 1
0 5 20 1
0 7 3 16
0 8 401 1
0 9 191 2
0 10 274 23
0 11 1 26
0 12 101 2
0 14 2 17
0 15 28 3
0 16 39 1
0 17 1 17
0 20 4 1
0 22 72 1
0 24 129 1
0 25 100 4
1 0 166 1
1 2 241 1
1 3 103 1
1 4 264 1
1 5 84 2
1 6 4 8
1 7 65 2
1 8 120 24
1 10 2 1
1 11 22 17
1 12 57 16
1 16 114 1
1 17 1 25
1 19 183 2
1 20 173 1
1 21 60 1
1 24 44 7
1 27 74 17
2 0 3 13
2 1 6 7
2 3 6 29
2 4 80 1
2 5 1 10
2 6 5 2
2 7 1 19
2 8 4 15
2 10 1 18
2 11 5 13
2 16 21 28
2 19 1 13
2 21 1 1
2 23 2 5
2 25 37 1
3 0 73 1
3 1 149 1
3 2 316 1
3 4 1 12
3 7 5 24
3 8 84 1
3 10 1 24
3 11 2 22
3 14 4 20
3 16 128 1
3 17 86 2
3 18 47 5
3 20 1 17
3 22 24 15
3 24 31 1
3 25 2 26
4 0 1 15
4 1 8 6
4 2 1 24
4 3 215 1
4 5 7 29
4 6 3 11
4 8 110 1
4 9 2 7
4 10 35 2
4 11 54 1
4 14 1 21
4 16 13 3
4 17 37 1
4 18 21 4
4 20 12 12
4 21 2 24
4 24 2 19
4 26 1 19
4 27 82 4
5 0 10 20
5 1 59 1
5 3 142 4
5 4 2 1
5 6 312 23
5 8 74 1
5 9 120 1
5 10 49 27
5 11 11 1
5 12 1 14
5 13 33 23
5 14 32 3
5 16 49 1
5 20 68 3
5 24 66 1
6 0 2 10
6 1 30 20
6 2 1 15
6 3 3 10
6 5 41 18
6 7 12 19
6 8 186 1
6 9 159 23
6 10 11 29
6 11 105 2
6 12 7 16
6 14 213 1
6 15 3 2
6 17 83 1
6 19 1 29
6 20 236 1
6 22 68 2
6 23 1 14
6 25 118 3
6 26 56 10
7 0 8 27
7 1 2 16
7 2 48 19
7 3 59 1
7 4 3 15
7 5 1 7
7 6 54 1
7 8 46 1
7 9 292 1
7 10 279 1
7 11 145 14
7 14 1 8
7 15 2 6
7 20 175 21
7 24 3 24
7 26 31 2
8 0 54 1
8 1 94 1
8 2 164 1
8 3 48 1
8 4 2 4
8 5 277 1
8 6 203 1
8 7 1 4
8 9 2 17
8 10 35 1
8 11 260 1
8 12 1 2
8 13 116 1
8 14 83 1
8 16 43 1
8 20 89 5
8 23 1 3
8 24 101 1
8 25 38 1
9 0 17 2
9 2 1 25
9 3 8 2
9 4 1 27
9 5 24 1
9 6 1 4
9 7 199 1
9 8 2 16
9 10 149 1
9 11 385 1
9 12 3 8
9 13 2 13
9 14 1 25
9 18 71 1
9 21 17 14
9 23 2 26
10 0 15 3
10 1 85 1
10 2 2 7
10 3 78 1
10 4 326 1
10 5 6 2
10 6 6 11
10 7 245 1
10 8 127 13
10 9 292 1
10 11 214 1
10 12 1 24
10 13 133 1
10 14 55 1
10 15 54 1
10 20 211 2
10 25 51 2
10 26 81 2
11 1 32 2
11 2 239 1
11 3 31 1
11 4 215 1
11 5 7 1
11 6 1 25
11 8 429 1
11 9 11 27
11 10 256 1
11 12 194 2
11 14 35 1
11 15 31 11
11 16 24 25
11 20 24 1
11 22 12 6
11 23 110 1
11 25 290 1
11 26 80 22
11 27 130 1
12 2 1 28
12 3 96 12
12 4 243 2
12 5 1 2
12 6 8 19
12 8 4 20
12 9 60 27
12 10 60 1
12 14 158 1
12 22 4 27
12 24 53 1
13 0 5 10
13 3 11 4
13 4 16 7
13 8 58 25
13 9 2 28
13 12 1 15
13 14 15 1
13 16 27 20
13 25 8 1
14 1 1 24
14 4 1 12
14 7 1 4
14 9 1 15
14 10 281 1
14 11 3 28
14 13 1 10
14 15 3 1
14 18 22 24
14 23 2 13
14 24 1 17
15 2 1 2
15 6 3 3
15 7 22 4
15 10 3 9
15 11 13 16
15 12 9 1
15 14 61 1
15 16 1 7
15 17 17 7
15 25 1 17
16 0 19 1
16 1 90 4
16 2 1 17
16 3 110 1
16 5 17 1
16 8 27 1
16 9 43 2
16 10 9 28
16 12 8 12
16 17 2 16
16 18 141 1
16 21 2 6
16 22 2 2
16 23 5 5
16 24 129 1
17 0 244 1
17 1 51 25
17 2 180 1
17 3 66 1
17 6 1 11
17 8 53 1
17 11 89 2
17 15 24 14
17 16 274 1
17 18 53 2
17 20 1 5
17 21 2 12
17 25 18 25
18 1 4 20
18 4 18 1
18 6 117 1
18 7 184 2
18 8 19 26
18 9 185 1
18 10 30 14
18 12 5 11
18 15 1 19
18 16 2 1
18 19 7 16
18 26 1 1
19 0 8 21
19 3 8 4
19 7 154 1
19 8 17 16
19 11 2 26
19 16 9 1
19 17 31 1
19 18 49 17
19 20 7 7
19 24 15 15
20 0 364 1
20 1 6 29
20 2 127 1
20 3 19 1
20 4 6 3
20 10 3 27
20 13 1 26
20 17 7 29
20 18 43 1
20 19 4 13
20 21 1 10
20 22 5 5
20 27 1 13
21 0 53 4
21 15 20 28
22 0 1 26
22 2 10 1
22 3 1 29
22 9 2 18
22 10 9 12
22 12 1 3
22 26 21 2
23 0 78 2
23 10 1 20
23 11 72 1
23 12 102 21
23 13 8 1
23 14 3 2
23 16 20 9
24 0 98 1
24 1 173 1
24 3 69 1
24 4 115 14
24 5 124 1
24 7 1 3
24 8 12 2
24 10 135 1
24 11 1 6
24 13 2 26
24 14 7 28
24 16 45 1
24 19 7 13
24 26 18 24
24 27 40 5
25 0 12 7
25 3 1 11
25 6 69 3
25 7 224 1
25 8 1 27
25 11 289 1
25 17 8 26
25 20 1 25
25 24 3 27
26 1 33 1
26 8 30 5
26 9 25 4
26 11 23 18
26 24 1 8
26 25 1 14
26 27 15 8
27 2 5 5
27 7 53 18
27 11 2 20
27 13 11 12
27 15 3 18
27 20 54 6
27 26 101 1
