0 1 360 1
0 2 9 24
0 3 117 1
0 4 196 1
0 5 24 1
0 6 32 10
0 7 1 17
0 8 304 1
0 9 188 1
0 10 9 1
0 11 3 4
0 12 99 1
0 15 27 2
0 16 34 1
0 17 1 8
0 19 236 1
0 20 6 2
0 23 93 5
0 24 47 1
0 27 11 2
1 0 58 1
1 2 223 26
1 3 26 21
1 4 226 25
1 5 31 1
1 6 8 25
1 7 58 1
1 8 28 1
1 9 6 22
1 10 1 1
1 11 2 7
1 12 195 1
1 13 99 2
1 16 15 1
1 17 1 5
1 18 1 19
1 20 168 2
1 24 26 16
2 1 13 28
2 3 41 23
2 4 73 1
2 5 1 7
2 6 6 28
2 7 30 8
2 8 47 25
2 10 1 17
2 11 21 23
2 12 114 1
2 14 1 29
2 17 230 5
2 18 87 1
2 19 2 9
2 20 159 2
3 0 66 1
3 1 47 1
3 2 15 1
3 4 3 1
3 6 3 2
3 7 21 18
3 8 88 1
3 10 3 25
3 11 6 7
3 13 17 2
3 14 1 22
3 16 30 1
3 17 82 1
3 18 46 2
3 20 3 10
3 23 5 6
3 24 32 1
3 25 8 21
4 0 1 10
4 1 203 23
4 2 2 3
4 5 33 17
4 6 177 5
4 7 4 1
4 8 98 1
4 9 19 23
4 11 51 1
4 14 25 14
4 16 1 11
4 18 2 2
5 0 78 1
5 1 69 1
5 3 86 1
5 4 384 1
5 6 326 24
5 8 400 3
5 9 79 1
5 10 4 22
5 12 2 2
5 16 49 1
5 17 167 3
5 18 4 10
5 19 11 11
5 20 67 1
5 23 2 16
5 24 29 1
6 1 4 4
6 2 2 12
6 3 2 5
6 5 47 13
6 7 2 3
6 8 33 20
6 8 343 27
6 8 180 8
6 9 3 9
6 10 5 10
6 11 4 17
6 12 2 3
6 14 209 2
6 15 2 2
6 17 77 1
6 19 33 25
6 20 234 2
7 0 1 1
7 1 4 9
7 2 3 4
7 3 42 1
7 4 21 23
7 6 237 1
7 8 77 1
7 9 286 1
7 10 264 1
7 11 135 1
7 12 1 24
7 14 2 26
7 15 2 18
7 17 6 1
7 20 1 1
7 22 155 1
7 24 2 2
7 25 207 1
8 0 22 1
8 1 8 1
8 2 131 1
8 3 29 1
8 4 12 7
8 5 35 1
8 6 128 1
8 7 1 17
8 9 3 28
8 10 166 7
8 11 246 1
8 12 3 15
8 13 112 1
8 14 75 1
8 15 222 3
8 16 148 1
8 18 1 14
8 19 5 21
8 20 1 6
8 22 3 14
8 23 12 24
8 24 29 1
8 25 35 2
9 0 8 20
9 3 7 1
9 4 1 16
9 5 7 1
9 6 1 1
9 7 192 1
9 8 1 4
9 10 120 1
9 11 382 1
9 12 11 5
9 14 1 23
9 15 14 2
9 18 68 1
9 19 5 28
9 21 4 16
9 23 1 3
9 27 23 2
10 0 13 1
10 1 79 2
10 2 1 14
10 3 72 1
10 4 320 1
10 5 4 27
10 6 18 11
10 7 233 1
10 8 10 6
10 9 201 1
10 11 30 1
10 12 3 17
10 13 124 1
10 14 330 1
10 15 181 1
10 17 8 5
10 18 185 25
10 24 18 1
10 25 47 2
11 1 29 2
11 3 25 1
11 4 211 2
11 5 1 26
11 6 1 6
11 7 1 10
11 9 1 4
11 10 29 7
11 12 191 1
11 14 27 1
11 15 6 13
11 18 2 9
11 23 103 1
11 24 69 1
11 25 62 1
12 3 1 1
12 5 2 26
12 6 213 7
12 7 233 1
12 9 6 8
12 10 53 1
12 17 150 1
12 21 1 13
12 22 1 10
12 24 52 1
13 3 11 3
13 5 37 4
13 7 106 1
13 8 3 3
13 9 1 28
13 10 263 1
13 14 11 1
13 20 1 16
14 2 16 1
14 4 1 21
14 6 104 1
14 7 1 27
14 8 11 1
14 9 2 24
14 10 3 1
14 11 2 7
14 12 1 9
14 13 1 7
14 15 1 26
14 24 2 6
15 3 4 2
15 7 3 3
15 9 139 2
15 10 10 17
15 11 24 27
15 12 2 18
15 14 57 1
15 17 3 24
15 20 8 17
15 25 1 15
16 0 44 1
16 1 39 1
16 2 9 6
16 3 10 1
16 5 51 1
16 6 5 13
16 7 1 15
16 8 29 1
16 9 42 1
16 10 1 23
16 11 1 28
16 17 1 29
16 18 129 1
16 20 59 29
16 22 28 25
16 24 28 1
16 25 4 4
17 0 236 1
17 1 5 1
17 2 175 1
17 4 4 5
17 5 5 13
17 6 8 10
17 8 49 1
17 9 1 2
17 10 2 18
17 11 86 1
17 12 5 1
17 15 2 10
17 16 259 1
17 19 4 1
17 22 22 9
17 24 19 2
17 26 5 3
18 1 1 12
18 2 3 20
18 4 13 1
18 8 1 1
18 9 25 1
18 10 1 15
18 14 25 3
18 20 1 20
18 26 1 11
19 3 7 8
19 6 146 2
19 7 151 1
19 8 1 17
19 10 102 1
19 15 13 28
19 20 3 22
19 21 1 24
20 0 358 1
20 1 2 8
20 2 123 1
20 3 14 1
20 4 6 1
20 5 1 1
20 6 220 1
20 18 42 1
20 19 39 22
20 22 63 5
20 23 2 14
20 25 101 3
20 26 2 8
21 0 52 16
21 4 1 7
21 8 6 2
21 10 1 8
21 20 55 5
21 22 1 12
21 23 22 11
21 24 1 8
22 4 2 15
22 7 153 5
22 9 3 16
22 10 2 5
22 11 3 26
22 12 7 9
22 17 22 2
22 21 12 5
22 23 3 15
23 2 9 23
23 6 36 4
23 7 1 2
23 10 1 16
23 11 66 1
23 15 9 8
23 22 14 1
23 24 58 1
24 0 87 1
24 1 98 1
24 2 1 13
24 3 36 1
24 5 31 1
24 7 1 10
24 8 35 1
24 10 131 1
24 11 4 1
24 12 70 24
24 16 8 1
24 25 53 1
24 26 12 7
25 0 11 6
25 6 67 2
25 7 76 1
25 10 7 11
25 11 55 1
25 13 1 16
25 15 43 4
25 18 27 29
25 24 44 29
25 26 3 3
26 3 1 19
26 10 144 1
26 11 1 25
26 14 20 1
26 20 1 1
26 24 2 18
26 25 1 15
26 27 17 4
27 7 24 8
27 16 1 2
27 26 95 1
