0 1 13 28
0 2 9 26
0 3 15 25
0 4 165 1
0 5 30 18
0 6 31 1
0 7 5 11
0 8 47 19
0 9 176 1
0 10 269 1
0 11 1 14
0 12 93 4
0 14 2 22
0 16 19 7
0 17 5 26
0 18 41 19
0 19 116 1
0 20 324 1
0 22 70 5
0 23 92 2
0 24 18 13
0 25 94 4
1 0 18 26
1 2 234 1
1 3 16 23
1 4 111 12
1 5 18 1
1 6 40 3
1 7 40 1
1 8 20 17
1 9 2 5
1 13 95 7
1 15 23 1
1 16 47 26
1 17 3 15
1 20 154 1
1 21 57 6
1 22 48 7
1 24 19 17
1 25 6 2
1 27 2 20
2 0 2 28
2 1 38 29
2 3 5 29
2 6 1 18
2 7 2 26
2 8 5 4
2 10 4 21
2 11 2 10
2 12 111 1
2 17 43 1
2 18 84 1
2 20 148 1
3 0 32 22
3 1 18 21
3 2 165 1
3 5 36 15
3 7 26 10
3 8 21 23
3 9 1 1
3 10 1 21
3 11 3 19
3 16 18 2
3 17 70 1
3 19 1 19
3 20 6 28
3 23 4 1
3 24 18 26
4 0 17 25
4 1 16 15
4 2 2 29
4 3 4 1
4 5 112 1
4 6 6 9
4 8 66 1
4 9 18 4
4 10 19 2
4 14 1 24
4 16 1 2
4 17 21 1
4 18 4 10
4 19 129 1
4 20 1 24
4 21 1 13
4 22 92 3
4 23 1 5
4 24 6 29
4 26 81 1
5 0 44 18
5 1 20 28
5 3 29 16
5 4 70 1
5 6 329 1
5 8 36 10
5 9 6 1
5 10 153 29
5 11 4 6
5 12 1 29
5 15 1 24
5 16 22 7
5 18 1 3
5 20 62 6
5 24 19 2
5 25 2 1
6 1 233 11
6 2 22 1
6 3 3 7
6 4 135 23
6 5 15 25
6 7 17 25
6 8 45 4
6 9 3 8
6 10 14 29
6 11 6 15
6 12 3 5
6 14 198 2
6 16 122 2
6 17 60 1
6 18 45 16
6 20 230 2
6 25 109 2
6 27 1 20
7 0 3 4
7 1 13 9
7 2 24 10
7 3 7 2
7 4 18 14
7 6 230 1
7 8 12 1
7 9 268 1
7 10 219 1
7 11 194 1
7 12 1 1
7 15 4 17
7 16 2 10
7 17 1 26
7 19 6 3
7 20 1 20
7 22 150 1
7 25 7 2
7 26 26 2
8 0 19 9
8 1 43 18
8 2 52 1
8 3 26 15
8 4 2 4
8 5 40 7
8 6 9 1
8 7 2 3
8 9 2 28
8 10 347 2
8 11 221 1
8 12 21 19
8 13 98 1
8 14 54 1
8 15 211 2
8 16 18 3
8 17 359 1
8 18 12 25
8 20 4 17
8 22 120 13
8 23 17 14
8 24 18 24
8 26 2 20
9 1 1 29
9 2 1 7
9 4 9 20
9 5 2 3
9 6 6 4
9 7 172 1
9 8 114 4
9 10 42 1
9 11 366 1
9 12 7 11
9 13 17 25
9 16 1 13
9 17 1 2
9 18 59 2
9 20 73 1
9 22 4 13
9 23 1 25
9 24 1 24
9 27 23 24
10 1 317 1
10 2 1 12
10 3 55 1
10 4 312 18
10 5 14 16
10 6 10 22
10 7 231 1
10 8 19 5
10 9 253 27
10 11 152 1
10 12 5 26
10 13 96 1
10 14 201 1
10 15 171 1
10 16 1 18
10 17 36 25
10 19 1 1
10 20 202 2
10 24 12 1
10 25 35 2
10 26 76 3
11 2 223 1
11 4 200 1
11 5 1 4
11 6 3 21
11 7 21 15
11 8 419 1
11 10 221 1
11 14 10 2
11 15 109 17
11 16 65 8
11 18 1 23
11 19 149 2
11 22 1 18
11 23 83 1
11 24 96 1
11 25 223 1
11 26 1 6
11 27 106 1
12 2 1 28
12 4 226 2
12 6 1 20
12 9 30 26
12 10 43 1
12 13 199 1
12 14 142 1
12 15 23 2
12 20 7 5
12 25 61 1
13 1 1 11
13 3 10 1
13 7 95 2
13 8 9 3
13 9 1 29
13 10 258 2
13 14 2 1
13 16 1 29
13 17 35 1
13 20 1 1
14 1 5 10
14 4 3 4
14 6 89 1
14 7 167 27
14 9 3 14
14 10 291 1
14 11 15 13
14 13 23 27
14 15 10 27
14 23 1 1
14 25 1 18
15 1 103 4
15 3 54 7
15 6 10 15
15 7 241 1
15 8 10 2
15 9 133 2
15 10 3 10
15 11 5 24
15 12 2 3
15 14 27 7
15 17 5 13
15 18 1 10
15 22 14 1
15 23 12 1
16 0 105 16
16 1 19 21
16 3 19 7
16 5 19 5
16 6 25 7
16 8 19 24
16 9 37 3
16 15 32 13
16 17 29 15
16 18 95 1
16 24 21 12
16 26 10 7
17 0 211 1
17 1 53 1
17 2 168 1
17 4 396 2
17 5 5 21
17 6 44 3
17 9 3 15
17 10 11 29
17 11 79 1
17 16 214 1
17 20 203 15
17 25 1 8
18 1 41 15
18 3 19 12
18 6 100 1
18 16 2 19
18 26 1 26
19 0 356 28
19 1 1 16
19 5 2 27
19 6 141 4
19 7 144 1
19 8 2 19
19 9 33 15
19 17 25 1
19 20 4 20
19 21 1 4
20 0 337 1
20 3 4 1
20 4 3 5
20 6 214 4
20 8 1 21
20 10 1 3
20 11 272 4
20 15 3 1
20 18 39 1
20 19 4 10
20 21 1 16
20 22 63 3
20 24 13 4
20 26 3 1
21 2 16 12
21 9 1 11
21 10 1 24
21 12 6 20
21 17 2 4
22 5 3 16
22 11 41 13
22 13 6 7
22 16 3 26
22 23 4 23
22 26 20 16
23 3 1 13
23 7 3 21
23 10 50 14
23 11 49 1
23 15 23 7
23 21 7 24
23 25 26 5
24 0 18 4
24 1 63 27
24 3 48 8
24 5 18 6
24 7 2 25
24 8 19 16
24 9 92 5
24 10 118 1
24 11 2 8
24 12 70 27
24 14 7 25
24 15 12 22
24 16 30 5
24 20 96 9
24 25 50 3
24 26 3 16
25 4 2 6
25 6 60 1
25 7 204 1
25 8 5 6
25 10 1 11
25 11 230 1
25 14 14 18
25 18 2 3
25 20 1 9
26 9 1 11
26 11 1 1
26 20 1 12
26 23 12 19
26 25 33 18
26 27 10 2
27 6 5 5
27 7 4 16
27 8 40 27
27 9 1 19
27 10 177 23
27 14 1 26
27 15 3 13
27 26 80 1
