0 1 392 28
0 2 44 3
0 3 69 8
0 4 124 1
0 5 5 17
0 6 25 1
0 7 4 13
0 8 39 21
0 9 159 1
0 10 254 2
0 16 5 22
0 17 8 19
0 18 1 7
0 19 292 1
0 20 289 1
0 24 5 24
0 25 87 1
0 27 7 2
1 0 28 2
1 2 32 1
1 3 32 11
1 4 14 28
1 5 21 6
1 6 5 4
1 8 76 11
1 9 5 3
1 11 2 18
1 13 90 2
1 15 17 6
1 16 182 27
1 17 37 29
1 19 144 1
1 20 135 1
1 24 51 6
2 0 332 2
2 1 3 6
2 3 16 26
2 4 30 1
2 5 3 6
2 6 3 27
2 8 1 29
2 10 1 15
2 11 14 13
2 15 1 13
2 16 3 22
2 17 222 1
2 18 78 2
2 19 33 21
2 25 32 1
3 0 8 2
3 1 22 11
3 2 20 1
3 4 2 11
3 5 5 25
3 6 1 27
3 7 2 6
3 8 87 15
3 10 2 1
3 11 1 1
3 14 7 11
3 16 5 9
3 17 53 1
3 18 37 1
3 19 2 21
3 20 42 20
3 23 2 2
3 24 5 29
3 25 43 11
4 0 4 3
4 1 425 3
4 1 34 21
4 2 4 2
4 3 187 1
4 5 166 10
4 6 2 6
4 8 31 1
4 9 4 19
4 10 7 1
4 14 4 3
4 15 127 1
4 16 1 26
4 18 8 21
4 23 1 17
4 24 6 22
5 0 45 6
5 1 148 6
5 2 1 29
5 3 65 10
5 4 137 1
5 6 430 1
5 7 323 1
5 9 4 2
5 10 8 6
5 11 1 1
5 12 1 5
5 13 35 11
5 16 5 9
5 17 145 2
5 18 1 19
5 24 24 16
6 1 11 23
6 2 2 6
6 4 123 1
6 5 20 1
6 7 2 22
6 8 70 1
6 10 10 9
6 11 26 18
6 12 23 14
6 13 3 28
6 14 181 1
6 17 39 1
6 18 1 2
6 19 1 20
6 20 223 1
6 23 5 4
6 24 31 1
6 25 99 2
6 26 50 1
6 27 1 3
7 0 2 13
7 1 1 9
7 2 2 28
7 3 1 19
7 4 1 7
7 6 190 1
7 8 54 1
7 9 240 1
7 10 160 1
7 11 113 1
7 12 7 29
7 14 2 8
7 15 4 14
7 16 1 24
7 18 2 8
7 22 143 1
8 0 113 20
8 1 5 10
8 3 162 9
8 4 25 22
8 5 16 25
8 6 22 15
8 7 38 1
8 9 104 16
8 10 90 1
8 11 62 1
8 12 1 13
8 13 80 2
8 14 28 2
8 15 194 1
8 16 15 28
8 17 355 3
8 18 2 17
8 19 6 3
8 20 9 3
8 23 1 24
8 24 121 14
9 0 2 28
9 2 1 1
9 4 13 3
9 5 10 20
9 6 7 28
9 7 143 1
9 8 2 16
9 11 339 1
9 12 16 5
9 13 4 23
9 16 3 15
9 17 2 23
9 20 66 1
9 24 8 11
9 25 1 1
9 27 25 11
10 1 49 5
10 3 34 1
10 4 28 1
10 5 2 26
10 6 3 18
10 7 193 1
10 8 7 12
10 9 87 1
10 11 70 1
10 12 14 1
10 13 62 1
10 14 298 1
10 15 147 1
10 16 11 18
10 17 1 2
10 18 4 3
10 21 1 9
10 25 21 2
11 0 32 6
11 2 210 1
11 4 184 1
11 5 1 9
11 6 1 18
11 7 105 8
11 8 408 1
11 9 1 18
11 10 127 1
11 15 3 18
11 18 2 29
11 22 38 12
11 24 328 1
11 25 126 1
11 26 1 26
11 27 82 1
12 4 207 1
12 5 41 21
12 6 2 4
12 9 1 14
12 10 303 1
12 13 190 1
12 14 124 2
12 15 16 2
12 21 1 29
12 25 58 1
12 26 3 19
13 1 38 18
13 4 51 28
13 8 1 1
13 9 1 26
13 10 89 1
13 12 1 7
13 18 22 2
14 2 10 2
14 5 1 4
14 7 169 7
14 9 12 9
14 10 216 1
14 11 12 10
14 13 31 28
14 15 1 2
14 18 4 28
14 25 1 6
15 0 28 1
15 6 17 7
15 7 3 10
15 10 6 24
15 11 8 28
15 13 25 6
15 14 37 1
15 20 1 7
15 23 25 21
15 24 1 8
16 0 27 18
16 1 94 9
16 3 25 23
16 4 1 15
16 5 27 23
16 8 260 25
16 10 42 5
16 17 1 24
16 18 54 1
16 22 2 15
16 24 94 27
17 0 177 1
17 1 68 25
17 2 146 2
17 4 386 1
17 5 1 22
17 6 45 7
17 7 293 1
17 8 24 1
17 9 1 12
17 10 25 19
17 11 68 1
17 15 9 13
17 16 153 1
17 24 14 4
18 6 82 1
18 8 1 4
18 9 200 5
18 10 13 29
18 11 6 29
18 13 1 21
18 16 166 1
18 17 128 1
18 19 7 29
18 22 1 26
18 26 3 22
19 0 350 1
19 1 2 7
19 6 135 1
19 7 132 3
19 8 1 8
19 9 1 8
19 16 6 2
19 25 2 2
20 0 304 1
20 1 5 7
20 2 93 1
20 3 230 1
20 5 32 22
20 9 18 1
20 10 1 23
20 17 2 19
20 19 8 25
20 22 63 3
20 23 2 21
20 27 3 26
21 0 50 1
21 8 113 1
21 10 1 26
21 12 29 18
21 13 1 17
21 14 7 9
21 24 1 17
22 1 2 6
22 4 3 14
22 6 32 2
22 7 141 1
22 8 7 1
22 9 1 23
22 10 2 15
22 11 11 17
22 12 17 19
22 17 19 1
22 23 13 25
22 26 20 1
23 0 72 1
23 3 23 8
23 5 1 22
23 6 28 1
23 7 7 28
23 10 6 28
23 11 28 2
23 12 12 3
23 15 8 7
23 16 1 18
24 0 4 16
24 1 27 16
24 3 47 25
24 4 115 8
24 5 5 16
24 7 2 3
24 8 37 13
24 9 92 10
24 11 1 27
24 14 1 16
24 16 66 26
24 20 94 7
24 25 46 2
24 26 4 23
25 0 5 8
25 6 50 3
25 7 52 1
25 8 1 24
25 10 1 3
25 11 116 1
25 12 1 15
25 18 1 14
26 4 46 1
26 7 3 1
26 8 22 1
26 9 1 19
26 10 139 1
26 11 8 16
26 24 2 23
26 25 4 14
26 27 9 24
27 2 1 17
27 3 3 2
27 4 61 3
27 20 48 12
27 26 53 1
