0 1 32 26
0 2 4 22
0 3 7 1
0 4 118 1
0 5 82 1
0 6 150 1
0 7 3 12
0 8 87 21
0 10 252 1
0 11 1 18
0 12 84 1
0 15 16 7
0 16 46 2
0 17 6 6
0 19 285 1
0 20 284 1
0 24 40 21
0 25 86 5
1 0 90 13
1 2 198 1
1 3 1 19
1 4 156 1
1 5 56 21
1 6 5 25
1 7 16 2
1 8 53 1
1 9 6 27
1 11 41 13
1 12 52 1
1 16 52 9
1 17 2 28
1 18 12 8
1 24 217 21
1 27 2 4
2 0 331 2
2 1 343 5
2 3 5 16
2 4 27 2
2 6 8 9
2 8 303 24
2 11 3 1
2 12 105 6
2 17 220 1
2 18 77 2
2 20 128 1
2 26 31 2
3 0 2 15
3 1 118 27
3 2 10 1
3 4 1 17
3 5 1 21
3 6 1 3
3 7 52 11
3 8 172 9
3 10 1 19
3 11 6 19
3 15 14 1
3 16 32 11
3 19 8 4
3 20 22 1
3 22 1 28
3 24 13 16
3 25 1 28
4 0 7 13
4 1 338 1
4 2 10 29
4 3 184 1
4 5 93 18
4 6 4 8
4 8 27 1
4 9 2 8
4 11 30 1
4 12 265 1
4 13 86 3
4 14 4 19
4 17 8 1
4 18 2 17
4 19 119 2
4 20 2 27
5 0 103 10
5 2 88 2
5 3 36 1
5 4 121 20
5 6 225 1
5 7 12 1
5 8 12 1
5 9 8 15
5 10 17 25
5 12 5 16
5 16 108 15
5 17 143 3
5 18 1 19
5 20 55 3
5 24 94 25
6 0 1 25
6 1 10 2
6 2 69 13
6 3 1 22
6 4 112 1
6 5 357 22
6 7 60 27
6 8 111 1
6 9 148 27
6 10 6 6
6 11 168 14
6 12 9 27
6 14 178 2
6 16 112 1
6 17 36 2
6 22 55 4
6 23 2 28
6 25 97 1
7 0 47 19
7 1 37 5
7 2 2 29
7 3 1 20
7 4 3 29
7 5 4 11
7 6 178 1
7 8 42 1
7 9 236 1
7 10 151 1
7 11 242 1
7 12 227 3
7 14 1 1
7 15 20 9
7 16 1 21
7 17 10 22
7 18 3 21
7 20 2 1
7 23 36 11
7 25 204 1
7 26 19 3
8 0 143 27
8 1 113 17
8 4 12 20
8 5 44 17
8 6 17 8
8 7 334 1
8 9 23 6
8 10 65 1
8 11 51 28
8 12 1 18
8 13 77 2
8 14 25 2
8 16 134 2
8 18 1 9
8 19 1 10
8 20 5 20
8 22 130 9
8 23 11 8
8 24 37 22
8 25 16 1
9 0 1 12
9 2 1 24
9 4 2 14
9 5 30 11
9 6 4 7
9 7 139 1
9 8 5 21
9 10 1 16
9 11 335 1
9 12 51 2
9 18 45 1
9 20 65 3
9 22 4 10
9 23 3 22
9 25 1 9
9 26 1 23
10 0 2 1
10 1 48 1
10 2 3 3
10 3 31 1
10 4 23 1
10 5 1 1
10 6 31 10
10 7 198 1
10 8 423 3
10 9 56 1
10 11 60 1
10 12 1 16
10 13 57 1
10 14 279 1
10 15 140 1
10 16 1 9
10 19 144 1
10 23 1 15
10 25 19 2
10 26 69 1
10 27 3 6
11 2 206 1
11 4 181 3
11 5 37 28
11 6 2 1
11 7 54 18
11 8 399 1
11 10 114 1
11 15 6 10
11 17 179 3
11 19 8 26
11 21 11 11
11 22 53 4
11 23 53 1
11 24 28 1
11 25 111 1
11 26 183 16
11 27 79 1
12 2 3 28
12 4 204 1
12 5 3 5
12 6 3 2
12 7 218 3
12 8 1 16
12 9 1 4
12 10 298 1
12 13 186 1
12 20 121 12
12 22 2 20
12 24 44 4
12 25 57 5
12 26 22 18
13 4 1 5
13 6 9 10
13 7 79 1
13 8 1 25
13 9 6 20
13 10 85 1
13 12 7 5
13 17 31 2
13 20 4 27
14 1 1 10
14 4 1 13
14 5 2 5
14 6 67 1
14 7 16 24
14 10 197 1
14 11 1 27
14 12 187 18
14 15 1 21
14 18 1 1
14 20 1 7
14 27 4 5
15 6 39 25
15 7 1 26
15 8 49 1
15 10 109 1
15 11 3 29
15 14 31 1
15 18 1 17
15 24 1 7
15 25 11 21
16 0 13 1
16 1 50 1
16 2 3 10
16 3 156 1
16 5 121 28
16 6 163 2
16 7 1 26
16 8 1 20
16 9 31 2
16 10 43 6
16 11 3 14
16 17 5 29
16 18 48 1
16 24 152 6
17 0 172 1
17 1 3 7
17 2 143 1
17 5 27 14
17 6 66 24
17 7 291 4
17 8 22 1
17 11 66 3
17 14 1 16
17 15 1 3
17 16 145 1
17 18 27 3
17 27 48 5
18 1 1 26
18 2 8 15
18 4 2 10
18 6 79 1
18 8 19 13
18 9 199 3
18 10 35 6
18 11 1 28
18 14 20 3
18 15 1 1
18 16 162 1
18 19 1 12
18 20 1 15
19 1 5 19
19 2 12 1
19 4 1 22
19 5 12 12
19 6 133 2
19 9 1 3
19 12 62 1
19 13 1 12
19 18 49 19
19 20 99 7
20 0 299 1
20 1 1 27
20 2 91 1
20 3 226 1
20 6 204 1
20 7 1 28
20 8 2 17
20 9 17 4
20 11 264 2
20 12 6 29
20 13 1 2
20 17 16 25
20 19 5 2
20 27 1 11
21 3 2 28
21 8 113 1
21 12 7 1
21 17 3 21
21 25 10 23
22 2 8 3
22 5 6 18
22 6 31 1
22 7 140 3
22 11 43 1
22 12 1 9
22 23 1 5
23 3 1 18
23 7 1 23
23 8 120 5
23 9 37 4
23 10 1 6
23 11 26 1
23 12 11 23
23 20 1 18
23 25 2 8
24 0 84 13
24 1 100 1
24 2 3 14
24 3 195 8
24 5 227 4
24 7 2 2
24 8 294 7
24 10 98 1
24 11 2 29
24 14 3 10
24 15 1 14
24 16 89 1
24 17 32 1
24 26 2 4
24 27 35 2
25 7 158 1
25 8 73 10
25 11 102 1
25 12 1 23
25 27 1 9
26 1 27 2
26 3 7 18
26 11 12 11
26 23 11 1
26 25 37 5
26 27 1 21
27 3 1 27
27 11 2 12
27 12 11 7
27 15 3 10
27 16 4 16
27 26 49 1
