0 1 21 10
0 2 8 1
0 3 23 14
0 5 40 28
0 6 103 1
0 7 2 8
0 8 22 24
0 9 116 1
0 11 50 3
0 12 64 2
0 16 32 21
0 18 154 24
0 19 150 1
0 20 194 1
0 21 1 3
0 24 24 18
0 25 70 1
0 26 81 14
1 0 29 18
1 2 1 7
1 3 21 3
1 5 24 26
1 6 11 29
1 8 439 25
1 9 11 13
1 10 9 21
1 11 1 14
1 12 223 1
1 14 161 12
1 16 37 29
1 17 3 12
1 18 276 2
1 19 90 1
1 20 87 1
1 22 36 1
1 24 29 12
1 26 84 8
2 0 283 1
2 1 3 27
2 3 140 1
2 6 17 5
2 7 40 1
2 8 69 1
2 10 5 1
2 11 65 12
2 12 92 4
2 13 6 5
2 17 9 1
2 18 63 6
2 20 87 1
2 24 44 6
3 0 25 20
3 1 24 8
3 2 74 17
3 4 1 18
3 5 86 17
3 7 110 7
3 8 24 19
3 10 2 23
3 11 8 3
3 14 1 8
3 16 30 12
3 19 2 2
3 20 1 11
3 24 44 22
3 26 1 19
3 27 1 26
4 0 2 18
4 1 275 1
4 3 128 1
4 5 132 1
4 6 5 29
4 9 25 11
4 11 11 3
4 12 225 2
4 13 73 6
4 16 13 11
4 18 3 2
4 19 98 2
4 20 1 8
4 22 84 8
4 27 70 11
5 0 22 2
5 1 128 12
5 3 22 22
5 4 219 1
5 6 2 8
5 7 267 1
5 8 17 21
5 9 116 15
5 10 3 25
5 12 5 17
5 15 41 16
5 16 35 14
5 17 110 1
5 18 3 22
5 20 41 3
5 21 1 13
5 22 20 4
5 23 21 3
5 24 28 9
5 25 10 1
6 0 381 1
6 1 26 1
6 2 2 20
6 3 261 20
6 4 32 1
6 5 49 1
6 7 5 22
6 8 46 4
6 9 366 1
6 10 3 25
6 11 18 21
6 12 1 28
6 13 17 3
6 14 131 1
6 15 1 14
6 20 200 1
6 25 73 4
7 0 7 4
7 1 2 12
7 2 9 25
7 3 4 23
7 4 1 14
7 5 247 18
7 6 15 1
7 8 3 22
7 9 167 1
7 10 44 1
7 11 43 1
7 14 1 8
7 15 4 12
7 17 1 1
7 20 1 4
7 22 122 2
7 23 1 2
7 25 99 1
8 0 120 20
8 1 89 27
8 2 11 10
8 3 25 21
8 4 3 20
8 5 17 24
8 6 13 1
8 7 151 1
8 9 20 15
8 10 179 2
8 11 87 1
8 12 2 1
8 13 40 1
8 16 205 6
8 19 5 2
8 20 4 8
8 22 1 19
8 23 2 29
8 24 59 2
8 26 2 27
8 27 1 18
9 0 7 7
9 1 75 14
9 2 1 14
9 4 12 9
9 5 230 22
9 6 63 5
9 7 77 1
9 8 264 1
9 10 6 1
9 11 259 1
9 12 30 21
9 13 2 10
9 14 195 2
9 18 22 1
9 20 50 1
9 23 1 8
9 26 21 5
9 27 1 7
10 0 1 29
10 1 258 5
10 2 3 7
10 4 250 1
10 5 17 14
10 6 18 16
10 7 99 1
10 8 151 1
10 9 30 1
10 11 1 22
10 13 7 1
10 14 59 1
10 15 55 1
10 16 6 3
10 17 6 11
10 19 136 7
10 21 1 7
10 22 1 20
10 23 1 4
10 27 8 12
11 2 138 1
11 3 3 20
11 4 142 1
11 6 1 25
11 7 20 28
11 8 312 1
11 9 2 16
11 10 3 2
11 12 130 1
11 13 5 8
11 14 1 14
11 15 391 1
11 16 1 28
11 17 152 2
11 21 5 1
11 22 2 28
11 24 305 1
11 27 33 1
12 0 107 1
12 3 119 25
12 4 155 2
12 5 215 7
12 6 10 1
12 8 1 10
12 10 212 1
12 13 139 1
12 14 78 1
12 15 4 6
12 20 121 1
12 21 6 7
12 22 1 6
12 24 35 7
12 25 48 1
13 1 42 7
13 5 32 3
13 7 47 1
13 8 1 1
13 10 44 1
13 12 1 29
13 14 1 4
13 16 6 22
13 18 18 1
13 22 1 27
14 8 7 5
14 9 1 2
14 10 156 1
14 11 1 16
14 12 181 1
14 13 8 1
14 15 63 1
14 18 1 4
14 19 1 6
14 23 2 2
14 24 12 8
14 25 2 13
15 1 77 2
15 6 12 5
15 7 96 14
15 8 164 1
15 9 97 1
15 10 216 18
15 11 175 1
15 12 5 23
15 13 15 1
15 14 1 23
15 16 1 8
15 17 2 6
15 25 14 27
16 0 67 13
16 1 62 17
16 3 23 28
16 4 4 4
16 5 52 7
16 6 178 2
16 7 7 6
16 8 22 13
16 9 20 1
16 10 47 4
16 17 2 28
16 20 3 20
16 24 48 18
17 0 96 1
17 1 401 18
17 3 9 5
17 4 338 1
17 6 1 7
17 9 17 27
17 11 43 4
17 13 70 2
17 15 5 16
17 16 35 1
17 18 7 3
17 22 14 6
18 4 3 2
18 5 1 28
18 6 42 2
18 16 126 1
18 19 1 24
18 23 1 19
19 0 246 1
19 2 28 19
19 7 103 1
19 11 4 24
19 14 1 7
19 16 3 3
19 20 146 1
19 24 17 1
20 0 210 1
20 3 159 1
20 5 1 23
20 6 179 1
20 7 6 4
20 8 9 15
20 10 6 28
20 11 240 1
20 13 1 27
20 17 52 10
20 19 175 1
20 27 1 9
21 4 10 9
21 7 1 10
21 11 90 6
21 12 1 18
22 3 2 10
22 7 121 1
22 8 8 9
22 10 1 19
22 11 1 10
22 12 1 20
22 24 1 3
22 27 3 4
23 5 2 25
23 7 5 7
23 8 37 4
23 10 1 6
23 11 1 1
23 12 94 23
23 24 26 4
23 26 1 22
24 0 22 6
24 1 22 20
24 3 54 29
24 5 22 10
24 7 1 28
24 8 22 14
24 9 117 5
24 10 60 2
24 11 4 15
24 14 13 13
24 16 43 11
24 20 88 1
24 22 15 1
24 25 34 4
24 26 25 20
25 6 29 2
25 7 95 1
25 10 2 1
25 11 1 23
25 18 2 23
25 20 32 5
25 23 16 2
25 27 2 6
26 0 16 7
26 4 40 3
26 8 14 2
26 24 1 20
26 27 1 28
27 0 53 1
27 3 1 2
27 7 1 8
27 9 4 22
27 12 7 3
27 13 1 19
27 18 9 27
27 23 1 5
