0 1 31 25
0 2 9 1
0 3 75 25
0 5 69 22
0 6 222 1
0 7 48 16
0 8 84 15
0 9 108 1
0 10 198 2
0 11 229 3
0 16 48 25
0 17 380 3
0 18 3 20
0 19 123 1
0 20 176 1
0 21 1 7
0 24 14 14
1 0 50 1
1 2 3 22
1 3 33 15
1 4 1 4
1 5 119 12
1 6 2 29
1 8 14 10
1 9 1 18
1 10 1 13
1 11 2 13
1 12 218 1
1 13 74 5
1 16 68 12
1 17 45 27
1 18 273 2
1 19 80 2
1 20 79 2
1 24 113 9
2 0 263 1
2 1 198 25
2 3 67 1
2 5 12 5
2 6 9 14
2 7 103 1
2 8 392 1
2 10 391 2
2 11 1 6
2 18 61 1
3 0 36 14
3 1 40 18
3 2 23 11
3 4 2 7
3 5 52 27
3 6 1 1
3 7 87 6
3 8 271 7
3 9 86 6
3 10 66 2
3 11 20 12
3 12 13 15
3 16 81 20
3 17 15 1
3 18 22 2
3 19 9 8
3 24 78 11
3 27 7 11
4 0 4 11
4 1 330 1
4 2 4 7
4 5 369 1
4 7 4 7
4 9 17 26
4 12 216 1
4 14 2 18
4 15 119 9
4 16 1 8
4 18 3 27
4 19 93 1
4 20 4 28
4 21 1 2
4 25 1 3
4 27 69 1
5 0 14 24
5 1 99 27
5 3 55 26
5 4 160 1
5 6 34 2
5 7 251 1
5 8 148 27
5 9 5 28
5 10 2 29
5 15 41 7
5 16 53 20
5 17 103 2
5 20 39 2
5 24 107 21
6 0 364 1
6 1 207 2
6 2 1 13
6 4 40 1
6 5 1 19
6 8 26 2
6 9 353 1
6 10 9 18
6 11 1 25
6 12 31 4
6 13 138 1
6 16 86 1
6 17 2 3
6 18 7 1
6 19 3 1
6 20 195 4
6 24 14 1
6 25 69 1
6 27 5 26
7 0 57 12
7 1 1 15
7 2 1 3
7 3 5 17
7 4 1 7
7 6 61 1
7 8 4 16
7 9 154 1
7 10 30 1
7 11 16 1
7 12 209 1
7 15 1 27
7 17 1 17
7 18 2 15
7 20 1 7
7 24 244 2
7 25 151 1
8 0 152 20
8 1 39 17
8 2 6 19
8 3 37 21
8 4 8 15
8 5 67 5
8 6 55 17
8 7 261 27
8 9 3 20
8 10 131 1
8 11 69 1
8 12 1 2
8 13 33 3
8 15 136 2
8 16 36 17
8 17 310 2
8 18 1 18
8 19 1 11
8 20 6 10
8 22 1 12
8 24 15 14
8 27 1 26
9 0 2 19
9 1 334 1
9 4 2 15
9 5 9 15
9 6 74 22
9 8 113 1
9 10 16 20
9 11 243 1
9 12 3 29
9 14 188 2
9 17 1 13
9 18 18 2
9 22 94 2
10 1 245 1
10 2 99 11
10 4 233 1
10 5 12 27
10 6 354 16
10 6 167 24
10 7 108 1
10 8 416 22
10 9 5 1
10 11 2 19
10 14 53 1
10 15 40 2
10 16 1 16
10 17 3 16
10 19 135 3
10 20 159 1
10 21 122 5
10 22 1 29
10 23 2 13
10 26 52 2
11 2 125 1
11 3 2 24
11 4 134 2
11 5 58 28
11 6 76 19
11 7 249 9
11 8 67 1
11 9 1 1
11 12 123 1
11 13 1 11
11 14 1 6
11 15 330 1
11 24 279 1
11 25 2 13
11 27 26 1
12 4 145 2
12 8 5 27
12 10 194 1
12 11 262 1
12 13 122 1
12 18 6 2
12 20 120 11
12 21 7 8
12 25 46 2
13 3 4 1
13 6 2 10
13 7 42 1
13 8 1 3
13 10 185 1
13 11 1 13
13 12 21 29
13 14 11 3
13 18 17 2
13 22 1 21
14 8 1 13
14 9 73 16
14 10 104 1
14 11 2 10
14 12 179 1
14 13 25 1
14 15 49 1
14 18 1 28
14 23 3 24
14 24 25 2
14 27 1 15
15 0 12 1
15 2 29 6
15 7 108 1
15 8 37 1
15 10 21 16
15 11 133 1
15 12 4 11
15 13 12 3
15 14 1 8
15 18 28 22
15 19 1 8
15 24 1 1
16 0 14 7
16 1 60 19
16 2 1 15
16 3 129 10
16 4 1 25
16 5 14 25
16 8 14 11
16 9 17 8
16 17 1 28
16 20 2 4
16 24 14 14
17 0 83 1
17 1 2 5
17 2 73 1
17 4 326 1
17 7 261 1
17 10 2 10
17 13 68 7
17 15 46 16
17 16 21 1
17 20 6 24
17 25 3 2
17 27 40 12
18 1 1 17
18 3 3 3
18 4 7 16
18 6 36 1
18 7 153 1
18 8 1 26
18 9 175 1
18 10 1 1
18 11 2 17
18 16 107 1
18 17 78 2
18 19 2 1
18 21 3 27
18 23 39 9
19 0 219 1
19 4 126 1
19 8 137 26
19 11 160 4
19 12 56 5
19 15 10 15
19 17 6 1
19 20 218 1
20 0 192 1
20 1 15 18
20 2 45 2
20 3 145 1
20 6 173 1
20 8 2 8
20 10 1 21
20 19 26 1
20 21 3 20
20 23 5 18
21 2 14 7
21 5 1 4
21 7 57 12
21 8 2 11
21 23 16 19
22 7 116 3
22 8 2 19
22 9 1 21
22 11 1 12
22 13 4 1
22 14 3 28
22 20 46 12
23 2 20 20
23 3 1 7
23 6 15 4
23 8 34 22
23 9 24 1
23 10 108 9
23 15 18 4
24 0 33 9
24 1 51 8
24 2 3 27
24 3 14 9
24 5 14 26
24 6 6 4
24 7 5 2
24 8 178 19
24 9 116 1
24 10 53 1
24 11 11 15
24 13 13 22
24 15 2 11
24 16 14 27
24 17 23 2
24 23 6 8
24 25 32 1
25 7 84 1
25 10 8 29
25 11 2 27
25 24 8 11
26 0 15 2
26 17 73 1
26 24 1 28
26 27 3 25
27 3 3 4
27 5 4 15
27 8 1 16
27 9 2 26
27 24 15 2
