0 1 71 1
0 2 224 1
0 3 93 1
0 4 5 2
0 5 260 4
0 6 193 21
0 7 2 23
0 8 20 1
0 9 83 1
0 10 167 2
0 14 7 20
0 16 76 1
0 18 2 10
0 19 50 1
0 20 120 1
0 23 76 2
0 24 93 1
0 25 55 3
1 0 59 1
1 2 6 22
1 3 125 1
1 4 3 4
1 5 53 1
1 6 5 8
1 7 1 10
1 8 37 16
1 9 3 22
1 10 1 5
1 11 2 27
1 13 66 2
1 14 155 3
1 16 230 1
1 17 3 5
1 18 253 1
1 24 37 1
1 27 100 7
2 0 193 1
2 1 162 1
2 3 2 13
2 4 1 19
2 5 1 27
2 6 2 7
2 7 264 26
2 8 207 1
2 9 2 12
2 10 352 1
2 11 1 16
2 17 167 1
2 20 55 1
3 0 35 1
3 1 259 1
3 2 276 1
3 4 1 25
3 5 60 1
3 6 1 4
3 7 325 1
3 8 137 1
3 10 2 6
3 11 288 1
3 15 44 3
3 16 67 1
3 18 15 2
3 19 1 17
3 20 125 29
3 24 38 1
3 25 70 6
4 0 6 17
4 1 195 29
4 2 1 8
4 3 82 1
4 5 45 1
4 6 236 1
4 7 1 29
4 8 4 19
4 9 4 27
4 10 4 26
4 12 186 2
4 13 62 1
4 14 2 3
4 16 4 21
4 17 2 15
4 18 2 24
4 19 79 1
4 24 1 16
4 25 1 25
4 27 65 1
5 0 28 1
5 1 69 1
5 2 82 1
5 3 107 1
5 4 25 1
5 6 19 22
5 7 198 1
5 8 139 1
5 9 133 23
5 12 32 2
5 16 72 1
5 17 81 1
5 20 30 3
5 23 1 20
5 24 31 1
6 0 306 1
6 1 294 1
6 2 234 7
6 3 11 1
6 4 207 1
6 5 41 4
6 7 14 1
6 8 308 2
6 9 280 1
6 10 8 1
6 11 49 22
6 12 2 7
6 13 12 5
6 15 1 19
6 16 72 2
6 18 4 1
6 20 179 1
6 21 24 6
6 22 31 1
7 0 1 19
7 1 2 14
7 3 41 13
7 4 5 12
7 5 25 1
7 8 10 3
7 9 112 1
7 10 2 1
7 11 6 7
7 12 195 2
7 13 5 3
7 14 26 1
7 15 117 14
7 19 1 14
7 20 1 28
7 21 1 8
7 22 104 1
7 23 45 1
7 25 97 1
7 26 3 8
8 0 116 1
8 1 1 25
8 2 5 13
8 3 335 1
8 4 7 29
8 5 221 1
8 6 340 1
8 7 212 1
8 10 119 1
8 11 21 1
8 12 63 3
8 13 16 2
8 14 1 5
8 15 106 1
8 16 116 1
8 17 279 2
8 18 1 3
8 19 4 26
8 23 58 20
8 24 93 1
9 1 283 1
9 4 2 16
9 5 229 1
9 6 3 5
9 8 17 27
9 10 37 22
9 11 190 1
9 12 12 14
9 15 1 26
9 16 1 23
9 17 1 3
9 20 38 1
9 25 4 1
10 0 2 16
10 1 193 1
10 2 3 1
10 4 181 1
10 5 1 24
10 6 5 29
10 7 49 1
10 8 227 14
10 9 2 5
10 11 7 24
10 14 3 1
10 15 8 3
10 17 157 3
10 18 141 2
10 19 128 3
10 20 141 1
10 23 7 23
10 24 2 10
10 25 1 7
11 0 373 2
11 1 1 2
11 2 84 2
11 3 4 28
11 5 85 5
11 6 8 26
11 7 11 10
11 8 230 4
11 9 354 1
11 10 1 3
11 12 101 2
11 13 6 29
11 14 26 8
11 15 155 1
11 16 1 28
11 17 129 1
11 18 2 8
11 24 178 1
11 25 6 24
11 27 8 2
12 4 114 1
12 5 245 10
12 7 172 2
12 9 251 1
12 10 139 1
12 13 70 1
12 14 45 2
12 16 8 1
12 20 117 7
12 22 2 7
12 23 53 1
12 25 40 1
12 26 1 19
13 1 2 23
13 7 26 1
13 8 2 1
13 9 93 21
13 10 157 1
13 12 2 29
13 14 10 2
13 15 2 9
13 26 1 5
14 4 1 19
14 5 41 1
14 8 19 19
14 9 7 3
14 10 6 1
14 11 31 1
14 13 6 1
14 15 45 1
14 17 59 3
14 18 2 22
14 23 3 5
15 1 62 2
15 2 25 7
15 6 1 1
15 7 1 4
15 8 142 2
15 9 74 3
15 10 223 23
15 11 17 1
15 14 3 20
15 16 1 26
15 17 1 10
15 21 1 27
15 24 1 18
15 25 1 9
16 0 54 1
16 1 201 1
16 3 10 2
16 4 7 28
16 5 201 1
16 8 23 2
16 10 17 26
16 17 30 1
16 18 2 4
16 20 1 28
16 24 146 1
17 0 45 1
17 1 1 22
17 2 42 1
17 4 285 1
17 7 241 1
17 9 6 24
17 11 27 3
17 15 2 2
17 21 1 12
17 25 1 24
17 27 37 1
18 3 1 26
18 4 4 9
18 5 7 2
18 6 19 1
18 9 158 1
18 11 8 22
18 16 55 1
18 17 55 2
18 19 6 21
19 0 131 1
19 3 1 1
19 4 114 1
19 5 7 6
19 8 4 28
19 10 62 2
19 11 156 2
19 12 52 1
19 20 139 1
19 26 18 12
20 0 135 1
20 1 1 28
20 2 26 1
20 3 100 1
20 7 1 29
20 8 2 1
20 11 215 1
20 13 3 3
20 15 76 2
20 17 1 13
20 19 356 1
20 23 1 10
20 25 2 18
21 0 42 1
21 3 3 18
21 4 1 19
21 9 9 4
21 18 29 1
21 22 1 5
21 25 16 26
21 26 3 13
22 0 5 25
22 4 46 16
22 7 102 3
22 8 1 14
22 9 1 2
22 10 154 18
22 12 1 27
22 14 3 8
22 21 1 2
23 10 29 2
23 15 12 1
23 16 1 20
23 24 10 4
24 0 48 1
24 1 127 1
24 3 75 3
24 5 4 25
24 7 1 22
24 8 34 4
24 10 33 1
24 11 10 18
24 12 75 1
24 15 1 5
24 16 51 1
24 17 18 2
24 22 9 2
24 23 8 12
25 1 1 12
25 4 2 15
25 8 22 19
25 10 3 5
25 11 6 16
25 21 18 1
25 27 5 20
26 2 16 4
26 3 43 6
26 7 1 17
26 9 1 24
26 11 3 4
26 13 14 1
26 18 32 4
26 20 6 15
26 21 1 8
26 27 2 1
27 5 1 28
27 8 20 15
27 11 39 28
27 13 13 17
27 15 1 1
27 16 1 10
27 17 54 12
27 18 1 16
27 25 1 25
27 26 1 11
