0 1 11 29
0 2 203 1
0 3 7 1
0 5 30 18
0 6 27 1
0 7 5 23
0 8 3 6
0 10 156 1
0 14 36 4
0 16 3 16
0 18 3 5
0 19 31 1
0 20 102 1
0 24 3 13
0 25 52 1
1 0 67 3
1 2 19 11
1 3 4 2
1 4 45 17
1 5 5 17
1 6 119 1
1 7 1 9
1 8 2 24
1 9 137 8
1 10 1 13
1 11 2 16
1 12 194 3
1 16 4 27
1 17 17 19
1 18 244 1
1 19 43 1
1 21 40 9
1 22 27 2
1 23 1 8
1 24 6 18
1 27 100 6
2 0 167 1
2 1 45 1
2 3 12 1
2 5 16 1
2 6 5 18
2 7 62 1
2 8 128 1
2 9 2 23
2 10 334 1
2 11 55 23
2 15 1 14
2 16 90 3
2 17 154 1
2 18 48 1
2 21 3 24
2 22 1 16
3 0 3 12
3 1 13 12
3 2 12 1
3 5 4 18
3 6 4 15
3 7 107 1
3 8 4 23
3 10 73 8
3 11 291 16
3 15 41 5
3 16 4 22
3 20 1 11
3 24 4 1
3 27 1 17
4 0 4 27
4 1 67 1
4 2 98 23
4 5 288 1
4 6 5 1
4 7 4 10
4 8 3 22
4 9 1 17
4 10 2 21
4 12 175 1
4 13 59 6
4 14 1 19
4 16 8 2
4 17 2 19
4 19 74 1
4 20 99 3
5 0 3 19
5 1 3 12
5 2 75 1
5 3 3 18
5 6 12 25
5 7 179 1
5 8 4 14
5 9 202 1
5 10 368 1
5 15 1 1
5 16 4 16
5 21 1 18
5 22 17 1
5 24 3 9
6 0 283 1
6 1 324 1
6 3 242 9
6 4 157 1
6 5 20 3
6 7 124 1
6 8 230 1
6 9 198 1
6 10 3 9
6 11 7 2
6 12 2 29
6 13 8 26
6 14 80 2
6 15 4 9
6 16 67 2
6 23 7 14
6 24 6 1
6 25 49 2
7 0 1 1
7 1 44 28
7 3 20 16
7 4 1 2
7 5 87 2
7 6 1 3
7 8 12 22
7 9 98 1
7 11 9 12
7 12 189 2
7 15 115 1
7 18 1 19
7 19 1 27
7 21 1 20
7 22 99 1
7 23 169 1
7 24 226 2
7 25 82 1
7 27 1 2
8 0 9 18
8 1 51 13
8 2 15 7
8 3 9 23
8 4 1 2
8 5 71 26
8 6 218 1
8 7 43 18
8 10 39 1
8 11 9 1
8 12 84 3
8 15 95 1
8 16 4 2
8 17 267 2
8 18 5 4
8 22 3 4
8 24 4 11
8 27 2 25
9 0 2 23
9 1 263 1
9 3 1 27
9 4 304 25
9 5 56 1
9 6 10 5
9 7 28 1
9 8 29 1
9 10 11 6
9 11 171 1
9 12 1 10
9 13 1 18
9 14 149 1
9 16 1 21
9 20 35 2
9 24 1 22
9 25 3 3
10 1 174 1
10 2 311 1
10 4 162 1
10 5 4 21
10 6 2 22
10 7 28 1
10 8 182 1
10 9 6 12
10 11 41 17
10 13 1 20
10 14 1 25
10 16 3 9
10 17 2 27
10 20 134 1
10 22 1 22
10 24 1 14
11 0 366 2
11 1 1 7
11 2 71 1
11 3 1 26
11 4 101 1
11 6 99 21
11 7 410 1
11 8 199 1
11 9 6 1
11 10 2 10
11 12 94 1
11 13 8 9
11 14 11 9
11 15 89 1
11 16 113 2
11 17 122 2
11 19 6 29
11 23 1 15
11 24 145 1
11 25 6 15
12 0 85 2
12 2 1 18
12 4 103 1
12 6 76 1
12 8 48 27
12 9 231 1
12 10 121 1
12 13 53 1
12 14 37 1
12 17 10 2
12 22 3 2
12 24 26 2
12 25 38 1
13 7 21 1
13 8 176 9
13 10 136 1
13 12 2 26
13 14 52 22
13 15 1 28
13 25 1 1
14 0 1 4
14 3 3 15
14 4 11 19
14 6 4 3
14 7 59 1
14 8 11 8
14 9 1 25
14 11 165 1
14 12 159 1
14 15 25 1
14 16 1 19
14 18 1 3
14 24 7 12
15 2 24 2
15 4 1 23
15 6 112 7
15 7 273 1
15 11 220 1
15 12 2 7
15 14 6 25
15 19 1 2
15 20 1 23
15 24 1 8
15 25 5 21
15 27 3 23
16 0 4 20
16 1 4 21
16 2 1 14
16 3 4 27
16 5 4 19
16 6 164 2
16 8 3 12
16 11 3 17
16 17 398 1
16 18 1 3
16 19 55 11
16 24 3 13
17 0 34 1
17 2 32 1
17 4 269 1
17 5 37 17
17 7 233 1
17 8 1 24
17 9 5 14
17 10 1 24
17 11 23 1
17 12 1 2
17 13 62 9
17 15 1 10
17 24 4 3
17 25 2 26
18 1 1 19
18 2 36 8
18 4 15 6
18 5 8 14
18 8 233 21
18 16 29 1
19 0 102 1
19 1 5 19
19 4 109 1
19 9 5 18
19 20 11 1
19 24 6 21
20 0 116 1
20 1 1 15
20 6 148 3
20 7 3 21
20 8 3 14
20 10 2 24
20 11 207 2
20 14 17 2
20 17 31 20
20 19 287 1
20 21 3 7
20 25 2 3
21 0 41 1
21 3 3 16
21 6 1 20
21 7 1 27
21 8 106 12
21 13 4 20
21 18 28 14
21 20 51 7
22 0 1 13
22 1 1 13
22 8 30 15
22 10 156 25
22 12 73 5
22 14 1 20
22 17 10 1
22 19 1 1
22 20 42 11
22 23 15 13
22 24 1 3
22 26 15 28
23 0 52 1
23 1 13 2
23 9 15 1
23 11 1 2
23 12 84 5
23 14 3 27
23 15 9 2
23 18 27 1
23 20 1 29
23 22 3 7
23 25 20 14
24 0 3 18
24 1 3 24
24 2 5 22
24 3 3 21
24 5 3 14
24 7 2 26
24 8 6 21
24 10 27 1
24 11 13 19
24 13 18 15
24 15 1 23
24 16 14 7
25 3 1 3
25 4 1 28
25 10 16 1
25 11 4 28
25 12 87 13
25 15 15 2
25 27 18 3
26 0 11 7
26 6 41 6
26 10 121 1
26 11 1 22
26 14 11 1
26 20 1 4
26 27 135 2
27 5 21 16
27 7 17 3
27 8 100 24
27 11 7 9
27 18 9 23
27 25 1 15
27 26 1 1
