0 1 47 29
0 2 196 1
0 3 17 4
0 5 25 21
0 6 184 1
0 7 135 14
0 8 97 10
0 10 151 1
0 11 385 14
0 16 71 21
0 17 372 2
0 18 1 9
0 20 93 1
0 24 14 22
1 0 217 8
1 2 12 29
1 3 15 6
1 4 25 15
1 5 15 25
1 6 108 1
1 7 3 21
1 8 49 19
1 9 5 3
1 11 2 24
1 14 151 1
1 16 25 1
1 17 3 4
1 18 239 2
1 19 38 1
1 20 43 1
1 21 40 1
1 24 14 9
2 0 155 1
2 1 122 1
2 3 7 20
2 4 7 23
2 5 1 27
2 6 2 21
2 7 260 1
2 8 95 1
2 9 1 21
2 10 324 1
2 11 1 24
2 14 3 8
2 15 3 14
2 17 147 1
2 18 46 1
2 23 24 21
3 0 59 29
3 1 17 9
3 2 72 1
3 4 16 27
3 5 16 18
3 6 18 27
3 7 65 1
3 8 79 3
3 10 223 28
3 11 2 11
3 15 40 2
3 16 14 27
3 18 12 4
3 19 1 13
3 20 3 19
3 24 14 6
4 0 2 11
4 1 29 1
4 2 12 2
4 3 65 1
4 5 252 1
4 6 392 4
4 7 1 14
4 8 5 10
4 9 37 15
4 14 6 1
4 16 1 17
4 17 2 11
4 18 2 25
4 24 3 10
4 25 1 14
4 26 82 14
5 0 14 22
5 1 356 5
5 3 14 21
5 6 21 29
5 7 169 1
5 8 15 22
5 9 300 1
5 10 60 1
5 11 1 29
5 14 2 1
5 16 14 25
5 17 70 2
5 20 26 3
5 23 1 19
5 24 17 21
5 25 37 6
6 0 272 1
6 1 159 1
6 2 2 4
6 3 241 1
6 4 134 1
6 5 17 12
6 7 171 1
6 8 205 1
6 9 66 1
6 10 201 27
6 12 2 9
6 14 75 1
6 15 4 25
6 16 65 1
6 17 2 29
6 24 5 3
6 25 46 4
7 0 8 3
7 1 3 7
7 2 1 11
7 3 4 18
7 4 5 14
7 8 11 27
7 11 19 18
7 12 186 1
7 14 12 1
7 15 2 1
7 16 1 17
7 17 1 17
7 19 1 20
7 21 1 19
7 22 96 4
7 23 166 1
7 24 64 1
7 25 132 1
7 26 1 2
7 27 1 29
8 0 18 9
8 1 16 16
8 2 4 2
8 3 16 17
8 4 18 7
8 5 10 29
8 6 221 1
8 7 106 1
8 9 160 2
8 10 15 1
8 11 5 1
8 12 2 5
8 14 1 2
8 16 13 12
8 17 261 2
8 21 2 21
8 22 159 11
8 24 27 25
8 27 4 23
9 0 43 13
9 1 253 1
9 3 7 4
9 4 16 21
9 5 277 2
9 5 238 1
9 6 1 11
9 7 24 1
9 8 15 1
9 10 5 4
9 11 162 1
9 12 1 2
9 13 9 6
9 14 143 2
9 15 1 7
9 17 1 12
9 21 10 8
9 25 2 1
9 26 2 11
9 27 1 19
10 1 165 1
10 2 308 1
10 4 153 1
10 5 1 14
10 6 4 9
10 7 16 1
10 8 325 1
10 9 4 2
10 11 6 2
10 14 1 4
10 15 1 1
10 16 4 1
10 17 3 28
10 18 133 1
10 22 1 9
10 23 1 16
10 24 2 6
11 0 362 1
11 2 65 1
11 3 1 17
11 4 97 2
11 5 2 6
11 6 2 29
11 7 299 1
11 8 14 1
11 9 351 1
11 10 23 7
11 12 90 1
11 13 8 7
11 14 55 6
11 15 43 1
11 16 5 11
11 17 119 3
11 19 149 4
11 24 128 1
11 25 17 9
11 27 3 2
12 0 83 1
12 1 1 9
12 2 2 26
12 4 98 1
12 6 71 2
12 8 47 2
12 9 213 1
12 10 112 1
12 14 33 3
12 22 4 16
13 1 46 29
13 4 1 12
13 8 176 18
13 10 126 1
13 12 84 11
13 16 36 29
13 20 7 22
13 26 4 10
14 0 1 1
14 1 5 17
14 5 39 2
14 8 1 23
14 9 2 14
14 10 1 1
14 11 28 27
14 12 155 1
14 13 1 2
14 15 17 1
14 17 55 4
14 24 38 19
15 0 4 1
15 6 41 24
15 7 260 16
15 8 151 2
15 10 5 6
15 11 176 1
15 13 4 1
15 14 2 13
15 18 39 24
15 21 1 23
15 24 1 5
16 0 14 28
16 1 14 19
16 2 26 29
16 3 25 12
16 4 1 10
16 5 15 2
16 6 163 1
16 8 14 10
16 9 9 2
16 10 2 28
16 11 4 17
16 15 24 5
16 18 1 3
16 24 15 2
16 26 6 1
16 27 16 24
17 0 29 2
17 4 261 1
17 7 229 2
17 8 1 8
17 9 3 24
17 10 1 3
17 13 62 2
17 20 4 23
17 23 3 21
17 25 1 9
17 27 34 1
18 1 2 9
18 2 19 1
18 4 4 5
18 5 1 18
18 6 12 1
18 8 1 28
18 9 148 1
18 10 3 20
18 13 2 9
18 16 88 1
18 17 44 1
19 0 89 1
19 1 159 1
19 2 25 3
19 3 1 26
19 4 106 2
19 6 88 2
19 7 70 1
19 10 57 1
19 12 50 12
19 18 4 1
19 20 71 1
20 0 107 1
20 1 1 27
20 3 78 1
20 5 2 9
20 7 28 4
20 8 9 20
20 10 6 2
20 11 204 1
20 13 2 2
20 16 1 17
20 17 1 29
20 19 252 1
20 21 1 10
20 23 1 22
20 25 2 1
21 4 1 7
21 19 1 19
22 1 4 4
22 7 95 1
22 9 13 17
22 10 3 27
22 11 3 15
22 12 10 7
22 18 3 3
23 0 50 4
23 5 31 26
23 7 4 29
23 8 28 1
23 9 14 1
23 11 2 8
23 12 83 1
23 15 8 3
23 22 1 16
23 24 5 1
24 0 28 20
24 1 14 20
24 2 1 6
24 3 14 16
24 5 14 21
24 7 2 12
24 8 14 7
24 9 107 5
24 10 24 4
24 11 264 7
24 16 14 6
24 20 79 3
24 22 7 1
24 26 39 11
25 7 17 2
25 9 1 1
25 11 4 8
25 12 6 2
25 15 13 5
25 17 101 8
25 27 1 22
26 9 2 3
26 24 31 9
27 6 1 5
27 9 8 24
27 11 9 28
27 25 25 27
