0 1 73 15
0 2 113 1
0 3 352 21
0 4 1 14
0 5 21 21
0 6 1 16
0 7 166 1
0 8 21 24
0 13 39 1
0 16 41 13
0 19 80 1
0 20 1 7
0 24 21 27
1 0 19 18
1 2 5 26
1 3 19 7
1 4 78 1
1 5 22 1
1 6 4 8
1 8 18 13
1 9 328 1
1 10 413 1
1 11 96 1
1 16 42 28
1 17 2 10
1 19 124 25
1 20 1 4
1 23 72 3
1 24 63 4
2 0 77 1
2 1 2 1
2 3 6 17
2 4 2 1
2 5 64 1
2 6 1 10
2 7 181 1
2 8 4 1
2 10 75 1
2 11 204 1
2 12 99 19
2 20 1 12
3 0 241 18
3 1 22 26
3 2 217 1
3 4 213 1
3 5 20 6
3 7 3 22
3 8 21 15
3 10 78 1
3 11 325 1
3 15 1 22
3 16 21 18
3 19 44 1
3 20 155 1
3 24 20 3
4 0 401 1
4 1 399 1
4 2 130 1
4 3 1 24
4 5 4 4
4 6 90 1
4 7 304 1
4 8 2 24
4 9 57 12
4 12 1 20
4 14 17 4
4 15 1 16
4 18 294 1
4 25 23 1
5 0 20 24
5 1 19 17
5 2 4 1
5 3 20 1
5 4 305 1
5 6 8 12
5 7 1 16
5 8 42 13
5 9 6 21
5 10 295 1
5 12 38 1
5 16 20 22
5 24 408 10
6 0 11 6
6 2 427 2
6 3 37 1
6 4 173 1
6 5 12 1
6 7 413 1
6 8 387 1
6 9 1 18
6 10 1 20
6 11 55 1
6 14 100 6
6 19 1 13
6 25 2 29
7 0 309 1
7 1 195 1
7 2 197 1
7 3 1 7
7 4 97 1
7 5 56 1
7 6 2 7
7 8 3 1
7 9 1 19
7 10 2 19
7 11 13 8
7 12 1 5
7 13 156 1
7 14 8 3
7 15 375 1
7 17 41 1
7 18 21 4
7 19 163 1
7 20 1 27
7 22 1 6
7 26 141 3
7 27 167 2
8 0 20 18
8 1 23 29
8 2 266 1
8 3 23 3
8 4 414 1
8 5 24 14
8 6 4 3
8 7 44 1
8 9 430 1
8 10 8 16
8 11 2 24
8 12 130 2
8 14 1 5
8 15 1 3
8 16 20 21
8 17 1 9
8 22 1 29
8 23 19 1
8 24 20 7
9 1 1 26
9 5 7 3
9 6 7 16
9 7 1 23
9 8 276 1
9 10 55 1
9 11 1 15
9 12 2 25
9 16 27 4
9 27 6 24
10 0 271 2
10 1 205 8
10 2 137 1
10 3 1 29
10 4 2 24
10 5 1 24
10 6 3 11
10 7 2 26
10 8 9 9
10 9 171 1
10 11 3 2
10 13 3 18
10 14 136 1
10 15 3 2
10 23 156 1
11 1 352 1
11 2 1 22
11 3 1 26
11 5 57 1
11 6 341 1
11 7 348 1
11 8 1 12
11 10 2 26
11 13 238 1
11 14 2 4
11 15 4 18
11 16 29 10
11 19 1 10
11 21 86 5
11 22 26 1
11 23 1 5
11 24 72 1
11 25 197 1
11 27 1 25
12 8 176 1
12 9 238 1
12 10 2 22
12 13 17 1
12 14 1 15
12 15 143 3
12 18 115 2
12 19 1 18
12 22 35 3
13 6 66 3
13 8 37 2
13 11 1 7
13 12 1 4
13 14 88 1
13 17 81 6
13 18 44 21
13 24 1 15
14 7 20 1
14 8 2 28
14 9 174 1
14 10 378 1
14 11 349 1
14 12 1 15
14 18 1 19
15 6 5 1
15 7 243 1
15 9 1 10
15 10 304 1
15 11 3 20
15 12 48 1
15 14 2 15
15 18 1 1
15 22 1 15
15 23 9 1
15 24 42 1
16 0 20 6
16 1 20 16
16 2 4 9
16 3 20 20
16 5 20 5
16 6 1 7
16 7 1 6
16 8 66 4
16 17 329 1
16 18 1 23
16 24 21 23
16 26 22 3
17 0 2 13
17 1 283 1
17 2 2 14
17 4 1 25
17 6 14 1
17 7 1 27
17 8 359 2
17 9 57 1
17 11 241 2
17 16 1 21
17 19 105 3
17 20 1 26
18 1 56 1
18 4 1 11
18 8 1 2
18 9 1 22
18 10 1 29
18 16 85 1
19 0 170 1
19 1 6 1
19 6 1 26
19 8 1 11
19 13 1 6
19 17 137 3
19 18 31 15
19 20 4 16
19 21 5 9
20 0 1 12
20 1 123 1
20 2 171 10
20 3 1 21
20 4 131 1
20 6 1 19
20 8 176 1
20 9 121 2
20 10 1 13
20 11 2 11
20 16 29 4
20 18 102 6
20 19 3 25
21 7 8 1
22 0 7 3
22 10 18 2
22 11 13 1
22 12 37 2
22 17 56 1
22 24 21 2
22 25 4 18
23 5 9 12
23 7 94 2
23 11 1 14
23 27 1 23
24 0 42 26
24 1 20 18
24 2 11 4
24 3 20 22
24 4 1 11
24 5 20 14
24 7 172 1
24 8 20 16
24 10 1 23
24 11 1 12
24 16 20 11
24 23 1 9
24 26 21 4
25 7 3 26
25 9 68 3
25 10 189 1
25 11 186 1
25 20 1 12
26 21 1 26
26 24 30 4
27 10 1 1
27 11 231 2
27 25 1 19
