0 1 50 7
0 2 68 1
0 3 192 11
0 4 1 24
0 5 162 22
0 6 93 1
0 7 10 26
0 8 32 1
0 9 32 2
0 10 95 1
0 11 372 1
0 16 4 10
0 17 324 1
0 19 1 11
0 20 21 1
0 24 121 24
1 0 135 1
1 2 51 19
1 3 1 19
1 4 4 11
1 6 2 2
1 7 4 18
1 8 9 1
1 9 18 3
1 10 102 21
1 11 1 1
1 12 152 2
1 16 1 21
1 18 181 2
1 21 32 2
1 24 99 18
1 25 1 1
1 26 88 9
2 0 39 1
2 1 13 28
2 3 57 1
2 4 1 26
2 6 4 2
2 7 138 1
2 8 4 2
2 9 1 9
2 10 196 1
2 16 80 8
2 17 75 1
3 0 300 1
3 1 44 21
3 4 1 7
3 5 50 27
3 6 4 9
3 7 49 1
3 8 69 1
3 10 4 4
3 11 10 1
3 15 24 1
3 16 30 19
3 19 7 1
3 22 32 24
3 25 68 1
3 27 1 4
4 0 1 26
4 2 25 2
4 3 18 3
4 5 5 1
4 6 100 1
4 7 3 9
4 8 4 11
4 9 417 2
4 10 7 22
4 13 42 4
4 14 1 11
4 17 3 14
4 18 289 5
4 20 42 3
4 23 69 1
4 25 1 22
5 0 4 19
5 1 120 1
5 3 38 1
5 4 4 28
5 6 112 1
5 7 74 1
5 8 3 29
5 9 10 15
5 10 316 1
5 12 3 26
5 16 53 9
5 17 35 2
5 18 8 10
5 21 3 22
5 22 13 1
5 23 25 9
5 24 45 20
6 0 149 1
6 1 76 1
6 2 139 1
6 3 200 1
6 5 22 1
6 7 324 14
6 8 107 1
6 10 2 6
6 11 47 23
6 12 362 3
6 13 111 3
6 14 28 2
6 15 1 29
6 16 41 3
6 18 20 1
6 20 135 1
6 21 13 1
6 23 3 3
6 27 1 13
7 0 12 18
7 2 145 1
7 4 1 23
7 5 9 1
7 6 2 28
7 8 4 3
7 9 32 2
7 10 9 16
7 11 10 9
7 12 152 1
7 13 19 10
7 14 246 1
7 15 16 1
7 17 2 12
7 18 1 7
7 22 69 2
7 23 144 7
7 24 29 1
7 25 31 1
8 1 10 10
8 2 230 1
8 5 1 1
8 6 37 21
8 7 3 4
8 9 98 1
8 10 32 13
8 11 2 24
8 12 93 13
8 14 1 17
8 15 40 1
8 16 85 6
8 24 8 1
9 1 145 1
9 6 93 1
9 8 226 1
9 10 155 1
9 11 73 1
9 12 223 1
9 14 78 1
9 15 7 1
9 17 1 4
9 19 2 3
9 25 96 3
10 1 74 1
10 2 11 1
10 3 20 3
10 4 68 1
10 5 2 10
10 6 353 1
10 7 3 3
10 9 6 26
10 11 4 21
10 12 346 1
10 13 16 14
10 14 24 26
10 15 1 29
10 17 8 16
10 18 102 1
10 19 110 2
10 21 12 10
10 22 1 26
10 23 36 18
10 24 1 5
10 25 1 25
10 26 26 1
10 27 6 22
11 0 306 1
11 3 32 6
11 4 56 1
11 5 3 24
11 6 10 27
11 7 103 1
11 8 44 1
11 9 263 1
11 10 15 7
11 12 53 1
11 13 2 4
11 14 1 2
11 15 5 17
11 17 86 1
11 22 184 29
11 23 10 9
11 24 10 1
11 25 3 17
12 2 2 5
12 4 48 1
12 5 195 1
12 6 54 1
12 8 70 18
12 9 100 26
12 10 35 2
12 14 5 1
12 15 1 15
12 17 130 4
12 21 131 3
12 23 28 4
13 1 56 10
13 5 21 1
13 10 32 2
13 11 1 11
13 12 1 9
13 14 39 1
14 1 4 18
14 2 1 10
14 3 1 16
14 5 30 7
14 7 225 1
14 8 1 19
14 9 1 11
14 10 4 8
14 11 166 3
14 12 105 1
14 15 5 3
14 18 52 27
14 23 7 9
14 26 1 7
15 3 7 22
15 4 29 15
15 6 4 22
15 7 182 1
15 8 94 1
15 9 34 2
15 10 219 1
15 11 3 4
15 14 3 21
15 16 16 5
15 23 1 19
15 24 1 18
16 1 4 27
16 4 10 4
16 5 46 15
16 7 78 21
16 8 167 3
16 17 326 1
16 18 47 2
16 19 51 3
16 24 1 15
17 1 285 1
17 3 2 9
17 4 170 1
17 5 154 19
17 6 295 1
17 8 8 14
17 9 1 4
17 11 7 1
17 16 19 8
17 18 1 3
17 19 3 16
17 25 68 6
18 0 10 12
18 4 8 5
18 5 2 14
18 9 109 3
18 10 121 22
18 11 1 24
18 12 2 19
18 14 5 1
18 16 12 1
18 19 1 29
18 22 38 1
18 23 39 1
19 0 1 1
19 1 55 13
19 4 79 3
19 5 1 5
19 6 61 3
19 7 39 4
19 8 1 19
19 9 1 28
19 12 43 12
19 13 1 19
19 20 2 5
20 0 29 1
20 1 14 14
20 3 19 1
20 7 60 18
20 10 1 15
20 11 161 3
20 18 9 4
20 19 3 1
20 21 1 6
21 5 2 3
21 9 2 22
21 13 1 26
21 17 2 25
21 22 1 23
22 0 10 17
22 7 67 4
22 8 1 9
22 9 11 7
22 10 161 10
22 11 2 20
22 14 14 4
22 15 1 18
22 25 16 1
22 26 13 1
23 4 1 29
23 7 1 23
23 10 3 3
23 14 5 8
23 20 2 21
23 22 11 4
23 26 5 16
24 0 11 12
24 1 3 1
24 5 4 13
24 7 1 13
24 8 106 3
24 16 19 16
24 20 68 6
24 25 8 8
24 26 50 4
24 27 12 7
25 0 1 25
25 3 2 13
25 4 5 1
25 8 75 20
25 9 1 5
25 11 24 17
25 20 106 2
25 21 18 18
25 23 6 3
26 2 12 1
26 6 31 1
26 10 105 1
26 11 2 6
26 27 57 1
27 0 31 3
27 7 212 2
27 11 43 19
27 20 26 3
27 23 5 3
