0 1 24 6
0 2 48 1
0 3 21 14
0 4 6 3
0 5 19 14
0 6 74 1
0 7 1 16
0 8 35 11
0 9 26 2
0 10 84 1
0 11 366 2
0 16 133 20
0 17 308 1
0 18 194 9
0 19 9 15
0 24 27 19
1 0 15 4
1 2 213 8
1 3 22 25
1 4 99 12
1 5 20 26
1 6 212 1
1 7 20 8
1 8 40 15
1 9 288 16
1 10 11 9
1 11 1 22
1 12 144 2
1 16 19 21
1 17 251 3
1 18 169 1
1 19 2 7
1 22 16 1
1 24 20 8
1 25 2 17
2 0 23 1
2 1 30 9
2 3 82 1
2 4 1 1
2 6 304 1
2 7 107 1
2 8 9 10
2 9 2 20
2 10 169 1
2 12 52 5
2 15 6 5
2 17 62 2
2 18 26 1
2 19 4 2
2 20 7 1
3 0 23 9
3 1 27 1
3 2 2 29
3 4 1 11
3 5 33 7
3 6 108 25
3 7 18 1
3 8 99 14
3 11 3 4
3 14 2 6
3 16 80 12
3 17 4 14
3 23 1 5
3 24 19 25
3 25 68 1
4 0 59 17
4 1 1 21
4 2 242 1
4 6 275 1
4 7 1 14
4 8 1 24
4 9 121 1
4 10 32 21
4 11 1 19
4 12 99 1
4 13 39 3
4 15 95 2
4 17 6 18
4 18 176 1
4 21 3 8
5 0 26 6
5 1 18 13
5 2 30 3
5 3 19 16
5 4 4 14
5 6 5 1
5 7 58 1
5 8 34 18
5 9 4 1
5 10 284 1
5 11 23 25
5 12 172 2
5 16 43 24
5 17 29 1
5 20 12 1
5 23 25 2
5 24 51 23
5 25 30 3
6 0 126 1
6 1 34 1
6 2 194 6
6 3 180 1
6 5 107 1
6 7 309 1
6 8 11 1
6 9 1 4
6 10 362 1
6 11 414 2
6 12 355 1
6 13 105 4
6 14 21 1
6 15 7 26
6 17 2 6
6 18 14 2
6 19 31 1
6 21 11 2
6 25 19 5
6 26 21 6
7 1 1 1
7 2 131 25
7 3 152 1
7 4 11 10
7 5 55 1
7 6 14 22
7 8 26 7
7 9 24 1
7 10 3 20
7 11 286 17
7 12 145 1
7 13 3 13
7 15 289 1
7 16 2 7
7 17 76 15
7 23 138 1
7 25 18 2
8 0 20 15
8 1 76 13
8 2 324 1
8 3 19 3
8 4 306 1
8 5 27 17
8 6 59 5
8 7 2 18
8 9 357 1
8 10 53 14
8 11 2 3
8 14 2 13
8 15 32 3
8 16 19 5
8 17 179 1
8 18 1 11
8 20 2 1
8 21 1 9
8 22 157 19
8 23 2 18
8 24 43 29
8 25 1 14
8 27 28 11
9 0 1 15
9 1 124 1
9 3 13 4
9 5 3 15
9 6 289 1
9 8 182 1
9 10 340 1
9 11 59 1
9 12 203 8
9 13 1 14
9 14 66 1
9 15 7 9
9 17 1 25
9 21 82 4
9 22 71 5
9 23 85 13
9 24 1 23
9 25 92 5
9 27 47 16
10 1 59 1
10 2 241 1
10 3 1 9
10 4 55 1
10 5 4 4
10 6 350 1
10 8 3 22
10 9 93 28
10 11 3 13
10 12 329 1
10 13 40 13
10 14 15 5
10 15 4 20
10 16 1 16
10 17 2 15
10 19 106 4
10 20 90 1
10 23 8 8
10 24 1 17
10 25 13 2
10 26 23 3
11 0 293 1
11 1 1 27
11 3 2 14
11 4 49 2
11 5 1 2
11 6 291 4
11 7 45 1
11 8 26 1
11 9 243 1
11 10 3 22
11 12 47 2
11 13 1 1
11 14 2 25
11 15 5 29
11 16 1 26
11 18 3 25
11 20 1 17
11 23 11 6
11 25 3 29
11 27 3 3
12 0 56 1
12 1 1 12
12 2 4 2
12 5 182 1
12 6 38 1
12 8 38 27
12 9 72 1
12 10 24 1
12 11 210 2
12 15 1 9
12 16 2 1
12 17 127 1
12 23 25 2
12 24 15 1
13 0 1 4
13 1 1 23
13 8 209 8
13 9 129 1
13 10 20 2
13 11 33 7
13 12 1 25
13 14 7 29
13 15 1 5
13 18 9 1
13 27 1 2
14 0 1 9
14 5 29 1
14 7 222 1
14 8 3 28
14 10 17 19
14 11 135 1
14 13 2 8
14 15 2 4
14 17 39 2
14 24 2 26
15 6 1 10
15 7 150 1
15 8 83 2
15 10 45 1
15 11 37 18
15 14 19 1
15 19 2 27
15 20 66 16
15 23 1 4
15 24 1 29
16 0 19 29
16 1 19 26
16 3 28 20
16 5 36 8
16 6 138 1
16 8 20 2
16 15 19 19
16 17 292 1
16 18 65 24
16 24 20 14
17 1 219 1
17 3 4 27
17 4 153 1
17 5 155 6
17 6 92 1
17 7 174 1
17 8 1 1
17 9 1 7
17 10 1 21
17 15 1 1
17 16 17 23
17 18 6 12
17 19 3 6
17 20 186 4
17 23 1 10
18 0 7 5
18 4 172 9
18 5 1 27
18 11 4 15
18 12 6 26
18 13 7 16
18 16 4 1
18 20 108 1
18 27 42 2
19 1 52 2
19 4 74 1
19 5 1 14
19 8 8 6
19 10 36 2
19 13 1 17
19 18 52 7
19 20 3 27
19 25 2 5
19 27 13 3
20 1 1 18
20 3 11 3
20 4 5 6
20 7 1 27
20 13 3 27
20 14 7 7
20 16 1 8
20 18 8 1
20 23 1 22
21 0 34 1
21 1 8 3
21 3 10 27
21 6 7 4
21 7 1 29
21 8 95 2
21 17 1 4
21 18 24 1
21 20 48 1
21 23 8 2
21 26 6 12
21 27 3 21
22 1 5 11
22 4 2 7
22 7 62 2
22 8 62 24
22 10 6 24
22 12 126 7
22 27 6 13
23 0 37 1
23 4 1 10
23 7 2 16
23 10 163 14
23 11 2 16
23 12 59 2
23 14 1 29
24 0 26 5
24 1 26 8
24 3 27 3
24 5 20 15
24 6 1 12
24 8 20 5
24 9 90 4
24 11 3 1
24 16 31 6
24 17 8 15
24 26 31 25
25 1 3 27
25 5 22 2
25 7 1 26
25 8 166 20
25 9 13 16
25 10 14 22
25 11 3 17
25 18 1 6
25 27 19 21
26 3 4 7
26 10 102 2
26 11 2 27
27 0 29 1
27 7 12 1
27 8 1 13
27 9 2 4
27 11 92 16
27 15 26 18
27 18 36 7
27 25 8 22
27 26 2 18
