0 1 26 26
0 2 44 1
0 3 315 27
0 5 41 29
0 6 70 1
0 7 1 22
0 8 23 23
0 9 25 1
0 10 82 2
0 11 364 3
0 12 21 1
0 13 1 22
0 16 41 7
0 17 304 2
0 19 2 23
0 22 46 1
0 24 36 9
1 0 143 7
1 2 201 1
1 3 42 23
1 4 307 26
1 5 45 16
1 6 193 1
1 7 7 17
1 8 173 29
1 9 1 1
1 10 1 5
1 11 69 17
1 14 126 4
1 16 37 12
1 18 166 1
1 20 7 4
1 22 15 1
1 24 33 15
2 0 21 1
2 1 47 26
2 3 128 1
2 4 18 6
2 5 33 1
2 6 302 1
2 7 101 1
2 8 4 17
2 9 1 11
2 10 164 1
2 11 1 27
2 15 15 21
2 18 25 1
2 19 4 1
2 20 6 6
2 21 3 16
2 24 30 4
3 0 18 18
3 1 22 17
3 2 9 3
3 4 6 15
3 5 33 3
3 6 1 14
3 7 13 1
3 8 19 15
3 11 2 1
3 12 96 16
3 14 1 5
3 16 21 23
3 20 268 1
3 24 22 7
3 26 1 28
3 27 1 20
4 0 20 24
4 1 2 22
4 2 239 3
4 6 262 1
4 7 1 20
4 8 15 13
4 9 117 1
4 10 34 29
4 11 1 21
4 12 97 1
4 17 1 9
4 18 171 1
4 23 66 2
4 25 2 26
4 26 83 2
4 27 51 3
5 0 22 21
5 1 34 10
5 3 20 7
5 4 37 29
5 7 55 1
5 8 49 11
5 10 278 1
5 12 169 1
5 16 53 7
5 21 1 29
5 23 1 7
5 24 46 27
5 25 29 9
6 0 121 1
6 1 27 1
6 2 2 1
6 3 175 1
6 5 69 3
6 7 45 1
6 8 1 1
6 9 3 9
6 10 251 1
6 11 47 1
6 13 104 2
6 14 20 2
6 15 1 25
6 17 8 24
6 18 12 2
6 23 110 2
6 27 25 20
7 2 260 1
7 3 145 1
7 4 82 9
7 5 51 1
7 6 2 27
7 8 172 26
7 9 22 1
7 10 7 16
7 11 23 12
7 14 229 2
7 15 287 1
7 16 147 5
7 17 10 27
7 18 1 25
7 20 326 2
7 21 1 12
7 23 22 1
7 24 178 1
7 25 16 1
7 27 1 21
8 0 163 3
8 1 32 5
8 2 310 11
8 3 29 29
8 4 16 1
8 5 74 28
8 6 69 6
8 7 8 7
8 9 347 1
8 10 10 29
8 11 3 6
8 12 12 11
8 13 1 6
8 14 1 7
8 16 112 17
8 18 2 27
8 20 13 15
8 23 1 2
8 24 22 13
9 1 120 1
9 2 166 3
9 3 17 7
9 4 5 5
9 5 3 28
9 6 270 1
9 8 173 1
9 10 141 1
9 11 56 1
9 12 304 1
9 16 1 17
9 19 91 7
9 21 82 2
9 26 1 6
9 27 5 10
10 0 1 29
10 1 56 1
10 2 235 1
10 3 1 29
10 4 52 1
10 5 4 1
10 6 218 1
10 8 2 15
10 9 5 16
10 11 3 2
10 12 325 1
10 13 1 2
10 14 8 29
10 16 2 23
10 17 2 16
10 18 94 3
10 19 106 1
10 20 89 1
10 22 1 12
10 23 1 7
10 25 5 29
10 27 1 29
11 0 290 1
11 1 1 1
11 2 7 2
11 3 2 4
11 6 296 8
11 7 25 1
11 9 239 1
11 10 11 18
11 12 46 1
11 13 1 5
11 14 1 1
11 15 9 6
11 20 1 2
11 22 1 16
11 23 1 17
11 25 420 25
11 27 1 6
12 0 55 1
12 1 1 24
12 2 37 23
12 3 1 9
12 5 179 1
12 6 221 1
12 7 118 2
12 9 63 1
12 10 22 1
12 14 2 1
12 15 2 18
12 17 126 2
12 20 104 2
12 25 23 8
12 26 7 27
12 27 21 2
13 0 2 15
13 4 3 13
13 9 129 1
13 10 18 1
13 11 20 7
13 12 2 22
13 15 1 11
13 22 2 1
13 24 1 8
14 1 4 26
14 4 1 9
14 7 219 1
14 8 1 28
14 9 1 29
14 10 8 11
14 11 127 1
14 13 1 25
14 15 4 21
14 19 1 17
14 22 9 12
14 23 8 7
14 24 8 15
15 2 13 10
15 7 143 1
15 8 81 1
15 9 28 1
15 10 214 1
15 11 16 10
15 12 1 12
15 14 16 1
15 16 1 4
15 20 4 3
15 23 2 28
15 24 3 12
15 26 1 18
16 0 21 10
16 1 52 22
16 3 21 23
16 4 1 18
16 5 28 16
16 8 39 20
16 9 1 4
16 10 8 29
16 17 284 1
16 18 11 19
16 24 22 9
17 1 208 1
17 4 149 1
17 5 4 23
17 6 90 2
17 7 172 1
17 8 1 25
17 9 1 5
17 10 1 19
17 12 1 9
17 13 50 8
17 16 3 7
17 18 1 25
17 20 186 1
17 21 71 25
18 4 3 4
18 5 27 26
18 12 1 2
18 14 4 1
18 17 9 1
19 1 50 2
19 3 1 5
19 4 73 1
19 6 55 2
19 10 35 3
19 12 42 2
19 13 6 3
19 17 2 24
19 20 3 18
19 23 1 20
20 1 53 28
20 4 1 19
20 6 101 1
20 8 1 5
20 13 6 29
20 15 57 1
20 25 82 8
20 26 70 8
20 27 3 3
21 1 1 22
21 6 7 8
21 12 9 4
21 13 6 25
21 17 34 14
21 18 24 1
21 19 8 1
21 22 1 10
21 23 8 1
22 1 1 23
22 8 19 27
22 10 1 23
22 11 5 14
22 12 1 25
23 2 6 10
23 6 1 1
23 7 3 14
23 10 37 15
23 11 18 21
23 17 1 29
23 22 2 25
23 27 21 25
24 0 29 26
24 1 39 18
24 3 89 4
24 4 98 1
24 5 21 3
24 7 49 20
24 8 21 11
24 9 90 1
24 13 3 7
24 16 21 14
24 26 1 26
24 27 10 5
25 0 1 12
25 2 1 16
25 3 5 28
25 7 1 9
25 9 1 13
25 10 1 27
25 11 112 10
25 14 39 4
25 26 19 2
25 27 3 5
26 6 28 4
26 7 32 23
26 10 101 1
26 11 4 2
26 15 1 13
26 16 1 28
26 27 40 1
27 1 47 15
27 3 11 15
27 4 33 2
27 9 2 3
27 10 135 1
27 11 5 28
27 14 6 27
27 16 1 7
27 24 2 16
27 25 3 9
27 26 3 25
