0 1 27 7
0 2 41 1
0 3 44 24
0 4 1 13
0 5 61 23
0 6 66 1
0 7 1 22
0 8 22 24
0 10 80 1
0 11 363 1
0 12 20 5
0 15 1 19
0 16 63 4
0 17 301 1
0 19 2 17
0 24 22 2
0 26 69 7
1 0 18 17
1 2 210 1
1 3 61 19
1 4 3 23
1 5 23 25
1 6 176 1
1 7 21 24
1 8 22 21
1 9 1 12
1 10 9 5
1 11 213 14
1 12 141 1
1 13 40 3
1 14 125 3
1 16 182 14
1 17 395 17
1 18 163 1
1 19 1 6
1 20 7 1
1 21 30 2
1 22 15 1
1 24 42 7
2 0 18 1
2 1 5 1
2 3 110 1
2 4 2 26
2 5 31 1
2 6 299 1
2 7 95 1
2 8 36 14
2 9 1 23
2 10 158 1
2 12 51 1
2 17 57 2
2 18 24 1
2 21 1 10
2 24 30 4
2 26 25 12
3 0 19 24
3 1 22 10
3 2 4 26
3 4 1 15
3 5 92 17
3 6 26 10
3 7 9 1
3 8 20 2
3 10 219 1
3 11 404 1
3 15 19 1
3 16 22 25
3 24 59 27
4 0 1 15
4 1 2 17
4 6 250 1
4 7 16 8
4 8 2 17
4 9 112 1
4 12 95 1
4 15 94 1
4 16 5 20
4 17 1 21
4 18 167 1
4 20 2 29
4 21 3 19
4 22 66 1
4 27 50 11
5 0 23 13
5 1 85 2
5 3 42 14
5 4 23 18
5 6 3 17
5 7 52 1
5 8 28 16
5 10 271 1
5 12 1 23
5 16 23 20
5 17 27 2
5 18 32 1
5 20 11 1
5 23 3 12
5 24 22 28
6 0 117 1
6 1 21 1
6 2 189 1
6 3 171 1
6 5 49 1
6 7 35 1
6 8 1 27
6 9 5 17
6 10 240 1
6 11 44 2
6 12 351 1
6 14 19 1
6 16 35 2
6 17 1 24
6 18 10 2
7 0 7 5
7 2 254 1
7 3 138 1
7 4 1 1
7 5 222 1
7 6 21 4
7 8 2 19
7 10 1 2
7 11 418 27
7 11 64 7
7 12 142 3
7 14 226 2
7 15 280 1
7 19 1 8
7 20 324 1
7 21 8 13
7 23 21 1
7 24 174 1
7 27 1 18
8 0 47 18
8 1 242 1
8 2 205 1
8 3 22 1
8 4 25 2
8 5 51 6
8 6 25 18
8 7 7 10
8 9 338 1
8 10 19 2
8 11 7 23
8 12 1 22
8 14 21 2
8 15 29 3
8 16 22 12
8 17 173 1
8 18 1 10
8 21 8 23
8 24 41 1
8 27 4 9
9 1 116 1
9 3 22 7
9 5 10 5
9 6 251 7
9 8 164 1
9 10 129 22
9 11 53 2
9 12 9 24
9 12 389 14
9 12 103 1
9 14 61 1
9 15 1 9
9 17 13 25
9 24 2 14
9 25 91 1
9 27 1 28
10 0 1 18
10 2 230 1
10 3 1 20
10 4 49 1
10 5 5 1
10 6 209 1
10 8 3 8
10 9 53 25
10 11 13 8
10 12 321 1
10 13 4 20
10 14 4 22
10 15 1 2
10 22 1 23
10 23 12 21
10 24 1 29
10 27 19 24
11 0 287 1
11 3 4 12
11 4 46 3
11 5 2 16
11 6 11 17
11 7 12 1
11 8 19 1
11 9 235 1
11 10 4 24
11 12 44 2
11 14 5 10
11 15 38 9
11 19 136 6
11 20 1 6
11 22 5 17
11 25 2 5
11 26 192 1
12 0 54 1
12 1 1 15
12 2 1 22
12 4 36 1
12 5 176 2
12 6 218 10
12 7 117 1
12 8 1 28
12 9 96 16
12 10 21 1
12 11 207 1
12 15 1 16
12 17 125 2
12 23 24 1
13 1 56 25
13 5 19 1
13 6 1 27
13 8 209 15
13 9 5 29
13 10 16 1
13 14 29 1
13 17 9 1
13 21 2 21
14 0 27 29
14 3 1 25
14 6 1 4
14 7 216 1
14 8 2 10
14 10 8 14
14 11 109 1
14 12 90 2
14 13 18 4
14 15 7 27
14 18 52 9
14 20 1 29
15 1 30 1
15 4 13 18
15 7 137 1
15 8 79 1
15 10 211 1
15 11 12 10
15 12 1 13
15 14 13 17
15 16 1 13
16 0 36 19
16 1 27 14
16 2 2 8
16 3 23 24
16 4 26 20
16 5 67 12
16 7 1 5
16 8 23 17
16 9 1 4
16 10 1 10
16 11 2 28
16 17 277 1
16 18 1 8
16 24 23 29
17 1 38 1
17 3 1 13
17 4 145 1
17 5 1 20
17 6 88 18
17 7 170 1
17 8 1 3
17 9 53 14
17 10 5 28
17 15 12 29
17 16 4 4
17 18 2 22
17 22 5 1
17 27 25 14
18 2 43 17
18 4 144 1
18 5 1 19
18 9 98 2
18 14 4 2
18 15 1 28
18 17 8 5
18 25 1 25
19 0 1 22
19 1 48 1
19 9 1 29
19 13 6 27
19 14 3 10
19 20 3 5
19 25 2 11
20 0 15 1
20 1 107 19
20 3 9 1
20 7 1 1
20 8 1 5
20 11 149 1
20 12 1 23
20 16 1 2
20 17 82 23
20 21 1 23
20 23 1 23
20 27 10 11
21 6 1 23
21 7 1 14
21 8 94 1
21 10 1 26
21 11 59 1
21 12 9 2
22 0 6 22
22 11 21 25
22 15 1 6
22 16 3 6
23 7 23 24
23 10 1 6
23 11 2 15
23 13 1 3
23 14 2 2
24 0 22 13
24 1 51 13
24 3 111 25
24 4 97 2
24 5 25 8
24 6 115 13
24 8 44 11
24 11 26 1
24 12 88 1
24 15 1 25
24 16 25 5
24 20 65 6
25 0 1 20
25 1 4 21
25 3 6 19
25 7 2 8
25 8 74 5
25 11 2 11
25 14 39 5
25 18 1 1
25 27 29 5
26 6 28 7
26 9 14 22
26 10 100 6
26 11 5 5
26 25 52 1
26 27 37 1
27 1 7 29
27 8 1 15
27 9 3 13
27 10 134 1
27 14 26 9
27 19 19 10
27 20 24 1
27 26 1 17
