0 1 277 21
0 2 29 1
0 3 41 13
0 4 3 24
0 5 81 11
0 6 54 1
0 7 4 15
0 8 17 22
0 10 73 2
0 11 356 2
0 13 1 2
0 16 59 18
0 17 288 1
0 19 1 22
0 20 5 2
0 24 37 3
0 26 68 8
1 0 300 13
1 2 352 1
1 3 20 28
1 4 12 17
1 5 18 1
1 6 60 1
1 7 1 22
1 8 71 1
1 9 5 11
1 10 1 29
1 11 215 25
1 16 314 21
1 17 55 1
1 18 154 1
1 20 4 2
1 21 28 2
1 24 62 28
1 25 2 28
2 0 10 2
2 1 6 19
2 3 232 1
2 4 20 14
2 5 55 1
2 6 286 24
2 7 75 1
2 8 46 19
2 9 1 21
2 10 140 1
2 11 2 18
2 17 49 1
2 18 22 2
2 20 4 1
2 26 25 3
3 0 31 12
3 1 31 14
3 2 12 8
3 4 4 15
3 5 17 22
3 6 1 28
3 8 15 10
3 9 4 6
3 10 215 1
3 11 391 1
3 13 1 1
3 15 17 4
3 16 72 13
3 17 2 23
3 24 37 25
4 0 4 24
4 1 3 10
4 2 225 1
4 3 6 1
4 5 2 13
4 6 208 1
4 7 3 14
4 8 4 19
4 9 5 19
4 10 12 13
4 16 41 21
4 17 1 7
4 18 276 1
4 19 35 1
4 20 2 8
4 21 1 5
4 23 65 1
5 0 139 17
5 1 41 20
5 2 23 2
5 3 58 28
5 4 24 21
5 6 11 9
5 7 42 1
5 8 71 8
5 9 6 29
5 10 246 1
5 11 1 21
5 12 158 1
5 16 16 19
5 21 3 16
5 24 133 18
6 0 101 1
6 1 5 1
6 2 93 1
6 3 155 1
6 4 1 16
6 7 53 1
6 8 9 18
6 9 2 7
6 10 52 1
6 11 35 1
6 12 344 1
6 15 5 5
6 16 32 4
6 17 1 2
6 18 151 1
6 20 119 1
6 25 15 3
7 2 233 1
7 3 127 1
7 5 212 1
7 6 31 20
7 8 2 26
7 9 15 3
7 10 14 20
7 11 127 7
7 14 215 2
7 15 256 1
7 17 1 9
7 18 1 24
7 19 2 27
7 20 319 1
7 24 171 1
7 26 1 13
7 27 1 17
8 0 41 23
8 1 250 17
8 2 147 5
8 3 365 16
8 4 19 1
8 5 99 25
8 6 212 2
8 7 7 13
8 9 118 1
8 10 10 25
8 11 4 23
8 12 1 17
8 14 77 27
8 15 24 2
8 16 100 20
8 17 163 1
8 18 2 23
8 20 12 7
8 23 2 14
8 24 35 14
8 25 2 10
8 26 131 1
9 0 1 11
9 1 102 1
9 5 9 12
9 6 211 1
9 8 134 1
9 10 297 1
9 11 44 1
9 12 387 1
9 14 53 1
9 15 3 7
9 17 4 29
9 19 90 23
9 21 80 1
9 22 68 2
9 24 2 25
10 0 1 14
10 1 44 1
10 2 210 1
10 3 1 24
10 5 185 2
10 6 356 1
10 8 17 23
10 9 4 19
10 11 11 29
10 12 307 1
10 13 5 26
10 14 4 4
10 15 13 24
10 16 2 27
10 19 103 1
10 22 2 6
10 23 1 7
10 24 1 21
10 25 2 17
10 27 1 16
11 0 276 1
11 1 6 21
11 3 1 5
11 4 41 1
11 6 8 25
11 8 10 1
11 9 220 1
11 10 18 3
11 12 40 1
11 14 1 23
11 15 31 5
11 18 1 6
11 20 1 21
11 23 4 4
11 25 1 17
11 26 189 2
12 0 51 1
12 1 8 10
12 2 1 13
12 4 31 1
12 5 166 1
12 6 25 1
12 7 112 1
12 9 28 1
12 10 14 3
12 13 1 4
12 15 2 17
12 18 1 2
12 22 1 17
12 23 21 6
13 2 1 18
13 4 1 17
13 6 70 13
13 9 126 2
13 11 1 6
13 14 20 1
13 15 1 29
13 16 1 27
13 17 8 4
13 20 2 12
14 7 206 1
14 8 141 2
14 10 68 9
14 11 83 1
14 12 83 1
14 13 3 19
14 15 3 9
14 17 36 3
14 18 2 28
14 22 2 18
14 25 8 29
15 1 28 1
15 4 1 16
15 7 114 1
15 8 71 2
15 9 23 4
15 11 24 4
15 14 17 1
15 23 4 1
15 24 1 25
15 25 38 2
15 26 1 3
15 27 1 28
16 0 44 2
16 1 45 7
16 2 1 15
16 3 37 15
16 4 6 24
16 5 17 25
16 6 132 4
16 8 49 10
16 11 1 11
16 17 251 1
16 18 2 8
16 24 17 12
17 1 183 1
17 3 7 11
17 4 133 1
17 6 283 1
17 7 163 2
17 8 1 13
17 9 53 10
17 10 3 18
17 12 5 25
17 14 11 14
17 16 2 19
17 18 2 27
17 19 1 4
17 27 24 3
18 0 1 28
18 1 2 18
18 4 4 3
18 5 1 24
18 7 98 2
18 8 25 1
18 9 93 1
18 11 1 23
18 13 1 25
18 23 2 23
19 0 1 5
19 1 134 2
19 3 6 23
19 5 26 24
19 6 50 3
19 7 28 1
19 10 32 1
19 20 7 3
19 27 12 19
20 3 5 2
20 5 1 28
20 7 1 23
20 8 1 22
20 10 2 24
20 11 143 1
20 15 54 3
20 18 6 9
20 19 1 16
20 23 1 3
21 2 9 1
21 7 1 25
21 10 1 20
21 12 134 1
21 27 12 26
22 0 1 29
22 4 1 19
22 7 56 3
22 8 1 21
22 12 151 20
22 24 2 19
22 25 1 3
22 27 7 4
23 10 2 24
23 11 1 6
23 14 7 5
23 17 1 5
23 24 1 8
23 25 13 2
24 0 55 14
24 1 77 20
24 2 1 12
24 3 17 6
24 5 63 23
24 6 4 24
24 8 17 3
24 9 86 2
24 11 45 1
24 12 87 2
24 16 17 26
24 20 64 1
24 23 35 6
25 0 4 14
25 10 15 4
25 11 255 22
25 14 37 9
25 19 1 12
25 27 1 1
26 7 1 7
26 9 1 19
26 11 107 10
26 22 4 6
26 24 10 4
26 27 28 1
27 1 1 15
27 2 35 26
27 3 12 29
27 6 121 9
27 7 11 2
27 9 20 25
27 11 1 19
27 13 1 2
27 20 23 1
27 23 5 23
27 25 8 22
27 26 2 6
