0 1 40 9
0 2 26 1
0 3 298 22
0 4 3 18
0 5 82 3
0 7 2 13
0 8 36 7
0 10 71 1
0 11 354 2
0 12 18 1
0 13 5 24
0 16 13 7
0 17 285 1
0 19 1 17
0 20 4 3
0 21 1 8
0 22 44 1
0 23 56 4
0 24 13 26
1 0 7 26
1 2 333 1
1 3 41 3
1 4 11 12
1 5 33 9
1 6 44 1
1 7 9 5
1 8 10 16
1 10 13 28
1 12 133 1
1 16 255 6
1 17 393 1
1 18 151 2
1 22 14 1
1 24 136 15
1 26 87 1
2 0 8 2
2 1 99 17
2 3 209 1
2 4 16 19
2 5 10 2
2 6 96 1
2 7 70 1
2 8 51 18
2 10 134 1
2 12 47 2
2 16 75 3
2 17 46 1
2 19 19 9
3 0 78 20
3 1 12 14
3 2 11 14
3 4 1 27
3 5 34 1
3 6 1 7
3 8 11 11
3 10 213 1
3 11 387 1
3 12 95 4
3 14 1 17
3 15 17 2
3 16 13 19
3 17 1 14
3 20 261 3
3 21 20 18
3 24 35 22
3 25 65 3
4 0 3 26
4 1 4 20
4 2 222 1
4 5 1 2
4 6 196 1
4 7 70 27
4 8 6 3
4 9 93 1
4 10 5 27
4 11 2 15
4 12 84 2
4 15 91 1
4 17 1 16
4 18 270 1
4 20 181 6
5 0 13 25
5 1 49 13
5 3 73 27
5 4 27 17
5 6 23 5
5 7 39 2
5 8 257 13
5 9 6 27
5 10 240 1
5 11 18 19
5 12 155 1
5 16 54 12
5 17 22 1
5 22 11 8
5 23 4 24
5 24 100 14
6 0 97 1
6 2 86 1
6 3 151 1
6 4 1 23
6 5 1 24
6 7 43 26
6 8 11 3
6 9 10 6
6 10 345 1
6 11 32 1
6 12 342 1
6 13 97 3
6 14 13 2
6 15 8 1
6 16 32 1
6 18 149 1
6 20 118 1
6 22 9 8
6 27 2 17
7 2 128 1
7 3 116 1
7 4 1 24
7 5 46 1
7 6 6 24
7 8 7 14
7 9 14 1
7 10 3 9
7 11 2 21
7 13 1 1
7 14 212 1
7 15 249 1
7 17 2 17
7 18 1 26
7 19 1 15
7 21 5 19
7 22 57 1
7 24 167 1
7 25 6 2
7 27 46 17
8 0 77 20
8 1 15 12
8 2 163 14
8 3 70 23
8 4 15 1
8 5 17 9
8 6 86 28
8 7 4 14
8 9 109 1
8 10 10 14
8 11 2 4
8 12 3 11
8 13 1 19
8 14 54 7
8 16 12 2
8 17 160 1
8 18 4 12
8 21 1 2
8 22 15 1
8 24 58 13
8 25 1 3
8 27 1 13
9 0 1 3
9 1 98 1
9 2 158 2
9 3 1 15
9 4 32 18
9 5 24 1
9 6 201 1
9 8 126 1
9 10 281 1
9 11 41 2
9 12 380 1
9 15 2 9
9 16 49 1
9 22 67 5
9 26 49 19
10 0 2 8
10 1 41 2
10 2 204 1
10 3 27 3
10 4 38 1
10 5 267 1
10 6 345 1
10 7 1 12
10 8 16 11
10 9 4 8
10 11 61 29
10 12 303 1
10 13 4 11
10 14 8 4
10 15 3 18
10 16 1 28
10 17 16 6
10 18 87 3
10 22 3 18
10 24 9 3
10 25 1 23
11 0 273 1
11 1 2 11
11 2 2 4
11 3 2 19
11 6 9 7
11 8 8 2
11 9 216 1
11 10 12 22
11 14 2 24
11 15 65 24
11 16 1 5
11 18 5 25
11 20 6 12
11 23 15 3
11 25 1 21
11 27 1 4
12 0 50 2
12 1 1 16
12 2 1 20
12 3 120 1
12 4 29 2
12 5 163 1
12 6 22 1
12 8 1 4
12 9 90 1
12 10 13 1
12 11 200 1
12 13 2 18
12 17 121 4
12 18 1 29
12 19 68 3
12 24 12 12
13 4 2 25
13 5 18 1
13 6 2 24
13 8 209 14
13 11 1 1
13 12 2 1
13 14 17 1
13 17 8 1
13 18 8 2
13 20 2 3
13 27 1 25
14 0 21 6
14 3 3 26
14 5 17 1
14 7 203 11
14 8 28 22
14 9 212 17
14 10 67 5
14 11 75 9
14 13 1 26
14 15 8 14
14 22 1 12
14 24 10 3
14 26 6 26
15 2 12 2
15 4 13 16
15 6 1 29
15 7 108 1
15 8 69 1
15 9 22 3
15 10 40 1
15 11 54 1
15 12 1 14
15 14 18 1
15 26 1 2
16 0 13 2
16 1 84 11
16 2 2 25
16 3 28 29
16 4 3 23
16 5 52 6
16 6 131 1
16 8 35 16
16 10 2 8
16 11 3 21
16 15 18 23
16 17 243 1
16 18 3 24
16 20 1 10
16 24 51 5
17 1 171 1
17 3 1 28
17 4 129 1
17 6 87 1
17 7 161 2
17 8 1 19
17 9 1 4
17 10 9 17
17 16 5 1
17 18 1 28
17 19 1 1
17 20 181 4
17 22 4 12
17 25 1 10
18 0 2 12
18 1 5 23
18 4 1 4
18 7 97 1
18 8 25 1
18 12 8 28
18 17 5 5
19 0 1 5
19 2 12 3
19 3 2 27
19 4 66 3
19 5 8 5
19 7 27 2
19 11 136 3
19 20 15 18
19 26 16 20
20 0 8 2
20 1 1 8
20 6 92 2
20 8 1 7
20 10 210 21
20 15 53 5
20 16 1 17
20 19 4 15
21 1 1 29
21 4 24 5
21 10 3 13
21 12 134 1
21 15 17 2
22 0 12 6
22 1 1 6
22 4 55 2
22 7 55 2
22 8 1 16
22 9 4 18
22 11 6 7
22 27 7 13
23 2 6 16
23 7 1 15
23 9 3 1
23 11 11 14
23 12 53 1
23 19 7 2
23 20 8 12
24 0 103 13
24 1 89 16
24 3 92 25
24 5 32 23
24 6 3 10
24 8 13 23
24 11 42 1
24 16 80 5
24 18 35 7
24 20 63 7
25 0 2 7
25 1 26 25
25 3 1 19
25 7 3 15
25 9 1 3
25 10 15 11
25 11 1 18
25 17 93 3
25 20 103 7
25 24 20 2
26 1 7 4
26 6 26 1
26 7 1 28
26 9 1 19
26 10 97 2
26 11 6 15
26 14 5 26
26 24 10 14
26 27 25 1
27 24 2 2
27 26 1 17
