0 1 318 1
0 3 56 5
0 4 12 26
0 5 11 29
0 6 28 2
0 7 87 19
0 8 107 1
0 10 56 1
0 11 337 1
0 12 13 2
0 14 1 20
0 16 30 1
0 17 255 1
0 19 21 17
0 24 75 5
0 25 18 2
1 0 116 1
1 2 94 1
1 3 405 1
1 4 2 1
1 5 258 1
1 6 102 1
1 7 3 23
1 8 183 1
1 10 186 7
1 12 120 1
1 14 113 1
1 16 133 1
1 17 378 1
1 24 11 20
1 27 102 4
2 1 6 1
2 3 130 1
2 4 4 20
2 6 269 1
2 7 34 1
2 8 69 29
2 9 3 22
2 10 95 1
2 11 28 3
2 12 42 1
2 16 71 2
2 17 30 1
2 26 24 1
3 0 103 1
3 1 88 18
3 1 302 18
3 1 235 1
3 2 13 3
3 4 11 14
3 5 437 1
3 6 105 18
3 7 2 1
3 8 243 1
3 10 204 28
3 11 352 1
3 14 44 15
3 15 12 2
3 16 112 1
3 17 1 23
3 20 22 2
3 22 30 8
3 23 1 27
3 24 59 1
4 0 2 13
4 1 3 25
4 2 207 1
4 5 8 12
4 6 115 1
4 7 1 4
4 8 12 11
4 9 271 9
4 10 2 22
4 14 24 27
4 15 85 3
4 17 4 6
4 18 134 1
4 20 4 25
4 22 61 1
4 24 6 21
4 27 46 2
5 0 189 1
5 1 312 1
5 2 14 1
5 3 97 1
5 4 82 27
5 6 22 5
5 7 21 1
5 8 267 1
5 9 35 11
5 10 186 1
5 11 1 4
5 16 67 1
5 17 14 4
5 18 109 8
5 20 6 2
5 24 298 3
6 0 66 1
6 1 4 6
6 2 167 1
6 3 118 1
6 4 2 17
6 5 18 22
6 7 253 1
6 8 24 4
6 9 4 13
6 10 285 1
6 12 323 1
6 13 88 1
6 15 8 22
6 16 25 2
6 17 3 18
6 18 135 1
6 19 128 4
6 21 7 2
7 1 65 1
7 2 217 1
7 3 305 1
7 5 199 1
7 6 26 16
7 8 177 1
7 9 6 1
7 10 23 22
7 11 376 1
7 14 187 1
7 15 195 1
7 16 150 3
7 17 7 18
7 19 6 20
7 20 302 2
7 21 40 6
7 22 49 2
7 23 133 1
7 24 142 1
7 27 1 16
8 0 303 3
8 1 274 1
8 2 187 1
8 3 161 1
8 4 170 1
8 5 7 2
8 6 333 24
8 7 5 10
8 9 58 1
8 10 120 16
8 11 29 12
8 12 1 9
8 13 3 3
8 14 83 10
8 15 13 3
8 16 127 1
8 17 137 1
8 18 118 5
8 21 1 26
8 23 80 17
8 24 84 1
8 27 1 20
9 0 158 22
9 4 376 6
9 5 8 16
9 6 184 1
9 7 2 7
9 8 70 1
9 10 325 1
9 11 24 1
9 12 336 1
9 14 34 1
9 18 2 20
9 20 10 5
9 24 2 6
9 26 1 11
10 0 1 11
10 1 24 1
10 2 161 1
10 4 22 2
10 5 177 1
10 6 161 1
10 7 2 19
10 8 33 21
10 9 14 22
10 11 13 19
10 12 270 1
10 13 1 4
10 14 27 6
10 15 1 18
10 17 2 8
10 18 78 1
10 20 71 2
10 24 1 6
11 1 1 4
11 3 2 9
11 4 30 2
11 6 6 23
11 7 15 8
11 9 184 1
11 10 6 24
11 13 1 17
11 14 4 15
11 15 7 9
11 17 62 3
11 18 2 29
11 20 1 19
11 21 1 2
11 22 4 12
11 23 1 19
11 24 2 12
11 25 210 16
11 26 181 4
12 1 4 15
12 5 140 1
12 6 9 1
12 8 2 2
12 9 40 1
12 11 188 2
12 13 2 13
12 17 115 1
12 19 66 1
12 22 152 2
12 24 10 7
13 0 2 22
13 1 1 24
13 5 15 6
13 6 78 19
13 11 1 11
13 12 3 1
13 15 7 21
13 18 6 9
14 4 7 1
14 5 22 3
14 8 187 2
14 10 192 2
14 11 84 1
14 13 3 22
14 15 3 10
14 20 1 23
14 23 1 18
14 25 10 1
15 2 9 4
15 3 48 6
15 4 4 10
15 6 170 14
15 7 66 1
15 8 53 1
15 9 15 3
15 10 83 19
15 11 19 8
15 12 1 3
15 14 7 1
15 17 2 4
15 18 3 3
15 19 2 11
15 21 3 16
15 27 1 22
16 0 126 1
16 1 63 1
16 2 1 12
16 3 365 1
16 4 1 9
16 5 88 2
16 6 123 4
16 8 31 12
16 17 186 1
16 18 1 13
16 24 131 1
16 27 12 3
17 0 1 28
17 1 209 1
17 4 102 1
17 6 81 2
17 7 146 1
17 8 12 12
17 9 2 14
17 15 1 5
17 16 2 12
17 18 1 4
17 25 15 18
18 0 5 19
18 1 2 19
18 5 7 3
18 12 4 29
18 16 1 11
19 0 1 2
19 1 31 15
19 3 1 20
19 5 8 17
19 6 41 4
19 17 1 26
19 20 43 4
20 1 1 6
20 2 1 25
20 4 2 18
20 6 81 2
20 7 1 5
20 8 15 25
20 11 127 1
20 17 10 16
20 19 11 19
21 4 1 4
21 5 1 14
21 9 4 2
21 10 1 13
21 11 51 4
21 12 129 1
21 13 1 26
21 23 5 10
21 26 7 23
22 3 25 16
22 4 58 1
22 13 4 4
22 19 1 14
22 20 32 1
23 4 1 27
23 7 1 2
23 10 1 5
23 11 1 17
23 14 1 23
23 16 31 14
23 24 2 1
24 0 299 1
24 1 44 2
24 2 1 9
24 3 168 1
24 5 5 4
24 6 1 20
24 7 242 19
24 8 55 9
24 11 421 1
24 15 1 16
24 16 42 16
24 20 60 3
24 23 1 8
24 26 1 27
25 0 6 12
25 1 12 14
25 2 1 27
25 4 22 1
25 5 18 1
25 7 4 15
25 10 9 25
25 11 35 1
25 12 6 2
25 14 33 2
25 20 102 1
25 26 12 2
25 27 41 3
26 1 6 1
26 3 44 1
26 4 22 8
26 6 24 1
26 7 4 13
26 12 1 13
26 14 4 12
26 20 2 27
26 25 1 1
27 6 119 1
27 7 4 2
27 11 1 25
27 15 1 6
27 16 2 18
27 23 16 24
27 24 1 5
27 26 60 9
