0 1 298 3
0 2 7 1
0 3 287 1
0 4 1 7
0 5 155 1
0 7 1 13
0 8 85 3
0 9 11 3
0 10 56 1
0 11 337 1
0 13 5 14
0 16 9 8
0 17 254 1
0 19 4 18
0 21 3 2
0 24 52 20
0 27 1 9
1 0 89 1
1 2 87 4
1 3 386 1
1 4 4 6
1 5 237 7
1 6 99 1
1 7 2 20
1 8 160 1
1 9 31 10
1 10 1 27
1 11 1 28
1 12 119 1
1 14 113 1
1 16 112 1
1 17 376 1
1 18 130 1
1 24 219 20
1 25 1 8
2 1 12 27
2 3 124 1
2 4 2 27
2 5 7 2
2 6 267 1
2 7 33 2
2 8 20 21
2 9 27 20
2 10 94 1
2 11 1 9
2 12 41 5
2 15 1 11
2 17 29 1
2 21 1 4
2 26 23 21
3 0 79 1
3 1 213 1
3 2 23 16
3 4 15 28
3 5 416 1
3 6 2 22
3 7 5 11
3 8 220 1
3 10 106 1
3 11 351 1
3 12 93 2
3 14 13 20
3 16 91 1
3 17 3 14
3 24 48 1
4 0 1 29
4 1 4 27
4 2 206 1
4 5 3 21
4 6 113 1
4 7 1 2
4 8 13 16
4 9 182 1
4 10 13 8
4 11 1 12
4 12 67 2
4 13 31 1
4 14 1 3
4 17 9 28
4 18 132 1
4 19 27 1
4 20 2 17
4 22 60 3
4 25 12 23
5 0 168 1
5 1 290 1
5 2 13 2
5 3 76 1
5 4 4 8
5 6 74 12
5 7 21 1
5 8 249 1
5 9 13 13
5 10 184 1
5 11 22 4
5 12 132 1
5 13 31 2
5 16 46 1
5 24 2 29
5 25 25 9
6 0 65 1
6 1 1 24
6 2 165 1
6 3 117 1
6 4 14 8
6 5 18 2
6 7 250 1
6 8 66 5
6 9 4 17
6 10 282 1
6 11 25 1
6 12 322 2
6 13 87 1
6 14 6 1
6 17 1 2
6 18 134 1
6 20 106 1
6 22 7 1
6 27 1 5
7 0 235 5
7 1 64 6
7 2 215 1
7 3 301 1
7 4 1 9
7 5 198 1
7 6 13 13
7 8 176 1
7 9 5 2
7 10 39 16
7 11 369 1
7 12 123 1
7 13 1 27
7 14 186 1
7 15 193 1
7 17 1 9
7 21 1 1
7 23 133 1
7 24 141 1
7 27 5 1
8 0 179 1
8 1 255 1
8 2 182 1
8 3 139 1
8 4 169 1
8 5 244 22
8 6 39 20
8 7 6 23
8 9 56 1
8 10 132 15
8 11 12 3
8 12 154 9
8 14 1 29
8 16 105 1
8 17 137 1
8 18 3 20
8 19 176 2
8 20 10 2
8 23 1 5
8 24 63 1
8 25 3 14
8 27 2 16
9 0 1 14
9 1 69 1
9 3 1 7
9 4 14 1
9 5 8 25
9 6 179 1
9 7 1 8
9 8 68 1
9 10 319 10
9 11 24 1
9 12 333 1
9 14 34 1
9 15 1 27
9 16 7 7
9 17 3 27
9 18 1 13
9 22 62 1
9 23 15 18
10 0 1 6
10 1 24 1
10 2 160 1
10 3 3 21
10 5 176 1
10 6 158 1
10 7 1 21
10 8 14 21
10 9 76 8
10 11 3 5
10 12 269 1
10 13 2 8
10 14 3 8
10 15 4 14
10 17 16 26
10 18 77 3
10 22 2 2
10 23 1 26
10 24 30 26
10 25 1 2
11 0 248 1
11 1 40 23
11 3 243 27
11 6 1 10
11 7 19 5
11 9 183 1
11 10 3 23
11 12 29 4
11 13 1 20
11 14 1 11
11 15 13 3
11 18 12 26
11 19 127 1
11 23 10 25
11 27 1 1
12 1 1 7
12 2 4 25
12 5 139 1
12 6 8 1
12 7 98 1
12 8 1 15
12 9 39 1
12 10 3 5
12 13 1 9
12 15 2 5
12 17 115 1
12 19 66 12
13 6 16 7
13 8 207 1
13 9 1 3
13 11 2 24
13 12 2 1
13 14 5 3
14 0 1 8
14 2 3 11
14 4 6 12
14 6 1 7
14 7 215 1
14 8 1 25
14 10 22 23
14 11 82 1
14 12 64 2
14 13 7 29
14 15 1 26
14 20 1 6
14 24 10 5
14 25 10 16
14 26 1 7
15 1 22 1
15 4 1 27
15 5 2 13
15 7 64 1
15 8 53 1
15 10 188 1
15 11 13 21
15 12 4 18
15 14 6 11
15 23 6 16
15 27 11 20
16 0 105 1
16 1 42 1
16 2 15 23
16 3 344 2
16 4 3 17
16 5 9 8
16 7 28 24
16 8 169 1
16 17 184 1
16 18 2 26
16 24 110 7
17 0 1 11
17 1 206 1
17 3 1 8
17 4 102 1
17 7 145 2
17 8 8 13
17 10 2 22
17 12 12 20
17 13 45 5
17 15 12 23
17 16 4 12
17 19 2 3
18 0 21 5
18 4 1 13
18 5 3 28
18 9 78 2
18 11 3 15
18 15 31 17
18 19 1 12
18 26 34 18
19 0 1 28
19 4 58 1
19 8 1 6
19 20 4 7
20 1 114 25
20 7 2 19
20 8 20 4
20 11 126 2
20 13 6 26
20 15 49 4
20 16 8 6
20 17 16 24
20 19 17 13
20 22 56 4
20 23 1 18
21 5 9 12
21 6 2 6
21 12 129 4
22 1 1 5
22 3 4 6
22 4 58 18
22 7 47 1
22 8 1 7
22 10 1 1
22 13 2 13
22 16 3 20
22 20 31 7
23 7 4 6
23 8 4 3
23 11 1 21
23 22 1 1
23 24 2 17
24 0 278 1
24 1 9 8
24 3 175 1
24 5 22 1
24 6 13 23
24 7 8 3
24 8 10 7
24 11 420 1
24 12 84 1
24 16 237 1
25 0 4 12
25 3 1 23
25 4 34 1
25 5 18 1
25 7 8 27
25 8 70 2
25 10 1 23
25 11 34 1
25 19 1 3
25 20 102 1
26 1 6 1
26 3 44 13
26 6 24 1
26 7 86 6
26 11 117 19
26 12 1 23
26 22 3 11
26 25 1 1
26 27 9 2
27 3 15 29
27 6 119 2
27 9 1 20
27 10 120 1
27 11 1 3
27 18 46 25
