0 1 255 1
0 3 94 21
0 4 13 9
0 5 50 1
0 6 14 2
0 7 3 24
0 8 23 1
0 10 45 1
0 11 321 1
0 15 5 1
0 16 147 1
0 17 229 1
0 19 3 29
0 21 1 17
0 23 50 1
0 24 30 1
0 27 1 29
1 0 247 1
1 2 308 1
1 3 191 1
1 5 67 18
1 6 39 1
1 7 2 21
1 8 55 1
1 9 1 3
1 10 9 2
1 14 106 1
1 16 243 1
1 17 238 1
1 18 113 2
1 24 158 1
2 1 33 28
2 3 24 1
2 4 21 16
2 5 73 1
2 6 35 1
2 7 14 1
2 8 74 18
2 9 4 4
2 10 67 1
2 11 292 25
2 14 1 10
2 17 19 1
2 22 1 5
3 0 49 1
3 1 250 1
3 2 4 20
3 4 1 11
3 5 103 1
3 6 1 24
3 7 9 5
3 8 311 1
3 9 179 7
3 11 318 1
3 16 33 1
3 17 1 4
3 19 49 5
3 24 46 1
3 27 3 6
4 1 12 6
4 2 181 1
4 5 16 20
4 6 61 1
4 7 2 7
4 8 97 18
4 9 238 1
4 10 28 27
4 12 55 1
4 15 81 3
4 16 255 25
4 17 46 18
4 18 319 1
4 19 22 1
4 21 1 28
4 23 59 1
4 25 1 15
5 0 77 1
5 1 116 1
5 2 8 2
5 3 82 1
5 4 17 11
5 6 17 24
5 8 96 1
5 9 7 4
5 10 143 1
5 16 64 1
5 18 107 7
5 20 4 6
5 21 1 18
5 23 30 7
5 24 54 1
6 0 44 2
6 1 3 17
6 2 36 1
6 3 92 1
6 4 5 12
6 5 41 17
6 7 13 1
6 8 25 18
6 9 5 3
6 10 213 1
6 11 377 1
6 12 305 1
6 13 80 1
6 15 22 10
6 17 1 17
6 18 124 1
6 20 96 2
6 22 5 2
6 25 6 4
6 27 2 22
7 0 247 1
7 1 425 1
7 2 78 1
7 3 289 1
7 5 183 1
7 6 3 3
7 8 421 1
7 10 1 19
7 11 208 1
7 14 165 1
7 15 150 1
7 17 2 20
7 18 4 18
7 19 1 10
7 20 288 2
7 22 42 2
7 24 119 1
7 27 7 19
8 0 92 27
8 1 284 1
8 2 73 1
8 3 335 1
8 4 346 1
8 5 61 1
8 6 106 9
8 7 34 23
8 9 20 1
8 10 37 26
8 11 12 10
8 13 2 6
8 14 1 19
8 16 62 1
8 17 119 2
8 19 175 1
8 20 292 1
8 21 2 5
8 22 154 3
8 24 89 9
8 25 1 13
8 27 2 19
9 0 158 16
9 1 49 1
9 3 2 12
9 4 16 1
9 5 125 16
9 6 220 1
9 7 5 20
9 8 34 1
9 10 271 1
9 12 326 1
9 13 2 26
9 18 1 12
9 21 71 6
9 22 58 1
9 24 6 19
9 25 74 2
9 26 1 8
9 27 1 7
10 0 2 24
10 2 127 1
10 3 2 21
10 5 256 1
10 6 274 1
10 7 2 20
10 8 41 14
10 11 5 29
10 12 242 1
10 13 2 16
10 14 291 22
10 15 1 3
10 18 70 1
10 19 91 5
10 22 76 5
10 23 2 20
10 24 32 20
10 25 1 19
10 27 4 16
11 0 227 1
11 1 58 22
11 2 1 3
11 3 3 13
11 4 23 3
11 5 242 23
11 6 1 19
11 7 35 16
11 9 157 1
11 10 3 8
11 12 23 1
11 13 2 28
11 14 1 1
11 15 6 19
11 16 2 18
11 18 1 1
11 19 121 2
11 23 37 16
11 24 1 23
11 25 54 1
11 26 175 3
12 0 38 2
12 1 2 3
12 2 6 16
12 5 120 1
12 6 185 1
12 7 89 1
12 9 9 1
12 11 177 3
12 14 1 22
12 15 2 5
12 21 103 2
12 23 12 5
12 25 16 4
12 26 1 11
12 27 16 1
13 4 116 8
13 6 2 27
13 8 206 2
13 9 119 1
13 11 1 19
13 12 45 1
13 17 5 3
14 0 23 24
14 2 2 4
14 7 194 1
14 8 52 2
14 9 12 1
14 10 208 12
14 11 53 2
14 12 52 1
14 13 2 20
14 15 1 6
14 20 2 3
14 26 1 25
15 1 18 1
15 7 37 1
15 9 10 5
15 10 25 1
15 11 31 18
15 13 1 27
15 14 38 1
15 17 3 10
15 20 2 21
15 23 14 18
15 25 16 10
16 0 41 1
16 1 203 1
16 3 31 1
16 4 46 27
16 5 58 1
16 7 7 2
16 8 222 1
16 10 103 13
16 11 132 1
16 17 141 1
16 18 1 29
16 24 42 1
16 26 2 6
17 0 3 24
17 1 95 1
17 4 82 1
17 5 1 9
17 6 269 1
17 8 7 3
17 10 2 7
17 12 14 12
17 14 1 14
17 16 6 5
17 18 1 24
17 19 1 22
17 20 169 1
18 4 1 3
18 5 1 18
18 6 1 4
18 7 82 1
18 8 221 9
18 9 68 3
18 11 1 13
18 16 1 3
18 20 100 1
19 0 5 24
19 1 23 1
19 5 1 11
19 6 35 3
19 17 5 9
19 18 54 16
19 20 4 7
19 24 23 25
20 1 118 6
20 2 1 23
20 6 72 1
20 7 3 20
20 8 1 15
20 11 115 1
20 13 2 16
20 15 45 7
20 17 4 5
20 19 30 11
20 23 2 4
20 24 1 27
21 1 4 23
21 8 86 6
21 9 1 1
21 10 3 17
21 12 2 2
21 13 4 7
21 22 7 17
21 25 1 21
22 8 9 18
22 9 1 15
22 15 1 27
23 7 2 12
23 11 2 7
23 13 1 10
23 19 6 2
24 0 39 1
24 1 33 1
24 2 1 18
24 3 25 1
24 5 39 1
24 6 1 5
24 8 75 1
24 9 76 1
24 11 396 2
24 16 47 1
25 1 1 4
25 2 1 9
25 3 2 18
25 4 1 18
25 5 16 4
25 7 1 23
25 8 156 1
25 10 1 14
25 11 325 8
25 12 84 22
25 27 13 1
26 7 87 8
26 11 1 2
26 20 1 12
26 24 47 2
26 25 46 1
27 1 5 22
27 4 26 1
27 10 112 1
27 11 1 14
27 18 46 2
27 22 2 25
27 26 20 21
