0 1 20 13
0 3 41 2
0 4 1 11
0 5 21 17
0 6 3 4
0 7 396 7
0 8 22 20
0 9 2 11
0 11 300 1
0 14 1 28
0 15 1 22
0 16 23 23
0 17 197 1
0 19 29 21
0 20 1 16
0 24 21 11
1 0 26 27
1 2 135 1
1 3 23 5
1 4 419 1
1 5 21 21
1 6 2 1
1 7 3 5
1 8 20 25
1 10 240 26
1 11 1 28
1 12 95 2
1 13 25 1
1 14 97 3
1 16 21 10
1 17 202 1
1 22 7 13
1 24 41 8
1 25 4 8
1 26 82 11
2 0 2 15
2 1 418 19
2 3 2 13
2 4 3 17
2 5 62 1
2 6 234 1
2 7 1 2
2 8 67 20
2 9 24 28
2 10 38 1
2 12 31 2
2 14 29 11
2 15 4 22
2 17 8 4
2 27 1 7
3 0 20 28
3 1 42 18
3 2 187 1
3 4 2 28
3 5 40 16
3 6 121 21
3 7 24 6
3 8 20 4
3 10 75 1
3 11 274 1
3 14 44 7
3 16 21 19
3 24 22 22
3 27 4 20
4 1 5 4
4 2 149 1
4 5 4 2
4 6 18 1
4 7 1 10
4 8 1 11
4 9 141 1
4 10 66 29
4 11 1 24
4 13 23 3
4 17 1 6
4 18 256 1
4 19 16 3
4 20 1 13
4 21 1 12
4 23 55 2
4 25 7 4
5 0 47 16
5 1 21 15
5 3 40 21
5 4 5 9
5 6 150 17
5 8 22 27
5 9 48 13
5 10 96 1
5 12 89 2
5 13 28 2
5 14 1 1
5 15 42 11
5 16 58 11
5 18 24 1
5 24 42 27
5 27 27 6
6 0 23 2
6 1 20 13
6 2 95 1
6 3 64 1
6 4 8 8
6 5 31 29
6 7 153 1
6 8 16 27
6 9 5 17
6 10 157 1
6 11 363 1
6 12 281 1
6 15 15 27
6 16 16 2
6 17 2 9
6 18 109 1
6 19 114 3
6 20 85 3
7 0 248 1
7 1 53 1
7 2 30 1
7 3 72 1
7 5 163 1
7 6 2 21
7 8 175 1
7 10 2 13
7 11 129 1
7 12 102 3
7 13 1 20
7 14 138 2
7 15 102 1
7 18 1 19
7 19 1 22
7 20 271 1
7 22 35 3
7 23 104 1
7 24 93 1
7 27 2 3
8 0 47 18
8 1 22 17
8 2 159 1
8 3 57 24
8 4 385 24
8 5 68 11
8 6 330 24
8 7 12 20
8 9 200 1
8 10 2 4
8 11 2 2
8 12 29 27
8 14 1 17
8 16 21 29
8 17 99 1
8 18 3 24
8 20 6 2
8 24 39 15
8 25 19 14
8 26 124 1
8 27 1 15
9 0 87 13
9 1 28 1
9 2 121 1
9 3 2 22
9 4 384 1
9 5 12 29
9 6 101 1
9 10 222 1
9 12 265 1
9 14 11 3
9 15 10 7
9 16 2 8
9 17 3 1
9 18 3 25
9 25 67 2
9 27 2 12
10 0 2 17
10 2 89 1
10 3 2 5
10 4 3 1
10 5 224 1
10 6 219 1
10 7 12 11
10 8 40 25
10 9 249 18
10 11 1 25
10 12 208 1
10 13 1 7
10 14 22 11
10 15 2 26
10 18 60 1
10 22 1 26
10 25 1 26
10 27 1 18
11 0 201 1
11 1 3 18
11 2 1 12
11 3 251 13
11 5 5 12
11 6 2 28
11 7 203 29
11 8 1 24
11 9 127 1
11 10 2 5
11 13 3 3
11 15 4 1
11 16 121 18
11 18 86 12
11 21 1 23
11 23 48 5
11 24 1 25
11 25 91 1
11 26 167 1
11 27 1 9
12 1 1 16
12 2 1 5
12 4 5 6
12 5 96 2
12 6 157 1
12 8 130 14
12 9 2 2
12 11 164 3
12 13 1 6
12 14 1 10
12 15 1 5
12 17 102 2
12 19 63 14
12 20 91 1
12 21 94 1
12 22 149 1
12 25 13 5
12 27 14 2
13 2 1 22
13 4 1 3
13 6 17 11
13 11 5 3
13 12 39 1
13 16 1 23
13 17 3 27
14 0 3 9
14 1 155 1
14 7 168 1
14 8 4 23
14 9 8 3
14 10 11 18
14 11 42 1
14 12 38 1
14 13 3 4
14 15 1 6
14 18 1 24
14 22 27 7
15 0 1 14
15 1 13 6
15 2 6 1
15 3 41 1
15 4 8 27
15 7 12 2
15 8 28 3
15 9 6 1
15 10 216 1
15 11 8 13
15 12 1 20
15 14 11 1
15 19 1 11
15 23 15 9
15 27 1 3
16 0 25 4
16 1 208 2
16 3 97 27
16 4 1 23
16 5 21 6
16 6 108 2
16 7 107 17
16 8 21 17
16 10 103 24
16 17 92 1
16 18 3 11
16 22 31 27
16 24 21 18
16 25 37 1
16 26 2 13
17 1 158 1
17 3 1 7
17 4 59 2
17 7 117 2
17 8 14 21
17 9 55 22
17 13 40 1
17 14 7 19
17 16 2 15
17 18 1 26
17 20 162 3
18 1 177 7
18 2 50 2
18 3 92 4
18 4 138 1
18 6 2 26
18 7 74 3
18 8 16 2
18 11 32 12
18 13 15 8
18 16 14 18
18 22 35 18
18 24 3 17
18 26 38 13
19 0 2 4
19 1 14 1
19 3 2 8
19 4 43 1
19 7 10 1
19 8 177 7
19 11 118 4
19 16 1 21
19 20 6 12
19 27 11 2
20 4 2 16
20 7 1 19
20 8 34 28
20 10 3 3
20 19 4 20
20 22 54 3
21 1 2 9
21 3 1 15
21 6 1 21
21 10 10 23
21 13 8 13
21 17 3 29
22 3 4 17
22 5 27 19
22 7 34 1
22 8 2 11
22 10 5 1
22 15 1 24
22 24 5 25
23 11 1 11
23 12 36 1
23 14 3 9
23 15 1 10
23 25 8 4
23 26 9 9
23 27 2 2
24 0 22 2
24 1 27 28
24 2 1 21
24 3 41 8
24 5 21 7
24 7 17 1
24 8 30 26
24 9 70 2
24 11 348 1
24 12 79 11
24 14 51 2
24 15 9 9
24 16 22 27
24 18 31 7
24 23 68 6
24 26 42 1
25 0 4 21
25 1 17 27
25 3 14 19
25 4 1 22
25 5 14 1
25 7 23 20
25 8 61 1
25 10 1 28
25 11 303 1
25 15 1 29
25 20 97 12
26 0 2 2
26 7 2 25
26 9 6 5
26 10 82 1
26 11 128 24
26 14 3 4
26 15 1 27
26 16 2 20
26 20 1 29
26 24 32 2
27 1 2 15
27 2 35 28
27 7 191 1
27 9 1 24
27 10 103 2
27 11 9 2
27 15 1 18
27 16 11 23
27 22 2 2
27 25 8 18
