0 1 13 25
0 3 18 20
0 4 340 1
0 5 161 9
0 7 1 14
0 8 15 29
0 9 233 1
0 16 16 3
0 17 1 24
0 19 1 16
0 23 1 11
0 24 16 16
0 25 33 4
1 0 21 29
1 2 213 1
1 3 18 2
1 4 4 11
1 5 17 7
1 6 210 1
1 7 1 14
1 8 15 13
1 9 1 1
1 10 1 21
1 11 246 1
1 16 56 21
1 17 3 5
1 18 254 1
1 19 1 17
1 20 16 2
1 22 70 21
1 24 16 15
1 26 49 1
1 27 103 23
2 1 207 1
2 3 12 11
2 6 2 22
2 7 208 1
2 8 270 4
2 10 330 1
2 16 71 3
2 17 192 2
2 20 218 1
2 23 25 9
3 0 30 26
3 1 19 10
3 2 2 6
3 5 34 4
3 6 107 1
3 7 8 15
3 8 147 3
3 11 1 18
3 14 1 25
3 16 41 4
3 16 203 16
3 16 260 18
3 17 1 21
3 24 34 8
4 1 21 22
4 2 2 23
4 5 416 1
4 6 327 1
4 7 384 2
4 8 248 1
4 9 276 1
4 10 398 1
4 12 21 1
4 14 1 12
4 16 6 1
4 17 1 6
4 18 2 3
4 19 136 7
4 21 62 1
4 25 1 10
5 0 15 27
5 1 15 17
5 2 37 1
5 3 38 12
5 4 3 25
5 6 86 12
5 7 119 1
5 8 15 7
5 9 3 23
5 11 155 2
5 15 4 4
5 16 362 6
5 18 99 3
5 24 16 9
6 0 98 1
6 1 387 1
6 2 1 19
6 3 1 28
6 4 3 22
6 5 298 1
6 7 2 21
6 8 10 21
6 9 10 2
6 10 89 1
6 12 1 27
6 14 2 10
6 17 1 7
6 18 4 1
6 22 34 1
6 24 1 7
7 0 11 2
7 2 328 1
7 3 254 2
7 4 278 1
7 5 330 1
7 6 143 1
7 8 50 1
7 9 2 8
7 11 11 13
7 13 26 3
7 15 251 1
7 18 183 1
7 24 91 1
7 26 111 4
7 27 228 22
8 0 35 28
8 1 18 26
8 2 5 13
8 3 17 2
8 4 1 10
8 5 20 22
8 6 78 20
8 7 12 4
8 10 145 1
8 11 367 1
8 13 9 25
8 14 3 6
8 16 37 22
8 17 256 2
8 18 1 8
8 22 143 1
8 24 56 4
8 25 1 13
9 1 1 19
9 2 1 9
9 5 254 29
9 6 37 1
9 7 172 1
9 8 1 23
9 10 209 18
9 11 303 1
9 12 352 1
9 14 98 1
9 17 130 2
9 18 30 1
9 20 146 2
9 21 65 3
9 23 18 8
10 0 200 1
10 1 1 3
10 2 3 27
10 4 178 9
10 5 18 1
10 6 8 1
10 7 222 1
10 8 192 1
10 9 263 1
10 11 2 6
10 12 220 6
10 13 131 8
10 14 20 26
10 15 283 1
10 16 51 3
10 17 291 2
10 18 1 2
10 22 103 2
10 25 1 13
11 0 350 2
11 1 329 2
11 2 2 18
11 3 191 1
11 4 215 4
11 6 1 2
11 7 414 1
11 8 55 1
11 9 346 1
11 10 10 4
11 12 270 3
11 13 1 8
11 14 85 1
11 15 6 21
11 20 1 11
11 22 142 6
11 23 7 1
11 24 1 7
11 25 9 24
11 26 27 1
12 2 1 13
12 4 243 1
12 5 50 2
12 6 1 20
12 9 2 16
12 10 290 1
12 14 171 1
12 17 118 5
13 1 1 17
13 8 53 1
13 10 1 8
13 11 2 20
13 12 81 1
13 14 43 1
13 26 1 8
14 0 1 2
14 2 1 19
14 4 73 3
14 6 215 1
14 7 299 1
14 8 3 3
14 9 9 1
14 10 7 22
14 11 16 2
14 15 1 24
14 17 1 9
15 4 67 5
15 7 2 10
15 8 2 1
15 9 40 1
15 10 2 14
15 12 1 20
15 14 1 17
15 17 16 4
15 27 1 13
16 0 37 13
16 1 16 13
16 3 33 12
16 5 16 25
16 7 136 3
16 8 16 27
16 14 6 10
16 24 16 8
16 26 37 12
17 1 3 22
17 2 1 25
17 3 124 1
17 4 184 1
17 5 125 1
17 6 1 6
17 8 1 23
17 9 112 2
17 16 2 29
17 18 137 1
17 19 1 4
17 23 1 17
17 24 19 2
18 4 2 29
18 6 21 1
18 7 97 3
18 9 202 2
18 10 149 1
18 12 77 14
18 16 2 3
18 22 32 9
19 0 120 1
19 1 1 6
19 4 114 1
19 6 103 18
19 17 24 6
19 20 4 19
20 7 143 1
20 8 138 2
20 11 1 27
20 19 7 5
20 22 41 1
20 23 1 29
20 24 10 1
21 1 1 21
21 3 27 28
22 6 33 3
22 7 1 10
22 9 1 3
22 10 224 2
22 11 147 2
22 12 98 11
22 15 13 4
23 3 37 9
23 8 1 1
23 9 34 1
23 12 13 2
23 19 2 19
23 25 1 25
24 0 38 5
24 1 16 2
24 3 16 11
24 5 16 24
24 7 2 7
24 8 15 12
24 9 80 1
24 11 3 1
24 12 5 3
24 14 27 2
24 16 16 14
24 25 57 2
25 0 89 3
25 1 129 16
25 6 143 2
25 7 201 1
25 9 120 1
25 10 1 27
25 11 4 16
25 15 35 3
26 6 2 2
26 7 1 22
26 10 1 7
26 11 127 2
26 22 22 4
26 24 76 2
26 27 62 1
27 6 115 2
27 7 35 1
27 9 22 1
27 10 140 4
27 14 1 16
27 26 140 2
