0 1 33 1
0 2 253 1
0 3 102 22
0 4 166 1
0 5 39 1
0 6 241 1
0 7 133 1
0 8 30 21
0 10 35 25
0 12 1 22
0 16 78 1
0 17 3 24
0 19 35 17
0 20 370 2
0 23 1 28
0 24 67 1
0 25 12 5
1 0 307 6
1 2 30 1
1 3 109 1
1 4 3 19
1 5 311 1
1 6 91 1
1 7 57 15
1 8 433 6
1 9 1 13
1 10 1 26
1 11 143 1
1 16 4 10
1 17 12 15
1 19 240 1
1 23 57 1
1 24 149 1
2 0 2 19
2 1 5 3
2 3 155 1
2 4 241 1
2 5 5 13
2 6 378 1
2 7 17 2
2 8 8 27
2 9 132 6
2 10 147 1
2 11 195 1
2 12 1 16
2 17 89 1
2 18 97 8
2 20 183 1
2 21 2 10
2 22 21 21
2 25 1 24
3 0 42 1
3 1 53 4
3 4 63 2
3 5 69 14
3 6 9 1
3 7 2 2
3 8 65 9
3 9 2 21
3 10 1 21
3 11 1 18
3 15 64 6
3 16 60 21
3 17 2 2
3 18 1 23
3 24 301 1
3 25 3 23
3 27 1 11
4 0 266 1
4 1 111 11
4 2 43 20
4 5 142 1
4 6 12 1
4 7 343 1
4 8 40 1
4 9 36 1
4 10 278 1
4 11 293 2
4 17 17 21
4 18 1 8
4 24 112 1
4 26 1 22
4 27 1 6
5 0 72 1
5 1 364 5
5 3 160 1
5 4 7 22
5 6 40 2
5 7 15 2
5 8 69 1
5 9 130 5
5 10 1 1
5 11 77 1
5 12 169 1
5 14 37 3
5 15 8 2
5 16 11 1
5 20 1 3
5 24 205 1
6 1 82 1
6 2 387 1
6 3 44 25
6 4 10 5
6 5 17 23
6 7 3 25
6 8 378 3
6 9 2 15
6 10 2 22
6 11 2 23
6 12 241 26
6 14 4 20
6 16 5 27
6 17 1 28
6 18 1 18
6 19 8 14
6 21 1 25
6 24 1 2
6 25 1 8
7 0 1 23
7 2 228 1
7 3 148 1
7 4 178 1
7 5 203 1
7 8 56 1
7 9 43 22
7 10 321 1
7 11 279 1
7 14 182 1
7 15 42 1
7 16 73 1
7 18 158 2
7 19 122 2
7 20 22 8
7 23 3 1
7 24 10 1
7 25 2 24
7 26 79 1
8 0 17 1
8 1 145 15
8 2 6 22
8 3 51 1
8 4 4 15
8 5 376 21
8 6 195 1
8 7 16 1
8 9 6 23
8 10 143 1
8 11 174 1
8 12 15 6
8 13 13 9
8 15 181 1
8 16 127 11
8 17 158 1
8 18 1 10
8 23 21 1
8 24 36 1
8 25 1 12
9 0 22 10
9 1 381 27
9 2 5 2
9 4 2 1
9 5 2 17
9 6 13 23
9 8 2 22
9 10 144 1
9 11 164 1
9 12 52 1
9 13 1 19
9 14 20 3
9 16 1 13
9 17 75 1
9 21 2 5
9 22 3 2
10 0 118 1
10 1 441 1
10 2 1 17
10 4 1 9
10 5 2 4
10 6 22 24
10 7 30 1
10 8 22 16
10 9 9 1
10 11 3 25
10 12 1 8
10 13 2 15
10 14 8 1
10 15 104 1
10 17 263 1
10 20 81 2
10 21 133 26
10 22 43 1
10 23 11 5
10 26 9 3
11 0 256 1
11 1 239 1
11 4 1 21
11 5 235 1
11 6 1 21
11 7 19 1
11 8 3 27
11 9 214 1
11 10 28 12
11 13 212 6
11 15 256 2
11 16 96 2
11 18 116 11
11 24 19 23
11 25 67 20
12 0 129 4
12 1 1 5
12 2 1 29
12 3 8 4
12 4 164 1
12 6 3 8
12 7 1 25
12 9 6 5
12 10 141 1
12 11 1 20
12 13 175 1
12 14 102 2
12 18 8 1
12 22 1 4
13 4 53 25
13 7 1 22
13 10 1 28
13 14 2 1
13 21 1 1
14 0 1 15
14 4 38 1
14 6 144 1
14 8 1 13
14 10 106 20
14 11 1 12
14 13 14 1
14 18 2 13
14 19 3 11
14 25 3 1
15 1 1 27
15 2 5 1
15 4 43 6
15 6 26 2
15 7 2 16
15 8 1 10
15 10 24 13
15 11 37 10
15 12 2 21
15 13 8 2
15 17 6 3
15 23 41 1
15 24 8 29
16 0 105 7
16 1 312 1
16 2 1 23
16 3 2 23
16 4 2 19
16 5 47 1
16 6 1 8
16 7 113 1
16 8 12 2
16 11 62 1
16 17 2 10
16 18 220 1
16 24 71 1
16 25 3 3
17 0 1 6
17 1 17 6
17 2 10 26
17 3 52 1
17 4 67 1
17 5 67 1
17 6 11 3
17 8 2 18
17 9 59 1
17 10 1 25
17 12 1 25
17 16 383 17
17 18 69 3
17 20 199 1
17 25 1 2
17 27 1 3
18 0 18 1
18 1 19 1
18 4 6 15
18 5 2 29
18 9 3 3
18 10 106 2
18 12 8 3
18 16 1 25
18 17 251 1
19 1 1 22
19 4 76 2
19 6 1 1
19 8 177 4
19 10 101 1
19 20 12 1
19 25 1 23
20 0 26 22
20 1 294 1
20 4 20 1
20 6 1 23
20 7 59 1
20 8 67 1
20 10 2 23
20 11 1 1
20 12 47 10
20 14 1 1
20 15 1 10
20 19 407 3
20 21 1 6
20 23 4 23
20 26 1 13
21 3 25 5
21 8 98 2
21 14 21 7
21 16 12 14
21 24 1 27
21 25 11 25
22 4 70 19
22 6 14 5
22 10 185 1
22 12 15 16
22 14 2 19
22 15 6 2
22 21 2 4
23 6 57 1
23 8 6 3
23 10 1 12
23 11 1 15
23 15 1 11
23 17 55 2
23 21 2 1
23 25 1 3
24 0 151 1
24 1 132 1
24 3 170 4
24 5 99 12
24 7 280 1
24 8 15 9
24 10 1 8
24 11 422 3
24 15 5 9
24 16 309 1
24 23 1 10
25 0 60 3
25 2 1 8
25 3 3 28
25 7 39 1
25 8 1 24
25 10 1 1
25 11 368 1
25 18 30 1
26 0 18 7
26 7 2 13
26 9 2 11
26 11 80 1
26 15 2 16
26 24 51 4
27 5 5 3
27 10 102 2
27 11 269 1
27 12 7 15
27 17 41 11
27 22 1 6
