0 1 142 1
0 2 239 1
0 3 347 1
0 4 152 1
0 5 226 16
0 6 228 1
0 7 385 2
0 8 113 4
0 9 169 2
0 10 1 15
0 12 1 15
0 14 7 10
0 16 24 2
0 17 6 9
0 19 1 17
0 20 362 1
0 21 1 10
0 24 119 1
0 25 11 1
1 0 260 1
1 2 9 1
1 3 22 1
1 4 161 15
1 5 128 1
1 6 62 1
1 7 3 11
1 8 312 1
1 9 12 19
1 10 24 7
1 11 135 1
1 15 2 4
1 16 25 4
1 17 6 17
1 18 3 18
1 19 237 2
1 24 52 1
2 0 1 19
2 1 5 25
2 3 103 1
2 4 231 1
2 6 364 1
2 7 10 2
2 10 132 1
2 11 186 1
2 12 2 21
2 16 49 4
2 17 81 1
2 18 96 1
2 20 179 1
2 25 25 10
3 0 202 1
3 1 22 13
3 2 22 1
3 4 57 1
3 5 129 2
3 6 5 2
3 7 23 17
3 8 163 6
3 12 1 1
3 13 1 29
3 14 66 10
3 16 34 26
3 17 2 27
3 24 78 1
3 27 1 27
4 0 252 1
4 1 121 17
4 2 43 13
4 3 11 8
4 5 107 1
4 7 337 2
4 8 30 1
4 9 25 1
4 10 267 1
4 11 291 2
4 18 63 4
4 19 149 25
4 21 47 2
4 26 1 15
5 0 37 10
5 1 283 1
5 3 38 1
5 4 41 18
5 7 11 1
5 8 314 1
5 9 10 17
5 10 2 24
5 11 71 2
5 12 161 1
5 14 35 2
5 15 1 13
5 16 75 12
5 18 45 1
5 24 116 1
6 0 1 3
6 1 48 1
6 2 376 1
6 3 1 29
6 5 11 16
6 7 3 7
6 8 232 1
6 9 1 10
6 10 2 24
6 11 19 13
6 14 74 17
6 16 68 25
6 17 11 28
6 18 2 23
6 19 148 11
6 20 4 2
6 21 5 1
6 23 32 4
6 25 1 17
7 0 1 23
7 1 7 19
7 2 207 1
7 3 25 17
7 4 169 1
7 5 191 1
7 8 20 1
7 9 1 29
7 10 305 1
7 11 169 1
7 14 173 1
7 15 31 1
7 17 1 2
7 19 118 1
7 20 1 24
7 23 1 14
7 24 7 1
7 25 12 5
7 26 76 2
8 0 20 1
8 1 349 2
8 3 299 1
8 4 2 18
8 5 184 1
8 6 188 26
8 7 223 1
8 9 6 2
8 10 81 1
8 11 150 1
8 12 189 3
8 13 18 5
8 14 15 26
8 15 174 2
8 16 196 1
8 18 2 6
8 24 45 1
8 25 16 13
8 26 1 5
8 27 1 18
9 2 5 21
9 3 19 4
9 4 29 9
9 5 3 25
9 6 9 15
9 8 30 28
9 10 99 1
9 11 152 1
9 12 37 1
9 13 1 10
9 14 16 2
9 16 133 18
9 17 70 2
9 20 122 1
9 23 4 1
10 2 16 26
10 4 1 24
10 5 8 2
10 6 3 4
10 8 9 15
10 9 4 6
10 11 4 8
10 12 2 22
10 13 1 20
10 15 91 1
10 17 260 3
10 22 38 3
10 23 9 3
11 0 247 1
11 1 231 1
11 3 20 1
11 6 1 16
11 8 1 5
11 9 202 1
11 13 1 29
11 14 1 27
11 15 383 1
11 17 1 15
11 18 116 3
11 19 155 2
11 24 11 1
11 25 113 1
11 26 3 3
12 1 214 2
12 4 157 1
12 6 1 19
12 8 1 6
12 9 22 27
12 10 130 1
12 13 163 1
12 14 96 2
12 16 1 26
12 17 86 2
12 21 146 1
12 22 4 21
12 23 3 14
12 24 1 14
12 25 1 25
13 0 7 2
13 1 56 20
13 4 1 25
13 5 2 9
13 7 185 18
13 10 1 1
13 14 5 5
13 15 1 14
13 17 31 4
13 22 3 16
14 0 10 20
14 1 1 1
14 6 137 1
14 7 202 1
14 9 1 8
14 10 190 2
14 11 6 5
14 12 5 10
14 13 72 2
14 15 5 1
14 17 111 18
14 18 55 20
14 19 3 8
14 26 28 20
15 1 3 28
15 3 1 5
15 4 42 1
15 7 1 8
15 8 188 8
15 9 6 6
15 10 6 19
15 11 5 14
15 12 1 17
15 23 1 20
15 24 44 6
16 0 156 1
16 1 28 1
16 2 1 20
16 3 63 1
16 4 11 15
16 5 90 1
16 6 4 13
16 7 111 1
16 8 114 1
16 13 36 26
16 17 2 21
16 18 203 1
16 22 5 10
16 24 205 1
17 0 1 17
17 1 28 17
17 2 12 14
17 3 47 1
17 4 59 1
17 5 63 2
17 6 5 18
17 8 54 25
17 9 55 1
17 12 15 20
17 16 2 26
17 18 64 1
17 23 21 24
17 24 8 5
17 25 1 29
18 0 16 3
18 1 16 1
18 2 1 22
18 4 2 19
18 5 1 29
18 10 102 1
18 12 3 26
18 16 9 29
18 25 50 16
19 1 4 14
19 5 39 9
19 6 1 9
19 11 94 4
19 16 49 2
19 18 1 18
19 20 92 1
19 24 1 7
19 25 1 20
20 0 4 25
20 2 1 28
20 3 7 7
20 7 53 1
20 8 62 2
20 11 1 25
20 12 48 1
20 15 1 22
20 16 36 5
20 19 46 1
20 22 32 1
20 27 1 15
21 1 86 5
21 5 1 13
21 8 97 2
21 9 12 1
21 12 1 23
21 13 18 12
21 20 35 13
21 25 1 24
22 1 1 6
22 4 4 14
22 6 13 5
22 8 1 7
22 9 84 11
22 10 180 1
22 11 83 1
22 20 1 4
22 21 4 2
22 25 1 29
22 27 1 4
23 0 2 4
23 1 2 27
23 10 11 25
23 11 92 16
23 15 1 23
23 18 15 12
24 0 207 3
24 1 287 1
24 3 81 4
24 5 46 11
24 6 151 1
24 7 3 2
24 8 200 1
24 11 36 1
24 16 237 1
25 7 31 1
25 8 1 12
25 9 94 2
25 10 10 21
25 11 120 1
25 13 1 15
25 15 10 1
25 24 1 17
25 27 10 22
26 0 5 7
26 6 3 1
26 8 92 21
26 9 2 18
26 11 76 2
26 13 2 27
26 14 1 4
26 15 26 5
26 17 59 2
27 7 3 2
27 15 3 14
27 17 41 1
27 26 32 1
