0 1 20 15
0 3 423 22
0 4 354 1
0 5 402 9
0 6 313 1
0 7 1 16
0 8 22 16
0 10 1 29
0 11 1 5
0 12 1 29
0 15 5 11
0 16 54 27
0 19 2 16
0 24 23 20
0 25 36 1
1 0 28 26
1 2 249 1
1 3 414 17
1 4 4 15
1 5 24 14
1 6 258 1
1 7 1 25
1 8 22 13
1 9 1 13
1 10 1 20
1 11 255 1
1 13 1 21
1 16 23 7
1 17 3 2
1 18 251 3
1 23 75 8
1 24 23 29
2 0 3 1
2 1 286 1
2 3 6 27
2 6 1 28
2 7 230 1
2 8 5 3
2 9 1 28
2 10 343 1
2 11 298 1
2 16 72 4
2 17 201 1
2 23 26 1
2 26 9 11
3 0 19 5
3 1 25 4
3 2 2 2
3 4 164 2
3 5 22 13
3 6 120 1
3 7 5 1
3 8 25 26
3 10 1 6
3 11 1 28
3 16 22 14
3 17 1 24
3 19 51 5
3 20 32 1
3 24 22 13
3 25 1 20
4 0 427 1
4 1 1 16
4 2 1 23
4 3 1 23
4 5 149 1
4 6 366 1
4 8 271 1
4 9 302 1
4 10 406 1
4 18 2 11
4 20 1 29
4 21 63 1
5 0 22 14
5 1 21 28
5 2 41 3
5 3 23 23
5 4 1 20
5 6 23 23
5 7 131 1
5 8 19 16
5 10 27 1
5 11 162 1
5 12 248 1
5 14 59 1
5 16 160 2
5 17 82 2
5 18 104 1
5 24 22 19
6 0 111 1
6 1 358 1
6 2 1 10
6 3 1 8
6 4 3 4
6 5 181 1
6 7 69 21
6 8 2 14
6 9 5 11
6 10 117 1
6 12 1 3
6 14 1 17
6 17 1 13
6 18 1 12
6 25 95 29
6 27 54 1
7 0 17 1
7 1 1 2
7 2 339 1
7 5 337 1
7 6 168 1
7 8 406 1
7 9 1 2
7 10 1 4
7 11 13 23
7 12 29 4
7 14 288 2
7 15 272 1
7 16 101 1
7 18 185 4
7 20 1 6
7 24 101 1
8 0 22 2
8 1 384 17
8 2 5 7
8 3 24 22
8 4 3 7
8 5 26 8
8 6 26 8
8 7 4 13
8 10 400 1
8 11 199 1
8 12 1 2
8 13 1 9
8 14 2 2
8 15 247 1
8 16 22 21
8 23 52 3
8 24 23 24
9 0 1 26
9 2 1 14
9 3 68 1
9 5 282 1
9 6 66 1
9 7 182 1
9 10 256 1
9 11 314 1
9 12 381 1
9 14 106 1
9 17 135 1
9 18 34 1
9 20 148 4
9 21 1 16
10 0 207 1
10 2 2 25
10 4 1 26
10 5 28 1
10 6 19 1
10 7 244 1
10 8 281 1
10 9 331 1
10 11 1 11
10 12 2 20
10 13 1 21
10 14 425 1
10 15 298 1
10 20 133 2
10 22 109 1
10 23 56 1
10 24 1 24
10 27 1 10
11 0 356 2
11 1 335 2
11 3 209 1
11 6 1 16
11 7 269 1
11 8 70 1
11 10 4 23
11 12 272 2
11 13 1 27
11 14 103 1
11 15 6 8
11 18 1 26
11 22 1 15
11 23 10 2
11 24 1 10
11 25 3 5
12 1 1 8
12 4 249 2
12 5 58 1
12 8 7 1
12 9 2 7
12 10 302 1
12 14 176 1
12 15 102 3
12 18 26 1
12 25 1 16
13 0 18 3
13 6 156 3
13 7 1 13
13 8 59 1
13 11 1 28
13 12 94 1
13 16 1 10
13 17 46 7
13 20 31 1
14 3 1 10
14 6 220 1
14 7 304 1
14 8 1 14
14 9 12 2
14 10 3 24
14 11 26 1
14 27 39 29
15 5 45 10
15 7 2 14
15 8 1 12
15 9 44 1
15 10 1 2
15 11 3 1
15 14 2 1
15 23 41 25
15 24 1 28
16 0 22 23
16 1 22 15
16 3 22 27
16 5 22 8
16 8 45 1
16 18 370 1
16 24 23 20
17 1 1 11
17 2 1 8
17 3 131 1
17 4 196 1
17 6 1 16
17 8 1 9
17 9 117 1
17 10 1 20
17 12 1 14
17 16 2 10
17 18 143 1
18 0 56 1
18 1 93 1
18 4 1 10
18 6 24 1
18 7 100 3
18 11 114 2
18 12 1 21
18 16 2 11
18 19 58 29
19 0 139 1
19 1 1 20
19 4 118 1
19 7 1 2
19 14 16 7
19 20 3 10
19 23 2 1
20 0 1 28
20 2 1 23
20 3 1 26
20 6 1 3
20 7 151 1
20 8 145 1
20 10 1 27
20 11 1 18
20 17 52 1
20 19 4 16
20 22 41 11
20 23 1 3
20 24 10 6
20 26 1 13
21 4 1 7
21 9 31 3
21 10 1 18
21 17 6 1
21 27 14 6
22 10 226 1
22 11 152 2
23 3 38 7
23 8 1 26
23 19 2 11
24 0 407 16
24 0 60 29
24 1 377 29
24 3 23 8
24 5 22 28
24 7 1 21
24 8 22 16
24 10 1 17
24 11 2 1
24 14 28 8
24 16 23 20
24 23 1 8
24 25 58 1
24 27 46 9
25 4 56 1
25 5 44 20
25 7 217 1
25 8 3 2
25 10 1 13
25 11 3 27
25 15 37 5
25 27 1 4
26 4 1 26
26 6 2 12
26 8 1 27
26 27 71 1
27 1 86 3
27 3 56 2
27 6 117 1
27 7 38 3
27 9 23 2
27 10 143 4
27 18 9 6
27 21 11 5
27 25 45 2
27 26 146 1
