0 1 11 10
0 2 181 1
0 3 9 4
0 4 104 1
0 5 19 20
0 6 46 1
0 7 368 1
0 8 23 15
0 9 148 1
0 12 1 2
0 16 25 13
0 17 25 4
0 19 3 7
0 20 325 1
0 22 59 9
0 24 13 3
0 25 6 9
1 0 7 4
1 2 6 15
1 3 12 18
1 4 1 13
1 5 12 17
1 6 2 1
1 7 25 19
1 8 17 11
1 10 3 24
1 11 106 1
1 13 1 16
1 14 1 16
1 15 1 4
1 16 13 17
1 18 10 16
1 19 225 2
1 24 13 17
1 27 3 26
2 0 3 7
2 1 36 10
2 4 191 1
2 5 4 12
2 6 302 1
2 8 289 1
2 10 82 1
2 11 151 1
2 14 56 1
2 15 1 2
2 17 54 1
2 20 161 2
2 25 28 26
3 0 15 4
3 1 12 29
3 2 189 1
3 4 35 2
3 5 13 24
3 7 2 15
3 8 447 23
3 10 39 7
3 13 1 5
3 15 57 3
3 16 13 9
3 18 3 4
3 20 1 20
3 23 40 1
3 24 13 20
4 0 198 1
4 1 53 16
4 2 64 8
4 5 16 1
4 8 5 2
4 9 1 2
4 10 225 1
4 11 280 1
4 12 1 26
4 19 5 7
4 25 34 19
4 26 1 11
5 0 12 26
5 1 15 26
5 3 22 15
5 4 46 1
5 6 125 7
5 8 17 4
5 9 81 11
5 10 15 6
5 11 51 2
5 13 1 28
5 14 29 2
5 16 12 26
5 17 14 3
5 18 32 1
5 24 13 2
6 2 317 1
6 3 1 4
6 4 437 1
6 5 142 1
6 7 5 4
6 8 242 1
6 9 328 1
6 10 3 9
6 11 13 24
6 16 1 5
6 17 2 8
6 18 25 13
6 20 1 2
6 21 1 7
7 0 2 25
7 1 3 16
7 2 135 1
7 3 68 1
7 5 147 1
7 6 1 26
7 8 1 1
7 10 197 1
7 11 306 1
7 14 138 1
7 17 1 1
7 18 146 3
7 19 104 1
7 20 1 25
7 21 108 1
7 23 18 21
7 25 5 10
7 26 67 1
8 0 14 24
8 1 11 11
8 2 22 1
8 3 15 28
8 4 1 12
8 5 12 25
8 6 24 1
8 7 186 1
8 9 2 4
8 11 38 1
8 13 1 19
8 15 150 1
8 16 24 2
8 21 12 1
8 23 12 5
8 24 13 18
8 25 1 3
8 27 65 5
9 1 6 3
9 2 40 9
9 4 5 5
9 5 8 9
9 6 28 13
9 8 77 26
9 10 4 1
9 11 113 1
9 12 3 1
9 14 5 1
10 0 89 1
10 2 283 28
10 4 1 27
10 5 1 19
10 6 7 25
10 7 2 1
10 8 47 17
10 9 11 29
10 11 6 25
10 12 1 19
10 13 1 2
10 14 2 27
10 15 49 1
10 16 23 1
10 17 248 1
10 20 64 3
10 21 2 24
10 25 1 17
10 26 5 1
11 0 213 1
11 1 200 1
11 2 290 3
11 3 2 2
11 5 211 1
11 6 10 16
11 7 17 21
11 8 1 22
11 9 160 1
11 10 327 1
11 12 226 1
11 13 23 6
11 14 13 3
11 15 52 1
11 16 89 2
11 17 1 27
11 19 149 3
11 20 1 21
11 22 1 22
11 23 2 3
11 24 15 1
11 25 283 1
12 1 7 1
12 4 132 1
12 6 2 29
12 7 5 4
12 8 5 6
12 9 24 8
12 10 90 1
12 11 4 3
12 13 119 1
12 14 74 1
12 16 11 14
12 17 77 3
12 24 1 6
12 25 4 11
13 1 2 23
13 9 100 1
13 10 8 8
13 11 266 1
13 14 1 25
14 0 42 10
14 6 112 1
14 7 167 1
14 9 6 21
14 10 2 10
14 11 13 17
14 13 51 1
15 3 2 2
15 7 15 16
15 10 6 3
15 11 73 2
15 12 30 12
15 14 81 1
15 16 1 23
15 20 3 7
15 25 10 17
15 27 15 2
16 0 13 1
16 1 13 29
16 2 3 13
16 3 13 14
16 5 15 13
16 8 17 1
16 11 54 1
16 12 1 11
16 13 1 13
16 14 1 13
16 15 1 26
16 17 4 10
16 18 141 1
16 24 13 7
17 0 3 7
17 1 9 28
17 2 1 29
17 5 48 1
17 6 3 5
17 8 11 5
17 9 41 3
17 13 80 8
17 14 66 2
17 16 11 8
17 18 47 1
17 20 190 3
17 22 4 21
18 1 5 6
18 4 5 14
18 5 2 5
18 6 1 21
18 7 50 1
18 9 1 1
18 10 89 2
18 16 302 9
18 17 247 1
18 19 1 11
18 23 1 16
19 0 1 7
19 1 1 22
19 4 61 2
19 6 115 9
19 11 84 4
19 16 46 5
19 17 1 1
19 20 60 1
19 25 1 24
19 27 19 7
20 0 1 11
20 3 275 2
20 4 12 1
20 5 91 4
20 6 3 11
20 7 35 1
20 8 45 2
20 9 146 19
20 10 7 7
20 11 4 3
20 14 1 2
20 15 1 18
20 16 32 7
20 17 14 1
20 19 286 1
20 23 1 14
20 26 42 16
21 4 1 13
21 6 2 15
21 8 93 1
21 11 27 2
21 13 18 11
22 1 1 15
22 8 1 20
22 10 163 1
22 13 3 2
22 14 1 4
22 18 1 25
22 26 2 26
23 1 1 10
23 9 11 1
23 10 6 18
23 11 102 5
23 14 5 25
23 16 1 15
23 20 72 15
23 27 1 9
24 0 13 24
24 1 13 10
24 3 38 4
24 5 13 20
24 8 13 11
24 9 45 1
24 11 24 20
24 14 8 8
24 15 2 6
24 16 13 4
24 23 8 2
25 0 49 2
25 2 2 12
25 3 3 26
25 4 27 3
25 5 33 13
25 6 91 1
25 7 7 3
25 8 1 20
25 10 1 7
25 11 44 1
25 12 2 22
25 15 5 1
25 27 6 5
26 2 4 2
26 4 1 5
26 8 3 6
26 11 63 1
26 17 57 1
26 27 1 12
27 6 93 3
27 10 86 4
27 11 240 1
27 17 37 3
27 25 1 6
27 26 10 2
