0 1 48 16
0 2 137 1
0 3 27 26
0 4 72 1
0 5 33 29
0 6 192 1
0 7 340 1
0 8 16 7
0 9 133 1
0 10 2 18
0 11 373 14
0 16 57 26
0 17 21 3
0 19 1 2
0 20 294 1
0 24 15 14
1 0 23 20
1 2 5 16
1 3 152 27
1 3 317 29
1 4 2 29
1 5 35 14
1 6 1 9
1 7 314 25
1 7 192 1
1 8 98 5
1 8 260 20
1 8 212 18
1 9 67 1
1 10 8 26
1 11 85 1
1 13 119 1
1 16 37 12
1 17 28 3
1 19 213 1
1 21 2 17
1 23 47 1
1 24 37 3
1 25 138 6
2 0 4 8
2 1 57 25
2 3 11 6
2 4 159 1
2 5 6 24
2 6 248 1
2 8 288 14
2 9 1 27
2 10 50 1
2 11 124 1
2 15 5 9
2 17 36 2
2 18 87 3
2 20 147 1
2 25 4 24
3 0 19 26
3 1 210 14
3 2 23 1
3 4 22 1
3 5 34 27
3 6 1 5
3 7 262 1
3 8 37 22
3 9 1 27
3 11 12 2
3 13 16 9
3 14 67 13
3 16 81 5
3 17 234 1
3 18 4 13
3 20 1 9
3 24 148 25
3 27 3 15
4 0 158 1
4 1 2 25
4 3 2 1
4 6 2 22
4 9 1 11
4 10 192 1
4 15 2 12
4 18 89 1
4 22 4 14
4 25 1 8
5 0 37 1
5 1 69 14
5 3 15 22
5 4 38 7
5 6 212 27
5 8 19 12
5 9 393 1
5 10 15 17
5 11 38 1
5 12 106 1
5 13 1 9
5 14 24 1
5 15 1 2
5 16 15 28
5 17 8 4
5 19 33 11
5 24 15 1
6 2 264 1
6 3 66 12
6 4 411 1
6 5 199 1
6 7 2 14
6 8 27 19
6 9 11 26
6 10 61 22
6 11 54 24
6 12 1 19
6 13 1 11
6 15 1 9
6 17 52 21
6 18 111 9
6 24 8 26
6 25 6 9
7 0 3 19
7 1 18 27
7 2 86 1
7 3 54 1
7 4 116 2
7 5 115 1
7 6 2 11
7 8 1 25
7 10 261 1
7 11 67 1
7 14 112 1
7 17 1 18
7 19 93 1
7 20 3 17
7 23 12 1
7 25 29 9
7 26 59 4
7 27 215 2
8 0 34 17
8 1 157 11
8 2 165 1
8 3 17 17
8 4 26 9
8 5 420 24
8 5 41 9
8 6 12 18
8 7 47 1
8 9 12 15
8 10 7 24
8 11 95 1
8 12 50 10
8 13 5 2
8 15 131 1
8 16 95 3
8 19 2 22
8 20 1 3
8 22 84 2
8 23 8 6
8 24 177 2
8 27 1 4
9 0 1 4
9 1 374 1
9 2 1 19
9 4 33 3
9 5 8 6
9 6 22 24
9 8 2 27
9 10 1 4
9 11 85 1
9 13 1 16
9 21 13 24
9 25 1 21
10 0 72 1
10 1 388 2
10 2 391 18
10 3 2 8
10 4 4 20
10 5 3 10
10 6 107 28
10 8 16 5
10 9 13 5
10 11 212 18
10 12 298 26
10 13 46 28
10 14 3 10
10 15 24 1
10 16 20 2
10 18 1 21
10 23 1 1
10 25 260 1
10 26 3 8
10 27 4 12
11 0 187 1
11 1 176 1
11 2 287 1
11 4 1 5
11 6 5 24
11 7 32 3
11 8 18 17
11 9 129 1
11 10 19 12
11 14 5 9
11 15 183 1
11 18 2 28
11 20 277 8
11 23 1 13
11 24 416 1
11 25 258 1
11 27 202 1
12 0 109 2
12 1 1 12
12 3 5 8
12 4 113 1
12 6 123 8
12 7 7 10
12 8 1 8
12 9 4 16
12 10 64 1
12 11 11 26
12 13 86 1
12 14 58 2
12 16 1 14
12 17 71 1
12 21 131 2
12 24 1 8
12 27 62 2
13 1 11 24
13 7 1 21
13 9 90 2
13 10 1 4
13 11 252 1
13 12 2 18
13 14 17 17
13 15 1 27
13 18 46 9
13 20 15 1
13 21 1 24
14 0 58 15
14 1 10 4
14 3 56 11
14 5 6 16
14 6 93 1
14 10 289 1
14 11 49 2
14 12 1 23
14 13 26 1
14 15 76 1
14 24 3 10
15 0 4 16
15 1 3 17
15 6 9 2
15 7 1 1
15 8 14 25
15 10 41 23
15 11 292 4
15 12 1 24
15 13 1 6
15 14 42 1
15 20 1 6
15 22 18 16
15 25 4 19
16 0 15 18
16 1 14 1
16 3 50 14
16 5 60 14
16 6 1 5
16 8 365 1
16 11 49 6
16 17 2 22
16 18 96 1
16 21 1 15
16 22 2 13
16 24 107 21
17 0 1 2
17 1 6 1
17 4 20 1
17 5 37 2
17 8 1 23
17 9 32 2
17 10 2 2
17 11 2 15
17 12 1 9
17 14 61 4
17 15 13 3
17 16 11 1
17 18 36 1
17 19 144 5
17 26 2 12
18 0 6 1
18 2 1 25
18 3 2 21
18 4 51 22
18 5 45 25
18 7 43 1
18 9 1 1
18 10 79 3
18 11 69 1
18 16 284 1
18 25 51 17
19 0 4 11
19 1 3 21
19 2 1 7
19 5 1 13
19 7 1 4
19 8 165 1
19 9 1 19
19 11 77 1
19 12 4 7
19 16 45 2
19 20 47 1
19 27 19 25
20 0 21 20
20 2 1 26
20 3 257 1
20 5 86 3
20 8 34 1
20 9 1 20
20 10 4 1
20 15 1 23
20 16 29 2
20 17 10 2
20 19 180 1
20 21 1 7
20 23 1 25
21 5 1 29
21 12 8 21
21 14 22 5
21 16 11 1
21 20 2 18
21 24 13 5
22 1 13 24
22 8 5 18
22 9 85 24
22 12 1 12
22 14 1 18
22 18 1 1
22 26 9 26
23 3 23 2
23 4 1 28
23 5 1 23
23 6 43 2
23 8 81 15
23 11 12 21
23 14 1 24
23 24 1 20
23 25 3 14
23 27 2 20
24 0 34 15
24 1 81 5
24 3 182 12
24 5 36 4
24 8 36 25
24 10 211 26
24 11 10 9
24 16 141 3
24 23 15 3
25 1 3 25
25 8 7 25
25 11 324 1
25 17 1 7
25 24 5 7
26 7 1 13
26 9 1 15
26 11 53 2
26 14 1 12
26 15 28 29
26 23 1 29
26 24 33 3
26 27 1 15
27 4 79 1
27 10 77 2
27 11 220 1
27 14 34 7
27 23 5 14
