0 1 64 3
0 2 131 1
0 3 55 9
0 4 68 1
0 5 218 17
0 6 187 1
0 7 335 1
0 8 33 11
0 9 130 2
0 10 3 22
0 12 27 26
0 13 14 1
0 16 11 18
0 17 4 12
0 18 7 22
0 19 5 21
0 20 289 1
0 22 1 28
0 24 83 29
0 25 4 1
0 26 59 1
0 27 1 4
1 0 5 29
1 2 5 19
1 3 32 6
1 4 179 20
1 5 10 24
1 6 2 26
1 7 2 3
1 8 51 12
1 9 1 26
1 10 36 26
1 11 83 1
1 13 119 7
1 14 7 5
1 16 112 17
1 17 26 1
1 18 268 5
1 19 212 1
1 21 81 8
1 22 1 12
1 24 43 26
2 0 4 8
2 1 48 3
2 3 4 19
2 4 155 1
2 5 1 16
2 6 240 1
2 7 2 7
2 8 20 1
2 9 149 28
2 11 121 1
2 14 53 11
2 17 34 2
2 20 145 1
2 25 1 16
2 27 1 24
3 0 14 10
3 1 27 21
3 2 46 1
3 4 20 2
3 5 10 12
3 7 250 22
3 8 11 9
3 9 2 28
3 10 19 29
3 11 10 12
3 16 11 1
3 17 233 3
3 20 5 25
3 24 112 15
3 25 2 25
3 27 4 9
4 0 153 1
4 1 2 25
4 3 14 28
4 5 1 28
4 6 7 14
4 7 293 1
4 9 1 1
4 10 188 1
4 11 268 2
4 13 5 21
4 15 1 3
4 16 1 13
4 18 87 1
4 21 39 7
4 22 13 23
4 25 7 22
5 0 81 22
5 1 12 12
5 3 110 5
5 4 1 8
5 6 83 9
5 8 86 28
5 9 363 1
5 10 4 10
5 12 103 1
5 15 1 5
5 16 41 24
5 17 8 1
5 18 22 1
5 24 52 26
5 25 1 27
5 26 1 25
6 0 1 13
6 1 1 15
6 2 257 1
6 3 3 11
6 4 402 1
6 5 269 4
6 7 2 3
6 8 78 1
6 9 161 1
6 10 4 12
6 11 30 8
6 12 1 3
6 13 2 2
6 14 12 26
6 18 1 23
6 21 17 7
6 23 21 7
6 25 1 17
7 0 6 8
7 1 1 4
7 2 81 1
7 3 44 1
7 4 114 1
7 5 111 1
7 6 2 13
7 8 2 19
7 10 147 1
7 11 46 1
7 19 91 2
7 20 44 28
7 23 1 14
7 24 1 3
7 25 33 17
7 26 58 5
7 27 214 3
8 0 12 11
8 1 441 3
8 2 25 1
8 3 239 24
8 4 5 1
8 5 238 24
8 6 15 26
8 7 255 19
8 9 14 17
8 10 5 27
8 11 89 1
8 12 1 25
8 15 129 1
8 16 235 14
8 17 97 1
8 19 71 29
8 20 28 10
8 21 9 2
8 22 83 1
8 24 11 29
8 27 34 27
9 0 1 23
9 2 2 23
9 4 2 17
9 5 49 11
9 6 5 18
9 7 20 1
9 8 45 8
9 10 5 18
9 11 82 1
9 12 1 29
9 20 107 2
9 23 1 5
9 25 1 3
10 0 70 1
10 1 385 1
10 2 7 6
10 3 9 20
10 4 4 3
10 5 4 26
10 6 3 11
10 8 7 3
10 9 6 24
10 11 2 6
10 13 1 20
10 14 5 4
10 15 22 1
10 17 235 3
10 24 243 4
11 0 184 1
11 1 173 1
11 2 12 3
11 5 192 2
11 6 2 21
11 7 103 4
11 8 24 20
11 9 125 1
11 10 304 1
11 12 214 1
11 14 11 24
11 15 163 1
11 16 84 1
11 22 1 7
11 24 410 1
11 25 243 1
11 27 199 2
12 0 108 2
12 2 1 1
12 4 110 2
12 5 1 7
12 6 1 16
12 7 14 24
12 8 1 4
12 9 21 16
12 10 61 1
12 13 82 1
12 14 56 1
12 15 36 2
12 16 1 12
12 19 3 26
12 23 2 9
12 25 1 10
13 4 1 14
13 6 97 2
13 7 191 23
13 10 2 7
13 11 250 2
13 12 1 27
13 14 12 3
13 15 2 8
13 22 11 2
13 26 1 4
14 1 20 13
14 4 20 1
14 6 91 1
14 7 137 1
14 9 6 3
14 10 281 18
14 11 2 8
14 12 18 23
14 13 23 1
14 15 71 4
14 18 3 28
14 22 1 11
14 27 32 2
15 0 1 10
15 3 2 1
15 6 9 1
15 8 2 15
15 10 1 10
15 11 334 17
15 11 173 1
15 12 1 25
15 14 37 1
15 20 1 14
15 24 9 16
15 25 1 17
16 0 24 9
16 1 39 24
16 3 11 22
16 4 10 10
16 5 11 13
16 7 96 4
16 8 59 26
16 17 2 1
16 18 91 1
16 24 29 17
17 0 1 16
17 1 5 12
17 2 5 21
17 4 18 1
17 5 36 1
17 6 1 12
17 8 1 16
17 14 61 3
17 15 13 7
17 16 7 1
17 18 34 1
17 22 4 17
17 27 2 18
18 0 5 6
18 4 2 3
18 5 11 9
18 16 50 1
18 19 1 14
18 23 12 13
18 24 38 12
18 26 38 20
19 0 20 22
19 1 26 26
19 2 44 12
19 4 52 1
19 6 1 23
19 7 1 1
19 11 76 2
19 14 11 28
19 18 1 4
19 20 32 1
20 0 1 10
20 1 264 1
20 2 2 19
20 3 255 1
20 6 3 9
20 7 21 1
20 8 32 2
20 11 40 26
20 14 1 3
20 15 2 22
20 19 166 1
20 26 44 6
21 0 62 16
21 8 89 1
21 14 1 11
21 24 2 3
22 4 5 23
22 7 1 5
22 8 4 14
22 11 52 3
22 13 1 10
22 14 2 15
22 18 1 2
22 24 28 7
22 25 1 18
23 0 1 10
23 1 1 27
23 3 23 1
23 6 42 1
23 8 4 9
23 9 8 1
23 10 1 7
23 11 19 12
23 14 6 28
23 16 1 20
23 20 70 1
24 0 11 15
24 1 271 19
24 3 11 28
24 4 104 6
24 5 47 17
24 6 140 3
24 8 11 16
24 9 38 2
24 10 1 8
24 11 14 1
24 15 1 20
24 16 11 15
24 20 103 8
25 0 42 5
25 2 1 8
25 3 3 5
25 4 23 1
25 8 1 11
25 11 11 1
25 15 1 12
25 17 101 29
25 21 7 10
26 1 1 17
26 4 1 17
26 8 6 19
26 21 19 10
26 27 2 26
27 1 58 6
27 3 45 1
27 9 4 12
27 11 217 1
27 25 1 27
27 26 1 1
