0 1 69 1
0 3 3 15
0 4 325 1
0 5 45 1
0 6 301 1
0 7 1 1
0 8 35 26
0 16 1 9
0 17 1 1
0 19 1 18
0 22 1 7
0 23 1 17
0 24 29 4
0 27 1 4
1 0 352 2
1 2 238 1
1 3 3 13
1 4 13 16
1 5 48 4
1 6 370 1
1 7 2 27
1 8 15 1
1 9 2 21
1 10 3 4
1 11 237 1
1 12 1 18
1 15 2 14
1 16 162 1
1 17 3 22
1 18 1 17
1 22 1 14
1 24 405 1
1 24 78 10
2 1 161 1
2 3 30 24
2 4 319 3
2 5 1 24
2 6 3 16
2 7 184 1
2 8 5 20
2 10 314 1
2 11 285 1
2 15 7 26
2 16 69 3
2 17 183 1
2 18 106 1
2 20 216 4
2 26 9 1
3 0 3 4
3 1 4 8
3 2 8 4
3 4 146 1
3 5 42 2
3 6 95 1
3 7 16 20
3 8 27 25
3 9 1 20
3 10 224 4
3 11 1 12
3 13 10 11
3 16 17 7
3 17 1 3
3 18 1 5
3 19 46 1
3 20 19 1
3 24 1 5
4 0 407 1
4 1 5 16
4 2 1 18
4 3 4 16
4 5 387 25
4 6 285 1
4 7 382 1
4 8 224 1
4 9 248 1
4 17 7 24
4 18 6 1
4 19 1 10
4 20 1 22
5 0 28 29
5 1 316 1
5 2 32 1
5 3 347 24
5 3 110 22
5 4 5 19
5 6 35 8
5 7 106 1
5 8 22 1
5 9 4 17
5 10 10 1
5 11 148 1
5 12 240 1
5 16 68 3
5 24 18 20
5 25 8 26
6 0 85 1
6 1 334 1
6 2 1 6
6 3 1 12
6 4 8 24
6 5 317 1
6 7 1 17
6 8 16 26
6 9 5 10
6 10 62 1
6 11 7 1
6 12 208 22
6 13 1 28
6 14 2 19
6 16 3 22
6 17 2 23
6 18 1 19
6 25 2 4
7 0 6 1
7 2 107 1
7 3 141 1
7 4 269 2
7 5 320 1
7 6 117 1
7 8 417 1
7 9 1 24
7 10 368 14
7 11 20 8
7 13 23 2
7 14 274 1
7 15 228 1
7 18 181 6
7 19 162 2
7 20 2 27
7 22 17 1
7 24 81 1
7 25 1 12
7 26 108 4
8 0 27 2
8 1 2 27
8 2 10 16
8 3 19 23
8 4 3 17
8 5 30 21
8 6 350 8
8 7 4 16
8 9 1 19
8 10 370 26
8 11 342 1
8 12 2 13
8 13 1 10
8 14 1 8
8 16 1 12
8 17 247 1
8 18 3 10
8 21 28 1
8 23 46 1
8 24 1 12
8 25 4 24
8 26 1 15
8 27 2 8
9 0 203 16
9 1 2 19
9 3 59 3
9 4 1 26
9 5 140 1
9 6 15 1
9 7 161 1
9 8 2 19
9 10 249 1
9 11 290 1
9 12 320 1
9 14 89 1
9 17 125 1
9 18 27 1
9 20 144 1
10 0 192 1
10 2 4 7
10 4 3 22
10 5 11 1
10 6 1 1
10 7 198 1
10 8 112 1
10 9 195 1
10 11 5 12
10 12 3 1
10 13 3 27
10 14 368 1
10 15 267 1
10 17 289 1
10 18 170 19
10 20 124 3
10 23 47 1
10 24 1 22
10 25 1 13
11 2 1 11
11 3 172 1
11 6 1 4
11 7 163 1
11 8 40 1
11 9 335 1
11 10 13 9
11 12 269 1
11 13 2 10
11 14 67 1
11 15 7 22
11 16 113 2
11 18 112 9
11 24 14 10
11 25 2 13
11 27 301 1
12 0 156 1
12 1 1 23
12 2 1 21
12 5 42 1
12 6 2 28
12 7 1 23
12 8 3 1
12 9 3 14
12 10 276 1
12 14 165 2
12 15 95 2
12 17 116 1
12 18 22 2
12 22 1 25
12 25 1 24
12 27 1 12
13 6 152 3
13 8 47 1
13 9 138 5
13 10 3 21
13 11 1 22
13 12 69 1
13 14 32 1
13 17 44 1
13 19 7 16
14 0 1 13
14 6 210 2
14 7 293 1
14 8 1 8
14 10 4 25
14 11 8 1
14 13 2 25
14 15 2 18
14 17 1 16
14 24 20 2
15 6 62 1
15 7 1 29
15 8 3 24
15 9 37 1
15 10 1 14
15 11 2 5
15 12 1 7
15 14 2 27
15 18 51 14
15 23 41 29
15 24 1 7
15 27 1 7
16 0 38 10
16 1 17 1
16 3 81 1
16 5 21 13
16 6 1 28
16 8 59 26
16 10 139 5
16 24 1 10
16 27 4 1
17 0 2 7
17 1 1 14
17 2 1 6
17 3 117 2
17 4 172 1
17 5 119 2
17 6 5 15
17 8 1 1
17 9 107 1
17 16 2 8
17 18 130 2
18 0 48 2
18 4 2 8
18 7 94 1
18 10 145 2
18 16 4 14
18 20 1 24
18 23 1 5
18 27 23 1
19 0 99 1
19 4 111 1
19 14 16 6
19 20 3 28
20 0 1 2
20 2 31 14
20 4 47 1
20 5 117 2
20 10 2 19
20 11 1 15
20 17 47 1
20 19 3 17
20 22 40 1
20 23 51 3
20 26 1 15
21 0 60 7
21 9 28 5
21 10 106 2
21 12 1 25
21 16 16 1
22 0 60 13
22 7 1 3
22 8 1 16
22 10 221 4
22 12 1 4
22 14 1 22
22 16 6 29
22 19 2 8
22 21 15 5
22 24 39 24
23 3 37 3
23 6 77 2
23 7 41 1
23 9 32 5
23 11 1 6
23 12 11 4
23 14 2 24
24 0 1 8
24 1 18 23
24 3 44 16
24 5 48 21
24 7 1 11
24 11 1 9
24 14 26 2
24 15 1 12
24 16 50 2
24 23 1 19
24 25 56 2
25 0 87 1
25 3 1 19
25 5 43 8
25 7 183 1
25 8 1 1
25 10 1 19
25 11 450 14
25 15 33 2
25 16 1 22
25 18 36 1
25 20 105 27
25 24 1 21
26 2 8 1
26 7 1 23
26 8 85 27
26 11 122 1
26 16 37 7
26 17 65 4
26 20 76 3
26 23 1 9
26 24 74 4
26 27 52 1
27 1 83 5
27 5 9 2
27 7 30 4
27 10 137 2
27 17 51 6
27 26 133 1
