0 1 381 2
0 2 85 1
0 3 12 29
0 4 39 1
0 5 280 1
0 6 166 1
0 7 108 1
0 8 81 16
0 10 12 1
0 11 368 1
0 12 1 26
0 16 125 1
0 17 11 14
0 20 251 1
0 24 170 1
1 0 86 1
1 2 7 15
1 3 164 8
1 4 306 1
1 5 128 1
1 6 3 13
1 7 341 3
1 8 79 26
1 9 49 21
1 10 3 2
1 11 62 1
1 12 233 1
1 13 118 1
1 14 2 3
1 15 1 12
1 16 276 1
1 17 111 1
1 18 264 3
1 19 195 1
1 20 7 4
1 23 42 4
1 24 184 8
2 0 5 2
2 1 3 2
2 3 24 29
2 4 119 1
2 5 15 21
2 6 177 1
2 7 1 5
2 8 98 23
2 9 38 25
2 10 20 2
2 11 93 1
2 16 32 1
2 17 18 2
2 23 19 10
3 0 103 18
3 1 125 1
3 2 1 2
3 5 35 5
3 6 2 8
3 7 333 1
3 8 145 1
3 10 1 2
3 11 29 26
3 15 46 1
3 16 30 1
3 18 4 8
3 19 3 6
3 20 7 14
3 22 1 6
3 24 21 2
3 25 73 22
3 27 7 10
4 0 111 1
4 3 11 3
4 5 2 24
4 6 19 19
4 7 269 2
4 9 2 25
4 10 153 1
4 11 256 1
4 12 5 13
4 18 379 1
4 25 2 10
5 0 83 1
5 1 3 8
5 3 204 1
5 4 20 20
5 6 328 13
5 7 1 29
5 8 107 10
5 9 195 1
5 10 2 22
5 11 23 1
5 12 77 1
5 16 163 1
5 18 13 4
5 19 33 17
5 24 204 1
6 0 2 26
6 1 4 18
6 2 194 1
6 3 1 17
6 4 73 1
6 5 45 1
6 7 13 13
6 8 2 5
6 9 204 1
6 10 44 3
6 11 1 22
6 12 16 3
6 14 3 20
6 15 2 3
6 16 3 12
6 18 1 8
6 25 1 23
6 27 16 2
7 0 3 19
7 1 12 9
7 2 38 1
7 3 4 1
7 4 90 1
7 5 78 1
7 6 4 25
7 8 13 11
7 10 224 1
7 11 4 9
7 14 81 2
7 15 1 25
7 18 129 1
7 20 2 24
7 21 103 1
7 23 1 17
7 25 1 21
7 26 51 1
8 0 112 10
8 1 271 1
8 2 312 22
8 3 50 1
8 4 29 24
8 5 198 1
8 6 26 26
8 7 195 1
8 9 71 4
8 10 17 15
8 11 43 1
8 12 3 9
8 13 2 17
8 14 336 1
8 15 108 1
8 16 75 1
8 17 75 1
8 19 3 29
8 20 1 8
8 22 73 2
8 24 122 3
8 25 1 19
9 1 359 2
9 4 158 5
9 5 11 12
9 6 235 14
9 8 2 28
9 10 11 15
9 11 55 1
9 12 1 1
10 1 354 2
10 3 4 28
10 5 55 7
10 6 3 17
10 8 91 19
10 9 5 16
10 11 2 3
10 12 3 25
10 14 19 19
10 17 222 1
10 22 8 1
10 24 235 3
11 0 154 1
11 1 147 1
11 2 281 1
11 3 1 12
11 4 3 27
11 5 173 1
11 6 5 2
11 7 179 21
11 8 2 15
11 9 93 1
11 10 283 1
11 12 200 2
11 13 24 1
11 14 1 4
11 15 233 1
11 17 5 29
11 19 137 3
11 20 1 5
11 22 1 15
11 23 29 25
11 24 349 1
11 25 120 1
11 27 173 1
12 4 90 1
12 5 1 15
12 6 40 20
12 7 2 25
12 8 11 8
12 9 19 2
12 13 50 1
12 14 40 1
12 15 27 2
12 17 62 2
12 19 2 16
12 20 5 29
12 23 3 27
12 25 2 9
13 6 86 1
13 7 1 15
13 8 1 29
13 9 78 2
13 10 3 7
13 11 230 2
13 12 2 27
13 14 8 7
13 22 9 2
14 4 14 3
14 7 108 1
14 8 3 1
14 9 7 14
14 10 228 1
14 11 8 22
14 13 4 3
14 15 19 1
14 16 20 1
14 18 59 8
15 0 11 13
15 1 15 9
15 3 12 20
15 4 24 1
15 10 8 20
15 11 129 1
15 12 1 17
15 14 7 1
15 20 1 10
15 22 17 2
15 23 22 1
15 27 20 12
16 0 121 1
16 1 48 1
16 3 257 1
16 4 3 22
16 5 35 2
16 6 3 17
16 7 89 1
16 8 56 12
16 10 101 1
16 17 2 7
16 18 49 1
16 19 58 9
16 20 114 1
16 24 2 22
16 25 13 23
17 0 20 5
17 1 14 20
17 2 4 19
17 3 10 1
17 7 1 17
17 9 22 2
17 11 5 26
17 16 19 3
17 19 139 5
17 22 10 16
17 23 28 10
17 25 2 12
17 26 1 24
17 27 66 22
18 2 2 13
18 4 1 7
18 5 2 10
18 7 34 5
18 8 241 1
18 10 67 1
18 11 61 3
18 16 260 1
18 17 232 1
19 0 11 7
19 1 4 1
19 3 3 3
19 6 2 13
19 8 157 2
19 10 77 4
19 11 67 4
19 18 1 26
19 25 2 19
20 0 3 23
20 1 249 1
20 2 1 14
20 3 230 1
20 4 4 1
20 8 21 4
20 9 152 20
20 11 1 16
20 15 4 5
20 18 109 2
20 19 60 1
20 21 2 29
20 26 7 16
21 1 1 4
21 3 23 3
21 5 2 13
21 6 2 26
21 8 85 3
21 10 2 16
21 11 19 2
21 14 1 12
21 25 14 28
22 0 41 1
22 1 1 27
22 5 24 1
22 6 3 10
22 8 22 13
22 9 3 9
22 11 40 1
22 12 1 2
22 15 1 2
22 19 1 3
22 21 5 27
22 23 2 13
22 26 1 12
22 27 3 12
23 4 1 12
23 8 1 20
23 10 6 5
23 11 110 12
23 13 13 15
23 15 4 7
23 16 2 22
23 17 45 11
24 0 182 1
24 1 124 1
24 2 1 2
24 3 238 4
24 4 101 8
24 5 111 4
24 8 238 1
24 9 32 3
24 11 353 1
24 14 4 2
24 16 38 1
24 17 98 25
24 25 24 1
25 0 36 1
25 2 1 26
25 4 18 1
25 5 28 14
25 10 1 16
25 11 188 1
25 12 2 21
25 19 10 20
25 21 7 5
25 24 1 26
25 27 83 1
26 0 2 6
26 3 34 4
26 4 1 28
26 7 1 26
26 13 1 28
26 14 1 28
26 18 16 21
26 23 2 23
26 24 25 3
26 25 1 17
27 1 54 6
27 4 76 1
27 10 66 2
27 11 192 1
27 23 4 14
27 25 1 24
