0 1 309 1
0 2 76 1
0 3 189 1
0 4 33 1
0 5 221 1
0 6 156 1
0 7 98 1
0 8 74 1
0 9 109 1
0 10 53 1
0 11 364 2
0 12 1 6
0 16 163 1
0 17 2 4
0 20 242 1
0 22 1 2
0 24 54 1
1 0 253 1
1 2 6 27
1 3 141 1
1 4 284 1
1 5 258 1
1 6 3 6
1 7 338 2
1 8 34 1
1 9 1 22
1 10 2 15
1 11 58 1
1 15 139 9
1 16 77 1
1 17 157 4
1 18 20 2
1 19 191 1
1 20 2 10
1 22 8 21
1 24 163 1
1 26 26 6
2 0 4 24
2 1 73 12
2 3 12 8
2 4 111 1
2 6 163 1
2 7 16 2
2 8 126 1
2 10 16 1
2 15 2 18
2 17 15 2
2 19 1 24
2 25 1 5
2 27 1 19
3 0 56 1
3 1 23 1
3 2 2 16
3 5 135 1
3 6 2 18
3 7 301 1
3 8 346 1
3 11 374 1
3 12 2 9
3 13 1 2
3 16 302 1
3 18 4 18
3 20 1 5
3 24 140 1
4 0 102 1
4 1 100 2
4 5 2 1
4 6 2 26
4 7 264 1
4 9 6 6
4 10 145 1
4 11 253 1
4 12 1 2
4 15 2 11
4 17 6 3
4 18 76 1
4 19 1 9
4 22 4 21
4 25 1 21
4 26 1 25
5 0 4 20
5 1 291 1
5 3 108 1
5 4 84 1
5 6 55 1
5 7 1 3
5 8 17 4
5 9 149 1
5 10 2 15
5 12 71 2
5 16 21 1
5 19 1 9
5 20 1 26
5 23 1 10
5 24 31 29
5 25 3 9
6 0 1 16
6 1 2 27
6 2 179 1
6 3 1 7
6 4 49 1
6 5 13 1
6 7 3 8
6 8 17 18
6 9 225 1
6 10 86 12
6 11 1 6
6 12 16 17
6 17 326 6
6 18 1 3
6 19 3 20
6 21 2 13
6 24 3 29
6 25 126 23
6 27 16 1
7 0 8 11
7 1 3 1
7 2 31 1
7 4 85 1
7 5 71 1
7 6 15 2
7 8 8 19
7 9 261 8
7 10 209 1
7 11 8 17
7 13 1 23
7 14 75 1
7 15 1 1
7 16 49 1
7 17 4 21
7 18 127 1
7 20 33 27
7 25 1 3
7 27 202 3
8 0 61 1
8 1 199 1
8 2 96 1
8 3 146 1
8 4 38 23
8 5 273 1
8 6 94 25
8 7 161 1
8 9 32 2
8 10 9 10
8 11 35 1
8 12 1 4
8 14 329 1
8 15 103 1
8 16 257 1
8 17 71 1
8 18 1 7
8 19 2 25
8 20 1 15
8 21 6 9
8 24 164 1
8 25 2 3
9 1 353 1
9 2 2 23
9 4 170 12
9 5 4 18
9 6 5 3
9 8 51 24
9 10 21 15
9 11 49 2
9 12 2 21
9 15 1 4
9 24 87 5
9 25 1 26
9 26 2 20
9 27 1 24
10 0 50 2
10 1 347 1
10 2 9 2
10 3 6 18
10 5 2 21
10 6 6 16
10 7 1 25
10 8 136 1
10 9 12 26
10 11 2 4
10 14 90 28
10 16 14 7
10 17 219 1
10 20 42 2
10 24 233 3
10 25 237 1
10 27 76 18
11 0 148 1
11 3 1 7
11 5 168 2
11 6 13 5
11 7 41 14
11 8 30 24
11 9 86 1
11 10 246 1
11 12 197 1
11 14 54 18
11 15 187 1
11 18 1 17
11 20 1 3
11 23 3 12
11 24 334 1
11 25 97 1
11 27 167 2
12 1 7 2
12 4 85 1
12 5 3 17
12 6 1 13
12 7 1 24
12 8 11 2
12 13 43 1
12 14 37 1
12 22 1 1
12 23 1 27
12 25 2 12
13 1 5 4
13 4 2 4
13 6 83 2
13 7 1 10
13 11 226 1
13 12 17 6
13 14 19 13
13 15 1 19
13 17 21 2
13 22 8 2
14 5 6 28
14 6 66 2
14 8 334 1
14 9 3 4
14 10 231 17
14 11 2 19
14 12 1 25
14 15 9 1
14 17 113 11
14 18 59 27
14 21 4 1
15 1 1 3
15 10 1 27
15 11 166 1
15 14 3 2
15 23 20 4
15 25 2 10
16 0 13 9
16 1 278 1
16 2 1 9
16 3 92 16
16 4 2 17
16 5 147 1
16 6 1 23
16 8 292 1
16 17 1 21
16 18 41 1
16 21 1 21
16 22 9 26
16 23 1 19
16 24 42 12
17 0 3 29
17 1 19 22
17 2 30 13
17 3 8 1
17 6 1 27
17 11 15 26
17 16 11 1
17 19 138 3
17 20 175 1
17 22 19 10
17 25 9 27
17 26 2 4
18 4 17 12
18 5 1 26
18 6 3 18
18 8 238 2
18 12 1 5
18 16 27 1
18 17 229 2
18 20 1 12
18 23 3 19
19 0 3 13
19 3 2 4
19 8 155 3
19 20 177 1
19 24 2 23
19 27 19 2
20 0 5 4
20 1 245 1
20 6 1 23
20 7 9 4
20 9 1 2
20 10 249 8
20 11 1 21
20 14 1 9
20 16 25 1
20 19 42 1
21 0 1 24
21 1 2 1
21 13 16 28
21 14 2 4
21 16 9 2
22 1 1 6
22 4 1 13
22 7 158 20
22 9 1 3
22 11 37 2
22 14 4 11
22 16 2 29
22 18 1 6
23 3 20 1
23 4 1 20
23 6 36 1
23 11 2 7
23 15 12 12
23 24 1 8
24 0 117 1
24 1 60 16
24 3 225 1
24 4 101 2
24 5 86 1
24 7 299 2
24 8 68 1
24 11 339 1
24 15 2 9
24 16 79 1
24 20 1 14
24 23 6 1
24 25 22 6
24 27 49 6
25 1 3 6
25 3 3 29
25 4 18 1
25 6 68 1
25 8 1 15
25 9 68 3
25 11 160 1
25 23 1 25
25 24 4 7
25 27 81 1
26 4 8 8
26 5 1 20
26 7 126 4
26 8 94 20
26 9 2 13
26 11 39 1
26 18 1 14
26 24 24 2
26 27 4 13
27 8 150 1
27 11 186 1
27 14 2 13
27 16 38 1
27 25 1 17
