0 1 218 1
0 2 66 1
0 3 61 1
0 4 27 1
0 5 5 25
0 6 145 1
0 7 86 1
0 8 54 1
0 9 104 2
0 10 1 13
0 12 30 13
0 14 2 5
0 15 5 17
0 16 40 1
0 17 13 1
0 18 1 12
0 20 231 1
0 23 2 4
0 24 69 1
1 0 155 1
1 2 95 25
1 3 151 9
1 4 166 1
1 5 217 1
1 6 9 24
1 7 158 1
1 8 98 1
1 10 2 11
1 11 53 1
1 13 116 7
1 15 139 24
1 16 65 1
1 17 145 28
1 18 262 1
1 19 186 1
1 20 5 15
1 21 2 16
1 24 23 11
1 25 138 2
2 0 3 4
2 1 7 25
2 3 18 8
2 4 102 1
2 6 147 1
2 7 2 18
2 8 84 1
2 9 149 12
2 11 80 1
2 12 3 10
2 17 12 1
2 19 5 19
2 20 118 1
2 21 1 9
3 0 115 21
3 1 157 1
3 2 3 18
3 5 25 1
3 7 264 1
3 8 17 7
3 9 1 12
3 11 369 1
3 12 3 9
3 13 17 20
3 16 159 1
3 20 24 24
3 22 1 24
3 24 81 1
4 0 93 1
4 1 319 1
4 2 63 2
4 5 3 3
4 6 3 9
4 7 257 1
4 8 1 16
4 9 2 25
4 10 136 1
4 11 249 2
4 12 1 20
4 16 10 3
4 18 375 1
4 19 1 1
4 20 4 2
5 0 92 1
5 1 20 1
5 3 164 1
5 4 78 1
5 6 30 13
5 7 1 13
5 8 428 1
5 9 108 1
5 10 16 22
5 12 65 1
5 14 16 1
5 16 136 1
5 19 34 15
5 24 67 1
5 25 9 24
5 26 29 20
5 27 2 17
6 0 5 6
6 1 3 10
6 2 163 1
6 3 2 22
6 4 377 1
6 7 1 10
6 8 12 24
6 9 108 1
6 10 131 16
6 11 33 6
6 14 96 25
6 15 2 6
6 17 324 20
6 18 1 1
6 24 8 3
7 0 116 19
7 1 1 14
7 2 23 1
7 4 79 1
7 5 64 1
7 6 3 11
7 8 5 11
7 10 102 1
7 11 21 14
7 14 69 1
7 15 2 5
7 18 124 1
7 20 51 25
7 21 101 5
7 22 1 12
7 23 24 20
7 25 24 10
7 26 47 1
8 0 112 1
8 1 40 18
8 2 47 1
8 3 194 1
8 4 329 5
8 5 72 1
8 6 26 14
8 7 119 1
8 9 8 6
8 10 68 22
8 11 26 1
8 12 263 20
8 13 4 13
8 14 323 1
8 15 98 1
8 16 105 1
8 17 66 1
8 19 2 9
8 20 33 23
8 21 6 6
8 24 109 1
8 25 4 9
8 26 1 27
9 1 346 1
9 4 1 22
9 5 3 8
9 6 2 10
9 8 2 24
9 10 5 29
9 12 5 21
9 15 1 23
9 17 28 4
9 20 96 4
9 21 3 3
9 24 86 2
9 25 2 6
10 0 46 1
10 1 338 1
10 2 385 2
10 3 4 28
10 4 1 14
10 5 21 13
10 6 123 24
10 7 6 9
10 8 173 18
10 9 10 2
10 11 8 16
10 12 1 26
10 14 11 7
10 18 207 20
10 20 39 1
10 21 1 1
10 22 5 3
10 24 231 1
10 25 232 1
11 0 140 2
11 1 134 1
11 2 2 1
11 3 1 12
11 4 4 15
11 5 163 2
11 6 69 25
11 7 13 2
11 8 2 15
11 9 79 1
11 10 269 14
11 14 20 18
11 15 4 8
11 17 9 6
11 20 279 16
11 23 33 28
11 24 317 1
11 25 73 1
12 0 95 1
12 1 219 11
12 4 81 1
12 5 5 11
12 6 4 23
12 7 22 1
12 9 122 1
12 10 27 1
12 11 7 26
12 13 36 1
12 14 33 2
12 19 52 10
12 25 1 16
13 2 6 2
13 6 80 1
13 11 220 1
13 12 5 5
13 14 2 19
13 15 4 2
13 21 1 20
14 5 1 6
14 6 61 2
14 8 14 1
14 9 1 29
14 10 41 1
14 11 1 28
14 12 10 12
14 15 39 1
15 0 14 16
15 1 1 29
15 7 154 1
15 8 1 28
15 10 1 3
15 11 120 1
15 12 4 7
15 14 1 1
15 16 41 14
15 22 16 1
15 23 18 2
15 26 1 3
16 0 52 1
16 1 171 1
16 2 1 2
16 3 11 5
16 4 1 5
16 5 42 1
16 6 3 10
16 8 268 1
16 11 42 1
16 12 3 19
16 17 4 1
16 18 33 1
16 23 1 29
16 24 9 13
16 26 33 29
17 0 27 1
17 1 1 21
17 2 1 15
17 5 20 1
17 6 4 1
17 7 3 27
17 14 53 1
17 16 391 1
17 20 173 3
17 21 1 8
17 22 1 23
17 23 1 9
18 2 62 6
18 4 1 26
18 5 2 25
18 9 192 1
18 10 62 3
18 16 15 1
18 19 1 24
18 23 3 21
19 0 1 2
19 1 1 8
19 3 2 9
19 4 39 1
19 5 1 25
19 6 1 5
19 10 74 3
19 11 63 1
19 16 41 14
19 20 145 1
19 26 1 17
20 0 2 25
20 1 241 1
20 2 15 3
20 3 217 1
20 6 1 12
20 7 7 3
20 11 1 28
20 14 1 22
20 16 24 2
20 19 25 1
20 26 2 29
21 2 2 2
21 11 17 4
21 15 1 15
21 20 1 19
22 1 6 15
22 4 6 28
22 6 2 9
22 8 1 3
22 19 1 4
22 21 21 7
22 23 1 9
22 24 23 6
22 25 10 23
23 8 1 17
23 10 2 26
23 11 1 5
23 15 2 23
23 21 1 26
23 22 2 23
23 24 1 28
24 0 2 18
24 1 31 9
24 3 72 1
24 4 100 3
24 5 48 1
24 6 131 6
24 7 294 2
24 8 69 1
24 9 29 4
24 11 326 1
24 14 3 2
24 15 2 23
24 16 62 1
24 23 45 1
24 26 2 1
25 0 32 4
25 4 17 1
25 6 65 1
25 7 2 13
25 8 1 13
25 11 130 1
25 12 1 21
25 13 8 24
25 20 105 3
25 23 1 29
25 26 2 19
26 8 5 21
26 20 69 5
26 22 18 12
26 23 1 4
26 24 22 3
26 25 2 8
26 27 1 10
27 2 1 22
27 6 80 4
27 10 61 2
27 11 180 1
27 19 2 14
27 25 12 15
27 26 1 1
