0 1 3 8
0 2 55 1
0 3 3 1
0 4 21 2
0 5 28 1
0 6 133 1
0 7 296 4
0 8 15 1
0 9 99 2
0 10 1 7
0 11 357 1
0 12 4 10
0 14 5 4
0 15 1 4
0 16 9 18
0 17 1 12
0 19 2 1
0 20 220 1
0 22 1 25
0 24 12 19
1 0 69 1
1 2 31 7
1 3 142 1
1 4 155 1
1 5 130 1
1 6 10 19
1 7 153 2
1 8 70 1
1 10 1 2
1 13 116 1
1 14 3 13
1 16 43 22
1 17 337 15
1 18 259 2
1 19 180 1
1 20 2 4
1 24 58 22
1 27 1 5
2 0 2 25
2 1 3 13
2 3 4 10
2 4 92 2
2 6 130 1
2 7 3 5
2 8 73 1
2 10 7 1
2 11 73 1
2 12 9 16
2 16 29 1
2 17 9 1
2 18 76 4
2 20 113 1
2 23 18 1
2 27 1 12
3 0 2 10
3 1 19 1
3 2 4 5
3 4 3 2
3 7 192 1
3 8 359 1
3 11 360 1
3 12 1 23
3 15 42 2
3 16 86 26
3 20 21 4
3 24 12 1
3 25 1 1
4 0 82 1
4 1 319 13
4 3 250 2
4 5 9 11
4 6 20 27
4 7 250 1
4 9 1 16
4 10 126 1
4 11 245 2
4 17 100 3
4 18 361 1
4 20 1 19
4 24 100 4
5 0 16 12
5 3 91 9
5 4 7 1
5 6 230 16
5 8 362 1
5 9 61 1
5 10 71 8
5 11 15 2
5 13 1 15
5 14 14 4
5 15 1 11
5 16 62 28
5 23 1 8
5 25 1 21
5 27 1 7
6 0 5 25
6 1 25 9
6 2 146 1
6 3 1 14
6 4 359 1
6 5 7 23
6 7 121 18
6 8 38 23
6 9 263 1
6 10 3 2
6 11 132 1
6 14 1 13
6 17 14 2
7 0 1 7
7 1 3 24
7 3 1 18
7 4 73 1
7 5 56 1
7 6 3 8
7 8 16 29
7 9 71 13
7 10 193 1
7 11 9 8
7 13 1 27
7 14 62 1
7 15 1 18
7 17 25 6
7 18 122 2
7 20 1 18
7 21 101 1
7 23 2 13
7 24 1 2
7 25 62 4
7 26 45 1
7 27 196 2
8 0 49 20
8 1 170 1
8 2 288 1
8 3 147 23
8 4 1 29
8 5 250 1
8 6 24 12
8 7 71 1
8 9 323 4
8 10 47 27
8 11 18 2
8 12 63 28
8 13 13 10
8 14 315 1
8 15 92 1
8 16 44 27
8 17 60 2
8 18 1 8
8 19 2 11
8 22 65 2
8 24 39 23
8 25 2 18
8 27 73 6
9 1 3 1
9 2 17 2
9 4 15 5
9 5 1 15
9 6 5 7
9 8 2 20
9 10 22 15
9 11 37 1
9 12 2 10
9 13 1 8
9 14 1 5
9 17 26 1
9 21 1 26
9 24 84 2
9 25 2 1
10 0 42 2
10 1 328 1
10 2 4 1
10 3 2 5
10 4 2 15
10 5 4 16
10 6 27 3
10 7 2 17
10 9 4 10
10 12 302 28
10 14 60 1
10 17 212 1
10 21 1 1
10 22 3 1
10 27 8 9
11 0 132 1
11 1 127 1
11 2 1 1
11 3 1 23
11 4 3 1
11 5 157 2
11 6 1 16
11 7 12 17
11 8 10 19
11 9 71 1
11 10 101 1
11 13 4 1
11 14 1 5
11 15 125 1
11 19 132 1
11 21 126 1
11 24 297 1
11 25 50 1
11 27 153 1
12 3 46 27
12 4 75 2
12 5 17 18
12 6 1 6
12 8 1 6
12 9 17 1
12 10 22 1
12 11 7 4
12 13 29 1
12 14 29 1
12 15 21 2
12 16 18 18
12 19 52 21
12 20 2 3
12 23 3 11
12 26 4 1
13 4 5 12
13 6 77 2
13 7 195 24
13 10 5 8
13 11 213 2
13 12 8 28
13 15 4 8
13 16 2 28
13 22 6 6
14 0 9 16
14 3 1 9
14 4 10 6
14 6 56 2
14 7 87 1
14 8 329 1
14 10 219 1
14 11 12 23
14 12 2 22
14 15 28 1
14 17 4 6
15 1 4 3
15 4 20 7
15 8 1 7
15 10 2 13
15 11 63 1
15 12 1 28
15 16 2 1
15 19 16 5
15 20 40 15
15 21 3 5
15 25 1 5
16 0 6 22
16 1 131 1
16 2 1 3
16 3 78 17
16 5 2 14
16 6 3 21
16 8 196 3
16 11 40 3
16 17 1 24
16 18 25 1
16 23 1 18
16 24 25 1
16 25 2 14
17 0 1 8
17 1 23 10
17 2 236 18
17 3 4 1
17 4 2 1
17 6 2 15
17 7 1 22
17 8 1 23
17 9 16 2
17 11 2 8
17 16 375 5
17 22 1 27
17 25 1 3
17 26 1 20
18 2 2 5
18 5 3 26
18 6 3 26
18 9 189 2
18 10 59 2
18 11 56 5
18 16 245 1
18 17 222 1
18 23 3 1
19 0 32 7
19 1 10 7
19 5 39 4
19 6 126 24
19 20 113 1
19 25 2 18
20 0 41 10
20 2 1 1
20 3 208 1
20 4 2 2
20 7 5 3
20 8 14 1
20 11 2 6
20 12 1 11
20 14 1 16
20 15 1 2
20 19 12 1
20 21 5 5
21 5 1 5
21 6 1 25
21 12 1 4
21 14 3 16
22 0 38 10
22 1 2 6
22 8 14 20
22 9 3 11
22 21 5 10
22 23 8 9
22 24 22 3
23 8 12 25
23 10 2 1
23 11 46 22
23 14 34 10
23 22 1 25
23 24 3 16
24 0 81 27
24 1 26 22
24 3 61 17
24 5 3 17
24 6 130 1
24 7 288 1
24 8 10 13
24 11 307 1
24 16 32 1
24 22 35 9
24 25 20 1
25 3 17 27
25 5 26 5
25 8 12 17
25 10 1 17
25 11 100 1
25 17 101 10
25 21 6 11
25 23 1 24
25 27 73 1
26 1 2 6
26 3 32 12
26 7 3 19
26 9 1 6
26 11 34 2
26 15 1 1
26 27 4 11
27 7 1 5
27 10 59 1
27 11 172 2
27 15 6 23
27 25 1 29
27 26 1 5
