0 1 21 6
0 2 40 1
0 3 26 14
0 4 14 1
0 5 24 26
0 6 115 1
0 7 279 1
0 8 17 6
0 10 110 14
0 11 349 1
0 12 104 10
0 16 54 13
0 19 262 1
0 20 203 1
0 23 2 18
0 24 16 17
0 27 1 10
1 0 18 3
1 2 100 23
1 3 13 8
1 4 105 1
1 5 15 2
1 6 4 28
1 7 151 1
1 8 13 15
1 10 1 9
1 11 40 2
1 12 222 1
1 16 20 13
1 17 335 1
1 18 16 1
1 19 171 2
1 24 15 29
1 25 136 2
2 0 6 10
2 1 15 1
2 3 38 14
2 4 79 1
2 6 105 1
2 7 14 27
2 8 118 1
2 10 2 2
2 11 62 2
2 14 47 1
2 15 3 25
2 17 5 3
2 22 20 9
2 23 17 26
2 27 1 20
3 0 213 25
3 1 19 16
3 2 7 6
3 5 31 7
3 6 1 16
3 7 157 1
3 8 21 25
3 9 20 26
3 10 49 22
3 11 343 1
3 14 64 1
3 15 39 2
3 16 27 15
3 17 204 3
3 20 1 14
3 23 33 1
3 24 30 19
4 0 68 1
4 1 313 1
4 2 2 2
4 3 243 2
4 5 15 27
4 6 35 15
4 7 239 1
4 8 1 18
4 9 4 20
4 11 239 2
4 12 8 7
4 16 1 29
4 18 11 1
4 19 162 10
4 20 5 8
4 21 32 1
5 0 19 27
5 1 35 1
5 2 1 1
5 3 28 27
5 4 80 1
5 6 159 5
5 8 14 10
5 9 14 1
5 10 2 22
5 12 49 1
5 13 2 18
5 16 31 29
5 21 29 1
5 24 16 10
6 0 7 25
6 1 24 5
6 2 120 1
6 3 14 28
6 4 321 1
6 5 18 22
6 7 1 7
6 8 22 3
6 9 126 1
6 10 242 12
6 11 4 11
6 12 1 22
6 13 18 6
6 14 96 2
6 15 1 17
6 16 22 3
6 17 10 1
6 18 1 6
6 21 2 9
6 22 1 3
6 23 12 1
6 26 85 2
6 27 12 4
7 0 5 2
7 1 3 11
7 2 7 1
7 3 1 20
7 4 64 2
7 5 45 1
7 6 7 11
7 8 5 26
7 10 255 1
7 11 11 25
7 13 1 19
7 14 52 2
7 15 1 2
7 16 43 1
7 18 118 2
7 19 64 3
7 20 52 1
7 21 100 1
7 23 7 3
7 24 1 10
7 25 2 28
7 26 42 1
7 27 191 3
8 0 17 17
8 1 17 24
8 2 211 1
8 3 15 8
8 4 31 1
8 5 15 24
8 6 50 19
8 6 403 7
8 7 101 1
8 9 1 22
8 10 20 10
8 11 9 1
8 12 1 25
8 13 1 29
8 14 301 1
8 15 83 2
8 16 16 1
8 17 52 1
8 19 1 19
8 20 3 29
8 22 61 1
8 24 36 10
8 25 119 19
9 1 330 1
9 2 2 12
9 4 1 16
9 8 2 3
9 10 74 2
9 12 23 15
9 15 2 9
9 24 81 1
9 25 1 18
10 0 36 1
10 1 313 1
10 2 376 1
10 3 27 10
10 4 3 14
10 5 2 23
10 6 2 27
10 7 1 27
10 8 435 1
10 9 3 19
10 11 109 13
10 14 80 3
10 17 205 1
10 21 130 2
10 25 218 1
11 1 116 1
11 2 266 1
11 3 6 10
11 4 1 27
11 6 89 20
11 7 10 16
11 8 6 1
11 9 59 2
11 10 185 1
11 12 183 1
11 13 212 26
11 14 4 9
11 15 65 1
11 17 3 23
11 23 2 14
11 24 267 1
11 25 23 1
11 27 142 1
12 0 89 2
12 3 1 11
12 4 67 2
12 6 19 24
12 8 1 13
12 9 430 1
12 13 20 1
12 14 23 1
12 15 18 1
12 21 109 1
12 22 1 14
12 24 59 23
12 25 2 24
13 1 65 13
13 2 5 1
13 3 11 9
13 4 1 13
13 6 73 1
13 8 1 21
13 11 203 1
13 12 9 6
13 14 23 3
14 0 2 11
14 1 1 29
14 3 5 15
14 4 8 2
14 5 1 17
14 6 49 1
14 7 76 1
14 8 318 1
14 9 2 18
14 10 186 1
14 11 2 6
14 12 3 21
14 15 16 1
14 16 19 1
14 22 1 17
14 27 28 1
15 3 1 24
15 4 19 1
15 7 148 1
15 10 1 29
15 11 350 1
15 13 2 28
15 20 42 7
15 24 51 7
16 0 16 22
16 1 16 14
16 3 17 21
16 4 15 25
16 5 16 18
16 8 16 5
16 10 94 2
16 11 38 1
16 17 11 3
16 18 14 1
16 20 112 1
16 22 9 29
16 24 24 8
17 0 3 24
17 1 1 6
17 5 15 1
17 6 5 10
17 7 1 12
17 10 288 1
17 12 1 10
17 16 359 1
17 19 133 4
17 20 168 1
17 21 4 17
17 24 2 5
17 26 3 16
17 27 1 15
18 3 4 10
18 5 6 1
18 6 8 20
18 7 26 1
18 9 185 1
18 10 55 2
18 14 1 25
18 16 231 3
18 23 13 28
19 0 19 20
19 1 2 9
19 5 1 1
19 11 58 1
19 16 40 4
19 20 70 1
19 24 3 22
20 0 3 2
20 1 228 1
20 2 1 14
20 3 196 1
20 4 1 1
20 5 71 2
20 6 29 15
20 8 11 1
20 11 1 26
20 13 2 15
20 16 21 8
21 2 1 20
21 5 3 3
21 6 1 25
21 7 1 26
21 9 2 1
21 11 14 10
21 14 1 21
21 19 1 19
21 27 10 2
22 2 1 13
22 4 3 2
22 8 17 28
22 10 109 1
22 11 26 4
22 12 19 6
22 14 31 11
22 16 1 21
22 18 25 12
22 21 5 18
22 26 1 26
23 0 93 2
23 6 30 6
23 10 25 20
23 11 1 21
23 15 3 8
23 18 10 24
23 20 66 1
23 22 1 15
23 24 5 22
23 26 16 18
24 0 16 8
24 1 42 22
24 3 16 24
24 4 97 8
24 5 16 12
24 7 278 1
24 8 29 12
24 9 25 4
24 11 277 1
24 14 2 1
24 16 16 12
24 27 47 18
25 0 28 3
25 1 135 14
25 6 58 1
25 7 1 21
25 8 2 29
25 9 61 1
25 11 62 1
25 12 2 28
25 17 3 22
25 23 1 20
25 27 66 1
26 0 12 10
26 2 1 12
26 6 7 5
26 7 1 3
26 11 30 4
26 18 4 24
26 21 18 3
26 24 17 2
26 27 1 29
27 10 54 2
27 11 161 1
27 25 1 5
