0 1 24 24
0 3 17 13
0 5 65 15
0 6 113 1
0 7 276 1
0 8 18 4
0 11 348 1
0 12 1 5
0 16 17 1
0 17 1 14
0 20 200 1
0 24 18 14
1 0 15 17
1 2 5 4
1 3 16 2
1 4 96 1
1 5 31 8
1 6 40 1
1 8 106 28
1 10 2 5
1 11 39 1
1 14 5 3
1 16 17 14
1 17 330 25
1 19 170 2
1 20 1 2
1 22 8 7
1 24 18 10
1 25 135 7
2 0 4 8
2 1 13 22
2 3 2 22
2 4 77 1
2 6 102 1
2 7 4 28
2 8 109 1
2 9 148 2
2 10 2 1
2 11 61 1
2 19 3 28
2 20 104 1
3 0 20 1
3 1 15 17
3 2 11 25
3 5 17 10
3 6 4 28
3 7 149 1
3 8 16 24
3 9 1 19
3 11 341 1
3 12 5 14
3 15 39 3
3 16 18 2
3 20 1 3
3 24 27 14
3 27 1 14
4 0 66 1
4 1 309 1
4 2 65 3
4 3 242 3
4 5 8 7
4 6 3 12
4 8 2 7
4 9 9 14
4 10 111 1
4 11 238 2
4 12 1 23
4 15 1 11
4 18 57 1
4 21 31 3
4 22 4 11
4 25 2 20
5 0 63 17
5 1 19 18
5 3 18 7
5 4 401 1
5 6 188 1
5 7 2 1
5 8 29 25
5 9 10 1
5 10 7 17
5 12 48 1
5 16 17 25
5 18 6 1
5 19 36 6
5 21 28 9
5 24 17 22
6 0 1 28
6 1 4 11
6 2 117 1
6 3 1 3
6 4 315 1
6 5 16 21
6 7 8 9
6 8 62 9
6 9 116 1
6 10 3 6
6 11 1 19
6 13 1 8
6 14 97 15
6 15 1 19
6 17 9 1
6 18 2 27
6 24 2 28
6 26 85 1
7 0 7 17
7 1 91 27
7 2 6 2
7 3 3 3
7 4 63 1
7 5 43 2
7 6 10 11
7 8 6 20
7 9 262 16
7 10 252 1
7 11 22 29
7 14 51 1
7 15 2 3
7 16 42 2
7 17 32 22
7 18 117 1
7 22 2 13
7 24 3 23
7 25 2 27
8 0 18 27
8 1 16 14
8 2 201 1
8 3 40 19
8 4 3 2
8 5 13 18
8 6 39 4
8 7 93 1
8 9 33 19
8 10 35 24
8 13 15 10
8 14 299 1
8 15 82 2
8 16 57 19
8 17 51 2
8 19 5 19
8 20 1 2
8 22 61 1
8 24 18 23
8 25 2 2
8 26 1 13
8 27 8 15
9 0 2 2
9 1 328 1
9 4 24 10
9 5 416 1
9 7 1 2
9 8 49 29
9 10 85 2
9 11 28 1
9 12 10 28
9 13 4 7
9 14 3 3
9 17 22 1
9 18 2 13
9 19 2 29
9 21 3 5
10 0 35 3
10 1 311 1
10 2 374 2
10 3 1 20
10 5 17 5
10 6 7 17
10 7 4 8
10 8 116 1
10 9 7 12
10 11 1 2
10 14 4 3
10 18 1 29
10 19 2 19
10 21 129 5
10 22 2 1
10 24 222 1
10 25 217 1
10 27 1 23
11 0 119 1
11 3 2 19
11 5 147 2
11 7 60 15
11 8 2 6
11 9 58 1
11 10 178 1
11 13 21 1
11 14 2 27
11 15 59 1
11 16 72 1
11 18 1 26
11 23 3 29
11 24 263 1
11 25 21 1
11 27 140 1
12 0 89 1
12 3 3 26
12 4 66 1
12 5 4 2
12 6 2 2
12 7 1 8
12 8 2 3
12 9 3 1
12 10 14 1
12 14 23 1
12 22 136 1
12 23 1 22
13 9 64 1
13 11 202 1
13 12 1 11
13 14 7 20
13 15 1 14
13 22 5 1
13 23 1 22
13 24 2 9
13 26 1 12
14 4 8 1
14 7 74 1
14 8 316 1
14 9 2 5
14 10 207 1
14 11 3 2
14 15 14 1
15 0 3 5
15 1 2 24
15 3 1 22
15 4 18 3
15 7 153 1
15 10 1 28
15 11 337 1
15 12 11 5
15 14 1 25
15 18 1 2
15 23 12 5
16 0 18 13
16 1 17 14
16 3 96 29
16 4 3 9
16 5 30 3
16 7 81 1
16 8 18 23
16 10 94 1
16 12 2 4
16 17 1 26
16 18 13 1
16 21 1 5
16 24 18 27
17 0 1 25
17 1 1 20
17 2 7 15
17 5 14 2
17 6 1 1
17 7 4 27
17 9 12 3
17 10 1 7
17 11 8 21
17 14 50 1
17 16 356 1
17 18 12 1
17 23 1 13
17 25 2 11
18 2 4 20
18 4 202 1
18 5 8 7
18 7 26 3
18 10 54 3
18 12 1 10
18 16 1 11
18 17 216 2
18 20 3 3
19 0 59 27
19 1 3 24
19 6 1 18
19 10 69 2
19 20 65 1
19 24 1 7
20 0 46 4
20 1 227 1
20 2 1 16
20 3 194 1
20 5 71 4
20 6 18 19
20 11 1 9
20 13 1 8
20 14 1 29
20 15 2 9
20 21 1 10
21 4 1 22
21 5 1 3
21 7 1 7
21 9 1 29
21 10 2 15
21 20 38 6
21 27 9 28
22 4 3 29
22 8 25 18
22 10 108 1
22 12 5 24
22 14 7 26
22 16 8 29
22 21 21 4
23 0 93 6
23 22 1 29
23 24 1 26
24 0 59 20
24 1 21 11
24 3 83 22
24 5 21 9
24 8 18 3
24 11 273 1
24 16 17 29
24 21 29 27
24 22 4 5
24 25 17 5
25 7 13 2
25 8 13 8
25 10 1 12
25 11 57 1
25 12 1 6
25 16 44 22
25 22 1 1
25 23 1 11
25 24 32 11
25 27 65 1
26 0 2 19
26 1 3 19
26 4 8 27
26 20 68 6
26 24 17 3
26 25 1 29
26 27 1 21
27 4 72 1
27 8 143 4
27 10 54 1
27 11 159 2
27 15 3 12
27 17 29 3
27 25 1 21
27 26 3 20
