0 1 239 9
0 2 33 2
0 3 20 19
0 4 10 2
0 5 41 14
0 6 107 1
0 7 267 22
0 8 44 9
0 9 88 1
0 10 1 4
0 11 345 1
0 12 5 13
0 14 3 8
0 15 1 1
0 16 30 8
0 17 4 7
0 18 1 23
0 19 109 1
0 20 194 1
0 24 39 13
0 26 53 3
1 0 19 27
1 2 5 10
1 3 31 2
1 4 234 1
1 5 165 9
1 6 26 5
1 7 146 1
1 8 26 22
1 10 1 28
1 11 37 1
1 12 219 2
1 14 5 6
1 16 40 24
1 17 139 1
1 19 167 1
1 21 1 21
1 24 21 26
1 26 23 1
1 27 107 16
2 0 1 29
2 1 1 13
2 3 5 25
2 4 72 1
2 6 93 1
2 7 2 1
2 8 85 1
2 10 1 2
2 11 57 1
2 15 2 19
2 16 25 7
2 17 4 2
2 18 73 1
3 0 37 22
3 1 18 8
3 2 51 20
3 5 21 4
3 6 1 13
3 7 123 1
3 8 223 15
3 9 2 12
3 10 2 1
3 11 27 1
3 12 2 23
3 13 2 14
3 14 63 1
3 16 21 12
3 17 201 1
3 20 3 5
3 23 33 3
3 24 21 23
3 27 51 4
4 0 60 2
4 1 153 1
4 5 9 14
4 6 3 6
4 7 233 1
4 8 4 25
4 9 17 18
4 10 105 1
4 16 4 17
4 18 47 1
4 20 5 18
4 24 98 9
4 26 1 3
5 0 74 1
5 1 23 15
5 2 2 22
5 3 21 27
5 4 41 1
5 6 72 16
5 7 3 6
5 8 307 6
5 9 2 1
5 10 16 20
5 11 9 2
5 12 44 1
5 16 22 21
5 19 36 25
5 24 22 15
6 0 1 25
6 1 4 7
6 2 107 1
6 3 1 19
6 4 295 1
6 5 34 25
6 8 166 4
6 9 329 1
6 10 19 17
6 11 4 4
6 16 83 24
6 21 1 25
6 25 34 27
7 0 1 27
7 1 1 20
7 2 4 1
7 3 2 19
7 5 39 2
7 6 78 14
7 8 75 11
7 9 51 20
7 10 240 1
7 11 13 11
7 14 47 1
7 15 5 12
7 16 41 1
7 17 1 20
7 20 1 27
7 23 31 22
7 25 1 21
7 27 189 1
8 0 34 7
8 1 19 11
8 2 11 1
8 3 183 27
8 4 6 21
8 5 16 2
8 6 139 16
8 7 71 1
8 9 1 8
8 10 10 11
8 11 5 1
8 12 2 17
8 13 1 20
8 14 293 1
8 15 79 1
8 16 22 24
8 17 48 1
8 18 3 3
8 20 1 14
8 22 59 2
8 24 74 8
8 26 120 28
9 1 1 1
9 2 1 7
9 4 174 20
9 5 410 1
9 6 1 18
9 8 9 16
9 10 6 28
9 12 17 1
9 18 1 15
9 19 91 13
9 25 2 21
10 0 33 2
10 1 305 1
10 2 372 2
10 3 45 25
10 5 33 28
10 6 375 4
10 7 11 1
10 8 106 1
10 9 7 18
10 14 4 21
10 16 10 4
10 17 202 2
10 22 1 5
10 25 213 2
10 27 8 20
11 0 114 1
11 1 111 1
11 2 261 1
11 3 2 27
11 5 144 1
11 6 7 26
11 7 61 9
11 8 8 24
11 9 54 1
11 10 156 1
11 12 180 2
11 14 2 1
11 15 41 1
11 17 23 5
11 18 34 25
11 19 127 3
11 22 150 8
11 23 1 6
11 24 251 1
11 25 13 1
11 27 135 2
12 2 115 1
12 4 63 1
12 5 7 22
12 6 1 4
12 7 1 22
12 8 8 8
12 9 423 1
12 13 15 2
12 16 1 2
12 21 106 2
12 22 134 2
12 24 8 2
13 6 70 2
13 8 2 24
13 9 63 1
13 10 178 19
13 12 2 17
13 14 47 27
13 16 1 27
13 20 10 2
14 1 4 17
14 2 1 9
14 4 7 9
14 5 37 17
14 6 45 1
14 7 70 1
14 9 1 3
14 10 182 1
14 11 79 11
14 12 1 24
14 22 5 13
14 26 2 19
15 0 1 6
15 1 2 10
15 4 18 1
15 7 275 1
15 8 203 10
15 10 12 28
15 11 299 1
15 12 2 19
15 13 1 28
15 14 1 7
15 26 1 3
16 0 21 28
16 1 33 5
16 3 22 27
16 5 23 21
16 6 2 22
16 8 56 2
16 10 92 3
16 13 1 2
16 17 1 29
16 24 100 5
17 0 2 15
17 2 5 1
17 3 1 4
17 6 2 23
17 7 1 12
17 8 1 10
17 9 11 3
17 16 345 1
17 18 10 3
17 21 2 2
17 27 66 29
18 1 1 5
18 3 1 21
18 4 15 1
18 8 225 2
18 15 33 1
18 16 222 1
18 23 1 8
18 26 2 18
19 0 32 5
19 3 1 26
19 4 31 2
19 6 2 29
19 8 146 1
19 9 1 4
19 11 56 2
19 16 39 11
19 18 46 22
19 20 51 1
19 25 1 18
20 0 2 24
20 1 224 2
20 3 189 1
20 5 70 3
20 6 3 27
20 8 9 1
20 11 1 21
20 12 12 1
20 16 21 1
20 23 65 12
20 27 1 23
21 5 1 18
21 13 16 1
21 19 1 8
21 20 39 14
21 25 1 10
22 0 37 1
22 10 105 2
22 11 24 2
22 24 20 5
23 0 93 3
23 3 17 1
23 7 2 22
23 8 1 23
23 11 1 5
23 15 3 16
24 0 38 17
24 1 40 20
24 3 52 24
24 4 97 2
24 5 51 28
24 8 33 20
24 11 261 1
24 14 1 11
24 16 22 15
24 22 3 28
24 23 10 28
24 26 80 7
25 0 27 1
25 2 1 9
25 6 55 3
25 7 1 10
25 8 21 21
25 10 1 2
25 11 44 1
25 12 1 27
25 19 9 20
26 3 31 4
26 4 1 6
26 6 6 6
26 9 1 20
26 11 29 1
26 12 38 1
26 14 1 18
26 20 68 5
26 21 18 6
26 27 11 18
27 2 2 23
27 7 2 13
27 10 52 2
27 11 155 1
27 15 6 20
27 17 28 9
27 18 2 4
27 20 85 16
27 24 6 11
27 26 3 13
