0 1 68 17
0 2 16 1
0 3 69 5
0 5 9 18
0 6 80 1
0 7 260 1
0 8 54 24
0 10 2 13
0 11 330 1
0 12 1 10
0 15 6 23
0 16 29 1
0 17 2 26
0 18 1 12
0 19 242 1
0 20 165 1
0 24 47 23
0 27 102 22
1 0 129 13
1 2 63 27
1 3 7 1
1 4 261 1
1 5 9 23
1 6 23 5
1 7 320 1
1 8 27 11
1 9 353 1
1 10 4 11
1 12 211 1
1 14 1 6
1 16 9 8
1 17 127 1
1 18 11 1
1 19 151 1
1 20 2 13
1 21 2 26
1 24 10 13
1 26 21 2
2 0 12 22
2 1 88 1
2 3 154 2
2 4 51 2
2 6 59 1
2 7 5 20
2 8 10 6
2 9 46 2
2 11 41 2
2 14 43 6
2 16 22 1
2 20 88 1
3 0 12 2
3 1 162 4
3 2 80 9
3 5 82 23
3 6 3 22
3 7 130 1
3 8 49 16
3 9 86 12
3 11 308 1
3 12 2 16
3 15 34 1
3 16 25 21
3 20 1 24
3 24 9 28
3 25 70 7
4 0 40 1
4 1 61 1
4 2 60 1
4 3 233 1
4 5 63 17
4 6 40 14
4 7 214 1
4 8 6 1
4 9 14 23
4 10 84 1
4 17 298 2
4 18 29 1
4 19 160 5
4 20 21 18
4 25 51 28
4 26 22 17
4 27 3 9
5 0 64 13
5 1 70 18
5 3 9 22
5 4 414 1
5 6 150 1
5 7 9 8
5 8 69 18
5 9 3 27
5 10 135 15
5 11 5 1
5 12 31 1
5 14 8 2
5 15 3 28
5 16 10 12
5 19 36 18
5 22 1 3
5 24 31 3
6 0 3 22
6 1 53 5
6 2 71 1
6 3 1 3
6 4 31 10
6 5 116 14
6 7 1 15
6 8 99 4
6 9 280 1
6 10 42 1
6 11 4 9
6 12 58 3
6 13 38 6
6 14 5 22
6 17 6 2
6 21 2 11
6 27 9 2
7 0 1 11
7 1 6 15
7 3 2 5
7 5 24 2
7 6 5 2
7 8 18 21
7 9 121 27
7 10 194 1
7 11 89 12
7 12 1 2
7 14 33 2
7 15 6 15
7 17 3 28
7 18 109 3
7 20 2 22
7 22 2 23
7 23 28 14
7 25 1 27
7 27 179 3
8 0 105 28
8 1 26 24
8 2 96 1
8 3 30 10
8 5 6 1
8 7 22 1
8 9 5 24
8 10 64 21
8 13 7 22
8 14 266 1
8 15 65 2
8 16 159 20
8 17 37 1
8 20 1 13
8 22 52 2
8 24 175 27
8 25 1 11
8 26 1 24
9 1 299 1
9 2 1 26
9 4 7 24
9 5 69 29
9 6 325 2
9 8 11 3
9 10 57 10
9 12 36 19
9 14 2 14
9 20 84 2
9 24 75 5
9 26 2 11
10 0 25 1
10 1 278 1
10 2 351 1
10 3 106 18
10 4 348 4
10 5 2 26
10 6 138 1
10 7 8 3
10 8 334 5
10 9 232 18
10 11 91 1
10 12 129 1
10 13 19 2
10 14 7 26
10 15 1 22
10 17 191 2
10 18 211 1
10 24 211 1
10 27 1 8
11 0 96 1
11 3 1 3
11 4 2 28
11 5 129 1
11 6 2 3
11 7 334 13
11 7 119 12
11 8 3 13
11 10 351 1
11 13 209 1
11 14 2 26
11 17 25 12
11 18 34 7
11 23 1 27
11 24 201 1
11 27 117 1
12 2 112 1
12 6 1 11
12 8 3 26
12 9 59 3
12 10 4 3
12 16 20 5
12 20 4 21
12 22 128 1
13 2 3 17
13 6 62 2
13 7 197 11
13 8 10 11
13 9 55 1
13 11 180 1
13 12 18 29
13 14 23 1
13 19 1 2
13 24 2 12
13 25 1 14
13 26 2 21
13 27 4 4
14 0 7 26
14 6 33 3
14 7 53 1
14 8 295 1
14 9 2 29
14 10 91 1
14 11 3 21
14 12 8 20
14 13 3 4
15 1 1 18
15 3 27 3
15 4 15 1
15 7 258 17
15 8 38 1
15 10 1 6
15 11 37 6
15 12 8 14
15 14 4 27
15 21 18 7
15 23 7 1
15 24 48 4
15 26 1 1
16 0 74 26
16 1 228 25
16 2 1 25
16 3 69 20
16 4 2 8
16 5 79 3
16 8 68 23
16 12 1 10
16 17 103 2
16 21 2 29
16 24 10 25
17 0 4 15
17 2 236 2
17 6 1 1
17 7 11 28
17 10 285 1
17 11 1 7
17 13 70 1
17 16 301 1
17 20 160 2
17 21 1 8
17 22 1 9
17 26 1 9
18 1 2 2
18 3 2 25
18 4 10 1
18 5 5 26
18 9 175 1
18 10 46 1
18 11 48 1
18 16 185 1
18 20 1 9
19 0 2 21
19 1 1 29
19 4 25 2
19 8 139 3
19 10 63 1
19 12 5 20
19 20 10 1
20 0 2 17
20 2 7 8
20 3 167 1
20 5 65 4
20 10 254 1
20 11 1 11
20 12 1 23
20 14 3 27
20 19 1 17
20 22 21 1
20 27 1 19
21 4 1 15
21 7 1 26
21 11 11 6
21 12 139 5
21 24 3 6
22 0 34 8
22 8 1 26
22 10 93 1
22 11 18 1
22 17 3 27
22 21 5 6
22 23 11 4
23 8 1 3
23 10 42 9
23 11 1 10
23 12 1 4
23 14 4 29
23 16 1 15
23 18 9 7
23 21 13 8
23 24 1 23
23 27 20 26
24 0 46 21
24 1 149 21
24 2 44 2
24 3 50 27
24 5 32 2
24 7 254 1
24 8 10 11
24 9 21 1
24 11 210 1
24 16 162 25
24 21 1 3
25 0 22 6
25 6 48 2
25 7 1 24
25 9 53 3
25 11 8 1
25 12 1 18
25 14 45 3
25 23 3 26
25 24 1 13
25 27 50 1
26 1 5 19
26 6 8 11
26 9 1 19
26 11 23 2
26 19 4 8
26 23 3 9
26 27 21 29
27 1 45 2
27 3 36 10
27 7 2 27
27 8 138 1
27 10 46 2
27 11 136 1
27 20 3 1
27 24 14 11
27 26 7 24
