0 1 141 11
0 3 18 1
0 5 72 1
0 6 37 1
0 7 226 1
0 8 3 28
0 9 54 1
0 10 1 18
0 11 295 2
0 13 3 2
0 16 143 1
0 17 1 12
0 18 1 6
0 19 70 1
0 20 110 1
0 24 4 21
0 26 46 4
0 27 1 12
1 0 114 1
1 2 71 1
1 3 103 5
1 4 108 1
1 5 171 1
1 6 4 5
1 7 288 1
1 8 91 1
1 9 46 1
1 10 2 5
1 11 10 1
1 12 193 3
1 14 2 21
1 16 239 1
1 17 33 1
1 19 119 1
1 20 12 14
1 21 2 22
1 24 74 1
2 0 49 8
2 1 190 1
2 3 77 1
2 4 19 1
2 6 11 1
2 7 7 16
2 8 1 4
2 9 142 1
2 12 124 1
2 13 1 19
2 16 16 2
2 17 1 17
2 25 37 15
3 0 233 7
3 1 35 1
3 5 19 7
3 6 1 16
3 7 13 1
3 8 146 1
3 9 15 19
3 10 270 1
3 11 257 1
3 14 58 1
3 16 78 1
3 20 42 14
3 23 27 6
3 24 6 22
3 25 65 4
4 0 11 1
4 1 136 1
4 2 211 1
4 3 202 1
4 5 7 13
4 6 3 1
4 7 175 1
4 8 2 14
4 9 6 4
4 11 201 2
4 13 2 10
4 16 5 24
4 18 259 1
5 0 17 1
5 1 34 6
5 2 2 6
5 3 34 1
5 4 208 1
5 6 11 7
5 7 5 9
5 8 245 1
5 9 31 28
5 10 1 15
5 15 14 14
5 16 45 1
5 19 1 22
5 21 25 10
5 24 82 1
5 26 1 11
5 27 4 20
6 0 1 14
6 1 5 17
6 2 17 1
6 3 4 29
6 4 168 1
6 7 308 1
6 8 16 6
6 9 82 1
6 10 2 13
6 11 152 18
6 12 2 1
6 14 234 3
6 15 1 29
6 16 1 5
6 17 29 1
6 19 150 3
6 20 2 11
6 21 1 3
6 25 1 27
6 26 77 3
6 27 5 4
7 0 24 26
7 1 123 14
7 2 5 8
7 3 51 25
7 4 24 1
7 6 12 1
7 8 6 23
7 10 111 1
7 11 38 20
7 12 1 7
7 13 1 29
7 14 11 2
7 15 2 12
7 16 29 4
7 17 2 19
7 19 38 2
7 20 11 6
7 24 1 18
7 26 26 1
7 27 159 1
8 0 50 1
8 1 3 23
8 3 107 24
8 4 205 2
8 5 32 2
8 6 200 12
8 7 2 9
8 10 54 28
8 11 1 16
8 13 1 1
8 14 206 1
8 15 41 1
8 16 62 1
8 17 17 1
8 20 47 2
8 24 4 5
9 1 243 1
9 2 135 22
9 3 1 24
9 4 1 15
9 5 28 1
9 6 235 1
9 7 2 27
9 10 5 13
9 12 8 26
9 13 137 27
9 14 1 6
9 18 2 27
9 20 74 2
9 21 5 22
10 1 223 1
10 2 291 1
10 3 1 22
10 5 9 10
10 6 33 12
10 7 1 7
10 8 173 1
10 9 16 2
10 11 64 1
10 12 121 1
10 13 43 1
10 14 4 20
10 15 1 10
10 17 169 2
10 19 2 29
10 20 16 1
10 23 6 17
10 25 163 1
10 27 1 28
11 0 62 1
11 1 62 1
11 2 202 1
11 3 7 2
11 4 1 5
11 5 99 1
11 7 216 1
11 8 61 17
11 10 205 1
11 14 79 15
11 15 13 25
11 16 59 4
11 17 27 25
11 21 118 1
11 23 1 11
11 24 106 1
11 25 8 20
11 27 81 1
12 0 69 1
12 2 104 2
12 3 2 10
12 4 30 1
12 6 7 16
12 7 1 13
12 9 365 1
12 11 247 2
12 16 1 13
12 19 1 7
12 21 82 2
12 22 112 1
12 23 25 28
12 25 13 22
13 1 1 15
13 2 2 12
13 4 1 14
13 6 47 1
13 7 7 10
13 8 3 4
13 11 141 2
13 12 5 18
13 14 14 1
13 15 21 5
13 16 4 28
13 17 12 1
13 25 6 10
14 0 2 7
14 2 3 11
14 5 55 28
14 7 25 1
14 8 239 1
14 9 1 16
14 10 78 1
14 11 2 1
14 13 1 1
14 15 1 25
14 18 3 19
14 20 1 29
14 23 1 17
14 25 1 24
15 1 40 24
15 7 235 1
15 11 49 1
15 13 1 1
15 14 9 7
15 16 41 4
15 19 15 1
16 0 52 1
16 1 82 1
16 3 104 1
16 4 4 27
16 5 76 1
16 8 235 1
16 9 4 17
16 10 79 1
16 12 1 15
16 17 138 7
16 20 106 12
16 22 1 10
16 24 38 1
17 0 3 2
17 1 366 1
17 4 1 16
17 6 7 1
17 7 5 7
17 10 274 3
17 11 3 4
17 16 206 1
18 1 1 12
18 2 11 7
18 4 35 1
18 6 1 27
18 9 158 2
18 11 39 2
18 16 109 1
18 19 61 1
18 26 2 11
19 0 1 28
19 1 3 4
19 3 2 26
19 4 16 1
19 8 126 1
19 16 35 1
19 17 1 3
19 18 10 20
19 20 1 24
19 25 1 15
20 0 1 22
20 1 182 2
20 2 2 20
20 3 122 1
20 6 2 12
20 11 1 27
20 12 3 24
20 13 2 11
20 15 2 19
20 16 14 11
20 19 6 5
21 10 116 22
21 11 7 14
21 13 14 1
21 14 25 12
22 4 7 1
22 7 168 8
22 12 16 8
22 13 1 26
22 16 9 22
22 17 3 26
23 0 92 11
23 3 12 1
23 7 11 4
23 10 31 12
23 16 3 16
23 20 59 2
23 24 1 14
24 0 96 12
24 1 50 1
24 3 74 1
24 4 88 4
24 5 73 1
24 6 109 1
24 7 211 1
24 8 67 1
24 10 221 3
24 11 114 1
24 16 42 1
24 18 1 28
24 23 28 2
25 3 2 19
25 4 7 5
25 7 8 25
25 8 1 15
25 11 4 3
25 12 2 28
25 15 1 18
25 24 1 2
25 26 2 24
26 1 87 2
26 11 13 2
26 21 17 1
26 25 5 24
26 27 1 16
27 2 11 15
27 7 4 18
27 10 33 2
27 11 98 2
27 14 38 29
27 17 23 1
27 18 1 26
27 25 1 14
27 26 6 25
