0 1 7 11
0 3 7 27
0 5 2 16
0 6 28 1
0 7 207 1
0 8 61 23
0 9 48 1
0 10 26 28
0 11 286 1
0 12 1 11
0 16 75 7
0 17 17 26
0 18 1 27
0 19 193 1
0 20 97 1
0 24 58 24
0 27 2 18
1 0 6 28
1 2 189 1
1 4 145 1
1 5 1 9
1 6 4 17
1 7 116 1
1 8 2 12
1 9 38 1
1 10 1 27
1 11 7 1
1 12 188 1
1 16 2 27
1 17 272 1
1 18 224 2
1 19 111 1
1 23 26 1
1 24 2 8
1 25 123 2
1 27 1 5
2 0 50 12
2 1 111 1
2 3 64 1
2 4 13 2
2 7 9 3
2 8 2 26
2 11 12 1
2 16 14 1
2 17 1 5
2 19 2 3
3 0 2 16
3 1 1 12
3 2 146 23
3 5 2 23
3 6 7 15
3 7 26 1
3 8 111 11
3 9 1 4
3 10 261 17
3 11 237 1
3 12 1 28
3 13 20 15
3 15 23 1
3 16 3 10
3 17 155 2
3 18 1 13
3 20 10 11
3 21 25 22
3 22 2 14
3 24 3 24
3 25 63 7
3 26 36 4
4 0 6 1
4 1 89 1
4 2 41 1
4 3 194 1
4 5 99 17
4 6 12 27
4 7 165 1
4 8 9 5
4 9 32 13
4 10 39 1
4 11 195 2
4 12 1 1
4 14 141 4
4 16 2 10
4 17 287 1
4 18 232 1
4 20 135 3
4 26 2 14
4 27 2 23
5 0 2 22
5 1 3 16
5 3 2 8
5 4 161 1
5 6 17 15
5 7 63 23
5 8 107 1
5 9 45 7
5 10 20 12
5 12 6 4
5 16 23 21
5 24 2 15
5 26 1 21
6 0 3 28
6 1 261 27
6 2 9 1
6 4 134 1
6 5 238 19
6 7 122 1
6 8 42 1
6 9 48 1
6 10 4 13
6 11 8 7
6 12 349 1
6 15 2 28
6 17 19 1
6 18 11 1
6 23 4 6
6 24 145 3
6 25 8 13
6 27 4 14
7 0 19 21
7 1 1 22
7 2 3 22
7 3 4 24
7 5 2 1
7 6 2 13
7 8 204 25
7 10 93 1
7 11 8 8
7 12 10 7
7 13 1 26
7 14 7 2
7 15 2 22
7 16 27 4
7 17 2 4
7 19 35 2
7 20 1 18
7 22 1 8
7 23 3 15
7 24 2 25
7 25 2 2
7 26 23 4
7 27 153 3
8 0 27 10
8 2 1 10
8 4 388 1
8 5 1 12
8 6 113 3
8 7 2 17
8 9 2 28
8 10 67 29
8 11 1 18
8 14 191 1
8 15 35 2
8 16 3 22
8 17 13 4
8 20 1 20
8 24 143 24
8 26 9 28
8 27 1 4
9 0 255 1
9 1 228 1
9 2 1 7
9 5 184 1
9 6 167 23
9 8 78 3
9 8 385 26
9 10 9 19
9 12 8 14
9 13 6 2
9 15 1 2
9 17 5 1
9 18 2 8
9 24 63 5
9 27 2 14
10 1 208 1
10 2 274 1
10 3 5 6
10 4 1 7
10 5 6 16
10 6 1 2
10 7 30 20
10 8 77 8
10 9 233 1
10 11 393 1
10 13 263 1
10 14 60 14
10 15 5 13
10 17 163 1
10 18 210 1
10 20 13 1
10 21 122 1
10 23 2 13
10 25 154 1
11 0 54 1
11 1 55 2
11 2 191 1
11 3 1 28
11 4 252 15
11 5 92 1
11 6 1 28
11 7 357 15
11 7 123 14
11 8 4 15
11 9 9 1
11 10 168 1
11 13 27 1
11 14 189 15
11 15 5 16
11 16 57 5
11 18 34 27
11 23 3 25
11 24 85 1
11 25 4 26
11 26 1 25
11 27 72 1
12 0 65 1
12 2 102 6
12 3 3 18
12 5 1 18
12 6 22 1
12 7 5 19
12 8 2 14
12 9 333 1
12 16 1 20
12 21 78 1
12 22 108 2
12 23 2 1
12 24 1 18
13 3 7 1
13 6 43 1
13 7 6 3
13 8 1 11
13 9 36 3
13 12 2 8
13 14 31 1
13 15 21 2
13 20 5 15
14 3 58 1
14 6 11 2
14 7 19 1
14 8 223 1
14 9 60 26
14 10 46 3
14 11 1 7
14 12 1 16
14 13 11 22
14 15 1 1
15 0 18 18
15 3 36 5
15 7 95 1
15 9 1 2
15 10 107 1
15 11 17 1
15 12 8 18
15 13 13 14
15 14 1 18
15 16 3 1
15 20 54 18
15 21 18 17
15 24 40 3
15 25 1 23
15 27 1 15
16 0 2 1
16 1 2 6
16 3 2 22
16 4 1 16
16 5 3 13
16 8 2 15
16 11 26 7
16 12 1 15
16 18 1 7
16 20 106 1
16 24 2 26
17 0 1 28
17 1 352 1
17 2 231 1
17 3 1 12
17 5 1 1
17 6 44 3
17 14 36 1
17 16 182 1
17 20 144 2
17 22 33 6
17 26 1 9
18 2 68 28
18 4 19 14
18 5 82 25
18 7 11 3
18 8 190 2
18 9 153 3
18 12 7 26
18 14 1 14
18 16 91 1
18 17 174 3
18 20 7 29
18 23 1 3
18 25 52 7
18 26 38 2
19 0 1 27
19 1 2 10
19 3 26 5
19 4 13 1
19 6 127 2
19 7 189 1
19 8 122 3
19 11 36 4
19 20 3 7
19 24 15 7
20 0 2 27
20 1 175 1
20 2 2 8
20 3 110 2
20 6 1 20
20 11 2 11
20 12 79 12
20 19 26 17
21 1 85 22
21 6 2 25
21 7 3 9
21 8 68 6
22 2 1 2
22 4 3 5
22 7 167 2
22 9 4 22
22 10 64 1
22 17 3 22
22 21 4 4
23 8 44 3
23 10 6 29
23 14 33 6
23 20 58 13
23 25 27 3
24 0 3 17
24 1 2 9
24 2 40 2
24 3 20 14
24 5 2 24
24 7 200 1
24 8 2 3
24 10 18 4
24 11 93 1
24 12 1 27
24 13 1 28
24 16 2 7
24 19 1 25
24 22 2 5
24 23 25 2
24 26 69 1
25 6 32 2
25 7 6 3
25 8 1 21
25 11 4 17
25 19 7 7
25 24 1 26
25 27 22 1
26 3 27 1
26 4 1 9
26 5 1 3
26 8 101 20
26 12 33 2
26 27 79 2
27 7 15 21
27 8 124 2
27 11 89 1
27 25 4 11
