0 1 30 20
0 3 14 4
0 4 2 24
0 5 11 22
0 6 24 1
0 7 196 1
0 8 12 5
0 9 46 1
0 11 280 1
0 13 3 3
0 14 1 11
0 15 1 25
0 16 86 27
0 17 3 1
0 19 182 1
0 20 91 1
0 24 11 14
1 0 104 28
1 2 163 1
1 3 9 1
1 4 118 1
1 5 9 7
1 6 52 16
1 7 280 1
1 8 16 22
1 9 339 1
1 10 2 1
1 11 5 6
1 12 186 1
1 16 19 3
1 17 254 1
1 18 220 1
1 19 106 1
1 20 1 7
1 22 84 17
1 24 17 28
1 25 122 2
1 26 17 1
2 1 66 16
2 3 55 1
2 4 10 3
2 5 89 4
2 6 2 1
2 7 4 6
2 8 4 10
2 10 2 27
2 13 1 25
2 15 33 6
2 19 1 23
2 20 53 1
3 0 10 2
3 1 12 2
3 2 206 1
3 5 11 2
3 6 5 2
3 7 14 6
3 8 14 21
3 10 26 1
3 11 227 1
3 12 2 20
3 13 3 10
3 14 56 2
3 16 21 21
3 20 1 10
3 22 1 12
3 23 26 5
3 24 11 27
3 25 63 1
4 1 42 3
4 2 205 5
4 3 189 1
4 5 3 1
4 6 3 14
4 7 160 1
4 8 2 2
4 9 3 2
4 11 192 1
4 12 3 25
4 13 3 20
4 14 140 3
4 16 1 21
4 18 218 1
4 21 22 6
4 22 1 15
4 27 1 1
5 0 11 26
5 1 12 20
5 2 1 9
5 3 10 13
5 4 137 1
5 6 20 5
5 7 3 8
5 8 6 16
5 9 61 7
5 10 158 11
5 16 13 1
5 17 1 9
5 23 9 21
5 24 11 17
5 25 16 16
5 27 5 6
6 0 6 8
6 1 14 19
6 4 117 1
6 5 357 1
6 7 297 1
6 9 33 1
6 10 1 27
6 11 15 5
6 14 229 1
6 15 3 22
6 18 1 3
6 20 4 28
6 26 75 4
7 0 1 16
7 1 2 5
7 2 4 11
7 3 8 7
7 4 17 1
7 6 279 23
7 8 10 29
7 9 253 1
7 10 83 1
7 11 394 29
7 12 10 1
7 13 10 22
7 15 2 1
7 16 27 1
7 17 21 24
7 18 90 2
7 19 33 2
7 20 19 5
7 21 90 7
7 22 1 11
7 23 1 1
7 24 1 27
7 25 4 8
7 27 150 2
8 0 12 15
8 1 9 7
8 2 1 29
8 3 9 12
8 4 387 1
8 5 11 26
8 6 100 1
8 7 3 6
8 9 3 17
8 10 9 7
8 11 1 13
8 14 182 1
8 15 32 1
8 16 11 11
8 17 12 1
8 20 2 16
8 24 11 1
8 25 1 20
8 27 7 2
9 1 220 1
9 2 1 20
9 5 143 1
9 6 246 1
9 10 373 24
9 12 29 9
9 13 1 26
9 14 3 18
9 15 2 25
9 19 87 3
9 25 16 6
10 1 201 1
10 2 264 1
10 3 1 23
10 4 1 22
10 5 1 4
10 6 71 1
10 7 21 28
10 8 248 19
10 9 255 1
10 11 318 1
10 12 116 1
10 13 256 1
10 14 5 1
10 15 8 7
10 17 160 1
10 21 121 1
10 25 149 2
10 27 2 22
11 0 50 1
11 1 51 2
11 2 185 1
11 3 1 15
11 5 88 2
11 7 38 1
11 8 11 19
11 10 148 1
11 13 23 1
11 14 42 22
11 15 11 9
11 16 56 3
11 23 1 4
11 24 75 1
11 25 11 9
11 26 2 29
12 2 101 5
12 4 23 1
12 5 10 4
12 6 19 2
12 7 6 22
12 8 1 27
12 9 315 1
12 11 10 2
12 21 75 1
12 22 105 2
12 23 1 14
12 27 1 3
13 3 6 17
13 6 41 1
13 7 5 1
13 8 2 15
13 9 34 2
13 10 88 1
13 11 126 2
13 12 13 10
13 14 25 1
13 15 6 7
13 23 1 12
14 0 7 12
14 7 16 2
14 8 215 1
14 10 36 1
14 11 6 11
14 12 1 12
14 13 1 23
14 15 5 4
15 0 4 6
15 1 9 15
15 2 1 28
15 3 1 19
15 7 83 1
15 9 1 13
15 10 258 1
15 11 7 1
15 12 28 6
15 14 20 10
15 16 42 29
15 18 50 1
15 22 10 2
15 24 39 3
15 26 2 6
16 0 27 25
16 1 61 9
16 3 20 20
16 4 2 4
16 5 11 20
16 8 16 29
16 11 26 1
16 12 7 19
16 17 218 3
16 18 3 17
16 24 10 21
17 0 1 25
17 1 8 1
17 2 1 2
17 3 1 23
17 4 6 28
17 7 29 15
17 8 376 1
17 10 269 3
17 11 1 22
17 12 175 1
17 13 63 3
17 14 35 3
17 16 169 1
17 19 114 1
17 20 142 2
17 21 2 26
17 23 2 5
18 1 2 27
18 4 207 1
18 6 1 28
18 8 187 1
18 12 1 18
18 14 1 29
18 15 27 16
18 16 82 1
18 17 171 2
18 23 3 4
18 25 52 2
19 0 28 29
19 1 146 9
19 2 45 1
19 4 12 6
19 7 187 2
19 8 120 4
19 9 1 22
19 10 49 2
19 13 7 8
19 14 8 3
19 17 1 27
19 18 10 7
19 20 8 5
19 24 15 13
19 25 7 18
20 0 1 19
20 1 171 1
20 2 3 17
20 3 104 1
20 5 52 6
20 15 83 14
20 19 4 13
20 27 1 14
21 12 9 1
21 15 1 22
21 19 2 4
21 26 1 13
22 0 29 2
22 4 1 18
22 9 99 26
22 10 61 1
22 11 4 4
22 17 1 13
22 25 15 22
23 7 2 13
23 8 1 2
23 10 49 16
24 0 11 1
24 1 11 18
24 3 11 16
24 5 11 17
24 7 194 1
24 8 11 29
24 9 12 1
24 11 82 1
24 16 13 7
24 22 2 2
24 23 6 2
24 26 67 5
25 6 30 2
25 7 3 6
25 8 1 1
25 10 28 1
25 11 2 23
25 19 7 12
25 23 5 23
25 24 6 21
26 0 4 11
26 7 3 4
26 8 1 3
26 9 7 21
26 11 10 1
26 22 15 6
26 24 3 2
26 27 1 20
27 1 36 1
27 2 9 15
27 6 60 4
27 7 1 21
27 8 123 1
27 10 29 3
27 11 84 1
27 15 15 12
27 26 1 17
