0 1 92 22
0 2 355 1
0 3 423 1
0 4 305 1
0 5 47 1
0 6 127 1
0 7 2 24
0 8 23 1
0 10 1 4
0 11 1 2
0 12 2 28
0 13 32 2
0 14 2 25
0 15 2 10
0 16 3 21
0 17 2 25
0 19 2 28
0 22 58 6
0 24 16 2
1 0 282 1
1 2 210 1
1 3 4 26
1 4 45 8
1 5 390 1
1 6 154 1
1 7 2 20
1 8 381 1
1 9 3 9
1 10 1 5
1 16 301 1
1 17 16 2
1 18 255 22
1 20 10 1
1 23 71 1
1 24 14 24
2 1 131 11
2 3 8 2
2 4 314 1
2 5 1 7
2 6 3 4
2 7 156 1
2 8 10 20
2 9 2 27
2 10 294 1
2 11 275 1
2 14 56 8
2 17 171 1
3 0 323 16
3 1 129 1
3 2 4 11
3 4 135 1
3 5 382 1
3 6 79 1
3 7 5 29
3 8 24 2
3 10 1 11
3 11 5 12
3 16 335 18
3 18 57 22
3 19 43 2
3 24 231 1
3 27 1 14
4 0 392 1
4 1 14 9
4 2 1 20
4 3 4 24
4 5 103 1
4 6 236 1
4 7 379 4
4 8 194 1
4 9 214 1
4 10 377 1
4 12 13 1
4 14 1 11
4 16 2 1
4 17 4 16
4 18 16 9
4 19 1 13
4 20 1 11
4 22 1 27
5 0 305 1
5 1 130 1
5 3 81 1
5 4 7 17
5 6 7 21
5 7 90 1
5 8 156 1
5 9 11 24
5 10 3 2
5 11 138 1
5 16 150 1
5 17 65 1
5 18 89 1
5 19 1 22
5 24 23 6
5 27 2 10
6 0 69 1
6 1 307 1
6 2 2 29
6 4 10 11
6 5 106 1
6 7 3 22
6 8 52 16
6 9 5 8
6 10 35 1
6 11 1 13
6 12 1 25
6 14 1 24
6 16 2 28
6 17 1 13
6 18 4 23
6 19 1 18
6 20 22 2
6 22 29 4
6 24 1 27
6 25 3 1
6 27 47 4
7 2 88 1
7 3 344 1
7 4 258 1
7 5 308 1
7 6 88 1
7 8 283 1
7 9 1 20
7 11 237 17
7 14 264 1
7 15 200 1
7 16 93 2
7 19 157 3
7 22 14 3
7 24 68 2
7 25 1 27
7 27 1 7
8 0 142 1
8 1 20 14
8 2 20 26
8 3 100 2
8 4 2 5
8 5 198 22
8 6 216 8
8 7 7 24
8 9 2 24
8 10 120 1
8 11 314 1
8 12 3 29
8 13 12 26
8 14 5 19
8 15 233 1
8 16 37 3
8 17 236 1
8 19 1 21
8 21 26 4
8 24 8 10
9 0 206 27
9 1 1 14
9 2 6 11
9 4 2 19
9 5 247 1
9 7 147 1
9 8 3 10
9 10 227 1
9 11 274 1
9 12 280 1
9 13 4 25
9 14 79 1
9 17 118 2
9 18 22 1
9 26 1 27
10 0 183 1
10 1 2 13
10 2 1 2
10 4 5 8
10 5 4 1
10 7 170 1
10 8 41 1
10 9 123 1
10 11 8 17
10 12 1 28
10 13 1 20
10 14 322 1
10 15 246 1
10 19 6 6
10 22 89 1
10 23 41 2
10 25 273 1
11 0 333 1
11 1 312 1
11 2 1 10
11 3 148 1
11 5 268 1
11 6 3 15
11 7 294 1
11 8 25 1
11 9 321 1
11 10 5 14
11 14 48 1
11 15 6 29
11 20 3 1
11 21 1 4
11 22 5 29
11 24 3 29
11 25 4 24
11 27 298 4
12 0 152 5
12 6 3 2
12 9 13 24
12 10 258 1
12 11 4 22
12 16 1 28
12 18 20 1
12 19 45 6
12 20 1 12
12 22 2 2
12 24 1 27
13 1 41 22
13 4 1 24
13 7 4 3
13 8 40 2
13 10 9 7
13 12 54 1
13 14 20 2
13 19 7 1
13 20 28 1
13 21 15 26
14 1 1 23
14 2 1 28
14 4 66 1
14 8 1 28
14 10 182 10
14 13 57 21
14 15 6 28
14 17 1 5
14 23 23 1
14 25 11 4
15 0 1 23
15 5 43 21
15 7 2 26
15 10 3 25
15 11 3 29
15 14 1 17
15 17 13 8
15 23 1 25
16 0 7 21
16 1 64 10
16 3 75 1
16 5 14 17
16 8 40 1
16 11 78 1
16 17 3 27
16 18 349 1
16 22 5 4
16 24 30 1
16 25 1 26
17 1 4 5
17 2 3 18
17 3 108 1
17 4 157 1
17 6 1 20
17 8 212 7
17 9 100 1
17 11 1 5
17 12 2 9
17 14 88 1
17 16 7 22
17 26 1 19
18 1 68 1
18 4 10 26
18 5 4 13
18 7 89 1
18 8 1 26
18 10 140 1
18 12 1 29
18 14 1 19
18 15 45 1
18 16 1 11
18 25 49 6
18 27 22 4
19 0 75 1
19 1 1 9
19 7 3 18
19 11 122 1
19 16 54 4
19 17 19 6
19 20 8 17
20 0 32 22
20 3 7 5
20 4 43 2
20 5 115 4
20 7 123 1
20 8 122 1
20 10 1 9
20 11 1 5
20 12 1 3
20 15 2 8
20 16 50 1
20 19 11 17
20 21 29 20
20 23 1 5
21 7 2 7
21 9 26 4
21 27 13 28
22 1 1 29
22 6 29 2
22 8 2 21
22 9 2 26
22 15 12 4
22 21 1 24
23 1 1 5
23 3 36 1
23 8 2 5
23 11 3 3
23 12 9 6
23 22 17 4
23 25 1 9
23 26 29 7
23 27 2 4
24 0 412 1
24 1 155 1
24 3 27 1
24 5 22 1
24 7 4 19
24 8 126 6
24 9 74 3
24 10 1 9
24 11 2 1
24 14 24 2
24 16 338 6
25 4 49 4
25 7 161 1
25 10 4 28
25 11 4 4
25 13 1 26
25 16 39 9
25 27 2 23
26 2 8 8
26 10 120 8
26 11 117 2
26 13 4 15
26 19 1 3
26 24 72 1
26 27 40 1
27 1 81 8
27 5 9 1
27 7 26 1
27 13 19 6
27 25 27 1
27 26 122 1
