0 1 366 14
0 2 1 12
0 3 88 25
0 4 3 15
0 5 142 10
0 6 12 1
0 7 162 1
0 8 23 1
0 11 262 1
0 12 5 25
0 16 34 19
0 19 38 1
0 20 69 1
0 24 21 26
0 25 1 10
1 0 27 21
1 2 318 1
1 3 20 2
1 4 42 1
1 5 42 8
1 6 4 16
1 7 91 1
1 8 58 17
1 9 34 1
1 10 9 15
1 12 176 2
1 13 100 5
1 14 3 12
1 15 2 2
1 16 43 20
1 17 199 1
1 18 205 1
1 19 91 1
1 24 21 13
1 25 119 1
2 0 11 3
2 1 130 7
2 3 9 1
2 4 3 2
2 7 2 1
2 8 3 19
2 10 2 4
2 11 4 3
2 14 32 1
2 17 2 19
2 18 50 4
2 20 43 1
3 0 20 25
3 1 37 29
3 2 20 1
3 5 21 25
3 6 17 20
3 7 1 1
3 8 168 5
3 10 249 1
3 11 191 1
3 14 54 2
3 15 18 1
3 16 38 11
3 17 138 1
3 20 19 18
3 24 121 23
3 25 59 5
3 26 35 2
4 1 18 1
4 2 31 1
4 3 172 2
4 5 4 27
4 6 8 11
4 7 142 1
4 8 27 27
4 9 7 18
4 10 22 2
4 11 180 1
4 12 4 10
4 15 126 2
4 17 75 1
4 18 170 1
5 0 22 6
5 1 68 7
5 2 2 5
5 3 21 26
5 4 67 1
5 6 124 1
5 7 1 12
5 8 16 15
5 9 45 13
5 10 67 7
5 12 1 2
5 15 1 8
5 16 21 11
5 20 1 25
5 23 2 25
5 24 130 29
5 25 4 19
6 0 2 23
6 1 3 3
6 4 66 1
6 5 266 1
6 7 232 1
6 8 292 1
6 9 2 1
6 12 332 1
6 17 280 1
6 21 2 21
7 0 10 29
7 1 1 29
7 2 7 21
7 3 82 15
7 4 10 1
7 6 3 24
7 8 4 22
7 9 116 1
7 10 55 1
7 11 2 20
7 13 1 8
7 15 109 7
7 17 26 7
7 19 27 2
7 20 2 28
7 23 4 11
7 24 1 2
7 26 19 1
8 0 64 22
8 1 163 27
8 2 12 10
8 3 50 12
8 4 393 1
8 5 46 20
8 6 86 1
8 7 6 3
8 10 4 21
8 11 1 10
8 12 2 14
8 13 18 1
8 14 153 1
8 15 23 3
8 16 99 6
8 19 1 11
8 20 2 12
8 24 28 29
8 25 132 7
9 0 246 3
9 1 193 1
9 5 53 1
9 6 398 1
9 7 2 9
9 8 76 23
9 10 376 15
9 11 1 20
9 12 5 19
9 14 34 10
9 15 1 25
9 16 137 1
9 18 16 5
9 20 65 2
9 24 58 1
9 25 4 14
10 0 3 4
10 1 175 1
10 2 231 1
10 3 1 22
10 4 8 16
10 5 11 29
10 6 404 1
10 7 34 20
10 8 72 1
10 9 230 22
10 11 263 1
10 12 110 1
10 13 238 1
10 14 5 19
10 15 1 11
10 16 2 16
10 17 149 1
10 21 118 5
10 24 169 1
11 0 37 2
11 2 165 1
11 3 2 4
11 4 4 1
11 5 75 2
11 7 362 1
11 8 2 7
11 10 93 1
11 12 128 1
11 13 191 1
11 14 4 20
11 15 6 4
11 17 5 17
11 18 127 16
11 19 101 1
11 23 13 25
11 24 44 1
11 25 16 7
11 26 1 7
11 27 53 1
12 0 58 2
12 1 243 2
12 2 97 6
12 4 15 1
12 5 2 25
12 8 11 18
12 9 255 1
12 11 244 3
12 19 1 26
12 21 68 1
12 23 28 16
13 1 75 24
13 6 35 1
13 9 28 3
13 10 164 2
13 11 108 1
13 12 18 19
13 14 20 1
13 16 4 2
13 23 2 12
14 0 1 20
14 6 5 1
14 7 8 4
14 8 186 1
14 9 5 12
14 10 6 1
14 13 3 13
14 15 8 3
14 22 4 4
14 23 3 17
14 25 1 9
14 27 20 6
15 0 4 2
15 4 5 8
15 7 191 1
15 10 6 11
15 11 1 15
15 12 49 29
15 14 1 21
15 21 1 11
15 24 35 2
15 25 3 7
16 0 49 23
16 1 93 13
16 3 40 2
16 5 43 16
16 8 21 8
16 9 1 19
16 12 3 5
16 18 2 9
16 21 1 5
16 22 9 11
16 24 77 27
16 25 1 8
17 0 51 9
17 1 322 1
17 3 1 2
17 7 36 7
17 11 1 7
17 16 128 1
17 19 109 2
17 20 136 1
17 22 1 28
17 23 4 12
18 0 1 26
18 1 1 25
18 3 1 11
18 4 149 1
18 6 3 12
18 8 177 1
18 11 32 3
18 16 54 1
18 17 159 1
18 21 1 18
18 23 3 13
18 25 51 27
18 27 9 1
19 0 7 6
19 1 2 20
19 3 3 23
19 6 2 1
19 7 183 1
19 8 114 1
19 11 30 1
19 16 32 2
19 20 3 5
19 25 1 15
20 0 9 10
20 1 157 1
20 2 1 15
20 3 85 1
20 10 240 2
20 13 1 12
20 14 1 11
20 19 42 28
20 23 1 27
20 27 4 1
21 11 5 2
21 14 1 17
21 22 1 19
22 2 1 19
22 7 162 7
22 12 9 3
22 13 2 6
22 16 9 29
22 18 32 12
22 23 14 15
23 6 14 4
23 8 4 11
23 10 1 4
23 11 83 20
23 13 5 1
23 14 32 1
23 15 27 2
23 24 1 26
24 0 22 7
24 1 28 5
24 3 36 9
24 5 83 19
24 7 172 1
24 8 21 11
24 11 49 1
24 16 22 27
24 22 1 2
24 23 2 1
24 25 4 4
24 26 63 1
25 0 9 6
25 5 16 4
25 7 13 15
25 8 3 28
25 9 33 1
25 11 6 9
25 12 1 9
25 17 104 4
25 26 9 27
26 17 43 1
26 19 1 6
26 23 1 28
26 27 6 18
27 2 10 12
27 7 20 10
27 8 118 1
27 15 1 26
27 20 85 26
27 25 2 16
27 26 3 14
