0 1 280 1
0 2 353 1
0 3 221 6
0 3 308 1
0 4 300 1
0 5 22 1
0 6 124 1
0 7 1 27
0 8 363 1
0 10 3 14
0 11 1 9
0 16 3 20
0 17 1 14
0 19 22 9
0 20 419 1
0 22 4 27
0 23 21 6
0 24 305 1
0 25 28 1
0 27 1 20
1 0 1 2
1 2 187 24
1 3 430 4
1 4 24 13
1 5 321 1
1 6 28 1
1 7 2 29
1 8 124 1
1 9 8 17
1 16 271 25
1 17 16 2
1 18 5 20
1 24 285 1
1 25 1 23
2 1 53 1
2 3 7 27
2 4 312 1
2 5 1 10
2 6 5 6
2 7 149 1
2 8 42 16
2 9 1 13
2 10 289 1
2 11 273 1
2 12 99 1
2 17 168 1
2 25 1 26
3 0 307 1
3 1 265 1
3 2 5 2
3 4 132 1
3 5 388 1
3 6 76 1
3 7 42 22
3 8 187 3
3 9 1 19
3 10 227 21
3 11 1 23
3 16 250 1
3 20 11 2
3 24 21 1
4 0 388 1
4 1 12 7
4 2 4 3
4 3 4 2
4 5 91 1
4 6 224 1
4 7 379 1
4 8 187 1
4 9 206 1
4 11 309 6
4 12 12 1
4 16 1 9
4 17 7 25
4 18 2 28
4 20 1 26
4 24 116 4
5 0 131 1
5 1 294 3
5 3 1 1
5 4 6 3
5 6 19 25
5 7 87 1
5 8 316 1
5 9 6 15
5 10 2 2
5 12 232 2
5 14 53 1
5 16 80 1
5 18 87 1
5 19 1 21
5 22 8 15
5 24 253 1
6 0 65 1
6 1 288 1
6 3 6 6
6 4 13 9
6 5 48 8
6 7 75 21
6 8 43 23
6 9 272 2
6 10 29 1
6 11 1 19
6 12 5 7
6 13 75 20
6 14 1 11
6 16 1 16
6 18 1 8
6 20 21 4
6 22 29 3
6 27 47 2
7 2 318 1
7 3 245 2
7 4 255 1
7 6 81 1
7 8 259 1
7 9 1 11
7 10 276 1
7 11 327 16
7 12 19 5
7 15 193 1
7 23 1 3
7 24 65 2
7 26 104 1
7 27 229 15
8 0 377 1
8 1 285 1
8 2 5 6
8 3 406 1
8 4 3 9
8 5 221 3
8 6 17 5
8 7 3 5
8 9 1 18
8 10 387 1
8 11 305 1
8 13 1 2
8 14 1 6
8 16 5 1
8 17 233 1
8 19 1 20
8 21 25 3
8 24 236 2
8 25 1 21
8 26 110 21
8 27 1 15
9 0 9 4
9 1 6 4
9 3 52 3
9 4 1 11
9 5 219 1
9 7 144 1
9 8 4 17
9 10 205 1
9 11 270 1
9 12 270 1
9 13 68 17
9 14 76 1
9 15 3 8
9 16 1 15
9 18 21 4
9 20 141 5
9 26 76 1
10 0 180 1
10 1 1 3
10 2 2 23
10 4 4 10
10 5 2 3
10 7 164 1
10 8 29 1
10 9 108 1
10 11 6 4
10 12 4 9
10 13 1 17
10 14 305 1
10 15 241 1
10 20 117 1
10 22 87 1
10 24 1 29
10 25 2 8
10 26 19 5
10 27 28 29
11 0 331 1
11 1 310 1
11 3 143 1
11 4 1 24
11 5 267 2
11 6 7 29
11 7 345 18
11 7 220 1
11 8 22 1
11 9 317 1
11 10 22 8
11 12 266 1
11 13 2 25
11 14 43 1
11 15 287 22
11 18 1 13
11 20 226 22
11 21 1 1
11 22 1 7
11 24 2 23
11 25 446 18
11 26 20 1
11 27 298 1
12 1 2 18
12 3 1 11
12 7 1 6
12 8 1 1
12 9 3 3
12 10 254 1
12 11 3 27
12 13 257 2
12 14 156 2
12 16 1 7
12 17 111 2
12 21 155 29
12 24 39 6
13 0 15 1
13 1 1 3
13 7 1 8
13 10 1 9
13 11 3 18
13 12 51 1
13 14 18 1
13 18 43 21
13 22 1 7
14 0 2 16
14 3 1 17
14 4 64 1
14 8 8 7
14 9 2 4
14 10 4 27
14 13 5 23
14 15 3 27
14 17 1 22
14 21 13 1
14 25 11 5
15 1 1 24
15 6 56 2
15 7 9 3
15 10 25 23
15 11 4 20
15 12 2 10
15 14 4 24
15 20 1 27
15 27 1 17
16 0 23 1
16 1 315 1
16 3 335 1
16 4 1 22
16 5 374 1
16 6 1 3
16 8 57 1
16 10 137 1
16 17 1 28
16 18 346 1
16 22 5 6
16 24 310 1
17 0 1 23
17 1 5 18
17 2 2 12
17 3 106 1
17 4 153 1
17 6 1 27
17 8 2 28
17 9 98 2
17 10 3 24
17 14 87 5
17 15 32 1
17 16 2 17
17 18 120 1
17 21 1 7
17 25 1 21
18 0 43 2
18 1 66 2
18 4 8 17
18 7 88 1
18 9 1 24
18 10 139 1
18 11 105 2
18 16 3 26
18 17 2 3
18 21 1 19
18 24 45 11
18 27 22 6
19 0 70 1
19 2 1 8
19 4 106 1
19 7 3 25
19 16 54 1
19 20 14 26
19 24 8 7
20 0 1 16
20 2 1 21
20 3 2 25
20 4 42 3
20 5 115 2
20 6 1 6
20 7 120 1
20 8 120 1
20 9 1 22
20 10 1 13
20 11 98 21
20 19 3 24
20 22 39 1
21 9 25 2
21 10 2 4
21 11 47 7
21 14 1 8
21 16 15 4
22 6 28 4
22 7 149 16
22 8 1 17
22 9 1 11
22 11 133 1
22 12 3 24
22 15 12 2
22 23 7 2
23 3 35 15
23 8 2 3
23 9 30 1
23 11 6 6
23 15 1 12
23 22 16 4
23 25 1 7
23 27 2 24
24 0 374 1
24 1 128 1
24 3 50 1
24 5 389 1
24 7 1 4
24 8 27 1
24 11 1 23
24 14 24 1
24 15 1 29
24 16 113 1
24 23 1 21
25 0 82 4
25 1 1 1
25 3 5 12
25 4 49 1
25 7 156 1
25 9 115 5
25 10 1 17
25 11 6 23
25 14 3 13
25 15 29 1
25 17 97 4
25 18 35 1
25 27 1 9
26 0 1 20
26 8 1 26
26 11 115 1
26 17 64 4
26 27 37 1
27 7 25 1
27 10 131 4
27 17 49 8
27 19 10 6
27 20 83 10
27 25 25 1
27 26 119 1
