0 1 18 23
0 2 3 16
0 3 25 27
0 4 1 22
0 5 27 23
0 6 1 20
0 7 43 1
0 8 77 25
0 9 9 1
0 11 177 1
0 15 2 5
0 16 41 26
0 19 48 1
0 20 8 1
0 24 72 21
0 26 34 1
1 0 161 21
1 2 28 1
1 3 51 16
1 4 2 20
1 5 23 28
1 6 100 1
1 7 231 1
1 8 24 19
1 9 5 28
1 11 1 19
1 12 133 2
1 14 2 25
1 16 22 23
1 17 12 1
1 18 138 1
1 19 35 1
1 20 1 16
1 24 29 26
2 0 24 1
2 1 13 8
2 3 64 10
2 4 4 27
2 5 58 2
2 6 2 27
2 7 1 2
2 8 4 21
2 9 13 1
2 10 21 22
2 17 2 11
2 24 1 4
2 25 4 28
3 0 19 19
3 1 62 11
3 2 4 22
3 4 1 4
3 5 23 2
3 6 3 16
3 7 4 26
3 8 48 24
3 9 112 29
3 10 179 1
3 11 57 1
3 16 26 8
3 17 81 1
3 20 1 28
3 22 21 29
3 23 17 8
3 24 43 18
3 27 1 3
4 0 1 19
4 1 15 1
4 2 117 1
4 3 100 2
4 5 149 1
4 7 73 2
4 8 199 24
4 9 108 20
4 12 68 27
4 14 111 1
4 16 1 12
4 17 36 1
4 18 21 1
4 19 126 1
4 21 12 3
4 24 73 1
4 27 1 22
5 0 41 13
5 1 21 19
5 3 73 27
5 4 3 22
5 6 275 1
5 7 79 17
5 8 71 14
5 9 205 1
5 10 231 1
5 11 1 6
5 16 38 19
5 18 9 16
5 19 40 12
5 23 8 21
5 24 38 1
5 27 1 10
6 0 85 21
6 1 398 1
6 2 10 2
6 3 12 2
6 4 6 12
6 5 63 15
6 7 100 1
6 8 2 2
6 9 8 29
6 10 433 1
6 11 1 12
6 12 253 1
6 14 180 1
6 15 8 9
6 17 198 1
6 19 120 2
6 21 1 22
6 24 121 2
6 25 163 8
7 0 30 19
7 1 1 14
7 2 16 11
7 3 2 6
7 5 5 3
7 6 2 3
7 8 337 1
7 9 299 1
7 11 140 1
7 12 1 13
7 13 1 28
7 14 3 6
7 15 13 23
7 18 58 1
7 20 2 8
7 23 1 25
7 24 1 19
7 25 295 1
8 0 33 16
8 1 34 1
8 2 5 17
8 3 20 11
8 4 143 1
8 5 83 6
8 6 26 16
8 7 173 2
8 9 46 1
8 10 346 9
8 11 2 7
8 14 48 1
8 16 23 23
8 18 242 1
8 19 1 28
8 20 1 3
8 23 1 29
8 24 22 13
8 25 1 10
8 26 1 26
9 0 209 1
9 1 84 1
9 3 5 21
9 4 236 1
9 5 7 3
9 6 55 1
9 7 9 11
9 8 353 1
9 10 222 1
9 11 1 21
9 14 46 3
9 16 125 2
9 18 53 26
9 19 75 2
9 20 45 3
9 25 1 22
9 26 77 3
10 2 94 1
10 3 3 6
10 4 389 1
10 5 434 1
10 6 54 1
10 7 2 8
10 8 3 28
10 9 106 1
10 11 326 1
10 12 76 1
10 13 144 1
10 14 154 1
10 15 2 10
10 17 104 1
10 19 1 7
10 22 2 1
10 23 1 22
10 24 117 2
10 26 1 6
11 2 81 1
11 3 3 8
11 5 29 1
11 6 340 1
11 8 3 11
11 12 85 1
11 13 133 1
11 14 48 3
11 15 2 22
11 19 76 1
11 22 130 2
11 23 116 27
11 24 1 11
11 25 6 13
11 26 1 5
12 1 216 3
12 3 2 24
12 5 2 7
12 8 1 29
12 9 45 1
12 10 1 7
12 11 219 1
12 13 1 13
12 14 6 2
12 16 7 5
12 18 1 25
12 21 36 2
12 22 59 2
12 25 1 12
13 0 1 8
13 6 13 2
13 10 100 1
13 11 42 1
13 12 20 26
13 15 16 1
13 20 1 29
14 5 1 13
14 6 1 8
14 8 72 1
14 9 2 11
14 10 27 13
14 11 52 16
14 13 9 1
14 15 8 28
14 20 1 22
14 25 12 24
14 26 2 16
14 27 14 1
15 0 1 27
15 1 1 6
15 3 2 2
15 6 4 29
15 7 80 1
15 8 201 1
15 9 1 4
15 10 53 1
15 11 92 16
15 14 60 1
15 17 1 23
15 20 1 4
15 23 1 25
15 25 7 8
15 26 1 20
15 27 27 26
16 0 47 7
16 1 22 14
16 3 26 19
16 4 1 10
16 5 23 23
16 6 175 1
16 8 22 16
16 10 53 1
16 11 13 2
16 13 36 3
16 15 41 1
16 17 197 1
16 18 21 24
16 22 5 17
16 24 42 24
17 1 160 1
17 3 1 21
17 6 279 1
17 7 2 14
17 8 340 1
17 10 229 3
17 11 105 16
17 16 11 1
17 18 1 25
17 20 108 1
18 0 10 16
18 2 17 10
18 3 31 21
18 4 53 1
18 8 129 3
18 9 100 3
18 17 107 2
18 23 2 16
18 25 50 1
19 0 339 1
19 3 11 15
19 8 84 1
19 9 8 6
19 17 2 24
19 20 9 15
20 0 86 1
20 1 98 2
20 2 213 2
20 3 19 1
20 5 31 2
20 12 1 26
20 14 1 2
20 17 1 7
20 18 79 5
20 19 3 10
20 22 10 20
20 27 1 3
21 0 69 12
21 5 1 8
21 7 1 21
21 8 52 1
21 22 3 14
21 26 1 26
22 4 96 11
22 8 1 18
22 10 16 1
22 11 1 8
22 12 104 1
22 13 1 9
22 14 25 4
22 17 5 19
22 21 15 6
22 24 2 16
23 8 158 16
23 10 99 16
23 13 1 2
23 14 23 1
23 17 25 2
24 0 23 3
24 1 74 22
24 3 32 18
24 4 70 2
24 5 22 4
24 6 73 2
24 7 83 1
24 8 104 23
24 10 190 2
24 11 1 29
24 16 23 28
24 20 95 2
24 27 32 12
25 6 7 8
25 7 72 3
25 8 1 12
25 10 15 1
25 11 7 19
25 20 85 1
25 21 3 2
25 26 15 5
26 5 2 25
26 6 8 12
26 7 2 11
26 8 1 22
26 10 143 12
26 16 37 10
26 21 14 9
26 27 12 1
27 2 1 8
27 3 21 1
27 6 40 6
27 7 1 18
27 8 94 1
27 13 16 27
27 16 32 5
27 20 82 6
27 25 5 19
27 26 4 8
