0 1 10 18
0 2 22 26
0 3 18 24
0 4 4 3
0 5 38 8
0 6 1 12
0 8 16 3
0 11 163 1
0 12 1 19
0 15 38 9
0 16 154 15
0 18 1 23
0 19 31 1
0 20 3 4
0 23 3 16
0 24 15 14
0 25 9 14
1 0 220 6
1 2 2 1
1 3 68 7
1 4 8 10
1 5 15 8
1 6 102 1
1 7 210 1
1 8 34 24
1 9 234 1
1 12 126 2
1 13 83 1
1 14 2 15
1 15 124 1
1 16 51 21
1 17 2 2
1 18 127 2
1 19 28 2
1 20 1 7
1 24 15 4
2 0 271 1
2 1 9 25
2 3 9 9
2 4 1 7
2 5 52 1
2 6 27 5
2 7 1 14
2 8 4 12
2 9 5 1
2 10 3 6
2 11 3 18
2 13 4 5
2 18 29 3
2 19 3 12
2 20 7 1
2 23 8 20
2 24 1 2
3 0 12 5
3 1 17 7
3 2 16 24
3 4 1 22
3 5 15 22
3 6 4 21
3 7 7 11
3 8 71 29
3 10 164 1
3 11 42 1
3 12 4 12
3 13 2 25
3 16 15 8
3 20 7 17
3 24 70 18
4 0 4 28
4 1 1 3
4 2 103 1
4 5 100 1
4 6 52 1
4 7 64 1
4 8 23 6
4 9 1 5
4 16 1 25
4 18 10 1
4 20 2 20
4 22 3 21
4 24 70 2
4 26 3 16
5 0 252 9
5 1 14 25
5 3 15 22
5 4 3 12
5 6 200 1
5 7 102 21
5 8 110 3
5 9 111 1
5 10 215 1
5 11 4 19
5 12 2 14
5 16 37 23
5 17 3 10
5 18 9 3
5 20 1 15
5 23 1 8
5 24 15 17
6 0 1 28
6 1 20 5
6 2 3 12
6 3 256 1
6 4 2 11
6 5 22 26
6 7 59 1
6 8 12 2
6 9 9 12
6 10 273 1
6 12 239 1
6 14 171 1
6 15 56 25
6 17 183 1
6 19 116 2
6 21 95 20
7 0 2 11
7 1 20 4
7 2 91 7
7 3 418 18
7 5 10 19
7 8 257 1
7 9 287 1
7 10 1 3
7 11 80 1
7 12 1 23
7 13 2 26
7 15 4 3
7 16 10 2
7 18 54 3
7 20 3 17
7 21 75 1
7 22 1 8
7 23 1 19
7 24 1 4
7 25 286 2
7 26 5 1
8 0 110 12
8 1 38 15
8 2 5 2
8 3 13 8
8 4 133 1
8 5 50 10
8 6 52 15
8 7 28 22
8 9 15 28
8 10 265 2
8 11 4 8
8 12 316 1
8 14 36 1
8 16 16 21
8 17 1 1
8 18 238 1
8 24 15 22
8 27 133 18
9 0 202 1
9 1 70 1
9 3 1 19
9 4 221 1
9 5 16 22
9 6 3 22
9 7 1 24
9 8 138 1
9 10 311 1
9 11 5 11
9 14 1 16
9 20 42 4
10 0 2 28
10 1 64 1
10 2 76 1
10 3 1 6
10 5 8 1
10 6 15 1
10 7 2 22
10 8 10 8
10 9 42 1
10 11 270 1
10 12 213 1
10 13 125 1
10 14 254 1
10 15 1 6
10 17 97 3
10 24 109 1
10 25 57 1
10 27 45 1
11 2 69 2
11 3 1 10
11 4 243 1
11 5 23 1
11 6 121 1
11 7 4 25
11 8 1 25
11 9 1 6
11 10 2 23
11 12 78 1
11 13 121 1
11 14 44 18
11 15 1 1
11 17 1 29
11 21 99 5
11 23 1 16
11 24 1 5
11 25 2 19
11 26 6 22
12 1 211 3
12 3 89 13
12 5 1 13
12 8 1 19
12 9 26 1
12 10 1 22
12 13 1 9
12 18 1 2
12 22 54 1
12 23 3 23
12 25 46 19
13 7 150 1
13 10 80 1
13 11 34 1
13 14 1 28
13 15 13 7
13 18 44 1
13 19 7 5
13 25 1 9
14 0 26 24
14 2 51 6
14 6 3 5
14 8 57 1
14 10 7 20
14 11 50 1
14 13 82 1
14 24 6 21
14 26 2 28
15 2 3 1
15 3 1 15
15 7 72 1
15 10 224 1
15 11 98 25
15 12 122 21
15 13 4 12
15 14 53 1
15 18 45 12
15 20 2 12
15 23 1 13
15 26 10 16
16 0 92 18
16 1 105 14
16 3 31 4
16 4 14 8
16 5 36 23
16 7 36 4
16 8 59 4
16 9 1 9
16 10 51 1
16 12 1 10
16 13 36 3
16 17 156 1
16 18 11 17
16 24 36 8
16 25 2 26
17 0 1 4
17 1 112 1
17 3 1 21
17 4 4 20
17 6 59 1
17 7 16 5
17 8 332 2
17 10 223 1
17 11 106 18
17 14 18 3
17 16 3 4
17 18 3 24
17 19 81 4
17 21 1 16
18 0 10 25
18 1 1 27
18 4 71 1
18 14 3 11
18 17 99 2
18 23 3 21
18 26 40 18
19 0 5 1
19 5 34 13
19 6 147 1
19 11 12 1
19 17 1 29
19 20 8 27
20 0 305 8
20 1 90 1
20 2 211 3
20 6 1 6
20 7 22 23
20 10 214 1
20 14 24 6
20 16 4 5
20 19 79 20
20 21 1 12
20 26 2 3
21 5 12 4
21 6 1 15
21 7 10 29
21 8 50 1
21 12 105 2
21 16 4 2
21 18 43 29
22 1 1 9
22 4 1 7
22 5 13 10
22 6 1 24
22 7 139 3
22 8 15 10
22 17 1 1
22 24 2 1
23 5 27 19
23 7 2 26
23 8 158 28
23 10 100 5
23 11 75 1
23 20 46 3
23 22 8 1
24 0 15 24
24 1 32 21
24 3 88 10
24 5 112 28
24 7 71 1
24 8 39 17
24 11 1 5
24 12 5 28
24 14 2 1
24 16 15 4
24 18 1 27
24 19 1 15
24 20 93 10
24 21 28 29
24 22 21 3
24 26 38 4
25 3 2 4
25 6 5 3
25 7 1 20
25 8 5 2
25 10 6 17
25 11 3 7
25 14 24 5
25 15 1 26
25 24 47 9
25 27 1 13
26 3 19 1
26 5 1 11
26 8 20 26
26 14 1 28
26 17 37 2
26 19 5 8
26 22 11 2
26 25 4 27
26 27 115 1
27 1 21 3
27 4 49 5
27 6 38 1
27 7 17 20
27 8 90 1
27 11 12 1
27 21 15 28
27 24 32 11
