0 1 28 1
0 2 20 15
0 3 22 24
0 4 30 2
0 5 5 20
0 6 2 20
0 7 25 1
0 8 132 23
0 9 5 1
0 10 2 22
0 11 156 1
0 12 124 28
0 14 109 22
0 15 38 11
0 16 253 15
0 18 1 2
0 19 23 1
0 22 2 29
0 24 5 20
1 0 29 15
1 3 6 7
1 4 10 18
1 5 5 8
1 6 398 16
1 7 198 1
1 8 69 13
1 9 224 1
1 12 122 1
1 14 3 21
1 15 123 3
1 16 21 13
1 18 121 1
1 19 25 1
1 20 37 10
1 24 5 9
2 0 259 1
2 1 17 13
2 3 22 18
2 4 1 20
2 6 3 14
2 7 1 16
2 8 209 18
2 9 2 1
2 10 21 15
2 11 1 1
2 15 35 6
2 17 43 3
2 18 28 1
2 19 2 15
2 25 36 18
3 0 45 25
3 1 105 27
3 2 8 21
3 5 81 17
3 6 3 14
3 7 39 13
3 8 83 2
3 9 5 17
3 10 155 2
3 11 34 1
3 14 39 6
3 16 22 13
3 17 68 1
3 19 5 2
3 20 3 6
3 22 1 19
3 23 15 8
3 24 5 28
3 25 40 1
4 0 1 26
4 2 94 1
4 5 405 1
4 6 360 1
4 8 2 28
4 9 1 25
4 10 1 13
4 11 117 2
4 12 1 8
4 16 89 16
4 17 213 1
4 19 119 4
5 0 274 4
5 1 24 20
5 3 4 9
5 4 3 13
5 6 97 1
5 7 82 16
5 8 70 6
5 9 96 1
5 10 223 1
5 16 4 25
5 17 11 29
5 18 1 15
5 24 167 17
6 0 5 1
6 1 114 18
6 1 353 1
6 2 16 10
6 3 247 1
6 4 2 13
6 5 287 24
6 7 284 1
6 8 16 7
6 9 5 20
6 10 246 1
6 12 231 1
6 13 158 6
6 14 166 1
6 15 1 22
6 17 175 1
6 24 116 1
6 26 60 4
7 0 13 25
7 2 37 24
7 3 1 1
7 5 9 14
7 6 17 6
7 8 225 1
7 11 125 2
7 13 44 4
7 15 2 4
7 17 4 29
7 20 1 28
7 21 74 5
7 22 2 23
7 23 1 13
7 24 1 5
7 25 70 2
8 0 85 20
8 1 6 24
8 2 5 22
8 3 23 9
8 4 117 1
8 5 10 14
8 6 226 24
8 7 5 18
8 9 398 1
8 10 140 1
8 11 3 4
8 16 214 16
8 19 1 29
8 20 1 18
8 24 26 24
8 25 2 25
9 0 198 1
9 1 62 2
9 4 27 1
9 5 196 11
9 6 16 1
9 7 1 21
9 8 116 1
9 10 248 1
9 11 1 7
9 13 123 1
9 14 55 5
9 17 1 20
9 20 41 1
9 24 34 1
9 25 1 4
10 1 57 1
10 2 66 1
10 3 158 25
10 5 10 1
10 6 94 1
10 7 1 29
10 8 6 26
10 9 76 1
10 11 239 1
10 12 207 1
10 13 115 1
10 14 217 1
10 15 1 26
10 17 94 1
10 18 202 1
10 21 103 1
10 22 1 22
10 23 1 8
10 24 104 1
11 2 63 1
11 3 1 20
11 5 20 2
11 6 333 2
11 7 11 9
11 9 7 10
11 10 1 6
11 13 114 1
11 14 173 2
11 15 8 23
11 16 36 1
11 20 248 1
11 22 39 1
11 24 3 28
11 25 2 8
12 0 31 2
12 1 208 1
12 2 74 4
12 5 2 14
12 6 82 1
12 7 9 14
12 8 5 26
12 9 17 1
12 10 1 8
12 13 2 14
12 16 1 22
12 18 2 19
12 22 50 2
12 25 2 7
13 7 146 1
13 9 4 1
13 10 198 1
13 11 29 2
13 14 5 26
13 18 44 9
13 22 1 18
13 24 10 9
13 25 1 12
14 1 152 5
14 5 1 1
14 7 3 29
14 8 50 1
14 9 64 8
14 10 8 15
14 11 42 1
14 12 2 6
14 15 112 1
14 17 107 8
14 22 4 7
14 23 1 12
14 27 12 13
15 5 5 10
15 6 4 29
15 7 61 1
15 10 46 1
15 11 6 19
15 14 41 1
15 20 1 2
15 23 2 6
15 27 2 5
16 0 14 9
16 1 113 25
16 2 61 29
16 3 5 17
16 5 95 26
16 8 5 21
16 9 2 11
16 12 1 17
16 17 140 1
16 18 2 16
16 19 49 4
16 20 92 9
16 24 89 19
17 1 159 1
17 2 171 1
17 3 8 14
17 4 1 11
17 5 1 3
17 6 267 1
17 7 1 26
17 10 220 1
17 11 3 2
17 12 177 2
17 13 49 7
17 14 17 2
17 18 3 23
17 19 79 1
17 22 37 27
18 0 1 19
18 1 1 7
18 3 2 14
18 4 56 1
18 9 90 2
18 10 4 1
18 14 2 9
18 17 95 1
18 19 53 13
18 20 9 21
19 0 335 1
19 3 1 16
19 6 145 3
19 8 76 4
19 10 24 1
19 15 5 2
19 18 1 27
19 20 4 24
20 1 85 1
20 4 1 23
20 5 27 3
20 7 1 10
20 8 4 5
20 10 211 3
20 11 1 10
20 13 1 16
20 15 8 26
20 19 1 2
20 21 1 8
20 23 78 18
21 1 79 3
21 6 1 27
21 8 48 6
21 9 1 29
21 12 103 1
22 1 2 15
22 7 137 2
22 14 21 1
22 23 1 1
22 27 1 6
23 7 1 17
23 11 209 1
23 12 1 4
23 24 2 8
23 26 5 3
24 0 27 21
24 1 55 11
24 3 4 19
24 5 27 11
24 7 64 1
24 8 28 26
24 10 179 1
24 11 2 9
24 13 1 7
24 16 21 8
24 26 36 2
25 6 5 1
25 7 2 12
25 10 223 2
25 11 3 23
25 12 1 25
25 15 1 4
25 16 47 6
25 24 47 4
25 26 1 21
26 0 2 24
26 4 1 20
26 5 2 17
26 12 24 6
26 17 36 2
26 18 2 17
26 21 14 5
26 25 1 1
26 27 109 1
27 3 19 2
27 7 1 6
27 8 87 1
27 17 12 1
27 25 5 9
