0 1 276 1
0 2 4 23
0 3 350 12
0 4 1 14
0 5 146 26
0 6 1 29
0 7 21 1
0 8 19 28
0 11 151 1
0 12 9 12
0 15 4 2
0 16 279 2
0 18 1 13
0 19 18 1
0 23 1 21
0 24 115 28
0 27 103 12
1 0 305 11
1 2 1 21
1 3 162 15
1 4 3 14
1 5 18 2
1 6 333 1
1 7 190 1
1 8 22 1
1 9 221 1
1 14 10 22
1 16 75 1
1 18 117 2
1 19 22 2
1 20 4 4
1 24 78 3
1 25 94 2
1 27 98 12
2 0 252 1
2 1 15 3
2 3 2 10
2 4 1 18
2 6 21 24
2 7 2 12
2 8 4 8
2 10 8 15
2 15 35 8
2 17 1 3
2 18 27 1
2 19 1 8
2 22 15 2
3 0 19 2
3 1 220 2
3 2 14 17
3 5 73 5
3 6 1 26
3 7 4 12
3 8 40 1
3 10 150 1
3 11 30 1
3 12 5 26
3 14 38 4
3 16 186 1
3 17 65 1
3 19 1 5
3 20 5 12
3 24 6 1
3 26 28 4
4 0 1 6
4 1 1 13
4 2 88 1
4 5 383 14
4 6 332 1
4 7 55 2
4 8 4 12
4 9 1 8
4 12 2 19
4 16 4 27
4 17 207 1
4 18 3 3
4 19 118 1
4 24 69 1
4 26 1 1
5 0 270 5
5 1 375 2
5 2 2 20
5 3 61 1
5 4 10 2
5 6 86 1
5 7 1 27
5 8 69 25
5 9 49 1
5 10 217 1
5 11 1 28
5 12 8 2
5 16 13 6
5 17 2 3
5 20 1 14
5 24 150 1
6 0 2 21
6 1 294 1
6 2 1 13
6 3 7 1
6 4 6 7
6 5 20 28
6 7 268 1
6 8 41 29
6 9 15 25
6 10 227 1
6 12 225 1
6 13 157 3
6 14 163 1
6 15 1 2
6 17 169 1
6 18 214 1
6 20 1 27
6 21 10 23
7 0 1 17
7 1 3 14
7 2 3 21
7 5 1 11
7 6 17 9
7 8 200 28
7 9 275 1
7 11 168 1
7 12 9 21
7 14 1 12
7 15 1 6
7 16 8 10
7 17 1 9
7 18 51 1
7 19 3 7
7 23 1 17
7 24 68 11
7 25 65 1
8 0 12 1
8 1 78 21
8 2 217 19
8 3 20 14
8 4 107 1
8 5 2 29
8 6 383 8
8 7 6 26
8 9 383 1
8 10 83 1
8 11 19 16
8 13 155 1
8 14 26 1
8 16 129 19
8 17 1 20
8 18 233 2
8 20 209 26
8 23 3 15
8 24 26 6
8 26 1 1
8 27 15 20
9 0 195 2
9 1 58 1
9 3 11 24
9 4 210 1
9 5 8 27
9 6 8 1
9 7 2 29
9 8 101 1
9 10 213 1
9 11 2 22
9 12 252 11
9 13 121 3
9 14 4 27
9 15 94 22
9 18 2 14
9 22 5 17
9 24 33 4
9 25 6 25
9 26 76 4
10 1 53 1
10 2 60 1
10 3 3 17
10 5 4 1
10 6 357 1
10 7 3 12
10 8 6 15
10 9 54 1
10 11 220 1
10 12 200 1
10 13 108 1
10 14 197 1
10 15 9 8
10 18 200 2
10 22 3 4
10 23 13 27
10 24 101 2
10 25 49 1
10 26 1 23
10 27 48 24
11 2 59 1
11 3 4 15
11 4 38 2
11 6 329 1
11 7 7 28
11 9 1 10
11 10 6 17
11 13 110 1
11 14 169 1
11 15 168 29
11 18 171 27
11 19 68 2
11 22 128 2
11 23 3 29
11 24 2 11
11 25 11 27
11 26 3 29
12 0 30 2
12 5 18 15
12 8 4 26
12 9 12 1
12 10 3 17
12 11 207 2
12 13 3 3
12 14 2 29
12 15 1 3
12 16 11 10
12 22 48 1
12 23 3 13
12 24 85 8
12 25 2 13
12 27 76 3
13 0 1 20
13 1 116 16
13 3 1 16
13 5 4 15
13 6 8 3
13 7 143 2
13 8 1 11
13 10 191 1
13 11 27 1
13 12 1 1
13 14 2 2
13 15 11 2
13 16 2 3
13 21 12 8
13 22 1 18
13 24 1 27
14 1 152 1
14 6 1 21
14 7 2 15
14 8 45 1
14 9 3 3
14 10 12 6
14 11 33 1
14 12 2 1
14 13 73 1
14 16 8 4
14 23 1 17
14 24 1 14
15 1 10 14
15 3 1 4
15 7 54 1
15 8 184 2
15 9 2 23
15 10 38 1
15 11 37 20
15 12 8 14
15 13 3 9
15 14 45 1
15 23 2 3
16 0 74 1
16 1 9 25
16 2 1 1
16 3 55 2
16 5 19 25
16 8 81 1
16 9 2 26
16 11 10 8
16 17 187 1
16 18 1 12
16 22 1 6
16 24 123 1
17 0 19 10
17 1 141 1
17 2 166 2
17 4 1 12
17 6 262 17
17 7 21 6
17 10 217 1
17 12 177 13
17 14 17 2
17 23 5 9
18 0 3 21
18 1 48 27
18 3 15 17
18 4 47 1
18 6 3 27
18 8 115 1
18 11 14 4
18 12 12 4
18 13 1 27
18 16 2 21
18 23 19 20
19 0 328 1
19 5 34 2
19 6 144 1
19 7 146 3
19 16 23 1
19 17 2 6
19 20 89 29
20 0 300 12
20 1 82 1
20 4 1 15
20 5 26 2
20 7 1 1
20 8 1 4
20 10 209 3
20 12 1 16
20 14 10 5
20 17 4 10
20 19 34 1
20 27 1 5
21 6 2 9
21 7 1 1
21 8 48 1
21 12 101 1
21 20 47 26
21 22 1 19
21 24 24 10
21 26 1 26
22 0 17 3
22 7 136 2
22 8 22 16
22 10 9 5
22 11 2 29
22 13 8 16
22 14 21 1
22 15 1 4
22 26 20 4
22 27 2 27
23 1 98 1
23 2 1 15
23 7 1 18
23 10 4 21
23 12 1 12
23 21 23 18
24 0 73 18
24 1 49 1
24 3 18 23
24 5 35 25
24 7 60 1
24 8 220 16
24 10 176 1
24 11 3 16
24 16 121 1
24 19 1 23
24 26 35 2
25 1 108 1
25 2 3 11
25 7 137 6
25 8 1 14
25 11 3 9
25 12 27 14
25 15 1 15
25 16 47 9
25 17 97 3
25 23 10 11
25 26 4 23
26 12 24 2
26 19 5 19
26 20 56 16
26 24 1 29
26 27 5 1
27 7 7 17
27 11 8 1
27 25 5 3
