0 1 186 1
0 2 35 5
0 3 172 1
0 4 22 16
0 5 9 2
0 6 1 2
0 7 17 1
0 8 36 20
0 10 4 20
0 11 145 1
0 16 220 1
0 18 4 11
0 19 13 2
0 23 75 20
0 24 15 14
1 0 335 1
1 2 2 4
1 3 55 20
1 4 4 23
1 5 29 17
1 6 311 1
1 7 181 1
1 8 60 1
1 9 213 1
1 14 2 9
1 16 11 12
1 18 113 1
1 20 4 1
1 22 2 22
1 23 10 7
1 24 31 1
1 25 92 3
2 0 242 1
2 1 34 20
2 3 1 27
2 4 12 16
2 5 44 2
2 6 8 10
2 8 11 27
2 9 107 1
2 10 1 11
2 11 4 1
2 12 107 1
2 15 1 9
2 17 9 6
2 18 25 5
2 19 1 9
3 0 10 13
3 1 73 20
3 2 14 22
3 4 19 16
3 5 115 2
3 6 1 18
3 7 43 26
3 8 15 16
3 10 143 1
3 14 38 1
3 16 11 27
3 19 3 15
3 20 3 9
3 24 58 1
3 25 38 1
3 26 28 2
4 0 1 2
4 2 82 1
4 3 75 2
4 5 53 1
4 6 46 1
4 7 52 1
4 8 2 5
4 9 1 26
4 10 2 20
4 11 111 1
4 12 48 9
4 14 101 2
4 15 113 1
4 16 1 11
4 17 22 1
4 24 68 1
5 0 364 1
5 1 9 6
5 3 112 1
5 4 12 11
5 6 48 1
5 7 17 24
5 8 7 6
5 9 122 21
5 10 212 1
5 12 12 5
5 13 1 21
5 16 154 3
5 20 1 8
5 24 36 11
5 26 32 3
6 0 1 13
6 1 276 1
6 2 3 9
6 3 243 1
6 4 9 7
6 5 78 22
6 7 41 1
6 8 49 28
6 9 5 6
6 10 390 1
6 11 1 25
6 12 219 1
6 13 156 4
6 15 5 7
6 17 163 1
6 24 113 2
6 25 158 3
7 1 1 11
7 2 12 17
7 3 5 1
7 5 1 28
7 6 13 22
7 8 405 28
7 9 269 1
7 11 115 1
7 13 1 1
7 15 170 19
7 17 10 18
7 18 49 2
7 19 3 4
7 20 331 21
7 21 73 2
7 23 170 1
7 24 15 25
7 25 58 22
7 27 78 1
8 0 12 1
8 1 57 1
8 2 4 15
8 3 1 3
8 4 300 1
8 5 44 1
8 6 41 20
8 7 34 15
8 9 18 1
8 10 199 1
8 11 45 19
8 12 305 2
8 14 22 1
8 16 27 1
8 18 231 1
8 20 6 22
8 24 60 19
8 26 126 15
9 1 52 1
9 4 167 1
9 5 30 24
9 6 3 1
9 7 2 7
9 8 83 1
9 10 276 1
9 11 7 6
9 13 120 1
9 14 1 29
9 17 1 20
9 18 2 29
9 19 70 1
9 20 39 1
10 1 48 1
10 2 53 1
10 4 364 1
10 5 2 10
10 6 331 1
10 7 4 12
10 8 24 19
10 9 33 1
10 11 198 1
10 12 193 1
10 13 100 1
10 14 168 1
10 15 1 7
10 17 88 2
10 19 21 17
10 22 1 13
10 24 98 1
10 26 1 14
11 2 54 2
11 3 2 16
11 6 116 1
11 7 14 11
11 9 1 17
11 10 7 5
11 15 64 3
11 17 1 24
11 20 244 1
11 22 125 2
11 23 1 25
11 24 4 28
11 25 175 14
11 26 6 14
11 27 2 1
12 2 72 1
12 3 2 12
12 6 22 3
12 8 1 1
12 9 8 1
12 10 13 3
12 13 5 23
12 14 4 17
12 15 1 1
12 21 26 2
12 24 4 7
12 26 64 25
13 5 1 26
13 7 141 1
13 8 27 14
13 10 182 1
13 11 24 1
13 12 147 2
13 14 1 24
13 15 11 1
13 17 3 1
14 1 150 1
14 6 3 18
14 10 15 23
14 11 23 1
14 12 3 24
14 15 5 1
14 16 8 2
14 23 1 19
14 27 11 7
15 0 1 15
15 1 2 20
15 6 18 18
15 7 46 1
15 8 180 2
15 9 1 25
15 10 29 1
15 11 5 6
15 14 38 1
15 23 1 3
15 27 28 2
16 0 63 25
16 1 8 18
16 2 2 8
16 3 32 1
16 5 7 10
16 8 25 1
16 15 40 2
16 17 129 1
16 18 15 22
16 22 5 11
16 23 1 10
16 24 123 1
16 25 30 3
17 1 121 1
17 2 161 1
17 3 2 16
17 4 1 7
17 6 51 1
17 7 1 17
17 8 321 2
17 9 4 22
17 11 1 27
17 21 36 27
18 2 81 29
18 4 36 1
18 6 1 28
18 8 112 1
18 11 13 8
18 16 1 4
18 17 88 1
18 19 53 2
19 0 319 1
19 2 32 10
19 6 143 2
19 8 73 1
19 9 11 20
19 11 9 5
19 16 22 2
19 17 4 15
19 20 1 9
20 0 80 2
20 1 78 2
20 2 207 1
20 5 25 5
20 7 19 26
20 10 207 4
20 12 1 22
20 13 1 18
20 15 1 28
20 17 1 6
20 19 438 1
20 25 1 6
20 26 59 10
21 2 3 26
21 5 2 19
21 6 1 25
21 8 47 3
21 9 1 2
21 12 98 2
21 13 8 1
21 14 2 28
21 17 1 23
21 19 4 14
22 3 2 11
22 4 96 10
22 15 1 29
22 16 16 9
22 17 5 4
22 18 1 15
22 20 62 14
23 2 2 16
23 7 1 15
23 8 2 28
23 10 1 26
23 11 200 1
23 12 1 16
23 15 7 3
23 16 2 10
23 18 3 7
23 20 45 1
23 22 4 1
24 0 36 13
24 1 166 23
24 3 9 10
24 4 65 3
24 5 41 12
24 7 55 1
24 8 106 1
24 10 172 2
24 11 1 28
24 12 3 19
24 16 90 1
25 3 2 12
25 7 2 1
25 10 219 1
25 11 3 18
25 12 8 24
25 14 21 3
25 15 2 12
26 3 18 2
26 4 5 8
26 5 2 17
26 6 1 29
26 18 8 27
26 19 2 2
26 21 13 27
26 25 8 3
26 27 102 1
27 2 2 20
27 3 18 1
27 8 84 3
27 9 1 22
27 15 2 13
27 16 31 5
27 25 41 2
