0 1 15 11
0 2 54 13
0 3 20 23
0 4 2 11
0 5 20 7
0 6 1 20
0 8 286 1
0 11 95 1
0 12 125 10
0 15 8 29
0 16 85 16
0 19 1 20
0 22 10 24
0 24 43 26
0 25 8 18
1 0 33 28
1 2 38 5
1 3 23 8
1 4 9 23
1 5 21 9
1 6 243 1
1 7 104 1
1 8 41 9
1 9 140 1
1 13 68 4
1 14 1 12
1 15 108 1
1 16 156 14
1 17 8 7
1 18 72 2
1 20 16 25
1 21 1 14
1 24 35 10
1 25 79 2
2 0 150 1
2 1 110 6
2 3 142 1
2 4 1 26
2 5 22 1
2 6 37 29
2 7 208 1
2 8 262 1
2 9 75 3
2 10 7 10
2 11 1 21
2 14 8 3
2 17 2 15
2 23 6 3
2 25 8 1
3 0 76 23
3 1 39 28
3 2 2 23
3 4 1 27
3 5 21 26
3 6 47 15
3 7 34 9
3 8 22 17
3 9 59 10
3 10 87 1
3 12 29 23
3 14 29 5
3 16 20 17
3 17 33 1
3 20 1 16
3 21 20 18
3 24 21 24
4 0 69 13
4 1 6 6
4 2 32 1
4 3 38 1
4 5 177 1
4 6 296 1
4 8 25 20
4 9 1 1
4 10 4 21
4 11 81 1
4 12 1 16
4 13 1 11
4 16 1 10
4 17 166 1
4 18 1 3
4 19 98 1
4 20 155 5
4 22 12 21
5 0 20 5
5 1 19 5
5 2 3 27
5 3 22 5
5 4 59 19
5 6 70 24
5 7 1 12
5 8 26 23
5 9 4 1
5 10 158 1
5 11 2 17
5 12 10 15
5 16 20 8
5 18 8 14
5 24 39 21
6 0 1 18
6 1 191 21
6 2 36 17
6 3 173 1
6 4 36 18
6 5 151 1
6 7 146 1
6 8 348 23
6 9 53 23
6 10 262 1
6 12 158 1
6 14 119 1
6 15 2 22
6 17 105 1
6 18 205 1
6 20 1 20
6 22 6 9
6 25 145 4
7 1 5 6
7 2 2 29
7 3 252 1
7 4 1 26
7 5 4 20
7 6 209 1
7 8 72 1
7 9 215 1
7 10 2 7
7 11 2 14
7 14 5 4
7 15 9 25
7 17 2 8
7 20 5 7
7 21 66 1
7 22 1 5
7 23 168 4
7 24 37 10
7 25 237 1
7 27 52 1
8 0 21 27
8 1 22 7
8 2 15 1
8 3 34 25
8 4 244 1
8 5 22 24
8 6 178 1
8 7 4 2
8 9 245 1
8 10 8 1
8 11 2 7
8 12 268 2
8 16 21 13
8 17 6 14
8 19 3 3
8 20 2 3
8 22 1 1
8 23 6 8
8 24 20 1
8 26 125 3
8 27 1 24
9 0 160 1
9 2 147 1
9 3 1 20
9 4 245 1
9 5 18 12
9 6 3 24
9 7 3 25
9 8 234 1
9 10 217 1
9 11 4 7
9 12 76 1
9 13 102 1
9 14 1 23
9 15 2 10
9 18 7 8
9 19 63 1
9 20 28 3
9 21 99 2
9 22 2 8
9 23 3 1
9 25 35 24
10 0 2 4
10 1 14 1
10 2 9 1
10 3 25 9
10 4 305 1
10 5 335 1
10 6 197 1
10 7 3 15
10 8 10 19
10 9 2 6
10 11 42 1
10 12 156 1
10 13 38 2
10 14 37 1
10 15 1 1
10 17 63 1
10 18 184 2
10 22 2 21
10 23 1 16
10 24 66 2
10 25 17 1
11 0 1 6
11 4 28 3
11 5 3 2
11 6 72 1
11 7 202 6
11 8 437 1
11 9 9 13
11 10 16 7
11 12 47 1
11 13 60 2
11 14 111 1
11 15 362 1
11 23 5 2
11 24 41 21
11 25 2 5
11 26 5 20
12 1 179 2
12 7 2 21
12 8 2 25
12 9 1 16
12 10 1 27
12 11 179 1
12 13 1 25
12 14 1 24
12 15 1 9
12 16 2 7
12 18 8 17
12 19 1 11
12 21 12 5
12 22 26 2
13 4 110 18
13 5 1 28
13 8 98 27
13 10 104 1
13 11 4 2
13 12 94 1
13 14 2 21
13 15 3 11
13 23 3 1
13 25 1 29
14 1 138 1
14 3 48 4
14 4 1 19
14 7 2 23
14 8 5 1
14 9 33 20
14 10 25 18
14 11 10 1
14 12 1 9
14 15 62 1
14 20 2 29
14 23 1 24
15 1 1 4
15 2 1 28
15 6 8 15
15 7 2 2
15 8 142 1
15 10 158 1
15 11 4 1
15 12 132 29
15 14 8 1
16 0 36 11
16 1 48 7
16 3 20 15
16 4 1 16
16 5 58 14
16 8 20 10
16 11 5 12
16 12 1 25
16 13 34 4
16 17 190 1
16 18 218 15
16 21 1 18
16 22 11 11
16 23 6 27
16 24 20 17
16 25 1 20
16 26 27 2
17 0 4 2
17 1 33 19
17 2 111 1
17 3 1 1
17 4 1 2
17 6 225 1
17 7 1 2
17 8 283 1
17 10 187 1
17 11 1 29
17 16 1 10
17 18 7 18
17 22 1 18
17 24 1 5
17 27 85 24
18 0 4 24
18 1 2 16
18 2 1 16
18 3 19 7
18 4 13 1
18 8 82 1
18 12 135 15
18 16 1 4
18 17 58 3
18 23 5 23
19 0 218 1
19 1 214 1
19 5 30 1
19 8 54 3
19 17 2 28
19 20 74 1
19 26 6 24
19 27 17 3
20 0 56 1
20 2 193 1
20 7 1 29
20 8 10 1
20 12 1 29
20 17 5 13
20 19 328 1
20 21 4 14
20 22 6 17
20 24 2 8
20 25 3 29
20 27 1 20
21 1 74 5
21 10 5 4
21 12 77 2
21 14 26 1
21 17 1 26
21 22 1 2
21 23 9 11
21 25 17 18
22 0 12 4
22 3 1 27
22 6 3 17
22 7 117 4
22 8 133 16
22 11 1 29
22 14 11 2
22 18 2 14
22 20 60 4
22 23 2 21
22 27 10 4
23 1 92 4
23 2 1 22
23 3 1 2
23 7 1 3
23 11 169 2
23 27 23 19
24 0 60 14
24 1 40 20
24 3 44 24
24 5 48 5
24 6 48 2
24 8 105 5
24 11 8 11
24 12 1 23
24 16 38 11
24 26 20 5
25 8 1 28
25 9 3 11
25 10 180 1
25 17 91 8
25 20 72 2
25 24 51 2
25 27 10 28
26 20 52 6
26 24 1 5
26 27 54 1
27 2 1 8
27 7 30 24
27 17 8 22
27 19 1 13
27 20 77 1
27 26 5 2
