0 1 40 21
0 2 1 26
0 3 19 9
0 4 19 9
0 5 56 4
0 6 27 19
0 8 71 15
0 11 85 1
0 12 9 15
0 15 2 2
0 16 21 15
0 17 384 2
0 18 8 4
0 22 2 1
0 24 20 3
1 0 66 18
1 0 393 28
1 2 7 16
1 3 24 19
1 4 5 9
1 5 22 1
1 6 277 1
1 7 90 1
1 8 23 15
1 9 125 1
1 10 270 19
1 11 16 10
1 12 83 2
1 14 28 12
1 15 106 1
1 16 176 18
1 17 8 6
1 18 64 1
1 20 1 3
1 21 1 1
1 24 21 12
1 25 76 2
2 0 130 1
2 1 63 5
2 3 134 1
2 4 4 4
2 6 2 16
2 7 156 1
2 8 313 1
2 9 69 1
2 10 2 22
2 11 4 24
2 15 7 14
2 17 1 11
3 0 20 20
3 1 36 24
3 2 52 14
3 4 1 14
3 5 21 1
3 6 22 15
3 7 3 4
3 8 22 15
3 9 67 22
3 10 76 1
3 16 42 17
3 18 101 21
3 22 5 14
3 23 10 1
3 24 21 7
4 0 1 5
4 1 45 3
4 2 24 1
4 5 129 1
4 6 273 1
4 8 250 28
4 11 75 2
4 12 124 24
4 13 2 25
4 14 80 1
4 15 103 1
4 16 47 8
4 17 153 1
4 18 4 6
4 19 94 3
4 25 25 24
4 26 1 10
4 27 6 6
5 0 72 17
5 1 89 11
5 2 1 18
5 3 21 16
5 4 3 28
5 6 42 12
5 7 1 25
5 8 26 21
5 9 1 14
5 10 174 1
5 11 29 22
5 12 2 10
5 13 1 2
5 16 30 18
5 17 2 10
5 18 10 11
5 23 10 18
5 24 38 2
5 26 2 4
6 1 34 1
6 2 36 21
6 3 158 1
6 4 18 22
6 5 375 1
6 7 117 1
6 8 346 21
6 8 437 16
6 9 6 27
6 10 331 1
6 11 13 1
6 12 145 1
6 13 141 1
6 15 1 15
6 22 1 19
6 24 95 1
6 26 51 3
7 0 267 1
7 2 1 15
7 3 335 13
7 4 5 16
7 5 1 1
7 6 12 17
7 8 230 1
7 9 203 1
7 10 6 14
7 11 8 1
7 12 16 7
7 13 6 6
7 14 10 17
7 15 171 1
7 16 3 1
7 18 32 4
7 21 64 4
7 22 37 18
7 24 5 25
7 25 12 1
8 0 37 1
8 1 23 15
8 2 305 1
8 3 47 16
8 4 32 1
8 5 21 15
8 6 165 9
8 7 33 28
8 9 211 1
8 11 112 16
8 12 259 1
8 15 2 12
8 16 21 15
8 17 10 8
8 20 2 1
8 23 1 24
8 24 118 28
8 25 96 4
9 0 153 2
9 1 8 3
9 2 141 8
9 4 215 1
9 5 377 1
9 6 5 25
9 7 1 18
9 8 202 1
9 10 21 1
9 11 6 24
9 12 305 1
9 13 98 4
9 14 1 3
9 15 2 4
9 16 107 2
9 17 1 9
9 18 26 23
9 19 61 1
9 20 26 3
9 21 98 1
9 22 7 1
9 23 3 25
9 27 6 20
10 0 1 12
10 2 4 1
10 4 291 1
10 5 312 1
10 6 156 1
10 7 1 11
10 8 126 25
10 9 16 24
10 11 23 1
10 12 140 1
10 13 28 2
10 14 35 1
10 15 1 14
10 17 58 1
10 20 1 7
10 22 18 4
10 24 60 1
11 2 14 3
11 3 4 13
11 4 224 1
11 6 306 1
11 7 98 28
11 8 428 27
11 9 3 21
11 10 4 16
11 13 52 1
11 14 242 1
11 15 171 1
11 16 25 1
11 19 48 3
11 21 85 4
11 24 10 8
11 25 429 1
11 26 1 13
12 2 56 3
12 4 2 16
12 5 1 7
12 6 10 1
12 7 2 2
12 8 1 4
12 9 2 28
12 10 46 18
12 11 173 1
12 13 3 10
12 16 1 7
12 17 4 2
12 22 22 2
12 26 62 9
13 1 1 9
13 4 1 5
13 7 107 1
13 8 1 4
13 10 89 1
13 11 2 2
13 12 132 1
13 14 1 10
13 16 1 28
13 21 9 1
13 22 2 13
14 0 116 20
14 2 43 5
14 3 46 7
14 5 58 6
14 6 5 11
14 7 6 17
14 10 6 29
14 11 233 1
14 15 45 1
14 17 99 1
14 23 16 18
14 24 3 24
14 25 1 8
14 26 32 1
14 27 7 16
15 0 2 28
15 1 1 6
15 2 1 18
15 4 1 15
15 5 1 3
15 6 6 27
15 8 134 1
15 9 42 13
15 10 139 1
15 11 7 1
15 14 2 1
15 20 3 25
15 23 1 7
16 0 22 5
16 1 21 9
16 3 27 18
16 4 3 9
16 5 176 8
16 8 71 20
16 17 165 1
16 18 2 18
16 21 2 21
16 24 28 12
17 0 103 4
17 1 16 1
17 2 100 1
17 3 2 21
17 4 41 28
17 5 1 29
17 6 212 1
17 7 1 25
17 8 273 1
17 9 11 1
17 10 181 2
17 16 7 24
17 18 1 18
17 19 57 2
17 20 75 2
17 21 4 1
17 23 1 24
17 24 1 1
17 25 8 16
18 0 1 12
18 3 1 22
18 5 58 5
18 6 1 5
18 8 76 2
18 9 54 2
18 14 5 21
18 16 3 21
18 17 53 1
18 20 80 17
18 22 12 1
18 27 3 19
19 0 193 1
19 1 208 1
19 3 1 26
19 6 127 3
19 7 117 2
19 8 51 1
19 9 1 12
19 16 17 11
19 20 58 28
19 21 2 29
19 24 1 19
20 0 282 1
20 4 2 9
20 5 15 4
20 8 1 9
20 10 183 1
20 15 87 22
20 17 4 26
20 18 64 5
20 19 290 1
20 21 4 9
20 25 14 3
20 26 9 26
20 27 1 19
21 5 2 8
21 8 37 5
21 15 1 15
21 17 1 15
21 24 1 4
22 6 2 1
22 7 114 1
22 8 1 3
22 9 83 2
22 12 61 1
22 17 1 12
22 18 2 9
22 21 7 9
23 7 1 20
23 9 7 1
23 10 31 7
23 11 49 1
23 14 8 2
23 21 21 6
24 0 81 9
24 1 43 8
24 3 34 18
24 5 64 22
24 6 45 1
24 7 13 1
24 8 115 1
24 11 19 5
24 13 1 22
24 15 45 1
24 16 21 22
24 17 81 5
24 18 2 12
24 20 85 3
24 25 1 27
24 27 22 1
25 2 1 21
25 3 71 9
25 7 1 28
25 10 171 1
25 11 2 28
25 12 4 18
25 15 1 8
25 20 70 7
26 3 14 2
26 4 31 13
26 5 6 16
26 6 1 10
26 9 13 9
26 10 133 7
26 11 1 6
26 16 36 13
26 24 1 21
26 25 22 1
26 27 43 2
27 4 40 3
27 7 1 21
27 8 65 3
