0 1 9 5
0 2 4 6
0 3 30 3
0 4 1 29
0 5 51 1
0 6 1 2
0 7 1 13
0 8 86 8
0 10 25 14
0 11 65 1
0 13 1 25
0 16 47 8
0 17 368 1
0 19 7 5
0 20 1 28
0 24 116 18
0 25 3 26
1 0 18 27
1 2 20 8
1 3 138 1
1 4 4 23
1 5 64 1
1 6 207 1
1 7 61 1
1 8 206 1
1 9 95 1
1 10 298 2
1 11 5 17
1 12 71 1
1 13 60 5
1 14 1 24
1 15 99 1
1 16 154 3
1 17 2 28
1 18 48 2
1 24 76 1
1 25 69 4
2 0 91 1
2 1 1 21
2 3 32 1
2 4 2 4
2 6 76 9
2 7 285 1
2 8 282 1
2 9 56 1
2 10 1 6
2 11 7 15
2 13 1 7
2 17 92 6
2 24 1 18
3 0 186 13
3 1 129 1
3 2 38 1
3 5 164 2
3 7 3 7
3 8 163 1
3 9 65 7
3 10 54 2
3 16 133 8
3 19 1 10
3 24 29 1
3 27 54 3
4 0 5 18
4 1 13 11
4 2 10 1
4 3 19 3
4 5 47 1
4 6 247 1
4 7 9 1
4 8 2 18
4 9 155 1
4 10 6 22
4 12 4 9
4 13 72 3
4 14 72 1
4 15 98 2
4 16 53 15
4 17 126 1
4 18 5 3
4 22 2 29
4 23 83 4
5 0 285 1
5 1 98 26
5 3 85 1
5 4 13 19
5 6 10 3
5 8 212 5
5 9 8 24
5 10 260 1
5 11 1 26
5 12 2 18
5 16 47 1
5 17 1 21
5 18 4 13
5 20 2 13
5 24 33 1
6 1 93 1
6 2 2 29
6 3 126 1
6 4 6 25
6 5 104 1
6 7 66 1
6 8 204 18
6 9 5 21
6 10 228 1
6 11 159 1
6 12 118 1
6 13 134 1
6 14 92 1
6 15 3 5
6 16 4 15
6 17 71 1
6 18 33 1
6 20 1 3
6 24 87 4
6 25 135 1
6 26 48 1
7 0 262 2
7 1 293 19
7 2 10 27
7 3 259 1
7 5 1 23
7 6 411 1
7 8 1 7
7 9 177 1
7 10 2 2
7 11 11 28
7 14 20 6
7 15 166 1
7 17 1 15
7 18 27 1
7 20 16 25
7 21 60 1
7 25 200 1
8 0 336 1
8 1 15 1
8 2 281 1
8 3 162 1
8 4 195 1
8 5 90 24
8 6 175 1
8 9 143 1
8 10 6 24
8 11 2 18
8 12 239 1
8 15 1 16
8 16 17 12
8 17 1 11
8 18 189 1
8 23 11 5
8 24 27 5
8 26 4 3
8 27 2 20
9 2 131 1
9 3 5 21
9 4 154 1
9 5 115 1
9 6 20 15
9 7 1 28
9 8 136 1
9 10 68 1
9 11 11 11
9 12 42 1
9 13 89 1
9 14 1 13
9 15 3 9
9 18 1 18
9 25 13 6
10 0 1 28
10 3 18 1
10 4 260 1
10 5 261 1
10 6 81 1
10 7 1 5
10 8 26 19
10 9 5 21
10 11 1 1
10 12 128 1
10 14 3 1
10 15 1 21
10 17 47 3
10 19 30 11
10 22 1 26
10 24 47 1
10 25 5 3
10 27 1 8
11 0 1 5
11 2 5 3
11 3 3 4
11 4 18 3
11 6 285 1
11 7 119 10
11 8 423 1
11 9 1 13
11 10 47 21
11 12 33 1
11 13 36 1
11 14 202 1
11 15 58 1
11 17 3 9
11 23 173 1
11 24 2 2
11 25 381 1
11 27 1 25
12 1 161 1
12 4 4 3
12 9 9 27
12 10 1 21
12 11 160 1
12 13 1 5
12 14 1 20
12 19 73 27
12 23 1 12
12 24 1 22
12 25 2 14
13 5 1 4
13 7 94 1
13 8 5 10
13 10 59 1
13 12 77 1
13 22 10 28
13 25 1 23
14 1 128 1
14 10 323 15
14 11 177 1
14 15 15 1
14 23 2 7
14 26 31 10
15 2 1 29
15 4 1 15
15 6 32 28
15 8 115 2
15 9 2 26
15 10 102 1
15 11 371 1
15 20 76 27
15 25 1 2
16 0 119 1
16 1 100 17
16 2 2 3
16 3 23 23
16 5 1 12
16 8 333 1
16 10 30 6
16 14 2 14
16 15 37 1
16 17 115 1
16 18 1 11
16 21 1 8
16 24 226 16
16 25 1 7
16 27 1 1
17 0 2 2
17 1 13 1
17 2 78 1
17 4 1 10
17 5 1 16
17 6 201 1
17 7 1 18
17 8 253 1
17 10 168 1
17 16 2 25
17 18 4 27
17 20 67 3
17 23 6 28
17 24 3 22
18 0 1 25
18 1 2 15
18 5 86 23
18 6 2 2
18 7 1 17
18 16 10 14
18 17 41 1
18 22 11 2
19 0 141 1
19 1 193 1
19 3 17 4
19 4 2 14
19 7 106 2
19 10 10 1
19 12 68 3
19 20 47 1
19 25 1 26
20 0 30 1
20 2 177 1
20 3 1 9
20 4 8 18
20 5 12 1
20 7 1 6
20 8 1 20
20 10 173 2
20 12 1 7
20 19 195 1
21 4 85 5
21 10 122 2
21 24 1 16
21 25 1 6
22 5 9 2
22 7 105 2
22 8 136 23
22 9 79 1
22 11 3 14
22 12 50 2
22 15 4 16
22 18 1 19
22 20 58 2
22 23 2 1
23 8 161 3
23 11 142 1
23 12 1 16
23 16 1 26
23 22 2 17
23 24 58 3
24 0 45 1
24 1 128 1
24 3 103 1
24 4 51 1
24 5 61 2
24 8 30 1
24 10 117 1
24 11 46 12
24 16 57 1
24 19 1 2
24 26 13 2
25 8 11 7
25 9 1 3
25 10 150 1
25 11 31 5
25 12 1 26
25 15 1 27
25 20 67 1
25 27 2 12
26 10 130 2
26 25 1 17
27 5 1 24
27 7 1 25
27 8 58 3
27 9 2 26
27 17 7 2
27 20 74 3
27 22 1 4
27 25 24 1
27 26 104 1
