0 1 347 1
0 2 339 1
0 3 168 1
0 4 271 1
0 5 94 5
0 6 109 1
0 7 6 19
0 8 34 1
0 9 212 1
0 10 1 27
0 11 5 9
0 12 2 29
0 13 29 1
0 16 12 1
0 17 6 10
0 19 3 14
0 20 414 1
0 22 58 6
0 23 1 5
0 24 212 1
0 26 71 8
0 27 3 5
1 0 421 1
1 2 109 24
1 3 329 1
1 4 37 22
1 5 169 1
1 6 296 1
1 7 28 9
1 8 250 19
1 9 8 7
1 10 1 5
1 11 204 1
1 16 44 1
1 17 3 24
1 18 2 8
1 23 67 6
1 24 170 1
1 25 2 19
2 0 1 10
2 1 54 1
2 3 215 22
2 4 301 1
2 5 4 1
2 6 1 25
2 7 111 1
2 8 4 11
2 9 9 28
2 10 258 1
2 11 258 1
2 12 100 4
2 15 1 10
2 17 150 1
2 20 208 3
2 23 25 1
2 25 1 4
3 0 98 1
3 1 24 9
3 2 22 18
3 4 116 1
3 6 56 1
3 7 37 22
3 8 304 1
3 10 6 7
3 11 10 21
3 13 11 22
3 16 152 1
3 18 4 10
3 21 28 16
3 24 111 1
3 25 1 2
4 0 364 1
4 1 4 18
4 2 1 5
4 3 2 18
4 5 16 1
4 6 158 1
4 8 147 1
4 9 159 1
4 10 355 1
4 11 307 5
4 17 1 5
4 18 2 18
4 20 1 9
4 22 6 2
4 27 1 7
5 0 64 19
5 1 42 1
5 3 156 1
5 4 6 21
5 6 204 1
5 7 67 1
5 8 95 1
5 9 21 20
5 11 122 2
5 13 1 8
5 16 59 1
5 17 55 1
5 19 3 14
5 24 39 1
6 0 46 1
6 1 199 1
6 3 1 25
6 4 19 5
6 7 6 6
6 8 151 17
6 9 25 11
6 10 6 1
6 11 1 8
6 12 1 17
6 14 1 20
6 16 1 22
6 17 325 9
6 18 1 2
6 20 17 1
6 22 25 4
6 23 46 1
6 24 1 29
6 25 1 23
7 1 1 28
7 2 316 1
7 3 308 1
7 4 238 2
7 5 284 1
7 6 47 1
7 8 261 1
7 9 232 13
7 10 362 1
7 11 43 10
7 12 15 1
7 13 13 1
7 14 246 1
7 15 154 1
7 19 149 1
7 20 1 3
7 25 3 3
8 0 90 1
8 1 156 1
8 2 5 26
8 3 50 1
8 4 5 16
8 5 150 1
8 6 4 25
8 7 1 1
8 9 1 6
8 10 53 1
8 11 142 1
8 12 2 23
8 14 5 19
8 15 221 2
8 16 93 1
8 17 216 2
8 18 2 26
8 19 3 13
8 20 1 20
8 24 63 1
8 25 1 11
8 26 1 27
8 27 1 17
9 0 207 25
9 1 1 15
9 2 1 20
9 4 2 29
9 5 320 1
9 6 4 15
9 7 125 1
9 8 2 25
9 10 130 1
9 11 247 1
9 12 213 1
9 13 1 7
9 14 61 1
9 16 132 20
9 22 9 1
9 26 77 25
10 0 166 2
10 1 1 2
10 2 7 22
10 4 1 16
10 6 2 29
10 7 126 1
10 9 36 1
10 11 6 18
10 12 9 8
10 13 143 27
10 14 213 1
10 15 210 1
10 17 282 2
10 18 3 7
10 21 2 23
10 22 77 1
10 23 32 3
10 24 1 2
10 26 17 2
10 27 2 24
11 0 316 1
11 1 295 1
11 2 13 1
11 3 111 1
11 5 262 1
11 6 1 20
11 7 314 12
11 8 7 1
11 9 295 1
11 10 4 23
11 12 261 1
11 13 1 16
11 14 22 1
11 15 61 10
11 16 108 1
11 20 1 21
11 22 1 23
11 24 11 27
11 25 382 23
11 27 291 1
12 0 147 1
12 1 4 26
12 2 1 29
12 5 21 1
12 6 5 29
12 7 2 6
12 9 3 18
12 10 229 1
12 11 240 8
12 13 244 1
12 14 145 1
12 17 106 5
12 18 16 1
12 22 141 4
12 24 1 27
13 4 2 8
13 6 143 4
13 7 1 4
13 8 30 1
13 9 132 2
13 10 14 7
13 11 1 27
13 12 33 1
13 14 6 1
13 22 10 15
13 25 1 5
14 0 1 1
14 1 2 5
14 3 1 15
14 4 58 4
14 5 2 9
14 6 189 2
14 7 269 1
14 8 1 11
14 10 4 27
14 13 5 24
14 15 16 25
14 24 16 1
14 26 24 28
15 3 1 1
15 4 57 2
15 7 8 16
15 8 152 16
15 10 27 26
15 11 5 6
15 17 11 11
16 0 47 1
16 1 241 1
16 3 79 1
16 5 72 1
16 6 1 20
16 8 201 1
16 11 74 1
16 17 4 12
16 18 325 1
16 19 56 20
16 24 104 1
17 0 1 29
17 1 2 25
17 2 1 19
17 3 93 2
17 4 132 1
17 5 101 1
17 6 2 16
17 9 89 2
17 15 29 4
17 16 11 22
17 18 108 1
17 21 11 1
17 23 1 6
18 0 37 1
18 2 1 24
18 4 2 3
18 7 82 2
18 10 132 2
18 11 101 3
18 12 2 11
18 16 1 23
18 25 49 27
19 0 42 1
19 1 4 8
19 4 99 1
19 6 2 2
19 10 114 3
19 20 7 25
19 24 8 22
20 2 36 3
20 4 37 2
20 5 112 2
20 6 3 29
20 7 106 1
20 8 107 1
20 11 1 19
20 15 3 3
20 16 46 2
20 19 5 13
20 21 1 5
20 25 8 6
21 1 1 22
21 11 44 3
21 12 2 5
21 20 1 14
22 4 1 29
22 6 25 2
22 10 211 1
22 11 123 2
22 13 15 4
22 23 3 4
23 0 1 12
23 1 1 11
23 7 25 3
23 9 26 4
23 10 1 16
23 11 2 9
23 12 6 6
23 17 60 9
23 20 79 1
23 24 8 1
23 25 1 19
24 0 1 23
24 1 138 1
24 3 77 1
24 5 94 1
24 7 1 22
24 8 123 1
24 9 69 3
24 11 5 7
24 14 21 3
24 15 1 27
24 16 29 1
24 22 1 14
24 23 3 15
24 25 51 7
24 26 57 20
25 0 78 1
25 1 1 8
25 5 41 11
25 7 125 1
25 9 111 1
25 10 3 1
25 11 7 7
25 16 1 11
25 18 33 6
25 27 1 24
26 1 64 20
26 6 2 9
26 7 2 18
26 8 1 12
26 9 1 9
26 10 124 23
26 12 51 2
26 16 1 26
26 21 21 7
27 0 11 1
27 1 78 3
27 3 53 10
27 4 89 10
27 5 8 1
27 6 110 1
27 12 12 1
27 17 48 3
27 21 11 27
27 26 102 1
