0 1 312 1
0 2 337 1
0 3 84 15
0 4 267 1
0 5 12 1
0 6 106 27
0 8 5 16
0 9 210 2
0 12 1 8
0 13 29 1
0 14 3 10
0 16 133 16
0 17 6 17
0 19 2 26
0 23 1 9
0 24 174 1
1 0 395 1
1 2 141 1
1 3 298 1
1 4 5 18
1 5 133 1
1 6 116 1
1 7 1 18
1 8 342 1
1 9 1 15
1 10 2 3
1 11 202 1
1 16 248 1
1 17 3 11
1 18 8 28
1 21 1 9
1 22 71 25
1 24 133 1
1 25 137 24
1 26 43 9
1 27 1 29
2 0 1 23
2 1 43 1
2 4 299 1
2 5 2 15
2 7 106 1
2 8 5 7
2 9 1 14
2 10 254 1
2 11 255 2
2 16 63 1
2 20 208 1
2 25 1 21
3 0 53 1
3 1 126 1
3 2 37 29
3 4 114 1
3 5 86 1
3 6 53 2
3 7 4 17
3 8 274 1
3 10 3 27
3 11 1 15
3 16 115 1
3 18 1 29
3 19 36 5
3 24 80 1
3 26 46 3
3 27 3 14
4 0 361 1
4 1 7 4
4 2 1 20
4 5 436 1
4 6 150 1
4 7 372 2
4 8 142 1
4 9 153 1
4 10 352 1
4 13 2 1
4 15 110 1
4 17 11 11
4 18 5 21
4 19 1 16
4 20 6 2
4 21 56 1
4 22 1 19
4 25 1 8
4 26 1 9
5 0 108 1
5 1 13 2
5 3 119 1
5 4 52 7
5 6 404 1
5 7 64 1
5 8 63 2
5 9 8 4
5 12 219 2
5 16 21 1
5 17 54 1
5 18 77 3
5 24 31 1
5 25 2 3
6 0 43 1
6 1 185 1
6 3 1 7
6 4 3 27
6 5 2 13
6 7 18 25
6 8 26 9
6 9 5 23
6 10 4 2
6 11 2 19
6 12 10 7
6 13 4 4
6 14 1 29
6 16 1 1
6 17 4 16
6 18 1 17
6 20 16 3
6 25 3 19
7 1 1 5
7 2 311 1
7 3 299 1
7 4 236 1
7 5 282 1
7 6 43 1
7 8 242 1
7 9 10 16
7 10 360 1
7 11 2 1
7 12 14 2
7 14 244 1
7 15 149 1
7 16 88 1
7 19 148 1
7 20 1 22
7 22 10 1
7 23 32 27
7 24 48 1
7 25 3 15
7 26 98 1
8 0 52 1
8 1 200 1
8 2 11 10
8 3 73 1
8 4 10 10
8 5 186 1
8 6 449 7
8 7 3 5
8 9 2 22
8 10 23 1
8 11 136 1
8 12 1 1
8 14 4 23
8 16 56 1
8 17 214 1
8 18 5 16
8 19 1 5
8 20 1 1
8 22 128 1
8 24 27 1
8 26 2 23
8 27 1 8
9 0 1 20
9 1 5 4
9 4 4 13
9 5 297 1
9 6 2 26
9 7 122 2
9 8 4 16
9 10 112 1
9 11 244 1
9 12 206 1
9 13 1 1
9 14 60 1
9 16 1 5
9 18 15 3
10 0 164 2
10 2 245 26
10 4 3 29
10 6 3 24
10 7 122 1
10 8 1 29
10 9 30 1
10 11 7 18
10 12 6 18
10 13 10 3
10 14 202 1
10 15 206 1
10 18 2 28
10 22 75 2
10 23 31 1
10 24 6 11
10 27 1 24
11 0 314 1
11 1 293 2
11 3 108 1
11 4 1 23
11 6 6 8
11 7 104 17
11 9 293 1
11 10 202 12
11 12 261 2
11 13 3 8
11 14 19 2
11 15 17 23
11 16 107 5
11 18 2 13
11 19 163 4
11 20 1 22
11 24 1 1
11 27 290 2
12 0 146 3
12 1 1 12
12 2 122 8
12 4 211 1
12 5 20 1
12 6 1 20
12 7 2 28
12 9 37 19
12 10 225 1
12 13 242 2
12 14 143 1
12 15 82 1
13 1 1 2
13 3 25 15
13 8 29 1
13 10 2 19
13 14 5 1
13 18 1 26
13 19 7 24
14 0 1 25
14 1 1 12
14 6 188 1
14 7 267 2
14 8 7 6
14 10 8 28
14 15 2 9
14 17 2 4
14 18 55 25
14 25 8 8
14 26 1 5
15 6 48 1
15 7 2 5
15 9 24 1
15 10 5 1
15 11 5 23
15 14 4 14
15 18 1 16
15 22 19 21
16 0 73 1
16 1 34 2
16 3 42 1
16 4 1 29
16 5 43 1
16 7 126 4
16 8 164 1
16 11 73 3
16 14 4 5
16 15 44 6
16 17 1 9
16 18 322 1
16 24 67 1
17 1 4 5
17 2 1 4
17 3 91 2
17 4 129 2
17 6 1 17
17 8 9 6
17 10 1 13
17 11 1 22
17 12 1 28
17 16 2 7
17 21 1 21
17 22 3 29
18 1 52 2
18 2 2 20
18 4 7 18
18 5 1 7
18 6 6 3
18 7 81 3
18 11 100 4
18 13 3 2
18 16 4 21
18 20 1 8
19 0 38 1
19 4 98 3
19 7 1 16
19 10 114 2
19 16 53 1
19 20 17 12
20 0 1 2
20 2 44 21
20 3 281 17
20 7 104 1
20 11 2 8
20 12 1 19
20 15 3 3
20 16 46 4
20 17 36 5
20 19 1 28
20 23 1 11
20 26 41 18
21 11 44 2
21 12 1 19
21 14 20 9
22 1 1 4
22 4 67 28
22 7 2 25
22 9 1 28
22 10 211 1
22 18 23 8
23 3 34 3
23 7 24 1
23 8 1 5
23 11 1 25
23 14 1 23
23 22 10 2
24 0 115 1
24 1 100 1
24 3 40 1
24 5 56 1
24 6 157 16
24 8 85 1
24 9 69 1
24 11 1 20
24 14 21 1
24 16 45 2
24 19 1 8
24 22 26 12
24 26 1 1
25 6 128 1
25 7 122 1
25 9 111 3
25 10 5 3
25 11 172 18
25 14 41 26
25 15 24 6
25 20 1 12
25 24 3 16
25 27 2 23
26 2 7 13
26 6 2 25
26 7 5 20
26 8 1 13
26 10 2 25
26 11 106 3
26 12 51 1
26 13 4 1
26 23 1 6
26 24 67 1
26 25 5 4
26 27 21 1
27 1 78 3
27 8 171 3
27 10 124 2
27 11 297 4
27 15 1 7
27 17 47 4
27 25 15 3
27 26 100 1
