0 1 2 1
0 2 9 11
0 3 311 1
0 4 1 6
0 5 22 1
0 6 1 20
0 7 8 18
0 8 40 1
0 9 1 9
0 11 40 1
0 14 105 21
0 15 2 28
0 16 39 1
0 17 338 1
0 18 2 7
0 19 19 28
0 20 1 14
0 24 26 1
1 0 104 1
1 2 3 3
1 3 235 17
1 4 7 6
1 5 107 2
1 6 51 1
1 7 29 1
1 8 15 27
1 9 57 1
1 10 286 1
1 11 1 5
1 12 55 1
1 14 2 12
1 16 10 1
1 17 14 25
1 24 47 1
1 25 60 2
1 27 83 5
2 0 44 1
2 1 57 1
2 3 4 19
2 4 1 20
2 6 1 16
2 7 264 1
2 8 75 1
2 10 1 20
2 11 1 24
2 17 2 24
2 18 6 1
2 20 2 27
3 1 51 14
3 2 19 19
3 4 4 27
3 5 54 1
3 6 50 12
3 8 76 8
3 9 110 12
3 11 2 11
3 13 22 1
3 16 16 1
3 17 7 2
3 18 96 1
3 19 8 10
3 24 3 1
4 0 2 4
4 1 5 11
4 3 7 1
4 6 163 1
4 9 352 1
4 10 8 14
4 12 1 21
4 16 1 6
4 18 2 11
4 19 73 1
4 22 68 12
4 27 1 16
5 0 77 1
5 1 107 1
5 2 103 1
5 3 7 1
5 6 202 21
5 9 34 9
5 10 185 1
5 11 39 1
5 12 5 24
5 13 1 23
5 16 3 1
5 18 7 29
5 24 5 1
5 25 2 8
5 27 1 19
6 1 50 1
6 2 19 13
6 3 82 2
6 4 20 4
6 5 6 24
6 7 16 1
6 8 187 17
6 9 5 9
6 10 105 1
6 11 278 1
6 12 82 1
6 14 68 1
6 17 43 1
6 19 67 1
6 20 6 10
6 24 77 1
6 25 124 2
6 26 43 6
7 0 237 1
7 1 279 1
7 2 4 9
7 3 235 1
7 4 8 27
7 5 7 3
7 6 349 1
7 8 64 1
7 10 58 23
7 11 83 25
7 13 112 12
7 14 1 25
7 15 379 1
7 17 18 14
7 18 19 1
7 21 55 4
7 23 49 1
7 24 2 21
7 25 145 1
8 0 68 1
8 1 33 16
8 2 158 1
8 3 29 24
8 4 123 1
8 5 16 25
8 6 32 2
8 7 136 1
8 9 64 1
8 10 9 10
8 11 2 5
8 12 209 1
8 13 175 1
8 14 1 12
8 15 7 1
8 16 38 1
8 18 170 1
8 19 153 29
8 24 19 1
9 0 116 1
9 2 112 1
9 4 80 1
9 5 194 1
9 6 5 1
9 7 178 19
9 8 59 1
9 11 1 5
9 12 247 1
9 14 1 2
9 15 22 15
9 16 95 1
9 18 1 28
9 19 51 1
9 23 19 15
9 25 1 26
10 3 24 10
10 4 215 1
10 5 186 1
10 6 14 1
10 8 2 23
10 9 47 5
10 11 3 2
10 12 100 1
10 14 2 11
10 15 93 25
10 23 23 22
10 26 1 10
11 1 5 19
11 3 145 20
11 4 205 16
11 6 256 1
11 8 159 3
11 9 3 21
11 10 4 5
11 14 215 1
11 15 56 1
11 17 8 1
11 21 75 1
11 22 14 1
11 23 160 1
11 24 6 26
11 25 295 1
11 26 5 12
11 27 2 2
12 2 42 2
12 4 3 26
12 5 34 8
12 6 269 1
12 7 1 16
12 9 2 7
12 10 1 12
12 11 141 1
12 16 1 3
12 24 88 8
13 5 1 18
13 7 75 2
13 8 16 24
13 12 47 1
13 14 7 1
13 16 1 29
13 23 13 20
14 6 2 28
14 10 28 14
14 11 104 1
14 17 90 3
14 22 30 5
14 23 1 28
14 24 1 8
15 0 1 26
15 1 135 28
15 4 1 17
15 7 1 28
15 8 90 1
15 9 2 1
15 10 55 1
15 11 198 1
15 14 1 16
15 20 13 13
15 23 4 19
16 0 39 1
16 1 2 1
16 3 95 1
16 5 3 1
16 6 137 2
16 7 13 3
16 8 133 1
16 12 4 25
16 17 55 1
16 19 39 13
16 20 75 1
16 22 3 13
16 23 1 10
16 24 47 1
16 25 1 15
17 0 283 2
17 2 50 2
17 3 5 28
17 4 100 7
17 5 2 28
17 6 175 1
17 7 1 13
17 8 222 2
17 9 4 15
17 11 1 23
17 12 173 3
17 13 33 7
17 16 10 25
17 24 1 1
18 1 1 16
18 2 15 18
18 3 1 24
18 4 1 3
18 6 1 14
18 8 47 1
18 9 31 1
18 14 2 7
18 16 1 27
18 26 41 17
19 0 74 1
19 1 169 1
19 2 17 6
19 6 109 1
19 8 33 1
19 20 206 1
19 22 1 4
19 27 15 3
20 0 237 1
20 2 159 1
20 3 1 26
20 5 8 1
20 6 20 1
20 7 1 2
20 8 1 22
20 9 150 5
20 10 158 1
20 11 269 2
20 13 1 6
20 14 2 16
20 19 60 1
20 21 1 17
20 22 3 12
20 25 5 28
20 26 60 9
20 27 1 20
21 5 2 11
21 12 50 1
21 16 2 2
22 0 7 8
22 7 93 1
22 11 13 11
22 16 1 1
22 18 36 22
22 23 4 13
22 24 1 5
23 7 34 11
23 11 9 1
23 12 1 20
23 13 1 21
23 20 32 1
23 24 47 3
24 0 73 1
24 1 12 1
24 3 49 1
24 5 2 1
24 8 7 1
24 9 1 9
24 10 95 1
24 11 19 8
24 16 27 1
24 23 1 16
25 0 1 3
25 3 71 10
25 6 1 14
25 7 130 2
25 8 1 15
25 10 120 1
25 11 21 1
25 12 1 17
25 13 17 4
25 14 5 10
25 22 1 5
25 24 44 2
25 27 20 14
26 0 2 22
26 4 1 11
26 5 1 11
26 8 5 1
26 10 124 3
26 12 16 1
26 15 23 22
26 24 1 23
27 6 16 2
27 7 1 19
27 11 1 25
27 26 69 1
