0 1 13 12
0 2 115 15
0 3 9 24
0 4 2 5
0 5 12 19
0 6 2 15
0 7 5 16
0 8 13 13
0 9 1 13
0 13 1 12
0 15 3 1
0 16 11 28
0 17 328 1
0 18 2 7
0 19 11 6
0 20 10 18
0 23 2 2
0 24 12 7
0 27 95 1
1 0 6 19
1 2 5 28
1 3 43 22
1 4 27 14
1 5 14 1
1 6 85 1
1 7 22 1
1 8 15 13
1 9 48 1
1 10 124 1
1 11 1 16
1 14 3 23
1 15 87 2
1 16 79 29
1 17 37 2
1 18 24 3
1 20 38 26
1 23 1 23
1 24 57 29
1 25 58 1
2 0 33 1
2 1 162 1
2 3 4 6
2 4 47 26
2 6 1 4
2 7 350 1
2 8 32 1
2 9 33 2
2 10 2 28
2 11 1 4
2 15 39 1
2 17 1 22
2 18 5 1
2 19 7 17
2 25 31 17
3 0 14 28
3 1 21 7
3 2 85 1
3 4 1 19
3 5 12 14
3 6 49 24
3 7 205 1
3 8 14 2
3 9 109 5
3 10 23 1
3 11 1 26
3 16 27 27
3 19 6 4
3 20 98 2
3 24 21 18
4 0 101 12
4 1 24 5
4 5 1 1
4 6 144 1
4 8 4 15
4 9 135 1
4 10 1 7
4 11 42 3
4 12 1 1
4 16 173 21
4 17 80 2
4 18 19 11
4 22 68 11
4 23 78 11
5 0 16 6
5 1 11 11
5 2 2 1
5 3 12 7
5 6 18 17
5 8 354 1
5 9 61 9
5 10 164 1
5 11 16 11
5 12 3 17
5 15 42 9
5 16 13 17
5 20 17 22
5 23 4 1
5 24 12 15
5 25 1 6
5 27 4 11
6 0 183 12
6 1 97 1
6 2 1 7
6 3 71 2
6 4 95 28
6 5 13 4
6 7 8 1
6 8 359 1
6 9 304 3
6 10 78 1
6 11 140 1
6 12 73 1
6 13 119 1
6 14 61 2
6 15 116 18
6 18 20 2
6 20 1 1
6 25 121 1
7 0 230 1
7 1 184 1
7 2 111 10
7 3 188 1
7 5 59 20
7 6 321 1
7 8 21 1
7 9 131 1
7 10 5 23
7 11 15 15
7 13 112 17
7 14 4 21
7 15 363 1
7 17 1 17
7 18 18 1
7 25 130 1
7 27 20 1
8 0 11 23
8 1 15 17
8 2 193 1
8 3 14 11
8 4 104 1
8 5 9 8
8 6 16 1
8 7 171 1
8 9 47 1
8 10 10 12
8 11 143 21
8 12 201 1
8 14 2 26
8 16 14 18
8 19 30 24
8 20 2 15
8 24 11 10
8 25 130 1
9 2 106 1
9 3 53 19
9 4 63 1
9 5 174 1
9 6 39 5
9 7 2 15
9 8 42 1
9 10 1 8
9 11 3 23
9 12 8 18
9 13 72 3
9 14 1 17
9 16 92 2
9 17 6 11
9 20 14 1
9 21 90 2
9 23 2 20
9 24 10 1
9 27 1 19
10 0 6 12
10 2 1 17
10 3 22 2
10 4 203 1
10 5 166 1
10 8 211 12
10 9 7 6
10 11 5 9
10 14 6 21
10 15 30 16
10 21 76 6
10 22 31 13
10 26 1 27
10 27 1 11
11 0 8 15
11 6 30 1
11 7 403 13
11 8 378 1
11 9 4 4
11 10 3 8
11 13 13 2
11 14 192 1
11 15 26 3
11 21 73 2
11 22 8 2
11 23 167 1
11 24 6 28
11 25 247 16
11 26 7 6
11 27 1 12
12 1 138 1
12 2 40 1
12 3 92 6
12 6 259 1
12 9 46 25
12 10 4 16
12 11 136 1
12 14 3 20
12 18 1 21
13 2 2 24
13 5 1 28
13 7 70 1
13 10 18 2
13 12 91 1
13 14 1 3
13 16 1 26
13 24 1 16
14 0 2 24
14 1 114 1
14 3 36 4
14 6 41 27
14 7 1 2
14 10 13 1
14 11 86 1
14 12 184 1
14 15 1 14
14 17 89 1
14 18 55 1
14 22 29 2
14 25 1 14
15 0 2 3
15 2 3 15
15 6 1 9
15 7 2 3
15 8 83 2
15 10 44 1
15 11 121 1
15 14 7 1
15 23 1 10
15 25 20 2
15 26 3 11
16 0 12 25
16 1 22 27
16 3 12 22
16 5 12 13
16 6 134 1
16 8 12 14
16 9 1 18
16 12 2 18
16 14 1 11
16 17 41 1
16 23 1 22
16 24 12 15
16 27 1 26
17 0 90 2
17 1 1 2
17 2 43 1
17 3 1 25
17 4 1 28
17 5 1 15
17 6 164 1
17 7 192 9
17 10 143 1
17 14 4 1
17 16 7 16
17 18 1 1
17 25 83 1
18 1 13 6
18 4 3 4
18 8 43 2
18 13 1 4
18 15 11 2
18 16 3 18
18 17 22 2
18 23 1 27
19 0 58 1
19 1 162 1
19 5 23 1
19 6 105 2
19 7 87 1
19 9 2 26
19 16 13 1
19 17 2 6
19 20 162 1
19 24 5 16
19 25 15 4
20 0 229 1
20 1 14 2
20 3 10 21
20 4 1 16
20 5 7 1
20 6 215 1
20 7 1 17
20 10 154 2
20 13 1 18
20 17 11 19
20 19 34 1
20 22 3 22
20 27 4 20
21 1 67 13
21 2 2 7
21 4 81 4
21 8 28 2
21 9 17 2
21 11 1 4
21 15 1 24
21 17 3 18
21 20 6 8
22 1 5 12
22 2 15 18
22 3 3 16
22 12 32 1
22 20 56 1
22 21 2 21
23 0 71 7
23 10 52 24
23 16 3 1
24 0 83 4
24 1 12 25
24 3 12 22
24 5 12 1
24 6 28 1
24 8 12 22
24 10 89 2
24 11 2 10
24 14 13 27
24 16 12 19
24 17 73 1
24 20 77 2
24 25 1 10
25 1 73 2
25 3 70 3
25 7 17 1
25 10 112 1
25 11 219 7
25 12 3 8
25 14 4 9
25 16 45 1
25 17 82 5
25 27 2 24
26 7 18 3
26 11 1 5
26 14 23 11
26 19 7 6
26 20 47 1
26 24 1 2
26 25 50 7
27 0 2 27
27 6 14 3
27 8 46 3
27 9 2 15
27 11 7 13
27 14 27 1
27 15 1 19
27 24 15 1
27 25 33 2
27 26 60 1
