0 1 54 13
0 2 1 29
0 3 22 23
0 4 32 14
0 5 22 9
0 6 1 23
0 7 2 18
0 8 21 29
0 10 286 2
0 12 139 10
0 13 1 10
0 14 105 5
0 16 21 10
0 17 318 2
0 18 1 10
0 19 3 28
0 20 5 28
0 23 8 23
0 24 21 29
0 25 1 23
1 0 22 21
1 2 56 22
1 3 23 12
1 4 275 2
1 5 174 26
1 6 52 1
1 8 23 15
1 9 39 2
1 10 394 1
1 11 1 10
1 12 47 2
1 14 3 5
1 15 84 3
1 16 20 28
1 17 6 26
1 20 5 20
1 24 21 15
2 1 337 1
2 3 9 8
2 4 1 8
2 5 1 2
2 6 15 29
2 7 330 1
2 8 288 1
2 9 29 1
2 11 96 3
2 13 1 28
2 17 5 18
2 23 3 1
2 24 2 18
3 0 40 25
3 1 22 10
3 2 41 1
3 4 26 9
3 5 22 20
3 7 355 19
3 8 103 12
3 10 17 2
3 11 18 13
3 14 16 9
3 16 62 11
3 17 3 4
3 20 175 1
3 24 43 21
3 25 11 5
4 0 102 7
4 1 4 20
4 5 1 4
4 6 106 6
4 9 115 1
4 10 3 21
4 11 38 1
4 12 25 13
4 14 54 1
4 17 71 1
4 18 3 11
4 19 67 1
4 23 77 11
5 0 21 14
5 1 42 27
5 3 27 5
5 4 42 12
5 6 340 16
5 6 139 2
5 8 39 19
5 9 33 17
5 10 145 1
5 11 6 2
5 12 6 3
5 13 1 16
5 16 21 1
5 17 7 8
5 18 1 23
5 20 5 24
5 23 4 25
5 24 77 19
5 25 43 4
6 0 183 17
6 1 71 1
6 2 1 22
6 3 61 1
6 4 255 4
6 5 25 21
6 7 3 1
6 8 308 1
6 9 7 1
6 10 54 1
6 11 406 1
6 12 64 1
6 13 115 1
6 15 5 12
6 16 187 5
6 18 14 1
6 20 99 17
6 21 11 3
6 23 2 24
6 24 71 1
6 25 117 3
7 0 216 1
7 1 176 1
7 2 1 28
7 3 145 1
7 5 1 4
7 6 118 22
7 8 56 1
7 9 121 1
7 10 14 14
7 11 14 18
7 13 16 14
7 14 48 2
7 15 345 1
7 17 194 17
7 18 16 2
7 20 13 1
7 24 4 2
7 25 114 1
7 26 1 22
7 27 18 1
8 0 21 1
8 1 30 7
8 2 128 10
8 3 89 22
8 4 88 1
8 5 16 27
8 6 3 12
8 7 3 6
8 9 32 1
8 10 144 8
8 11 2 23
8 12 192 1
8 13 46 1
8 14 1 25
8 15 1 6
8 16 21 24
8 17 1 21
8 18 159 3
8 20 1 28
8 21 1 11
8 24 21 15
8 25 86 2
9 0 104 1
9 1 1 16
9 4 47 1
9 5 103 1
9 6 5 25
9 7 2 13
9 8 29 1
9 10 2 9
9 11 25 24
9 12 50 16
9 15 8 4
9 17 2 28
9 18 1 3
9 21 88 4
9 22 26 5
9 23 7 11
9 26 65 7
10 0 8 19
10 2 2 22
10 4 190 1
10 5 146 1
10 8 226 1
10 9 86 29
10 11 2 25
10 12 79 1
10 14 3 26
10 15 233 26
10 17 27 4
10 19 5 22
10 21 74 2
10 22 6 2
10 24 23 2
11 0 2 15
11 1 2 14
11 3 230 1
11 4 201 2
11 6 239 1
11 7 357 5
11 8 142 1
11 9 1 16
11 10 3 24
11 12 16 3
11 13 9 1
11 14 171 1
11 15 8 1
11 18 165 2
11 20 172 2
11 22 88 2
11 23 106 1
11 24 10 14
11 25 71 1
11 26 19 23
11 27 1 3
12 2 37 3
12 4 3 19
12 5 193 1
12 6 248 1
12 7 1 10
12 9 9 14
12 10 3 10
12 18 1 1
12 22 3 6
12 25 7 5
13 0 4 3
13 5 13 12
13 8 17 26
13 9 1 29
13 10 12 1
13 11 2 14
13 12 78 21
13 14 64 1
13 24 22 11
14 2 32 1
14 3 35 1
14 4 7 15
14 6 4 10
14 7 14 1
14 8 4 14
14 9 52 1
14 10 249 1
14 11 70 1
14 13 4 16
14 15 2 14
14 16 3 1
14 23 1 6
14 24 19 23
15 3 55 28
15 4 1 7
15 6 1 16
15 7 1 1
15 8 77 1
15 9 1 4
15 10 34 1
15 11 234 1
15 12 1 2
15 14 5 1
15 17 7 25
15 26 1 13
16 0 51 8
16 1 23 24
16 2 7 6
16 3 31 10
16 4 1 2
16 5 21 15
16 6 131 1
16 8 22 1
16 17 30 1
16 23 8 12
16 24 21 23
17 0 275 1
17 1 1 18
17 2 37 1
17 4 1 8
17 5 8 20
17 6 153 1
17 7 11 24
17 15 1 18
17 16 2 10
17 18 1 7
17 20 51 2
17 25 5 10
18 0 38 24
18 1 1 16
18 3 1 19
18 4 3 28
18 5 47 1
18 12 132 1
18 16 2 27
18 19 41 3
18 21 3 20
18 22 9 2
18 23 6 6
19 0 44 1
19 1 155 1
19 4 7 4
19 7 82 2
19 8 27 1
19 12 64 16
19 14 1 26
19 17 1 26
19 20 122 1
19 24 17 25
20 0 221 1
20 2 147 2
20 3 1 1
20 4 27 2
20 6 213 1
20 7 1 7
20 8 3 17
20 9 147 4
20 11 266 3
20 12 3 6
20 19 15 1
20 21 1 12
20 25 1 27
20 26 1 25
20 27 3 1
21 5 2 9
21 7 15 9
21 8 27 1
21 10 115 4
21 12 42 2
21 17 1 6
21 18 40 20
22 1 5 16
22 3 4 5
22 6 1 16
22 7 86 2
22 10 2 5
22 11 1 29
22 12 29 1
22 14 1 4
22 15 9 1
22 17 17 8
23 4 1 1
23 5 24 7
23 7 1 25
23 11 119 1
23 12 51 27
23 15 3 3
23 17 11 17
23 22 1 3
23 27 22 1
24 0 21 23
24 1 22 24
24 3 107 5
24 5 24 18
24 6 25 4
24 8 35 20
24 9 2 27
24 10 83 1
24 11 21 5
24 15 31 1
24 16 21 13
24 20 75 6
24 23 5 14
25 2 7 9
25 3 69 6
25 4 1 5
25 7 245 2
25 10 104 1
25 11 196 1
25 15 35 23
25 20 58 1
26 1 2 2
26 5 3 26
26 6 36 9
26 8 129 23
26 9 19 19
26 17 25 12
26 25 4 7
27 4 31 2
27 7 1 4
27 11 2 8
27 13 11 4
27 14 26 4
27 20 69 3
27 23 1 29
27 26 50 2
