0 1 25 9
0 3 19 17
0 4 160 20
0 5 64 15
0 6 2 15
0 7 1 14
0 8 57 28
0 10 22 1
0 11 27 1
0 13 1 14
0 14 105 1
0 16 53 26
0 17 314 1
0 19 3 2
0 20 8 20
0 24 107 9
1 0 16 25
1 2 13 24
1 3 24 12
1 4 2 28
1 5 41 28
1 6 16 1
1 7 14 1
1 8 40 26
1 9 36 1
1 10 390 1
1 12 45 3
1 14 3 13
1 15 83 4
1 16 25 18
1 17 10 16
1 18 18 2
1 20 1 1
1 22 8 24
1 24 73 7
2 0 20 1
2 1 309 1
2 3 18 22
2 4 7 5
2 6 126 16
2 7 321 1
2 8 262 1
2 9 27 3
2 10 166 26
2 11 3 8
2 13 11 8
2 14 1 6
2 17 1 21
2 18 4 2
2 19 7 5
2 20 5 18
2 24 5 23
2 25 31 7
3 0 70 1
3 1 23 29
3 2 24 1
3 4 1 14
3 5 23 4
3 7 177 1
3 8 50 23
3 9 57 1
3 10 15 1
3 11 3 21
3 12 2 2
3 16 42 5
3 19 1 18
3 20 172 1
3 22 21 29
3 24 22 6
3 25 11 1
4 0 4 4
4 1 38 17
4 3 2 1
4 5 1 13
4 6 145 28
4 9 106 1
4 10 1 29
4 11 37 1
4 13 72 5
4 14 53 1
4 15 86 3
4 16 2 29
4 18 13 2
4 25 88 17
5 0 136 12
5 1 51 25
5 2 100 2
5 3 49 9
5 4 4 23
5 6 69 1
5 8 24 28
5 9 30 1
5 10 137 1
5 11 40 10
5 12 5 11
5 16 35 17
5 17 1 23
5 18 10 26
5 20 2 6
5 23 1 19
5 24 32 2
6 1 56 1
6 2 1 23
6 3 57 1
6 4 299 1
6 5 20 7
6 8 116 3
6 9 7 5
6 10 46 1
6 11 401 1
6 14 52 1
6 15 24 7
6 16 187 2
6 17 27 2
6 19 59 3
6 21 11 1
6 22 2 17
6 23 1 26
6 24 69 4
6 27 1 10
7 0 210 1
7 1 172 1
7 2 347 1
7 3 129 1
7 4 11 8
7 5 1 8
7 6 304 1
7 8 44 1
7 9 117 1
7 10 1 12
7 11 13 5
7 13 112 9
7 15 338 1
7 17 21 15
7 20 2 1
7 22 1 8
7 23 153 1
7 24 10 2
7 25 108 1
7 26 1 11
7 27 16 2
8 0 57 12
8 1 58 6
8 2 97 1
8 3 39 21
8 4 81 1
8 5 90 12
8 6 6 25
8 7 134 6
8 9 27 1
8 10 11 24
8 11 1 8
8 12 188 2
8 13 174 2
8 14 1 18
8 15 4 15
8 16 62 7
8 18 157 1
8 19 153 24
8 21 4 3
8 24 244 2
8 25 210 1
9 0 101 2
9 2 98 1
9 4 42 1
9 5 79 1
9 6 177 26
9 7 1 21
9 8 24 1
9 10 4 2
9 11 34 19
9 12 222 3
9 14 100 17
9 19 48 1
9 21 88 2
9 22 26 2
10 0 13 21
10 2 2 12
10 3 9 1
10 4 185 1
10 5 138 1
10 8 247 1
10 9 57 20
10 11 2 9
10 12 75 1
10 14 16 16
10 15 30 2
10 18 152 2
10 22 44 22
10 26 1 13
11 0 15 26
11 1 4 4
11 3 227 1
11 5 1 7
11 6 251 1
11 7 351 29
11 8 131 1
11 9 4 20
11 10 64 9
11 12 15 4
11 14 162 1
11 15 3 1
11 18 164 2
11 20 170 1
11 22 86 1
11 23 103 1
11 24 2 4
11 25 239 1
11 26 1 2
11 27 1 7
12 1 130 1
12 2 37 1
12 3 113 1
12 5 192 1
12 6 243 1
12 7 3 18
12 9 3 17
12 10 1 6
12 11 128 1
12 13 1 3
12 14 11 23
12 15 2 11
12 16 9 12
12 18 2 18
12 24 7 7
12 25 7 26
13 0 1 3
13 5 1 27
13 8 2 11
13 9 1 3
13 10 10 1
13 12 39 1
13 14 61 1
13 16 1 12
13 21 6 1
13 23 2 13
13 25 20 21
13 26 18 13
14 1 109 4
14 3 34 5
14 5 3 3
14 6 1 11
14 7 29 22
14 8 1 17
14 9 49 2
14 10 241 1
14 11 63 1
14 13 1 25
14 15 1 10
14 17 86 2
14 21 1 4
14 22 27 1
14 23 1 16
15 0 1 1
15 4 2 9
15 7 5 5
15 8 74 1
15 9 46 5
15 10 31 1
15 11 108 1
15 12 140 1
15 14 9 3
15 20 1 27
15 26 18 29
16 0 26 24
16 1 46 29
16 2 4 28
16 3 45 28
16 4 1 1
16 5 34 10
16 8 22 18
16 17 25 1
16 24 22 10
16 25 1 9
17 0 272 1
17 1 3 2
17 2 34 1
17 3 1 3
17 5 1 12
17 6 148 2
17 7 1 14
17 8 201 1
17 16 2 19
17 18 28 6
17 20 50 1
17 22 12 29
17 27 86 8
18 0 4 19
18 1 1 5
18 4 1 24
18 6 5 28
18 8 37 2
18 9 23 1
18 12 131 6
18 16 2 6
18 17 18 1
18 25 42 10
19 0 38 1
19 1 151 1
19 3 58 14
19 4 1 25
19 6 101 2
19 8 26 2
19 17 20 11
19 20 106 1
19 26 2 4
20 0 215 1
20 1 10 2
20 3 2 1
20 4 1 3
20 7 2 28
20 8 3 2
20 10 148 2
20 11 265 3
20 14 67 13
20 18 51 4
20 19 9 1
20 24 1 6
20 26 1 14
20 27 4 15
21 3 11 11
21 5 16 21
21 6 75 18
21 9 1 16
21 22 1 13
22 3 4 7
22 10 2 7
22 11 13 1
22 12 27 1
22 13 3 2
22 23 5 29
22 25 17 17
23 1 80 6
23 2 2 5
23 4 2 20
23 7 2 20
23 8 168 1
23 11 2 4
23 12 2 2
23 13 1 18
23 16 1 14
23 20 29 3
23 22 1 14
23 24 39 2
24 0 42 21
24 1 23 24
24 2 14 12
24 3 130 20
24 4 41 7
24 5 30 29
24 6 24 6
24 8 23 7
24 11 41 6
24 12 10 18
24 16 55 18
24 23 1 14
24 25 2 15
24 26 4 1
25 1 70 1
25 4 1 11
25 7 3 1
25 8 1 17
25 10 101 1
25 11 180 1
25 13 16 25
25 17 81 3
25 24 40 7
25 26 57 1
26 0 2 10
26 11 1 1
26 13 1 11
26 24 22 19
27 3 6 3
27 6 13 2
27 11 1 7
27 13 11 6
27 19 1 21
27 25 28 1
