0 1 41 20
0 3 19 26
0 4 92 6
0 5 35 10
0 6 1 23
0 7 1 9
0 8 23 14
0 9 4 3
0 10 21 3
0 12 1 10
0 14 104 25
0 15 25 29
0 16 22 25
0 17 312 2
0 18 1 1
0 19 5 21
0 20 1 14
0 22 77 2
0 24 23 16
0 25 1 1
1 0 22 19
1 2 167 2
1 3 35 29
1 4 3 28
1 5 76 16
1 6 11 1
1 7 13 1
1 8 28 10
1 10 388 2
1 11 16 26
1 16 37 26
1 17 91 3
1 18 18 1
1 19 2 23
1 20 1 14
1 24 55 26
1 25 54 2
2 0 19 1
2 1 168 1
2 3 5 8
2 4 1 16
2 6 1 6
2 7 318 1
2 8 251 1
2 11 1 3
2 12 75 3
2 15 38 1
2 17 5 22
2 18 3 14
3 0 57 23
3 1 47 26
3 2 18 1
3 4 2 3
3 5 53 15
3 7 174 1
3 8 24 9
3 11 2 12
3 12 2 4
3 16 44 15
3 17 2 5
3 18 92 2
3 19 1 4
3 20 171 1
3 22 1 7
3 24 22 12
4 0 103 5
4 1 4 29
4 2 1 8
4 3 1 9
4 5 1 23
4 6 100 1
4 9 102 2
4 10 28 14
4 11 36 1
4 12 2 11
4 16 1 12
4 17 66 1
4 18 42 17
4 22 1 10
4 24 43 2
4 27 1 9
5 0 23 3
5 1 111 29
5 2 100 1
5 3 22 27
5 4 420 1
5 6 24 1
5 7 1 20
5 8 323 3
5 8 245 10
5 9 7 27
5 10 133 1
5 11 4 10
5 12 2 14
5 16 47 4
5 18 1 7
5 24 75 24
5 25 1 19
6 1 51 1
6 2 1 4
6 3 55 2
6 4 2 25
6 5 44 25
6 7 1 1
6 8 123 3
6 9 87 1
6 10 42 1
6 11 399 1
6 12 59 1
6 13 113 2
6 14 51 1
6 16 187 6
6 17 26 2
6 18 12 1
6 20 1 4
6 25 115 3
7 0 208 14
7 1 170 12
7 3 122 1
7 4 3 15
7 5 40 5
7 6 299 1
7 8 39 1
7 9 115 1
7 10 2 11
7 11 45 23
7 12 105 26
7 13 3 29
7 14 1 25
7 15 335 1
7 17 1 9
7 20 1 1
7 22 5 24
7 23 48 27
7 24 11 4
7 25 106 1
7 27 16 1
8 0 22 6
8 1 55 25
8 2 86 1
8 3 41 16
8 4 78 1
8 5 17 12
8 6 7 18
8 7 276 1
8 9 25 1
8 10 89 15
8 11 1 5
8 12 187 1
8 13 173 3
8 14 1 11
8 15 1 12
8 16 86 24
8 17 1 13
8 18 156 2
8 20 14 15
8 23 1 8
8 24 319 18
8 25 209 3
8 27 171 1
9 0 100 1
9 1 1 26
9 2 97 2
9 3 54 20
9 4 39 1
9 5 70 1
9 6 79 28
9 7 1 18
9 8 22 1
9 10 6 5
9 11 3 23
9 12 3 5
9 13 66 2
9 17 2 10
9 18 27 9
9 21 88 2
9 22 27 10
9 25 1 17
9 26 65 1
9 27 1 15
10 0 8 17
10 1 1 25
10 3 8 2
10 4 183 1
10 5 135 1
10 8 243 1
10 9 6 3
10 11 1 20
10 12 73 1
10 14 12 28
10 15 29 4
10 18 151 1
10 20 4 11
10 21 73 2
10 23 19 6
11 0 1 19
11 1 2 25
11 3 225 2
11 4 198 1
11 6 248 1
11 7 229 1
11 8 127 1
11 9 75 5
11 10 23 22
11 13 8 1
11 14 158 1
11 17 1 7
11 18 164 6
11 19 27 3
11 20 169 2
11 23 101 1
11 24 4 25
11 25 231 1
11 26 7 24
11 27 10 2
12 0 5 1
12 1 129 3
12 3 10 6
12 8 2 17
12 9 6 22
12 10 1 27
12 11 127 3
12 13 1 1
12 18 1 19
12 22 3 1
12 26 59 3
13 8 1 1
13 9 1 29
13 10 9 2
13 12 37 1
13 14 59 1
13 16 1 5
14 4 11 8
14 7 1 15
14 8 4 21
14 9 48 1
14 10 237 1
14 11 61 1
14 13 1 15
14 15 1 21
14 17 86 3
14 26 31 1
15 0 2 3
15 4 2 25
15 6 18 10
15 7 14 8
15 8 73 1
15 9 2 4
15 10 29 1
15 11 96 1
15 12 140 4
15 14 2 19
15 17 1 23
15 25 17 1
16 0 22 5
16 1 26 19
16 3 22 15
16 5 23 23
16 6 129 2
16 7 10 1
16 8 24 12
16 9 1 26
16 11 1 2
16 12 1 21
16 17 24 1
16 18 34 1
16 19 37 15
16 24 43 27
16 25 32 1
17 0 270 1
17 1 6 24
17 2 33 1
17 3 8 2
17 4 1 11
17 5 2 11
17 6 147 1
17 7 3 15
17 8 200 1
17 9 1 6
17 13 31 1
17 15 1 15
17 16 2 14
17 18 1 3
17 19 34 1
17 20 49 3
17 24 1 10
17 27 1 21
18 1 4 24
18 2 81 1
18 3 1 7
18 4 1 25
18 5 79 1
18 8 37 1
18 10 1 10
18 11 1 1
18 16 1 8
18 19 40 1
18 23 25 26
19 0 36 1
19 1 150 2
19 2 14 5
19 3 22 6
19 6 100 3
19 7 80 2
19 8 26 2
19 9 40 6
19 10 4 1
19 16 11 8
19 17 1 10
19 20 100 1
20 0 213 1
20 1 10 1
20 2 144 1
20 3 1 17
20 7 2 7
20 8 3 18
20 9 146 2
20 10 147 2
20 12 2 15
20 15 86 1
20 17 12 25
20 19 7 2
20 24 1 16
21 4 79 2
21 9 1 9
21 12 40 3
21 22 10 7
22 1 1 18
22 6 4 14
22 7 84 3
22 8 1 16
22 11 2 13
22 13 3 1
22 15 1 8
22 16 2 5
23 0 69 7
23 5 24 1
23 11 113 1
23 12 2 19
23 22 1 4
23 24 39 1
24 0 45 10
24 1 95 18
24 3 60 6
24 5 178 8
24 7 1 25
24 8 37 17
24 10 80 1
24 11 2 25
24 12 6 13
24 14 2 26
24 16 63 5
24 18 1 16
24 25 1 8
25 0 1 3
25 7 143 1
25 10 99 2
25 11 172 1
25 12 1 5
25 22 1 23
25 27 44 22
26 6 1 2
26 9 3 12
26 20 45 3
26 23 10 8
26 24 1 4
26 25 6 16
27 6 13 1
27 7 8 2
27 11 1 17
27 14 25 5
27 15 1 23
27 17 4 4
27 20 69 1
27 21 1 7
27 24 31 1
27 26 45 1
