0 1 85 13
0 2 6 16
0 3 20 11
0 4 63 9
0 5 123 1
0 6 1 18
0 7 1 9
0 8 252 16
0 9 4 11
0 10 20 2
0 12 139 22
0 13 1 21
0 16 43 2
0 17 310 1
0 18 1 3
0 19 7 6
0 20 1 17
0 22 76 25
0 23 1 26
0 24 22 11
1 0 327 17
1 2 165 22
1 3 339 7
1 4 7 14
1 5 23 4
1 6 4 1
1 8 23 28
1 9 33 1
1 10 386 1
1 11 9 13
1 13 47 1
1 14 1 10
1 16 22 17
1 17 94 4
1 18 17 1
1 19 1 7
1 24 43 17
2 0 17 1
2 1 150 2
2 3 6 8
2 4 8 12
2 6 1 4
2 7 312 1
2 8 236 1
2 11 10 15
2 12 74 1
2 17 45 18
2 19 7 6
2 20 2 13
2 24 1 17
3 0 25 28
3 1 68 23
3 2 10 1
3 4 5 16
3 5 114 9
3 6 19 17
3 7 168 1
3 8 38 4
3 9 55 2
3 11 1 23
3 15 3 21
3 16 64 27
3 18 92 2
3 21 18 2
3 24 71 26
4 0 1 24
4 1 14 10
4 5 4 11
4 6 91 1
4 8 2 1
4 9 98 1
4 10 1 1
4 13 76 17
4 14 51 3
4 15 86 1
4 16 1 20
4 17 64 1
4 18 2 6
4 19 64 1
4 27 1 4
5 0 45 2
5 1 20 6
5 3 37 17
5 4 167 1
5 6 153 1
5 8 369 15
5 9 6 23
5 10 129 1
5 12 1 7
5 13 2 16
5 15 46 2
5 16 22 27
5 17 1 10
5 20 17 22
5 24 22 5
5 25 2 22
6 1 43 1
6 2 31 22
6 3 53 1
6 4 6 6
6 5 21 10
6 8 101 2
6 9 5 1
6 10 38 1
6 11 396 1
6 12 57 1
6 13 112 3
6 18 10 2
6 24 68 2
6 25 114 3
6 27 2 24
7 0 225 1
7 1 272 1
7 2 346 1
7 3 113 1
7 5 1 8
7 6 291 1
7 8 33 1
7 9 113 1
7 10 2 14
7 11 26 4
7 13 4 22
7 14 20 16
7 15 330 1
7 17 1 19
7 20 1 1
7 21 52 1
7 24 1 6
7 25 102 1
8 0 22 5
8 1 60 28
8 2 264 1
8 3 41 17
8 4 74 1
8 5 17 9
8 6 8 19
8 7 262 20
8 9 22 1
8 10 21 3
8 11 2 1
8 12 185 1
8 13 172 1
8 14 2 17
8 15 1 10
8 16 94 16
8 17 5 26
8 20 1 29
8 23 2 19
8 24 21 1
8 25 208 1
9 0 99 1
9 1 4 1
9 2 96 1
9 3 1 29
9 4 36 1
9 5 57 1
9 6 9 11
9 7 10 9
9 8 19 1
9 10 3 2
9 11 5 18
9 12 215 1
9 13 65 1
9 15 2 4
9 17 1 23
9 21 87 6
9 22 9 21
9 23 24 8
9 26 65 2
9 27 33 9
10 0 1 19
10 3 18 1
10 4 180 1
10 5 130 1
10 7 283 12
10 8 279 25
10 8 181 1
10 9 86 2
10 11 5 26
10 12 71 1
10 13 1 2
10 14 3 25
10 15 1 15
10 17 25 1
10 19 6 20
10 21 73 2
10 22 4 4
10 23 24 12
10 24 20 1
10 26 1 24
11 0 3 3
11 3 223 1
11 4 197 1
11 5 4 20
11 6 245 1
11 7 207 1
11 8 121 1
11 9 1 13
11 10 260 17
11 12 14 1
11 14 153 1
11 17 1 4
11 19 27 2
11 21 70 1
11 22 84 1
11 23 99 1
11 24 4 26
11 25 55 1
11 26 8 4
12 1 128 1
12 2 36 1
12 4 2 15
12 6 239 1
12 7 2 24
12 9 4 17
12 10 7 14
12 11 126 1
12 14 1 3
12 15 2 4
12 16 1 14
12 25 1 11
12 26 59 1
13 0 1 19
13 7 62 1
13 8 1 12
13 10 8 1
13 12 34 1
13 14 22 1
14 2 31 1
14 3 33 2
14 5 2 13
14 6 4 7
14 7 5 10
14 8 1 18
14 9 46 2
14 10 231 1
14 11 57 1
14 12 176 1
14 13 1 16
14 17 86 2
14 21 1 11
14 25 2 20
15 0 2 27
15 7 7 27
15 8 71 2
15 9 46 4
15 10 27 1
15 11 196 1
15 13 1 16
15 14 1 12
15 21 19 1
16 0 89 27
16 1 22 19
16 3 65 3
16 5 22 19
16 6 128 3
16 8 22 19
16 10 20 2
16 17 21 2
16 20 72 2
16 21 5 29
16 23 2 27
16 24 56 27
16 25 2 2
17 0 268 1
17 1 2 24
17 2 32 1
17 3 2 13
17 4 2 27
17 5 6 26
17 6 144 1
17 8 197 1
17 9 1 2
17 10 133 1
17 11 2 4
17 14 2 14
17 16 4 16
17 18 2 6
17 19 33 2
17 20 48 3
17 22 10 16
17 25 5 1
17 26 76 1
18 1 1 22
18 4 11 7
18 6 218 10
18 7 1 2
18 9 21 4
18 13 1 29
18 16 1 20
18 17 16 4
18 23 1 22
19 0 33 1
19 1 148 1
19 4 1 20
19 6 99 1
19 7 79 1
19 8 25 2
19 9 1 21
19 15 1 28
19 18 1 10
19 20 92 1
20 0 209 1
20 2 142 2
20 3 1 12
20 7 1 2
20 8 2 14
20 10 146 2
20 11 264 1
20 12 1 29
20 17 1 27
20 19 5 1
20 22 3 1
20 23 78 1
21 2 4 26
21 6 4 7
21 7 7 2
21 12 39 3
21 23 4 26
22 4 93 3
22 7 83 2
22 10 1 27
22 11 4 1
22 15 4 8
22 16 1 27
22 18 1 3
22 20 54 14
22 21 2 3
22 23 9 17
22 24 1 14
23 2 3 8
23 4 1 27
23 7 2 4
23 9 1 22
23 10 158 8
23 11 113 1
24 0 22 14
24 1 22 15
24 3 54 23
24 5 101 3
24 8 35 8
24 10 78 2
24 11 5 29
24 15 30 1
24 16 22 15
24 19 14 6
24 22 4 2
24 23 2 18
24 27 14 1
25 0 1 16
25 1 69 1
25 7 141 1
25 10 97 2
25 11 160 1
25 26 1 26
25 27 3 29
26 1 92 10
26 6 2 14
26 10 120 3
26 11 2 4
26 15 22 2
26 16 35 10
26 20 45 12
26 24 2 28
27 2 32 5
27 3 6 1
27 5 2 7
27 8 41 1
27 9 1 3
27 11 2 29
27 24 14 23
27 26 43 1
