0 1 52 7
0 2 1 27
0 3 18 10
0 4 3 21
0 5 155 23
0 6 30 20
0 7 7 14
0 8 36 26
0 9 1 19
0 11 24 2
0 16 41 18
0 17 309 1
0 18 1 25
0 19 2 20
0 20 1 15
0 24 21 23
0 25 3 12
0 27 93 1
1 0 16 5
1 3 22 21
1 4 4 26
1 5 53 26
1 6 2 1
1 7 11 1
1 8 67 12
1 9 32 1
1 10 385 1
1 11 1 13
1 12 43 2
1 13 47 1
1 14 133 3
1 16 37 10
1 17 3 23
1 18 16 1
1 20 2 7
1 22 82 5
1 23 1 1
1 24 64 2
1 25 53 1
1 27 80 2
2 0 16 2
2 1 131 23
2 3 6 17
2 4 2 5
2 6 3 2
2 7 311 1
2 8 231 1
2 10 7 20
2 11 2 8
2 12 74 1
2 17 1 2
3 0 24 16
3 1 44 16
3 2 8 3
3 4 28 20
3 5 42 18
3 7 166 1
3 8 86 24
3 10 13 3
3 11 3 9
3 12 2 28
3 16 83 24
3 19 1 24
3 20 169 1
3 24 43 9
4 0 11 17
4 1 4 16
4 5 2 29
4 6 88 1
4 8 2 1
4 9 96 1
4 10 2 18
4 11 35 1
4 12 1 23
4 13 16 19
4 15 85 2
4 17 63 2
4 18 9 28
4 19 63 4
4 23 77 1
4 24 43 1
4 25 4 21
5 0 22 21
5 1 23 26
5 3 31 11
5 4 166 26
5 6 132 1
5 8 21 20
5 9 7 2
5 10 127 1
5 11 36 21
5 12 13 3
5 14 1 18
5 16 68 25
5 17 8 16
5 18 1 3
5 20 3 18
5 24 21 25
5 27 1 27
6 0 8 10
6 1 41 1
6 2 3 4
6 3 52 1
6 4 45 28
6 5 22 24
6 8 16 1
6 9 3 1
6 10 36 1
6 11 395 1
6 12 57 1
6 14 49 2
6 17 24 3
6 19 58 1
6 20 1 20
6 22 1 21
7 0 224 1
7 1 271 1
7 2 345 6
7 3 110 1
7 4 1 3
7 5 86 9
7 6 288 1
7 8 31 1
7 9 112 1
7 10 7 26
7 11 12 20
7 12 6 9
7 13 35 27
7 14 41 7
7 15 328 1
7 19 1 11
7 21 51 1
7 23 150 2
7 24 11 1
7 25 101 1
8 0 119 2
8 1 108 15
8 2 259 1
8 3 23 2
8 4 73 1
8 5 29 5
8 6 9 29
8 7 128 1
8 9 21 1
8 10 10 10
8 11 296 10
8 11 274 2
8 12 184 1
8 13 172 1
8 14 1 26
8 15 1 4
8 16 80 16
8 17 1 16
8 18 154 2
8 20 6 16
8 21 1 28
8 23 1 28
8 24 42 21
8 25 208 1
9 0 98 2
9 1 4 28
9 2 95 1
9 3 35 19
9 4 35 1
9 5 53 1
9 6 5 17
9 7 1 9
9 8 18 1
9 10 5 20
9 11 9 1
9 12 212 2
9 13 65 1
9 14 7 14
9 15 4 12
9 16 88 2
9 17 7 26
9 18 11 18
9 23 7 10
9 25 2 14
10 1 1 17
10 2 2 16
10 3 17 1
10 4 179 1
10 5 129 1
10 8 178 1
10 9 29 7
10 11 2 8
10 12 70 1
10 13 1 21
10 14 5 23
10 15 29 4
10 17 25 1
10 18 150 1
10 19 3 26
10 23 1 1
10 24 20 2
11 1 1 2
11 3 222 7
11 4 196 5
11 6 243 1
11 7 200 1
11 8 119 1
11 9 28 28
11 10 3 11
11 12 14 3
11 14 151 1
11 20 167 2
11 21 69 5
11 22 83 2
11 23 98 1
11 24 2 8
11 25 51 1
11 27 1 15
12 1 128 1
12 2 35 5
12 4 25 10
12 5 53 1
12 6 238 1
12 7 142 7
12 9 3 21
12 10 2 1
12 11 126 1
12 13 226 23
12 14 3 24
12 16 1 19
12 18 6 29
12 24 89 26
12 26 58 5
13 5 1 7
13 7 61 1
13 10 8 1
13 11 1 11
13 12 32 1
13 14 21 1
13 24 22 8
14 2 30 2
14 4 3 15
14 6 1 12
14 7 5 9
14 10 229 1
14 11 56 1
14 12 175 2
14 13 4 9
14 15 1 19
14 22 26 2
14 24 6 7
14 27 3 7
15 2 13 3
15 6 1 3
15 7 4 6
15 9 3 26
15 10 26 1
15 11 190 1
15 12 139 5
15 14 1 5
15 18 36 2
15 20 18 23
15 21 19 1
16 0 31 23
16 1 71 4
16 3 44 13
16 4 260 1
16 5 21 7
16 8 51 2
16 12 1 28
16 14 1 16
16 24 59 8
16 26 24 10
17 0 268 1
17 1 5 22
17 2 31 1
17 3 31 24
17 4 44 21
17 6 143 1
17 7 26 24
17 8 197 1
17 9 1 6
17 10 133 2
17 16 2 1
17 18 47 11
17 24 1 23
17 25 4 12
17 26 75 4
18 1 23 22
18 4 8 14
18 5 77 3
18 6 1 12
18 8 35 4
18 10 1 14
18 12 130 15
18 14 15 27
18 15 10 1
18 16 180 7
19 0 32 1
19 1 148 1
19 6 99 2
19 7 79 1
19 20 89 1
19 22 1 6
20 0 208 1
20 3 1 6
20 7 1 16
20 8 2 27
20 9 145 7
20 11 264 16
20 12 114 2
20 13 3 10
20 14 1 1
20 19 4 1
20 22 3 1
20 23 78 1
20 24 1 18
20 26 4 14
20 27 5 2
21 6 4 16
21 7 1 9
21 8 26 1
21 24 2 1
22 5 6 14
22 8 1 5
22 10 1 22
22 11 9 15
22 17 9 22
23 1 80 2
23 11 112 1
23 12 1 6
23 13 1 16
23 16 1 24
23 21 17 2
23 22 1 24
23 24 38 1
24 0 64 23
24 1 149 11
24 3 21 27
24 5 22 5
24 6 23 6
24 8 38 20
24 11 45 1
24 15 29 5
24 16 52 2
24 23 1 2
24 25 1 13
24 27 13 4
25 1 68 2
25 2 39 14
25 7 140 2
25 8 218 12
25 11 156 1
25 12 5 28
25 15 18 11
25 17 80 7
25 18 3 9
26 4 11 23
26 11 1 25
26 12 14 9
26 14 23 5
26 24 2 18
27 3 5 4
27 7 52 27
27 8 41 3
27 13 11 2
27 17 4 1
27 20 69 2
27 22 1 24
27 25 25 1
27 26 42 2
