0 1 254 3
0 2 333 2
0 3 354 1
0 4 261 1
0 5 69 1
0 6 294 1
0 8 24 1
0 10 1 4
0 11 1 24
0 14 1 6
0 16 54 1
0 17 8 15
0 19 3 20
0 20 411 2
0 24 140 1
0 27 1 15
1 0 72 1
1 2 115 1
1 3 168 1
1 4 4 5
1 5 102 1
1 6 97 1
1 7 1 2
1 8 91 1
1 9 12 23
1 10 8 6
1 13 1 22
1 15 2 24
1 16 215 1
1 17 3 5
1 21 1 27
1 24 99 1
1 25 1 1
2 1 19 1
2 4 297 1
2 5 5 29
2 6 5 21
2 7 100 1
2 8 10 25
2 10 249 1
2 12 2 5
2 20 207 1
3 0 67 1
3 1 215 1
3 2 6 27
3 4 111 1
3 5 51 1
3 6 50 1
3 7 4 2
3 8 84 1
3 9 1 15
3 10 9 10
3 11 1 17
3 16 90 1
3 17 1 5
3 24 65 1
3 25 1 3
4 0 356 1
4 1 15 19
4 2 163 5
4 3 1 14
4 5 428 1
4 6 140 1
4 8 136 1
4 9 146 1
4 10 348 2
4 12 5 1
4 15 1 4
4 17 1 22
4 18 299 25
4 24 115 1
4 27 1 27
5 0 71 1
5 1 17 1
5 2 17 3
5 3 86 1
5 4 3 28
5 6 84 1
5 7 61 1
5 8 46 1
5 9 24 4
5 11 118 1
5 14 49 1
5 16 103 1
5 18 76 2
5 24 11 1
5 25 3 12
6 0 40 2
6 1 263 1
6 2 3 28
6 3 13 10
6 4 2 18
6 5 4 6
6 7 2 12
6 8 77 27
6 9 5 29
6 10 2 1
6 11 20 22
6 12 1 2
6 13 4 12
6 14 1 11
6 16 1 18
6 18 1 17
6 20 15 5
6 22 24 6
6 25 3 12
6 27 42 3
7 2 48 1
7 3 240 1
7 4 233 1
7 5 278 1
7 6 38 1
7 8 247 1
7 9 1 19
7 10 281 1
7 11 21 1
7 12 14 2
7 15 142 1
7 23 1 14
7 24 45 1
7 25 1 29
7 27 229 12
8 0 17 1
8 1 288 1
8 2 5 25
8 3 35 1
8 4 18 27
8 5 188 6
8 7 8 14
8 9 2 12
8 10 36 25
8 11 283 1
8 12 1 3
8 14 1 8
8 15 218 2
8 16 23 1
8 17 211 2
8 19 1 26
8 21 22 2
8 22 127 3
8 24 14 1
8 25 1 24
9 0 1 15
9 1 370 2
9 3 43 1
9 4 3 19
9 5 267 1
9 6 1 23
9 7 119 1
9 8 6 10
9 10 91 1
9 11 240 1
9 12 196 1
9 13 2 6
9 14 57 2
9 17 104 2
9 18 14 1
9 21 1 19
9 23 11 6
10 0 162 1
10 1 2 3
10 2 1 6
10 4 2 15
10 6 2 1
10 7 116 1
10 8 1 6
10 9 22 1
10 11 21 6
10 12 234 10
10 13 1 17
10 14 187 1
10 15 200 1
10 16 41 3
10 18 8 12
10 19 4 6
10 20 107 1
10 21 1 19
10 22 73 2
10 24 2 8
11 0 311 1
11 1 291 1
11 3 102 1
11 4 1 27
11 6 1 1
11 7 195 1
11 8 4 1
11 9 289 1
11 10 17 15
11 13 9 13
11 15 12 27
11 19 163 3
11 20 6 7
11 24 7 4
12 0 145 4
12 9 7 14
12 10 221 1
12 14 141 1
12 15 81 1
12 17 105 1
12 21 155 4
12 23 1 5
12 24 39 23
13 4 2 24
13 8 27 2
13 9 130 5
13 10 91 21
13 12 28 1
13 14 3 3
14 0 1 17
14 1 1 17
14 2 2 13
14 8 7 22
14 10 227 27
14 13 5 29
14 15 23 16
14 17 106 12
14 23 18 1
15 7 2 10
15 8 1 25
15 9 23 2
15 10 1 2
15 11 5 11
15 12 1 5
15 13 2 9
15 14 8 14
15 20 1 20
15 27 1 27
16 0 38 1
16 1 21 1
16 3 9 1
16 4 1 26
16 5 8 7
16 6 3 5
16 7 126 1
16 8 148 1
16 9 7 1
16 11 72 3
16 17 1 3
16 18 318 1
16 22 1 7
16 24 33 1
17 0 2 12
17 1 4 14
17 2 5 2
17 3 89 1
17 4 126 1
17 6 1 23
17 8 3 14
17 9 86 1
17 10 1 5
17 11 1 21
17 12 2 6
17 14 83 6
17 16 1 10
17 19 1 5
17 21 1 9
18 0 35 2
18 1 50 2
18 2 1 18
18 4 8 19
18 5 3 16
18 7 80 1
18 9 2 14
18 10 130 1
18 11 100 1
18 16 3 22
18 20 1 15
18 23 1 11
18 25 1 6
18 26 1 13
19 0 34 1
19 1 4 23
19 6 5 29
19 7 165 3
19 12 1 17
19 20 82 9
20 0 3 4
20 4 35 3
20 7 101 1
20 9 2 29
20 10 1 21
20 14 1 4
20 16 46 2
20 19 9 27
20 21 2 16
21 0 1 4
21 4 2 7
21 12 1 7
21 14 1 4
21 22 9 1
22 0 57 1
22 1 1 27
22 6 24 2
22 10 209 4
22 11 120 2
22 14 1 23
22 15 10 1
22 23 2 6
23 0 1 9
23 7 23 3
23 8 2 13
23 9 25 6
23 11 1 18
23 15 1 29
23 21 1 14
23 22 9 3
23 24 6 6
24 0 81 1
24 1 65 1
24 3 14 1
24 5 22 1
24 7 2 14
24 8 49 1
24 10 1 8
24 11 6 12
24 14 20 2
24 16 21 1
24 25 51 1
24 26 2 4
25 2 1 12
25 6 127 2
25 7 116 1
25 10 15 1
25 11 30 5
25 14 1 6
25 16 39 22
25 26 1 2
26 4 1 25
26 8 2 18
26 17 63 2
26 21 21 2
26 25 4 4
27 11 296 2
27 13 19 9
27 17 47 4
27 20 1 22
27 21 1 21
27 24 1 7
27 25 14 1
27 26 97 1
