0 1 10 21
0 2 332 27
0 3 1 10
0 4 89 22
0 5 4 6
0 6 12 17
0 7 1 17
0 8 84 5
0 10 2 20
0 16 4 9
0 17 233 1
0 18 1 27
0 19 41 1
0 20 11 5
0 21 57 1
0 22 73 7
0 24 3 23
1 0 3 9
1 2 179 1
1 3 3 26
1 4 190 1
1 5 5 5
1 6 2 3
1 8 4 18
1 9 1 5
1 10 311 1
1 11 8 2
1 13 34 2
1 15 64 1
1 16 3 6
1 17 4 10
1 24 3 3
1 25 37 4
1 27 70 9
2 0 1 2
2 1 34 7
2 4 130 20
2 6 235 2
2 7 166 1
2 8 3 1
2 10 8 1
2 11 4 13
2 12 59 1
2 19 6 2
2 20 10 2
2 22 7 7
2 25 27 1
3 0 7 25
3 1 2 26
3 2 50 11
3 4 1 5
3 5 4 10
3 6 283 2
3 7 240 1
3 8 6 4
3 9 43 1
3 11 1 19
3 12 85 22
3 16 3 7
3 20 65 1
3 24 15 3
3 27 45 3
4 0 214 26
4 1 6 4
4 2 6 26
4 5 4 27
4 6 43 1
4 8 325 1
4 9 276 1
4 10 51 16
4 12 1 20
4 14 32 1
4 15 72 1
4 16 3 8
4 17 19 1
4 18 1 2
4 19 42 3
4 20 192 1
4 22 1 26
4 25 1 12
5 0 4 10
5 1 2 14
5 3 4 22
5 4 64 1
5 6 77 12
5 7 106 2
5 8 235 28
5 9 9 1
5 10 29 1
5 11 2 18
5 14 21 1
5 15 44 1
5 16 4 16
5 19 29 8
5 20 63 25
5 24 3 9
6 0 180 2
6 1 1 28
6 2 56 2
6 3 7 2
6 4 1 15
6 5 266 1
6 7 4 25
6 8 94 9
6 9 375 1
6 10 1 16
6 11 307 1
6 12 15 1
6 13 87 2
6 15 2 10
6 18 152 2
6 19 37 2
6 20 3 16
6 23 1 3
6 27 6 7
7 0 168 1
7 1 108 18
7 2 319 1
7 4 8 25
7 5 1 16
7 6 52 1
7 8 4 13
7 9 56 1
7 10 4 18
7 11 70 16
7 12 1 9
7 14 1 23
7 15 193 1
7 17 1 22
7 22 1 21
7 24 139 1
7 25 25 1
7 26 1 27
8 0 3 20
8 1 5 3
8 2 23 1
8 3 8 1
8 4 6 2
8 6 21 19
8 7 264 1
8 9 2 26
8 10 303 9
8 11 1 2
8 12 127 1
8 14 8 26
8 15 1 13
8 16 4 27
8 17 1 5
8 18 117 1
8 19 150 20
8 21 2 20
8 22 1 12
8 24 3 22
8 25 174 1
9 0 61 1
9 1 2 3
9 2 58 2
9 3 1 7
9 5 7 11
9 6 1 13
9 7 3 26
9 8 2 26
9 10 18 26
9 11 111 6
9 12 88 1
9 13 41 3
9 17 1 29
9 18 7 2
9 21 77 7
9 22 1 11
9 27 37 4
10 0 42 21
10 2 1 24
10 3 264 2
10 4 103 1
10 5 30 1
10 6 3 8
10 7 322 1
10 8 297 11
10 9 6 4
10 11 20 22
10 12 19 1
10 13 1 15
10 14 4 29
10 15 88 1
10 18 125 2
10 22 11 23
10 23 1 26
10 24 4 1
10 26 1 3
11 0 2 12
11 1 10 7
11 3 97 1
11 5 1 1
11 6 148 1
11 7 33 23
11 8 33 1
11 9 11 22
11 10 2 24
11 12 3 1
11 14 38 1
11 15 6 2
11 17 30 25
11 19 14 1
11 20 131 2
11 22 51 1
11 23 52 1
11 24 2 6
11 25 33 1
11 27 19 22
12 1 94 1
12 4 1 11
12 5 30 1
12 6 164 1
12 7 209 4
12 9 2 18
12 10 2 2
12 11 92 2
12 13 218 2
12 14 1 15
12 15 6 17
12 16 1 14
12 18 1 27
12 20 116 1
12 24 88 22
12 27 74 1
13 0 1 6
13 5 4 4
13 9 2 26
13 11 1 11
13 12 4 1
13 14 17 2
13 16 3 9
13 21 3 13
13 23 1 14
14 5 41 1
14 6 1 25
14 7 1 17
14 8 5 19
14 9 103 1
14 10 154 1
14 12 139 2
14 13 1 28
14 15 17 17
14 20 27 4
14 22 14 2
14 25 1 15
15 2 5 15
15 3 51 17
15 4 1 15
15 6 1 28
15 7 22 21
15 9 76 22
15 14 45 24
15 17 9 13
15 18 31 7
15 19 6 10
15 22 1 3
15 23 3 16
16 0 13 26
16 1 4 21
16 3 3 25
16 4 240 2
16 5 3 22
16 6 107 1
16 8 3 22
16 12 1 7
16 18 23 1
16 24 4 9
16 25 36 3
17 0 234 17
17 1 47 22
17 2 4 1
17 3 1 24
17 4 10 9
17 5 3 26
17 6 77 1
17 7 1 2
17 8 139 1
17 9 11 13
17 10 98 2
17 11 1 15
17 15 2 7
17 16 14 2
17 19 18 2
17 23 2 22
18 0 3 13
18 1 109 29
18 2 11 3
18 4 2 14
18 5 95 1
18 8 14 4
18 16 1 6
19 1 97 2
19 4 3 25
19 5 17 3
19 6 77 1
19 9 1 26
19 17 5 4
19 18 57 26
19 20 1 22
19 24 1 13
20 0 120 1
20 3 1 16
20 4 1 3
20 5 1 4
20 6 11 1
20 7 12 1
20 8 2 20
20 10 118 1
20 11 1 22
20 14 70 25
20 17 6 18
20 19 17 14
20 25 1 6
20 27 2 12
21 4 72 11
21 5 1 25
21 19 1 20
21 24 3 3
22 1 84 29
22 2 15 25
22 9 54 4
22 10 1 11
22 15 2 7
22 24 5 14
23 0 60 1
23 4 34 25
23 7 4 25
23 9 1 25
23 10 159 18
23 11 49 1
23 12 77 1
23 16 5 20
23 25 6 2
24 0 4 27
24 1 4 28
24 3 3 5
24 5 3 8
24 7 1 19
24 8 4 11
24 11 1 5
24 13 16 24
24 16 4 24
24 18 1 1
24 20 65 4
24 25 2 12
25 3 58 2
25 6 2 24
25 7 315 1
25 9 1 19
25 10 49 1
25 11 54 1
25 20 45 1
26 1 92 15
26 2 1 14
26 7 9 4
26 8 127 1
26 11 1 23
26 12 10 24
26 14 2 11
26 23 22 29
26 24 1 23
26 27 2 12
27 0 1 26
27 10 1 11
27 11 1 21
27 14 20 15
27 15 36 7
27 22 1 16
27 24 12 7
27 26 3 1
