0 1 14 25
0 2 316 1
0 3 41 23
0 5 31 18
0 6 2 16
0 7 159 26
0 8 253 10
0 9 2 24
0 10 247 1
0 16 92 11
0 17 188 1
0 19 1 23
0 20 1 3
0 21 55 2
0 22 71 1
0 24 28 15
0 25 1 14
1 0 10 19
1 2 159 1
1 3 7 26
1 4 301 10
1 5 9 3
1 6 6 5
1 7 1 16
1 8 227 11
1 10 263 1
1 11 1 6
1 12 11 4
1 13 28 1
1 15 54 1
1 16 8 3
1 17 170 6
1 19 11 6
1 20 222 22
1 21 74 14
1 24 52 8
1 27 65 2
2 0 1 13
2 3 18 1
2 4 1 6
2 5 7 25
2 6 176 1
2 7 93 1
2 8 2 29
2 10 203 1
2 11 11 29
2 13 1 19
2 14 1 15
2 16 1 28
3 0 114 19
3 1 151 28
3 2 3 22
3 5 9 20
3 6 242 1
3 7 251 1
3 8 10 10
3 9 88 2
3 11 4 6
3 12 3 5
3 15 2 24
3 16 8 11
3 18 75 1
3 19 8 13
3 20 121 14
3 24 8 26
3 25 1 1
4 0 358 25
4 1 398 1
4 2 3 20
4 3 2 7
4 5 44 21
4 8 292 1
4 9 181 1
4 10 113 20
4 13 95 19
4 15 63 2
4 16 202 1
4 17 5 2
4 18 2 24
4 19 31 4
4 20 181 1
4 26 3 3
5 0 9 26
5 1 103 25
5 3 200 18
5 4 255 1
5 6 18 27
5 8 422 2
5 9 119 1
5 12 3 21
5 13 29 4
5 14 1 11
5 15 41 8
5 16 148 14
5 18 66 13
5 24 9 17
5 27 1 21
6 0 163 1
6 1 3 17
6 2 52 1
6 5 216 1
6 7 2 20
6 8 72 14
6 9 23 1
6 10 3 18
6 11 252 1
6 13 73 3
6 16 173 1
6 20 4 15
6 25 77 1
7 0 142 1
7 1 102 1
7 2 64 1
7 3 2 3
7 5 26 29
7 6 23 1
7 8 5 5
7 10 8 5
7 11 337 1
7 12 1 15
7 14 39 7
7 15 118 1
7 17 2 8
7 20 303 1
7 21 37 2
7 23 142 1
7 24 3 1
7 26 1 28
8 0 8 25
8 1 10 1
8 2 2 21
8 3 35 27
8 5 85 2
8 6 127 11
8 7 115 1
8 9 2 3
8 10 32 14
8 11 268 1
8 13 8 1
8 14 3 27
8 15 2 25
8 16 25 21
8 17 2 10
8 18 97 1
8 20 1 17
8 22 1 24
8 23 1 1
8 24 8 7
8 26 106 1
8 27 160 3
9 1 17 2
9 2 40 1
9 3 3 2
9 4 1 5
9 5 8 13
9 6 420 1
9 7 1 26
9 8 2 5
9 10 31 2
9 11 1 4
9 12 24 1
9 14 1 15
9 15 145 3
9 16 64 4
9 21 71 4
9 25 20 2
9 27 1 24
10 0 3 10
10 1 1 10
10 2 43 27
10 3 228 1
10 4 66 2
10 5 3 2
10 6 8 1
10 7 298 1
10 8 145 1
10 9 94 3
10 11 134 8
10 12 4 1
10 13 1 3
10 14 38 5
10 15 74 1
10 19 19 23
10 23 4 27
10 26 31 19
11 0 2 20
11 1 25 28
11 2 1 8
11 3 88 1
11 4 139 2
11 5 10 22
11 6 99 1
11 7 79 1
11 8 12 1
11 9 1 24
11 10 4 27
11 13 1 19
11 14 5 1
11 15 36 21
11 17 5 8
11 18 150 1
11 19 9 1
11 21 51 1
11 22 35 1
11 23 12 1
11 24 12 2
11 25 1 11
11 27 2 3
12 1 76 1
12 2 16 2
12 4 2 3
12 5 12 1
12 6 123 1
12 7 1 12
12 8 346 3
12 9 82 15
12 13 18 1
12 14 1 12
12 15 36 12
12 18 1 21
12 19 70 25
12 20 13 9
12 21 1 10
13 0 1 29
13 7 20 1
13 9 1 4
13 10 2 25
13 12 10 1
13 22 2 9
14 3 18 9
14 5 34 1
14 6 1 26
14 7 175 23
14 8 2 27
14 9 90 1
14 10 76 1
14 11 1 9
14 12 115 1
14 13 1 5
14 15 1 11
14 22 9 1
15 4 1 27
15 7 72 19
15 9 1 2
15 11 4 29
15 12 117 5
15 13 2 2
15 14 29 8
15 17 2 5
15 20 19 8
16 0 79 4
16 1 9 2
16 2 1 10
16 3 105 20
16 4 224 1
16 5 34 3
16 8 35 10
16 9 1 14
16 12 1 14
16 17 4 1
16 18 246 1
16 20 57 4
16 21 13 28
16 23 12 3
16 24 90 22
17 0 217 1
17 1 12 6
17 4 3 6
17 8 108 1
17 9 14 2
17 10 80 1
17 13 20 1
17 15 2 15
17 16 55 5
17 19 12 3
17 21 1 14
17 24 4 11
18 0 48 2
18 4 2 22
18 5 78 2
18 7 1 15
18 8 6 3
18 13 4 12
18 16 1 1
18 23 26 25
19 0 4 24
19 1 70 1
19 4 2 15
19 6 64 2
19 7 39 1
19 11 3 21
19 17 1 16
19 20 5 16
19 25 1 5
19 26 7 7
20 0 76 1
20 1 1 7
20 3 1 10
20 4 4 4
20 7 133 12
20 8 121 28
20 11 239 1
20 14 70 12
20 18 35 3
20 19 4 6
20 25 6 2
20 27 1 19
21 1 56 3
21 2 1 12
21 5 2 8
21 6 1 12
21 12 10 6
22 3 4 20
22 8 1 11
22 14 1 2
22 15 4 11
22 24 1 18
23 9 1 1
23 10 7 1
23 19 1 27
23 22 8 6
24 0 209 14
24 1 8 11
24 3 115 27
24 4 26 1
24 5 8 29
24 7 4 9
24 8 9 18
24 16 89 5
24 19 2 5
24 20 60 6
25 0 1 1
25 1 43 1
25 6 11 21
25 7 258 1
25 8 24 2
25 11 4 1
25 20 40 1
25 24 21 2
25 26 62 4
26 1 91 2
26 4 3 5
26 6 1 16
26 7 115 5
26 11 5 14
26 14 1 17
26 18 1 4
26 23 9 8
26 24 9 4
26 27 7 5
27 4 20 1
27 5 2 17
27 7 1 4
27 11 1 19
27 12 3 1
27 20 59 5
27 26 1 18
