0 1 188 18
0 2 307 1
0 3 54 5
0 4 14 29
0 5 114 18
0 6 1 26
0 7 3 15
0 8 148 13
0 9 1 11
0 10 242 1
0 12 139 6
0 13 2 6
0 14 96 1
0 15 30 2
0 16 197 21
0 17 178 1
0 18 5 6
0 19 1 29
0 20 1 23
0 24 105 1
0 25 1 8
1 0 153 1
1 2 110 5
1 3 94 1
1 4 255 29
1 5 25 1
1 6 54 24
1 7 2 12
1 8 442 16
1 8 15 2
1 10 253 1
1 11 2 16
1 12 10 2
1 13 26 1
1 16 7 11
1 17 1 29
1 18 1 5
1 19 13 11
1 24 127 17
2 0 5 26
2 1 1 6
2 3 247 1
2 6 165 1
2 7 80 1
2 8 12 3
2 10 195 2
2 11 201 12
2 13 2 23
2 16 3 9
2 20 1 9
2 22 6 1
2 26 1 3
3 0 125 5
3 1 201 6
3 2 1 8
3 4 3 10
3 5 18 9
3 6 232 1
3 7 215 1
3 8 31 26
3 10 1 7
3 11 2 18
3 15 2 7
3 16 33 20
3 18 73 6
3 20 42 1
3 24 19 1
4 0 1 16
4 1 143 1
4 2 28 25
4 3 4 22
4 5 112 21
4 7 1 29
4 8 277 1
4 9 163 1
4 10 8 11
4 14 21 4
4 18 2 14
4 19 29 4
5 0 132 1
5 1 40 7
5 3 108 8
5 4 220 1
5 6 36 11
5 7 87 1
5 8 23 1
5 9 233 1
5 11 8 11
5 12 15 15
5 16 48 17
5 18 2 12
5 22 3 25
5 24 57 1
5 27 33 6
6 0 154 1
6 1 69 10
6 2 42 1
6 4 4 10
6 5 124 1
6 7 2 13
6 8 136 25
6 9 238 1
6 10 3 27
6 11 241 1
6 13 70 2
6 17 1 16
6 20 3 25
6 22 33 16
6 23 1 13
6 24 37 4
6 25 74 1
6 26 27 1
7 0 129 1
7 1 90 1
7 2 278 1
7 3 3 12
7 6 82 1
7 8 23 11
7 9 28 1
7 10 2 28
7 11 322 1
7 12 1 23
7 14 1 29
7 15 104 1
7 19 1 11
7 21 36 2
7 23 137 2
7 25 1 3
8 0 139 13
8 1 335 1
8 2 2 28
8 3 60 1
8 5 75 1
8 6 385 20
8 7 76 1
8 9 1 29
8 10 113 1
8 11 261 1
8 12 91 1
8 14 49 5
8 15 1 5
8 16 18 8
8 17 83 5
8 18 92 3
8 19 21 1
8 22 1 4
8 23 1 13
8 24 76 1
8 25 148 2
8 27 159 5
9 1 25 18
9 2 36 3
9 3 6 24
9 4 2 11
9 5 56 24
9 6 155 1
9 7 21 17
9 8 2 26
9 10 177 13
9 12 15 2
9 14 87 2
9 15 1 5
9 17 3 27
9 19 30 3
9 22 1 14
10 0 11 12
10 1 1 3
10 2 2 18
10 3 220 1
10 4 60 1
10 6 3 8
10 7 220 1
10 8 267 1
10 9 11 1
10 11 4 9
10 13 1 2
10 14 9 23
10 15 240 1
10 16 1 3
10 18 108 1
10 19 2 27
10 20 11 3
10 21 52 1
10 22 60 21
10 23 33 16
11 1 3 19
11 2 11 14
11 3 81 1
11 5 1 24
11 6 91 1
11 7 69 1
11 8 192 1
11 9 2 20
11 14 2 2
11 15 6 20
11 17 1 25
11 18 148 8
11 19 8 1
11 20 107 1
11 21 50 1
11 23 135 1
11 26 5 24
11 27 37 3
12 1 72 1
12 4 1 28
12 5 5 2
12 6 115 1
12 7 3 20
12 8 1 2
12 9 11 2
12 10 1 11
12 11 70 2
12 13 10 1
12 14 1 17
12 16 1 7
12 20 13 3
12 21 3 2
12 22 2 5
12 25 2 23
13 5 1 10
13 6 2 3
13 9 13 8
13 10 1 29
13 11 1 20
13 12 6 2
13 22 2 5
13 25 1 26
14 1 70 3
14 3 17 9
14 4 2 18
14 6 1 16
14 7 5 24
14 8 9 15
14 9 84 1
14 10 43 1
14 11 2 21
14 12 110 2
14 15 1 12
14 17 67 7
14 18 44 11
14 20 4 6
14 22 8 1
14 23 42 8
14 25 5 4
15 1 1 25
15 2 18 22
15 3 3 1
15 4 4 25
15 7 44 3
15 8 14 3
15 9 1 24
15 10 1 15
15 11 12 29
15 12 115 3
15 14 3 1
15 17 1 27
15 20 88 29
15 23 30 3
16 0 134 1
16 1 34 1
16 3 34 11
16 4 221 1
16 5 12 22
16 8 43 22
16 9 1 16
16 12 1 19
16 17 2 28
16 18 232 1
16 19 28 2
16 22 2 15
16 23 1 20
16 24 168 29
16 25 5 28
17 0 208 1
17 1 57 9
17 5 5 21
17 6 41 1
17 7 1 10
17 8 102 1
17 9 1 16
17 10 76 3
17 12 150 6
17 16 6 3
17 18 1 13
17 19 11 1
17 22 1 20
17 23 2 29
17 24 6 12
17 26 72 17
17 27 86 1
18 2 71 4
18 4 14 11
18 5 75 1
18 10 7 9
18 11 1 27
18 12 120 4
18 14 9 25
18 16 278 19
18 20 1 7
18 21 1 7
18 23 1 1
18 25 36 13
19 0 1 19
19 1 65 1
19 2 4 3
19 6 61 4
19 7 36 2
19 9 1 8
19 12 56 3
19 17 1 28
19 20 25 21
20 2 73 1
20 3 5 22
20 4 1 28
20 7 43 11
20 8 5 4
20 11 235 1
20 12 9 3
20 14 2 14
20 17 20 26
20 19 12 13
20 21 52 3
20 24 1 11
20 26 1 9
21 1 55 12
21 5 2 1
21 6 12 1
21 20 55 17
21 24 29 29
22 3 1 1
22 4 85 2
22 6 1 10
22 7 47 1
22 9 45 5
22 10 4 18
22 11 1 13
22 17 1 11
22 23 28 4
22 26 2 8
22 27 14 12
23 4 10 22
23 9 3 4
23 11 19 1
23 13 1 16
23 15 1 19
23 17 5 3
23 20 19 3
23 22 1 2
23 24 5 5
24 1 4 5
24 2 6 2
24 3 20 1
24 5 18 1
24 7 5 5
24 8 39 26
24 14 23 1
24 16 16 15
24 17 58 1
24 25 1 18
25 2 42 11
25 3 50 5
25 6 1 25
25 7 246 1
25 8 22 7
25 10 24 1
25 12 4 28
25 16 41 11
25 17 66 2
25 20 38 3
25 26 62 4
25 27 77 1
26 4 4 26
26 6 6 25
26 7 113 4
26 9 2 9
26 24 1 1
26 25 55 4
26 27 1 6
27 0 1 18
27 6 2 18
27 7 184 28
27 8 17 5
27 10 1 8
27 11 11 1
27 16 21 12
27 26 1 7
