0 1 55 1
0 2 284 1
0 3 61 1
0 5 173 1
0 6 6 12
0 7 44 15
0 8 27 3
0 9 1 15
0 10 229 1
0 13 1 15
0 14 94 1
0 15 1 6
0 16 216 1
0 17 155 1
0 18 2 18
0 19 2 25
0 20 3 13
0 24 5 1
0 25 3 12
1 0 74 1
1 2 28 1
1 3 66 11
1 4 259 1
1 5 128 1
1 6 4 5
1 7 8 15
1 8 207 1
1 9 2 23
1 10 228 1
1 11 1 14
1 12 6 3
1 15 47 1
1 16 70 1
1 17 1 16
1 19 1 14
1 21 72 8
1 24 118 1
2 0 1 23
2 1 3 2
2 3 133 1
2 5 1 6
2 6 151 1
2 7 51 1
2 8 4 27
2 10 165 1
2 12 44 1
2 13 2 9
2 16 1 29
2 19 5 7
2 20 4 18
2 24 3 6
3 0 92 22
3 1 360 1
3 2 12 1
3 5 129 1
3 6 208 1
3 7 132 1
3 8 384 11
3 10 4 7
3 11 128 26
3 12 2 11
3 14 3 2
3 15 1 1
3 18 70 2
3 20 104 1
3 24 326 1
4 0 1 3
4 1 311 1
4 2 5 12
4 3 7 10
4 5 3 15
4 6 1 25
4 7 1 22
4 8 152 1
4 9 120 1
4 10 3 19
4 15 58 2
4 16 59 2
4 18 1 26
4 22 3 20
4 24 24 5
5 0 80 2
5 1 69 1
5 3 166 1
5 4 137 1
5 6 410 26
5 7 294 1
5 8 202 1
5 9 215 1
5 12 84 15
5 13 29 26
5 16 91 1
5 17 4 27
5 18 37 14
5 24 7 21
5 27 33 12
6 0 349 1
6 1 4 20
6 2 322 1
6 4 6 1
6 5 86 1
6 7 4 5
6 8 357 10
6 9 142 1
6 10 42 4
6 11 212 1
6 13 63 2
6 15 127 19
6 16 167 1
6 17 1 15
6 18 109 1
6 19 20 5
6 20 32 3
6 22 13 11
6 23 3 7
6 24 33 1
6 25 67 1
6 26 24 4
7 0 82 1
7 1 74 1
7 2 240 1
7 3 3 17
7 4 1 11
7 5 11 17
7 6 58 1
7 8 85 24
7 9 18 2
7 10 10 13
7 11 133 1
7 12 5 22
7 14 43 20
7 15 72 1
7 17 229 28
7 19 3 4
7 20 285 2
7 23 125 2
7 24 158 1
8 0 75 1
8 1 320 1
8 2 24 21
8 3 303 1
8 4 1 3
8 5 49 1
8 6 73 1
8 7 25 1
8 9 2 19
8 10 400 1
8 11 41 1
8 13 140 1
8 14 1 23
8 15 1 21
8 16 304 1
8 17 96 26
8 18 82 2
8 19 18 3
8 23 1 4
8 24 192 1
8 27 156 4
9 1 1 8
9 3 12 10
9 4 1 8
9 5 128 6
9 6 299 1
9 8 2 2
9 10 16 3
9 11 18 20
9 12 2 1
9 13 21 2
9 14 106 1
9 16 58 5
9 17 1 6
9 18 1 24
9 23 1 14
9 25 1 3
10 0 2 24
10 1 13 28
10 2 5 9
10 3 199 1
10 4 44 2
10 6 140 19
10 7 287 1
10 8 89 1
10 9 294 24
10 9 329 1
10 11 4 24
10 13 38 13
10 14 19 29
10 15 221 1
10 19 1 10
10 20 2 16
10 22 80 20
10 25 15 24
10 26 1 27
11 0 2 13
11 1 1 19
11 2 1 13
11 3 173 1
11 5 13 8
11 6 69 1
11 8 150 1
11 9 35 20
11 13 2 5
11 15 61 4
11 17 169 7
11 22 26 1
11 23 122 1
11 25 1 1
11 26 2 10
11 27 6 3
12 1 63 1
12 4 39 1
12 5 149 1
12 6 96 1
12 8 2 1
12 9 15 29
12 10 1 17
12 11 62 1
12 13 182 1
12 14 1 4
12 18 41 22
12 20 11 11
12 25 2 12
13 0 1 16
13 3 1 14
13 4 109 5
13 5 1 18
13 8 201 19
13 9 7 11
13 10 2 20
13 11 1 10
13 12 1 1
13 16 3 27
13 18 30 20
13 23 11 6
14 4 17 1
14 5 29 1
14 7 8 8
14 8 3 26
14 9 80 1
14 10 100 1
14 11 1 22
14 12 98 1
14 15 1 23
14 20 3 29
15 0 14 9
15 7 12 23
15 8 9 1
15 9 146 10
15 10 1 27
15 11 11 22
15 14 35 1
15 16 38 1
15 18 27 1
15 19 5 11
16 0 122 1
16 1 50 4
16 2 84 25
16 3 106 2
16 4 211 1
16 5 250 1
16 8 183 1
16 9 26 1
16 17 3 5
16 18 197 1
16 20 54 3
16 24 195 1
17 0 200 1
17 1 32 1
17 2 1 21
17 4 1 20
17 8 87 1
17 9 1 14
17 10 67 2
17 11 1 15
17 12 147 1
17 15 6 1
17 16 9 17
17 18 1 23
17 20 17 6
17 25 71 1
18 0 1 16
18 1 1 28
18 2 69 1
18 4 2 16
18 5 66 1
18 6 269 8
18 16 3 22
18 20 98 19
19 0 4 16
19 1 52 2
19 3 11 4
19 8 3 1
19 9 1 28
19 11 1 10
19 13 4 7
19 17 2 11
19 20 4 3
20 0 50 1
20 2 62 1
20 3 1 14
20 4 18 2
20 8 1 14
20 9 119 2
20 17 19 15
20 18 31 6
20 19 8 26
21 0 61 11
21 1 54 1
21 5 1 15
21 8 12 1
21 9 1 6
21 15 16 9
22 1 1 8
22 3 1 29
22 6 1 21
22 10 5 15
22 11 5 12
22 16 1 14
22 17 2 1
22 23 23 4
22 24 1 24
22 25 15 5
23 0 50 3
23 1 61 1
23 4 1 10
23 5 18 1
23 7 178 19
23 10 205 16
23 11 10 1
23 12 79 13
23 15 15 8
24 0 42 1
24 1 75 14
24 3 44 2
24 5 4 13
24 7 21 11
24 8 135 1
24 10 18 1
24 11 92 4
24 12 1 22
24 13 1 22
24 16 315 1
24 20 56 7
24 25 1 25
24 27 3 13
25 3 47 1
25 6 11 7
25 7 215 1
25 11 1 14
25 15 29 1
25 16 40 23
25 17 63 6
25 20 35 7
26 0 74 3
26 6 1 16
26 8 121 3
26 11 1 23
26 16 33 3
26 19 8 7
26 24 14 22
26 27 1 15
27 5 1 21
27 6 1 24
27 11 3 25
27 13 7 1
27 18 1 5
27 20 57 3
