0 1 383 1
0 2 261 1
0 3 55 1
0 4 11 26
0 5 210 1
0 6 19 8
0 7 164 20
0 8 71 1
0 10 219 1
0 11 1 19
0 15 1 6
0 16 61 1
0 17 138 1
0 18 6 29
0 19 1 7
0 20 1 17
0 22 68 1
0 24 103 1
0 25 52 10
0 26 7 16
0 27 76 5
1 0 122 1
1 2 11 1
1 3 67 1
1 4 192 18
1 5 19 1
1 6 65 15
1 7 1 10
1 8 138 1
1 10 208 1
1 11 1 8
1 14 135 27
1 16 77 1
1 19 26 4
1 20 79 25
1 24 29 2
2 0 3 20
2 1 5 29
2 3 79 1
2 4 11 9
2 5 6 25
2 6 176 1
2 7 32 1
2 8 10 6
2 10 331 1
2 15 25 1
2 16 4 3
2 17 1 6
2 20 5 6
2 22 5 2
2 24 1 4
2 27 22 14
3 0 43 1
3 1 54 28
3 2 5 17
3 5 63 1
3 6 188 1
3 7 79 1
3 8 37 1
3 9 26 2
3 10 1 26
3 11 11 3
3 16 67 1
3 17 1 21
3 20 30 1
3 24 98 1
3 27 39 2
4 0 1 17
4 1 353 1
4 2 1 11
4 3 7 11
4 5 2 17
4 6 2 11
4 7 1 10
4 8 121 1
4 9 90 1
4 10 20 8
4 13 8 6
4 14 14 4
4 18 48 17
4 20 167 2
4 24 22 3
5 0 36 1
5 1 12 5
5 2 49 3
5 3 39 1
5 4 82 1
5 6 371 1
5 7 277 1
5 8 231 1
5 9 102 1
5 16 72 1
5 17 10 10
5 18 3 29
5 19 24 1
5 24 58 1
5 26 28 14
6 0 328 1
6 1 9 29
6 2 313 1
6 3 1 10
6 4 297 2
6 7 19 19
6 8 36 7
6 9 82 1
6 10 3 24
6 11 190 1
6 15 1 14
6 18 99 1
6 21 99 1
6 22 16 27
7 0 100 1
7 1 50 1
7 2 207 1
7 3 12 3
7 4 6 8
7 5 2 14
7 6 35 1
7 8 6 19
7 10 1 8
7 11 60 15
7 12 2 20
7 15 50 1
7 19 2 20
7 20 275 1
7 22 2 3
7 23 116 1
8 0 219 13
8 1 236 1
8 2 12 14
8 3 296 1
8 4 5 5
8 5 26 2
8 6 272 1
8 7 27 1
8 9 14 8
8 10 380 1
8 11 246 1
8 12 66 2
8 13 130 1
8 14 1 14
8 15 1 18
8 16 45 1
8 17 3 17
8 22 16 26
8 23 64 23
8 24 116 1
8 25 127 2
9 1 1 25
9 2 22 3
9 3 1 14
9 4 9 7
9 5 16 28
9 6 207 1
9 7 43 20
9 8 10 27
9 10 164 27
9 11 3 21
9 13 18 1
9 14 77 2
9 17 24 5
9 18 143 5
9 22 2 28
10 1 1 19
10 2 4 25
10 3 182 1
10 5 1 5
10 6 160 7
10 7 178 1
10 8 16 1
10 9 273 1
10 11 3 29
10 13 11 12
10 14 1 16
10 15 200 1
10 18 94 1
10 21 45 6
10 23 2 20
10 25 1 10
11 0 1 4
11 1 9 12
11 2 4 3
11 3 42 1
11 4 115 1
11 7 4 2
11 8 120 1
11 9 104 5
11 13 2 17
11 14 1 2
11 15 13 14
11 17 3 7
11 20 89 2
11 21 44 1
11 22 21 1
11 23 106 1
11 24 148 1
11 25 4 29
12 1 57 1
12 2 10 3
12 4 4 8
12 5 135 2
12 6 81 2
12 8 340 2
12 11 55 2
12 13 163 2
12 14 3 23
12 16 1 20
12 17 2 23
12 19 69 4
12 25 1 21
13 1 109 1
13 5 6 12
13 6 1 25
13 10 5 21
13 11 8 24
13 14 1 6
13 15 1 3
13 20 1 19
13 23 10 1
14 1 59 1
14 2 10 6
14 5 26 1
14 6 2 8
14 7 1 4
14 8 8 10
14 9 69 1
14 11 4 10
14 12 88 1
14 15 70 1
14 17 61 3
14 18 41 5
14 20 1 20
15 0 4 6
15 3 46 2
15 7 1 3
15 10 5 27
15 11 6 18
15 14 18 1
15 17 1 6
15 24 2 1
16 0 131 1
16 1 45 1
16 3 108 1
16 4 203 2
16 5 58 1
16 6 81 2
16 8 147 1
16 10 4 5
16 12 16 11
16 17 5 11
16 18 170 1
16 24 120 1
16 27 2 12
17 0 12 1
17 1 3 25
17 3 89 11
17 6 21 1
17 7 1 4
17 8 76 1
17 10 61 1
17 16 2 10
17 20 15 1
17 24 1 29
18 0 36 6
18 4 12 24
18 5 60 1
18 7 3 8
18 16 2 23
18 25 35 1
18 26 39 4
19 0 4 9
19 1 43 2
19 6 50 4
19 8 1 6
19 11 1 23
19 20 51 18
19 27 12 21
20 3 1 28
20 4 3 15
20 6 181 1
20 7 3 28
20 8 2 29
20 10 84 1
20 14 3 2
20 16 1 12
20 19 3 15
20 21 1 5
20 24 3 17
20 27 39 4
21 2 1 14
21 4 64 1
21 9 1 15
21 10 91 1
21 11 1 8
22 6 1 3
22 11 3 16
22 14 1 21
22 17 1 18
22 18 36 27
22 20 45 5
22 23 19 1
23 6 2 18
23 9 38 7
23 11 5 1
23 14 3 16
23 15 1 29
23 27 17 1
24 0 101 1
24 1 29 1
24 2 4 2
24 3 30 1
24 5 82 1
24 7 18 7
24 8 39 1
24 9 1 10
24 10 13 3
24 11 1 1
24 16 98 2
24 18 3 25
24 23 1 22
24 26 2 6
25 6 12 25
25 7 190 1
25 8 229 4
25 9 1 10
25 10 11 1
25 11 3 7
25 20 33 5
25 22 1 25
25 26 59 1
26 0 3 24
26 5 1 12
26 7 107 1
26 11 24 5
26 15 14 4
26 20 34 8
26 23 9 1
26 24 7 24
26 27 2 19
27 7 13 16
27 8 12 1
27 9 1 1
27 11 32 15
27 12 4 25
27 18 2 24
27 26 2 22
