0 1 162 1
0 2 253 1
0 3 60 1
0 5 155 1
0 6 7 2
0 7 7 12
0 8 250 1
0 10 215 1
0 13 8 10
0 15 1 13
0 16 52 1
0 17 132 1
0 18 3 19
0 19 2 8
0 20 1 19
0 24 44 1
0 25 3 6
0 27 76 3
1 0 129 14
1 2 2 1
1 3 5 23
1 4 41 1
1 5 131 1
1 6 5 22
1 7 1 26
1 8 73 14
1 9 2 22
1 10 202 1
1 11 25 23
1 15 42 1
1 16 18 1
1 18 1 17
1 19 1 9
1 20 1 17
1 24 27 1
2 0 8 8
2 1 4 10
2 3 59 1
2 5 1 12
2 6 166 1
2 7 27 1
2 8 15 25
2 10 324 1
2 11 208 14
2 14 1 4
2 16 1 1
2 17 1 9
2 20 6 16
3 0 69 5
3 1 31 1
3 2 40 1
3 5 5 2
3 6 182 1
3 7 63 1
3 8 112 1
3 9 24 2
3 10 5 20
3 11 9 6
3 12 1 3
3 13 21 11
3 16 14 1
3 20 25 1
3 22 26 19
3 24 41 1
4 0 1 15
4 1 331 1
4 2 7 13
4 3 3 9
4 5 5 19
4 6 5 5
4 7 1 11
4 8 254 1
4 9 81 1
4 10 3 19
4 13 14 7
4 14 13 6
4 15 53 2
4 18 125 4
4 20 165 3
4 23 59 9
4 24 21 8
4 27 2 8
5 0 89 15
5 1 6 1
5 2 47 1
5 3 22 1
5 4 67 1
5 6 136 1
5 7 271 1
5 8 147 1
5 9 72 1
5 10 2 4
5 11 4 4
5 12 1 11
5 16 14 1
5 17 2 22
5 19 23 10
5 24 2 1
6 0 321 1
6 1 4 3
6 2 304 1
6 4 42 1
6 5 4 16
6 7 67 8
6 8 363 12
6 9 65 1
6 10 3 13
6 11 183 1
6 13 56 2
6 18 96 1
6 20 1 21
6 22 35 29
6 23 3 14
6 24 28 2
6 25 60 2
6 27 1 5
7 0 74 1
7 1 179 1
7 2 47 1
7 3 4 27
7 4 1 20
7 6 28 1
7 8 91 22
7 9 10 1
7 10 200 23
7 11 252 1
7 12 2 5
7 15 44 1
7 17 1 21
7 19 3 9
7 20 271 2
7 21 31 3
7 22 1 17
7 23 113 2
8 0 130 1
8 1 227 1
8 2 5 20
8 3 62 1
8 4 1 18
8 5 21 20
8 6 254 1
8 7 17 1
8 9 32 24
8 10 335 1
8 11 337 1
8 13 127 1
8 14 1 4
8 15 46 25
8 16 197 1
8 17 14 24
8 19 144 2
8 21 1 26
8 22 1 14
8 23 3 28
8 24 56 1
8 25 124 1
8 27 153 3
9 1 113 5
9 2 20 3
9 3 1 6
9 4 6 22
9 5 5 3
9 6 210 1
9 8 2 10
9 10 24 14
9 11 2 12
9 13 16 5
9 16 54 2
9 17 2 23
9 18 1 6
9 19 24 2
9 21 63 6
9 26 51 4
10 0 7 7
10 1 3 3
10 2 2 18
10 3 177 1
10 4 30 2
10 6 8 18
10 7 262 1
10 8 58 1
10 9 290 1
10 11 103 11
10 13 1 15
10 14 19 20
10 15 192 1
10 18 92 1
10 21 45 1
10 25 26 15
10 26 8 11
11 0 1 3
11 1 47 29
11 2 11 23
11 3 33 1
11 5 1 22
11 6 50 1
11 7 6 19
11 8 110 1
11 9 2 5
11 10 6 1
11 13 6 14
11 15 7 24
11 23 100 1
11 24 146 1
11 25 3 27
11 26 18 16
11 27 1 5
12 1 54 1
12 2 9 3
12 4 2 13
12 5 131 1
12 6 77 1
12 8 338 3
12 11 53 1
12 13 158 1
12 14 4 10
12 15 1 19
12 16 73 6
12 18 1 11
12 20 10 1
12 23 52 24
12 27 70 1
13 0 2 24
13 4 106 6
13 9 1 5
13 10 1 14
13 11 2 23
13 14 3 10
13 23 9 1
14 1 57 2
14 2 9 7
14 4 2 16
14 6 12 18
14 7 2 16
14 8 2 17
14 9 65 2
14 10 44 1
14 11 1 9
14 12 85 1
14 13 19 2
14 15 16 23
14 17 61 1
14 23 2 5
14 24 2 19
14 26 25 6
15 0 4 22
15 4 3 7
15 5 1 10
15 7 34 17
15 9 150 20
15 10 11 7
15 11 6 22
15 12 103 1
15 14 10 1
15 17 1 23
15 21 15 6
15 26 29 13
15 27 28 14
16 0 92 1
16 1 37 1
16 3 55 3
16 4 200 2
16 5 11 1
16 8 88 1
16 15 27 23
16 17 10 29
16 18 160 1
16 20 51 3
16 24 62 1
17 0 7 1
17 1 6 10
17 3 6 7
17 4 1 21
17 5 1 11
17 6 18 1
17 7 2 29
17 9 4 6
17 11 2 17
17 12 142 3
17 16 2 22
17 18 1 5
17 24 3 1
18 0 36 14
18 1 26 17
18 2 67 1
18 4 11 20
18 5 57 2
18 13 7 3
18 16 11 3
18 19 27 1
19 0 2 8
19 1 40 1
19 2 1 5
19 6 49 1
19 8 1 1
19 17 1 20
19 18 54 6
19 20 11 3
20 0 34 1
20 2 51 1
20 4 1 16
20 6 179 1
20 7 1 11
20 9 114 2
20 10 82 2
20 11 218 1
20 14 13 10
20 17 2 25
20 18 29 1
20 19 3 29
20 21 1 14
20 24 1 23
20 25 1 2
20 26 75 20
21 1 52 1
21 4 63 2
21 6 22 14
21 9 12 14
21 11 2 2
21 14 17 3
21 19 5 4
21 25 18 7
22 4 81 3
22 7 35 3
22 8 174 3
22 10 36 5
22 11 1 2
22 17 2 16
22 23 18 2
22 24 1 1
23 1 58 6
23 4 2 15
23 6 1 5
23 7 1 11
23 8 138 1
23 10 203 2
23 11 3 1
23 12 1 12
23 22 23 1
24 0 42 1
24 1 13 1
24 3 14 1
24 4 20 2
24 5 24 1
24 7 1 11
24 8 2 25
24 9 13 28
24 10 12 1
24 11 367 1
24 12 1 28
24 16 52 1
24 17 53 1
24 19 3 1
24 20 54 2
24 23 1 28
24 26 2 15
25 4 1 26
25 7 182 1
25 10 9 3
25 11 4 6
25 12 1 23
25 15 27 2
25 20 32 4
25 23 22 13
25 27 9 1
26 4 14 26
26 7 106 1
26 8 118 1
26 11 2 13
26 14 2 7
26 27 26 29
27 6 1 5
27 7 1 17
27 20 55 3
27 26 1 13
