0 1 15 29
0 2 233 1
0 3 15 28
0 4 430 3
0 5 18 14
0 7 4 8
0 8 11 16
0 10 206 2
0 12 12 3
0 14 90 1
0 16 12 13
0 17 118 1
0 19 82 23
0 20 1 2
0 24 12 24
0 26 7 1
1 0 18 17
1 3 9 15
1 4 12 1
1 5 19 12
1 6 90 6
1 8 11 13
1 9 2 25
1 10 185 1
1 13 18 1
1 15 39 1
1 16 15 12
1 17 3 21
1 18 2 7
1 19 3 1
1 21 70 5
1 23 1 29
1 24 12 13
2 0 3 26
2 1 15 9
2 3 14 1
2 4 203 10
2 5 1 27
2 6 113 1
2 7 15 2
2 8 11 2
2 10 306 1
2 11 1 7
2 17 60 8
2 20 1 4
2 21 1 8
3 0 12 20
3 1 10 29
3 2 44 1
3 5 12 10
3 6 165 1
3 7 32 1
3 8 13 11
3 9 78 1
3 10 1 10
3 11 2 26
3 12 9 17
3 16 18 6
3 17 2 6
3 18 63 5
3 19 10 2
3 20 86 1
3 21 13 6
3 24 12 5
3 26 8 15
4 0 23 8
4 1 432 1
4 2 2 6
4 3 6 21
4 5 1 26
4 6 2 3
4 8 225 1
4 9 59 1
4 10 26 1
4 15 51 1
4 18 1 25
4 22 2 29
4 23 58 4
4 25 121 6
4 27 3 14
5 0 101 17
5 1 13 4
5 3 12 8
5 4 34 1
5 6 66 1
5 7 257 1
5 8 8 6
5 9 24 1
5 10 2 12
5 11 3 18
5 12 5 12
5 14 1 23
5 16 17 7
5 17 30 22
5 18 1 4
5 19 22 4
5 24 12 7
6 0 303 1
6 1 5 12
6 2 286 1
6 4 199 1
6 5 32 19
6 7 8 12
6 8 21 17
6 8 252 20
6 8 416 4
6 9 31 1
6 10 4 29
6 11 165 1
6 13 51 1
6 17 4 25
6 18 88 1
6 20 38 23
6 21 97 8
6 23 12 13
6 27 1 6
7 0 94 1
7 1 159 23
7 2 179 1
7 3 78 29
7 4 1 23
7 6 15 1
7 8 80 19
7 9 6 2
7 10 15 5
7 11 11 7
7 12 1 28
7 13 19 8
7 15 29 1
7 16 1 18
7 17 1 21
7 20 262 2
7 23 105 2
7 24 148 1
7 25 1 4
7 26 6 29
8 0 256 23
8 1 16 28
8 2 5 29
8 3 13 18
8 4 1 28
8 5 16 7
8 6 144 1
8 9 2 20
8 10 399 1
8 11 231 1
8 13 118 2
8 14 10 23
8 15 4 6
8 16 12 27
8 17 2 27
8 18 66 1
8 20 3 1
8 24 12 7
9 1 8 15
9 2 16 2
9 3 1 2
9 4 2 27
9 5 85 7
9 6 262 1
9 8 11 9
9 10 3 15
9 11 233 25
9 12 1 7
9 13 13 3
9 14 71 1
9 19 23 2
10 0 6 7
10 1 3 4
10 2 1 13
10 3 163 1
10 6 3 16
10 7 245 1
10 8 16 1
10 9 231 1
10 11 75 23
10 11 413 10
10 13 2 6
10 15 57 1
10 18 88 1
10 20 1 29
10 23 156 1
10 24 1 1
10 25 27 24
11 0 1 12
11 1 1 5
11 3 137 1
11 4 105 1
11 5 1 3
11 6 39 1
11 7 28 2
11 8 86 1
11 10 392 10
11 13 4 9
11 14 1 19
11 15 2 21
11 17 34 22
11 22 16 1
11 23 88 1
11 24 191 1
11 25 17 2
11 26 1 17
11 27 3 22
12 1 49 3
12 4 3 25
12 5 119 1
12 6 66 1
12 8 333 2
12 9 1 6
12 10 1 15
12 13 142 1
12 14 126 2
12 16 1 18
12 17 1 3
12 18 1 27
12 23 65 15
12 25 1 8
13 2 2 11
13 3 1 16
13 5 18 5
13 6 1 14
13 8 20 18
13 10 10 23
13 11 4 2
13 12 1 23
13 14 3 29
13 16 1 7
13 17 2 21
13 21 1 22
13 26 19 16
14 0 111 4
14 1 53 2
14 4 10 2
14 5 22 1
14 6 3 9
14 8 2 4
14 9 56 1
14 10 19 1
14 11 10 21
14 12 77 1
14 13 61 5
14 15 56 1
14 17 58 1
14 20 36 12
14 25 47 22
15 1 5 2
15 3 42 4
15 4 3 12
15 7 15 24
15 10 6 3
15 11 24 9
15 12 99 4
15 14 21 1
15 16 36 26
15 22 4 28
16 0 12 4
16 1 13 13
16 2 95 5
16 3 20 6
16 4 193 2
16 5 12 8
16 8 11 17
16 12 2 8
16 17 9 16
16 18 138 1
16 24 11 13
16 27 1 14
17 0 175 1
17 1 17 15
17 2 3 15
17 5 39 14
17 6 13 1
17 8 64 1
17 10 53 1
17 12 139 5
17 15 4 1
17 16 1 4
17 18 4 4
18 0 5 3
18 4 1 29
18 7 2 4
18 16 34 1
18 23 26 21
18 24 7 1
18 25 34 1
19 0 29 4
19 1 33 2
19 4 35 20
19 6 45 1
19 11 1 24
19 17 64 27
19 20 3 5
19 21 1 20
19 27 12 1
20 0 25 1
20 2 45 1
20 3 1 24
20 6 173 3
20 7 1 22
20 8 47 24
20 10 77 2
20 14 71 19
20 15 92 3
20 17 79 7
20 19 13 6
20 23 73 7
20 25 4 28
20 27 4 2
21 1 50 9
21 5 1 18
21 10 87 1
21 12 2 1
22 1 90 29
22 6 2 14
22 10 1 19
22 11 13 21
22 13 1 16
22 14 1 20
23 0 45 2
23 1 56 7
23 4 2 27
23 6 4 27
23 7 179 29
23 10 199 5
23 15 1 17
23 20 15 1
23 22 3 1
24 0 12 24
24 1 12 12
24 3 29 10
24 5 12 17
24 6 1 9
24 7 2 28
24 8 13 2
24 11 87 1
24 13 1 23
24 16 12 23
24 26 3 10
25 3 40 6
25 6 1 11
25 7 161 1
25 8 224 1
25 11 8 2
25 15 24 1
25 16 39 22
25 17 59 1
25 20 31 1
25 24 12 4
25 26 56 2
25 27 22 2
26 7 102 2
26 8 117 1
26 10 88 5
26 15 13 10
26 27 1 13
27 10 1 8
27 11 1 21
27 12 3 17
27 15 1 1
27 25 1 3
27 26 1 20
