0 1 22 11
0 2 202 1
0 3 131 8
0 4 436 1
0 5 22 29
0 7 1 19
0 8 286 14
0 9 1 14
0 10 193 1
0 11 2 29
0 12 138 1
0 16 21 24
0 17 98 1
0 18 6 14
0 20 6 27
0 24 73 13
0 25 2 5
1 0 215 10
1 2 2 27
1 3 65 16
1 4 188 1
1 5 50 12
1 6 5 10
1 7 1 13
1 8 20 27
1 9 3 21
1 10 162 1
1 11 4 6
1 13 16 1
1 16 32 27
1 17 304 1
1 18 1 22
1 19 28 3
1 22 1 1
1 24 100 20
2 0 22 23
2 1 7 23
2 3 1 2
2 4 25 11
2 5 1 7
2 6 140 1
2 8 6 9
2 10 277 1
2 11 17 3
2 12 32 1
2 16 1 1
2 18 1 5
2 19 34 26
2 20 1 3
2 21 1 14
2 24 1 3
2 26 1 15
3 0 50 2
3 0 324 4
3 0 131 6
3 1 45 27
3 2 194 1
3 4 11 1
3 5 21 29
3 6 141 1
3 7 5 1
3 8 21 21
3 10 1 24
3 11 2 21
3 16 22 23
3 17 1 15
3 20 76 1
3 24 21 9
4 0 402 11
4 1 380 1
4 2 1 2
4 3 1 27
4 5 35 7
4 6 10 12
4 8 207 1
4 9 34 1
4 10 1 23
4 12 12 3
4 16 55 2
4 17 1 4
4 18 1 24
4 20 155 1
4 27 2 28
5 0 71 6
5 1 46 22
5 2 34 1
5 3 22 5
5 4 5 1
5 6 184 1
5 7 234 1
5 8 39 9
5 9 1 26
5 10 1 27
5 12 23 25
5 14 1 20
5 16 86 3
5 17 33 11
5 18 1 8
5 19 21 2
5 24 21 29
6 0 275 1
6 1 5 18
6 2 250 1
6 3 2 26
6 4 184 9
6 5 21 25
6 7 5 2
6 8 208 1
6 9 3 1
6 10 3 4
6 11 140 1
6 13 45 3
6 16 155 3
6 17 3 23
6 22 1 2
6 23 1 9
6 27 1 9
7 0 65 1
7 1 18 24
7 2 27 1
7 3 9 5
7 4 46 9
7 5 4 26
7 6 3 1
7 8 6 29
7 10 205 28
7 11 114 1
7 15 13 1
7 17 6 20
7 19 35 7
7 20 248 2
7 22 134 15
7 23 94 2
7 24 112 2
8 0 20 8
8 1 21 5
8 2 25 5
8 3 23 12
8 4 2 18
8 5 62 12
8 6 49 1
8 9 3 3
8 10 7 15
8 11 218 1
8 12 44 1
8 13 106 1
8 14 1 17
8 15 4 25
8 16 95 27
8 17 2 27
8 18 57 2
8 23 1 3
8 24 64 18
8 25 105 2
8 27 147 1
9 0 14 4
9 1 2 24
9 3 1 29
9 4 4 13
9 5 187 19
9 6 103 1
9 7 1 23
9 8 5 23
9 10 6 17
9 11 4 1
9 12 1 4
9 14 57 1
9 15 142 1
9 16 47 4
9 21 58 1
9 22 3 1
9 23 2 6
9 26 48 9
9 27 4 27
10 0 2 19
10 1 1 23
10 2 15 24
10 3 142 1
10 4 14 1
10 5 1 29
10 6 4 17
10 7 159 1
10 8 1 20
10 9 160 1
10 11 2 12
10 12 1 10
10 13 5 9
10 14 21 1
10 15 153 1
10 18 81 1
10 19 1 7
10 20 46 18
10 23 1 1
10 24 1 1
10 27 166 2
11 0 9 3
11 1 1 23
11 2 1 17
11 3 15 1
11 4 95 1
11 5 2 13
11 7 36 15
11 8 56 1
11 10 369 1
11 13 8 5
11 14 2 25
11 17 203 11
11 18 136 1
11 20 72 1
11 22 11 2
11 23 70 1
11 24 183 1
11 25 4 25
11 26 1 21
11 27 15 27
12 2 6 1
12 5 102 1
12 6 51 1
12 7 14 27
12 8 325 1
12 13 118 1
12 15 66 25
12 16 1 10
13 4 102 6
13 9 1 14
13 10 1 15
13 12 1 4
13 14 7 1
13 15 11 7
13 18 28 1
13 20 1 7
13 23 7 3
13 26 19 7
14 0 109 1
14 1 48 1
14 4 1 12
14 5 19 3
14 6 1 27
14 7 15 23
14 8 7 20
14 9 44 1
14 11 23 4
14 12 65 1
14 13 52 1
14 15 1 1
14 23 37 2
14 25 47 3
15 1 3 7
15 4 17 23
15 5 4 21
15 7 1 11
15 10 1 7
15 11 12 11
15 12 93 2
15 14 37 1
15 17 1 22
15 23 12 2
15 24 7 25
16 0 82 7
16 1 72 29
16 3 41 5
16 4 182 1
16 5 105 10
16 8 54 1
16 17 34 23
16 18 106 1
16 22 4 16
16 23 16 18
16 24 22 11
17 0 155 1
17 1 19 28
17 2 1 23
17 3 1 17
17 5 4 4
17 6 6 1
17 8 52 2
17 9 1 2
17 10 46 1
17 16 1 6
17 18 1 20
17 21 2 15
17 22 2 25
18 0 94 27
18 1 140 4
18 4 2 6
18 5 44 3
18 7 1 15
18 12 106 1
18 16 13 1
18 20 98 17
19 0 1 2
19 1 24 2
19 5 8 25
19 6 39 4
19 17 44 18
19 20 48 26
19 22 1 15
19 25 4 2
20 0 14 1
20 3 1 7
20 7 38 9
20 8 1 26
20 9 107 1
20 10 70 1
20 11 202 1
20 18 25 3
20 19 3 3
20 21 54 8
20 24 6 23
20 25 1 9
21 11 1 7
22 4 78 8
22 8 173 1
22 10 3 1
22 11 5 19
22 12 1 2
22 13 3 26
22 21 1 29
22 24 2 28
23 0 43 2
23 3 2 4
23 4 8 19
23 8 130 1
23 12 2 23
23 20 13 11
23 22 19 1
24 0 22 8
24 1 22 16
24 3 31 8
24 5 27 27
24 7 1 23
24 8 55 16
24 9 1 10
24 10 5 1
24 11 343 1
24 12 41 1
24 16 83 27
24 19 2 25
24 23 1 3
24 26 1 19
25 0 1 5
25 3 37 2
25 4 1 14
25 6 1 13
25 7 132 1
25 8 217 1
25 10 2 4
25 11 5 25
25 13 8 3
25 15 10 2
25 16 39 3
25 27 66 21
26 4 48 15
26 6 1 29
26 8 114 2
26 9 1 9
26 12 5 16
26 14 1 14
26 15 13 1
26 24 1 2
26 25 60 6
26 27 5 13
27 0 2 2
27 4 13 4
27 5 7 1
27 7 1 13
27 10 1 10
27 11 1 13
27 13 5 24
27 15 35 1
27 18 2 27
27 25 2 3
27 26 1 27
