0 1 32 23
0 2 8 2
0 3 19 15
0 4 13 2
0 5 108 12
0 6 7 3
0 7 233 1
0 8 43 7
0 10 2 23
0 12 93 5
0 14 2 23
0 16 39 1
0 19 155 1
0 20 2 14
0 21 50 7
0 22 47 4
0 24 57 1
1 0 54 21
1 2 391 1
1 3 14 3
1 4 303 1
1 5 17 26
1 6 307 1
1 7 1 3
1 8 33 21
1 9 2 21
1 11 6 24
1 15 53 2
1 16 44 24
1 17 56 1
1 23 1 6
1 24 44 27
1 25 1 21
1 27 16 19
2 0 57 1
2 1 78 14
2 3 26 26
2 4 1 24
2 6 210 1
2 7 25 26
2 8 26 1
2 9 4 21
2 10 148 1
2 11 1 23
2 17 75 2
2 20 3 18
3 0 15 1
3 1 36 9
3 2 1 1
3 4 140 1
3 5 54 18
3 6 1 3
3 7 78 1
3 8 15 21
3 9 1 5
3 10 205 2
3 16 17 21
3 17 1 13
3 24 31 15
3 27 25 2
4 0 4 20
4 1 112 1
4 2 65 23
4 3 108 1
4 5 2 7
4 6 127 1
4 9 1 28
4 10 15 4
4 11 1 5
4 12 96 1
4 13 1 12
4 17 2 5
4 18 35 1
4 24 1 27
4 25 85 23
4 26 31 6
5 0 17 7
5 1 18 22
5 3 17 25
5 4 25 22
5 6 38 1
5 7 238 6
5 8 14 16
5 9 311 1
5 10 3 29
5 11 54 2
5 12 1 20
5 13 23 1
5 14 15 7
5 16 34 8
5 17 2 25
5 20 80 3
5 23 4 1
5 24 16 10
6 0 12 23
6 1 4 1
6 2 257 1
6 3 227 1
6 4 271 1
6 5 253 1
6 7 60 14
6 8 155 1
6 9 141 1
6 11 175 1
6 21 75 2
6 24 2 8
7 0 2 9
7 1 1 11
7 2 276 1
7 3 244 1
7 5 6 2
7 6 5 14
7 8 2 4
7 10 20 15
7 11 149 1
7 15 19 25
7 20 136 2
7 23 1 7
7 24 214 1
7 25 4 12
8 0 17 23
8 1 53 18
8 2 39 1
8 3 30 3
8 4 421 1
8 5 29 24
8 6 63 9
8 6 347 16
8 6 445 1
8 7 79 23
8 9 318 1
8 10 63 1
8 11 3 2
8 12 59 2
8 13 39 1
8 14 230 2
8 16 16 10
8 17 224 1
8 19 43 1
8 20 26 1
8 24 22 3
8 25 11 27
9 0 160 4
9 1 90 1
9 2 2 2
9 3 119 2
9 4 20 22
9 5 28 16
9 6 265 1
9 8 1 13
9 10 4 24
9 12 3 15
9 13 1 20
9 14 7 17
9 21 2 3
9 23 63 11
9 24 2 3
10 0 237 1
10 1 10 17
10 5 307 1
10 6 50 1
10 7 2 24
10 8 55 1
10 9 108 1
10 11 403 1
10 12 307 5
10 13 131 1
10 14 3 1
10 15 1 9
10 23 1 23
10 24 1 28
11 1 1 18
11 2 1 27
11 3 1 11
11 4 9 29
11 5 1 6
11 6 3 11
11 7 201 26
11 8 341 1
11 9 84 1
11 10 15 25
11 12 160 3
11 13 174 2
11 15 3 14
11 18 39 6
11 20 2 9
11 22 5 6
11 23 159 1
11 25 411 1
11 26 2 28
11 27 3 8
12 1 7 6
12 4 1 4
12 5 42 20
12 9 382 2
12 10 2 16
12 13 127 1
12 17 96 25
12 22 49 2
12 23 2 7
13 4 1 21
13 5 1 24
13 6 2 1
13 8 3 10
13 9 38 3
13 10 97 1
13 11 5 1
13 12 1 13
13 22 11 5
13 25 1 2
14 1 118 21
14 6 1 9
14 7 97 17
14 8 225 1
14 9 5 3
14 10 93 1
14 11 1 28
14 12 59 1
14 18 40 3
14 20 11 4
14 23 20 1
15 7 23 3
15 11 96 1
15 14 11 27
15 19 7 22
15 21 1 18
15 22 4 5
15 24 3 17
15 25 38 14
16 0 31 24
16 1 16 27
16 3 16 10
16 4 2 27
16 5 16 17
16 8 171 11
16 11 1 17
16 13 1 25
16 18 225 1
16 20 62 4
16 24 43 27
17 1 20 10
17 2 86 1
17 3 1 6
17 6 6 7
17 8 1 20
17 9 152 1
17 12 89 1
17 14 2 3
17 16 149 19
17 18 73 1
17 19 80 3
17 23 1 15
17 24 31 4
18 1 11 1
18 2 43 4
18 4 36 1
18 9 1 24
18 11 103 2
18 16 1 14
18 26 23 24
19 0 1 29
19 1 140 1
19 3 2 2
19 7 43 19
19 11 102 4
19 20 3 22
19 21 4 10
20 0 210 1
20 6 33 3
20 7 172 14
20 8 1 8
20 10 13 21
20 11 1 22
20 13 54 5
20 14 50 2
20 25 19 3
20 27 8 1
21 2 6 1
21 7 3 14
21 10 1 20
21 22 1 7
21 27 2 21
22 8 2 25
22 10 32 3
22 16 1 8
23 1 1 4
23 5 9 17
23 6 2 17
23 11 23 1
23 20 1 12
24 0 42 2
24 1 38 13
24 3 16 17
24 4 3 13
24 5 42 23
24 8 30 28
24 10 115 2
24 11 215 1
24 16 54 27
25 2 15 2
25 3 3 9
25 5 1 2
25 9 2 10
25 11 1 7
25 15 1 14
25 21 12 8
25 27 3 7
26 2 7 1
26 8 2 6
26 9 38 2
26 11 110 1
26 12 1 20
26 17 11 14
26 27 20 1
27 2 1 27
27 9 1 8
27 11 2 5
27 14 11 26
27 17 20 3
27 24 1 17
27 25 2 29
27 26 8 16
