0 1 194 1
0 2 2 4
0 3 356 1
0 5 120 10
0 7 83 1
0 8 59 3
0 11 127 1
0 12 68 3
0 13 1 21
0 14 2 18
0 15 1 15
0 16 9 1
0 17 172 1
0 18 17 5
0 20 1 29
0 24 128 27
0 27 2 24
1 0 1 22
1 2 7 1
1 3 62 1
1 5 70 1
1 6 11 1
1 8 9 12
1 10 4 24
1 12 4 23
1 16 3 1
1 17 5 18
1 20 1 12
1 23 4 9
1 24 26 1
2 1 155 8
2 3 26 1
2 4 2 12
2 5 3 12
2 6 40 1
2 7 1 1
2 8 52 7
2 9 1 16
2 11 2 23
2 12 26 1
2 15 4 5
2 16 24 2
2 20 7 12
3 0 132 1
3 1 19 22
3 2 5 17
3 4 68 1
3 5 163 15
3 6 2 23
3 7 85 1
3 8 12 1
3 10 116 1
3 12 34 2
3 16 27 26
3 17 170 1
3 20 68 1
3 22 1 17
3 24 10 1
3 26 1 15
4 0 2 8
4 1 20 1
4 3 40 1
4 5 14 22
4 6 1 21
4 7 260 4
4 8 24 18
4 9 294 1
4 10 28 27
4 12 38 3
4 13 8 24
4 15 1 21
4 17 1 4
4 18 1 24
4 19 9 4
4 20 14 29
4 21 36 4
5 0 6 23
5 1 178 1
5 2 48 1
5 3 2 14
5 4 13 19
5 6 28 3
5 7 1 2
5 8 208 23
5 9 12 14
5 10 28 5
5 12 1 19
5 13 17 1
5 16 51 21
5 18 4 2
5 20 64 3
5 24 105 18
5 26 9 4
6 0 320 2
6 1 4 2
6 2 82 1
6 3 129 1
6 4 163 1
6 5 25 25
6 7 1 25
6 8 17 14
6 9 1 27
6 10 10 2
6 11 59 2
6 12 207 1
6 14 23 2
6 17 78 1
6 21 69 4
6 22 1 22
6 23 61 3
7 0 5 1
7 1 4 17
7 2 97 1
7 3 9 1
7 5 4 15
7 6 46 27
7 8 93 18
7 10 2 1
7 11 40 5
7 12 110 1
7 13 119 1
7 14 3 21
7 15 1 7
7 17 19 25
7 18 133 5
7 20 68 1
7 24 135 1
8 0 44 17
8 1 99 1
8 2 4 29
8 3 44 1
8 4 268 1
8 5 90 19
8 6 26 16
8 7 242 13
8 9 23 1
8 10 6 6
8 11 3 5
8 13 4 7
8 14 115 2
8 15 9 1
8 16 19 20
8 17 156 1
8 18 181 4
8 19 18 1
8 20 2 1
8 24 30 10
8 25 93 2
9 1 10 2
9 2 3 12
9 3 88 1
9 5 9 9
9 6 12 1
9 10 26 1
9 12 11 16
9 13 11 6
9 14 65 24
9 15 1 9
9 17 2 26
9 21 3 9
10 0 201 3
10 1 24 15
10 2 18 4
10 5 149 1
10 6 23 28
10 7 379 1
10 8 7 26
10 9 28 18
10 11 30 1
10 12 268 1
10 13 23 1
10 14 316 2
10 17 2 5
10 18 2 9
10 20 118 1
10 23 2 28
10 24 52 23
10 27 24 1
11 0 3 18
11 1 94 8
11 2 199 3
11 6 2 14
11 7 329 1
11 8 133 1
11 9 12 1
11 10 10 28
11 12 120 1
11 13 103 1
11 14 2 26
11 15 2 26
11 17 1 23
11 20 1 14
11 21 9 1
11 23 66 1
11 24 183 1
11 25 148 1
11 27 5 6
12 0 1 25
12 1 182 27
12 6 3 12
12 7 50 2
12 9 226 1
12 10 294 2
12 13 25 1
12 14 8 27
12 15 3 7
12 16 1 5
12 20 1 4
12 21 91 5
12 23 7 23
12 25 1 24
13 1 1 28
13 2 4 2
13 7 154 7
13 8 9 16
13 10 8 1
13 11 1 6
13 12 3 20
13 22 3 3
14 2 2 27
14 4 1 23
14 6 1 11
14 7 2 17
14 8 109 1
14 9 128 2
14 12 13 1
14 13 22 2
14 15 27 6
14 23 6 1
15 4 1 20
15 7 1 8
15 8 33 1
15 9 8 4
15 10 192 1
15 11 7 7
15 13 20 4
15 14 28 1
15 21 2 12
15 23 2 26
15 25 24 2
16 0 11 1
16 1 165 2
16 3 9 1
16 4 26 6
16 5 93 1
16 6 66 1
16 7 119 1
16 8 323 1
16 10 1 21
16 11 1 9
16 15 2 14
16 17 276 1
16 18 78 1
16 24 2 4
17 0 274 3
17 1 7 25
17 2 20 1
17 3 173 1
17 4 2 1
17 6 4 29
17 7 3 2
17 8 3 13
17 13 1 8
17 16 44 6
17 18 27 2
17 20 1 8
18 2 25 1
18 3 4 20
18 4 2 13
18 7 101 2
18 10 2 4
18 11 85 6
18 12 43 4
18 16 1 2
18 17 1 23
18 26 2 16
19 0 209 1
19 1 78 1
19 7 15 1
19 8 3 8
19 17 1 20
19 18 1 5
19 20 2 8
20 0 95 1
20 3 2 15
20 8 8 11
20 9 1 6
20 11 110 13
20 14 39 4
20 18 2 19
20 19 93 23
20 22 49 1
20 24 9 3
20 27 3 11
21 5 2 23
21 9 64 1
21 10 13 27
21 12 109 1
21 16 1 25
22 1 4 17
22 6 3 20
22 23 6 3
22 24 7 6
22 26 8 1
23 8 13 18
23 10 96 2
23 14 1 3
23 17 1 7
24 0 6 1
24 1 16 1
24 3 92 12
24 4 1 11
24 5 6 9
24 6 1 15
24 8 38 1
24 10 63 1
24 11 33 1
24 16 50 25
24 17 33 7
24 23 1 14
25 0 3 21
25 3 1 24
25 6 96 5
25 7 7 1
25 8 44 1
25 9 8 5
25 11 252 1
25 14 28 5
25 17 8 11
25 19 11 12
26 1 1 8
26 7 119 14
26 20 4 16
26 22 1 23
26 25 13 2
27 0 72 2
27 1 10 2
27 6 71 6
27 7 1 5
27 9 65 24
27 12 2 20
27 22 1 18
27 23 1 27
