0 1 197 1
0 2 1 8
0 3 82 1
0 4 1 14
0 5 32 1
0 6 53 4
0 7 50 1
0 8 7 6
0 10 18 10
0 11 103 2
0 14 3 25
0 15 1 28
0 16 44 1
0 17 142 1
0 18 11 4
0 20 1 24
0 22 38 3
0 24 138 1
0 26 5 17
1 0 17 1
1 2 3 28
1 3 31 20
1 4 1 23
1 5 240 1
1 6 1 18
1 7 321 12
1 8 54 1
1 9 239 3
1 10 1 7
1 12 132 1
1 14 1 12
1 15 25 2
1 16 142 1
1 17 1 18
1 18 1 16
1 20 1 29
1 21 6 3
1 22 1 6
1 24 55 1
1 25 1 4
1 26 2 13
2 0 1 6
2 1 262 1
2 3 2 9
2 4 105 13
2 6 12 1
2 7 229 1
2 8 7 1
2 9 1 26
2 10 7 1
2 17 4 2
2 19 31 1
2 20 2 3
2 22 10 21
3 0 18 1
3 1 372 1
3 2 50 1
3 4 49 1
3 5 43 1
3 7 17 1
3 8 2 27
3 10 89 1
3 16 54 2
3 20 45 1
3 22 13 28
3 24 37 1
4 0 32 2
4 2 54 19
4 3 25 1
4 5 4 26
4 6 2 15
4 8 1 24
4 9 37 1
4 11 19 12
4 12 26 1
4 14 2 2
4 16 1 13
4 17 1 20
4 18 1 29
4 19 2 17
4 20 1 3
4 21 34 1
4 24 3 13
4 27 3 12
5 0 52 1
5 1 31 1
5 3 32 1
5 4 8 24
5 6 38 1
5 8 171 1
5 9 6 17
5 10 7 5
5 12 3 18
5 13 15 1
5 16 31 1
5 17 1 21
5 20 59 3
5 24 47 1
5 27 18 12
6 0 300 1
6 1 22 11
6 2 40 1
6 3 97 1
6 4 85 1
6 5 2 28
6 7 1 11
6 8 4 4
6 9 17 13
6 10 3 2
6 11 35 1
6 15 1 27
6 16 114 4
6 19 58 1
6 20 5 3
6 23 56 4
7 0 318 1
7 1 141 12
7 2 53 1
7 3 40 1
7 4 269 2
7 5 15 12
7 6 1 13
7 8 109 21
7 9 4 8
7 10 440 1
7 11 10 24
7 12 99 1
7 15 9 2
7 16 111 2
7 23 1 22
7 24 108 2
7 27 12 3
8 0 150 1
8 1 95 2
8 2 4 24
8 3 40 1
8 4 212 1
8 5 354 1
8 6 17 29
8 7 437 16
8 9 29 1
8 10 23 27
8 11 14 14
8 12 4 4
8 13 1 1
8 14 82 1
8 15 4 9
8 16 16 5
8 17 134 2
8 22 14 2
8 24 72 1
8 25 1 7
8 26 42 22
9 0 98 2
9 1 1 3
9 2 5 7
9 3 77 1
9 4 376 1
9 5 10 15
9 6 1 11
9 10 94 1
9 11 222 1
9 12 4 1
9 13 8 22
9 14 1 15
9 17 2 22
9 21 1 27
9 25 7 14
9 26 1 27
10 0 187 1
10 1 2 11
10 2 1 21
10 3 220 1
10 4 16 2
10 5 100 1
10 6 11 18
10 7 364 1
10 8 15 15
10 9 4 22
10 11 176 1
10 12 242 1
10 13 7 2
10 14 297 8
10 15 182 2
10 17 5 2
10 23 66 7
10 24 1 19
10 26 1 21
10 27 17 7
11 0 1 20
11 2 9 1
11 6 2 24
11 7 219 1
11 8 80 1
11 9 3 1
11 10 1 25
11 12 107 1
11 13 82 1
11 14 1 10
11 15 2 16
11 18 18 2
11 19 1 21
11 23 43 1
11 24 125 1
11 25 56 1
11 26 12 3
11 27 1 10
12 1 1 15
12 3 1 26
12 6 2 9
12 7 40 5
12 9 154 1
12 10 274 1
12 13 8 1
12 14 12 2
12 15 4 7
12 17 1 5
12 20 2 23
12 21 84 1
12 24 49 9
12 27 1 26
13 2 2 20
13 4 2 1
13 6 2 2
13 7 150 1
13 8 23 15
13 9 7 1
13 12 32 26
13 14 1 24
13 15 1 4
13 20 20 21
13 25 2 8
13 27 1 28
14 3 5 4
14 5 33 29
14 6 157 1
14 7 2 7
14 8 76 1
14 9 110 2
14 10 1 15
14 12 6 1
14 13 4 3
14 15 3 2
15 2 17 2
15 3 5 13
15 7 35 1
15 8 20 4
15 9 12 20
15 10 153 1
15 11 5 24
15 13 16 10
15 16 1 1
15 17 1 2
15 21 1 2
15 23 2 8
15 25 18 4
15 27 8 2
16 0 11 7
16 1 28 1
16 3 6 6
16 4 1 29
16 5 19 1
16 8 135 1
16 9 100 28
16 17 7 1
16 18 41 1
16 24 36 1
17 0 261 1
17 1 7 20
17 2 8 2
17 4 253 2
17 6 254 1
17 7 216 6
17 11 4 6
17 15 3 22
17 16 46 18
17 18 18 1
17 20 9 6
17 21 7 14
17 22 55 27
18 1 1 9
18 2 20 1
18 3 4 25
18 4 1 5
18 6 16 29
18 7 93 4
18 8 142 4
18 10 8 14
18 12 38 2
18 16 2 25
18 17 1 26
18 23 5 11
19 0 162 1
19 1 60 1
19 3 1 27
19 4 48 1
19 7 1 6
19 9 57 1
19 17 9 20
19 20 119 1
19 21 5 25
20 0 66 1
20 1 5 2
20 3 1 2
20 4 149 1
20 6 5 2
20 8 90 13
20 17 1 17
20 19 4 21
20 25 6 14
21 5 8 21
21 10 3 1
21 19 2 16
21 23 3 13
21 25 7 5
22 7 2 4
22 14 5 24
22 17 10 2
23 7 3 11
23 10 83 1
23 11 1 15
23 22 1 19
23 24 30 4
24 0 40 4
24 1 31 1
24 2 1 13
24 3 24 3
24 5 44 1
24 7 163 1
24 8 117 1
24 10 49 3
24 11 7 2
24 14 4 9
24 15 4 25
24 16 11 16
24 17 30 4
24 23 1 26
24 26 47 4
25 1 53 4
25 2 5 1
25 3 12 27
25 6 89 1
25 7 248 1
25 8 32 3
25 11 139 1
25 12 2 10
25 16 14 14
25 20 5 18
25 24 20 3
26 6 30 1
26 8 2 26
26 9 27 6
26 10 61 22
26 11 65 2
26 13 7 1
26 14 1 2
26 17 1 15
27 2 3 28
27 8 97 1
27 10 1 2
27 11 161 2
27 15 1 17
27 25 1 25
