0 1 12 1
0 2 1 7
0 3 7 27
0 4 18 23
0 5 8 14
0 6 271 1
0 7 36 1
0 8 8 6
0 12 57 6
0 16 8 28
0 20 1 21
0 24 13 26
1 0 149 19
1 2 15 21
1 3 48 11
1 4 5 29
1 5 193 7
1 6 6 6
1 8 8 3
1 10 1 10
1 11 1 24
1 12 2 12
1 14 1 26
1 16 9 1
1 17 5 16
1 18 1 29
1 20 2 28
1 22 1 8
1 24 8 3
1 25 1 26
2 0 1 20
2 1 179 1
2 3 3 29
2 4 131 29
2 6 4 1
2 7 202 1
2 11 15 21
2 16 18 3
2 18 8 10
3 0 16 9
3 1 60 26
3 2 58 1
3 4 41 1
3 5 8 1
3 8 9 6
3 9 108 26
3 11 294 1
3 16 9 2
3 20 35 2
3 24 8 1
4 0 96 5
4 1 1 24
4 2 1 16
4 5 4 28
4 6 1 3
4 7 240 3
4 8 5 24
4 9 1 21
4 10 18 18
4 13 2 26
4 14 1 27
4 16 2 8
4 17 6 28
4 18 5 2
4 19 1 4
4 20 2 12
4 23 1 28
5 0 8 4
5 1 7 29
5 3 21 9
5 4 21 12
5 6 374 12
5 8 19 8
5 9 61 11
5 12 1 18
5 16 8 21
5 18 5 23
5 20 56 3
5 23 1 1
5 24 11 4
5 25 1 28
5 27 18 10
6 0 288 1
6 1 6 23
6 2 24 1
6 4 53 1
6 5 329 15
6 7 35 14
6 8 3 23
6 9 40 11
6 10 2 22
6 12 170 1
6 13 107 2
6 16 111 4
6 25 1 20
7 0 300 1
7 1 33 1
7 2 35 1
7 3 14 1
7 4 264 3
7 5 1 21
7 6 2 16
7 8 10 10
7 9 14 27
7 10 2 1
7 11 48 6
7 12 93 2
7 14 74 6
7 17 2 14
7 20 43 1
7 24 95 1
7 25 7 1
8 0 9 22
8 1 10 25
8 2 3 20
8 3 9 4
8 4 184 1
8 5 9 10
8 6 11 9
8 7 424 1
8 9 380 1
8 10 7 16
8 11 4 9
8 14 66 1
8 15 1 14
8 16 14 4
8 17 124 1
8 18 170 1
8 22 12 1
8 24 70 23
8 25 1 13
8 26 1 10
9 0 91 1
9 4 379 1
9 5 21 8
9 6 4 23
9 7 250 1
9 8 1 13
9 10 329 1
9 11 208 1
9 12 2 9
9 14 67 12
9 18 19 11
10 0 179 2
10 1 15 15
10 2 1 12
10 3 210 1
10 5 78 1
10 6 3 23
10 7 351 1
10 8 6 22
10 9 4 2
10 11 131 1
10 12 228 1
10 14 121 1
10 17 1 17
10 26 1 6
11 0 1 10
11 1 1 19
11 2 178 2
11 4 1 1
11 5 1 1
11 7 108 1
11 8 58 1
11 10 3 11
11 12 101 1
11 13 71 1
11 14 1 27
11 15 282 1
11 20 4 15
11 23 33 1
11 24 98 1
11 25 25 1
12 2 1 3
12 4 196 3
12 7 36 3
12 8 2 3
12 9 120 1
12 10 263 1
12 11 130 2
12 13 3 2
12 14 1 14
12 15 1 15
12 17 1 15
12 23 3 11
12 25 1 26
13 1 3 18
13 2 2 8
13 8 37 14
13 9 4 10
13 14 4 18
13 15 16 1
14 0 3 4
14 5 3 7
14 6 151 2
14 8 61 1
14 9 100 2
14 10 8 20
14 11 14 1
14 12 3 1
14 16 11 1
14 25 2 19
14 26 22 2
15 7 29 21
15 9 12 11
15 10 133 1
15 11 76 9
15 13 15 1
15 16 21 29
15 17 2 13
15 25 16 1
16 0 8 28
16 1 8 19
16 3 8 2
16 5 8 7
16 7 114 7
16 8 8 8
16 10 2 17
16 17 14 1
16 18 26 2
16 24 16 6
17 0 253 1
17 1 197 15
17 2 4 4
17 3 158 2
17 8 256 21
17 11 3 1
17 19 46 1
17 20 2 25
18 0 1 29
18 1 1 6
18 4 15 18
18 5 29 2
18 6 1 1
18 7 90 1
18 8 136 2
18 12 35 2
18 16 2 21
18 19 1 25
19 0 136 1
19 2 26 3
19 4 44 4
19 6 30 3
19 8 1 11
19 11 71 2
19 16 20 7
19 17 10 14
19 20 238 1
19 23 1 3
20 8 1 9
20 9 86 10
20 10 52 14
20 11 1 16
20 12 10 18
20 14 34 6
20 19 1 4
21 1 18 1
21 4 28 1
21 6 2 19
21 8 11 9
21 12 102 1
21 13 10 12
21 16 1 27
22 0 13 1
22 1 47 9
22 2 1 1
22 4 2 24
22 6 1 9
22 21 7 4
22 25 5 28
23 1 7 14
23 3 1 24
23 7 2 8
23 8 1 18
23 9 1 14
23 11 3 4
23 22 2 8
23 24 26 1
24 0 8 23
24 1 8 26
24 3 8 27
24 5 8 21
24 7 150 1
24 8 18 2
24 10 43 1
24 14 3 5
24 15 2 13
24 16 8 27
24 23 26 19
25 0 5 14
25 1 50 2
25 4 67 6
25 5 5 6
25 7 233 1
25 8 27 1
25 9 28 4
25 11 90 1
25 17 5 20
25 20 4 16
25 22 2 5
25 26 18 1
25 27 9 3
26 1 58 20
26 5 2 11
26 10 1 27
26 23 1 2
26 25 7 6
26 27 1 18
27 0 69 17
27 2 1 29
27 6 65 5
27 10 1 17
27 11 151 2
27 12 1 9
27 13 14 1
27 16 10 3
27 18 28 3
27 22 1 23
27 24 1 13
27 25 10 10
