0 1 2 27
0 2 5 13
0 3 55 1
0 4 13 12
0 5 1 10
0 6 20 2
0 8 1 28
0 9 1 1
0 10 228 3
0 11 40 2
0 14 1 15
0 16 1 7
0 17 59 2
0 19 3 19
0 20 1 29
0 22 30 5
0 24 1 1
1 0 1 10
1 2 4 10
1 3 3 21
1 4 3 12
1 5 70 28
1 6 103 6
1 7 337 2
1 8 1 19
1 9 248 1
1 10 117 2
1 14 9 12
1 16 1 27
1 17 11 5
1 18 3 23
1 19 5 3
1 20 12 8
1 23 1 27
1 27 1 1
2 0 3 8
2 1 2 13
2 3 23 1
2 4 4 26
2 6 5 28
2 7 73 1
2 8 14 25
2 10 2 12
2 15 29 3
2 20 110 1
3 0 2 6
3 1 265 16
3 2 15 29
3 4 8 5
3 5 1 19
3 7 5 29
3 8 2 28
3 11 212 1
3 15 1 24
3 19 43 4
3 25 11 11
3 27 8 4
4 0 6 7
4 1 4 24
4 5 32 5
4 6 48 9
4 7 195 1
4 8 1 8
4 9 158 1
4 10 6 3
4 11 199 23
4 14 60 22
4 15 1 12
4 17 2 7
4 18 14 15
4 20 1 4
4 21 25 3
5 1 1 29
5 3 1 4
5 4 86 1
5 6 10 4
5 7 127 1
5 8 1 10
5 9 18 28
5 10 3 1
5 12 1 19
5 13 9 1
5 16 3 20
5 18 3 29
5 22 6 22
5 27 15 1
6 1 5 1
6 2 2 27
6 3 20 2
6 5 23 6
6 7 96 1
6 8 113 1
6 9 6 24
6 10 6 26
6 12 101 1
6 15 1 3
6 17 8 1
6 22 11 4
6 23 41 1
7 0 194 1
7 3 5 26
7 4 230 2
7 5 48 12
7 8 332 1
7 9 1 14
7 10 318 1
7 11 239 17
7 13 70 1
7 15 213 1
7 17 1 4
7 20 12 1
7 22 102 6
7 25 20 1
7 26 120 7
7 27 1 13
8 0 1 9
8 1 2 20
8 2 4 1
8 3 2 10
8 4 61 1
8 5 228 1
8 6 220 1
8 7 55 1
8 9 200 1
8 10 1 1
8 11 18 11
8 14 10 1
8 15 1 25
8 16 1 2
8 17 72 2
8 18 143 1
8 20 2 8
8 23 1 4
9 0 55 1
9 1 3 11
9 2 98 27
9 3 44 4
9 4 279 1
9 5 348 7
9 6 63 16
9 7 225 1
9 8 349 1
9 10 20 1
9 11 132 1
9 12 131 2
9 13 1 2
10 1 1 24
10 2 2 4
10 3 149 1
10 6 9 4
10 7 222 1
10 8 11 18
10 9 2 29
10 13 3 28
10 14 134 1
10 15 210 1
10 16 1 27
10 17 20 16
10 19 1 29
10 20 77 1
10 21 1 19
10 23 7 18
10 24 20 1
10 25 143 1
11 1 1 10
11 2 126 1
11 3 92 1
11 7 18 16
11 10 317 1
11 12 69 2
11 13 25 1
11 14 8 14
11 15 43 1
11 17 2 2
11 18 7 5
11 20 1 21
11 24 6 3
11 25 2 8
11 26 1 15
11 27 1 16
12 2 14 16
12 3 3 10
12 5 5 1
12 8 217 1
12 9 6 1
12 10 190 1
12 11 98 4
12 13 1 5
12 14 38 15
12 21 56 2
12 25 2 10
13 7 125 2
13 10 1 1
13 11 4 21
13 12 177 2
13 18 1 6
13 24 2 12
13 25 1 29
14 1 94 3
14 4 4 11
14 8 7 4
14 9 51 2
14 10 3 19
14 11 194 1
14 12 1 5
14 16 7 23
14 26 19 24
15 4 3 18
15 6 42 1
15 7 4 1
15 10 44 1
15 11 22 1
15 14 13 13
15 17 1 14
15 23 3 9
15 24 1 29
15 25 4 9
16 0 1 22
16 1 1 6
16 2 5 4
16 3 6 10
16 5 1 4
16 8 104 28
16 12 1 10
16 17 127 1
16 24 1 13
17 0 189 1
17 1 18 14
17 2 1 1
17 3 124 1
17 4 198 1
17 6 216 2
17 8 257 1
17 9 66 1
17 10 179 3
17 16 15 1
17 25 5 19
18 0 2 25
18 4 2 18
18 7 70 2
18 10 1 20
18 16 1 1
18 17 179 2
18 19 4 11
18 23 8 23
18 25 1 25
19 0 26 1
19 3 3 2
19 4 25 2
19 8 1 15
19 9 46 11
19 11 54 1
19 16 15 19
19 17 3 5
19 20 81 1
20 0 7 1
20 1 178 2
20 2 116 1
20 9 3 16
20 10 59 29
20 18 6 5
20 19 328 1
20 24 24 18
21 4 20 4
21 8 1 23
22 1 1 6
22 3 1 13
22 5 9 28
22 6 2 2
22 7 3 20
22 9 23 3
22 13 2 22
22 17 5 9
23 1 14 10
23 3 3 20
23 7 33 27
23 8 2 11
23 9 1 29
23 11 2 6
23 17 1 19
23 18 1 7
23 24 7 2
23 25 1 5
24 0 1 24
24 1 1 28
24 2 7 5
24 3 1 19
24 5 1 18
24 7 84 1
24 8 1 22
24 10 15 5
24 11 1 10
24 16 1 6
24 17 22 1
24 23 7 18
25 7 137 1
25 8 6 3
25 10 1 26
25 15 10 3
25 16 1 17
25 20 1 9
25 24 8 6
25 26 8 1
25 27 41 1
26 11 36 4
26 12 12 10
26 16 17 28
26 17 1 13
26 20 4 21
26 23 1 8
26 27 5 5
27 2 1 6
27 4 58 19
27 11 97 1
27 16 8 1
27 26 79 2
