0 1 15 12
0 2 48 19
0 3 18 22
0 4 1 13
0 5 17 27
0 6 241 1
0 8 26 8
0 10 223 1
0 11 30 2
0 12 36 1
0 13 2 16
0 15 2 7
0 16 25 20
0 17 45 2
0 19 7 26
0 20 4 28
0 24 38 27
0 26 1 1
0 27 1 19
1 0 13 1
1 2 8 4
1 3 18 27
1 4 6 21
1 5 132 2
1 6 4 23
1 7 322 1
1 8 17 17
1 9 235 1
1 10 1 6
1 11 239 2
1 14 2 19
1 15 8 2
1 16 17 25
1 17 22 23
1 19 1 25
1 20 2 5
1 21 2 2
1 23 1 1
1 24 17 13
1 25 4 9
1 27 32 21
2 0 18 16
2 1 8 23
2 3 19 1
2 4 2 4
2 6 2 23
2 7 48 1
2 8 93 19
2 10 7 8
2 11 18 1
2 16 7 5
2 17 3 21
2 22 2 16
3 0 16 22
3 1 14 29
3 2 23 14
3 5 16 15
3 6 19 1
3 7 6 1
3 8 108 9
3 11 185 1
3 12 14 1
3 14 4 28
3 16 16 7
3 17 119 1
3 19 40 1
3 24 50 25
3 27 7 1
4 1 3 27
4 2 171 1
4 5 78 1
4 6 4 20
4 7 182 1
4 8 61 12
4 9 121 1
4 10 2 14
4 14 1 19
4 16 2 20
4 18 1 21
4 19 1 5
4 20 3 12
4 22 50 7
4 23 1 12
4 24 3 5
4 25 80 1
5 0 16 4
5 1 16 12
5 3 16 20
5 4 87 1
5 6 51 16
5 7 107 1
5 8 16 27
5 9 300 1
5 10 290 1
5 12 89 22
5 16 16 27
5 24 16 1
6 0 182 1
6 1 417 1
6 3 10 1
6 4 2 25
6 5 16 9
6 9 2 12
6 10 298 18
6 12 85 1
6 16 89 2
6 17 3 1
6 19 29 5
6 22 2 7
6 23 38 2
6 24 2 21
6 25 2 5
7 0 167 1
7 2 2 22
7 3 32 1
7 4 219 2
7 5 2 17
7 6 308 1
7 8 326 1
7 9 1 16
7 10 284 1
7 11 407 1
7 12 59 4
7 14 1 3
7 15 187 1
7 16 95 6
7 19 1 22
7 20 7 4
7 24 26 1
7 25 176 1
8 0 42 19
8 1 32 1
8 2 54 1
8 3 359 25
8 4 39 1
8 5 12 1
8 6 187 1
8 7 253 1
8 9 155 1
8 10 2 15
8 11 175 10
8 12 1 20
8 14 3 4
8 15 1 28
8 16 39 29
8 17 61 1
8 20 6 16
8 23 2 20
8 24 18 14
9 0 46 4
9 1 1 15
9 4 241 1
9 5 302 5
9 6 3 10
9 7 212 1
9 8 27 1
9 11 114 1
9 12 129 1
9 14 81 4
9 19 1 22
9 21 2 12
9 22 18 16
9 25 82 15
10 0 126 1
10 1 6 11
10 2 1 26
10 3 132 2
10 4 1 1
10 6 29 29
10 7 187 1
10 8 6 23
10 11 1 12
10 12 129 1
10 14 79 1
10 15 187 1
10 17 3 11
10 19 1 27
10 20 70 4
10 22 13 1
10 23 17 16
10 24 6 29
10 26 1 27
11 0 1 1
11 2 110 1
11 3 187 1
11 6 31 2
11 7 10 25
11 9 1 22
11 10 252 1
11 12 62 2
11 14 3 16
11 15 65 2
11 19 3 17
11 22 24 2
11 25 2 3
11 26 1 13
12 3 1 3
12 4 11 3
12 8 207 1
12 10 170 1
12 11 91 1
12 13 4 17
12 15 14 23
12 18 93 1
12 20 2 2
12 25 7 6
13 5 1 16
13 7 119 1
13 11 1 20
13 12 172 2
13 17 48 3
14 2 38 1
14 10 8 20
14 11 161 1
14 12 1 3
14 13 1 3
14 17 79 1
14 21 4 8
14 25 1 4
15 4 1 15
15 7 181 1
15 9 1 7
15 10 27 2
15 11 163 1
15 12 89 1
15 14 1 9
15 21 11 4
15 22 1 1
16 0 43 5
16 1 16 13
16 3 30 9
16 4 22 14
16 5 16 16
16 8 36 5
16 11 1 25
16 12 5 24
16 17 96 1
16 24 45 11
16 27 1 21
17 0 171 1
17 1 174 1
17 3 115 1
17 4 181 2
17 5 3 8
17 6 201 1
17 8 8 1
17 9 58 2
17 12 27 22
17 16 191 1
18 0 2 25
18 3 1 3
18 4 7 28
18 5 5 6
18 6 38 13
18 7 66 1
18 8 94 2
18 9 1 16
18 12 19 8
18 25 1 13
19 1 10 2
19 2 17 6
19 3 1 7
19 4 21 2
19 8 1 21
19 10 11 4
19 17 3 22
19 18 1 5
19 20 41 1
19 24 1 13
20 1 169 2
20 3 89 2
20 7 252 1
20 9 21 3
20 10 1 12
20 11 22 22
20 12 1 21
20 13 42 4
20 19 264 1
21 5 14 7
21 10 41 23
21 11 2 13
21 16 17 15
21 23 6 14
22 0 15 13
22 5 1 3
22 6 9 26
22 7 2 17
22 8 98 2
22 10 1 28
22 21 2 2
23 0 9 16
23 1 3 13
23 3 2 21
23 7 2 19
23 11 1 14
23 14 1 12
23 17 1 11
23 20 1 8
24 0 26 16
24 1 31 15
24 3 40 26
24 4 38 28
24 5 16 5
24 7 69 2
24 8 17 20
24 9 69 6
24 10 11 1
24 11 9 16
24 13 4 26
24 16 16 20
24 23 6 9
24 26 25 5
24 27 9 2
25 1 31 5
25 4 55 1
25 7 112 1
25 11 1 11
25 13 2 5
25 26 6 2
26 17 23 23
26 27 4 29
27 4 1 8
27 5 1 3
27 7 1 9
27 11 83 2
27 15 1 16
27 17 6 2
27 23 15 4
27 26 65 2
