0 1 185 1
0 2 1 6
0 3 24 23
0 4 1 25
0 5 16 11
0 6 240 1
0 7 1 20
0 8 22 18
0 10 222 4
0 12 36 2
0 14 58 7
0 16 16 10
0 19 6 25
0 20 1 28
0 23 1 22
0 24 65 12
0 26 1 8
1 0 37 16
1 2 39 22
1 3 39 2
1 4 16 20
1 5 15 13
1 6 16 11
1 7 322 1
1 8 18 24
1 9 235 1
1 10 2 23
1 14 1 3
1 16 26 10
1 17 2 6
1 18 1 28
1 19 5 5
1 22 1 21
1 23 1 16
1 24 87 28
1 26 6 25
1 27 1 17
2 0 8 7
2 1 5 2
2 3 15 1
2 4 147 27
2 6 1 21
2 7 47 1
2 8 4 29
2 10 1 17
2 11 26 1
2 20 101 1
2 23 2 12
2 24 1 21
3 0 17 29
3 1 15 15
3 2 10 16
3 5 16 28
3 6 19 1
3 7 40 6
3 8 26 13
3 9 1 24
3 11 184 1
3 12 13 8
3 14 1 19
3 16 28 21
3 17 119 1
3 19 39 6
3 21 2 11
3 22 14 22
3 23 32 17
3 24 16 1
3 25 1 27
3 27 6 1
4 0 1 8
4 1 121 18
4 2 171 1
4 5 75 1
4 6 27 28
4 7 181 1
4 8 7 8
4 9 119 1
4 10 1 8
4 13 14 13
4 14 2 14
4 15 2 20
4 17 3 27
4 18 2 23
4 20 44 2
4 25 79 15
5 0 183 4
5 1 17 18
5 2 5 1
5 3 35 6
5 4 84 1
5 6 49 10
5 7 106 2
5 8 15 14
5 9 295 1
5 10 289 1
5 12 6 2
5 16 30 4
5 24 33 10
6 0 181 1
6 1 414 1
6 2 2 8
6 3 10 1
6 4 3 11
6 5 17 12
6 7 304 1
6 8 1 1
6 9 31 24
6 10 7 1
6 12 84 1
6 13 84 5
6 15 1 28
6 17 3 2
6 21 55 7
6 22 1 28
6 24 4 16
6 26 51 1
7 0 165 1
7 1 356 3
7 3 40 19
7 5 1 22
7 6 307 15
7 8 323 1
7 9 81 23
7 10 283 1
7 11 398 1
7 13 62 1
7 14 6 9
7 15 186 1
7 18 107 3
7 19 1 20
7 23 1 27
7 24 25 2
7 25 175 1
7 27 2 12
8 0 54 13
8 1 61 25
8 2 52 1
8 3 17 27
8 4 38 1
8 5 25 18
8 6 173 1
8 7 249 1
8 9 153 1
8 10 11 1
8 11 1 23
8 15 111 5
8 16 39 29
8 17 60 2
8 24 27 20
8 27 5 21
9 1 4 5
9 2 2 1
9 3 38 1
9 4 240 1
9 5 120 1
9 6 30 9
9 7 212 1
9 8 26 1
9 11 113 1
9 12 128 1
9 15 1 16
9 17 173 2
9 18 27 28
9 20 13 22
9 21 1 1
9 24 1 4
9 27 65 15
10 0 125 1
10 1 2 27
10 2 196 26
10 4 1 13
10 6 154 17
10 7 185 1
10 8 68 16
10 9 1 27
10 12 128 1
10 13 1 18
10 14 76 1
10 15 186 2
10 22 13 1
10 23 1 20
10 25 130 1
11 0 10 1
11 1 19 27
11 2 109 1
11 3 186 1
11 5 1 15
11 7 106 14
11 8 1 7
11 10 250 1
11 14 2 24
11 15 6 15
11 16 8 28
11 17 185 10
11 25 5 16
12 2 15 6
12 6 2 23
12 7 13 2
12 8 206 2
12 10 169 2
12 11 90 1
12 13 7 20
12 14 1 21
12 17 122 10
12 18 93 1
12 20 2 11
12 21 50 1
12 23 11 18
13 0 13 1
13 4 6 18
13 6 4 21
13 7 118 4
13 10 12 8
13 14 5 19
13 16 14 3
13 18 2 19
13 20 1 22
14 1 89 4
14 2 37 13
14 6 101 1
14 7 190 2
14 8 2 1
14 10 28 10
14 11 159 1
14 15 1 2
14 16 7 8
14 17 79 5
14 25 1 16
15 4 2 3
15 6 36 3
15 7 180 1
15 11 160 1
15 12 89 3
15 22 1 28
15 24 30 2
16 0 17 28
16 1 16 18
16 2 1 7
16 3 16 20
16 4 8 4
16 5 17 22
16 7 103 2
16 8 25 1
16 12 2 20
16 14 32 3
16 17 95 1
16 18 1 8
16 24 16 1
17 0 170 2
17 1 172 17
17 3 114 1
17 5 2 19
17 6 200 1
17 7 186 2
17 8 7 2
17 16 189 1
17 20 46 22
17 23 58 2
18 1 5 26
18 2 5 4
18 4 97 14
18 6 3 4
18 7 65 5
18 9 5 17
18 10 1 23
18 16 2 24
18 17 175 1
18 23 2 10
19 0 10 1
19 8 4 28
19 12 53 27
19 18 1 28
19 20 39 1
20 4 123 5
20 7 252 2
20 8 61 9
20 14 24 5
20 19 261 1
21 9 46 2
21 16 1 17
22 5 1 16
22 6 2 16
22 11 127 2
22 14 1 4
22 16 16 7
22 18 7 2
22 26 4 11
23 3 1 29
23 5 2 1
23 6 69 2
23 10 38 2
23 11 8 4
23 16 1 20
23 17 1 29
23 22 3 17
24 0 71 21
24 1 66 18
24 3 16 4
24 4 1 5
24 5 22 27
24 8 200 27
24 10 10 1
24 11 5 2
24 16 21 19
24 18 1 19
24 23 3 6
25 4 54 4
25 6 57 3
25 7 111 1
25 9 2 5
25 10 14 4
25 11 6 8
25 18 1 29
25 19 8 3
25 27 32 2
26 8 73 6
26 9 19 2
26 27 2 6
27 2 5 17
27 6 51 3
27 10 4 2
27 22 1 5
27 23 1 1
27 24 2 22
27 25 11 3
