0 1 12 27
0 3 55 22
0 4 41 6
0 5 16 21
0 6 143 1
0 8 56 6
0 9 152 3
0 10 189 1
0 11 3 2
0 12 20 8
0 14 2 9
0 15 5 1
0 16 17 26
0 18 1 27
0 19 3 26
0 20 274 3
0 24 16 23
0 25 67 1
0 27 1 25
1 0 13 22
1 2 235 1
1 3 15 26
1 4 298 15
1 5 14 14
1 6 1 3
1 7 238 1
1 8 126 20
1 9 152 1
1 10 8 5
1 11 200 1
1 14 3 6
1 16 17 26
1 17 14 13
1 18 5 18
1 19 1 24
1 20 2 19
1 22 2 7
1 24 16 12
2 0 1 29
2 1 84 24
2 3 1 2
2 4 214 1
2 5 58 3
2 6 6 20
2 10 2 6
2 11 140 2
2 13 1 23
2 17 1 4
2 20 61 1
2 22 2 14
2 24 1 5
3 0 14 8
3 1 19 14
3 2 40 1
3 5 15 2
3 6 213 1
3 7 2 25
3 8 17 13
3 9 1 3
3 11 74 1
3 12 5 2
3 14 7 20
3 15 13 8
3 16 15 25
3 17 76 2
3 18 60 1
3 19 23 1
3 20 1 27
3 22 1 26
3 24 50 14
3 27 2 6
4 1 52 8
4 2 9 1
4 3 2 16
4 6 1 29
4 7 124 1
4 9 11 2
4 10 3 19
4 14 4 6
4 15 6 21
4 17 1 9
4 18 12 15
4 23 1 5
4 24 57 11
5 0 22 3
5 1 80 24
5 3 31 2
5 4 1 24
5 6 297 1
5 7 36 1
5 8 23 8
5 9 4 1
5 10 168 1
5 12 1 18
5 13 3 25
5 14 1 2
5 16 16 5
5 17 134 1
5 24 27 4
5 25 3 17
6 0 85 1
6 1 230 1
6 2 2 16
6 4 6 18
6 5 129 1
6 7 258 1
6 8 30 19
6 9 74 1
6 10 76 1
6 11 1 23
6 12 28 2
6 13 61 2
6 16 69 1
6 19 13 3
6 21 47 1
7 0 62 1
7 2 21 23
7 3 9 11
7 4 165 2
7 5 1 12
7 6 111 1
7 8 89 1
7 9 1 2
7 10 138 1
7 11 54 1
7 15 61 1
7 17 173 1
7 19 1 15
7 22 78 1
7 23 140 19
7 25 77 1
7 27 10 24
8 0 17 19
8 1 16 1
8 2 142 1
8 3 16 24
8 5 23 9
8 6 124 17
8 9 17 2
8 10 42 29
8 12 7 19
8 13 5 16
8 16 16 12
8 17 21 3
8 20 3 26
8 23 4 7
8 24 16 3
8 26 6 6
8 27 5 15
9 0 18 1
9 1 3 29
9 3 15 1
9 4 84 1
9 6 120 13
9 7 149 1
9 8 174 1
9 10 7 9
9 11 45 1
9 12 57 1
9 13 4 17
9 14 67 1
9 20 1 14
9 21 1 14
10 0 80 1
10 3 64 1
10 4 10 21
10 6 5 25
10 7 59 2
10 8 187 1
10 9 271 1
10 11 9 3
10 12 53 1
10 13 1 17
10 14 1 27
10 15 85 1
10 17 22 18
10 18 142 3
10 19 10 29
10 20 45 2
10 23 115 2
11 0 91 17
11 3 30 1
11 4 203 4
11 6 215 1
11 7 428 1
11 8 4 29
11 10 171 1
11 12 33 3
11 14 134 1
11 15 11 28
11 19 5 11
11 23 1 14
11 24 7 25
11 25 5 18
11 26 131 1
11 27 163 1
12 0 7 1
12 1 139 1
12 4 161 2
12 6 1 22
12 8 156 2
12 9 10 23
12 10 87 2
12 13 22 19
12 15 17 17
12 20 1 21
12 21 26 5
12 22 1 26
12 25 12 2
13 1 55 3
13 10 7 22
13 11 11 18
13 12 117 1
13 17 41 4
13 21 13 2
13 23 2 23
14 2 30 3
14 6 55 1
14 7 164 1
14 8 2 6
14 9 6 1
14 10 213 27
14 11 37 1
14 12 2 26
14 13 2 2
14 15 1 19
14 17 72 2
14 23 1 9
14 25 9 25
15 1 91 2
15 4 1 8
15 5 31 1
15 6 16 1
15 7 55 1
15 8 1 13
15 9 2 20
15 11 98 1
15 12 71 1
15 16 1 6
15 17 1 11
15 22 1 12
16 0 56 12
16 1 15 19
16 2 2 29
16 3 19 6
16 5 16 4
16 8 16 17
16 9 93 7
16 10 10 9
16 11 1 18
16 12 1 7
16 18 3 6
16 24 56 27
16 26 1 24
17 0 94 1
17 1 46 1
17 2 2 22
17 3 71 2
17 5 8 11
17 8 231 2
17 10 143 1
17 11 3 28
17 12 27 27
17 13 4 4
17 14 1 3
17 16 65 1
17 18 1 25
17 20 13 13
17 21 12 22
18 0 1 7
18 1 16 2
18 3 17 27
18 4 30 4
18 6 1 1
18 8 59 3
18 10 157 1
18 11 44 1
18 16 190 1
18 17 149 2
18 19 1 14
19 0 1 26
19 5 1 1
19 7 107 20
19 18 1 14
19 20 2 4
20 1 127 1
20 2 67 1
20 3 80 1
20 5 1 18
20 6 1 28
20 7 224 2
20 8 204 11
20 11 1 2
20 12 27 23
20 13 36 7
20 19 16 1
20 22 42 1
21 1 7 3
21 4 12 3
21 8 1 9
21 16 18 1
22 7 41 21
22 8 78 2
22 9 11 1
22 13 1 1
22 14 6 9
22 23 3 3
22 26 2 27
23 0 4 29
23 6 78 16
23 7 4 7
23 8 14 1
23 10 14 1
23 11 7 15
23 15 1 14
23 17 3 13
23 19 1 25
23 20 18 6
24 0 29 12
24 1 16 28
24 3 55 23
24 4 1 29
24 5 16 2
24 8 17 24
24 11 1 9
24 16 71 3
24 26 10 4
24 27 4 1
25 1 18 1
25 7 26 1
25 10 1 25
25 11 26 22
25 14 4 8
25 22 1 26
25 27 4 2
26 8 1 8
26 27 31 25
27 2 1 4
27 4 2 8
27 5 5 18
27 7 1 7
27 8 54 3
27 9 66 2
27 11 33 2
27 15 5 21
27 21 1 29
27 25 21 1
27 26 11 1
