0 1 217 27
0 2 1 16
0 3 13 26
0 4 5 24
0 5 33 2
0 6 128 1
0 7 2 26
0 8 14 7
0 9 147 2
0 12 18 7
0 15 92 5
0 16 72 20
0 17 2 4
0 18 1 4
0 19 1 28
0 24 73 11
0 27 1 28
1 0 10 6
1 2 168 1
1 3 13 29
1 5 76 22
1 6 150 14
1 7 223 1
1 8 81 24
1 9 138 2
1 10 1 15
1 14 1 27
1 16 25 26
1 17 10 28
1 18 4 9
1 19 1 6
1 22 2 1
1 24 38 23
1 26 6 28
2 0 1 10
2 1 19 27
2 3 4 10
2 5 5 1
2 6 55 20
2 8 168 1
2 10 1 11
2 11 130 1
2 14 1 24
2 17 4 1
2 20 55 2
2 22 12 3
3 0 11 9
3 1 25 25
3 2 28 1
3 5 13 6
3 6 203 1
3 7 217 21
3 8 219 26
3 9 126 3
3 11 60 1
3 15 3 15
3 16 13 29
3 18 58 3
3 20 7 4
3 22 8 13
3 24 37 8
4 1 1 16
4 3 3 27
4 6 13 24
4 8 4 18
4 10 57 6
4 12 1 1
4 15 1 2
4 18 12 14
4 22 41 8
4 24 1 12
4 25 70 4
4 27 71 12
5 0 53 9
5 1 13 9
5 3 12 25
5 4 1 26
5 6 144 1
5 8 21 10
5 9 1 21
5 10 147 1
5 11 1 4
5 12 2 6
5 16 13 27
5 20 24 1
5 21 14 2
5 24 60 22
5 25 1 2
6 0 72 1
6 1 179 1
6 2 17 5
6 4 3 7
6 5 232 1
6 7 229 1
6 8 266 20
6 8 365 20
6 9 156 1
6 10 151 12
6 11 1 12
6 12 22 1
6 15 2 4
6 16 65 4
6 17 2 17
6 18 2 5
6 20 2 15
6 25 1 19
7 0 49 1
7 2 11 28
7 3 2 1
7 5 1 8
7 6 270 1
7 8 192 1
7 9 106 7
7 10 118 1
7 11 7 1
7 13 28 1
7 15 46 1
7 25 63 1
7 27 1 7
8 0 14 21
8 1 22 15
8 2 95 1
8 3 12 8
8 4 1 16
8 5 35 11
8 6 17 21
8 7 1 10
8 9 8 1
8 10 175 1
8 12 1 18
8 13 6 18
8 14 1 6
8 16 13 25
8 17 17 1
8 18 94 1
8 20 1 1
8 22 1 4
8 24 12 14
8 27 2 7
9 0 14 1
9 1 1 4
9 4 65 1
9 5 2 7
9 7 139 2
9 8 146 1
9 10 4 3
9 11 36 1
9 12 204 1
9 17 149 5
9 19 5 7
9 21 2 4
9 24 1 7
10 1 1 2
10 2 2 16
10 3 54 1
10 4 1 20
10 5 12 26
10 6 123 27
10 7 45 1
10 8 181 1
10 9 161 1
10 11 4 10
10 13 2 5
10 14 8 4
10 15 71 1
10 16 4 2
10 17 3 26
10 18 140 2
10 19 2 20
10 20 41 1
10 21 1 2
10 23 11 11
10 24 117 4
10 25 70 1
10 26 1 29
11 0 1 6
11 1 5 19
11 2 41 1
11 3 110 1
11 5 2 27
11 6 239 1
11 7 99 1
11 8 13 26
11 9 17 16
11 10 144 1
11 15 10 24
11 17 183 1
11 19 1 10
11 20 22 1
11 22 102 13
11 23 1 13
11 24 1 1
11 25 2 29
11 26 19 1
12 1 135 1
12 4 154 2
12 6 44 14
12 8 148 1
12 9 17 16
12 10 76 1
12 11 54 1
12 13 12 4
12 15 63 2
12 21 23 3
12 23 73 16
12 24 27 5
13 1 6 23
13 5 25 3
13 6 20 18
13 10 2 6
13 11 1 17
13 12 105 1
13 14 22 1
13 20 1 27
14 0 1 12
14 1 66 2
14 2 29 1
14 6 49 1
14 7 14 2
14 8 1 26
14 10 61 1
14 11 24 1
14 12 2 4
14 13 1 3
14 15 1 7
14 22 1 23
14 23 1 22
14 27 7 4
15 0 80 4
15 1 89 1
15 7 41 1
15 8 1 24
15 10 1 14
15 11 52 1
15 12 67 3
15 14 26 1
15 16 1 4
15 21 3 4
15 23 31 1
15 24 7 19
15 27 1 8
16 0 52 5
16 1 23 13
16 3 37 2
16 5 89 17
16 8 85 11
16 11 5 24
16 17 2 3
16 18 8 27
16 24 55 12
17 0 83 1
17 1 49 1
17 2 7 5
17 4 98 2
17 6 119 1
17 8 224 1
17 10 138 2
17 11 1 29
17 15 3 4
17 16 49 1
17 20 15 24
17 26 1 13
18 0 28 27
18 3 1 10
18 4 1 5
18 6 1 2
18 7 43 3
18 8 54 1
18 9 1 29
18 16 180 1
18 17 145 1
18 23 11 3
19 0 4 13
19 1 1 4
19 3 1 21
19 10 3 2
19 20 2 6
19 27 14 23
20 0 1 11
20 1 120 1
20 3 69 2
20 4 97 4
20 5 1 9
20 6 1 29
20 7 218 1
20 10 1 29
20 13 36 1
20 15 1 13
20 18 2 8
20 19 3 1
21 5 2 26
21 11 1 7
21 20 38 24
22 0 10 26
22 1 15 29
22 4 67 7
22 6 82 22
22 7 7 16
22 11 92 2
22 17 2 1
22 20 1 20
23 6 78 24
23 7 45 20
23 9 1 1
23 11 63 22
23 12 6 6
23 15 5 13
23 16 2 14
23 17 23 3
23 22 10 6
24 0 13 7
24 1 13 6
24 3 13 23
24 5 12 19
24 6 111 1
24 7 12 3
24 8 122 23
24 11 48 21
24 12 1 21
24 16 12 28
24 18 5 13
24 20 19 1
24 22 5 1
24 25 27 1
24 26 8 3
25 5 1 25
25 6 32 3
25 9 2 11
25 10 1 14
25 11 3 9
25 12 62 4
25 13 3 3
25 18 1 13
26 10 4 27
26 11 10 7
26 14 1 26
26 17 1 19
26 18 3 5
26 27 29 3
27 5 1 10
27 6 37 8
27 8 52 1
27 10 2 10
27 11 27 1
27 13 13 16
27 15 1 19
27 21 1 15
27 22 4 24
27 25 16 2
