0 1 127 1
0 3 35 2
0 5 49 1
0 6 90 1
0 7 2 21
0 8 68 1
0 9 133 2
0 10 166 1
0 15 91 28
0 16 164 1
0 18 4 20
0 19 117 26
0 20 2 3
0 24 70 1
0 25 58 1
0 27 10 17
1 0 108 1
1 2 49 1
1 3 60 28
1 4 233 1
1 5 32 1
1 6 147 26
1 7 182 1
1 8 139 1
1 9 103 1
1 10 3 23
1 11 169 1
1 16 40 6
1 17 155 1
1 18 53 10
1 19 7 21
1 20 49 21
1 22 1 6
1 24 79 1
1 25 1 20
2 0 1 25
2 1 87 1
2 3 18 7
2 4 182 1
2 5 48 1
2 6 13 22
2 7 1 1
2 8 374 1
2 9 133 2
2 10 8 12
2 11 104 1
2 13 1 19
2 15 25 4
2 17 11 5
2 20 41 1
2 21 3 14
3 0 145 1
3 1 27 1
3 2 49 1
3 4 2 26
3 5 107 9
3 6 173 1
3 7 2 1
3 8 310 1
3 10 1 14
3 11 28 1
3 14 7 29
3 16 199 1
3 19 15 1
3 20 2 17
3 24 35 1
3 25 14 10
4 0 4 27
4 2 115 2
4 3 7 26
4 5 5 3
4 7 92 1
4 9 1 24
4 12 1 9
4 15 5 3
4 19 1 16
4 21 13 1
4 25 66 1
5 0 110 6
5 1 102 1
5 3 170 1
5 4 2 16
5 6 6 1
5 7 11 1
5 8 307 1
5 9 7 8
5 10 95 1
5 11 1 29
5 12 19 24
5 13 2 2
5 16 64 1
5 17 120 4
5 18 1 4
5 24 28 1
6 0 42 1
6 1 66 1
6 2 2 8
6 3 1 8
6 4 6 24
6 7 177 1
6 8 185 4
6 9 283 1
6 10 33 1
6 11 1 21
6 12 8 5
6 13 47 1
6 14 21 13
6 15 7 2
6 16 57 3
6 17 2 24
6 18 4 16
6 19 6 5
6 22 3 5
6 23 20 1
6 24 16 7
6 26 38 4
7 1 310 1
7 2 30 23
7 3 39 23
7 6 219 1
7 8 79 1
7 9 2 7
7 10 70 1
7 11 10 5
7 14 217 3
7 15 15 1
7 17 170 1
7 23 1 17
7 24 2 29
7 26 108 2
8 0 248 1
8 1 268 1
8 2 9 3
8 3 40 1
8 4 1 12
8 5 170 1
8 6 3 26
8 7 12 2
8 10 26 1
8 11 286 1
8 12 3 14
8 13 12 27
8 16 86 26
8 18 80 1
8 20 1 2
8 24 167 1
8 25 149 1
9 0 7 2
9 1 5 15
9 2 118 10
9 3 7 1
9 4 24 1
9 5 10 29
9 6 110 1
9 8 79 1
9 10 5 22
9 12 160 1
9 14 47 2
9 24 17 13
9 26 2 23
10 1 261 6
10 2 200 16
10 3 33 1
10 4 1 1
10 5 4 10
10 6 107 15
10 7 16 1
10 8 17 1
10 9 174 1
10 11 3 3
10 12 23 1
10 13 1 15
10 14 2 8
10 17 2 5
10 18 132 6
10 19 4 5
10 20 32 5
10 21 2 1
10 25 50 3
11 1 54 17
11 2 23 1
11 3 94 1
11 4 189 2
11 5 84 5
11 6 211 1
11 7 144 1
11 8 5 16
11 9 5 13
11 10 78 1
11 12 20 4
11 13 1 7
11 14 124 1
11 15 10 12
11 19 1 4
11 22 98 2
11 23 2 1
11 24 5 21
11 25 8 5
11 26 129 3
11 27 133 2
12 1 123 1
12 2 15 8
12 3 4 28
12 6 4 25
12 8 125 2
12 9 5 9
12 10 49 1
12 13 9 10
12 15 1 18
12 16 76 27
12 20 2 14
12 21 15 6
12 22 9 20
12 23 73 1
12 24 24 6
13 3 1 23
13 7 68 3
13 8 2 5
13 10 21 8
13 11 1 15
13 12 71 1
13 23 4 15
13 25 3 7
14 6 33 2
14 7 147 1
14 10 361 1
14 12 8 12
14 13 2 2
14 15 33 18
14 17 67 1
14 18 44 7
14 23 1 21
14 27 5 4
15 2 2 24
15 3 12 2
15 4 21 7
15 7 12 1
15 8 1 1
15 9 3 10
15 10 1 23
15 12 58 4
15 14 34 1
15 17 1 27
15 21 1 23
15 22 1 17
15 25 1 20
16 0 74 1
16 1 70 1
16 3 2 25
16 5 69 1
16 6 9 1
16 8 111 1
16 11 12 20
16 12 10 21
16 13 25 9
16 17 1 25
16 18 2 8
16 24 26 10
17 0 56 1
17 1 11 1
17 2 1 24
17 3 49 1
17 4 71 1
17 6 90 1
17 7 132 1
17 8 205 3
17 9 19 1
17 10 124 2
17 16 16 2
17 18 1 15
17 19 5 5
17 23 53 1
18 0 28 29
18 4 1 13
18 6 89 22
18 8 42 1
18 10 157 15
18 11 36 6
18 16 16 1
18 17 130 1
18 23 11 8
18 26 26 21
19 0 1 6
19 3 3 23
19 4 2 6
19 18 34 29
19 20 3 10
19 21 5 1
20 0 6 1
20 1 102 1
20 3 46 1
20 4 88 1
20 5 5 20
20 6 1 11
20 7 201 1
20 8 1 4
20 14 12 2
20 17 1 12
20 18 1 28
20 19 1 22
21 8 1 16
21 12 40 1
21 15 1 17
21 20 38 6
21 24 18 2
22 0 1 20
22 5 1 11
22 8 66 1
22 10 1 22
22 11 78 2
22 15 8 9
22 23 10 20
23 0 12 19
23 3 1 18
23 7 4 9
23 8 99 1
23 9 3 14
23 11 42 11
23 20 1 12
23 22 4 3
24 0 18 27
24 1 13 1
24 3 41 2
24 5 301 1
24 8 46 1
24 11 1 1
24 16 14 11
24 22 2 2
24 23 31 1
24 25 22 6
25 1 11 1
25 10 37 22
25 11 2 2
26 11 5 4
26 27 22 2
27 2 14 22
27 5 1 19
27 7 77 25
27 8 44 1
27 9 2 18
27 11 13 3
27 15 8 10
27 20 1 18
