0 1 6 16
0 2 3 1
0 3 27 1
0 5 158 1
0 6 87 2
0 7 1 24
0 8 99 1
0 9 132 1
0 13 62 1
0 14 1 23
0 15 1 2
0 16 116 1
0 19 1 19
0 20 1 8
0 23 71 8
0 24 211 1
1 0 57 1
1 2 39 1
1 3 11 3
1 4 227 1
1 5 222 1
1 6 16 1
1 7 179 1
1 8 5 16
1 9 101 1
1 11 167 1
1 12 6 5
1 14 1 27
1 17 152 19
1 18 1 2
1 19 1 3
1 24 115 1
1 25 22 3
2 1 85 1
2 3 5 8
2 4 180 1
2 6 12 23
2 7 1 10
2 8 366 1
2 10 37 4
2 11 102 1
2 14 2 19
2 17 27 4
2 21 1 11
2 27 18 1
3 0 197 1
3 1 12 1
3 2 40 1
3 5 41 1
3 6 171 1
3 7 201 13
3 8 320 1
3 11 26 2
3 13 1 11
3 15 18 11
3 16 151 1
3 24 121 5
3 25 1 15
4 1 5 1
4 2 113 1
4 5 8 23
4 6 14 26
4 7 90 1
4 11 209 3
4 15 5 17
4 16 1 22
4 17 177 29
4 26 9 1
5 0 171 1
5 1 105 1
5 3 122 1
5 4 2 22
5 6 1 1
5 8 273 1
5 9 14 8
5 10 92 1
5 16 39 1
5 18 2 2
5 20 19 7
5 24 58 1
5 25 1 8
6 0 40 1
6 1 60 1
6 2 53 28
6 3 10 8
6 4 2 8
6 5 1 19
6 7 171 1
6 8 99 15
6 9 272 1
6 10 263 1
6 11 1 21
6 14 1 29
6 16 56 2
6 17 4 2
6 18 1 2
6 21 41 4
6 22 1 13
6 25 1 26
7 0 20 1
7 1 308 1
7 2 3 27
7 4 131 1
7 6 214 1
7 8 70 1
7 10 67 1
7 11 6 6
7 13 17 2
7 14 216 25
7 15 13 1
7 19 23 29
7 20 2 3
7 22 65 4
7 24 1 24
7 27 1 16
8 0 73 1
8 1 244 1
8 2 8 1
8 3 92 1
8 4 2 29
8 5 231 1
8 6 1 29
8 7 3 21
8 9 1 15
8 10 17 1
8 11 194 1
8 13 1 13
8 14 6 17
8 15 1 20
8 16 68 1
8 20 32 16
8 24 118 1
8 25 148 1
9 1 2 20
9 2 19 2
9 4 22 1
9 5 5 12
9 6 105 1
9 7 111 1
9 8 75 1
9 10 26 4
9 12 155 1
9 14 46 1
9 17 138 1
9 19 1 6
9 22 1 11
9 24 2 9
9 25 91 2
10 1 1 24
10 3 31 2
10 4 1 20
10 5 6 7
10 6 32 1
10 7 14 1
10 8 12 1
10 9 162 1
10 11 22 4
10 12 21 3
10 13 1 10
10 14 9 25
10 15 36 1
10 16 1 17
10 17 5 4
10 21 1 17
10 25 49 1
10 27 1 2
11 0 1 6
11 2 22 1
11 3 91 1
11 4 188 2
11 6 208 1
11 7 116 1
11 8 4 17
11 9 2 26
11 10 71 1
11 14 120 8
11 15 5 12
11 17 177 4
11 22 97 1
11 23 6 23
11 24 1 6
11 25 4 14
11 26 129 2
11 27 131 1
12 0 123 3
12 3 3 20
12 4 135 1
12 5 106 1
12 6 5 3
12 9 2 8
12 10 47 1
12 13 2 18
12 14 14 13
12 22 1 1
12 25 1 9
13 1 22 3
13 6 1 2
13 7 67 4
13 10 1 1
13 12 69 1
13 19 4 22
13 25 3 29
13 26 1 1
14 1 56 3
14 2 25 1
14 7 145 2
14 10 354 1
14 11 2 1
14 12 1 14
14 15 1 10
14 17 66 7
14 22 4 5
14 23 5 21
15 2 5 18
15 3 34 10
15 7 10 1
15 8 1 16
15 10 1 19
15 11 1 13
15 14 31 1
15 19 1 20
16 0 26 2
16 1 21 7
16 3 34 1
16 5 33 3
16 8 63 1
16 11 1 14
16 12 1 21
16 15 28 6
16 18 2 22
16 24 57 1
17 1 8 16
17 2 1 13
17 7 130 1
17 8 204 1
17 10 123 3
17 13 1 10
17 14 1 27
17 15 69 4
17 16 14 1
17 21 10 1
17 23 53 1
17 27 43 7
18 0 1 8
18 1 93 11
18 3 18 14
18 4 88 3
18 9 11 26
18 16 13 1
18 17 129 2
18 19 16 11
19 0 1 24
19 8 3 27
19 9 28 7
19 12 50 6
19 20 3 24
19 21 5 5
20 0 1 27
20 1 101 1
20 2 45 2
20 3 44 1
20 4 87 2
20 6 2 10
20 7 200 1
20 8 17 16
20 10 7 11
20 15 1 28
20 17 7 10
20 19 4 11
20 24 32 10
21 6 1 25
21 8 31 1
21 14 5 12
21 15 3 24
22 0 4 6
22 2 14 19
22 3 1 12
22 5 2 17
22 7 1 15
22 8 65 1
22 11 77 3
22 12 8 4
22 13 1 15
22 14 25 1
22 20 1 20
22 23 3 6
23 0 5 26
23 7 1 17
23 9 2 20
23 10 4 4
23 11 2 24
23 13 4 10
23 14 20 19
23 15 1 5
23 18 29 1
23 22 3 5
24 0 55 1
24 1 51 1
24 3 8 17
24 5 253 1
24 8 192 1
24 11 3 24
24 16 127 3
24 23 9 1
25 2 1 26
25 10 3 28
25 11 1 16
25 14 1 9
26 1 2 26
26 8 8 29
26 20 42 14
26 27 69 26
27 3 1 18
27 4 2 3
27 11 12 2
27 20 7 8
27 25 5 1
