0 1 72 1
0 2 139 1
0 3 1 24
0 4 1 18
0 6 68 1
0 7 24 17
0 8 1 8
0 9 123 3
0 12 11 1
0 16 5 17
0 20 271 1
0 23 1 2
0 24 65 27
0 25 53 3
0 26 1 14
1 0 1 18
1 2 19 1
1 3 174 12
1 4 215 1
1 5 10 4
1 6 170 1
1 7 156 1
1 8 1 16
1 10 1 28
1 11 154 1
1 14 1 21
1 16 182 8
1 17 25 1
1 19 1 12
1 22 1 19
2 0 1 4
2 1 9 1
2 3 24 27
2 4 164 1
2 7 1 4
2 8 351 1
2 9 127 1
2 10 1 17
2 11 87 2
2 17 27 22
2 22 14 7
2 24 5 21
2 26 6 4
3 0 50 1
3 6 152 2
3 7 4 1
3 9 116 1
3 11 14 1
3 15 5 18
3 17 43 3
3 19 11 5
3 20 1 21
4 0 3 2
4 1 384 1
4 2 95 1
4 3 3 2
4 5 3 13
4 6 176 1
4 7 78 1
4 8 306 1
4 11 205 1
4 12 1 28
4 13 59 29
4 16 2 8
4 18 11 9
4 19 2 16
4 20 2 7
4 24 1 13
5 1 1 6
5 2 1 16
5 4 2 12
5 6 9 12
5 8 16 1
5 9 6 17
5 10 66 1
5 11 14 25
5 16 8 22
5 20 17 1
5 24 4 11
5 27 8 2
6 0 26 1
6 1 21 1
6 2 6 15
6 3 3 28
6 4 50 25
6 5 33 4
6 7 137 1
6 8 10 26
6 9 235 1
6 10 219 1
6 11 1 8
6 13 41 4
6 14 1 15
6 15 94 29
6 17 1 20
6 18 1 27
6 20 1 18
6 21 39 3
6 22 6 17
6 24 16 7
6 25 27 5
6 27 1 25
7 0 10 2
7 1 290 1
7 2 6 8
7 3 11 5
7 4 118 1
7 5 1 16
7 6 205 1
7 8 12 8
7 9 13 17
7 10 45 1
7 11 35 29
7 15 4 1
7 16 70 3
7 18 71 6
7 19 2 3
7 20 3 27
7 22 60 3
7 23 145 6
7 24 1 10
8 0 191 20
8 1 210 15
8 3 1 27
8 4 1 24
8 5 2 8
8 6 86 17
8 7 4 9
8 9 1 23
8 10 1 1
8 11 281 1
8 13 14 16
8 14 1 19
8 15 1 15
8 16 3 22
8 17 3 3
8 18 71 1
8 23 4 15
8 24 9 6
8 25 141 1
8 27 25 11
9 1 1 13
9 4 8 1
9 5 6 21
9 6 49 1
9 7 96 1
9 8 45 1
9 10 214 13
9 11 9 4
9 12 114 1
9 14 93 1
9 17 131 1
9 19 2 23
9 23 57 1
9 24 4 13
10 0 46 1
10 1 14 7
10 2 72 1
10 3 21 2
10 4 2 9
10 5 28 13
10 6 209 1
10 7 5 1
10 8 1 23
10 9 112 1
10 11 9 8
10 13 30 4
10 14 3 11
10 15 21 2
10 17 2 25
10 18 127 3
10 19 4 14
10 23 118 9
10 24 56 4
10 25 39 2
10 26 3 10
10 27 1 26
11 0 77 5
11 1 268 4
11 3 68 1
11 6 187 1
11 7 53 1
11 8 2 15
11 9 8 11
11 10 42 1
11 12 16 1
11 13 1 4
11 14 50 1
11 15 36 10
11 17 174 1
11 22 2 2
11 23 1 28
11 24 2 5
11 27 118 2
12 0 121 2
12 1 114 3
12 4 124 1
12 8 111 2
12 9 2 27
12 11 35 3
12 13 2 11
12 16 76 2
12 23 70 14
12 26 43 27
13 7 60 2
13 10 10 29
13 12 52 1
13 20 1 24
13 21 12 1
13 23 1 20
13 26 13 14
14 1 51 4
14 4 1 4
14 8 1 1
14 10 304 1
14 12 2 20
14 13 35 1
14 15 19 26
14 16 2 25
14 23 2 6
15 1 79 4
15 2 2 28
15 7 2 2
15 9 109 10
15 10 1 23
15 11 2 3
15 14 6 1
15 17 1 1
15 20 1 24
16 1 29 13
16 5 4 11
16 10 26 16
16 17 2 26
16 18 1 7
16 24 17 16
17 0 41 2
17 1 3 1
17 2 3 13
17 3 39 2
17 7 122 1
17 9 14 1
17 11 3 5
17 16 4 1
17 19 3 5
17 20 19 14
18 1 2 28
18 4 146 2
18 5 1 6
18 8 34 3
18 13 1 7
18 16 136 1
18 19 1 28
18 20 90 5
18 24 17 4
18 26 1 24
19 0 7 14
19 2 5 1
19 3 6 13
19 8 16 21
19 18 3 16
19 20 20 19
20 3 30 1
20 4 81 3
20 5 5 27
20 6 1 8
20 7 189 2
20 10 1 6
20 13 32 1
20 15 5 9
20 17 1 4
20 19 9 13
20 26 44 12
21 4 8 3
21 5 2 16
21 10 5 28
21 14 1 21
21 15 3 7
22 1 1 25
22 7 13 10
22 8 60 1
22 10 2 15
22 12 1 5
22 14 23 1
22 17 1 5
23 0 1 28
23 3 2 6
23 8 7 2
23 11 43 15
23 12 3 26
23 14 20 16
23 15 9 14
23 20 32 8
23 25 4 9
23 27 1 6
24 0 17 13
24 8 24 21
24 11 17 9
24 12 15 10
24 17 9 2
24 18 7 26
24 20 14 2
24 21 2 15
24 23 7 1
25 4 33 9
25 6 20 1
25 10 54 1
25 11 1 10
25 13 3 19
25 21 11 21
25 22 1 9
26 4 4 2
26 12 24 29
26 14 1 10
26 24 5 1
26 25 1 16
26 27 8 23
27 3 2 4
27 4 3 17
27 6 30 2
27 7 1 18
27 10 2 23
