0 1 32 1
0 2 125 1
0 3 2 8
0 5 33 1
0 6 32 1
0 7 6 8
0 10 130 3
0 17 1 13
0 18 2 21
0 20 252 1
0 21 39 1
0 22 15 1
0 24 43 1
0 26 1 6
1 0 51 29
1 2 2 15
1 3 9 22
1 4 44 1
1 5 35 1
1 6 94 1
1 7 105 1
1 8 1 3
1 9 45 1
1 10 40 3
1 13 2 4
1 14 5 26
1 16 16 25
1 17 403 1
1 18 10 4
1 19 2 8
1 23 3 8
1 24 16 6
1 26 1 10
2 0 13 1
2 1 233 3
2 3 103 13
2 4 124 1
2 5 26 4
2 6 2 5
2 7 1 16
2 8 223 1
2 9 113 1
2 10 59 19
2 17 5 7
2 22 1 15
3 0 125 1
3 1 63 13
3 2 5 14
3 4 1 15
3 7 174 1
3 8 15 12
3 14 1 12
3 18 44 1
3 19 5 3
3 20 2 14
3 24 46 2
4 1 154 1
4 3 1 4
4 5 78 14
4 6 441 1
4 7 52 1
4 8 111 1
4 9 2 2
4 10 4 1
4 11 192 1
4 12 4 23
4 13 60 24
4 14 1 25
4 15 1 1
4 16 35 25
4 17 6 16
4 18 64 14
4 23 34 14
4 25 58 1
5 0 17 1
5 1 1 25
5 3 98 1
5 4 3 4
5 6 30 28
5 8 33 2
5 9 85 2
5 10 21 1
5 11 1 10
5 12 12 3
5 16 14 25
5 25 6 22
6 0 5 3
6 1 2 25
6 2 22 11
6 3 8 3
6 4 5 24
6 5 11 11
6 7 85 2
6 8 57 1
6 9 114 1
6 10 189 1
6 11 2 18
6 13 30 2
6 14 1 11
6 16 41 4
6 17 2 24
6 22 27 14
6 23 12 5
6 25 1 1
7 1 242 1
7 2 13 10
7 3 78 1
7 4 89 1
7 6 138 1
7 8 1 1
7 9 3 4
7 10 10 2
7 11 126 19
7 14 2 23
7 16 62 2
7 18 61 3
7 19 5 8
7 20 12 25
7 23 143 10
7 24 1 4
8 0 17 23
8 1 112 23
8 2 9 26
8 3 13 1
8 4 1 20
8 5 4 24
8 6 201 1
8 7 8 17
8 9 10 21
8 10 17 8
8 11 247 1
8 14 1 20
8 16 64 1
8 18 53 2
8 20 34 16
8 23 3 4
8 24 27 1
9 1 11 26
9 2 13 2
9 5 5 24
9 6 319 1
9 7 65 2
9 8 4 2
9 10 13 20
9 12 39 1
9 14 66 1
9 17 116 1
9 19 5 15
9 20 1 7
9 23 51 7
10 2 190 1
10 3 5 5
10 4 39 16
10 5 33 13
10 6 152 1
10 8 58 24
10 11 2 3
10 13 1 28
10 14 18 19
10 17 12 17
10 19 3 20
10 26 1 18
10 27 2 11
11 1 258 3
11 2 2 3
11 3 26 2
11 4 165 1
11 6 138 1
11 7 12 15
11 8 1 16
11 10 11 1
11 13 2 12
11 14 15 1
11 15 52 6
11 17 165 3
11 22 75 2
11 23 1 28
11 24 5 24
11 25 272 1
11 27 88 1
12 1 97 1
12 5 62 2
12 8 83 1
12 9 1 11
12 13 2 4
12 14 1 5
12 15 18 29
13 6 1 23
13 8 164 1
13 11 1 11
13 12 19 2
13 14 1 3
13 22 1 5
14 3 2 5
14 4 2 15
14 7 100 1
14 9 2 21
14 10 1 28
14 11 1 10
14 12 12 5
14 13 7 1
14 20 1 23
14 24 1 28
14 27 3 1
15 6 1 1
15 7 1 7
15 8 4 28
15 10 10 20
15 11 103 9
15 16 1 24
15 17 1 16
15 20 1 14
15 22 1 22
15 23 10 3
15 25 1 22
15 26 5 6
15 27 1 25
16 0 31 11
16 1 6 26
16 3 113 1
16 8 70 1
16 9 78 2
16 10 1 21
16 11 1 23
16 12 1 24
16 17 4 22
16 18 1 18
16 24 92 29
16 27 18 21
17 0 17 3
17 1 1 29
17 2 1 6
17 3 22 2
17 4 29 1
17 8 164 1
17 11 4 4
17 16 1 12
17 18 1 20
17 20 73 9
17 21 1 3
18 4 78 1
18 6 1 19
18 8 21 3
18 9 1 9
18 15 1 6
18 16 77 1
18 17 101 1
18 19 3 28
18 24 16 1
19 0 34 23
19 1 1 13
19 8 3 1
19 14 2 1
19 20 3 15
19 22 1 12
20 0 23 27
20 1 68 1
20 2 21 1
20 3 32 1
20 4 69 1
20 6 1 14
20 7 163 1
20 10 1 16
20 11 170 1
20 12 28 20
20 16 76 1
20 19 3 22
21 1 2 5
21 4 5 3
21 12 23 1
21 15 3 10
21 20 39 28
21 23 17 15
22 0 12 5
22 4 62 6
22 7 6 15
22 10 1 3
22 16 20 16
22 23 8 1
22 24 1 25
23 0 29 4
23 1 45 4
23 3 5 21
23 9 3 25
23 11 1 28
23 13 1 16
23 17 2 13
23 20 2 20
23 24 7 14
23 25 1 15
24 0 35 1
24 1 74 10
24 3 13 1
24 5 41 5
24 8 68 1
24 9 37 1
24 17 6 2
24 18 1 13
24 21 1 7
24 25 13 2
25 1 4 12
25 4 28 1
25 6 11 1
25 8 5 23
25 11 378 1
25 19 4 3
25 26 2 29
26 7 73 3
27 3 3 7
27 4 1 8
27 5 1 18
27 8 31 1
27 10 1 18
27 14 3 16
27 15 2 2
27 26 6 20
