0 1 248 3
0 2 106 1
0 3 48 1
0 5 173 1
0 6 20 1
0 7 1 4
0 8 269 5
0 10 120 1
0 16 23 1
0 17 1 24
0 18 4 14
0 19 107 1
0 20 236 2
0 24 4 19
0 25 41 1
0 26 16 27
1 0 178 1
1 2 9 10
1 3 104 1
1 4 146 1
1 5 5 1
1 6 345 1
1 7 86 1
1 8 42 16
1 11 111 1
1 16 63 1
1 17 357 1
1 24 31 2
1 25 3 8
2 0 6 19
2 1 162 1
2 3 198 1
2 5 21 1
2 6 4 2
2 7 1 21
2 8 140 1
2 10 2 5
2 11 44 1
2 15 19 10
2 17 3 15
2 18 3 12
2 19 4 5
2 20 12 1
2 23 1 29
2 25 1 1
3 0 97 2
3 1 63 1
3 2 10 5
3 4 1 12
3 5 252 1
3 6 91 1
3 7 129 1
3 8 151 1
3 9 99 1
3 10 1 13
3 16 24 1
3 17 19 3
3 20 2 28
3 21 3 13
3 24 22 2
3 25 17 25
3 26 2 11
4 0 281 1
4 1 95 1
4 5 149 22
4 6 415 1
4 8 95 1
4 9 2 6
4 12 5 18
4 13 1 7
4 17 4 4
4 18 159 1
4 23 34 1
5 0 391 1
5 1 20 1
5 2 2 18
5 3 91 1
5 4 85 27
5 6 126 21
5 6 364 22
5 6 144 2
5 8 240 1
5 9 1 15
5 10 9 2
5 11 21 7
5 16 30 1
5 20 10 1
5 24 128 1
5 25 4 9
6 1 6 18
6 2 2 16
6 3 38 29
6 4 1 7
6 5 48 2
6 7 57 1
6 9 57 1
6 10 136 1
6 11 13 4
6 12 1 1
6 13 25 3
6 14 2 29
6 15 95 12
6 17 1 25
6 20 7 26
6 21 32 4
6 22 1 20
6 24 4 17
7 1 221 1
7 2 5 25
7 3 11 1
7 6 102 1
7 8 2 29
7 10 3 1
7 11 8 4
7 14 1 21
7 18 57 1
7 22 44 2
7 23 21 1
7 24 1 25
7 27 134 10
8 0 1 26
8 1 95 4
8 2 13 13
8 3 81 29
8 4 8 28
8 5 25 1
8 6 38 5
8 7 10 11
8 9 4 1
8 10 6 4
8 11 361 1
8 12 4 8
8 13 1 19
8 14 1 15
8 16 79 1
8 18 46 3
8 21 9 12
8 22 3 25
8 23 1 7
8 26 3 29
9 4 1 21
9 5 38 14
9 6 235 1
9 7 53 2
9 12 18 1
9 16 3 16
9 18 136 1
9 20 52 8
9 22 2 12
9 26 26 25
10 0 22 1
10 2 42 1
10 5 3 2
10 6 129 1
10 8 7 5
10 9 1 28
10 11 4 2
10 13 1 8
10 14 2 5
10 16 1 16
10 18 111 1
10 19 5 6
10 20 14 6
10 21 9 10
10 22 5 6
10 25 13 1
10 26 1 22
10 27 1 13
11 0 4 28
11 1 252 2
11 3 14 2
11 4 158 1
11 6 118 1
11 7 34 1
11 8 2 5
11 9 135 22
11 10 4 1
11 12 5 3
11 13 1 24
11 14 131 1
11 15 220 1
11 17 161 1
11 19 1 10
11 20 3 23
11 21 1 15
11 22 68 1
11 23 1 17
11 24 55 11
11 26 8 1
11 27 76 1
12 0 111 1
12 1 90 2
12 2 2 1
12 3 1 28
12 6 9 1
12 8 72 2
12 9 2 24
12 10 5 5
12 14 4 2
12 17 124 4
12 18 59 1
12 20 86 12
12 22 1 16
12 25 18 3
13 6 2 8
13 7 37 4
13 11 156 25
13 12 10 1
13 14 3 27
13 17 30 1
13 18 1 12
13 22 2 2
13 26 1 21
14 1 36 1
14 5 41 4
14 7 86 1
14 8 10 16
14 9 2 8
14 10 102 1
14 11 1 2
14 12 1 17
14 13 1 2
14 15 56 1
14 20 1 1
15 0 58 1
15 3 26 3
15 4 24 3
15 7 5 6
15 10 20 13
15 11 142 18
15 14 1 18
15 17 1 24
15 24 28 1
15 25 4 1
15 26 1 22
16 0 119 1
16 1 57 1
16 2 46 13
16 3 38 1
16 4 29 3
16 5 92 10
16 8 87 1
16 11 2 27
16 17 11 9
16 24 173 1
17 1 2 20
17 3 16 2
17 4 20 2
17 5 23 3
17 7 93 2
17 8 152 1
17 10 90 2
17 15 65 6
17 16 2 12
17 18 2 4
17 21 23 4
17 26 1 27
18 2 1 16
18 4 106 1
18 7 20 2
18 8 16 1
18 13 1 6
18 16 55 1
18 17 92 1
18 20 91 3
19 0 35 11
19 6 1 7
19 7 38 8
19 8 23 21
19 17 101 19
19 20 13 19
20 0 2 28
20 1 60 1
20 2 16 1
20 3 9 2
20 4 64 1
20 6 20 8
20 7 152 1
20 10 7 12
20 11 168 7
20 12 2 9
20 13 27 16
20 18 2 13
20 19 8 1
21 0 1 17
21 1 2 6
21 4 5 1
21 12 18 4
21 15 3 6
21 16 22 23
22 10 22 19
22 13 4 11
22 18 2 20
23 0 2 9
23 4 9 23
23 6 87 3
23 13 1 20
23 16 1 26
24 0 191 1
24 1 239 1
24 3 120 1
24 4 2 19
24 5 65 1
24 8 145 1
24 9 34 3
24 12 1 27
24 14 1 6
24 16 57 1
24 21 3 24
24 23 22 1
25 0 84 7
25 5 15 23
25 6 9 1
25 7 1 16
25 8 6 15
25 9 91 29
25 11 34 1
25 13 1 3
25 23 1 7
25 27 4 25
26 4 4 16
26 6 5 2
26 7 69 2
26 14 1 5
26 19 1 29
26 27 32 1
27 6 22 1
27 7 1 12
27 8 28 1
27 10 12 19
27 12 2 28
27 13 10 1
27 26 1 5
