0 1 16 6
0 2 104 1
0 3 225 1
0 4 24 9
0 5 43 10
0 7 2 19
0 8 62 1
0 10 119 2
0 11 2 22
0 15 84 2
0 16 66 1
0 18 7 20
0 19 105 10
0 20 235 1
0 24 44 6
1 0 154 1
1 2 9 11
1 3 102 1
1 4 139 1
1 5 124 1
1 6 339 1
1 7 84 1
1 8 77 29
1 11 110 1
1 16 77 1
1 17 353 1
1 18 1 27
1 19 1 14
1 22 56 28
1 23 1 13
1 24 70 2
2 0 188 1
2 1 154 1
2 3 196 1
2 4 105 1
2 5 20 1
2 6 4 20
2 7 16 9
2 8 134 1
2 10 5 24
2 11 43 1
3 0 81 1
3 1 34 1
3 2 4 4
3 4 1 12
3 5 228 1
3 6 89 1
3 7 123 1
3 8 120 15
3 9 98 4
3 10 2 8
3 13 5 13
3 14 2 17
3 16 21 4
3 18 41 1
3 20 1 16
3 22 8 20
3 24 6 2
4 0 280 1
4 1 88 1
4 2 41 1
4 3 5 17
4 5 23 5
4 6 411 1
4 8 93 1
4 9 6 13
4 10 320 2
4 12 13 4
4 14 1 23
4 16 36 14
4 18 157 1
4 19 1 3
4 23 1 28
5 0 358 1
5 1 151 1
5 2 1 6
5 3 63 1
5 4 22 20
5 6 147 8
5 7 1 4
5 8 216 1
5 9 1 8
5 10 8 1
5 11 3 6
5 16 21 1
5 17 90 1
5 20 9 8
5 23 1 14
5 24 26 1
6 1 7 28
6 3 1 7
6 4 1 24
6 5 49 1
6 7 54 1
6 8 1 18
6 9 52 1
6 10 131 1
6 11 1 11
6 14 3 17
6 15 3 11
6 17 5 27
6 18 5 1
6 20 2 22
6 24 13 4
6 25 3 23
7 1 219 1
7 2 1 6
7 3 5 16
7 4 76 1
7 5 1 15
7 6 99 1
7 8 2 3
7 9 9 29
7 11 8 15
7 12 7 5
7 14 206 3
7 15 1 6
7 16 59 1
7 17 199 3
7 20 13 24
7 21 1 16
7 22 44 2
7 23 20 2
7 24 11 22
7 26 93 2
7 27 4 26
8 0 144 1
8 1 82 1
8 2 8 27
8 3 106 8
8 4 1 1
8 5 10 5
8 6 56 1
8 7 4 18
8 9 1 18
8 10 7 21
8 11 358 1
8 13 4 8
8 14 25 28
8 15 39 2
8 16 52 1
8 19 1 6
8 20 3 10
8 24 81 1
9 1 1 7
9 2 116 1
9 4 1 1
9 5 61 13
9 6 228 1
9 7 52 2
9 10 13 3
9 13 2 1
9 15 104 2
9 16 4 28
9 17 108 1
9 18 136 1
9 19 2 1
9 20 1 19
9 26 1 1
9 27 47 2
10 0 22 2
10 2 40 1
10 4 1 17
10 5 4 8
10 6 141 1
10 7 1 7
10 8 89 8
10 9 1 28
10 11 6 13
10 13 1 13
10 14 43 17
10 16 98 9
10 17 1 15
10 23 1 1
10 24 58 18
10 25 13 2
11 1 252 1
11 3 13 1
11 4 157 1
11 6 116 1
11 7 28 1
11 8 2 10
11 9 1 27
11 14 129 1
11 19 3 8
11 22 67 1
11 23 6 13
11 24 1 14
11 25 354 4
12 1 89 3
12 2 1 27
12 3 14 1
12 4 88 1
12 5 50 1
12 6 1 26
12 8 71 2
12 9 3 1
12 11 18 3
12 14 3 7
12 16 2 20
12 18 58 3
12 19 2 16
12 20 1 8
12 23 6 1
13 2 1 22
13 3 1 15
13 4 82 5
13 8 157 2
13 10 153 16
13 14 2 3
13 15 1 10
13 22 1 29
13 23 4 2
14 0 2 23
14 8 2 29
14 10 97 1
14 11 1 16
14 15 54 1
14 17 57 2
14 20 2 12
14 23 1 19
15 3 8 20
15 4 1 5
15 5 23 2
15 7 1 14
15 8 1 21
15 10 3 7
15 11 4 17
15 17 2 25
15 27 1 5
16 0 87 1
16 1 24 6
16 2 2 14
16 3 64 4
16 5 9 26
16 8 54 4
16 10 1 13
16 11 1 28
16 17 1 22
16 18 1 14
16 20 15 5
16 24 141 1
17 0 10 1
17 1 1 27
17 2 1 26
17 3 16 1
17 4 20 1
17 5 1 2
17 6 32 1
17 7 93 1
17 8 151 2
17 9 4 1
17 10 90 1
17 11 1 13
17 16 1 2
17 21 1 29
18 4 103 1
18 5 3 2
18 6 1 13
18 7 19 6
18 10 150 2
18 11 23 8
18 15 6 4
18 16 53 1
18 17 92 1
18 23 1 28
18 24 15 2
18 27 33 28
19 0 1 15
19 1 2 11
19 3 42 24
19 6 1 22
19 7 103 2
19 12 46 15
19 20 1 1
19 21 1 6
19 23 3 27
20 2 15 1
20 3 8 2
20 4 63 1
20 5 26 13
20 6 6 16
20 9 117 5
20 10 1 8
20 14 6 7
20 19 3 24
21 0 3 4
21 4 4 24
21 11 3 12
21 15 1 24
22 3 1 12
22 7 4 10
22 10 18 11
22 14 15 1
22 16 21 7
22 21 1 1
22 23 8 3
22 24 3 8
23 0 1 25
23 4 2 2
23 9 3 28
23 12 17 23
23 13 1 15
23 17 1 18
24 0 159 1
24 1 208 1
24 3 87 1
24 5 33 29
24 6 102 4
24 8 244 1
24 11 1 1
24 16 9 17
24 21 1 7
24 23 21 4
25 2 3 20
25 6 8 5
25 7 6 10
25 8 4 3
25 10 42 13
25 11 31 1
25 13 1 21
25 19 3 9
25 22 11 7
25 27 3 21
26 0 54 24
26 1 66 5
26 6 5 1
26 7 69 1
26 9 6 1
26 27 31 1
27 3 4 5
27 10 1 11
27 20 1 23
27 22 1 19
27 26 9 18
