0 1 226 1
0 2 71 1
0 3 136 1
0 4 1 24
0 5 83 1
0 6 16 1
0 7 1 11
0 8 18 27
0 9 91 2
0 10 116 2
0 11 1 16
0 16 52 1
0 19 142 1
0 20 230 1
0 24 13 24
0 26 1 3
1 0 42 1
1 2 16 29
1 3 7 24
1 4 133 1
1 5 13 1
1 6 46 1
1 8 111 1
1 9 28 2
1 10 2 22
1 11 106 1
1 12 165 2
1 14 7 11
1 16 55 1
1 17 338 1
1 18 1 2
1 19 21 19
1 23 1 21
1 24 3 20
1 25 1 13
1 26 27 27
1 27 54 3
2 0 184 1
2 1 125 1
2 3 184 1
2 4 100 1
2 7 3 10
2 8 111 1
2 10 15 13
2 17 38 21
3 0 141 1
3 1 9 2
3 2 12 8
3 4 2 21
3 5 28 1
3 6 84 1
3 7 227 1
3 8 254 24
3 10 1 25
3 15 1 1
3 16 82 1
3 22 16 8
3 24 71 1
3 25 8 27
4 0 274 2
4 1 63 1
4 2 38 1
4 3 1 4
4 5 20 20
4 6 396 1
4 7 39 3
4 8 87 1
4 9 4 1
4 10 318 3
4 15 1 18
4 17 281 3
4 18 148 1
4 19 2 18
5 0 271 1
5 1 51 2
5 2 2 29
5 3 55 2
5 4 2 18
5 6 62 16
5 8 134 14
5 9 2 25
5 10 6 1
5 16 15 7
5 17 87 3
5 24 41 1
5 25 4 15
6 1 5 15
6 2 224 28
6 3 2 23
6 5 5 1
6 7 47 1
6 8 4 4
6 9 39 1
6 10 117 1
6 14 14 17
6 15 11 6
6 16 36 2
6 17 1 17
6 18 23 24
6 20 9 29
6 25 4 7
7 1 212 1
7 2 3 5
7 3 54 1
7 4 72 2
7 6 89 1
7 8 10 16
7 11 16 9
7 15 3 7
7 17 198 1
7 18 55 2
7 19 1 28
7 22 43 2
7 23 19 13
7 26 92 3
8 0 64 1
8 1 141 1
8 2 3 22
8 3 219 4
8 4 14 20
8 5 27 1
8 6 8 18
8 7 4 17
8 9 3 1
8 10 13 8
8 11 348 1
8 12 3 4
8 13 23 28
8 14 3 11
8 16 63 1
8 19 1 28
8 22 6 29
8 24 22 1
8 25 112 1
8 27 1 10
9 1 6 29
9 2 114 3
9 4 1 11
9 5 179 29
9 6 204 1
9 10 187 2
9 15 103 2
9 17 106 3
9 18 134 4
9 19 1 14
9 21 74 8
9 22 1 10
9 24 1 3
9 27 46 4
10 0 20 1
10 2 181 1
10 4 55 24
10 5 4 29
10 6 121 1
10 7 2 15
10 8 124 4
10 9 1 21
10 11 38 19
10 14 206 28
10 18 109 1
10 20 13 3
10 21 3 16
10 22 1 24
10 24 122 9
10 25 11 1
10 26 56 19
11 0 1 25
11 1 249 2
11 3 10 1
11 4 155 1
11 5 108 2
11 6 110 1
11 7 11 1
11 8 9 19
11 9 1 16
11 10 1 1
11 12 4 1
11 13 5 25
11 14 119 1
11 15 60 1
11 16 7 4
11 19 4 28
11 20 154 2
11 21 2 29
11 22 65 3
11 23 1 5
11 24 2 3
11 25 343 1
11 26 7 2
11 27 71 2
12 1 87 3
12 2 36 1
12 5 46 1
12 6 13 20
12 8 68 1
12 9 1 3
12 10 4 1
12 13 137 6
12 14 2 26
12 15 11 5
12 18 57 6
12 25 3 12
12 27 46 4
13 4 82 7
13 6 1 6
13 8 155 3
13 9 1 5
13 10 1 16
13 11 1 22
13 14 7 29
13 15 1 20
13 16 8 3
13 19 4 27
13 22 1 18
13 25 4 6
13 27 9 14
14 1 34 3
14 2 14 11
14 4 2 24
14 5 40 8
14 7 80 1
14 8 1 5
14 10 82 1
14 11 1 5
14 15 24 1
14 23 1 16
15 7 2 1
15 8 1 9
15 9 5 2
15 10 5 29
15 11 19 23
15 12 34 4
15 13 2 15
15 14 1 7
15 22 1 14
15 25 5 6
15 27 1 1
16 0 2 7
16 1 10 1
16 2 2 18
16 3 39 1
16 4 27 4
16 5 15 29
16 7 67 3
16 8 145 1
16 9 74 7
16 17 15 9
16 18 21 20
16 22 5 3
16 24 29 16
17 0 8 2
17 1 1 16
17 2 20 6
17 3 14 2
17 4 17 2
17 5 10 5
17 6 29 1
17 7 90 2
17 8 148 1
17 10 87 3
17 11 20 2
17 12 102 9
17 13 5 23
17 14 2 27
17 16 3 17
17 18 3 26
17 20 4 24
18 0 2 6
18 1 1 5
18 4 68 1
18 7 19 1
18 9 28 17
18 10 149 2
18 16 47 1
18 24 15 2
19 0 23 12
19 6 1 3
19 11 9 2
19 13 4 10
19 17 2 1
19 20 25 6
19 24 5 6
20 0 1 1
20 1 56 1
20 3 5 1
20 4 61 1
20 5 11 7
20 7 147 2
20 12 2 13
20 14 6 14
20 18 9 20
20 19 101 4
20 24 4 1
20 27 1 27
21 8 1 11
21 10 1 17
21 17 1 12
22 0 13 14
22 7 7 22
22 10 3 2
22 12 2 26
22 16 22 5
23 0 2 27
23 4 1 13
23 7 95 3
23 8 87 1
23 12 1 7
23 13 1 29
23 14 2 28
23 16 2 20
23 17 2 16
23 22 1 22
23 24 4 23
24 0 111 2
24 1 25 1
24 3 177 1
24 5 194 1
24 8 163 1
24 9 33 2
24 10 2 9
24 15 23 7
24 16 57 1
24 18 9 18
24 21 1 24
25 0 83 3
25 4 24 5
25 7 2 13
25 11 19 1
25 15 2 11
25 17 1 29
25 22 11 15
25 23 1 18
25 24 1 21
25 26 1 5
26 0 3 16
26 9 6 1
26 12 3 16
26 16 12 6
26 17 35 15
26 20 1 23
26 25 2 24
26 27 28 1
27 0 39 3
27 7 5 26
27 20 1 13
27 26 3 17
