0 1 100 1
0 2 97 1
0 3 32 1
0 4 276 5
0 5 36 1
0 6 11 2
0 7 3 28
0 8 73 1
0 11 5 15
0 15 81 2
0 16 63 1
0 20 221 1
0 24 10 1
0 25 38 2
1 0 109 1
1 2 4 17
1 3 172 1
1 4 98 1
1 5 15 20
1 6 300 1
1 7 69 1
1 8 1 4
1 9 23 1
1 10 1 22
1 11 100 1
1 12 163 1
1 16 17 1
1 17 312 1
1 20 212 2
1 24 40 1
1 26 2 13
2 0 4 2
2 1 92 1
2 3 27 1
2 4 91 1
2 7 67 28
2 8 77 1
2 9 100 2
2 10 1 25
2 11 34 1
2 14 4 26
2 17 86 3
2 18 1 29
2 22 1 29
2 23 1 10
3 0 46 1
3 1 14 12
3 2 6 5
3 4 19 9
3 5 26 1
3 6 75 1
3 7 190 1
3 8 60 1
3 10 1 2
3 16 57 1
3 17 14 4
3 23 26 2
3 24 76 1
4 0 265 1
4 1 338 1
4 2 31 1
4 5 122 29
4 6 370 1
4 7 35 1
4 8 288 1
4 9 2 22
4 10 316 4
4 12 10 25
4 13 1 18
4 18 48 1
4 20 3 14
4 21 6 6
4 23 1 16
5 0 143 1
5 1 279 1
5 2 1 19
5 3 28 1
5 4 14 25
5 6 121 24
5 7 1 27
5 8 7 1
5 9 4 1
5 10 2 1
5 11 1 16
5 12 140 1
5 15 19 1
5 16 2 7
5 17 84 1
5 24 22 1
6 1 2 22
6 3 1 5
6 4 3 18
6 5 155 1
6 7 34 1
6 8 9 10
6 9 21 1
6 10 93 1
6 11 4 2
6 13 22 1
6 15 1 10
6 17 1 27
6 20 3 29
6 24 11 2
6 25 1 27
7 1 201 1
7 2 1 19
7 3 323 1
7 5 136 3
7 6 72 1
7 8 2 26
7 9 1 27
7 11 5 7
7 14 1 1
7 15 7 3
7 19 4 1
7 21 1 7
7 22 40 3
7 24 4 11
7 27 142 11
8 0 35 1
8 1 17 1
8 2 7 18
8 3 97 1
8 4 2 9
8 5 298 1
8 6 42 1
8 7 101 21
8 9 1 11
8 10 14 13
8 11 329 1
8 12 1 18
8 14 3 7
8 16 98 1
8 18 40 1
8 19 8 19
8 20 36 2
8 21 1 13
8 22 2 1
8 24 44 1
8 25 107 3
8 26 3 5
8 27 34 21
9 1 1 13
9 2 111 1
9 4 6 6
9 5 87 21
9 6 164 1
9 7 43 2
9 10 30 1
9 12 6 1
9 14 45 2
9 15 101 2
9 17 103 1
9 19 2 15
9 20 1 15
9 23 47 2
9 24 17 24
10 0 17 2
10 1 54 3
10 2 170 1
10 5 15 18
10 6 50 1
10 7 1 26
10 8 7 18
10 9 2 5
10 11 3 11
10 14 11 7
10 15 1 28
10 18 107 1
10 19 3 16
10 20 12 1
10 22 1 21
10 27 1 9
11 1 245 1
11 4 151 1
11 6 100 1
11 8 92 24
11 9 4 20
11 12 3 4
11 14 6 1
11 15 53 13
11 17 157 3
11 19 1 21
11 20 150 1
11 22 61 1
11 24 129 6
11 25 319 1
11 27 65 2
12 0 108 1
12 1 83 3
12 4 79 1
12 5 40 1
12 6 2 22
12 7 1 15
12 8 62 1
12 9 1 13
12 11 15 1
12 14 139 1
12 22 23 26
12 24 15 1
12 25 3 1
13 1 88 15
13 6 1 7
13 7 32 1
13 12 4 1
13 14 1 1
13 20 2 22
13 26 1 6
14 3 1 25
14 7 73 2
14 8 1 21
14 9 1 12
14 10 57 1
14 11 2 21
14 12 2 21
14 15 13 1
14 23 1 27
15 0 54 1
15 2 1 17
15 4 1 21
15 7 1 9
15 11 37 20
15 17 1 26
15 20 2 23
16 0 123 1
16 1 23 1
16 3 30 1
16 4 150 1
16 5 68 1
16 7 65 3
16 8 24 1
16 17 3 3
16 24 49 1
17 1 1 24
17 2 1 2
17 3 12 2
17 6 24 3
17 7 86 1
17 8 141 1
17 10 84 1
17 15 63 3
17 16 5 6
17 20 7 23
17 25 67 7
18 0 1 16
18 1 39 19
18 4 59 11
18 5 3 25
18 6 23 2
18 8 13 1
18 9 1 5
18 10 147 3
18 11 21 8
18 16 37 1
18 17 84 2
18 22 1 6
19 0 49 3
19 1 22 11
19 8 23 14
19 9 18 1
20 0 2 4
20 1 52 2
20 3 28 1
20 5 1 5
20 6 2 16
20 7 141 2
20 11 167 1
20 12 28 20
20 15 2 18
20 19 2 15
20 23 1 13
20 24 1 27
21 0 1 3
21 6 1 16
21 7 1 6
21 8 1 2
21 11 1 17
21 17 1 27
22 1 15 7
22 3 2 15
22 7 17 19
22 8 40 4
22 18 2 1
22 23 5 7
23 1 2 21
23 9 1 4
23 13 6 20
23 15 26 3
23 16 4 7
23 17 1 2
23 24 4 26
23 25 2 18
24 0 103 2
24 1 52 1
24 2 3 24
24 3 59 1
24 4 1 13
24 5 43 1
24 7 1 18
24 8 87 1
24 9 31 4
24 12 1 8
24 14 1 7
24 16 13 1
25 3 22 2
25 5 1 18
25 6 6 7
25 8 1 23
25 11 4 1
25 20 1 5
25 27 2 9
26 10 3 11
26 17 1 29
26 18 1 3
26 23 1 11
26 27 22 2
27 2 1 29
27 6 20 1
27 7 1 16
27 16 2 6
27 22 1 19
27 26 11 6
