0 1 9 3
0 2 81 1
0 3 7 23
0 5 6 15
0 6 6 3
0 7 1 28
0 8 6 9
0 10 104 1
0 11 1 16
0 15 79 2
0 16 11 13
0 17 7 2
0 18 1 6
0 19 86 1
0 20 209 1
0 24 5 11
1 0 10 20
1 2 5 15
1 3 3 3
1 4 103 1
1 5 6 6
1 6 21 1
1 8 6 19
1 11 91 2
1 16 5 11
1 17 276 1
1 19 1 1
1 22 3 13
1 24 5 15
1 26 9 16
1 27 17 10
2 0 41 1
2 1 46 1
2 3 93 1
2 4 79 1
2 7 2 17
2 8 40 1
2 10 185 28
2 11 28 1
2 14 2 9
2 17 1 20
2 20 5 6
2 23 1 13
3 0 6 9
3 1 7 22
3 2 10 18
3 5 6 14
3 6 64 1
3 7 86 1
3 8 62 21
3 9 90 1
3 11 2 15
3 16 5 24
3 20 2 9
3 23 26 7
3 24 6 9
3 26 2 18
4 0 252 1
4 1 282 1
4 2 23 2
4 3 20 27
4 5 39 1
4 6 334 1
4 7 29 2
4 8 68 1
4 9 13 25
4 12 2 22
4 16 1 11
4 17 272 3
4 18 106 1
4 19 1 23
4 20 14 22
4 21 6 1
4 23 4 7
5 0 4 6
5 1 6 2
5 2 3 13
5 3 5 25
5 4 3 24
5 6 33 5
5 7 2 22
5 8 9 26
5 9 130 1
5 11 6 4
5 12 132 2
5 14 1 20
5 16 5 7
5 18 105 5
5 19 20 1
5 20 7 1
5 22 2 29
5 24 7 14
5 25 9 14
6 1 26 13
6 2 224 14
6 3 7 23
6 5 186 1
6 7 21 1
6 8 34 24
6 9 5 1
6 10 64 1
6 11 2 21
6 12 1 19
6 15 11 12
6 17 1 21
6 18 24 3
6 20 11 25
6 22 4 1
6 26 28 1
6 27 3 19
7 1 186 1
7 2 45 23
7 3 17 1
7 4 59 1
7 6 53 1
7 8 3 23
7 11 3 16
7 14 194 1
7 15 1 7
7 18 50 1
7 19 2 6
7 20 3 25
7 24 13 20
7 25 1 16
7 27 2 3
8 0 19 5
8 1 3 4
8 2 23 19
8 3 4 22
8 4 8 26
8 5 8 22
8 7 9 18
8 9 4 25
8 10 14 24
8 11 304 1
8 12 1 1
8 13 27 13
8 14 4 28
8 16 5 21
8 18 36 1
8 19 1 29
8 22 3 24
8 24 5 24
8 25 101 2
8 27 2 12
9 1 3 25
9 2 106 3
9 4 9 23
9 5 199 12
9 6 115 1
9 7 36 1
9 8 2 16
9 10 51 1
9 14 38 1
9 15 99 1
9 17 98 1
9 18 128 1
9 20 1 18
9 22 1 8
10 1 49 1
10 2 160 1
10 4 18 7
10 5 40 23
10 6 92 1
10 8 7 7
10 9 12 28
10 11 177 21
10 13 13 22
10 14 207 10
10 16 1 6
10 17 1 15
10 19 17 4
10 21 1 11
10 26 4 9
11 4 145 2
11 7 3 14
11 8 22 29
11 9 1 3
11 10 1 22
11 13 3 24
11 14 94 1
11 15 42 1
11 19 9 27
11 22 56 1
11 23 2 27
11 24 1 14
11 25 281 1
11 27 57 1
12 1 78 3
12 5 33 2
12 6 1 13
12 7 1 15
12 8 55 2
12 9 3 6
12 14 1 3
12 17 121 1
12 18 53 3
12 19 1 21
13 1 88 11
13 3 3 28
13 5 17 15
13 7 28 1
13 9 1 1
13 14 1 28
14 1 29 2
14 4 6 28
14 7 64 1
14 8 1 8
14 9 2 16
14 10 30 1
14 11 1 19
14 12 1 22
14 13 1 4
14 15 48 1
14 16 1 11
14 23 1 19
15 0 51 6
15 1 61 6
15 3 24 1
15 4 1 8
15 5 21 2
15 8 1 13
15 10 1 9
15 11 9 17
15 13 2 18
15 14 1 23
15 17 1 29
15 20 1 19
15 23 3 1
15 24 25 2
16 0 89 10
16 1 6 1
16 3 5 29
16 4 25 3
16 5 6 3
16 8 5 3
16 9 71 2
16 12 1 12
16 17 1 9
16 24 8 3
17 0 2 2
17 1 3 5
17 2 2 27
17 5 1 1
17 6 19 1
17 7 80 2
17 10 79 1
17 11 3 19
17 12 102 1
17 15 62 3
17 16 1 4
17 18 2 25
18 0 2 27
18 1 1 10
18 4 50 1
18 5 4 15
18 6 16 1
18 8 10 1
18 10 145 3
18 15 10 27
18 16 26 1
18 17 79 1
18 24 14 3
19 0 1 10
19 1 5 28
19 17 3 2
19 20 168 1
20 0 1 24
20 1 46 1
20 2 8 2
20 3 22 1
20 4 55 2
20 6 2 14
20 7 133 1
20 15 4 25
20 19 2 26
20 26 45 29
21 6 3 6
21 13 5 26
21 15 3 9
21 24 14 21
22 0 14 7
22 6 2 1
22 7 1 27
22 8 37 2
22 10 1 29
22 11 35 3
22 12 1 9
22 15 3 1
23 3 16 26
23 4 1 26
23 14 2 24
23 19 6 7
23 22 1 14
23 24 1 12
23 26 3 1
24 0 5 16
24 1 10 16
24 3 5 7
24 4 3 27
24 5 8 26
24 6 98 4
24 7 1 2
24 8 6 13
24 16 5 13
25 4 22 1
25 7 1 15
25 8 1 5
25 10 4 15
25 11 382 1
25 12 50 1
25 13 2 7
25 15 3 4
25 16 27 21
25 27 3 21
26 0 54 21
26 1 2 2
26 14 7 14
26 15 9 1
26 21 2 22
26 22 1 21
26 25 1 6
26 27 15 2
27 6 18 3
27 7 2 2
27 8 22 1
27 10 2 22
27 20 1 7
27 25 1 1
27 26 3 15
