0 1 17 11
0 2 60 1
0 3 15 19
0 5 14 28
0 7 1 15
0 8 14 10
0 10 99 2
0 11 1 17
0 16 13 27
0 19 130 1
0 20 200 1
0 24 29 10
0 26 21 9
0 27 17 9
1 0 18 25
1 2 5 10
1 3 11 17
1 4 71 1
1 5 14 10
1 6 219 1
1 7 50 1
1 8 14 27
1 10 41 29
1 14 1 7
1 15 1 29
1 16 18 23
1 17 252 1
1 18 1 13
1 20 206 2
1 22 57 19
1 23 1 4
1 24 13 24
1 25 4 27
2 0 32 1
2 1 22 1
2 3 9 1
2 4 72 1
2 5 11 1
2 6 41 14
2 7 1 20
2 8 21 1
2 9 91 1
2 11 23 1
2 24 1 26
2 26 1 17
3 0 27 9
3 1 119 11
3 2 1 22
3 4 1 10
3 5 13 5
3 6 56 1
3 7 156 1
3 8 19 2
3 10 3 20
3 15 1 19
3 16 13 15
3 17 9 1
3 20 1 8
3 22 8 13
3 24 13 17
4 0 243 1
4 1 244 1
4 2 19 1
4 3 7 7
4 5 24 20
4 6 308 1
4 7 25 4
4 8 55 16
4 9 28 4
4 10 309 3
4 12 1 5
4 16 2 10
4 17 270 2
4 18 91 1
4 19 50 15
4 23 2 22
4 25 50 4
5 0 13 9
5 1 19 5
5 3 20 8
5 4 1 26
5 6 284 1
5 7 2 1
5 8 17 1
5 9 4 2
5 11 47 16
5 16 14 25
5 17 75 3
5 18 104 5
5 21 8 1
5 24 13 24
6 1 3 11
6 2 7 17
6 3 19 27
6 4 1 20
6 5 283 1
6 7 13 1
6 8 17 21
6 10 48 1
6 11 1 10
6 12 2 22
6 14 2 29
6 15 2 15
6 17 2 19
6 20 3 28
6 23 7 1
6 24 2 23
6 25 4 2
6 27 3 24
7 1 175 1
7 2 2 9
7 3 268 1
7 4 54 1
7 5 133 3
7 6 41 1
7 8 6 23
7 9 1 25
7 11 28 26
7 15 6 4
7 17 187 2
7 18 48 1
7 19 37 13
7 20 2 22
7 22 35 2
7 23 144 1
7 24 3 6
7 25 3 4
8 0 13 18
8 1 11 21
8 2 4 10
8 3 11 27
8 4 27 4
8 5 158 21
8 6 5 23
8 7 8 11
8 9 4 13
8 10 7 28
8 11 286 1
8 12 86 29
8 13 54 4
8 14 3 29
8 16 13 23
8 19 1 9
8 20 2 20
8 22 1 20
8 24 14 24
8 25 97 2
9 2 103 2
9 4 2 2
9 5 112 3
9 6 86 1
9 7 32 1
9 8 1 1
9 10 179 1
9 11 2 2
9 13 96 13
9 14 34 1
9 16 1 21
9 17 94 2
9 20 1 15
9 24 4 23
9 26 3 23
10 1 8 1
10 2 149 1
10 4 3 6
10 5 5 3
10 6 118 1
10 7 2 12
10 8 7 21
10 9 6 11
10 11 6 8
10 13 4 10
10 14 3 25
10 18 100 2
10 21 2 21
10 22 1 8
10 23 24 25
10 25 4 3
10 27 3 9
11 1 234 2
11 4 142 1
11 5 104 18
11 6 79 1
11 7 4 14
11 8 15 28
11 9 171 5
11 14 82 1
11 15 11 1
11 17 152 1
11 19 1 29
11 20 144 1
11 21 2 27
11 22 53 2
11 24 7 7
11 25 249 1
11 26 2 9
12 0 103 3
12 3 2 2
12 4 68 1
12 5 29 1
12 8 50 1
12 9 20 22
12 11 10 5
12 14 136 3
12 15 18 1
12 17 120 2
12 20 1 9
12 22 11 13
12 24 13 2
12 27 44 11
13 1 88 3
13 2 1 10
13 3 1 19
13 4 80 1
13 6 4 5
13 7 25 1
13 8 144 1
13 9 5 20
13 11 1 7
13 14 1 17
14 1 27 3
14 3 1 2
14 4 1 2
14 5 36 3
14 7 58 1
14 8 7 13
14 9 5 16
14 10 16 1
14 11 1 6
14 12 1 14
14 15 38 1
14 16 1 1
14 17 52 4
14 20 1 4
14 23 1 11
14 24 1 15
15 1 60 1
15 2 26 13
15 3 6 1
15 4 2 23
15 5 20 1
15 7 6 27
15 8 1 4
15 9 3 1
15 10 27 23
15 11 11 12
15 14 3 29
15 20 5 9
15 22 1 11
15 24 23 1
15 25 6 20
16 0 14 20
16 1 13 18
16 3 14 14
16 4 22 1
16 5 13 14
16 8 23 13
16 9 69 2
16 15 28 4
16 17 5 17
16 24 26 26
17 0 1 4
17 1 2 8
17 2 31 24
17 4 7 1
17 5 3 18
17 7 76 1
17 8 127 1
17 11 1 1
17 16 2 14
17 18 1 24
17 22 41 11
18 0 1 22
18 1 1 15
18 2 1 22
18 3 16 14
18 4 198 1
18 6 1 27
18 8 8 5
18 11 18 3
18 15 1 3
18 19 1 11
18 25 37 12
19 0 1 3
19 6 5 19
19 9 15 6
19 16 3 2
19 20 19 1
19 23 1 29
19 24 1 12
19 25 5 2
19 26 10 19
20 0 13 24
20 1 43 1
20 3 18 1
20 5 1 6
20 6 29 19
20 8 6 1
20 10 1 29
20 11 164 1
20 12 25 9
20 15 2 22
20 19 54 12
20 22 34 2
20 24 1 26
20 26 5 14
21 8 1 7
21 12 11 1
21 17 5 24
21 20 39 22
22 0 2 7
22 4 59 3
22 5 6 1
22 8 35 1
22 10 1 27
22 11 32 1
23 1 1 17
23 8 83 1
23 14 9 1
23 21 2 14
23 24 11 19
23 26 3 8
24 0 26 13
24 1 51 9
24 3 29 19
24 5 14 11
24 7 4 15
24 8 13 10
24 9 28 2
24 10 2 13
24 11 129 2
24 16 18 15
24 18 1 29
24 21 3 14
24 23 13 1
25 4 21 1
25 5 1 1
25 7 14 26
25 11 354 1
25 12 49 1
25 16 1 28
25 18 1 27
25 20 2 7
25 27 1 14
26 7 61 4
26 9 4 2
26 14 1 29
26 23 1 19
27 3 1 18
27 5 10 29
27 7 2 9
27 24 30 1
