0 1 54 25
0 2 61 1
0 3 79 6
0 5 41 28
0 7 26 7
0 8 44 25
0 11 2 24
0 16 57 29
0 17 3 14
0 19 73 1
0 20 189 1
0 21 35 14
0 24 16 26
0 26 1 10
0 27 1 27
1 0 32 27
1 2 47 5
1 3 24 8
1 4 61 1
1 5 87 24
1 6 177 1
1 7 41 2
1 8 16 29
1 10 14 3
1 15 1 25
1 16 107 25
1 17 221 1
1 24 53 21
2 0 164 1
2 1 4 1
2 3 26 1
2 4 62 1
2 6 40 9
2 7 1 23
2 8 5 1
2 9 87 1
2 11 18 2
2 16 1 17
2 20 2 2
2 25 1 29
3 0 46 27
3 1 34 5
3 2 50 23
3 4 16 22
3 5 101 9
3 6 47 2
3 7 114 1
3 8 14 16
3 9 83 2
3 10 19 24
3 11 1 19
3 14 9 12
3 16 16 9
3 17 6 5
3 18 33 2
3 24 35 1
3 25 17 6
4 0 231 1
4 1 198 1
4 2 13 3
4 3 8 24
4 5 2 21
4 6 275 1
4 7 21 1
4 8 263 1
4 9 15 8
4 11 167 1
4 12 1 9
4 13 5 4
4 15 2 19
4 16 2 12
4 17 265 1
4 18 137 1
4 23 3 22
4 27 68 13
5 0 45 15
5 1 16 26
5 3 35 15
5 4 1 29
5 6 191 1
5 7 1 27
5 8 124 15
5 9 114 1
5 11 1 13
5 12 119 2
5 14 9 24
5 16 17 16
5 24 24 2
6 0 1 10
6 1 3 2
6 4 430 1
6 5 194 1
6 7 6 1
6 8 78 15
6 10 30 1
6 11 79 4
6 13 15 1
6 14 14 23
6 17 4 13
6 18 26 19
6 20 21 7
6 21 26 7
6 25 5 14
6 26 26 3
6 27 2 13
7 0 1 11
7 1 162 1
7 2 2 6
7 3 226 1
7 4 48 2
7 6 28 1
7 8 4 11
7 11 61 1
7 15 12 9
7 19 12 22
7 20 4 19
7 22 33 1
7 24 1 25
7 25 1 21
8 0 16 14
8 1 14 23
8 2 8 29
8 3 108 15
8 4 96 17
8 5 18 9
8 6 10 2
8 7 29 29
8 9 28 29
8 10 7 24
8 11 263 1
8 12 6 16
8 13 4 4
8 15 34 19
8 16 16 16
8 18 30 1
8 19 2 5
8 20 4 27
8 24 16 20
8 25 92 1
8 27 2 27
9 1 3 8
9 2 98 2
9 4 1 13
9 5 147 1
9 6 54 1
9 7 26 2
9 8 1 13
9 10 36 1
9 11 1 27
9 14 28 2
9 18 122 2
9 21 71 15
9 22 1 17
9 27 41 5
10 2 137 1
10 4 1 17
10 5 148 25
10 6 26 1
10 7 5 4
10 8 7 9
10 9 13 8
10 12 1 12
10 13 231 11
10 15 1 27
10 25 2 1
11 1 228 2
11 5 83 1
11 6 69 1
11 7 22 10
11 8 2 18
11 9 3 16
11 10 1 18
11 13 1 24
11 14 70 1
11 15 207 1
11 18 1 10
11 23 1 20
11 24 138 12
11 25 210 1
11 27 46 1
12 2 40 14
12 4 62 2
12 5 23 1
12 6 1 24
12 9 1 1
12 11 8 6
12 13 2 27
12 14 133 1
13 4 79 1
13 8 139 2
13 11 4 7
13 14 4 18
13 23 6 11
13 27 9 1
14 7 51 1
14 8 98 18
14 9 14 28
14 11 17 19
14 12 6 24
14 15 26 1
14 22 6 14
14 25 25 2
15 0 47 4
15 1 57 5
15 2 2 1
15 3 22 2
15 4 28 13
15 7 8 14
15 8 1 8
15 10 44 17
15 11 19 10
15 12 24 4
15 14 3 8
15 20 1 25
15 24 22 1
15 25 5 14
16 0 16 7
16 1 52 25
16 2 1 25
16 3 73 1
16 5 72 24
16 7 59 7
16 8 48 4
16 10 1 25
16 17 6 5
16 18 1 6
16 22 5 11
16 24 31 11
17 1 7 6
17 7 71 3
17 8 119 1
17 10 71 1
17 11 2 8
17 13 1 1
17 14 67 4
17 16 3 13
17 18 7 17
17 20 1 9
17 22 40 14
17 23 45 18
18 3 16 17
18 4 177 1
18 5 11 28
18 6 119 21
18 8 6 8
18 10 141 7
18 14 30 2
18 17 69 1
18 25 37 4
19 0 5 28
19 1 2 2
19 6 1 14
19 12 44 5
19 18 1 2
19 20 269 1
19 24 1 21
20 0 1 24
20 1 38 2
20 3 13 1
20 5 2 15
20 7 121 1
20 10 1 5
20 15 4 2
20 18 1 18
20 19 9 13
20 23 2 28
20 25 1 12
20 26 6 18
21 8 1 19
21 14 3 19
21 15 1 13
21 24 13 24
22 0 2 8
22 7 1 3
22 12 5 25
22 14 9 1
22 15 2 3
23 4 1 25
23 7 2 29
23 8 80 2
23 9 1 16
23 12 3 4
23 18 29 24
23 20 36 22
23 21 2 3
24 0 22 5
24 1 16 3
24 3 16 11
24 4 1 7
24 5 16 10
24 8 77 27
24 9 26 2
24 10 1 27
24 11 8 1
24 14 1 17
24 15 18 1
24 16 16 13
24 20 6 1
24 21 3 13
25 0 77 3
25 3 11 2
25 8 8 12
25 10 1 13
25 11 316 1
25 12 48 2
25 27 5 3
26 0 3 29
26 3 1 13
26 4 1 24
26 6 2 21
26 7 59 1
26 14 1 28
26 23 1 24
26 25 3 25
27 3 1 29
27 4 1 7
27 6 16 3
27 7 11 6
27 18 17 1
27 22 1 29
27 24 29 1
27 25 1 16
