0 1 16 1
0 2 40 1
0 3 59 17
0 5 223 1
0 7 1 6
0 8 294 1
0 9 61 2
0 10 80 2
0 16 23 1
0 17 1 7
0 18 5 8
0 19 157 1
0 20 164 1
0 24 37 1
0 25 28 1
1 0 35 24
1 2 22 16
1 3 14 1
1 4 28 1
1 5 76 20
1 6 103 1
1 8 6 6
1 9 2 1
1 12 146 3
1 16 24 1
1 17 157 1
1 19 151 3
1 20 195 1
1 22 3 2
1 23 73 22
1 24 36 1
1 26 40 29
2 0 19 1
2 1 2 13
2 3 1 17
2 4 43 2
2 6 6 1
2 7 73 11
2 8 1 27
2 9 76 2
2 10 25 2
2 13 4 9
2 17 1 29
2 24 2 18
3 0 47 26
3 1 44 22
3 2 38 1
3 4 49 20
3 5 24 1
3 6 30 1
3 7 61 1
3 8 369 23
3 10 13 28
3 11 5 10
3 14 1 20
3 16 65 1
3 18 30 1
3 20 99 12
3 24 137 3
4 0 203 1
4 1 109 1
4 2 5 1
4 3 1 17
4 6 205 1
4 8 254 1
4 9 9 23
4 11 158 1
4 12 48 22
4 16 136 10
4 17 251 1
4 18 121 1
4 21 3 22
4 27 67 7
5 0 20 27
5 1 55 3
5 3 53 1
5 6 131 1
5 8 36 11
5 9 206 7
5 10 1 9
5 11 1 20
5 12 103 1
5 14 4 17
5 16 3 25
5 17 62 1
5 20 3 19
5 24 54 20
6 0 1 17
6 1 3 27
6 2 283 22
6 3 2 27
6 4 86 1
6 5 36 6
6 8 52 19
6 9 2 21
6 10 5 1
6 11 2 24
6 12 1 25
6 13 11 1
6 14 1 12
6 18 1 12
6 20 2 13
6 21 24 4
6 25 9 11
7 0 22 23
7 1 133 1
7 2 1 22
7 3 138 1
7 4 36 2
7 5 127 2
7 6 8 1
7 8 75 11
7 10 1 26
7 11 6 28
7 15 19 25
7 19 1 10
7 20 9 6
7 22 27 3
7 23 137 16
7 24 1 21
7 26 79 1
8 0 25 1
8 1 47 11
8 2 94 14
8 3 1 29
8 4 7 18
8 5 94 7
8 6 18 10
8 7 2 10
8 9 4 5
8 10 128 8
8 11 214 1
8 12 2 17
8 13 3 23
8 14 1 2
8 16 40 1
8 17 1 4
8 19 2 11
8 20 3 12
8 21 2 2
8 22 4 24
8 23 1 13
8 24 21 23
8 26 92 14
9 2 88 1
9 4 3 28
9 5 6 18
9 6 9 1
9 7 16 2
9 8 1 13
9 10 388 1
9 11 1 4
9 12 1 8
9 13 91 2
9 16 1 15
9 22 56 12
9 23 39 2
9 24 3 13
10 0 5 1
10 1 247 28
10 2 120 14
10 4 43 29
10 5 103 14
10 6 13 1
10 7 1 15
10 8 5 26
10 9 4 3
10 11 250 27
10 12 1 26
10 13 1 27
10 14 11 1
10 15 3 17
10 16 2 9
10 17 1 28
10 18 90 2
10 24 171 2
10 26 1 6
10 27 8 21
11 7 64 29
11 8 1 28
11 9 3 25
11 10 7 6
11 13 1 14
11 14 40 2
11 15 189 1
11 20 131 2
11 24 1 10
11 25 127 1
11 27 33 2
12 0 96 4
12 2 1 13
12 3 1 16
12 4 50 2
12 7 1 26
12 8 33 2
12 9 2 28
12 13 1 2
12 14 124 3
12 18 45 8
12 19 7 8
12 23 61 2
12 26 39 2
13 6 2 20
13 8 128 3
13 9 6 10
13 15 1 6
13 22 4 1
14 7 36 1
14 11 2 16
14 13 3 15
14 18 36 1
14 23 19 20
15 1 52 6
15 2 26 15
15 7 4 2
15 8 4 3
15 10 2 19
15 11 1 29
15 13 2 2
15 14 1 9
15 16 32 17
15 25 5 9
16 0 87 1
16 1 140 1
16 2 1 5
16 3 163 1
16 4 15 2
16 5 54 13
16 8 212 20
16 9 64 1
16 11 47 3
16 13 22 3
16 17 2 16
16 22 4 3
16 24 107 9
17 1 10 14
17 2 10 6
17 5 1 6
17 6 4 4
17 7 61 3
17 8 103 1
17 12 98 4
17 13 28 29
17 16 2 6
17 21 28 17
17 25 63 6
18 0 1 16
18 1 2 18
18 4 144 1
18 10 137 1
18 19 6 12
18 20 89 5
19 0 2 20
19 1 1 6
19 7 34 11
19 8 1 4
19 10 1 20
19 20 238 1
19 25 4 10
20 0 15 3
20 1 29 2
20 4 44 1
20 5 1 15
20 6 1 17
20 7 106 1
20 9 2 2
20 15 11 28
20 16 69 2
20 18 44 23
20 19 4 26
20 25 1 26
21 4 2 1
21 6 4 10
21 7 11 8
21 12 5 7
21 14 10 22
21 23 16 4
21 25 1 27
22 1 56 8
22 5 6 2
22 7 21 26
22 8 27 4
22 21 1 9
22 24 1 17
23 0 2 16
23 8 74 2
23 10 1 4
23 12 22 29
23 15 18 5
23 24 15 15
24 0 43 1
24 1 59 26
24 3 37 1
24 5 20 7
24 6 91 2
24 7 11 28
24 8 22 2
24 10 1 20
24 11 194 4
24 12 27 28
24 14 4 16
24 16 8 1
24 18 1 18
24 26 1 3
25 0 73 2
25 5 2 8
25 7 9 28
25 8 24 28
25 10 173 17
25 11 229 1
25 13 1 21
25 15 1 27
25 16 1 23
25 17 2 24
25 18 7 18
25 21 1 5
25 26 1 19
25 27 1 26
26 6 2 3
26 7 53 3
26 25 1 1
27 3 10 1
27 6 13 1
27 8 15 4
27 14 23 20
27 15 1 28
27 20 1 22
27 21 1 23
27 25 2 11
27 26 1 24
