0 1 7 6
0 2 13 2
0 4 273 1
0 5 1 14
0 7 5 6
0 8 1 18
0 15 64 1
0 16 1 26
0 17 1 10
0 18 1 15
0 19 95 1
0 22 7 8
0 24 44 5
0 27 2 2
1 0 12 6
1 5 1 1
1 6 14 1
1 7 6 2
1 10 30 2
1 14 1 16
1 17 69 1
1 19 15 2
1 20 180 1
1 24 1 17
2 0 110 1
2 1 24 2
2 3 30 19
2 4 19 1
2 6 213 1
2 8 5 1
2 13 4 22
2 17 3 24
2 18 2 29
2 21 1 27
3 0 3 18
3 1 2 4
3 2 14 1
3 4 52 6
3 5 14 10
3 6 10 1
3 7 12 1
3 8 127 17
3 9 62 2
3 10 4 25
3 11 1 15
3 16 4 8
4 0 156 1
4 1 16 1
4 3 4 21
4 5 300 1
4 6 102 1
4 8 210 1
4 9 119 5
4 12 1 1
4 13 1 5
4 16 1 12
4 17 224 2
4 18 99 1
4 23 2 1
4 25 40 1
5 0 1 12
5 2 7 5
5 4 58 1
5 6 19 20
5 7 21 14
5 8 3 1
5 9 37 5
5 10 1 9
5 11 17 14
5 12 75 2
5 14 5 29
5 16 1 5
5 18 87 1
6 0 1 4
6 1 3 28
6 2 263 1
6 4 405 1
6 5 12 10
6 7 1 19
6 8 3 17
6 9 3 29
6 10 1 18
6 11 6 19
6 13 5 1
6 14 1 20
6 16 15 6
6 17 1 13
6 18 16 20
6 25 1 2
6 27 9 23
7 0 7 5
7 1 90 1
7 2 6 2
7 3 32 1
7 5 123 1
7 8 136 7
7 10 1 5
7 11 143 1
7 15 3 9
7 16 39 4
7 22 19 5
7 23 3 3
7 24 2 14
7 25 4 10
7 26 70 3
8 1 85 23
8 2 11 14
8 4 3 27
8 5 382 27
8 6 12 25
8 7 104 20
8 9 5 21
8 10 397 3
8 11 138 1
8 12 16 2
8 13 25 15
8 14 72 27
8 15 25 3
8 19 16 25
8 22 4 9
8 23 3 13
8 24 1 28
8 25 63 2
8 27 2 10
9 1 1 8
9 2 71 3
9 4 29 13
9 5 25 1
9 6 2 26
9 8 6 20
9 10 24 1
9 11 10 12
9 12 1 24
9 15 77 2
9 17 66 1
9 18 101 4
9 19 1 9
9 22 4 21
9 24 2 10
9 26 1 23
9 27 34 3
10 1 27 1
10 2 85 1
10 4 9 14
10 6 35 1
10 7 31 16
10 8 3 9
10 9 14 10
10 11 19 1
10 12 1 25
10 13 260 1
10 14 375 1
10 15 9 9
10 17 161 25
10 18 79 1
10 19 3 3
10 21 1 26
10 22 1 22
10 23 7 12
10 24 160 4
11 0 12 2
11 1 191 1
11 4 108 2
11 6 23 1
11 7 20 2
11 8 49 1
11 9 1 15
11 10 13 29
11 14 8 1
11 15 130 1
11 17 131 1
11 19 2 8
11 20 115 3
11 21 2 14
11 22 27 4
11 23 49 3
11 25 29 1
11 27 16 1
12 4 33 2
12 7 2 10
12 8 18 2
12 10 1 26
12 13 158 1
12 14 108 1
12 15 16 2
12 17 109 8
12 22 1 7
13 3 5 9
13 5 12 16
13 6 1 22
13 7 8 2
13 8 110 1
13 10 80 2
13 12 1 29
13 18 1 22
13 24 1 1
13 25 16 1
14 2 5 1
14 4 1 6
14 5 26 1
14 7 17 1
14 8 12 3
14 9 1 5
14 10 23 2
14 11 21 29
14 12 1 12
14 13 14 5
14 17 42 7
14 23 19 15
14 25 18 1
15 1 44 1
15 2 24 21
15 3 16 6
15 4 1 12
15 7 45 1
15 10 62 18
15 11 28 1
15 14 10 3
15 17 2 20
15 18 9 5
15 24 13 6
15 25 1 12
15 26 2 20
16 0 1 4
16 3 1 24
16 5 1 7
16 8 5 28
16 10 1 16
16 11 1 19
16 12 4 11
16 14 34 6
16 17 24 8
16 18 193 1
16 21 18 7
16 24 1 15
16 27 21 19
17 0 1 26
17 1 5 26
17 2 2 26
17 5 2 8
17 7 46 1
17 13 11 14
17 14 9 20
17 15 55 2
17 16 4 7
17 20 7 19
18 0 1 15
18 1 2 16
18 4 16 1
18 5 1 14
18 20 87 13
19 0 5 3
19 1 1 5
19 6 1 2
19 20 161 1
19 23 5 9
19 26 9 25
20 0 3 15
20 1 16 3
20 11 150 2
20 12 1 12
20 14 1 4
20 19 174 1
21 5 1 12
21 7 4 14
21 10 16 16
21 14 2 3
21 20 1 8
22 4 53 1
22 5 1 7
22 6 79 7
22 7 21 26
22 12 3 4
22 20 2 22
22 24 2 3
22 27 2 25
23 0 3 6
23 1 59 22
23 4 11 6
23 8 65 2
23 10 5 3
23 12 1 19
23 14 6 1
23 19 1 23
23 20 5 22
23 22 2 23
23 24 3 11
23 26 1 27
24 1 1 8
24 3 1 24
24 5 1 28
24 6 83 4
24 7 4 16
24 8 50 8
24 10 7 29
24 11 99 1
24 15 9 10
25 3 12 2
25 4 12 1
25 7 1 10
25 8 1 22
25 11 97 1
25 13 4 11
25 16 28 6
25 18 1 7
25 22 10 25
25 26 3 6
26 22 1 15
27 3 1 27
27 10 2 23
27 11 1 1
27 13 8 2
27 15 15 25
27 24 25 1
27 26 1 18
