0 1 16 22
0 2 4 1
0 3 11 14
0 5 23 26
0 7 1 26
0 8 12 22
0 10 56 1
0 11 4 17
0 15 61 3
0 16 19 12
0 17 65 9
0 18 1 7
0 19 80 1
0 20 113 1
0 23 62 7
0 24 11 9
0 25 19 1
1 0 12 17
1 2 159 24
1 3 19 7
1 5 12 25
1 7 3 3
1 8 11 6
1 10 25 1
1 11 38 1
1 12 129 3
1 15 1 7
1 16 11 3
1 17 50 1
1 20 175 2
1 21 1 15
1 23 3 9
1 24 12 12
2 0 101 1
2 1 5 10
2 3 5 22
2 6 197 4
2 7 5 15
2 8 31 9
2 9 55 1
2 10 19 2
2 12 1 19
2 17 3 18
2 18 2 18
2 25 2 4
2 26 3 17
3 0 71 18
3 1 13 24
3 2 43 1
3 5 11 18
3 8 10 20
3 9 58 2
3 10 49 27
3 11 7 25
3 16 20 17
3 18 23 1
3 20 1 19
3 22 8 6
3 24 11 19
4 0 144 1
4 1 5 1
4 3 30 17
4 5 121 1
4 6 79 1
4 8 192 1
4 9 1 9
4 10 257 1
4 11 137 1
4 12 1 29
4 14 114 1
4 17 216 2
4 18 83 1
4 22 18 8
5 0 13 20
5 1 11 3
5 3 11 10
5 4 202 1
5 6 14 17
5 7 1 5
5 8 13 11
5 9 18 1
5 10 1 16
5 11 1 29
5 12 68 2
5 14 1 19
5 16 86 10
5 17 43 1
5 18 84 1
5 24 20 5
6 0 1 22
6 1 9 9
6 2 250 1
6 3 1 26
6 4 381 1
6 5 48 20
6 7 1 2
6 8 258 22
6 9 7 3
6 10 1 26
6 11 1 7
6 12 6 6
6 13 4 1
6 14 20 12
6 17 2 26
6 20 8 21
6 21 19 5
7 0 16 5
7 1 80 1
7 3 16 1
7 5 115 1
7 8 4 10
7 9 168 3
7 10 3 23
7 11 5 13
7 14 129 1
7 15 1 17
7 17 154 2
7 18 30 1
7 19 21 27
7 20 1 7
7 22 18 1
7 23 130 2
7 24 1 4
7 25 1 3
7 26 68 1
8 0 12 23
8 1 15 1
8 2 1 16
8 3 37 1
8 4 16 26
8 5 18 13
8 6 8 19
8 7 9 1
8 9 2 28
8 11 120 1
8 12 1 7
8 13 11 6
8 15 126 1
8 16 12 26
8 17 1 23
8 20 5 25
8 22 25 7
8 23 3 3
8 24 12 22
8 25 59 1
9 1 1 2
9 2 67 2
9 3 1 3
9 4 35 10
9 5 4 1
9 6 3 22
9 8 22 18
9 10 238 1
9 11 2 5
9 12 11 6
9 13 81 1
9 14 3 3
9 16 39 13
9 17 62 3
9 18 98 1
9 19 4 13
9 24 1 4
9 26 1 7
10 1 230 1
10 2 74 1
10 4 5 17
10 5 5 29
10 6 21 1
10 7 7 14
10 8 7 22
10 9 4 26
10 11 118 1
10 12 1 14
10 14 342 1
10 15 4 15
10 22 3 21
10 24 157 2
10 27 5 13
11 1 184 1
11 3 7 25
11 5 91 2
11 6 17 2
11 7 17 14
11 8 5 6
11 9 1 7
11 10 3 4
11 13 32 9
11 14 3 2
11 15 84 1
11 18 2 12
11 19 1 15
11 20 111 1
11 23 69 2
11 25 14 1
11 27 13 1
12 2 80 4
12 3 17 1
12 7 4 13
12 8 15 1
12 9 80 1
12 10 1 15
12 13 150 1
12 22 63 4
12 23 52 1
12 24 7 1
13 4 71 2
13 8 104 2
13 9 47 12
13 10 75 28
13 12 3 28
13 14 17 25
13 15 7 25
14 0 11 16
14 1 12 1
14 2 4 1
14 3 1 21
14 5 24 4
14 6 2 23
14 7 13 1
14 8 4 3
14 9 9 17
14 10 3 15
14 11 1 24
14 13 1 15
14 15 1 19
14 22 1 26
14 25 16 10
14 26 7 15
15 4 2 15
15 5 13 12
15 7 10 8
15 11 50 16
15 12 10 4
15 14 1 15
15 20 1 19
15 22 3 16
15 25 3 11
16 0 12 10
16 1 12 7
16 3 45 18
16 4 1 25
16 5 12 16
16 7 47 1
16 8 11 10
16 12 3 19
16 17 1 29
16 18 45 1
16 24 11 21
16 25 21 16
17 0 1 8
17 1 2 20
17 4 1 20
17 5 2 6
17 7 42 1
17 8 72 1
17 10 44 2
17 11 1 7
17 12 94 1
17 16 2 25
17 19 1 17
17 21 29 26
18 0 1 14
18 1 1 7
18 4 77 1
18 10 125 3
18 13 2 11
18 17 39 1
18 19 2 22
18 20 87 6
18 22 2 22
19 1 1 19
19 3 2 19
19 4 1 29
19 6 10 18
19 7 27 1
19 8 4 23
19 12 39 18
19 18 2 23
19 20 126 1
19 24 5 24
19 27 13 1
20 0 2 16
20 5 1 21
20 6 17 9
20 10 1 22
20 13 19 5
20 14 1 3
20 19 158 1
20 25 1 23
21 8 2 2
21 9 6 4
21 12 1 2
22 2 11 1
22 12 3 25
23 3 18 24
23 4 9 13
23 8 62 2
23 11 216 3
23 12 46 5
23 16 1 23
23 18 29 14
24 0 12 13
24 1 11 3
24 3 11 23
24 5 47 19
24 8 12 21
24 10 1 25
24 11 156 1
24 12 4 13
24 14 5 8
24 16 15 2
24 21 3 18
25 4 11 12
25 7 1 7
25 9 83 3
25 11 69 1
25 16 1 27
25 20 1 27
25 26 1 5
26 11 4 7
26 12 1 23
26 16 9 18
26 17 40 27
26 22 1 27
26 25 2 7
27 1 1 19
27 2 20 5
27 6 8 13
27 12 1 9
27 16 1 5
27 20 5 29
27 24 24 5
27 25 1 16
27 26 6 14
