0 1 15 12
0 2 3 1
0 3 299 4
0 4 22 1
0 5 154 25
0 8 13 29
0 10 55 2
0 11 6 20
0 16 12 2
0 17 5 3
0 18 32 7
0 19 79 1
0 20 112 1
0 24 19 4
0 25 19 4
0 26 1 18
1 0 13 19
1 2 5 1
1 3 20 27
1 4 1 24
1 5 14 9
1 6 3 2
1 8 444 29
1 10 24 15
1 11 37 1
1 14 1 4
1 15 6 19
1 16 19 26
1 17 49 1
1 18 196 5
1 19 143 1
1 22 5 20
1 23 73 5
1 24 12 3
2 0 100 1
2 1 4 2
2 3 13 2
2 4 13 2
2 6 5 1
2 7 1 12
2 8 3 21
2 9 54 1
2 12 4 14
2 14 6 5
2 18 14 9
2 21 1 2
2 25 4 6
2 27 9 1
3 0 26 3
3 1 13 28
3 2 40 1
3 4 1 9
3 5 13 5
3 6 6 1
3 7 2 1
3 8 24 17
3 11 1 14
3 16 12 28
3 18 23 1
3 24 13 16
3 25 15 2
3 27 1 24
4 0 143 1
4 1 4 2
4 3 15 7
4 5 119 1
4 6 77 1
4 8 191 1
4 9 2 4
4 10 256 1
4 11 136 2
4 12 1 27
4 14 113 13
4 16 22 3
4 18 81 1
4 23 62 24
5 0 12 4
5 1 12 19
5 2 17 26
5 3 12 18
5 4 200 1
5 6 14 16
5 7 22 22
5 8 86 4
5 9 16 1
5 10 2 28
5 11 17 10
5 14 2 29
5 16 12 13
5 17 43 2
5 18 83 4
5 24 26 20
6 0 7 23
6 1 9 7
6 2 249 1
6 3 1 1
6 4 379 1
6 5 15 29
6 7 2 2
6 8 158 1
6 9 3 21
6 10 2 15
6 11 21 5
6 12 8 12
6 13 4 2
6 14 1 3
6 18 2 3
6 19 2 1
6 20 1 20
7 0 13 28
7 1 79 1
7 2 110 20
7 3 15 1
7 4 16 1
7 5 114 1
7 6 1 21
7 8 13 26
7 10 1 27
7 11 280 1
7 14 128 1
7 15 28 2
7 18 30 1
7 19 94 11
7 20 55 21
7 22 17 4
7 24 19 1
7 25 7 4
7 26 68 2
8 0 20 11
8 1 26 5
8 2 11 9
8 3 49 23
8 4 17 10
8 5 10 18
8 6 25 3
8 7 8 1
8 9 5 25
8 10 26 24
8 11 118 1
8 12 8 5
8 13 1 15
8 14 1 23
8 15 125 23
8 16 13 7
8 17 3 3
8 20 8 26
8 21 7 27
8 24 12 25
8 25 58 2
9 0 2 28
9 4 5 11
9 5 3 1
9 6 6 24
9 8 13 24
9 10 234 1
9 11 1 8
9 12 2 18
9 13 81 1
9 18 97 3
9 20 3 19
9 21 66 1
9 25 60 5
9 26 4 11
10 1 229 1
10 2 73 1
10 3 1 12
10 4 155 6
10 5 1 13
10 6 20 1
10 7 1 18
10 8 37 25
10 9 4 26
10 11 116 7
10 12 5 2
10 13 259 1
10 14 340 1
10 15 1 9
10 16 5 24
10 17 1 2
10 18 75 2
10 22 17 12
10 23 6 3
10 26 6 2
10 27 1 12
11 1 183 1
11 2 2 19
11 4 103 2
11 7 9 20
11 9 7 29
11 10 4 23
11 12 1 9
11 13 1 16
11 15 81 1
11 16 2 5
11 17 128 2
11 18 4 21
11 19 1 10
11 20 111 1
11 21 2 23
11 24 354 3
11 25 13 1
11 27 12 1
12 1 44 2
12 3 19 7
12 4 29 1
12 6 4 1
12 7 8 20
12 8 14 4
12 9 79 1
12 10 3 29
12 13 149 1
12 14 103 3
12 17 108 2
12 19 8 11
12 20 5 20
12 23 51 3
12 24 6 19
13 1 85 4
13 3 1 2
13 6 8 13
13 12 7 27
13 14 1 14
13 18 7 22
13 21 6 2
14 1 11 7
14 2 4 2
14 4 1 3
14 6 2 9
14 7 13 1
14 8 1 14
14 9 1 3
14 10 2 23
14 11 1 19
14 12 3 22
14 13 1 27
14 23 8 14
15 4 2 26
15 6 1 10
15 7 2 12
15 8 2 15
15 9 93 1
15 10 3 3
15 11 302 1
15 14 1 1
16 0 12 3
16 1 12 26
16 3 20 23
16 4 135 1
16 5 12 5
16 7 46 2
16 8 32 16
16 10 2 21
16 11 52 5
16 17 1 29
16 18 45 1
16 24 33 6
17 0 1 10
17 1 2 24
17 2 1 15
17 5 2 18
17 7 42 1
17 8 72 1
17 9 1 24
17 11 11 24
17 12 94 5
17 13 11 17
17 14 70 8
17 15 53 2
17 16 1 28
17 18 1 26
17 27 29 2
18 4 76 1
18 5 3 12
18 7 4 7
18 9 37 8
18 15 11 21
18 17 38 2
19 0 2 1
19 1 18 2
19 6 1 28
19 7 26 28
19 17 93 3
19 20 123 1
19 27 13 1
20 0 2 24
20 1 13 5
20 5 1 5
20 7 75 1
20 8 212 4
20 11 14 1
20 19 156 1
20 23 2 3
20 25 2 25
20 27 1 24
21 6 12 24
21 7 4 2
21 11 3 14
22 0 1 15
22 2 11 3
22 8 17 4
22 10 1 21
22 12 5 15
22 21 2 12
22 23 1 3
22 24 5 8
23 7 1 3
23 10 1 22
23 12 1 23
23 22 6 9
23 24 7 7
24 0 12 12
24 1 13 15
24 3 12 4
24 5 12 3
24 7 8 8
24 8 12 5
24 11 154 1
24 12 1 4
24 16 13 2
25 7 2 2
25 8 2 17
25 11 67 1
25 15 1 15
25 22 2 27
25 26 3 24
26 1 1 4
26 4 11 15
26 8 88 1
26 15 5 5
26 20 1 24
26 25 1 10
27 4 4 8
27 25 8 7
27 26 4 26
