0 1 84 15
0 2 27 2
0 3 14 17
0 4 7 1
0 5 17 9
0 7 9 14
0 8 17 18
0 10 52 1
0 11 2 27
0 15 60 1
0 16 17 8
0 17 6 26
0 19 67 1
0 20 104 1
0 24 16 15
0 27 6 10
1 0 16 19
1 2 3 10
1 3 77 19
1 4 1 18
1 5 18 17
1 7 2 1
1 8 54 8
1 9 1 7
1 11 33 3
1 14 4 11
1 15 5 21
1 16 17 28
1 17 37 1
1 19 140 2
1 20 171 2
1 24 74 6
1 25 78 17
1 26 1 19
2 0 90 1
2 1 5 19
2 3 8 6
2 4 10 1
2 6 187 1
2 8 4 11
2 17 4 21
2 20 1 29
3 0 18 20
3 1 34 1
3 2 15 1
3 4 62 18
3 5 55 24
3 6 3 3
3 8 25 18
3 9 55 4
3 10 1 5
3 11 1 12
3 13 3 16
3 16 46 27
3 18 21 7
3 20 1 14
3 23 20 4
3 24 42 29
3 25 37 6
4 0 134 1
4 3 4 21
4 5 97 1
4 6 61 1
4 8 177 1
4 9 1 28
4 10 250 1
4 11 133 1
4 12 1 3
4 15 15 5
4 17 209 2
4 18 69 1
4 24 1 19
5 0 16 29
5 1 225 18
5 3 29 11
5 4 174 1
5 6 16 6
5 7 4 16
5 8 43 20
5 9 3 1
5 10 1 4
5 11 18 4
5 12 62 2
5 16 38 3
5 18 81 2
5 24 44 2
5 25 12 4
6 0 1 22
6 1 190 7
6 2 238 1
6 3 1 12
6 4 26 1
6 5 16 14
6 7 1 13
6 8 144 1
6 9 11 13
6 10 3 9
6 12 3 19
6 14 1 25
6 16 13 1
6 17 1 11
6 18 1 27
6 24 2 26
7 0 3 25
7 1 71 1
7 2 206 1
7 3 6 1
7 5 108 23
7 8 110 1
7 10 29 28
7 11 202 1
7 14 122 1
7 15 1 3
7 17 150 3
7 18 28 3
7 19 1 24
7 20 4 25
7 23 128 1
7 24 2 5
7 25 3 20
7 27 146 1
8 0 300 1
8 1 29 1
8 2 40 12
8 3 16 23
8 4 237 1
8 5 13 2
8 6 31 12
8 7 5 1
8 9 2 16
8 10 57 1
8 11 105 1
8 12 4 25
8 13 37 20
8 14 1 21
8 16 80 16
8 17 2 4
8 20 2 22
8 21 1 29
8 23 1 27
8 24 31 4
8 25 55 1
9 0 1 21
9 1 9 22
9 4 20 28
9 6 5 1
9 7 1 6
9 8 3 24
9 10 192 1
9 11 2 29
9 12 4 5
9 15 71 3
9 17 59 3
9 18 95 1
9 23 30 8
9 24 9 2
9 25 59 1
9 26 1 27
10 1 21 1
10 2 64 1
10 3 3 3
10 4 40 20
10 6 11 2
10 7 17 8
10 8 61 1
10 9 4 19
10 11 110 1
10 12 21 21
10 13 255 1
10 14 40 1
10 15 2 4
10 18 73 2
10 22 1 13
10 24 154 1
10 27 2 19
11 1 178 2
11 3 7 29
11 4 100 1
11 6 13 1
11 7 8 2
11 8 1 28
11 9 2 25
11 10 3 10
11 13 1 8
11 15 52 1
11 16 2 1
11 19 1 1
11 20 107 1
11 21 3 20
11 23 1 6
11 24 1 15
11 25 5 1
12 4 26 1
12 7 1 13
12 8 12 1
12 9 241 1
12 10 1 26
12 13 142 1
12 14 100 1
12 16 70 1
12 17 106 1
12 22 6 29
12 25 1 27
12 26 36 9
12 27 38 9
13 3 4 17
13 8 100 1
13 9 11 20
13 10 156 2
13 11 39 25
13 12 4 15
13 14 3 2
13 15 1 14
13 17 18 5
13 27 7 2
14 3 13 17
14 4 1 24
14 8 1 27
14 9 27 22
14 10 3 2
14 11 1 21
14 13 1 22
14 15 1 21
15 0 30 1
15 3 14 4
15 6 1 18
15 7 2 6
15 8 1 1
15 10 1 28
15 11 267 1
15 12 9 1
15 13 2 11
15 20 4 16
15 23 1 5
15 25 4 5
15 27 23 6
16 0 16 6
16 1 75 1
16 3 18 27
16 4 131 3
16 5 17 19
16 8 30 20
16 9 53 3
16 10 1 10
16 11 2 29
16 15 4 3
16 17 4 28
16 18 36 2
16 19 2 25
16 24 16 17
17 0 2 16
17 1 8 22
17 4 1 19
17 8 67 1
17 10 41 3
17 12 19 23
17 14 1 6
17 15 53 1
17 16 89 26
17 18 4 10
17 20 1 3
17 25 58 9
17 26 7 25
17 27 28 5
18 1 194 20
18 2 2 3
18 4 64 1
18 7 3 1
18 9 113 4
18 13 2 28
18 16 2 16
18 17 35 2
19 0 1 21
19 1 4 29
19 8 35 29
19 20 99 1
20 0 1 5
20 1 11 1
20 6 10 27
20 7 71 1
20 8 210 2
20 10 3 21
20 13 18 19
20 18 1 18
20 19 24 24
20 22 29 1
21 7 4 11
21 8 57 25
21 13 2 7
21 16 1 22
21 22 1 3
22 0 2 8
22 3 3 29
22 7 9 4
22 8 16 1
22 10 17 13
23 6 75 2
23 7 97 12
23 9 1 6
23 11 212 2
23 13 1 20
23 22 4 4
24 0 16 28
24 1 33 25
24 2 1 8
24 3 21 15
24 5 16 28
24 7 1 23
24 8 19 27
24 10 9 6
24 11 88 1
24 12 31 10
24 14 1 12
24 16 30 5
24 26 1 19
25 0 62 5
25 2 1 3
25 3 6 2
25 5 22 15
25 7 59 15
25 9 82 4
25 11 48 1
25 15 3 16
25 27 1 11
26 10 104 1
26 21 2 2
26 23 1 8
26 25 5 3
26 27 1 24
27 2 4 9
27 3 12 21
27 5 1 22
27 9 48 1
27 10 134 19
