0 1 71 18
0 1 393 28
0 2 22 1
0 3 24 24
0 4 267 1
0 5 15 17
0 7 2 5
0 8 48 29
0 9 35 3
0 11 2 1
0 13 56 4
0 16 49 15
0 17 6 15
0 19 59 1
0 20 98 1
0 24 61 9
0 26 1 12
0 27 4 22
1 0 15 17
1 2 119 1
1 3 36 4
1 4 2 23
1 5 17 22
1 8 68 9
1 12 124 1
1 14 6 19
1 15 2 24
1 16 68 13
1 17 28 1
1 18 12 1
1 19 14 1
1 20 168 1
1 21 1 25
1 22 59 15
1 24 45 8
2 0 84 1
2 1 73 22
2 3 4 23
2 4 8 1
2 6 176 3
2 7 17 9
2 8 7 10
2 9 48 1
2 10 59 1
2 12 1 14
2 13 2 29
2 22 14 4
3 0 31 16
3 1 22 9
3 2 1 6
3 4 1 29
3 5 15 26
3 6 2 1
3 8 14 28
3 9 53 1
3 10 1 7
3 11 21 29
3 12 1 2
3 13 1 22
3 15 1 16
3 16 21 7
3 18 21 1
3 20 2 25
3 24 26 16
4 0 126 1
4 3 2 29
4 5 290 1
4 6 50 1
4 7 1 2
4 8 166 1
4 9 1 3
4 10 244 1
4 12 93 18
4 17 204 2
4 18 60 1
4 24 1 24
5 0 15 4
5 1 28 20
5 2 1 12
5 3 27 15
5 4 41 13
5 6 16 4
5 8 50 3
5 10 1 28
5 11 2 14
5 12 58 1
5 13 1 16
5 14 1 11
5 16 117 15
5 17 38 1
5 18 79 2
5 19 13 13
5 22 1 17
5 24 23 22
6 0 1 6
6 1 3 21
6 2 229 1
6 3 43 24
6 4 9 1
6 5 118 12
6 7 6 9
6 8 147 1
6 9 21 9
6 10 2 5
6 11 1 12
6 12 1 23
6 13 2 7
6 15 116 2
6 18 39 2
6 19 1 10
6 20 2 3
6 21 18 1
6 24 2 7
6 25 1 22
7 0 2 11
7 1 65 1
7 2 204 1
7 4 12 2
7 6 2 10
7 8 17 3
7 10 9 12
7 11 183 1
7 14 117 1
7 15 51 26
7 18 27 2
7 19 1 29
7 20 1 10
7 24 2 19
7 25 4 4
7 27 151 7
8 0 41 13
8 1 29 20
8 2 176 1
8 3 37 4
8 4 2 16
8 5 23 9
8 6 273 18
8 7 351 1
8 9 6 27
8 10 76 25
8 10 27 29
8 10 233 22
8 10 233 1
8 11 95 1
8 12 1 7
8 13 25 10
8 14 3 18
8 15 18 1
8 16 15 2
8 19 9 28
8 20 3 3
8 22 7 21
8 24 15 28
9 2 60 3
9 3 1 23
9 4 6 3
9 5 1 7
9 6 6 14
9 8 44 19
9 10 167 1
9 11 1 14
9 12 4 17
9 15 69 2
9 16 1 25
9 19 33 3
9 22 1 7
9 23 30 1
9 24 2 4
9 25 57 7
9 27 32 1
10 1 16 1
10 3 2 12
10 4 1 28
10 6 6 1
10 7 20 11
10 8 25 27
10 9 4 11
10 11 5 1
10 14 17 1
10 15 3 11
10 16 1 22
10 22 15 9
10 24 152 1
10 25 1 26
10 27 23 1
11 0 255 1
11 2 6 2
11 3 1 25
11 6 10 4
11 7 191 18
11 8 1 27
11 10 6 4
11 13 37 28
11 15 34 1
11 17 124 1
11 19 53 24
11 20 105 1
11 22 20 1
11 23 35 19
11 24 348 2
11 25 1 3
11 26 93 2
12 0 83 1
12 1 39 1
12 2 3 8
12 3 1 13
12 4 23 2
12 6 142 21
12 9 234 1
12 10 3 15
12 13 136 2
12 17 105 8
12 21 1 26
12 22 4 25
12 23 49 2
13 4 69 4
13 6 11 4
13 8 97 1
13 10 151 2
13 11 153 1
13 12 7 1
13 14 37 1
13 18 1 17
13 26 13 14
14 0 1 17
14 3 6 18
14 8 1 13
14 9 1 26
14 10 3 4
14 11 3 3
14 13 1 15
14 15 2 13
14 19 6 21
14 26 7 1
15 3 13 1
15 4 1 11
15 6 1 21
15 7 1 17
15 8 1 15
15 9 89 3
15 10 2 8
15 11 34 1
15 20 1 18
15 26 11 20
16 0 20 12
16 1 32 15
16 3 81 3
16 4 129 1
16 5 42 8
16 8 35 4
16 10 1 6
16 12 3 25
16 17 28 10
16 18 183 1
16 21 17 16
16 24 29 14
17 1 21 5
17 2 1 17
17 5 3 16
17 6 1 10
17 10 39 3
17 14 2 17
17 16 3 13
17 18 7 11
17 20 1 4
18 0 1 5
18 1 1 12
18 2 1 17
18 3 54 22
18 4 54 1
18 9 112 16
18 10 121 1
18 15 1 5
18 16 4 29
18 21 1 26
19 0 141 4
19 1 2 29
19 3 2 25
19 6 5 9
19 7 86 1
19 12 39 1
19 20 80 1
19 22 2 26
20 0 5 4
20 7 67 2
20 9 109 1
20 10 1 14
20 11 148 1
20 15 1 13
20 17 136 2
20 18 4 8
20 19 136 1
20 27 2 16
21 6 1 23
21 7 1 28
21 9 5 1
21 10 1 18
21 20 1 12
21 22 1 2
21 24 10 27
22 0 2 17
22 4 51 2
22 7 9 17
22 10 1 29
22 13 1 14
22 20 4 21
23 0 40 19
23 1 1 28
23 10 2 8
23 14 2 23
23 15 10 2
23 22 4 4
23 26 1 26
24 0 53 5
24 1 16 29
24 2 1 11
24 3 47 28
24 5 62 7
24 7 1 28
24 8 15 28
24 9 13 8
24 11 77 1
24 14 10 22
24 15 7 2
24 16 25 14
24 18 3 11
24 21 7 16
24 26 2 8
25 7 4 26
25 8 1 4
25 9 81 1
25 11 35 1
25 13 4 12
25 14 2 9
25 17 2 14
25 20 1 21
25 21 10 8
25 24 1 7
25 27 3 15
26 4 5 13
26 23 1 27
26 24 2 13
26 25 4 25
27 1 3 23
27 2 22 4
27 9 47 7
27 10 2 4
27 11 12 5
27 14 3 27
27 20 1 21
27 26 11 4
