0 1 44 3
0 3 14 7
0 4 73 1
0 5 338 26
0 6 1 28
0 7 329 1
0 8 29 9
0 11 257 1
0 16 14 4
0 18 68 1
0 19 258 1
0 23 1 16
0 24 14 4
1 0 11 11
1 2 4 1
1 3 13 10
1 4 291 1
1 5 16 22
1 6 317 1
1 7 1 16
1 8 13 25
1 9 1 27
1 11 1 27
1 16 14 2
1 17 245 1
1 18 5 2
1 19 15 2
1 22 11 6
1 24 15 10
1 25 1 13
2 0 155 1
2 1 1 12
2 4 1 29
2 7 2 7
2 8 2 2
2 9 1 4
2 10 242 1
2 11 1 7
2 15 17 8
2 16 50 3
2 17 130 1
2 25 24 1
3 0 12 6
3 1 31 24
3 2 327 1
3 4 181 2
3 5 14 27
3 7 2 18
3 8 13 6
3 11 1 23
3 12 64 2
3 14 4 1
3 15 14 1
3 16 14 9
3 17 1 1
3 20 203 2
3 24 30 17
4 1 385 1
4 2 1 22
4 3 156 1
4 5 15 1
4 6 352 1
4 8 28 1
4 9 2 11
4 12 140 2
4 18 157 1
4 20 1 27
5 0 15 15
5 1 241 23
5 3 14 15
5 4 1 2
5 6 402 24
5 7 1 10
5 8 11 16
5 9 5 29
5 10 1 12
5 16 14 5
5 24 14 8
6 0 1 19
6 1 49 1
6 2 313 5
6 3 255 1
6 4 201 16
6 5 16 9
6 7 1 8
6 8 8 3
6 9 280 22
6 10 75 1
6 11 261 2
6 12 272 24
6 14 121 1
6 18 86 1
6 20 58 2
6 24 11 1
7 0 1 28
7 2 344 2
7 3 237 20
7 4 1 21
7 5 49 1
7 6 1 20
7 8 106 1
7 10 1 16
7 11 239 1
7 15 1 15
7 17 1 4
7 20 185 1
7 25 1 17
8 0 14 22
8 1 13 28
8 2 374 1
8 3 26 26
8 5 11 10
8 6 18 9
8 7 2 25
8 9 2 2
8 10 210 1
8 11 6 1
8 16 15 13
8 19 63 3
8 24 14 5
9 1 170 2
9 4 1 28
9 5 4 17
9 6 245 1
9 8 1 20
9 10 5 14
9 12 4 1
9 15 2 8
9 24 8 3
10 3 1 17
10 4 193 1
10 5 1 8
10 6 265 1
10 7 396 29
10 8 386 1
10 9 24 1
10 11 1 28
10 13 214 2
10 14 1 9
10 15 2 1
10 22 144 1
10 23 1 25
11 1 1 2
11 3 2 20
11 6 2 4
11 7 7 3
11 8 421 1
11 13 203 2
11 15 119 1
11 16 1 8
11 19 6 1
11 23 212 1
11 24 2 6
11 25 3 29
11 27 2 20
12 1 161 15
12 4 1 22
12 5 1 15
12 6 48 1
12 9 1 20
12 10 1 21
13 3 8 7
13 8 1 27
13 9 61 1
13 10 185 1
13 11 35 1
13 12 2 20
13 19 5 14
13 20 1 7
14 4 8 3
14 6 156 4
14 7 1 13
14 8 271 2
14 10 310 1
14 11 1 19
14 13 1 16
14 15 31 1
14 27 27 17
15 7 1 23
15 8 132 1
15 10 1 29
15 11 320 1
15 14 3 6
16 0 15 27
16 1 15 18
16 3 30 1
16 5 14 17
16 6 110 3
16 8 14 24
16 17 1 3
16 24 14 19
17 0 257 23
17 1 2 16
17 2 141 2
17 3 1 26
17 6 1 4
17 8 2 9
17 16 1 17
17 18 109 1
17 26 2 10
18 4 160 1
18 6 5 1
18 11 113 2
18 14 1 14
19 0 3 9
19 1 170 1
19 3 10 2
19 6 90 1
19 20 2 1
20 1 205 26
20 4 1 24
20 14 58 1
20 19 163 1
20 23 9 22
21 0 2 1
21 7 7 2
21 26 7 6
22 6 1 12
22 9 67 4
22 10 64 1
22 12 48 1
22 15 5 28
22 18 17 11
22 26 13 1
23 10 154 6
23 11 76 2
23 18 20 21
23 22 22 3
24 0 15 19
24 1 31 8
24 3 15 25
24 4 1 25
24 5 14 25
24 8 14 22
24 10 148 1
24 11 332 1
24 16 15 21
24 21 2 29
25 1 92 1
25 3 1 2
25 4 87 10
25 7 1 21
25 8 130 1
25 10 53 2
25 11 2 6
25 15 1 8
25 16 1 24
25 20 27 1
25 23 17 1
25 24 43 20
26 6 51 1
26 24 1 15
27 3 4 1
27 5 1 4
27 6 89 3
27 16 16 6
27 17 25 8
