0 1 5 9
0 3 3 10
0 4 214 1
0 5 6 13
0 7 21 24
0 8 22 9
0 11 1 6
0 12 2 29
0 15 44 2
0 16 16 10
0 17 19 3
0 19 2 3
0 20 41 1
0 21 28 6
0 22 3 2
0 24 7 29
0 25 8 11
0 26 1 29
1 0 2 5
1 2 197 1
1 3 8 16
1 4 3 14
1 5 7 26
1 6 3 6
1 7 1 12
1 8 4 15
1 12 98 2
1 15 2 29
1 16 6 14
1 19 1 2
1 24 6 3
1 25 21 2
1 27 1 16
2 1 6 23
2 3 42 1
2 5 1 23
2 6 73 1
2 7 9 14
2 8 3 23
2 9 23 4
2 10 189 1
2 12 7 2
2 18 7 6
2 20 1 7
2 25 1 24
2 26 10 17
3 0 6 5
3 1 6 3
3 2 5 2
3 4 2 21
3 5 6 25
3 6 1 13
3 7 18 18
3 8 5 8
3 9 32 3
3 10 1 12
3 11 5 15
3 13 12 3
3 16 6 6
3 20 1 17
3 21 2 9
3 24 10 17
4 1 55 1
4 2 2 3
4 5 123 1
4 8 66 1
4 10 185 1
4 13 62 2
4 17 148 1
4 19 9 12
5 0 6 1
5 1 5 23
5 3 6 22
5 4 87 1
5 6 79 19
5 8 272 6
5 9 54 20
5 10 2 26
5 12 21 1
5 14 16 19
5 15 5 16
5 16 8 6
5 17 18 2
5 24 6 6
6 0 4 8
6 1 17 20
6 2 123 1
6 4 192 1
6 5 164 1
6 7 30 7
6 8 47 1
6 9 24 13
6 10 6 3
6 11 1 15
6 12 21 2
6 14 1 5
6 17 33 24
6 18 90 10
6 19 1 23
6 21 12 2
7 0 1 15
7 2 44 28
7 3 2 11
7 5 143 2
7 6 2 20
7 10 2 4
7 11 4 15
7 14 67 1
7 15 1 12
7 17 118 1
7 18 15 9
7 20 1 22
7 22 6 1
7 24 131 24
7 25 1 13
7 26 50 3
8 0 5 13
8 1 11 22
8 2 100 1
8 3 7 29
8 4 2 29
8 5 2 22
8 6 149 1
8 7 324 1
8 9 1 7
8 10 353 1
8 11 16 1
8 12 1 27
8 13 1 10
8 15 106 2
8 16 6 1
8 17 4 17
8 19 38 25
8 20 1 24
8 21 1 24
8 24 6 10
9 1 283 13
9 2 33 2
9 4 1 29
9 5 38 29
9 6 10 4
9 8 4 5
9 11 2 24
9 12 2 19
9 15 48 4
9 21 57 1
9 23 21 1
9 24 5 7
9 26 3 26
10 1 176 1
10 2 8 2
10 3 2 16
10 4 1 4
10 5 109 1
10 6 7 24
10 7 3 8
10 8 224 1
10 9 5 1
10 11 10 13
10 12 1 20
10 13 201 1
10 14 97 1
10 15 2 9
10 22 2 7
10 23 100 1
10 24 125 3
10 26 1 1
11 0 5 1
11 1 128 1
11 3 1 24
11 4 68 2
11 5 68 26
11 7 269 1
11 8 400 1
11 10 3 8
11 13 1 26
11 14 7 1
11 15 3 28
11 16 94 5
11 18 1 27
11 19 1 22
11 22 6 3
11 23 1 18
11 24 271 1
11 25 2 3
11 26 72 1
12 0 68 1
12 1 20 4
12 3 2 29
12 4 6 1
12 5 1 14
12 6 16 1
12 9 24 1
12 10 1 1
12 13 72 2
12 14 64 1
12 15 81 1
12 17 94 2
12 21 3 14
12 24 2 22
12 25 43 23
13 3 1 5
13 8 63 2
13 10 132 1
13 11 159 1
13 12 20 4
13 14 20 2
13 16 3 29
13 25 14 12
14 5 12 7
14 6 1 5
14 9 1 14
14 10 6 21
14 15 1 25
14 24 1 5
15 0 17 1
15 7 60 4
15 8 2 1
15 9 70 3
15 10 1 18
15 11 19 1
15 12 1 6
15 14 65 1
15 16 32 1
15 24 3 16
16 0 6 13
16 1 8 3
16 3 6 18
16 5 7 24
16 8 6 23
16 17 2 28
16 18 17 1
16 24 32 10
16 27 1 26
17 0 1 24
17 1 10 15
17 4 1 5
17 6 2 9
17 7 17 4
17 8 30 2
17 12 88 5
17 16 9 28
17 18 2 23
17 21 1 18
18 0 134 24
18 1 194 29
18 2 1 27
18 12 2 4
18 14 19 1
18 16 17 23
18 21 1 18
19 0 184 1
19 5 3 18
19 6 1 4
19 7 73 1
19 10 4 14
19 25 2 4
20 0 2 13
20 4 15 2
20 5 1 27
20 8 183 1
20 9 99 2
20 15 1 11
20 17 130 4
20 18 4 4
20 19 61 1
21 6 1 20
21 7 2 24
21 8 1 26
21 10 68 17
22 1 66 3
22 4 45 1
22 7 111 7
22 23 3 27
22 24 4 21
23 2 7 4
23 5 1 17
23 6 66 6
23 10 10 13
23 11 166 2
23 14 14 2
23 22 1 1
24 0 6 2
24 1 9 29
24 3 6 15
24 5 6 9
24 6 64 1
24 8 11 7
24 11 67 1
24 16 7 26
24 22 1 4
24 27 1 10
25 0 48 5
25 3 2 7
25 6 1 22
25 7 68 28
25 8 1 20
25 11 2 13
25 14 1 29
25 15 1 23
25 26 2 24
26 4 1 8
26 20 52 3
26 24 1 15
26 25 21 7
26 27 2 25
27 1 1 16
27 3 1 25
27 4 66 7
27 5 25 6
27 10 137 1
27 11 1 9
27 18 12 1
27 23 12 4
27 25 6 27
