0 1 14 24
0 2 1 3
0 3 39 1
0 4 201 1
0 5 30 10
0 6 1 15
0 8 42 25
0 11 33 5
0 16 16 23
0 17 2 24
0 18 1 21
0 20 32 2
0 21 27 1
0 24 16 24
1 0 31 1
1 2 12 21
1 3 41 4
1 4 14 12
1 5 17 19
1 6 19 17
1 7 2 4
1 8 18 25
1 9 1 1
1 10 235 2
1 12 93 3
1 15 13 13
1 16 16 26
1 17 1 16
1 18 175 1
1 19 112 2
1 24 33 28
1 27 1 14
2 0 11 2
2 1 300 1
2 3 23 4
2 6 56 1
2 7 5 19
2 8 5 14
2 9 19 4
2 10 174 1
2 12 1 29
2 16 1 4
2 17 1 16
2 18 1 1
2 23 1 5
2 24 1 8
3 0 21 16
3 1 304 10
3 2 42 4
3 5 68 22
3 6 1 18
3 7 16 18
3 8 18 17
3 10 4 7
3 11 2 17
3 15 1 28
3 16 15 17
3 17 2 20
3 24 16 11
3 26 1 3
4 1 16 24
4 2 8 11
4 3 1 4
4 5 83 1
4 8 50 1
4 10 173 1
4 11 94 2
4 12 1 26
4 16 4 19
4 17 137 2
4 23 2 15
5 0 16 23
5 1 245 19
5 2 30 4
5 3 16 26
5 4 56 1
5 6 181 20
5 7 1 8
5 8 12 27
5 9 37 9
5 10 10 29
5 11 2 14
5 12 16 1
5 15 5 1
5 16 16 19
5 18 52 1
5 24 22 9
6 0 3 24
6 1 16 1
6 2 102 1
6 3 189 18
6 4 157 1
6 5 76 1
6 7 5 10
6 9 34 2
6 10 18 15
6 11 1 13
6 12 9 9
6 14 25 15
6 15 8 3
6 17 3 29
6 18 2 13
6 20 1 14
6 22 73 9
7 0 1 15
7 2 161 1
7 3 3 26
7 5 131 1
7 6 41 4
7 10 6 9
7 11 5 19
7 14 58 1
7 15 3 14
7 16 23 1
7 17 112 1
7 20 1 17
7 21 1 2
7 23 90 1
7 24 10 21
7 25 8 20
7 26 48 1
7 27 156 3
8 0 15 14
8 1 83 16
8 2 37 1
8 3 16 6
8 4 28 29
8 5 12 7
8 6 243 2
8 7 213 1
8 9 1 15
8 10 223 12
8 11 8 1
8 12 1 1
8 15 99 2
8 16 46 25
8 19 1 18
8 20 1 13
8 21 5 4
8 22 1 15
8 24 36 25
9 0 26 26
9 4 80 10
9 5 17 17
9 6 8 11
9 7 1 19
9 8 2 1
9 10 4 28
9 11 5 19
9 12 2 15
9 13 55 4
9 15 44 1
9 16 2 7
9 17 31 1
9 20 5 16
9 22 11 20
9 24 1 16
10 0 3 26
10 1 164 1
10 3 4 16
10 4 5 10
10 5 95 1
10 6 2 27
10 7 37 20
10 8 269 1
10 9 419 11
10 11 38 1
10 12 2 2
10 13 188 1
10 14 62 1
10 15 1 13
10 17 2 5
10 18 48 2
10 22 13 27
10 25 1 3
10 27 35 14
11 0 251 1
11 1 119 2
11 2 2 18
11 3 1 9
11 7 142 1
11 8 80 2
11 9 11 7
11 10 13 19
11 12 1 10
11 13 2 14
11 14 1 15
11 15 26 13
11 17 99 1
11 19 1 24
11 20 72 3
11 24 250 1
11 25 2 22
11 26 68 2
12 0 65 2
12 2 1 24
12 3 51 24
12 4 3 6
12 5 1 5
12 6 14 2
12 7 3 12
12 9 194 1
12 10 3 14
12 13 61 1
12 14 58 1
12 15 78 1
12 17 92 1
12 21 4 16
12 22 1 26
13 1 76 9
13 6 1 24
13 8 57 1
13 10 36 1
13 11 151 1
13 12 7 7
13 14 12 1
13 22 1 24
14 3 1 17
14 6 2 29
14 8 2 25
14 9 1 26
14 10 2 6
14 11 1 26
14 13 60 8
14 15 1 9
14 20 10 20
14 24 2 20
14 25 7 1
15 0 15 6
15 4 2 28
15 5 7 6
15 7 7 27
15 8 1 6
15 9 66 3
15 11 51 1
15 14 50 1
15 24 3 1
16 0 16 26
16 1 39 20
16 3 16 21
16 4 92 1
16 5 83 26
16 8 38 4
16 9 39 1
16 12 46 9
16 18 106 1
16 24 16 3
16 26 5 26
16 27 1 8
17 0 12 2
17 1 1 25
17 3 2 9
17 4 2 20
17 6 2 1
17 7 14 3
17 8 25 2
17 11 25 5
17 13 1 11
17 15 44 1
17 16 14 29
17 22 30 11
17 26 3 26
18 5 16 17
18 8 2 21
18 9 103 2
18 13 1 19
18 14 18 6
18 16 4 4
18 24 6 25
19 0 164 1
19 1 1 13
19 3 48 4
19 4 2 8
19 6 1 6
19 9 2 11
19 11 1 6
19 17 76 4
19 20 2 25
19 23 1 5
20 0 199 11
20 2 2 13
20 7 29 2
20 8 177 3
20 9 98 1
20 12 1 21
20 15 1 19
20 16 55 2
20 19 13 1
21 5 25 2
21 8 11 9
21 11 1 19
21 20 1 25
22 10 1 26
22 12 99 29
23 3 2 10
23 4 1 3
23 7 59 3
23 10 1 1
23 11 156 2
23 12 2 1
23 22 1 7
23 27 8 7
24 0 24 5
24 1 21 18
24 2 1 23
24 3 53 21
24 5 39 3
24 7 3 3
24 8 39 27
24 9 5 8
24 11 52 1
24 12 7 16
24 13 1 23
24 16 71 5
24 18 1 21
24 21 1 8
24 23 3 16
24 26 1 26
25 2 1 8
25 6 1 7
25 7 2 18
25 8 1 18
25 10 7 2
25 11 4 11
25 13 4 25
25 21 9 2
25 24 13 2
25 27 2 17
26 8 4 5
26 11 1 17
26 20 3 7
26 27 1 11
27 1 3 20
27 6 2 17
27 23 11 1
27 24 16 5
27 25 1 10
