0 1 11 1
0 3 12 17
0 4 12 2
0 5 46 13
0 6 10 20
0 7 12 6
0 8 29 23
0 16 14 3
0 17 62 1
0 18 19 7
0 19 162 1
0 24 25 2
1 0 17 4
1 2 3 20
1 3 15 21
1 4 42 13
1 5 17 28
1 6 355 1
1 8 21 2
1 9 1 15
1 10 10 1
1 11 52 1
1 12 173 5
1 16 24 5
1 17 137 1
1 19 2 19
1 24 45 12
1 26 1 9
1 27 2 15
2 0 7 14
2 1 67 4
2 3 91 1
2 6 17 4
2 7 17 1
2 8 3 25
2 10 242 1
2 11 14 1
2 12 50 2
2 19 7 3
2 20 79 1
2 23 8 12
2 26 1 5
3 0 46 5
3 1 369 9
3 2 141 1
3 4 54 1
3 5 25 28
3 6 1 26
3 7 2 9
3 8 49 28
3 10 167 1
3 11 1 5
3 12 88 16
3 14 42 3
3 16 14 15
3 17 68 15
3 22 1 14
3 24 36 14
4 0 319 1
4 1 1 20
4 3 134 1
4 5 67 1
4 6 174 1
4 8 3 19
4 9 322 26
4 10 297 1
4 11 2 6
4 15 75 2
4 16 2 1
4 17 29 1
4 18 80 1
5 0 15 4
5 1 43 4
5 2 30 4
5 3 15 6
5 4 301 1
5 6 58 1
5 8 388 23
5 9 22 1
5 10 15 10
5 11 6 23
5 12 2 8
5 16 14 10
5 18 3 1
5 20 1 6
5 24 15 26
5 26 19 25
6 0 273 1
6 1 33 27
6 2 249 1
6 4 5 9
6 5 307 1
6 7 92 1
6 8 298 1
6 9 236 1
6 13 5 21
6 14 1 24
6 16 4 18
6 19 1 14
6 20 125 1
6 23 67 4
7 1 118 1
7 2 4 4
7 5 1 29
7 6 1 24
7 8 416 1
7 9 57 1
7 10 38 1
7 11 206 18
7 13 1 9
7 15 255 1
7 17 1 27
7 20 2 17
7 24 1 12
7 26 1 11
7 27 2 26
8 0 27 8
8 1 31 24
8 2 61 4
8 3 13 21
8 4 2 13
8 5 35 22
8 6 394 1
8 7 8 5
8 9 37 1
8 10 29 5
8 13 12 1
8 16 47 26
8 18 1 17
8 22 1 19
8 23 1 17
8 24 15 29
8 25 1 18
8 27 2 15
9 1 1 13
9 4 2 5
9 5 6 27
9 6 238 1
9 7 11 10
9 8 8 17
9 10 21 21
9 12 1 11
9 13 4 23
9 14 20 1
9 16 1 1
9 20 1 23
9 21 3 27
9 23 1 17
10 0 138 1
10 2 274 1
10 3 25 22
10 4 1 27
10 5 288 13
10 6 2 15
10 7 1 6
10 8 31 25
10 9 10 3
10 11 421 2
10 12 12 17
10 13 1 1
10 15 114 1
10 20 3 5
10 21 7 16
10 22 1 13
10 23 106 3
10 27 2 26
11 1 2 13
11 3 22 4
11 4 1 21
11 7 17 27
11 8 10 24
11 10 140 1
11 13 2 28
11 14 58 1
11 17 1 27
11 21 1 20
11 23 1 24
11 24 1 23
11 25 5 1
11 26 3 3
11 27 8 28
12 1 1 9
12 6 262 10
12 9 14 9
12 10 6 16
12 14 6 19
12 17 33 4
12 18 27 6
12 22 1 28
13 2 6 1
13 4 1 3
13 8 1 23
13 11 1 23
13 14 5 1
13 15 1 28
13 25 5 4
14 4 4 2
14 5 3 13
14 6 1 11
14 7 1 8
14 8 1 28
14 9 2 22
14 10 243 1
14 11 1 24
14 12 107 1
14 13 46 1
14 15 49 1
14 16 1 2
14 17 1 28
14 23 1 4
15 1 94 12
15 2 9 3
15 5 6 19
15 7 4 1
15 8 123 2
15 10 1 7
15 11 9 11
15 13 22 3
15 14 5 2
15 18 29 3
15 20 51 9
15 24 1 24
16 0 15 1
16 1 14 24
16 3 27 3
16 4 51 1
16 5 15 2
16 8 54 9
16 9 35 5
16 10 1 4
16 12 17 5
16 17 16 8
16 18 7 1
16 24 17 6
17 0 15 2
17 1 1 25
17 4 51 1
17 5 1 4
17 6 2 13
17 7 121 1
17 9 87 2
17 14 85 1
17 15 39 5
17 16 291 1
17 20 72 1
17 21 1 20
17 22 48 2
17 25 3 23
18 0 138 16
18 2 1 13
18 4 3 28
18 5 2 22
18 6 143 3
18 12 53 11
18 26 2 4
19 0 1 13
19 3 1 14
19 8 65 11
19 20 96 2
20 1 1 24
20 2 120 3
20 3 74 2
20 6 21 1
20 7 7 8
20 8 5 11
20 10 5 18
20 11 155 3
20 16 2 26
20 19 18 21
21 3 20 9
21 7 3 23
21 9 1 20
21 18 1 20
22 0 19 22
22 7 24 1
22 8 119 13
22 10 4 13
22 11 89 2
22 12 104 17
22 18 1 18
22 21 1 23
22 23 1 24
22 24 1 28
23 0 1 4
23 5 6 13
23 7 2 5
23 10 144 1
23 16 1 1
23 20 1 12
23 24 23 2
23 26 4 19
24 0 19 28
24 1 27 7
24 2 19 18
24 3 21 15
24 5 19 14
24 6 3 16
24 7 190 1
24 8 16 5
24 10 129 3
24 11 2 24
24 16 14 14
25 7 1 14
25 10 168 2
25 17 1 28
25 24 10 10
25 27 30 1
26 6 10 10
26 25 1 29
27 0 2 9
27 7 1 23
27 8 120 20
27 10 4 27
27 11 4 14
27 12 21 1
27 15 16 4
27 22 12 1
27 26 1 12
