0 1 8 13
0 3 9 24
0 4 6 2
0 5 30 22
0 7 1 17
0 8 56 1
0 10 217 27
0 11 1 7
0 16 219 3
0 17 50 2
0 19 136 1
0 23 59 1
0 24 25 21
1 0 31 6
1 2 4 1
1 3 81 12
1 5 12 6
1 6 75 1
1 7 5 25
1 8 10 5
1 9 1 26
1 11 43 2
1 15 1 3
1 16 12 17
1 17 10 7
1 18 1 21
1 20 167 1
1 22 1 25
1 23 28 6
1 24 79 14
2 0 10 20
2 1 5 6
2 3 20 1
2 4 1 18
2 5 1 26
2 6 48 25
2 7 1 24
2 8 8 18
2 10 225 1
2 11 2 27
2 12 47 1
2 13 2 27
2 14 1 24
2 16 67 18
2 23 8 3
2 25 1 6
3 0 14 22
3 1 12 15
3 2 105 3
3 5 11 1
3 7 3 9
3 8 13 20
3 11 8 3
3 16 11 9
3 17 1 27
3 18 29 5
3 19 2 18
3 20 6 22
3 24 30 25
3 27 23 1
4 1 2 5
4 2 190 1
4 5 30 1
4 6 153 1
4 7 3 18
4 8 1 16
4 9 1 10
4 10 288 1
4 11 5 21
4 12 151 2
4 17 21 1
4 18 56 1
4 20 78 5
4 24 65 5
4 25 46 1
4 26 12 22
5 0 12 3
5 1 13 28
5 3 98 2
5 4 241 1
5 6 2 23
5 8 8 4
5 9 4 9
5 10 13 17
5 11 11 2
5 14 31 1
5 16 37 9
5 20 1 12
5 24 81 8
6 0 257 2
6 1 1 15
6 2 227 1
6 4 3 14
6 5 98 1
6 7 75 27
6 8 129 1
6 9 162 1
6 10 1 1
6 11 332 1
6 12 253 20
6 13 5 7
6 14 2 17
6 15 6 11
6 16 4 6
6 17 3 18
6 19 1 23
6 20 119 4
6 22 3 13
6 27 1 10
7 0 9 1
7 2 35 27
7 3 40 1
7 4 1 17
7 5 20 14
7 6 7 7
7 9 47 1
7 10 23 2
7 11 283 1
7 13 3 3
7 14 51 11
7 15 232 1
7 17 62 5
7 20 2 16
7 21 8 8
7 24 223 14
7 25 2 19
7 26 2 20
7 27 149 8
8 0 12 14
8 1 271 16
8 2 3 15
8 3 79 11
8 4 2 23
8 5 11 8
8 6 192 1
8 9 19 1
8 10 32 17
8 13 8 2
8 15 1 27
8 16 32 9
8 17 1 12
8 19 2 13
8 22 2 29
8 24 69 28
9 1 1 7
9 2 103 1
9 3 1 16
9 4 59 17
9 5 15 4
9 6 170 1
9 7 1 19
9 10 71 23
9 12 43 20
9 18 2 15
9 21 2 22
9 22 2 17
9 25 1 27
10 0 128 3
10 2 262 1
10 3 11 21
10 4 1 16
10 5 4 9
10 6 17 12
10 7 2 9
10 9 38 1
10 11 2 1
10 12 1 23
10 13 2 5
10 14 1 25
10 15 94 1
10 16 1 27
10 19 91 21
10 20 1 27
10 26 1 22
10 27 119 8
11 1 1 26
11 3 26 29
11 4 2 22
11 5 3 3
11 7 3 24
11 8 1 13
11 10 97 1
11 12 2 1
11 14 38 1
11 15 6 16
11 17 2 26
11 24 1 13
11 25 3 10
11 26 4 13
12 0 18 17
12 2 1 12
12 4 10 11
12 5 1 27
12 7 19 2
12 8 243 1
12 9 4 1
12 13 6 3
12 14 136 18
12 17 30 7
12 23 34 2
12 25 22 1
12 27 2 6
13 0 66 1
13 7 35 3
13 8 3 17
13 11 1 14
13 12 179 1
13 17 28 1
13 22 1 15
14 5 1 19
14 6 2 10
14 8 1 5
14 10 200 1
14 11 3 26
14 12 99 3
14 13 33 1
14 15 30 1
14 21 21 17
14 23 1 22
14 26 6 29
15 5 5 13
15 8 115 1
15 9 1 4
15 10 218 9
15 11 18 12
15 13 21 2
15 20 49 1
15 22 7 2
16 0 12 11
16 1 11 7
16 3 62 11
16 5 49 17
16 8 11 14
16 9 32 7
16 11 1 22
16 17 51 2
16 18 1 3
16 22 3 28
16 24 26 28
16 25 32 7
17 0 9 2
17 1 23 6
17 5 1 26
17 6 2 22
17 8 2 16
17 9 81 1
17 16 13 2
17 24 6 25
18 0 1 28
18 4 3 5
18 5 1 7
18 9 146 6
18 11 63 1
18 12 1 8
18 16 12 4
18 17 154 3
18 23 1 19
19 1 12 8
19 8 9 25
19 12 20 9
19 20 1 14
19 25 5 27
20 0 1 6
20 2 113 3
20 3 62 1
20 6 17 1
20 7 1 21
20 8 1 2
20 11 149 2
20 12 95 1
20 16 2 29
20 19 21 1
20 27 5 1
21 3 20 18
21 7 1 6
22 10 1 12
22 11 83 1
22 12 1 8
22 20 1 14
22 21 1 12
23 4 1 17
23 11 28 1
23 12 1 20
23 15 1 4
23 16 1 3
23 22 19 1
24 0 11 2
24 1 133 8
24 3 50 3
24 4 6 2
24 5 48 10
24 7 178 1
24 8 11 4
24 10 122 1
24 11 4 8
24 12 25 22
24 16 90 8
24 19 1 11
24 23 11 4
25 0 1 6
25 7 2 12
25 12 29 20
25 20 44 2
25 26 8 14
26 8 1 25
26 13 12 7
26 24 1 27
27 3 39 22
27 7 1 4
27 10 33 14
27 12 19 1
27 17 52 20
27 23 17 1
