0 1 88 4
0 3 111 1
0 5 46 1
0 6 2 28
0 7 1 25
0 8 40 1
0 12 11 2
0 13 4 25
0 14 84 14
0 16 78 2
0 17 27 1
0 19 80 1
0 20 1 14
0 21 3 5
0 24 68 1
0 25 36 4
0 26 2 15
1 0 20 20
1 2 5 11
1 3 22 5
1 4 72 12
1 6 53 1
1 7 7 28
1 8 307 1
1 9 7 20
1 11 26 3
1 12 162 3
1 13 86 1
1 14 1 23
1 16 145 1
1 17 6 29
1 19 2 19
1 24 65 2
1 26 8 9
1 27 39 21
2 0 1 22
2 1 306 1
2 3 86 1
2 5 3 13
2 6 44 11
2 7 4 1
2 8 8 24
2 10 182 1
2 17 187 29
2 18 1 4
2 20 54 2
2 23 8 10
2 26 9 19
3 1 360 1
3 2 54 1
3 6 2 22
3 7 3 26
3 8 166 1
3 10 123 1
3 16 123 1
3 17 1 7
3 20 173 23
3 24 70 1
3 25 1 3
3 27 20 2
4 1 308 1
4 2 160 2
4 3 101 1
4 6 287 1
4 7 1 1
4 8 6 8
4 9 2 1
4 11 2 20
4 12 131 1
4 13 3 22
4 14 70 20
4 17 7 2
4 18 17 1
4 20 68 3
4 22 18 16
4 23 11 3
4 25 41 1
5 0 41 3
5 1 323 1
5 3 139 1
5 4 112 1
5 6 45 22
5 8 342 1
5 9 314 18
5 10 1 13
5 11 4 3
5 16 50 1
5 17 1 28
5 18 7 13
5 19 21 2
5 20 1 17
5 24 2 28
6 0 219 1
6 1 354 1
6 2 170 1
6 3 1 22
6 4 15 11
6 5 7 14
6 7 42 1
6 8 3 26
6 9 92 1
6 10 12 9
6 12 2 2
6 14 1 22
6 15 4 7
6 17 3 14
6 18 96 3
6 19 1 7
6 20 107 2
6 25 6 5
7 1 63 2
7 2 5 20
7 3 57 1
7 4 1 17
7 6 1 13
7 8 368 1
7 9 27 2
7 10 3 4
7 11 282 1
7 14 15 3
7 15 177 1
7 17 67 22
7 19 12 5
7 23 1 11
7 25 4 24
7 26 3 11
7 27 8 12
8 0 73 1
8 1 366 1
8 2 9 9
8 3 24 1
8 4 1 26
8 5 47 4
8 6 113 1
8 7 12 1
8 10 308 16
8 11 1 7
8 12 3 27
8 13 2 2
8 14 1 19
8 16 92 1
8 17 2 14
8 18 1 1
8 19 1 18
8 20 4 16
8 22 1 7
8 23 112 5
8 24 180 1
8 25 6 13
8 27 6 13
9 0 182 1
9 1 27 21
9 3 8 3
9 4 1 25
9 5 88 1
9 6 48 1
9 7 1 15
9 8 2 1
9 10 444 1
9 11 3 27
9 13 1 27
9 17 2 1
9 18 5 14
9 22 3 12
10 0 108 2
10 2 227 1
10 4 3 6
10 5 4 1
10 6 7 1
10 7 4 1
10 8 18 1
10 9 13 4
10 11 347 1
10 12 7 27
10 14 27 4
10 15 55 1
10 16 2 24
10 18 1 27
10 19 91 13
10 23 85 1
10 24 1 19
10 27 1 17
11 3 3 19
11 6 1 15
11 7 68 1
11 8 1 8
11 10 27 1
11 14 8 3
11 15 55 19
11 16 2 11
11 18 99 1
11 20 1 11
11 22 135 2
11 23 1 28
11 24 2 29
11 25 1 27
11 27 8 11
12 0 1 2
12 4 1 19
12 5 1 17
12 6 261 4
12 7 5 25
12 8 231 1
12 9 35 10
12 10 1 5
12 11 1 21
12 14 136 2
12 17 24 6
12 18 19 3
12 25 18 6
13 2 4 1
13 4 1 27
13 8 11 28
13 10 3 13
13 11 2 9
13 12 157 2
13 15 2 9
13 18 27 2
14 2 1 2
14 3 1 20
14 5 5 28
14 7 178 26
14 10 173 1
14 11 32 17
14 13 9 2
14 15 3 1
14 19 3 21
14 20 2 23
14 23 1 16
14 24 38 1
15 5 4 1
15 7 1 3
15 8 95 1
15 10 2 16
15 11 94 14
15 14 45 1
15 23 20 1
15 24 4 17
16 0 221 1
16 1 290 1
16 3 147 1
16 5 64 1
16 7 3 24
16 8 88 1
16 10 1 29
16 12 1 9
16 17 1 14
16 24 38 1
16 27 3 28
17 1 20 4
17 2 185 18
17 4 21 3
17 5 5 1
17 6 2 16
17 8 3 10
17 12 114 4
17 16 335 9
17 19 102 12
17 21 3 7
17 24 2 27
17 26 2 21
18 2 1 29
18 4 1 28
18 5 23 13
18 6 118 2
18 7 1 14
18 8 183 1
18 13 27 10
18 16 2 16
18 17 141 1
18 23 2 10
18 24 2 2
18 25 5 4
19 0 222 25
19 1 3 9
19 8 1 19
19 20 139 1
20 0 1 20
20 1 1 14
20 2 97 2
20 3 37 1
20 7 1 7
20 10 2 10
20 11 135 1
20 17 150 10
20 19 30 21
20 23 2 3
21 1 55 8
21 26 1 10
22 4 41 6
22 6 1 1
22 11 68 2
22 17 7 29
22 21 1 26
22 24 1 14
22 25 5 21
22 26 13 1
22 27 1 1
23 0 2 8
23 6 76 1
23 16 1 5
23 27 2 27
24 0 38 10
24 1 208 1
24 3 12 2
24 4 3 20
24 5 31 1
24 6 1 17
24 8 132 3
24 11 1 20
24 16 34 1
24 22 1 9
24 27 1 18
25 0 33 1
25 2 2 10
25 4 69 7
25 7 1 9
25 10 139 2
25 11 1 24
25 12 34 29
25 14 24 9
25 17 1 26
25 22 1 28
25 23 1 14
26 5 2 24
26 9 1 4
26 11 4 9
26 27 89 1
27 3 40 1
27 7 2 17
27 8 3 1
27 10 3 16
27 11 10 10
27 17 51 1
27 24 6 4
27 25 2 28
27 26 2 26
