0 1 10 14
0 2 4 23
0 3 23 2
0 5 10 26
0 6 2 6
0 7 1 19
0 8 9 8
0 9 1 7
0 10 1 27
0 11 1 27
0 12 57 8
0 14 83 2
0 15 94 4
0 16 9 15
0 17 15 2
0 19 46 1
0 24 9 28
1 0 14 28
1 2 117 13
1 3 9 21
1 4 54 1
1 5 13 24
1 6 242 1
1 7 7 23
1 8 18 12
1 9 12 5
1 11 17 1
1 12 155 2
1 14 3 22
1 16 9 2
1 17 5 24
1 20 137 1
1 23 21 2
1 24 9 23
1 26 1 27
1 27 2 23
2 0 1 27
2 1 147 1
2 3 8 1
2 4 22 16
2 5 1 18
2 6 39 20
2 7 31 11
2 8 4 19
2 9 127 2
2 10 149 1
2 11 1 19
2 17 2 2
2 18 1 24
2 25 1 26
3 0 18 9
3 1 9 24
3 4 16 1
3 5 9 6
3 6 2 11
3 7 14 24
3 8 17 25
3 10 101 2
3 14 36 2
3 16 9 20
3 18 21 1
3 19 1 3
3 20 18 1
3 24 23 7
4 1 298 1
4 2 137 1
4 5 1 19
4 6 234 3
4 7 2 6
4 8 115 22
4 9 12 2
4 10 243 2
4 11 2 3
4 12 117 1
4 15 64 7
4 18 2 3
4 19 1 3
4 22 2 26
4 25 37 5
5 0 9 6
5 1 9 27
5 3 15 9
5 4 42 1
5 6 57 3
5 7 1 18
5 8 7 10
5 9 15 1
5 10 50 5
5 14 21 4
5 16 9 2
5 20 19 24
5 24 15 19
5 26 19 18
6 0 189 1
6 1 170 1
6 2 127 1
6 4 15 3
6 5 16 27
6 7 266 1
6 8 18 2
6 9 13 1
6 10 2 19
6 11 288 1
6 12 251 3
6 17 3 17
6 18 83 2
6 19 55 24
6 25 4 1
7 1 41 2
7 2 1 14
7 3 401 1
7 4 3 24
7 5 1 28
7 6 2 9
7 8 339 1
7 9 16 1
7 11 201 1
7 12 1 3
7 13 1 10
7 14 8 26
7 15 135 1
7 17 1 24
7 18 123 1
7 20 1 23
7 22 116 5
7 23 1 10
7 25 1 28
7 27 150 9
8 0 25 16
8 1 10 8
8 3 13 2
8 4 2 29
8 5 12 11
8 7 288 1
8 10 4 18
8 11 1 5
8 16 119 23
8 17 1 14
8 19 8 25
8 24 31 26
8 25 1 16
8 26 1 24
9 1 32 5
9 2 77 1
9 4 3 9
9 5 292 1
9 6 5 1
9 7 2 24
9 8 409 1
9 10 47 19
9 11 8 24
9 12 305 11
9 13 70 1
9 15 1 16
9 16 2 21
9 17 9 3
9 18 1 1
9 19 2 22
9 21 3 17
9 26 58 6
10 0 94 1
10 2 197 1
10 3 1 2
10 4 5 6
10 5 312 1
10 6 4 17
10 7 54 5
10 8 247 1
10 9 389 9
10 11 285 1
10 12 1 19
10 13 1 26
10 14 3 29
10 16 1 6
10 17 7 2
10 18 1 3
10 19 1 21
10 22 1 9
10 24 1 18
10 25 190 25
11 0 2 18
11 3 1 20
11 6 2 26
11 7 408 1
11 8 1 19
11 9 1 24
11 10 3 1
11 13 195 4
11 15 13 8
11 17 54 28
11 20 184 25
11 22 127 3
11 23 52 7
11 24 19 23
11 27 7 1
12 1 1 14
12 4 41 26
12 5 1 21
12 9 2 1
12 10 2 11
12 13 1 29
12 18 16 2
12 21 3 26
12 22 100 1
12 25 16 1
13 0 64 4
13 8 8 22
13 10 1 11
13 12 135 1
13 14 45 2
13 15 4 2
13 19 1 2
14 1 1 19
14 2 4 5
14 5 5 26
14 9 6 5
14 10 77 1
14 11 1 14
14 12 69 2
14 17 2 22
14 21 21 2
15 2 1 27
15 4 1 21
15 7 1 29
15 8 80 3
15 9 5 14
15 11 119 5
15 12 9 15
15 14 19 1
15 18 25 4
15 20 42 1
16 0 52 27
16 1 144 3
16 3 9 23
16 5 9 8
16 7 37 2
16 8 9 26
16 10 42 23
16 11 64 6
16 17 2 8
16 18 1 18
16 19 33 4
16 24 14 29
17 1 100 24
17 3 1 25
17 6 8 29
17 7 85 3
17 8 3 26
17 9 58 1
17 12 111 2
17 16 1 1
17 25 6 10
17 26 1 5
18 0 141 28
18 5 2 14
18 8 178 5
18 9 134 3
18 10 40 4
18 11 52 1
18 16 5 12
18 27 3 10
19 0 215 4
19 1 6 18
19 4 1 1
19 5 8 24
19 8 2 29
19 12 16 12
19 14 7 1
19 17 3 24
19 20 10 1
20 0 2 13
20 1 1 23
20 2 85 1
20 4 88 5
20 8 2 3
20 18 2 5
20 19 1 22
20 23 2 11
21 7 4 26
21 10 3 1
21 12 103 4
21 24 17 13
22 2 4 16
22 10 20 26
23 1 8 1
23 4 2 9
23 10 121 2
23 11 3 4
23 12 86 1
23 13 2 22
23 15 8 14
23 24 5 4
24 0 15 11
24 1 13 28
24 3 40 2
24 5 10 21
24 6 1 27
24 8 22 25
24 11 2 21
24 15 37 1
24 16 9 15
24 17 1 6
24 19 2 26
24 20 70 6
24 21 21 24
24 22 5 11
25 4 66 8
25 7 10 22
25 8 3 22
25 10 123 1
25 11 7 3
25 12 2 11
25 17 5 16
25 19 1 8
25 21 8 10
25 26 2 15
26 1 1 14
26 8 2 22
26 9 1 23
26 18 12 24
26 24 1 8
26 25 1 6
27 5 26 2
27 6 77 2
27 10 1 13
27 11 174 21
27 19 7 19
27 22 11 25
27 23 16 1
27 25 1 15
27 26 4 24
