0 1 33 5
0 2 2 8
0 3 11 13
0 4 1 18
0 5 21 9
0 6 1 16
0 7 273 15
0 8 12 7
0 11 1 15
0 12 4 20
0 13 4 25
0 15 94 4
0 16 12 13
0 17 14 1
0 19 42 1
0 24 12 10
0 25 31 2
1 0 16 25
1 2 4 9
1 3 22 25
1 4 42 1
1 5 21 18
1 6 2 7
1 7 5 18
1 8 11 27
1 11 16 1
1 16 12 20
1 17 1 26
1 18 1 13
1 19 168 1
1 20 135 2
1 22 64 19
1 24 12 22
2 0 2 22
2 1 133 1
2 3 4 1
2 4 25 2
2 5 1 18
2 6 6 13
2 7 21 18
2 8 3 12
2 10 145 1
2 11 1 19
2 18 67 13
2 20 41 3
2 26 10 8
3 0 24 23
3 1 11 14
3 5 13 5
3 6 1 11
3 7 3 3
3 8 26 21
3 11 4 12
3 16 12 13
3 17 1 21
3 19 1 4
3 24 24 7
3 25 1 4
4 0 255 2
4 1 289 1
4 2 134 1
4 5 3 8
4 6 229 1
4 7 1 19
4 8 68 15
4 9 10 1
4 13 2 25
4 14 1 29
4 16 34 13
4 18 1 5
4 21 45 1
4 24 59 1
5 0 12 24
5 1 24 8
5 2 8 2
5 3 12 25
5 4 36 1
5 6 132 17
5 7 242 1
5 8 10 17
5 9 154 1
5 11 1 11
5 14 21 1
5 16 30 21
5 17 149 2
5 20 2 6
5 22 2 13
5 24 14 11
6 0 185 1
6 1 162 1
6 2 122 1
6 4 68 25
6 5 58 15
6 7 258 1
6 8 15 9
6 9 84 1
6 10 2 19
6 11 285 1
6 12 250 3
6 13 1 11
6 14 3 25
6 16 3 28
6 17 1 22
6 19 1 13
6 20 97 4
6 21 1 8
6 23 56 1
7 1 39 1
7 2 2 8
7 3 390 1
7 4 2 13
7 6 30 22
7 8 323 1
7 11 173 16
7 14 1 22
7 15 130 1
7 16 1 25
7 17 2 5
7 20 16 13
7 24 219 1
7 25 1 13
7 26 1 22
7 27 9 27
8 0 12 20
8 1 17 10
8 2 19 17
8 3 18 11
8 4 38 9
8 5 26 22
8 6 2 21
8 7 437 1
8 9 2 3
8 10 3 22
8 11 5 25
8 12 250 2
8 14 4 9
8 16 12 27
8 17 2 3
8 19 3 18
8 22 1 3
8 23 2 24
8 24 12 11
9 0 175 1
9 1 1 15
9 2 75 2
9 3 3 23
9 4 1 26
9 5 1 23
9 8 407 1
9 10 51 1
9 11 239 25
9 12 90 3
9 16 1 27
9 17 3 1
9 18 6 23
9 19 1 11
9 20 1 23
9 22 61 20
9 24 75 9
10 0 92 1
10 1 5 12
10 2 193 1
10 3 10 25
10 4 5 16
10 5 309 1
10 6 17 12
10 7 101 1
10 8 222 1
10 9 9 22
10 11 274 1
10 12 1 2
10 14 47 16
10 15 29 1
10 23 74 1
10 26 2 19
10 27 3 20
11 0 1 23
11 3 30 10
11 4 4 10
11 5 17 22
11 7 204 1
11 8 1 16
11 9 2 28
11 10 1 3
11 13 194 3
11 15 20 12
11 18 94 1
11 20 2 23
11 24 4 23
11 26 1 2
11 27 10 22
12 1 108 12
12 2 2 2
12 4 24 14
12 6 250 1
12 9 20 9
12 11 1 26
12 14 5 2
12 17 20 1
12 18 16 1
12 20 24 2
12 21 4 6
12 23 23 1
12 24 1 18
13 0 64 1
13 2 3 2
13 8 4 28
13 9 1 6
13 10 3 18
13 11 1 2
13 14 43 1
13 18 26 1
13 20 41 29
13 22 7 2
13 26 9 20
14 1 2 28
14 2 1 8
14 6 1 20
14 10 65 1
14 11 1 13
14 15 1 4
14 17 1 20
14 20 2 7
14 24 36 21
15 4 12 19
15 5 2 1
15 7 2 6
15 8 79 1
15 11 2 23
15 12 2 27
15 14 16 1
15 18 25 3
15 19 3 23
16 0 82 14
16 1 12 20
16 2 61 3
16 3 21 6
16 5 29 15
16 6 130 1
16 8 12 3
16 17 37 17
16 18 1 28
16 19 32 19
16 24 12 25
17 1 11 2
17 3 1 27
17 6 136 18
17 8 2 15
17 9 56 4
17 12 110 1
17 13 42 3
17 15 30 3
17 16 321 1
17 18 168 1
17 24 2 8
17 26 4 24
17 27 25 11
18 1 1 10
18 5 1 25
18 6 103 2
18 7 1 8
18 9 134 1
18 10 39 5
18 12 1 5
18 13 27 1
18 16 2 3
18 19 1 23
19 0 214 1
19 1 2 17
19 7 12 17
19 9 1 29
19 17 2 27
19 20 2 5
19 27 1 14
20 0 4 7
20 1 6 22
20 3 21 1
20 5 5 4
20 10 1 8
20 11 124 1
20 18 1 28
20 19 17 26
21 6 17 6
21 12 103 1
21 15 8 9
21 26 5 12
22 4 39 2
22 7 9 1
22 12 1 20
22 13 1 16
22 23 2 20
23 0 2 5
23 4 1 11
23 11 3 1
23 15 14 24
23 18 27 1
23 22 6 3
23 24 5 1
23 25 17 12
24 0 12 19
24 1 12 27
24 2 14 2
24 3 12 13
24 5 12 22
24 7 127 1
24 8 12 14
24 10 92 3
24 11 3 5
24 16 31 7
25 2 1 7
25 7 3 6
25 9 89 9
25 10 121 1
25 11 28 22
25 18 2 22
25 24 3 2
25 27 3 5
26 1 57 26
26 8 8 15
26 11 5 28
26 23 1 20
26 24 2 24
27 2 1 7
27 10 2 14
27 13 13 5
27 15 11 1
27 16 2 1
27 25 1 4
27 26 1 2
