0 1 15 25
0 2 19 8
0 3 13 2
0 4 10 28
0 5 11 23
0 6 1 20
0 8 37 22
0 9 22 21
0 10 224 3
0 11 1 5
0 12 1 10
0 16 27 25
0 19 1 11
0 20 260 1
0 24 10 20
0 26 1 28
0 27 8 1
1 0 10 24
1 2 309 1
1 3 36 1
1 4 2 16
1 5 11 26
1 6 1 16
1 7 164 13
1 8 74 23
1 10 2 16
1 12 118 1
1 14 2 14
1 16 10 19
1 17 61 1
1 24 11 3
1 27 3 18
2 0 9 1
2 3 127 15
2 4 1 26
2 6 82 1
2 8 186 1
2 9 87 2
2 10 28 1
2 11 1 23
2 13 2 17
2 17 173 1
2 23 4 26
2 26 12 15
3 0 18 29
3 1 87 29
3 2 1 1
3 5 155 2
3 6 2 18
3 7 60 1
3 8 10 5
3 10 24 2
3 11 228 1
3 12 80 1
3 14 24 2
3 15 3 1
3 16 23 13
3 19 5 28
3 20 11 5
3 21 8 2
3 22 2 18
3 24 91 1
4 0 132 1
4 1 97 1
4 2 40 1
4 3 23 2
4 5 2 4
4 6 38 1
4 8 315 4
4 9 223 1
4 10 143 1
4 13 7 23
4 15 47 2
4 17 1 19
4 18 6 1
4 22 3 24
4 25 22 3
5 0 10 13
5 1 10 4
5 3 62 15
5 4 8 14
5 6 4 6
5 7 163 1
5 8 120 7
5 9 2 15
5 10 165 2
5 16 35 1
5 18 84 14
5 20 16 3
5 21 3 3
5 23 3 12
5 24 22 26
6 1 174 1
6 3 2 1
6 4 71 1
6 5 180 1
6 7 60 1
6 8 273 1
6 9 4 15
6 10 3 1
6 11 173 1
6 12 198 1
6 14 2 11
7 0 2 15
7 2 1 27
7 3 30 1
7 5 209 2
7 6 7 20
7 8 4 1
7 10 1 29
7 11 28 12
7 14 1 6
7 15 8 1
7 17 93 16
7 18 101 2
7 20 1 24
7 22 96 4
7 24 155 1
7 25 92 6
7 27 11 24
8 0 84 29
8 1 9 16
8 2 180 1
8 3 62 14
8 4 26 4
8 5 13 18
8 6 6 1
8 7 10 1
8 9 4 19
8 10 237 1
8 11 3 1
8 13 1 10
8 16 10 28
8 17 2 21
8 18 1 23
8 19 1 20
8 21 2 12
8 23 111 14
8 24 10 14
9 0 137 2
9 1 6 28
9 3 2 8
9 4 326 1
9 5 13 4
9 6 4 11
9 8 280 1
9 10 106 1
9 11 6 1
9 12 217 1
9 14 1 28
9 15 28 8
9 25 1 2
10 0 40 1
10 1 21 12
10 2 62 1
10 4 1 22
10 5 167 1
10 6 1 5
10 8 11 1
10 9 99 1
10 11 76 1
10 12 1 12
10 13 18 1
10 14 334 28
10 16 3 13
10 20 1 10
10 23 33 2
10 24 1 28
11 0 1 24
11 1 249 1
11 2 2 3
11 3 15 1
11 5 181 6
11 6 2 2
11 7 17 18
11 8 417 24
11 9 4 9
11 10 4 14
11 14 1 3
11 15 234 1
11 16 97 14
11 17 1 5
11 18 77 1
11 22 87 1
11 24 1 10
11 25 18 1
12 4 1 3
12 5 1 17
12 6 180 1
12 8 158 1
12 9 46 18
12 10 22 2
12 11 28 2
12 13 5 28
12 14 105 2
12 16 8 3
12 18 4 4
12 21 1 9
12 23 7 3
13 8 18 19
13 9 1 5
13 10 2 26
13 12 33 2
14 1 13 19
14 3 43 2
14 6 3 25
14 7 9 1
14 8 176 1
14 9 105 1
14 10 1 10
14 11 3 11
14 12 20 3
14 13 4 19
14 17 1 5
14 22 2 19
14 23 6 17
15 0 78 1
15 3 1 5
15 4 2 17
15 7 2 22
15 8 27 2
15 9 2 16
15 10 217 1
15 11 148 1
15 12 10 21
15 14 8 3
15 20 28 1
16 0 11 8
16 1 29 9
16 3 40 26
16 5 23 25
16 6 115 1
16 7 1 13
16 8 11 20
16 10 59 18
16 12 1 20
16 17 57 1
16 18 3 10
16 21 1 15
16 24 24 21
17 0 8 19
17 1 15 2
17 2 169 1
17 3 26 2
17 4 1 9
17 6 98 14
17 7 40 3
17 10 4 28
17 14 75 1
17 16 162 1
17 18 129 3
17 20 28 5
17 22 38 3
17 24 11 5
18 1 2 18
18 4 10 1
18 6 50 1
18 7 8 16
18 9 101 1
18 14 7 22
18 17 80 1
18 19 40 15
19 0 86 1
19 1 1 14
19 8 3 26
19 10 16 10
19 17 1 2
19 20 15 1
20 0 77 4
20 2 35 3
20 8 1 22
20 9 55 1
20 10 27 16
20 11 79 1
20 14 66 2
20 15 3 2
20 19 244 1
20 21 27 11
20 23 1 5
20 25 2 23
21 4 3 23
21 12 80 1
21 17 40 19
21 20 35 29
21 25 8 20
22 0 9 15
22 3 16 4
22 5 1 16
22 9 2 17
22 10 67 23
22 15 2 3
22 17 3 1
22 20 1 4
22 21 1 26
23 7 3 23
23 8 1 25
23 9 3 21
23 10 79 2
23 11 2 25
23 24 1 15
24 0 10 16
24 1 42 10
24 3 11 12
24 5 22 13
24 7 44 1
24 8 10 21
24 10 44 1
24 11 108 1
24 12 1 7
24 16 40 14
24 19 4 6
24 23 1 12
24 25 36 5
25 0 60 21
25 1 86 7
25 8 7 8
25 11 2 11
25 14 9 2
25 15 27 1
25 16 1 4
25 26 12 1
25 27 1 27
26 7 96 3
26 9 53 10
26 11 6 8
26 27 4 5
27 1 2 19
27 2 1 7
27 6 63 7
27 7 21 14
27 10 6 22
27 14 14 1
27 25 22 12
27 26 46 18
