0 1 208 2
0 2 29 2
0 3 368 1
0 4 45 1
0 5 34 1
0 6 1 29
0 7 143 5
0 8 7 7
0 10 1 29
0 11 19 2
0 12 2 3
0 16 416 4
0 17 104 1
0 19 233 1
0 20 1 10
0 24 13 1
0 25 56 1
0 27 29 1
1 0 346 1
1 2 18 1
1 3 15 26
1 4 3 20
1 5 347 1
1 7 1 9
1 8 261 24
1 10 34 1
1 12 180 12
1 16 32 1
1 17 2 26
1 19 1 3
1 20 194 3
1 25 96 23
2 0 23 20
2 1 4 1
2 3 13 21
2 4 1 27
2 6 5 4
2 7 1 15
2 9 138 21
2 10 282 1
2 13 1 20
2 16 1 24
2 17 1 21
2 20 102 2
2 23 1 22
2 26 8 11
3 0 39 2
3 1 28 1
3 2 7 10
3 5 19 1
3 6 2 3
3 7 2 23
3 10 204 1
3 11 1 17
3 15 5 1
3 16 2 18
3 17 2 4
3 18 39 7
3 22 2 6
3 24 4 26
4 0 1 1
4 1 6 19
4 3 163 1
4 5 235 1
4 6 181 24
4 7 2 3
4 8 3 6
4 9 2 16
4 10 316 1
4 14 2 18
4 16 1 14
4 18 167 1
4 20 98 1
4 24 72 1
5 0 422 1
5 1 39 6
5 3 27 17
5 4 199 1
5 6 418 1
5 8 8 1
5 9 10 19
5 10 1 5
5 12 2 16
5 14 40 3
5 16 19 6
5 19 26 1
5 20 1 1
5 24 4 27
6 1 3 29
6 2 298 2
6 3 1 18
6 4 2 23
6 5 193 2
6 8 34 1
6 9 267 1
6 10 25 1
6 18 147 1
6 20 140 1
6 24 99 12
7 0 57 2
7 1 177 1
7 3 371 11
7 5 1 20
7 6 1 11
7 8 20 5
7 9 92 1
7 10 100 1
7 11 118 16
7 14 1 9
7 15 306 1
7 20 1 5
7 21 13 6
7 23 1 7
7 27 1 10
8 0 61 1
8 1 7 1
8 2 11 4
8 3 34 22
8 4 1 25
8 5 21 1
8 6 12 29
8 7 16 2
8 9 122 1
8 10 2 22
8 11 22 2
8 12 2 10
8 13 28 1
8 14 10 1
8 15 2 9
8 16 23 24
8 17 1 17
8 22 2 16
8 24 97 1
8 25 1 1
8 26 5 24
8 27 1 10
9 1 2 26
9 2 125 3
9 4 2 6
9 5 11 5
9 6 17 23
9 8 2 25
9 10 13 1
9 11 2 14
9 12 1 24
9 14 45 1
9 18 3 16
9 20 1 8
9 25 2 19
9 27 1 1
10 1 11 3
10 2 1 1
10 3 69 12
10 4 54 15
10 6 2 2
10 7 5 6
10 8 14 22
10 9 12 22
10 11 1 24
10 12 1 25
10 13 149 16
10 14 45 1
10 15 176 1
10 19 1 17
10 21 12 4
10 22 2 5
10 23 124 3
10 24 2 1
10 25 2 21
10 27 1 22
11 1 238 24
11 2 15 3
11 3 1 18
11 4 128 26
11 5 144 24
11 6 13 1
11 7 20 27
11 8 6 14
11 10 299 1
11 12 10 6
11 13 1 13
11 14 134 1
11 15 112 1
11 17 37 7
11 18 112 3
11 20 1 15
11 23 2 19
11 25 3 8
11 26 1 10
12 1 4 20
12 4 1 17
12 5 1 27
12 6 1 27
12 10 2 13
12 11 1 7
12 13 49 1
12 14 2 29
12 17 42 5
12 22 1 20
12 26 9 9
13 5 3 11
13 7 60 1
13 10 14 3
13 14 1 7
14 0 8 11
14 4 9 7
14 7 1 2
14 8 1 8
14 10 2 28
14 11 1 21
14 12 127 2
14 15 100 1
14 23 12 18
15 0 98 3
15 1 2 1
15 7 41 1
15 10 3 12
15 11 1 19
15 12 1 6
15 14 1 26
16 0 3 14
16 1 403 1
16 3 13 1
16 4 74 1
16 5 2 10
16 7 18 6
16 8 12 14
16 9 44 1
16 10 37 16
16 17 1 25
16 18 47 1
16 24 326 2
17 0 42 2
17 1 1 23
17 2 1 6
17 4 88 2
17 5 1 25
17 6 2 19
17 10 3 5
17 11 7 6
17 12 126 1
17 15 44 3
17 16 5 1
17 23 9 4
17 25 1 13
18 0 137 21
18 2 3 26
18 3 5 6
18 4 1 22
18 12 1 22
18 16 1 8
18 17 174 1
18 22 11 1
19 0 1 10
19 8 2 18
19 10 55 3
19 17 1 19
19 20 21 8
20 1 70 2
20 2 138 2
20 4 124 1
20 6 33 1
20 7 3 17
20 10 1 4
20 11 172 1
20 17 151 6
20 19 3 14
21 4 5 29
22 1 1 5
22 5 1 15
22 6 5 14
22 8 1 23
22 10 1 27
22 17 12 20
23 1 19 1
23 7 10 3
23 8 3 5
23 11 74 1
23 13 1 13
23 14 17 1
23 22 23 24
24 1 9 1
24 3 34 3
24 4 10 1
24 5 7 28
24 8 21 1
24 11 5 10
24 12 1 15
24 16 42 1
24 18 13 3
24 23 28 1
24 25 1 22
25 3 2 10
25 7 1 5
25 11 100 1
25 13 15 6
25 15 1 28
25 17 36 27
25 20 52 1
26 4 60 23
26 9 1 1
27 7 1 2
27 10 28 24
27 11 2 11
27 12 24 6
