0 1 288 22
0 2 2 17
0 3 167 1
0 4 7 26
0 5 38 1
0 6 1 7
0 8 196 5
0 11 1 13
0 13 8 9
0 16 21 1
0 17 1 15
0 19 1 28
0 20 234 1
0 22 1 24
0 24 53 1
0 26 4 24
0 27 5 22
1 0 179 5
1 3 31 1
1 4 16 1
1 5 200 1
1 6 3 9
1 7 1 13
1 8 203 1
1 9 1 12
1 10 1 27
1 12 105 2
1 13 71 1
1 16 29 1
1 17 423 1
1 18 1 11
1 19 112 2
1 20 63 2
1 24 62 4
2 0 4 16
2 1 3 1
2 3 275 1
2 4 1 25
2 5 2 2
2 6 44 1
2 8 141 1
2 9 73 2
2 10 8 2
2 11 1 4
2 13 2 17
2 18 1 2
2 20 2 1
2 26 1 28
2 27 9 24
3 0 374 1
3 1 54 1
3 2 29 1
3 5 61 1
3 6 121 5
3 7 374 1
3 8 399 4
3 10 10 3
3 11 198 1
3 16 121 1
3 17 1 5
3 24 226 1
3 25 4 29
4 0 95 1
4 1 29 1
4 2 20 1
4 3 11 1
4 5 1 4
4 6 4 1
4 8 340 6
4 9 160 1
4 10 113 1
4 11 9 6
4 12 41 3
4 13 1 27
4 16 12 3
4 17 8 24
4 18 3 29
4 19 5 4
4 20 25 2
4 22 13 17
4 25 19 1
5 0 66 1
5 1 391 1
5 3 100 1
5 4 3 11
5 6 30 29
5 7 131 2
5 8 40 14
5 9 12 29
5 10 141 1
5 12 109 1
5 13 4 2
5 16 22 1
5 18 1 29
5 20 27 27
5 24 207 1
6 1 67 1
6 3 148 2
6 4 278 1
6 5 7 16
6 7 20 2
6 8 30 1
6 9 3 22
6 10 6 26
6 11 137 1
6 12 172 2
6 14 1 17
6 16 1 3
6 17 9 28
6 22 3 23
6 24 104 5
7 0 1 8
7 1 1 29
7 5 21 2
7 6 9 26
7 8 3 1
7 10 1 5
7 11 41 17
7 13 1 5
7 18 93 4
7 20 1 9
7 23 1 15
7 25 29 7
7 26 55 20
7 27 7 2
8 0 141 1
8 1 62 1
8 2 69 1
8 3 248 1
8 4 2 21
8 5 8 2
8 6 240 1
8 7 31 1
8 9 45 7
8 10 69 21
8 11 51 8
8 12 205 1
8 13 4 19
8 14 6 24
8 16 34 1
8 17 1 26
8 18 2 3
8 19 1 16
8 22 1 7
8 24 96 1
8 25 1 27
8 26 3 19
8 27 97 14
9 0 123 3
9 1 27 7
9 4 270 1
9 5 5 26
9 6 11 4
9 7 10 2
9 8 205 1
9 10 14 1
9 11 240 1
9 12 144 1
9 16 97 2
9 18 2 20
9 19 11 1
9 20 19 17
9 23 70 6
9 25 11 25
10 0 28 1
10 1 1 3
10 2 32 1
10 3 108 28
10 5 117 1
10 6 2 29
10 7 433 1
10 8 4 17
10 9 241 1
10 11 21 1
10 12 3 29
10 13 191 1
10 14 349 1
10 15 1 22
10 20 79 16
10 23 23 3
10 24 17 8
10 26 5 4
11 1 238 1
11 3 137 3
11 4 1 24
11 5 7 1
11 6 1 4
11 7 29 10
11 8 35 1
11 9 27 24
11 10 9 11
11 13 129 1
11 14 3 23
11 15 252 1
11 16 97 16
11 22 74 1
11 23 2 12
11 24 12 19
11 25 121 1
11 27 3 9
12 0 50 23
12 1 131 17
12 2 78 7
12 4 2 19
12 5 41 22
12 6 153 1
12 8 137 2
12 10 257 2
12 13 4 24
12 14 90 3
12 22 58 1
12 26 1 10
12 27 7 8
13 3 10 1
13 5 1 22
13 6 1 23
13 8 60 20
13 10 1 17
13 14 1 26
14 4 1 12
14 6 2 14
14 8 141 2
14 9 85 2
14 10 2 27
14 11 1 1
14 12 10 5
14 13 12 18
14 15 45 24
14 22 1 14
14 23 29 2
14 24 27 5
15 7 108 27
15 10 181 1
15 11 35 1
15 14 1 26
15 17 2 4
15 20 24 2
16 0 205 6
16 1 239 1
16 3 154 2
16 5 142 1
16 6 108 3
16 7 1 15
16 8 163 1
16 17 229 1
16 18 1 27
16 24 63 1
16 26 1 19
17 0 1 6
17 2 151 1
17 4 5 8
17 8 10 26
17 9 15 4
17 10 3 12
17 16 109 1
17 19 76 5
17 24 1 25
17 25 2 4
17 26 7 21
18 3 2 22
18 4 189 1
18 5 1 27
18 7 8 8
18 8 133 1
18 10 10 8
18 12 2 29
18 16 2 1
18 17 65 2
18 26 1 13
19 0 43 1
19 7 8 3
19 17 16 2
20 0 5 2
20 2 23 2
20 4 48 1
20 5 11 24
20 8 1 10
20 9 49 1
20 10 39 21
20 12 84 1
20 16 76 15
20 19 141 1
21 1 45 4
21 12 71 1
21 18 1 2
21 19 2 14
21 22 1 27
21 25 1 25
21 26 7 7
22 8 112 2
22 12 86 2
22 13 2 10
22 14 1 12
22 23 1 1
23 1 1 1
23 3 3 24
23 5 1 1
23 7 2 10
23 8 1 18
23 9 2 3
23 10 66 2
23 11 1 1
23 22 1 17
23 24 2 7
23 25 11 2
24 0 10 1
24 1 96 6
24 3 23 16
24 5 92 1
24 7 26 1
24 8 161 1
24 11 8 1
24 13 1 17
24 14 1 10
24 15 20 3
24 16 190 1
24 21 19 9
24 23 1 15
24 25 33 5
24 27 1 15
25 1 82 1
25 2 1 20
25 3 1 4
25 7 5 2
25 9 72 4
25 10 38 2
25 11 231 12
25 20 19 8
25 23 5 18
25 26 1 16
25 27 2 24
26 18 13 4
26 24 7 10
27 3 37 22
27 7 3 9
27 8 106 1
27 12 8 1
27 13 11 27
