0 1 140 1
0 2 1 2
0 3 31 1
0 4 1 26
0 5 90 24
0 7 295 1
0 8 51 1
0 9 2 26
0 11 5 13
0 12 1 12
0 14 66 2
0 15 71 5
0 16 94 1
0 19 4 24
0 20 221 1
0 24 12 1
1 0 176 1
1 2 96 1
1 3 85 1
1 4 2 1
1 5 223 24
1 6 2 3
1 7 15 18
1 8 26 1
1 9 35 23
1 10 6 28
1 12 100 1
1 14 1 25
1 15 2 4
1 16 24 1
1 17 390 1
1 18 1 22
1 19 104 2
1 20 56 1
1 21 1 29
1 24 38 1
1 25 92 6
2 0 131 10
2 1 7 11
2 3 213 1
2 5 2 4
2 6 31 21
2 7 320 1
2 8 42 1
2 9 67 2
2 10 3 2
2 11 21 2
2 20 1 1
2 26 12 7
3 0 140 1
3 1 61 1
3 2 97 1
3 5 8 2
3 6 5 4
3 7 321 1
3 8 130 1
3 9 100 4
3 11 18 1
3 12 74 3
3 14 18 5
3 15 1 28
3 16 33 1
3 17 2 18
3 19 1 12
3 20 132 1
3 23 30 18
3 24 27 1
3 25 4 21
4 0 80 2
4 3 7 5
4 5 14 6
4 9 134 1
4 10 100 1
4 12 35 2
4 13 12 26
4 14 1 24
4 15 39 5
4 17 2 6
4 18 3 23
4 19 1 21
4 21 31 1
4 24 40 5
5 0 167 1
5 1 181 1
5 3 10 2
5 4 3 14
5 6 30 6
5 8 284 1
5 9 41 28
5 10 139 1
5 12 99 2
5 16 67 1
5 17 121 1
5 24 39 1
5 26 22 28
6 1 35 1
6 2 1 25
6 3 134 1
6 4 252 1
6 5 27 22
6 7 9 1
6 8 224 1
6 9 4 28
6 10 1 11
6 11 121 1
6 12 160 2
6 13 15 4
6 14 2 12
6 19 1 24
7 0 1 26
7 1 1 3
7 3 1 8
7 4 266 5
7 6 1 21
7 9 3 1
7 10 2 22
7 11 9 14
7 13 154 2
7 14 6 17
7 16 1 29
7 20 154 9
7 22 86 2
7 24 117 1
8 0 44 1
8 1 223 1
8 2 24 13
8 3 57 1
8 5 275 1
8 6 163 2
8 7 8 1
8 9 4 3
8 10 117 1
8 11 1 4
8 13 1 7
8 14 2 7
8 15 157 3
8 16 103 1
8 17 1 2
8 22 1 17
8 24 46 1
8 26 1 23
9 0 117 2
9 1 1 16
9 3 1 4
9 4 243 1
9 5 49 11
9 6 3 13
9 7 5 12
9 8 172 1
9 11 21 1
9 12 114 1
9 14 1 1
9 15 1 6
9 25 1 5
9 26 53 1
10 1 12 8
10 3 4 17
10 5 96 1
10 6 2 17
10 7 6 2
10 8 4 21
10 9 169 1
10 12 151 19
10 13 176 2
10 14 330 21
10 15 7 8
10 18 1 29
10 24 1 8
10 25 150 2
11 1 231 2
11 6 2 17
11 7 208 12
11 8 398 1
11 9 2 6
11 10 2 28
11 13 120 1
11 14 3 22
11 15 113 1
11 18 69 1
11 20 3 22
11 21 1 21
11 24 1 19
11 25 80 1
12 0 2 3
12 1 5 16
12 5 97 22
12 6 141 1
12 8 128 2
12 10 246 1
12 11 3 1
12 13 1 15
12 14 83 3
12 18 2 1
12 19 1 24
12 20 10 2
12 22 53 1
13 0 55 2
13 4 55 8
13 5 4 19
13 6 1 22
13 8 26 13
13 10 6 14
13 14 1 16
13 20 1 18
14 1 22 15
14 3 39 2
14 6 94 10
14 7 186 1
14 8 126 1
14 9 76 2
14 10 3 17
14 12 7 3
14 13 12 13
14 18 4 8
14 20 1 15
14 23 28 3
15 3 1 29
15 4 5 29
15 6 98 1
15 7 1 20
15 10 164 1
15 11 35 1
15 14 1 14
15 23 1 21
16 0 127 1
16 1 131 1
16 3 41 1
16 5 40 1
16 7 5 11
16 8 12 1
16 17 214 1
16 18 1 1
16 24 23 1
17 0 1 12
17 2 142 1
17 3 3 22
17 4 1 3
17 6 99 16
17 7 25 3
17 8 49 2
17 9 12 7
17 11 1 21
17 13 28 1
17 16 88 1
17 18 109 1
17 19 73 4
17 26 1 16
18 0 119 2
18 1 5 4
18 3 1 18
18 4 163 1
18 7 21 28
18 8 128 1
18 10 8 5
18 12 3 1
18 15 1 5
18 16 7 1
18 23 3 27
18 26 1 14
19 7 1 18
19 8 4 1
19 20 3 29
19 22 1 6
19 23 1 16
20 0 15 21
20 1 19 9
20 3 1 15
20 5 2 8
20 8 1 24
20 10 2 24
20 11 61 3
20 12 82 15
20 15 1 7
20 19 100 1
20 23 1 27
21 7 1 26
21 8 1 10
21 14 3 7
21 16 3 22
21 26 1 25
22 3 14 17
22 5 2 8
22 6 16 1
22 9 1 21
22 10 1 23
22 12 82 1
22 13 5 12
22 20 49 25
22 21 2 14
22 24 27 12
23 7 9 9
23 8 2 21
23 10 60 1
23 11 5 9
23 13 1 17
23 14 2 27
23 17 44 2
23 24 1 25
23 27 14 12
24 0 12 1
24 1 73 1
24 3 36 1
24 5 5 4
24 6 110 3
24 7 19 1
24 8 104 1
24 9 2 25
24 10 27 2
24 11 1 12
24 12 1 29
24 16 6 3
24 17 8 22
24 23 4 13
24 26 5 19
24 27 1 12
25 0 3 18
25 2 29 29
25 7 239 1
25 8 1 5
25 10 32 1
25 11 209 2
25 12 1 17
25 15 19 2
25 21 1 20
25 23 5 29
25 27 2 27
26 10 90 4
26 12 2 19
26 16 27 9
26 22 1 25
26 24 45 11
27 1 1 26
27 6 57 2
27 7 13 6
27 10 1 5
27 25 4 16
