0 1 332 1
0 3 49 27
0 4 51 21
0 5 203 1
0 6 2 16
0 7 285 1
0 8 176 1
0 9 1 12
0 10 173 2
0 11 1 17
0 13 25 2
0 14 54 2
0 16 107 1
0 17 10 3
0 18 2 22
0 19 10 18
0 20 139 1
0 24 63 3
0 26 2 2
1 0 147 1
1 2 24 21
1 3 199 1
1 4 4 22
1 5 154 5
1 6 17 2
1 7 55 5
1 8 61 1
1 9 245 2
1 10 1 20
1 11 1 29
1 15 99 1
1 16 42 1
1 17 171 1
1 18 62 15
1 19 58 1
1 20 24 1
1 22 69 5
1 24 38 1
1 25 81 1
2 0 152 1
2 1 3 12
2 3 8 2
2 6 61 1
2 7 238 1
2 8 4 1
2 10 2 21
2 11 1 5
2 14 19 4
2 15 1 11
2 17 92 1
2 19 1 16
2 22 1 9
2 23 4 23
3 0 60 1
3 1 63 1
3 2 4 22
3 5 41 1
3 6 35 22
3 7 45 1
3 8 49 1
3 9 74 4
3 10 1 21
3 11 103 1
3 15 7 19
3 16 44 1
3 20 68 2
3 22 3 22
3 24 52 1
4 0 16 1
4 1 2 22
4 5 350 1
4 6 5 1
4 7 202 1
4 8 53 1
4 9 19 1
4 10 38 2
4 12 9 2
4 13 13 27
4 17 1 28
4 18 11 23
5 0 159 1
5 1 82 1
5 3 90 1
5 4 20 29
5 6 223 1
5 8 61 1
5 9 106 1
5 10 67 1
5 16 102 1
5 17 92 1
5 19 6 1
5 20 51 27
5 24 95 1
5 25 24 16
6 1 7 15
6 2 1 23
6 3 57 1
6 4 50 1
6 5 276 11
6 7 2 16
6 8 19 8
6 9 5 18
6 11 45 1
6 12 92 1
6 13 105 3
6 14 2 10
6 15 102 4
6 16 127 4
6 20 24 1
6 21 1 26
6 24 94 1
7 0 1 5
7 1 2 29
7 2 2 1
7 3 9 22
7 5 123 1
7 6 17 2
7 8 4 16
7 9 2 7
7 10 3 17
7 11 423 1
7 13 140 1
7 15 16 27
7 16 8 24
7 18 71 1
7 24 54 1
8 0 92 1
8 1 49 1
8 2 8 27
8 3 254 1
8 4 1 1
8 5 148 1
8 6 30 18
8 7 3 12
8 9 2 21
8 10 5 16
8 11 1 21
8 12 148 2
8 16 2 20
8 17 4 8
8 18 2 24
8 21 4 2
8 24 74 1
9 0 79 1
9 4 91 1
9 5 180 1
9 6 353 27
9 8 28 1
9 10 30 22
9 11 212 1
9 12 4 3
9 13 88 3
9 14 24 24
9 17 1 5
9 18 119 1
9 19 2 16
9 20 101 2
9 25 2 4
10 0 3 1
10 1 14 4
10 3 189 2
10 6 313 1
10 7 356 1
10 8 7 14
10 9 1 12
10 11 5 14
10 12 15 4
10 13 87 1
10 14 211 1
10 15 5 22
10 16 5 2
10 17 3 24
10 18 12 1
10 19 100 7
10 20 1 8
10 24 1 16
10 25 101 1
10 27 123 2
11 0 4 12
11 1 183 2
11 3 224 1
11 5 147 3
11 6 24 26
11 7 10 1
11 8 276 1
11 9 3 2
11 10 7 20
11 13 65 2
11 14 12 4
11 15 5 2
11 18 54 4
11 19 1 14
11 20 7 2
11 21 9 14
11 22 38 1
11 24 172 1
11 25 2 15
11 27 2 25
12 3 70 3
12 4 1 24
12 6 74 1
12 8 76 1
12 9 270 1
12 10 170 1
12 21 3 25
13 1 62 2
13 3 5 9
13 5 5 19
13 8 1 20
13 10 11 22
13 12 3 21
13 17 6 1
13 20 1 3
13 22 1 29
13 24 1 21
14 1 3 15
14 5 34 17
14 7 128 2
14 8 45 1
14 10 4 11
14 11 241 1
14 15 20 1
14 16 1 28
14 17 82 20
15 0 53 1
15 3 2 28
15 4 7 17
15 5 1 29
15 7 2 16
15 9 54 4
15 10 67 1
15 11 16 14
15 14 15 1
15 17 1 22
16 0 110 1
16 1 138 1
16 3 78 1
16 4 2 10
16 5 43 1
16 6 87 4
16 7 8 13
16 8 6 22
16 17 112 1
16 18 1 21
16 22 1 5
16 24 27 1
17 0 35 11
17 1 399 1
17 2 86 2
17 3 8 16
17 4 2 21
17 5 128 1
17 6 156 2
17 14 61 6
17 18 71 2
17 25 2 15
17 26 1 20
18 1 4 18
18 2 67 7
18 4 36 1
18 6 7 5
18 7 9 24
18 15 1 11
18 16 161 23
18 17 27 3
18 21 1 11
19 3 35 4
19 7 2 10
19 8 1 29
19 10 4 2
19 11 70 1
19 13 4 2
19 20 38 10
20 2 2 1
20 3 1 26
20 4 25 2
20 5 1 28
20 7 228 2
20 14 57 1
20 17 110 4
20 19 1 23
20 25 1 3
21 1 38 2
21 5 1 21
21 7 1 11
21 11 74 2
21 16 4 20
22 0 1 3
22 1 1 3
22 4 17 1
22 6 3 18
22 8 93 1
22 9 1 3
22 10 128 26
22 12 55 4
22 15 1 11
22 24 23 1
23 3 1 9
23 6 38 4
23 11 15 29
23 14 1 8
23 20 1 24
24 0 63 1
24 1 5 27
24 3 70 1
24 5 53 1
24 6 102 4
24 8 85 1
24 11 123 1
24 13 2 7
24 16 50 2
24 17 1 15
24 23 1 19
24 26 5 1
24 27 3 12
25 7 157 1
25 8 48 16
25 11 302 1
25 15 6 10
25 19 1 9
25 20 10 1
25 24 1 13
25 26 3 27
25 27 3 17
26 1 67 24
26 12 1 6
26 24 37 1
26 25 3 1
26 27 1 26
27 1 4 25
27 4 1 13
27 6 45 3
27 7 10 4
27 8 90 3
27 11 166 1
27 12 4 1
27 21 1 27
