0 1 305 1
0 3 390 1
0 4 1 12
0 5 181 2
0 6 2 12
0 7 283 1
0 8 154 1
0 10 173 1
0 11 2 25
0 13 25 19
0 14 54 1
0 16 94 1
0 17 3 28
0 19 3 10
0 22 57 2
0 24 7 14
0 26 2 21
1 0 118 2
1 2 14 16
1 3 99 1
1 4 3 7
1 5 108 1
1 6 23 5
1 8 98 1
1 9 244 9
1 10 5 25
1 11 2 2
1 16 21 1
1 17 167 1
1 18 56 15
1 19 57 1
1 21 54 7
1 23 3 6
1 24 20 1
2 0 150 1
2 1 10 24
2 3 11 14
2 5 6 26
2 6 58 1
2 7 235 1
2 8 3 1
2 10 1 11
2 13 16 15
2 17 90 1
3 0 39 1
3 1 43 1
3 2 3 29
3 4 3 28
3 5 17 4
3 6 11 13
3 7 42 1
3 8 24 1
3 11 101 1
3 12 63 7
3 16 23 1
3 17 22 2
3 19 2 8
3 20 67 2
3 24 31 1
3 27 3 11
4 0 15 2
4 1 5 2
4 2 1 23
4 5 345 1
4 6 10 3
4 7 201 1
4 9 18 1
4 10 37 1
4 12 8 2
4 15 27 1
4 16 160 2
4 17 14 13
4 18 3 26
4 19 44 22
4 20 8 5
4 24 30 6
5 0 137 1
5 1 58 1
5 2 5 20
5 3 69 1
5 6 192 1
5 8 64 1
5 9 103 1
5 10 64 1
5 11 1 8
5 12 44 1
5 16 80 1
5 17 91 1
5 18 109 2
5 24 74 1
6 1 5 12
6 2 1 26
6 4 47 1
6 5 278 1
6 7 2 16
6 8 161 6
6 9 13 11
6 10 146 1
6 11 44 1
6 12 91 1
6 21 2 26
6 26 11 28
7 0 1 27
7 1 7 1
7 3 41 20
7 5 122 1
7 6 16 2
7 8 4 26
7 9 11 13
7 10 1 2
7 11 424 1
7 12 3 28
7 15 19 22
7 18 70 3
7 19 1 9
7 22 65 2
7 23 1 9
7 25 1 18
7 27 114 1
8 0 72 1
8 1 24 1
8 2 3 19
8 3 234 1
8 4 8 1
8 5 121 1
8 6 47 20
8 7 22 11
8 9 7 15
8 10 19 12
8 11 5 15
8 12 147 2
8 16 39 1
8 18 2 12
8 19 2 23
8 21 4 5
8 23 102 2
8 24 52 1
9 0 79 1
9 1 48 1
9 3 1 29
9 4 88 1
9 5 170 1
9 6 85 1
9 8 27 1
9 10 12 2
9 11 211 1
9 14 2 3
9 19 13 3
9 20 101 26
9 23 66 2
9 24 39 1
9 25 45 11
10 3 189 1
10 4 194 21
10 5 10 1
10 6 309 1
10 7 354 1
10 8 66 15
10 9 1 27
10 11 1 20
10 12 3 22
10 13 85 1
10 14 205 1
10 15 7 28
10 16 5 16
10 22 136 4
10 25 100 1
10 27 122 5
11 0 1 27
11 1 182 2
11 2 1 7
11 3 222 1
11 7 5 1
11 8 273 1
11 9 36 10
11 10 2 27
11 12 4 5
11 13 64 1
11 14 1 28
11 15 4 1
11 20 7 1
11 21 2 25
11 23 6 2
11 24 169 25
11 25 1 6
11 27 1 14
12 4 5 10
12 6 73 1
12 7 1 21
12 9 266 1
12 10 168 1
12 13 1 10
12 14 43 1
12 15 1 12
12 16 2 1
12 19 1 11
13 1 61 5
13 4 60 11
13 6 5 8
13 7 1 3
13 9 21 24
13 10 2 25
13 11 118 12
13 18 16 4
14 1 1 9
14 4 1 13
14 5 1 21
14 6 1 8
14 7 127 2
14 8 44 1
14 9 29 1
14 10 74 24
14 11 239 1
14 13 9 1
14 15 18 2
14 25 2 25
15 0 52 5
15 4 1 9
15 6 73 4
15 7 12 3
15 9 20 22
15 10 65 1
15 11 17 11
15 12 90 2
15 14 13 1
15 23 3 10
15 26 1 4
16 0 88 1
16 1 116 1
16 3 57 1
16 5 30 1
16 8 58 1
16 11 2 20
16 17 109 1
16 21 2 9
16 24 5 7
17 0 37 7
17 1 395 1
17 2 85 1
17 3 1 27
17 6 156 1
17 7 6 6
17 8 10 6
17 10 14 15
17 11 9 29
17 12 68 2
17 18 70 1
17 19 55 6
17 24 35 21
17 25 22 12
17 27 10 7
18 0 97 2
18 1 1 2
18 3 1 10
18 4 34 1
18 9 53 4
18 11 15 1
18 13 31 28
18 15 5 17
18 16 26 1
19 0 2 19
19 4 21 19
19 10 4 2
19 11 69 5
19 13 4 6
19 16 17 1
19 20 3 22
20 0 7 2
20 1 5 8
20 3 4 27
20 4 25 5
20 7 228 1
20 8 2 21
20 10 1 13
20 19 1 6
20 23 8 28
20 25 1 24
21 0 1 12
21 1 38 2
21 3 20 1
21 4 5 23
21 11 73 4
21 16 1 14
21 17 4 23
21 19 2 21
21 23 12 11
22 0 1 12
22 2 4 15
22 5 2 5
22 6 1 14
22 7 1 27
22 8 93 2
22 21 16 25
23 7 34 10
23 8 2 25
23 10 30 4
23 11 35 24
23 15 13 2
23 24 3 14
24 0 53 1
24 1 69 1
24 3 64 1
24 5 31 4
24 8 63 1
24 10 6 1
24 11 20 1
24 14 2 3
24 15 8 1
24 16 40 1
24 23 4 11
24 27 1 23
25 1 65 2
25 4 34 6
25 6 1 2
25 7 155 1
25 8 1 19
25 11 296 1
25 12 8 16
25 16 10 18
25 23 7 2
25 27 11 18
26 0 50 16
26 7 70 2
26 10 80 1
26 11 1 26
26 12 1 1
26 15 1 16
26 17 41 8
26 22 1 24
26 27 1 1
27 0 6 10
27 4 2 19
27 5 18 13
27 7 1 10
27 10 1 9
27 18 3 29
27 26 53 1
