0 1 314 9
0 3 376 1
0 4 6 25
0 5 158 1
0 6 1 23
0 7 278 1
0 8 109 1
0 9 1 19
0 10 171 1
0 12 102 16
0 13 3 16
0 16 68 1
0 17 1 29
0 18 4 14
0 19 1 14
0 24 23 1
1 0 74 1
1 2 4 10
1 3 64 1
1 4 21 2
1 5 61 1
1 6 68 21
1 7 4 3
1 8 62 1
1 9 1 1
1 10 2 3
1 11 2 13
1 13 57 2
1 16 35 1
1 17 157 1
1 18 8 25
1 20 22 2
1 24 4 1
1 26 25 3
2 0 145 1
2 1 34 21
2 3 8 11
2 6 52 1
2 7 229 1
2 8 1 1
2 9 31 2
2 10 2 25
2 19 1 4
2 20 1 12
3 0 17 1
3 1 9 1
3 2 8 8
3 4 2 24
3 5 3 14
3 6 1 9
3 7 34 1
3 8 124 1
3 9 73 1
3 10 1 23
3 11 96 1
3 14 10 1
3 16 10 1
3 20 64 1
3 22 1 4
3 24 20 1
4 0 13 1
4 1 6 17
4 2 1 18
4 5 332 1
4 6 2 4
4 7 198 2
4 8 47 1
4 9 15 1
4 10 35 1
4 11 2 4
4 12 8 1
4 13 4 12
4 16 159 2
4 17 4 27
4 18 77 16
4 19 7 23
4 20 8 3
4 25 8 1
4 26 1 21
5 0 94 1
5 1 26 1
5 2 2 21
5 3 27 1
5 4 17 6
5 6 115 1
5 8 27 1
5 9 4 1
5 10 86 1
5 12 41 2
5 16 39 1
5 17 90 1
5 20 12 24
5 24 33 1
5 26 23 12
6 1 10 17
6 2 1 4
6 3 52 1
6 4 41 1
6 5 220 1
6 8 38 20
6 9 61 18
6 10 67 1
6 11 41 1
6 16 127 3
6 24 93 2
6 25 6 8
7 0 1 7
7 1 2 8
7 2 52 1
7 3 3 18
7 5 118 1
7 6 146 1
7 8 16 12
7 9 2 10
7 10 3 12
7 11 387 1
7 12 1 19
7 13 139 1
7 15 2 9
7 18 69 3
7 24 50 1
7 27 113 1
8 0 35 1
8 1 40 1
8 2 5 25
8 3 205 1
8 5 62 1
8 6 45 8
8 7 4 15
8 9 1 13
8 10 15 22
8 11 1 4
8 15 116 1
8 16 38 1
8 18 5 19
8 20 167 1
8 21 5 18
8 24 11 1
9 4 82 1
9 5 111 1
9 6 13 28
9 10 4 7
9 11 208 1
9 13 87 3
9 14 2 10
9 15 1 11
9 16 85 5
9 19 1 22
9 21 51 4
9 24 38 2
9 25 1 2
9 26 48 4
10 1 3 4
10 2 1 18
10 4 118 3
10 5 8 1
10 6 300 25
10 7 348 1
10 8 34 3
10 9 2 4
10 11 6 18
10 12 8 26
10 13 81 1
10 14 190 1
10 15 1 14
10 18 54 6
10 19 100 24
10 24 5 23
10 25 97 1
10 27 122 1
11 0 65 21
11 1 179 1
11 2 3 2
11 3 217 1
11 4 1 18
11 5 145 1
11 7 209 1
11 8 265 1
11 9 4 29
11 10 33 19
11 12 5 17
11 13 62 1
11 14 1 12
11 17 1 12
11 19 13 28
11 22 36 1
11 23 4 2
11 24 105 1
11 25 2 25
12 0 3 1
12 3 70 1
12 5 151 22
12 6 70 1
12 7 71 2
12 9 258 1
12 10 164 1
12 11 1 20
12 14 41 1
12 15 1 22
12 27 12 22
13 1 61 2
13 7 1 1
13 9 1 29
13 10 2 29
13 21 4 21
13 22 3 6
14 4 1 13
14 6 112 24
14 7 124 2
14 8 41 1
14 9 27 1
14 10 50 15
14 11 233 17
14 13 23 1
14 26 4 14
15 0 52 1
15 3 1 3
15 4 1 18
15 7 24 15
15 9 1 1
15 10 61 1
15 11 8 2
15 14 9 1
15 22 1 14
15 23 4 7
15 26 1 21
16 0 44 1
16 1 73 1
16 2 31 6
16 3 16 1
16 5 18 1
16 7 58 14
16 8 37 1
16 10 2 24
16 11 89 20
16 14 2 8
16 15 8 1
16 17 103 1
16 20 1 22
16 24 16 1
17 0 3 20
17 1 386 1
17 2 82 2
17 3 1 25
17 6 154 1
17 8 89 20
17 12 67 3
17 16 4 1
17 20 7 5
18 0 96 2
18 1 1 19
18 2 67 19
18 3 3 25
18 4 30 1
18 7 5 10
18 8 91 1
18 13 2 9
18 16 21 1
19 0 1 11
19 1 26 21
19 6 15 20
19 8 5 20
19 11 68 3
19 17 3 22
19 18 3 20
19 20 37 15
19 25 11 29
20 3 1 17
20 4 24 5
20 6 7 11
20 11 32 1
20 19 3 22
20 21 23 1
20 23 1 25
21 3 19 1
21 7 1 21
21 12 41 3
21 13 1 17
21 14 1 9
21 15 2 11
21 22 2 14
21 25 1 2
21 26 8 18
22 5 2 10
22 6 1 14
22 10 1 26
22 12 53 2
22 13 2 2
22 14 5 1
23 4 2 16
23 7 1 7
23 8 2 12
23 10 29 1
23 11 1 12
23 20 1 5
23 27 16 7
24 0 13 1
24 1 27 1
24 3 23 1
24 5 21 1
24 8 27 1
24 9 2 1
24 11 13 1
24 12 45 17
24 13 2 24
24 14 4 27
24 16 20 1
24 17 11 15
24 22 3 10
24 25 21 1
24 26 1 17
25 3 2 19
25 5 1 7
25 6 6 10
25 7 150 1
25 8 1 23
25 10 3 1
25 11 282 1
25 16 1 8
25 18 20 15
25 24 1 11
25 27 10 6
26 4 55 2
26 7 69 1
26 10 79 9
26 11 1 5
26 27 5 8
27 6 45 1
27 10 50 13
27 11 162 3
27 26 50 2
