0 1 9 25
0 3 12 25
0 5 32 14
0 6 1 18
0 7 255 1
0 8 28 3
0 9 104 16
0 10 161 2
0 13 1 16
0 16 12 28
0 17 32 20
0 19 1 17
0 20 115 1
0 24 24 24
1 0 10 25
1 2 4 12
1 3 15 6
1 4 3 7
1 5 18 10
1 6 3 20
1 7 1 3
1 8 14 5
1 9 33 1
1 10 2 20
1 11 1 19
1 12 59 1
1 16 42 9
1 17 112 1
1 18 4 22
1 19 45 2
1 20 16 1
1 23 2 9
1 24 14 12
2 0 121 1
2 1 1 20
2 3 4 21
2 6 36 1
2 7 200 1
2 8 1 17
2 10 1 24
2 17 75 1
2 25 25 3
3 0 14 26
3 1 26 1
3 2 4 16
3 4 5 5
3 5 13 22
3 6 30 1
3 7 8 1
3 8 11 9
3 9 66 2
3 10 1 3
3 11 74 1
3 16 16 1
3 17 148 1
3 20 51 2
3 24 22 21
4 1 3 26
4 5 267 1
4 6 2 22
4 7 187 1
4 8 310 1
4 10 25 1
4 16 152 1
4 17 1 6
4 18 1 4
4 19 7 14
5 0 14 6
5 1 41 25
5 3 13 3
5 4 18 1
5 6 89 1
5 7 30 1
5 8 19 8
5 9 97 1
5 10 58 21
5 12 31 2
5 16 13 20
5 19 5 3
5 21 7 24
5 24 32 3
6 0 1 7
6 1 3 8
6 2 2 4
6 4 17 1
6 5 231 1
6 7 2 8
6 8 151 28
6 10 179 2
6 12 73 2
6 13 100 4
6 16 124 2
6 22 2 13
6 26 12 28
7 0 1 10
7 1 2 20
7 2 212 1
7 3 3 25
7 5 100 2
7 6 134 1
7 8 5 19
7 9 5 10
7 10 1 9
7 11 141 1
7 12 3 27
7 13 134 1
7 15 1 9
7 16 2 18
7 19 3 24
7 20 1 15
7 22 59 3
7 24 38 2
7 25 1 19
7 26 1 5
8 0 13 11
8 1 19 26
8 2 15 21
8 3 23 20
8 4 329 2
8 5 11 11
8 6 63 21
8 7 4 2
8 9 258 5
8 10 6 10
8 11 3 27
8 13 3 8
8 16 20 8
8 18 14 29
8 19 60 16
8 20 159 1
8 23 100 2
8 24 13 28
8 26 2 7
9 0 69 1
9 1 2 2
9 4 55 1
9 5 121 1
9 6 418 1
9 7 259 1
9 10 4 11
9 11 191 1
9 13 83 2
9 14 4 20
9 15 7 10
9 16 83 1
9 17 3 19
9 19 1 15
9 22 69 14
9 27 52 6
10 1 31 12
10 2 1 10
10 4 3 28
10 6 159 1
10 7 320 1
10 8 4 4
10 9 3 18
10 11 15 27
10 13 63 1
10 14 127 1
10 15 11 25
10 17 1 8
10 22 129 1
10 24 7 27
10 25 86 1
11 0 20 11
11 1 167 2
11 3 193 1
11 6 9 8
11 7 176 1
11 8 228 1
11 9 12 23
11 10 1 8
11 13 50 2
11 14 3 9
11 15 1 4
11 17 1 18
11 18 50 2
11 23 207 1
11 24 164 1
11 25 9 23
11 27 6 24
12 2 61 3
12 5 151 3
12 6 57 1
12 7 2 7
12 8 62 2
12 9 225 1
12 10 146 1
12 11 183 28
12 13 1 13
12 14 34 1
12 15 1 14
12 22 21 1
13 4 9 2
13 6 1 26
13 8 1 5
13 9 4 22
13 11 113 2
13 12 3 4
13 14 6 4
13 15 16 2
13 16 18 4
13 17 5 1
13 27 11 1
14 0 4 20
14 2 1 22
14 4 4 4
14 5 1 1
14 7 110 1
14 8 28 1
14 9 19 3
14 10 5 29
14 11 224 1
14 15 2 1
14 27 1 1
15 2 26 28
15 6 67 1
15 9 1 2
15 10 44 1
15 11 4 24
15 12 85 5
15 14 56 1
15 17 1 8
15 23 4 13
15 25 1 4
15 27 9 29
16 0 23 19
16 1 63 20
16 3 20 25
16 4 6 4
16 5 13 8
16 6 82 2
16 7 1 7
16 8 12 28
16 10 1 21
16 11 2 15
16 14 2 13
16 17 76 1
16 21 1 11
16 24 13 13
17 0 72 6
17 1 339 1
17 2 70 1
17 3 10 19
17 4 1 5
17 6 110 1
17 11 5 18
17 12 63 5
17 13 19 11
17 14 59 2
17 18 60 3
17 19 51 1
18 1 1 22
18 4 14 1
18 8 84 1
18 11 12 4
18 13 33 27
18 16 158 1
18 25 13 4
19 0 1 22
19 1 25 1
19 4 1 11
19 6 15 6
19 11 64 2
19 13 3 23
19 14 11 29
19 20 2 20
19 23 1 2
20 3 1 7
20 5 17 25
20 6 1 3
20 7 218 3
20 8 3 12
20 10 1 29
20 11 26 2
20 17 105 3
20 18 86 2
20 19 11 19
20 23 10 27
20 25 2 3
21 8 8 25
21 9 2 25
21 16 4 9
22 4 15 2
22 6 2 21
22 8 88 1
22 12 47 4
23 2 17 6
23 7 17 22
23 8 1 29
23 11 29 11
23 14 2 3
23 16 22 20
23 17 38 5
23 21 1 21
24 0 15 8
24 1 12 26
24 3 30 10
24 5 46 8
24 8 53 11
24 11 100 1
24 12 1 21
24 16 13 18
24 22 2 21
25 4 31 8
25 5 2 5
25 6 3 26
25 7 128 1
25 8 5 19
25 11 216 1
25 13 2 9
25 16 1 13
25 17 55 8
25 23 8 26
25 24 1 12
26 7 65 2
26 11 1 16
26 27 1 2
27 0 7 16
27 1 10 3
27 3 31 4
27 4 2 11
27 9 58 9
27 11 151 1
27 21 10 2
27 25 59 1
27 26 37 1
