0 1 12 9
0 2 1 1
0 3 45 5
0 4 1 7
0 5 30 2
0 7 248 1
0 8 235 20
0 9 4 8
0 10 158 3
0 15 49 1
0 16 15 29
0 17 5 19
0 18 3 8
0 19 16 28
0 20 109 1
0 21 1 2
0 24 47 10
0 26 4 1
1 0 13 18
1 2 129 10
1 3 16 4
1 4 7 19
1 5 15 3
1 6 8 28
1 7 59 13
1 8 17 16
1 9 29 1
1 10 20 8
1 12 57 3
1 14 2 9
1 16 29 10
1 17 100 1
1 19 42 1
1 24 33 18
1 26 1 13
2 0 114 1
2 1 2 7
2 3 34 19
2 5 1 1
2 6 48 1
2 7 191 1
2 8 2 23
2 9 23 3
2 10 17 7
2 16 41 2
2 17 71 2
2 19 3 25
2 20 1 29
3 0 17 27
3 1 17 24
3 2 45 18
3 4 1 7
3 5 16 9
3 7 3 1
3 8 14 26
3 9 64 3
3 11 67 2
3 12 59 8
3 15 9 8
3 16 36 20
3 20 47 1
3 24 22 12
4 0 4 1
4 1 18 17
4 5 247 1
4 6 15 11
4 7 183 1
4 8 31 1
4 11 24 6
4 12 3 1
4 13 7 18
4 18 1 14
4 19 6 23
5 0 32 6
5 1 58 10
5 2 1 21
5 3 28 16
5 4 189 2
5 6 38 1
5 7 26 2
5 8 24 27
5 9 66 1
5 10 55 1
5 12 28 3
5 16 16 8
5 17 80 4
5 20 1 6
5 24 16 27
6 0 1 18
6 1 27 28
6 2 2 26
6 3 35 1
6 5 59 2
6 7 1 20
6 8 11 23
6 9 15 19
6 10 168 1
6 11 25 2
6 12 69 2
6 14 2 2
6 15 4 1
6 21 20 10
6 25 1 7
7 0 8 27
7 1 1 3
7 2 204 1
7 3 3 29
7 5 95 1
7 6 126 1
7 8 125 22
7 9 3 22
7 10 2 25
7 11 349 1
7 13 132 2
7 14 166 1
7 15 3 11
7 17 1 3
7 18 64 2
7 22 58 1
7 23 3 19
7 24 35 2
7 26 1 29
8 0 16 2
8 1 109 3
8 2 7 20
8 3 16 2
8 4 64 1
8 5 17 6
8 6 55 8
8 7 42 25
8 10 13 28
8 11 1 6
8 12 129 2
8 13 1 4
8 16 15 15
8 17 3 3
8 18 1 12
8 20 156 2
8 23 99 2
8 24 15 24
8 25 21 24
8 26 2 16
9 0 66 1
9 4 48 1
9 5 100 1
9 6 7 1
9 7 257 13
9 8 5 1
9 10 5 5
9 11 186 1
9 12 1 25
9 17 135 16
9 25 45 11
9 27 51 7
10 1 1 3
10 2 1 19
10 3 183 1
10 4 116 6
10 6 288 1
10 7 310 1
10 8 4 24
10 9 3 17
10 11 2 7
10 14 110 1
10 15 2 15
10 16 1 6
10 17 1 8
10 22 126 2
10 24 9 2
10 25 82 1
10 27 118 1
11 0 3 16
11 1 163 2
11 2 1 9
11 3 186 1
11 5 133 1
11 6 1 9
11 7 283 1
11 8 217 1
11 9 8 14
11 10 103 14
11 13 47 1
11 14 83 21
11 15 2 13
11 17 8 24
11 19 13 16
11 23 204 1
11 24 154 1
11 25 7 19
12 1 178 24
12 2 60 4
12 3 67 1
12 7 3 10
12 9 212 1
12 10 140 1
12 11 1 13
12 13 73 1
12 14 31 3
13 1 57 5
13 7 2 3
13 10 2 29
13 14 1 19
13 22 1 14
14 1 2 20
14 3 28 1
14 4 2 20
14 7 106 1
14 8 24 1
14 9 17 3
14 10 57 7
14 11 216 1
14 12 1 24
14 13 21 1
14 23 20 3
15 0 47 1
15 1 83 3
15 6 65 2
15 9 1 14
15 10 39 1
15 11 5 20
15 12 84 1
15 13 2 11
15 14 50 1
15 17 11 8
15 24 12 1
16 0 15 29
16 1 15 16
16 2 28 2
16 3 15 4
16 4 1 29
16 5 32 11
16 6 80 5
16 7 1 26
16 8 15 8
16 10 1 13
16 11 1 24
16 17 69 1
16 18 10 9
16 22 1 20
16 24 15 28
17 0 1 23
17 1 324 1
17 2 66 2
17 3 1 24
17 4 2 18
17 5 119 4
17 8 2 24
17 10 1 24
17 18 58 1
17 19 49 3
17 25 1 3
18 0 89 1
18 1 18 22
18 3 3 18
18 4 10 2
18 7 1 17
18 8 81 2
18 9 44 1
18 14 1 15
18 16 150 1
18 17 18 3
18 23 1 23
18 25 6 16
18 26 3 6
19 1 23 2
19 12 3 9
19 20 2 15
20 0 4 3
20 3 3 24
20 4 20 1
20 5 71 6
20 6 1 8
20 7 216 1
20 13 7 14
20 19 2 4
20 25 8 20
21 0 1 5
21 9 2 10
21 12 34 5
21 20 40 1
22 6 1 13
22 7 3 11
22 9 24 5
22 13 1 1
22 23 3 8
22 24 21 1
23 7 1 29
23 9 1 13
23 11 5 3
23 12 52 2
23 14 7 17
23 17 37 14
23 24 19 14
24 0 24 23
24 1 16 6
24 3 16 1
24 5 18 20
24 6 98 2
24 7 1 17
24 8 51 26
24 11 93 1
24 16 17 11
24 19 8 13
25 0 3 10
25 1 60 1
25 7 121 1
25 9 48 3
25 11 196 1
25 12 2 12
25 18 2 23
25 27 1 15
26 10 76 1
26 11 40 20
26 23 8 25
26 27 1 22
27 6 41 2
27 10 3 13
27 23 8 6
27 25 3 1
27 26 33 1
