0 1 11 23
0 3 50 22
0 5 16 2
0 6 1 9
0 7 244 1
0 8 107 2
0 10 157 1
0 11 1 6
0 12 1 28
0 13 4 16
0 14 49 1
0 15 48 3
0 16 16 11
0 17 2 17
0 19 3 22
0 20 106 1
0 23 25 5
0 24 16 27
1 0 14 4
1 2 13 3
1 3 39 29
1 4 44 22
1 5 24 17
1 6 3 19
1 7 243 29
1 8 26 16
1 10 27 15
1 11 3 29
1 12 56 3
1 15 96 3
1 16 17 23
1 17 93 1
1 18 1 3
1 20 14 3
1 21 2 19
1 23 1 21
1 24 16 8
1 26 1 4
2 0 110 1
2 1 4 7
2 3 22 23
2 6 43 1
2 7 185 1
2 8 1 25
2 9 22 1
2 17 69 2
2 27 4 25
3 0 37 9
3 1 39 14
3 2 4 27
3 5 30 1
3 6 52 9
3 8 95 8
3 9 63 3
3 11 64 1
3 16 41 2
3 20 45 1
3 23 30 3
3 24 32 18
4 0 3 5
4 1 44 17
4 2 2 20
4 5 235 1
4 6 39 3
4 7 181 2
4 8 26 1
4 9 1 2
4 10 20 1
4 16 149 2
4 17 1 8
4 18 94 9
4 19 1 16
4 27 67 15
5 0 26 3
5 1 20 29
5 2 5 5
5 3 16 23
5 4 228 1
5 6 18 1
5 7 24 2
5 8 14 4
5 9 47 1
5 10 50 1
5 12 27 1
5 16 16 8
5 17 79 2
5 18 105 1
5 20 1 17
5 24 16 11
5 26 22 7
6 1 8 29
6 2 1 6
6 3 32 1
6 4 9 1
6 5 51 1
6 7 2 19
6 8 10 7
6 9 20 17
6 10 161 1
6 12 67 1
6 13 99 1
6 15 4 1
6 17 222 17
6 19 114 1
6 24 89 1
7 0 1 5
7 1 7 24
7 2 199 1
7 3 3 3
7 4 224 2
7 5 92 1
7 6 24 1
7 8 24 3
7 10 5 15
7 11 308 1
7 13 131 5
7 14 164 2
7 15 2 22
7 17 1 3
7 19 1 18
7 22 57 1
7 23 1 13
7 24 33 2
7 27 102 3
8 0 147 27
8 1 15 4
8 2 53 1
8 3 16 19
8 4 16 2
8 5 234 6
8 6 19 15
8 7 4 24
8 10 118 14
8 11 3 9
8 12 127 1
8 13 3 14
8 15 101 2
8 16 16 14
8 18 2 26
8 19 1 27
8 21 7 14
8 23 99 1
8 24 34 8
8 25 152 20
9 1 42 2
9 4 44 1
9 5 101 1
9 6 3 23
9 8 3 2
9 10 96 28
9 11 183 1
9 12 1 1
9 13 81 1
9 16 82 1
9 17 1 18
9 19 1 28
9 23 63 2
9 26 47 1
10 1 69 19
10 3 181 1
10 6 279 1
10 7 305 1
10 8 4 25
10 9 11 8
10 11 3 9
10 14 100 1
10 15 62 9
10 20 2 18
10 22 125 1
10 25 80 1
11 0 21 7
11 1 161 2
11 2 4 18
11 3 181 1
11 5 132 1
11 6 23 9
11 7 162 1
11 8 210 1
11 9 52 28
11 10 3 9
11 12 1 20
11 13 45 1
11 14 3 16
11 15 3 14
11 17 20 23
11 19 5 5
11 23 202 1
11 24 149 1
11 25 3 25
11 27 1 11
12 0 11 4
12 2 59 1
12 5 30 4
12 7 1 15
12 8 57 2
12 9 207 1
12 10 137 1
12 13 3 7
12 14 30 2
12 15 1 15
12 22 18 5
12 27 41 26
13 4 1 7
13 6 1 20
13 9 2 11
13 10 38 22
13 11 109 2
13 12 2 22
13 15 15 2
13 23 3 26
14 0 2 4
14 1 4 23
14 4 1 8
14 7 103 1
14 8 22 1
14 10 1 26
14 11 210 1
14 12 1 1
14 13 1 1
14 15 2 5
14 19 8 26
14 23 19 3
14 25 2 25
14 26 4 17
15 3 11 17
15 4 1 10
15 6 64 1
15 8 1 17
15 9 2 28
15 10 36 1
15 11 4 3
15 12 84 2
15 14 46 1
15 23 3 10
15 27 3 28
16 0 16 28
16 1 15 9
16 3 31 24
16 5 39 8
16 7 2 16
16 8 15 8
16 17 64 1
16 18 89 24
16 21 4 27
16 24 29 5
16 25 24 1
17 0 1 20
17 1 316 1
17 2 64 2
17 3 106 19
17 4 6 26
17 5 118 1
17 6 151 1
17 8 57 15
17 10 1 26
17 11 1 21
17 12 62 1
17 13 19 2
17 18 57 1
17 19 49 1
17 20 5 1
17 24 1 21
18 2 4 5
18 4 8 1
18 7 4 1
18 8 80 2
18 9 43 1
18 16 146 1
18 17 18 1
18 20 65 7
18 24 2 13
18 26 2 21
19 0 1 27
19 1 22 6
19 3 29 5
19 4 31 6
19 8 113 20
19 20 73 5
20 6 9 13
20 7 214 3
20 8 2 12
20 10 1 3
20 11 24 1
20 17 103 2
20 19 13 24
21 4 28 24
21 7 2 20
21 15 2 3
22 18 27 1
22 23 1 4
22 26 5 14
23 2 16 25
23 3 1 21
23 4 8 16
23 7 1 14
23 8 2 21
23 11 30 27
23 15 7 3
23 24 11 9
24 0 49 26
24 1 16 16
24 3 28 17
24 5 29 4
24 6 97 4
24 8 77 23
24 9 1 2
24 10 1 14
24 11 88 1
24 14 2 11
24 15 4 3
24 16 16 13
24 17 11 24
24 20 48 2
24 23 2 1
24 27 3 24
25 0 88 29
25 2 1 15
25 3 1 16
25 6 24 3
25 7 117 1
25 11 185 1
25 24 2 23
25 26 3 13
25 27 13 19
26 27 1 2
27 0 39 23
27 4 2 22
27 8 83 4
27 11 146 1
27 19 11 8
27 26 31 2
