0 1 11 18
0 2 108 2
0 3 39 19
0 5 4 8
0 6 4 3
0 7 219 1
0 8 141 6
0 11 1 5
0 13 4 28
0 15 44 1
0 16 105 20
0 18 9 28
0 19 21 16
0 20 88 1
0 24 4 5
1 0 3 24
1 2 5 12
1 3 4 25
1 4 8 27
1 5 26 2
1 6 2 26
1 8 26 29
1 10 9 23
1 12 50 1
1 14 1 25
1 16 47 15
1 17 58 1
1 18 2 8
1 19 32 1
1 21 1 28
1 24 31 4
1 27 67 26
2 0 87 1
2 1 81 1
2 3 25 28
2 4 12 2
2 6 18 1
2 7 155 1
2 8 11 10
2 10 10 29
2 15 2 23
2 17 57 1
2 20 1 12
2 25 24 1
3 0 23 3
3 1 70 25
3 2 2 4
3 5 5 12
3 7 1 1
3 8 8 11
3 9 57 2
3 10 1 14
3 11 45 1
3 15 8 29
3 16 74 24
3 17 143 2
3 21 4 27
3 24 57 12
4 1 3 22
4 2 2 19
4 5 168 1
4 6 26 28
4 7 169 1
4 8 303 1
4 16 141 1
4 17 1 2
4 18 1 8
4 19 3 2
4 22 2 25
5 0 11 22
5 1 4 28
5 2 3 3
5 3 148 20
5 4 215 1
5 6 15 15
5 8 50 15
5 9 20 1
5 10 42 1
5 12 18 3
5 16 19 18
5 18 101 3
5 21 7 21
5 24 95 5
6 1 10 4
6 2 3 21
6 3 21 2
6 5 32 1
6 7 9 26
6 8 2 17
6 9 131 1
6 10 136 1
6 11 14 3
6 13 94 3
6 22 3 7
6 23 15 1
6 25 12 1
6 26 4 26
6 27 88 12
7 0 9 28
7 1 6 27
7 2 25 1
7 3 186 27
7 4 214 2
7 6 7 1
7 8 126 8
7 9 7 23
7 10 59 2
7 11 215 1
7 12 10 26
7 14 163 1
7 15 5 16
7 17 4 29
7 19 1 21
7 22 52 4
7 23 142 22
7 25 222 22
7 27 95 2
8 0 14 1
8 1 4 6
8 2 3 4
8 3 4 4
8 4 61 26
8 5 2 3
8 6 15 19
8 7 5 11
8 10 7 4
8 11 3 22
8 12 115 2
8 13 1 11
8 14 2 10
8 15 91 1
8 16 104 16
8 17 16 16
8 19 2 4
8 20 146 1
8 24 29 7
9 0 57 2
9 1 40 1
9 4 24 1
9 5 49 1
9 6 121 1
9 10 17 6
9 11 166 1
9 14 1 9
9 17 1 26
9 19 22 15
9 20 100 4
10 1 8 12
10 2 1 21
10 3 27 1
10 5 1 12
10 6 125 1
10 7 274 1
10 8 1 26
10 9 4 4
10 11 2 18
10 12 286 18
10 13 39 1
10 14 52 1
10 15 1 20
10 16 11 13
10 18 17 13
10 22 118 2
10 24 1 1
10 25 69 2
10 27 114 1
11 0 1 3
11 2 2 1
11 3 157 1
11 5 122 2
11 6 3 15
11 7 342 1
11 8 174 1
11 9 13 27
11 10 1 10
11 13 35 1
11 14 13 16
11 15 3 12
11 17 20 15
11 18 45 3
11 19 1 2
11 20 168 3
11 24 117 1
11 25 2 5
12 3 63 5
12 4 12 24
12 5 28 4
12 6 39 1
12 7 3 15
12 8 48 1
12 9 166 1
12 10 119 1
12 19 33 28
13 6 1 25
13 7 1 8
13 8 4 9
13 9 8 13
13 12 1 23
13 14 58 1
13 15 13 1
13 18 13 25
13 22 1 23
14 1 4 1
14 5 32 26
14 6 1 11
14 7 89 2
14 8 12 1
14 10 1 28
14 11 182 1
15 2 30 4
15 3 1 18
15 7 25 1
15 8 1 16
15 10 23 1
15 11 4 8
15 13 2 23
15 14 26 1
15 17 1 18
15 18 12 2
15 20 9 1
15 22 1 16
15 25 5 12
16 0 4 11
16 1 53 22
16 3 4 22
16 5 4 15
16 8 51 22
16 10 1 23
16 17 42 1
16 22 1 4
16 24 5 5
17 0 99 6
17 1 266 1
17 5 112 3
17 16 1 2
17 18 49 2
17 26 3 18
18 0 83 2
18 1 9 29
18 3 5 20
18 7 2 18
18 8 72 2
18 9 37 1
18 11 10 1
18 16 120 1
18 17 13 1
18 24 2 4
19 0 1 25
19 6 1 5
19 7 5 11
19 8 5 16
19 15 1 9
19 16 14 3
19 18 1 5
19 20 2 24
19 22 1 17
19 25 1 8
20 3 1 23
20 6 2 8
20 7 205 3
20 11 19 4
20 12 70 3
20 13 1 27
20 17 99 1
20 19 41 28
20 25 11 11
21 4 2 3
22 4 12 7
22 6 1 29
22 7 1 7
22 9 25 11
22 11 1 17
22 12 39 1
22 14 29 20
22 15 1 5
22 24 19 6
23 8 2 15
23 10 17 1
23 11 1 7
23 12 48 2
23 14 1 8
23 15 4 6
23 22 13 2
24 0 108 16
24 1 82 8
24 3 93 12
24 5 4 21
24 6 95 1
24 8 95 6
24 11 61 1
24 12 5 14
24 16 146 1
24 17 2 10
24 25 15 1
24 26 4 9
24 27 4 3
25 1 55 2
25 6 1 20
25 7 95 1
25 8 48 4
25 9 43 4
25 11 124 1
25 12 4 26
25 13 2 1
25 24 2 1
25 27 3 27
26 7 59 3
26 12 1 4
26 15 1 25
26 18 1 4
26 27 3 13
27 0 39 29
27 8 80 1
27 10 3 2
27 18 17 18
27 21 1 1
27 22 6 29
27 26 20 1
