0 1 95 1
0 2 26 1
0 3 12 5
0 4 1 24
0 5 97 1
0 6 3 1
0 7 188 1
0 8 17 24
0 11 17 8
0 13 6 17
0 16 46 16
0 17 2 6
0 18 17 27
0 19 4 28
0 20 68 1
0 21 4 28
0 24 16 1
1 0 94 1
1 2 128 9
1 3 81 1
1 4 10 19
1 5 395 1
1 6 1 10
1 7 242 2
1 8 130 19
1 9 237 1
1 10 5 29
1 11 1 17
1 13 46 7
1 15 91 1
1 16 235 4
1 17 25 1
1 18 16 11
1 21 4 8
1 24 75 1
1 26 1 14
2 0 61 1
2 1 356 1
2 3 26 10
2 4 202 1
2 5 74 5
2 6 25 1
2 7 119 1
2 8 13 28
2 9 11 2
2 10 5 25
2 11 189 1
2 20 1 1
3 0 30 1
3 1 90 1
3 2 1 10
3 4 2 14
3 5 28 1
3 7 1 21
3 8 136 9
3 9 50 2
3 10 1 9
3 11 26 1
3 16 8 23
3 17 10 28
3 20 22 1
3 21 4 1
3 24 135 1
4 1 41 21
4 2 2 14
4 5 95 1
4 6 70 14
4 7 154 2
4 8 268 1
4 10 6 2
4 13 20 19
4 16 132 1
4 17 1 26
4 19 1 3
4 20 2 1
4 24 22 10
5 0 249 1
5 1 17 1
5 3 20 1
5 4 190 1
5 6 23 26
5 7 6 5
5 8 246 1
5 9 163 1
5 10 36 1
5 16 186 1
5 20 1 20
5 21 1 24
5 24 41 1
6 1 7 29
6 2 6 7
6 3 11 1
6 4 1 10
6 5 3 24
6 7 4 14
6 8 267 1
6 9 428 2
6 10 262 1
6 12 40 1
6 14 1 22
6 15 92 2
6 17 2 7
6 21 3 21
6 22 4 6
6 25 3 3
7 0 44 19
7 1 45 18
7 2 170 1
7 3 2 18
7 4 201 2
7 5 57 1
7 6 260 1
7 8 4 5
7 9 1 13
7 10 87 2
7 11 129 1
7 12 1 4
7 13 119 2
7 14 32 1
7 15 3 14
7 17 3 2
7 18 53 3
7 20 1 15
7 22 47 1
7 24 14 1
7 25 19 1
7 26 1 8
7 27 86 2
8 0 205 1
8 1 101 12
8 2 11 1
8 3 310 1
8 4 58 1
8 5 6 20
8 6 153 25
8 7 4 23
8 9 165 12
8 10 7 11
8 11 351 13
8 13 2 14
8 16 126 1
8 17 4 15
8 19 2 15
8 23 90 1
8 24 12 4
8 27 13 1
9 3 1 12
9 4 8 1
9 5 8 1
9 6 330 1
9 7 242 1
9 8 1 5
9 10 3 4
9 11 145 1
9 12 2 14
9 13 71 2
9 14 47 18
9 15 1 5
9 16 76 3
9 23 58 6
10 2 3 18
10 6 100 1
10 7 236 1
10 9 25 1
10 11 78 22
10 12 6 1
10 13 23 2
10 14 13 1
10 15 4 29
10 17 1 2
10 18 75 19
10 20 131 24
10 21 1 5
10 22 109 2
10 25 56 2
11 0 2 3
11 2 11 18
11 3 126 1
11 5 111 1
11 6 31 1
11 7 177 1
11 8 133 1
11 9 1 27
11 12 26 11
11 15 15 8
11 17 8 7
11 18 41 2
11 20 161 2
11 24 57 1
11 25 12 17
11 26 25 2
12 0 4 7
12 1 3 13
12 2 52 1
12 4 12 19
12 5 144 4
12 7 80 28
12 9 118 1
12 10 98 1
12 13 7 9
12 19 33 11
12 21 7 15
12 22 10 1
13 10 188 23
13 11 154 1
13 12 7 15
13 14 48 1
13 17 2 12
14 4 1 23
14 7 73 2
14 10 1 1
14 11 147 1
14 12 1 9
14 15 1 14
14 27 1 21
15 5 1 10
15 6 51 4
15 7 227 1
15 11 4 6
15 12 75 1
15 23 1 12
15 24 7 1
15 27 3 10
16 0 137 1
16 1 218 1
16 3 31 1
16 4 20 7
16 5 134 1
16 6 70 1
16 8 98 1
16 17 21 2
16 18 88 1
16 24 178 1
17 0 1 3
17 1 204 1
17 2 40 1
17 4 2 1
17 5 104 3
17 6 94 1
17 8 2 27
17 10 2 22
17 18 40 3
17 21 49 20
17 24 1 8
17 25 1 27
17 26 28 8
18 1 1 14
18 5 24 2
18 7 9 26
18 8 63 3
18 11 7 7
18 16 90 1
18 23 1 27
19 0 1 19
19 3 21 1
19 4 10 22
19 7 98 17
19 9 59 1
19 18 5 9
19 20 167 15
20 1 183 5
20 3 4 29
20 6 2 7
20 8 2 19
20 10 1 13
20 17 93 1
20 19 74 16
20 23 21 29
20 24 73 28
21 9 1 19
21 13 1 15
21 25 1 24
21 26 9 17
22 0 47 27
22 21 14 7
22 24 17 3
23 3 3 8
23 7 18 1
23 9 5 19
23 10 11 5
23 11 1 13
23 12 43 5
23 15 2 1
23 22 6 1
23 24 2 28
23 25 3 5
24 0 242 1
24 1 40 1
24 3 166 1
24 5 12 8
24 7 2 8
24 8 15 13
24 11 34 1
24 15 1 6
24 16 106 1
24 17 1 3
25 1 51 5
25 5 1 19
25 7 70 1
25 11 62 1
25 26 44 19
26 8 8 1
26 12 1 10
26 13 13 15
26 15 2 11
26 18 1 8
26 23 1 18
26 27 3 21
27 6 35 2
27 7 1 21
27 14 4 2
27 19 1 4
27 25 43 2
27 26 9 2
