0 1 18 3
0 2 80 1
0 3 13 10
0 4 9 7
0 5 64 22
0 6 48 2
0 7 120 1
0 8 242 19
0 9 34 6
0 10 107 1
0 11 99 6
0 16 15 14
0 17 28 23
0 18 1 13
0 19 62 14
0 24 15 28
0 26 1 15
1 0 56 2
1 2 13 26
1 3 17 28
1 4 1 3
1 5 23 26
1 6 9 3
1 7 106 1
1 8 188 10
1 9 197 1
1 10 1 22
1 14 8 23
1 15 83 1
1 16 15 5
1 17 1 10
1 24 15 18
2 0 16 1
2 1 185 1
2 3 131 1
2 4 176 2
2 7 47 1
2 8 57 27
2 10 28 11
2 14 7 2
2 17 18 1
3 0 17 5
3 1 222 21
3 2 116 1
3 4 5 9
3 5 35 8
3 6 231 7
3 7 3 21
3 8 69 15
3 9 34 2
3 10 1 24
3 11 1 5
3 15 2 21
3 16 15 16
3 18 1 17
3 24 43 10
4 1 2 7
4 3 4 5
4 5 2 1
4 6 198 12
4 7 119 2
4 8 181 1
4 9 2 26
4 11 23 1
4 15 11 1
4 17 1 17
4 27 64 2
5 0 15 2
5 1 28 21
5 3 68 13
5 4 109 1
5 6 9 22
5 8 264 28
5 9 1 19
5 11 3 4
5 16 153 16
5 24 20 9
6 0 1 6
6 1 29 29
6 2 13 4
6 4 2 29
6 5 44 8
6 7 2 3
6 8 168 1
6 9 364 1
6 10 38 1
6 12 14 1
6 21 1 15
6 24 70 3
6 25 1 3
7 0 5 21
7 1 57 20
7 2 89 1
7 4 168 2
7 5 22 2
7 6 177 1
7 8 18 29
7 9 1 3
7 11 1 1
7 12 1 19
7 13 101 1
7 14 154 1
7 15 1 27
7 20 252 11
7 22 34 1
7 25 20 1
8 0 15 18
8 1 20 16
8 2 79 26
8 3 99 9
8 4 276 1
8 5 17 6
8 6 6 1
8 7 23 9
8 9 268 1
8 10 4 1
8 11 348 1
8 13 1 4
8 14 2 8
8 15 53 1
8 16 15 26
8 17 17 1
8 19 31 28
8 22 118 11
8 24 39 4
8 26 1 22
9 0 29 2
9 1 222 1
9 2 3 14
9 3 29 2
9 5 8 26
9 6 191 1
9 7 212 2
9 8 2 15
9 10 8 8
9 11 98 2
9 12 55 11
9 13 57 1
9 18 75 3
9 20 12 13
10 1 1 28
10 2 4 25
10 3 147 1
10 4 178 1
10 5 4 8
10 6 33 1
10 7 149 1
10 8 268 1
10 9 4 1
10 11 2 24
10 12 267 1
10 14 2 19
10 15 21 23
10 18 8 3
10 20 1 23
10 22 87 2
10 23 1 13
10 25 31 1
10 27 97 2
11 3 64 1
11 6 3 10
11 7 18 1
11 8 54 1
11 9 187 29
11 10 257 1
11 12 15 6
11 14 4 2
11 15 8 18
11 17 1 14
11 20 142 3
11 23 136 1
11 24 62 1
11 25 8 27
12 0 1 8
12 1 175 1
12 3 53 1
12 5 127 2
12 6 7 1
12 8 16 2
12 9 33 1
12 10 55 1
12 13 24 2
12 14 4 1
13 2 2 18
13 9 10 26
13 10 15 2
13 11 122 2
13 12 1 27
13 14 13 1
13 21 1 9
14 5 11 1
14 6 34 5
14 10 345 1
14 11 68 1
14 12 1 23
14 15 6 9
14 17 75 1
14 22 17 1
14 24 7 2
15 1 65 4
15 5 3 21
15 6 36 1
15 7 246 1
15 11 38 8
15 13 2 5
15 14 1 8
15 17 5 3
15 25 2 4
15 26 2 13
16 0 63 19
16 1 62 7
16 3 36 26
16 5 103 14
16 8 46 29
16 14 1 19
16 18 70 1
16 23 1 24
16 24 15 1
17 0 1 14
17 1 82 1
17 2 15 2
17 4 39 4
17 5 85 3
17 6 131 21
17 8 1 29
17 11 11 8
17 15 2 2
17 16 1 27
17 18 23 1
17 19 29 1
17 21 49 19
17 24 1 24
17 26 2 13
18 0 61 1
18 4 1 13
18 7 6 17
18 9 16 5
18 16 32 1
18 20 56 1
18 26 1 29
19 0 28 11
19 1 1 3
19 3 13 2
19 14 11 2
19 20 129 1
19 22 1 12
20 2 1 7
20 3 1 12
20 7 165 1
20 10 1 12
20 19 2 6
20 21 19 1
21 1 29 1
21 2 1 1
21 8 19 28
21 11 58 9
21 18 29 8
21 25 1 7
22 2 7 13
22 6 1 4
22 7 1 29
22 9 1 6
22 10 28 5
22 12 18 1
22 14 1 17
22 16 9 24
22 20 47 1
22 24 13 1
23 2 15 3
23 8 26 3
23 11 4 12
23 14 9 20
24 0 32 12
24 1 38 21
24 3 77 6
24 5 16 2
24 7 1 20
24 8 26 21
24 11 1 1
24 13 1 10
24 14 38 3
24 16 61 5
24 22 27 3
25 1 41 7
25 7 24 2
25 16 1 13
25 24 6 17
25 27 11 1
26 4 50 1
26 5 23 21
26 7 43 5
26 11 3 15
27 0 1 20
27 11 84 2
27 18 17 8
27 21 1 3
27 25 22 2
