0 1 338 20
0 2 11 1
0 5 56 17
0 6 242 1
0 7 100 1
0 8 1 14
0 9 7 23
0 10 98 1
0 11 1 13
0 12 2 6
0 15 27 2
0 16 2 6
0 17 2 3
0 18 20 25
0 19 59 1
0 24 32 9
0 25 1 23
1 0 5 23
1 2 300 1
1 3 177 17
1 4 122 26
1 5 74 1
1 6 2 1
1 7 222 1
1 8 3 13
1 9 181 1
1 11 2 14
1 12 22 4
1 15 80 1
1 16 33 15
1 18 1 29
1 19 4 1
1 22 62 13
1 24 137 22
1 25 56 1
1 27 1 19
2 1 107 1
2 3 89 1
2 4 164 2
2 7 30 2
2 8 3 3
2 10 2 11
2 11 18 1
2 15 2 13
2 17 12 2
2 20 1 9
2 26 21 9
3 0 74 28
3 1 47 26
3 2 74 1
3 4 39 28
3 5 159 29
3 7 15 9
3 8 2 22
3 9 29 2
3 10 2 24
3 14 1 7
3 16 35 6
3 24 2 13
3 25 36 2
4 0 3 15
4 1 55 10
4 3 2 27
4 6 21 13
4 8 154 1
4 9 1 6
4 14 103 1
4 15 9 5
4 16 100 2
4 17 5 22
4 18 15 1
4 22 54 24
4 24 16 1
5 0 1 12
5 1 36 9
5 2 2 11
5 3 2 13
5 4 25 1
5 6 125 18
5 8 30 10
5 9 3 19
5 16 58 18
5 17 39 1
5 18 78 4
5 20 5 11
5 21 11 26
5 24 1 21
5 26 22 19
6 0 1 26
6 1 6 13
6 2 1 1
6 4 1 28
6 5 21 10
6 7 1 3
6 8 106 1
6 9 31 1
6 10 156 1
6 11 1 24
6 12 9 1
6 13 71 5
6 15 72 2
6 16 104 5
6 17 265 1
6 19 108 2
6 21 3 4
6 22 1 21
6 24 67 2
7 0 1 26
7 1 59 5
7 2 67 1
7 3 24 1
7 5 14 2
7 6 43 1
7 8 25 29
7 10 22 17
7 11 7 8
7 13 95 1
7 14 142 1
7 18 39 1
7 19 10 14
7 21 1 14
7 22 31 1
7 23 7 27
7 27 60 1
8 0 3 25
8 1 41 14
8 3 56 10
8 4 253 1
8 5 12 23
8 6 425 1
8 7 7 3
8 9 153 1
8 10 16 25
8 11 339 2
8 12 60 3
8 13 24 2
8 14 116 2
8 16 1 8
8 17 42 1
8 18 1 7
8 23 75 5
8 24 93 17
8 26 2 6
9 1 207 2
9 2 1 1
9 3 27 12
9 4 1 3
9 5 6 14
9 6 130 1
9 7 201 2
9 8 20 29
9 10 76 29
9 11 85 1
9 12 34 11
9 14 1 25
9 15 1 18
9 18 69 3
9 20 12 1
9 21 4 4
9 24 17 4
9 25 1 22
10 2 3 26
10 3 133 1
10 4 101 1
10 5 1 21
10 6 89 1
10 7 123 1
10 8 263 12
10 9 15 20
10 11 6 22
10 14 2 7
10 16 94 29
10 20 2 20
10 22 80 3
10 24 3 12
10 27 94 1
11 0 4 4
11 1 89 1
11 2 1 16
11 3 47 1
11 4 189 1
11 6 1 7
11 8 35 1
11 9 1 3
11 10 234 1
11 13 3 5
11 14 85 1
11 15 35 3
11 17 134 23
11 18 31 1
11 22 4 1
11 23 123 1
11 24 9 1
11 25 37 3
12 5 15 2
12 7 16 25
12 9 16 1
12 10 43 1
12 17 1 8
12 23 3 25
13 9 1 13
13 11 111 2
13 12 9 16
14 2 34 3
14 4 1 20
14 5 36 3
14 6 33 1
14 7 31 1
14 8 1 5
14 9 1 18
14 10 45 1
14 11 48 1
14 13 5 5
14 15 1 2
14 22 16 5
14 25 2 11
15 3 1 1
15 7 224 1
15 8 1 29
15 9 40 13
15 11 22 1
15 13 1 18
15 20 3 4
16 0 36 15
16 1 4 6
16 2 14 3
16 3 2 21
16 5 112 25
16 6 53 2
16 8 42 6
16 10 8 26
16 18 54 1
16 24 54 15
17 1 52 1
17 4 1 16
17 5 79 2
17 6 52 7
17 9 1 18
17 10 1 12
17 11 1 17
17 12 41 2
17 14 44 2
17 16 1 28
17 19 26 1
17 23 1 11
17 25 59 4
18 0 57 1
18 1 7 13
18 4 7 10
18 6 2 20
18 7 10 24
18 8 39 1
18 16 19 2
18 24 37 20
18 25 1 22
19 0 52 16
19 1 106 2
19 3 10 7
19 4 1 26
19 11 39 1
19 18 8 12
19 20 208 1
20 1 178 1
20 3 1 7
20 6 4 8
20 7 155 1
20 8 1 8
20 15 1 27
20 19 42 13
20 27 1 1
21 0 1 9
21 5 8 21
21 8 2 20
21 9 54 22
21 12 9 1
21 17 4 21
22 4 6 12
22 5 3 22
22 8 58 2
22 9 1 1
22 10 24 1
23 11 182 8
23 14 10 20
23 19 1 26
23 21 1 21
24 0 18 27
24 1 57 17
24 3 121 15
24 5 18 7
24 7 2 29
24 8 1 20
24 9 1 27
24 10 1 22
24 12 11 18
24 16 2 18
24 17 2 20
24 20 37 1
24 21 12 8
24 27 1 21
25 1 38 3
25 7 14 3
25 8 2 25
25 10 3 21
25 12 6 17
25 17 1 11
25 23 8 10
25 24 1 11
26 3 6 18
26 9 54 2
26 11 1 9
26 21 9 17
27 0 1 12
27 8 61 1
27 9 48 1
27 10 113 27
27 18 17 24
27 21 1 20
