0 1 194 1
0 2 81 1
0 3 295 1
0 4 115 8
0 5 27 8
0 6 231 1
0 7 72 1
0 8 128 1
0 10 85 1
0 11 4 29
0 12 115 7
0 14 29 2
0 16 14 2
0 17 118 7
0 18 32 7
0 19 63 1
0 20 10 1
0 24 35 21
1 0 139 23
1 2 246 1
1 3 384 1
1 5 97 14
1 6 274 1
1 7 210 1
1 8 110 1
1 9 156 1
1 11 1 16
1 12 16 2
1 13 32 9
1 16 272 1
1 17 1 27
1 18 11 5
1 24 19 4
1 25 51 2
1 26 1 20
2 1 23 1
2 3 24 1
2 4 143 1
2 5 49 2
2 6 2 9
2 7 11 2
2 8 2 20
2 10 1 22
2 11 10 2
2 12 1 14
2 14 4 1
2 17 5 2
2 19 1 14
2 20 1 7
3 0 16 11
3 1 127 6
3 2 4 1
3 4 7 26
3 5 120 1
3 6 208 1
3 7 12 18
3 8 38 11
3 9 23 1
3 10 28 19
3 12 38 4
3 15 13 28
3 16 212 1
3 17 110 1
3 24 93 1
4 0 1 1
4 1 1 25
4 2 1 12
4 3 2 3
4 5 3 25
4 6 4 13
4 7 92 2
4 8 114 1
4 9 3 21
4 10 1 6
4 11 19 1
4 12 4 28
4 16 88 3
4 17 7 18
4 18 24 1
4 19 1 21
4 27 62 1
5 0 193 1
5 1 122 1
5 3 53 1
5 4 36 1
5 6 348 1
5 8 83 1
5 9 20 18
5 11 25 13
5 16 128 1
5 24 2 9
6 1 1 25
6 2 1 21
6 4 5 3
6 5 237 20
6 7 71 16
6 8 3 11
6 9 213 1
6 10 102 1
6 12 3 2
6 13 64 2
6 16 99 2
6 17 252 2
6 18 6 17
6 24 61 5
6 25 1 21
6 26 1 5
7 0 10 26
7 1 1 9
7 2 37 2
7 3 277 1
7 4 141 1
7 5 5 4
7 6 146 1
7 8 23 1
7 10 22 21
7 11 34 5
7 12 2 17
7 13 85 3
7 14 123 1
7 15 1 15
7 16 11 28
7 18 33 3
7 19 1 13
7 22 25 5
7 24 1 7
7 25 195 1
7 26 1 28
7 27 50 1
8 0 105 1
8 1 58 1
8 2 352 1
8 3 213 1
8 4 223 1
8 5 57 25
8 6 181 1
8 7 160 20
8 9 119 1
8 10 1 3
8 11 427 1
8 12 47 2
8 14 111 1
8 15 34 1
8 16 38 1
8 24 178 1
8 25 154 2
8 26 15 28
9 1 183 1
9 2 1 23
9 3 101 3
9 4 8 23
9 5 10 14
9 6 54 1
9 7 184 1
9 8 2 6
9 10 3 25
9 11 65 1
9 12 17 19
9 14 5 29
9 18 60 2
10 0 1 20
10 2 20 14
10 3 113 1
10 4 165 1
10 5 2 12
10 6 49 1
10 7 87 1
10 8 190 1
10 9 34 24
10 11 7 27
10 12 234 1
10 14 8 25
10 15 125 19
10 17 1 25
10 20 151 11
10 22 70 1
10 23 2 29
10 24 1 23
10 27 87 1
11 0 4 11
11 1 73 2
11 3 26 2
11 5 63 1
11 7 6 6
11 8 14 1
11 9 3 23
11 10 46 1
11 12 1 5
11 14 2 6
11 15 1 22
11 16 1 28
11 19 2 3
11 20 126 2
11 23 102 1
11 24 23 1
11 25 3 24
11 26 109 2
11 27 129 1
12 1 169 2
12 4 9 1
12 5 7 1
12 7 20 14
12 9 1 3
12 10 28 1
12 13 123 1
12 15 8 13
12 17 1 16
12 21 11 22
12 24 52 1
12 27 55 3
13 7 1 9
13 8 14 3
13 9 1 26
13 10 213 1
13 12 8 7
13 25 1 11
13 26 13 17
14 1 97 10
14 6 132 20
14 10 259 1
14 11 23 1
14 13 1 7
14 19 1 21
14 24 4 1
14 25 7 16
15 0 20 3
15 5 4 27
15 7 187 1
15 8 1 29
15 11 381 1
15 12 51 1
15 14 1 20
15 17 12 15
15 22 1 11
15 23 13 26
15 26 1 12
15 27 1 5
16 0 49 22
16 1 142 1
16 2 11 5
16 3 6 28
16 4 1 18
16 5 47 1
16 6 47 2
16 8 18 21
16 12 53 23
16 18 56 1
16 19 10 6
16 24 43 5
17 0 103 29
17 1 19 1
17 3 1 5
17 4 1 25
17 8 1 29
17 9 5 24
17 10 22 22
17 16 2 16
17 24 1 15
17 26 1 8
18 0 49 5
18 3 1 5
18 4 4 3
18 6 3 21
18 7 1 1
18 8 30 1
18 10 1 14
18 14 31 2
18 16 5 1
19 0 2 17
19 1 92 2
19 11 34 5
19 14 11 20
19 20 133 1
20 0 274 1
20 1 172 1
20 2 6 13
20 6 5 2
20 8 2 4
20 10 3 27
20 15 1 23
20 17 70 1
20 19 4 2
20 21 17 5
20 25 1 16
21 1 26 1
21 7 1 12
21 9 6 15
21 12 6 2
21 16 1 2
22 2 7 29
22 6 1 12
22 12 9 3
22 23 17 4
23 1 1 4
23 12 27 1
23 15 1 27
23 24 22 4
24 0 28 1
24 1 81 1
24 3 153 1
24 5 136 1
24 7 9 26
24 8 204 1
24 11 2 23
24 16 23 1
24 19 1 26
24 21 11 12
25 4 15 1
25 5 1 2
25 6 1 7
25 8 1 7
25 9 22 1
25 10 2 21
25 11 5 26
25 17 1 10
25 20 1 9
25 21 1 5
25 23 9 29
25 24 4 28
26 4 48 1
26 9 52 17
26 12 7 22
26 22 1 10
26 23 5 2
26 25 13 1
26 27 84 19
27 0 1 29
27 1 20 12
27 11 58 1
27 13 5 27
27 18 7 11
27 21 1 28
27 22 5 1
27 24 1 24
27 25 8 2
