0 1 85 1
0 2 54 1
0 3 120 1
0 4 116 11
0 5 223 1
0 6 30 1
0 7 62 1
0 8 76 1
0 9 1 25
0 10 81 1
0 11 1 21
0 14 27 6
0 16 37 1
0 19 124 1
0 20 7 1
0 23 11 4
0 24 45 1
0 25 1 8
1 0 223 1
1 2 181 1
1 3 3 11
1 5 89 1
1 6 141 1
1 7 93 1
1 8 209 8
1 9 147 1
1 10 27 23
1 11 1 6
1 12 15 1
1 15 74 4
1 16 200 1
1 17 3 5
1 24 50 1
2 1 7 1
2 3 6 1
2 6 1 10
2 7 6 2
2 8 1 2
2 10 2 26
2 11 178 1
2 17 3 6
2 18 36 2
2 20 1 18
2 25 14 12
3 0 285 1
3 1 56 1
3 4 1 20
3 5 82 1
3 6 201 1
3 7 3 24
3 8 43 1
3 9 20 4
3 10 1 21
3 13 14 2
3 16 82 1
3 17 105 2
3 18 2 26
3 24 66 1
3 25 31 1
4 0 4 18
4 1 1 17
4 2 1 29
4 5 3 1
4 6 88 3
4 7 87 1
4 8 101 1
4 9 7 3
4 11 190 1
4 16 84 1
4 17 1 15
4 18 286 1
4 22 54 29
4 24 13 2
5 0 51 1
5 1 84 1
5 2 1 17
5 3 13 3
5 4 22 1
5 6 22 29
5 8 88 1
5 9 6 22
5 13 1 4
5 14 2 21
5 15 1 11
5 16 29 1
5 17 28 3
5 21 10 15
5 24 55 1
5 25 13 1
6 0 3 8
6 1 41 24
6 4 21 23
6 5 302 1
6 7 40 11
6 8 10 12
6 9 179 1
6 10 85 1
6 11 1 20
6 15 62 2
6 17 247 1
6 18 3 11
6 23 4 1
6 24 59 4
6 25 1 25
7 1 59 12
7 2 29 1
7 3 188 1
7 6 136 1
7 8 385 1
7 9 4 6
7 11 46 29
7 13 82 1
7 14 117 1
7 15 1 18
7 19 1 7
7 21 2 9
7 25 188 1
8 0 65 1
8 1 1 15
8 2 193 1
8 3 143 1
8 4 207 1
8 6 70 1
8 9 251 1
8 10 182 1
8 11 414 1
8 12 43 1
8 13 1 26
8 15 30 2
8 16 72 1
8 17 204 2
8 20 84 2
8 23 67 5
8 24 12 1
8 25 152 1
8 26 1 14
8 27 109 8
9 0 15 1
9 1 174 2
9 2 1 18
9 4 3 2
9 5 59 29
9 6 34 1
9 7 177 2
9 8 41 6
9 10 351 1
9 11 58 1
9 12 1 25
9 13 44 1
9 14 45 6
9 16 59 8
9 18 57 3
9 19 1 11
10 0 5 18
10 2 1 18
10 4 85 1
10 5 31 28
10 6 35 1
10 7 76 1
10 8 227 1
10 9 1 22
10 11 2 11
10 12 226 1
10 13 1 18
10 14 10 5
10 15 4 12
10 16 94 2
10 17 5 25
10 18 1 17
10 20 152 4
10 22 66 1
11 0 5 19
11 3 20 1
11 5 59 1
11 6 106 21
11 7 13 14
11 9 191 8
11 10 22 1
11 12 1 2
11 14 64 1
11 15 3 15
11 23 95 1
11 25 2 3
11 26 124 3
11 27 64 1
12 2 35 2
12 3 45 3
12 7 1 12
12 11 191 1
12 13 115 2
12 15 3 5
13 1 35 5
13 4 67 8
13 6 28 6
13 8 12 17
13 9 1 3
13 10 205 1
13 11 89 1
13 12 2 22
13 18 8 21
13 24 15 8
13 25 1 7
14 0 2 10
14 1 5 5
14 2 31 3
14 5 32 3
14 7 15 1
14 8 3 8
14 9 1 7
14 10 226 1
14 11 16 1
14 12 2 27
14 13 13 20
14 20 8 19
14 24 3 10
14 25 1 29
15 1 55 1
15 3 1 14
15 5 1 21
15 6 23 4
15 7 173 1
15 9 2 14
15 10 1 19
15 11 340 1
15 14 1 16
15 22 1 2
15 23 1 13
16 0 30 1
16 1 16 1
16 3 66 1
16 4 2 23
16 5 38 1
16 6 45 5
16 8 109 1
16 11 2 21
16 12 1 29
16 18 30 1
16 20 1 6
16 23 3 9
16 24 18 2
17 0 3 2
17 2 2 4
17 4 5 12
17 5 66 3
17 6 32 2
17 8 1 27
17 11 8 22
17 13 9 3
17 16 2 17
17 22 20 2
17 24 1 10
18 1 11 17
18 3 17 8
18 4 6 25
18 5 83 1
18 15 2 6
18 16 2 1
18 19 32 3
19 0 9 11
19 1 87 1
19 4 1 4
19 8 110 2
19 17 87 2
19 20 67 1
19 27 12 5
20 1 20 4
20 2 1 3
20 7 134 2
20 9 9 2
20 10 2 12
20 19 48 1
20 23 2 14
20 24 69 2
20 27 2 22
21 4 1 16
21 26 10 5
22 2 1 28
22 4 5 1
22 6 2 21
22 9 2 3
22 10 16 24
22 15 14 5
22 16 8 12
22 21 11 19
23 7 110 25
23 8 21 13
23 14 9 28
23 16 1 25
23 17 28 1
24 0 97 1
24 1 18 7
24 3 78 1
24 4 1 20
24 5 15 2
24 7 4 1
24 8 56 1
24 10 2 15
24 11 1 9
24 13 1 20
24 16 41 1
24 27 1 27
25 1 32 6
25 2 22 1
25 3 1 10
25 5 2 2
25 7 2 1
25 9 20 4
25 10 1 25
25 11 5 16
25 15 1 24
25 16 1 23
25 18 5 17
25 23 8 6
25 24 3 23
25 27 15 3
26 0 39 2
26 7 34 1
26 13 12 2
26 16 27 2
26 18 1 2
26 25 12 2
26 27 1 26
27 0 55 13
27 8 53 1
27 11 53 1
27 14 1 1
27 15 1 10
27 17 21 9
27 18 7 17
27 24 2 13
