0 1 32 27
0 2 70 1
0 3 25 1
0 4 116 19
0 5 144 1
0 6 218 1
0 7 54 1
0 8 16 1
0 11 2 17
0 16 15 1
0 17 1 18
0 19 52 26
0 25 1 12
1 0 2 15
1 2 132 1
1 3 180 1
1 4 3 1
1 5 9 1
1 6 257 11
1 7 197 1
1 8 197 15
1 9 138 1
1 10 5 12
1 11 1 29
1 14 2 6
1 15 72 4
1 16 124 1
1 17 1 28
1 20 1 6
1 22 59 12
1 24 4 1
1 26 1 1
2 6 2 5
2 7 3 2
2 8 1 21
2 10 2 23
2 11 173 1
2 20 1 23
2 27 1 4
3 0 223 1
3 1 18 17
3 2 1 20
3 4 86 11
3 5 23 1
3 6 194 1
3 7 162 5
3 8 7 1
3 9 18 3
3 10 2 7
3 11 3 16
3 16 4 1
3 17 101 1
3 24 10 1
4 1 1 15
4 2 1 20
4 3 17 23
4 5 7 22
4 6 9 5
4 7 81 2
4 8 89 1
4 9 1 24
4 10 2 15
4 11 188 1
4 12 1 26
4 13 2 6
4 17 70 28
4 18 14 1
4 20 1 21
4 27 61 2
5 0 38 1
5 1 11 1
5 3 6 1
5 4 10 1
5 6 65 1
5 8 1 3
5 9 16 16
5 11 22 1
5 12 1 23
5 14 3 6
5 15 2 12
5 16 46 1
5 17 26 2
5 18 65 1
5 24 6 1
6 0 4 21
6 1 301 14
6 3 1 24
6 4 5 3
6 5 204 1
6 7 137 26
6 8 11 9
6 9 145 1
6 10 65 1
6 11 1 18
6 13 59 3
6 18 4 5
6 24 58 1
6 26 21 26
7 0 131 11
7 1 1 8
7 2 21 1
7 3 164 1
7 4 129 1
7 5 1 9
7 6 119 1
7 8 360 1
7 9 3 14
7 11 54 6
7 12 1 19
7 13 78 2
7 14 110 1
7 15 3 11
7 16 1 18
7 20 240 1
7 21 2 2
7 22 22 2
7 23 7 1
7 25 178 2
7 26 6 11
8 0 166 1
8 1 46 1
8 2 169 1
8 3 79 1
8 4 192 1
8 5 1 15
8 6 22 1
8 7 388 1
8 9 233 1
8 10 132 1
8 11 401 1
8 12 39 1
8 13 3 28
8 14 121 1
8 16 21 1
8 18 3 22
8 21 28 19
8 23 65 1
8 24 9 1
8 25 149 1
9 1 165 2
9 2 6 7
9 4 12 7
9 5 32 15
9 6 18 1
9 7 171 1
9 8 30 9
9 10 21 1
9 12 2 7
9 15 47 25
9 17 1 7
9 18 54 2
9 19 1 3
9 20 93 1
9 25 1 20
10 1 106 17
10 2 2 23
10 3 98 2
10 5 3 9
10 6 24 1
10 7 65 1
10 8 72 5
10 9 164 13
10 11 4 27
10 12 218 1
10 14 18 4
10 21 1 26
10 24 4 10
10 25 9 3
10 27 83 1
11 0 6 15
11 7 8 3
11 8 5 1
11 10 211 1
11 12 25 24
11 14 208 1
11 15 1 1
11 17 19 23
11 20 119 3
11 21 78 12
11 23 87 2
11 25 15 1
11 26 122 3
12 0 1 6
12 1 166 1
12 3 43 2
12 5 109 1
12 7 4 14
12 8 3 2
12 10 18 1
12 11 190 2
12 13 107 10
12 21 11 6
13 4 19 12
13 6 1 19
13 9 71 9
13 10 197 1
13 12 101 9
13 20 54 1
14 5 31 1
14 6 132 1
14 8 2 22
14 9 2 8
14 10 194 1
14 11 10 1
14 12 5 29
14 15 6 6
14 19 2 22
14 24 3 2
14 27 5 6
15 1 53 2
15 6 21 2
15 7 159 1
15 8 1 11
15 10 1 18
15 11 107 1
15 14 18 24
15 22 1 13
16 0 46 1
16 1 19 1
16 2 9 5
16 3 15 1
16 4 1 20
16 5 4 1
16 6 43 5
16 8 51 1
16 9 1 1
16 13 25 3
16 14 17 9
16 18 33 1
16 24 3 1
16 26 26 2
17 0 1 27
17 1 5 1
17 2 1 5
17 3 1 5
17 4 1 6
17 6 25 1
17 9 3 17
17 10 24 15
17 11 8 19
17 14 39 2
17 16 4 24
17 27 3 3
18 0 45 1
18 2 68 1
18 3 1 8
18 4 2 28
18 5 80 2
18 7 42 21
18 9 5 1
18 19 32 4
18 23 29 5
19 0 95 12
19 1 82 2
19 4 1 27
19 7 128 6
19 8 108 21
19 11 31 2
19 13 2 1
19 15 1 12
19 17 18 29
19 18 8 23
19 20 45 1
20 0 263 1
20 1 17 3
20 2 1 16
20 3 2 3
20 6 1 29
20 10 2 3
20 18 75 3
20 19 33 4
21 17 4 21
21 20 40 9
21 22 13 28
22 6 3 17
22 9 2 26
22 10 118 3
22 11 4 21
22 23 2 4
23 0 52 1
23 16 23 7
23 26 2 29
23 27 17 7
24 0 20 1
24 1 5 1
24 3 4 1
24 5 4 1
24 8 10 1
24 9 43 27
24 10 2 28
24 11 1 12
24 16 1 27
24 17 1 13
24 19 1 3
24 27 1 5
25 3 2 13
25 11 2 18
25 24 1 12
25 26 39 3
25 27 26 3
26 8 85 8
26 11 45 27
26 12 7 21
26 27 83 22
27 4 1 6
27 5 11 2
27 8 51 3
27 19 2 21
27 26 1 27
