0 2 68 1
0 3 20 1
0 4 185 1
0 5 140 3
0 6 216 24
0 7 52 1
0 8 11 1
0 10 75 2
0 15 19 5
0 16 12 4
0 19 53 1
0 21 1 4
0 24 28 20
0 26 1 23
1 0 3 10
1 2 225 1
1 3 181 1
1 4 1 1
1 5 4 1
1 6 57 1
1 7 195 1
1 9 136 1
1 10 12 22
1 11 1 3
1 12 12 4
1 13 30 2
1 16 121 17
1 17 5 29
1 24 1 2
1 27 7 12
2 4 125 1
2 5 42 2
2 6 1 16
2 7 2 3
2 8 57 3
2 10 2 25
2 11 172 1
2 20 11 8
2 23 6 1
2 25 14 1
2 26 1 12
3 0 181 12
3 2 2 9
3 5 20 7
3 7 45 28
3 8 12 13
3 12 35 8
3 18 2 27
3 24 7 18
4 0 8 29
4 1 60 21
4 2 1 9
4 5 2 14
4 7 80 1
4 8 86 1
4 9 5 29
4 10 1 20
4 13 25 6
4 16 79 2
4 17 1 6
4 18 12 1
4 19 7 21
4 22 2 10
4 27 60 10
5 0 34 12
5 1 9 22
5 3 3 8
5 4 8 1
5 6 82 11
5 7 1 22
5 9 28 26
5 16 43 11
5 17 25 2
5 18 64 1
5 24 3 20
6 0 2 1
6 1 1 18
6 2 1 27
6 4 30 23
6 5 177 24
6 7 1 24
6 8 22 29
6 9 139 1
6 10 62 1
6 11 2 26
6 14 158 4
6 16 95 2
6 19 101 3
6 22 1 22
6 25 7 15
7 1 84 12
7 3 449 1
7 6 115 1
7 8 356 1
7 9 131 27
7 11 10 13
7 12 1 27
7 13 78 1
7 15 1 14
7 16 3 10
7 17 1 2
7 18 30 1
7 19 12 26
7 20 240 1
7 21 2 21
7 22 22 1
7 24 3 21
7 25 177 1
7 26 1 9
7 27 43 3
8 0 163 3
8 2 164 5
8 3 72 14
8 4 189 1
8 5 2 8
8 6 14 1
8 7 194 1
8 9 230 1
8 10 125 25
8 11 398 1
8 12 38 1
8 14 119 1
8 15 26 3
8 16 18 1
8 17 202 2
8 18 4 28
8 20 79 1
8 24 6 25
9 0 12 2
9 1 164 1
9 2 4 18
9 3 26 4
9 4 1 8
9 5 86 25
9 6 16 1
9 7 169 1
9 8 29 21
9 10 67 8
9 12 88 10
9 13 41 2
9 14 1 19
9 16 58 2
9 18 54 1
9 20 93 2
9 21 67 1
9 24 11 10
9 25 55 3
9 27 35 4
10 1 5 20
10 2 6 11
10 3 97 1
10 4 76 29
10 5 3 20
10 6 22 1
10 7 63 1
10 8 207 1
10 9 34 18
10 11 2 25
10 12 217 1
10 13 1 23
10 14 3 8
10 17 1 12
10 18 1 17
10 19 85 1
10 20 152 7
10 22 61 3
10 27 82 5
11 0 228 21
11 1 62 1
11 4 178 3
11 5 54 1
11 7 8 11
11 9 1 7
11 10 206 1
11 12 4 13
11 14 206 1
11 19 1 22
11 23 86 2
11 25 184 19
12 0 2 22
12 2 33 1
12 3 43 5
12 4 204 14
12 8 2 10
12 11 189 7
12 13 7 1
12 15 3 5
12 17 1 22
12 18 1 7
12 19 1 15
12 23 3 25
13 7 3 22
13 10 195 1
13 12 1 23
13 14 1 6
13 21 1 25
14 0 1 9
14 2 30 1
14 4 18 23
14 8 7 15
14 10 206 1
14 11 9 3
14 12 2 3
14 15 13 28
14 19 10 3
14 21 7 4
14 24 3 2
14 27 2 24
15 1 53 2
15 4 1 8
15 6 21 3
15 7 156 1
15 8 2 29
15 10 1 4
15 11 99 1
15 14 9 9
15 23 1 1
15 25 38 2
15 27 4 15
16 0 42 26
16 1 15 25
16 3 11 27
16 4 1 8
16 5 1 23
16 8 47 14
16 14 2 5
16 17 2 29
16 18 31 1
16 23 4 14
16 26 26 16
17 0 1 1
17 5 62 1
17 6 147 1
17 8 150 29
17 9 7 19
17 14 38 4
17 16 29 16
17 19 19 1
18 3 17 18
18 4 2 29
18 5 79 3
18 6 1 28
18 7 36 17
18 10 3 16
18 12 103 5
18 25 2 4
19 0 4 17
19 1 81 2
19 2 2 11
19 4 3 12
19 6 1 3
19 11 31 1
19 17 1 17
19 20 40 1
20 3 1 14
20 9 8 3
20 10 96 16
20 15 1 5
20 19 1 1
20 23 1 3
20 25 6 17
21 10 6 29
21 11 50 4
21 16 1 18
21 22 3 12
21 23 5 1
21 26 4 18
22 0 1 2
22 1 52 1
22 7 2 7
22 8 47 4
22 9 3 23
22 12 6 1
22 26 2 4
23 1 1 5
23 2 14 12
23 3 21 23
23 6 14 1
23 7 1 28
23 8 40 22
23 26 2 18
24 0 17 15
24 1 2 1
24 5 1 26
24 6 69 1
24 8 7 1
24 9 1 25
24 10 1 18
24 11 4 28
24 17 27 10
24 20 32 3
25 1 31 1
25 4 13 1
25 6 1 25
25 11 26 29
25 16 1 15
25 17 1 13
25 24 1 9
26 11 11 26
26 12 1 19
26 19 1 18
26 23 10 18
27 0 55 27
27 1 1 5
27 5 11 2
27 11 47 1
27 24 3 23
27 25 4 1
27 26 1 23
