0 1 9 17
0 2 60 1
0 3 5 18
0 5 148 4
0 6 21 1
0 7 46 2
0 8 49 14
0 11 1 26
0 16 6 4
0 17 5 9
0 19 45 1
0 24 6 25
1 0 10 15
1 2 109 1
1 3 4 29
1 4 287 7
1 5 5 8
1 6 17 22
1 7 189 1
1 8 8 2
1 11 6 20
1 14 84 9
1 16 7 1
1 17 13 10
1 18 67 5
1 24 8 15
1 25 46 3
2 0 1 20
2 3 1 6
2 4 119 1
2 5 40 2
2 6 2 24
2 8 3 18
2 10 2 21
2 11 167 1
2 17 1 2
2 18 34 1
2 20 11 9
2 22 3 10
2 24 7 2
3 0 7 2
3 1 7 24
3 2 2 29
3 4 1 25
3 5 6 23
3 6 187 1
3 7 3 28
3 8 10 21
3 9 17 1
3 10 4 16
3 11 1 21
3 12 35 1
3 15 2 15
3 16 16 27
3 20 1 16
3 21 2 16
3 24 6 27
4 0 1 5
4 2 1 4
4 5 6 3
4 6 131 28
4 7 76 1
4 8 78 1
4 9 2 12
4 11 16 1
4 13 1 9
4 14 95 1
4 16 76 2
4 17 10 23
4 18 283 1
4 19 1 13
4 23 1 8
5 0 16 15
5 1 7 18
5 2 5 8
5 3 10 7
5 6 27 1
5 7 1 6
5 8 7 25
5 9 11 9
5 11 19 2
5 12 1 10
5 14 3 2
5 16 11 23
5 24 15 10
5 25 12 2
6 0 21 27
6 1 3 29
6 3 1 3
6 4 26 26
6 5 310 5
6 7 63 9
6 8 15 29
6 9 115 1
6 10 2 1
6 11 6 10
6 14 156 1
6 15 57 1
6 16 93 2
6 18 1 24
6 22 7 26
6 23 3 1
7 0 1 3
7 1 156 3
7 2 15 1
7 3 430 1
7 4 123 2
7 6 103 1
7 8 390 1
7 9 1 1
7 11 30 8
7 12 1 26
7 13 75 3
7 14 104 1
7 18 28 4
7 22 20 1
7 23 151 2
7 25 169 1
7 27 41 2
8 0 7 26
8 1 10 18
8 2 153 1
8 3 4 27
8 4 178 1
8 5 73 17
8 7 189 23
8 9 216 1
8 10 361 19
8 11 388 1
8 13 1 29
8 16 6 26
8 19 1 20
8 20 76 2
8 23 63 3
8 24 6 2
9 1 157 1
9 3 98 3
9 4 22 18
9 5 8 8
9 6 8 1
9 7 165 1
9 8 2 28
9 10 81 5
9 11 46 2
9 12 7 11
9 13 39 3
9 18 51 1
9 20 8 3
9 21 3 4
10 0 8 26
10 2 2 3
10 3 92 1
10 4 158 1
10 5 14 1
10 6 15 1
10 7 55 1
10 8 176 1
10 9 60 3
10 11 9 11
10 12 211 1
10 13 1 2
10 14 5 4
10 17 4 29
10 21 1 11
10 22 59 1
10 24 5 14
10 25 7 4
11 0 1 7
11 1 58 2
11 2 1 1
11 3 10 2
11 5 51 1
11 6 106 6
11 7 15 14
11 10 200 1
11 12 1 25
11 14 52 1
11 15 420 1
11 16 98 1
11 20 116 2
11 23 81 1
11 24 5 2
11 25 200 14
11 26 120 1
12 0 112 17
12 2 32 1
12 3 42 1
12 5 103 2
12 9 1 3
12 10 15 1
12 11 188 2
12 13 106 1
12 21 87 27
13 2 1 9
13 6 34 17
13 7 2 13
13 8 11 23
13 9 27 4
13 10 189 1
13 18 8 5
13 22 6 5
13 24 14 8
14 0 1 16
14 5 29 2
14 7 9 2
14 8 3 16
14 9 1 4
14 10 183 1
14 11 6 1
14 12 21 25
14 13 1 15
14 15 1 6
14 21 6 19
14 25 1 3
14 26 2 26
15 4 2 1
15 5 8 20
15 6 20 1
15 7 146 1
15 8 2 18
15 10 1 15
15 11 63 1
15 12 45 1
15 14 1 26
15 20 1 7
15 23 1 15
16 0 6 24
16 1 7 16
16 3 6 15
16 4 19 22
16 5 6 19
16 8 6 7
16 11 2 15
16 17 1 24
16 18 48 1
16 19 8 10
16 24 6 12
17 0 116 16
17 1 1 3
17 4 1 26
17 6 141 1
17 8 3 20
17 10 1 16
17 14 38 1
17 16 3 3
17 19 18 1
17 21 49 12
18 0 42 2
18 2 67 3
18 3 15 4
18 4 2 9
18 5 77 2
18 6 1 17
18 10 4 21
18 12 102 15
19 0 16 4
19 1 78 1
19 4 2 2
19 5 1 26
19 6 5 8
19 7 10 25
19 9 50 2
19 15 1 14
19 16 7 2
19 18 1 14
19 20 110 1
20 0 257 1
20 1 15 1
20 2 5 16
20 3 1 21
20 10 1 17
20 12 55 9
20 19 27 3
20 23 2 4
20 27 3 13
21 1 24 2
21 8 1 26
21 11 50 1
21 27 1 10
22 1 51 9
22 5 17 13
22 6 2 24
22 7 1 17
22 15 1 24
22 21 10 19
22 23 16 3
24 0 11 28
24 1 6 25
24 3 6 19
24 5 6 24
24 7 21 24
24 8 9 10
24 10 1 10
24 11 1 25
24 16 7 7
24 20 31 8
24 23 48 1
25 1 29 6
25 2 20 10
25 5 10 13
25 11 11 4
25 14 1 28
25 18 11 7
25 24 6 2
25 26 38 4
25 27 23 16
26 0 38 1
26 7 30 6
26 15 5 15
26 23 5 7
27 0 5 27
27 7 162 8
27 8 50 2
27 11 44 1
27 20 1 6
27 26 1 13
