0 1 143 1
0 2 21 1
0 3 115 8
0 4 106 9
0 5 4 1
0 6 168 1
0 7 7 1
0 8 104 1
0 9 2 19
0 11 1 4
0 16 137 1
0 18 22 29
0 19 28 1
0 24 121 3
0 25 1 20
1 0 124 1
1 2 27 1
1 3 138 1
1 4 75 1
1 5 91 2
1 6 192 1
1 7 51 1
1 8 188 1
1 9 71 1
1 11 1 11
1 12 2 11
1 15 59 1
1 16 113 1
1 17 23 11
1 18 1 1
1 24 72 1
1 25 35 2
2 0 4 2
2 1 30 25
2 3 40 19
2 4 65 1
2 6 1 16
2 7 1 24
2 8 374 1
2 10 157 4
2 11 122 2
2 13 18 1
2 19 1 24
2 20 1 24
3 0 94 1
3 1 62 1
3 2 3 6
3 4 1 2
3 5 8 2
3 6 130 1
3 8 25 1
3 9 5 4
3 10 1 7
3 11 1 19
3 12 26 1
3 16 160 1
3 17 66 2
3 19 35 5
3 20 1 25
3 24 18 1
3 25 19 5
4 0 34 26
4 1 103 1
4 2 6 26
4 3 8 4
4 5 21 10
4 6 365 1
4 7 42 3
4 8 16 1
4 9 1 16
4 14 82 2
4 16 49 1
4 17 3 12
4 18 189 1
4 21 6 1
5 0 4 24
5 1 53 1
5 3 49 1
5 4 2 25
5 6 16 14
5 8 52 23
5 9 17 7
5 10 2 21
5 12 2 10
5 13 1 3
5 14 1 2
5 16 140 1
5 18 42 1
5 24 64 1
6 0 78 19
6 1 29 1
6 2 271 1
6 3 27 26
6 4 4 20
6 5 6 13
6 7 2 2
6 8 9 1
6 11 1 22
6 13 40 1
6 14 132 2
6 16 79 2
6 17 192 1
6 18 1 11
6 19 87 5
6 21 2 18
6 22 69 27
6 24 42 3
6 25 1 19
6 26 1 1
7 0 2 1
7 1 21 21
7 2 1 12
7 3 206 1
7 4 83 1
7 5 4 2
7 6 18 1
7 8 222 1
7 10 27 1
7 11 11 11
7 14 60 1
7 15 25 2
7 16 1 14
7 25 95 1
8 0 259 1
8 1 176 1
8 2 199 5
8 3 249 1
8 4 83 1
8 5 70 2
8 6 55 25
8 7 129 1
8 9 14 1
8 10 17 1
8 11 274 1
8 12 12 3
8 13 52 3
8 16 9 19
8 17 187 1
8 18 1 14
8 19 1 28
8 20 49 1
8 21 1 20
8 22 106 1
8 24 99 1
9 0 1 12
9 1 96 1
9 3 110 2
9 4 2 27
9 5 11 1
9 6 4 11
9 8 22 18
9 10 226 1
9 11 13 2
9 12 1 19
9 13 23 1
9 15 105 6
9 18 31 3
9 23 35 1
9 25 12 3
10 0 2 13
10 2 7 20
10 3 47 2
10 4 119 1
10 5 16 18
10 6 4 14
10 9 116 9
10 11 2 1
10 12 152 1
10 13 1 3
10 14 126 27
10 19 74 4
10 21 6 12
10 24 1 7
10 26 94 2
11 0 25 11
11 1 28 1
11 4 152 1
11 5 26 1
11 6 103 3
11 7 99 26
11 8 1 27
11 9 265 1
11 10 236 1
11 12 1 16
11 14 154 1
11 15 366 1
11 16 93 11
11 20 91 3
11 23 37 1
11 24 1 4
11 25 166 1
11 26 104 1
11 27 109 2
12 4 188 1
12 5 62 1
12 6 1 12
12 8 1 21
12 9 10 11
12 13 50 1
12 15 1 6
12 24 43 12
12 25 1 18
13 1 24 4
13 6 8 18
13 7 7 25
13 8 150 1
13 10 123 1
13 12 1 27
13 14 1 12
14 0 1 21
14 1 3 7
14 4 2 11
14 5 21 1
14 6 11 1
14 8 1 17
14 9 2 20
14 10 19 1
14 12 10 27
14 15 48 21
14 27 2 10
15 1 39 7
15 7 59 1
15 8 1 2
15 10 3 11
15 11 61 1
15 12 29 4
15 24 1 21
16 0 13 1
16 1 133 1
16 3 56 1
16 4 1 28
16 5 10 1
16 6 29 1
16 8 74 1
16 11 7 22
16 17 31 14
16 21 1 22
16 24 55 1
17 1 1 6
17 3 131 1
17 6 91 1
17 7 8 23
17 9 1 10
17 10 1 13
17 11 48 9
17 14 30 3
17 16 19 1
17 19 9 1
17 24 1 11
17 25 2 16
18 0 27 1
18 1 6 1
18 2 60 3
18 3 5 16
18 4 2 26
18 7 2 28
18 10 2 19
18 14 38 16
18 15 1 29
18 16 2 12
18 17 1 9
19 0 121 17
19 6 2 28
19 7 129 2
19 8 106 1
19 15 8 17
19 20 3 1
20 0 205 1
20 1 158 1
20 2 1 13
20 7 86 3
20 10 4 3
20 12 49 1
20 14 32 4
20 17 49 6
20 19 213 1
20 25 1 7
21 0 1 26
21 4 1 3
21 9 68 24
21 10 1 4
21 11 41 9
21 13 3 28
22 2 7 4
22 8 31 5
22 9 3 12
23 7 30 7
23 8 45 19
23 9 1 4
23 15 1 18
23 16 24 12
23 22 1 24
23 24 26 5
24 0 128 1
24 1 68 2
24 3 57 1
24 5 19 9
24 7 42 11
24 8 47 1
24 11 15 10
24 15 1 4
24 16 85 1
24 23 35 4
25 1 20 1
25 7 1 4
25 8 1 24
25 9 9 1
25 11 9 18
25 15 1 26
25 18 1 23
25 24 4 14
25 27 32 2
26 23 1 24
26 27 66 2
27 7 158 1
27 13 4 4
27 20 3 18
27 23 2 17
27 26 1 15
