0 1 24 18
0 2 5 1
0 3 18 26
0 4 278 1
0 5 16 28
0 6 121 1
0 8 15 21
0 10 28 1
0 11 1 17
0 12 18 1
0 14 12 8
0 16 15 18
0 18 26 26
0 19 68 1
0 23 4 1
0 24 28 10
1 0 14 9
1 2 4 10
1 3 15 11
1 4 283 1
1 5 15 3
1 6 59 1
1 7 27 1
1 8 37 7
1 9 39 1
1 10 4 3
1 11 2 19
1 13 15 6
1 16 169 20
1 17 2 20
1 20 3 8
1 24 26 2
2 0 1 17
2 1 9 24
2 3 58 14
2 6 31 18
2 7 1 23
2 8 268 1
2 9 1 17
2 11 91 2
2 12 4 18
2 17 4 22
3 0 133 10
3 1 72 14
3 2 114 1
3 5 18 8
3 7 142 5
3 8 28 13
3 11 24 28
3 15 6 2
3 16 29 26
3 17 47 1
3 18 1 1
3 24 16 17
4 0 101 11
4 1 46 1
4 2 3 20
4 3 1 15
4 5 6 5
4 6 324 1
4 7 24 2
4 9 184 16
4 10 19 24
4 11 169 3
4 12 1 25
4 13 1 20
4 14 72 2
4 17 98 26
4 18 116 1
4 21 4 3
4 23 1 13
4 26 1 4
5 0 15 7
5 1 29 8
5 3 19 15
5 4 23 5
5 6 152 19
5 7 35 13
5 8 37 26
5 9 107 1
5 10 1 8
5 12 4 28
5 15 2 5
5 16 15 15
5 20 61 14
5 24 15 14
6 0 1 4
6 1 165 1
6 2 224 1
6 3 1 23
6 4 194 5
6 5 76 29
6 8 216 1
6 9 2 19
6 10 3 12
6 11 4 28
6 15 28 1
6 17 158 2
6 20 1 14
7 0 220 1
7 1 1 11
7 2 1 5
7 3 72 1
7 4 59 1
7 5 1 5
7 8 125 1
7 10 379 1
7 11 250 1
7 12 1 27
7 14 34 1
7 15 92 19
7 16 15 3
7 17 202 4
7 18 12 1
7 19 1 25
7 20 192 2
7 22 5 8
7 23 146 2
7 24 15 25
7 25 52 1
8 0 90 26
8 1 124 9
8 2 56 1
8 3 35 27
8 5 26 18
8 6 59 7
8 7 40 1
8 9 95 1
8 10 129 1
8 11 192 1
8 14 112 1
8 16 16 25
8 17 176 1
8 19 4 2
8 20 33 1
8 23 40 1
8 24 16 16
8 25 105 1
8 27 90 1
9 1 59 1
9 2 3 26
9 3 99 2
9 4 20 11
9 5 221 1
9 6 13 29
9 7 87 2
9 8 12 4
9 10 8 1
9 16 39 4
9 17 176 4
9 18 20 4
9 22 37 1
10 0 4 11
10 2 1 11
10 4 48 1
10 5 70 24
10 6 4 15
10 8 18 5
10 9 28 1
10 11 265 2
10 12 112 1
10 13 2 18
10 14 106 5
10 15 241 1
10 17 1 23
10 18 119 21
10 22 21 3
10 23 1 18
10 27 54 1
11 3 6 20
11 5 13 1
11 6 223 2
11 7 79 23
11 8 1 25
11 10 116 1
11 12 1 22
11 14 89 1
11 15 142 1
11 19 2 27
11 24 2 3
11 25 27 1
11 26 92 4
11 27 120 1
12 0 2 17
12 2 16 5
12 3 27 2
12 4 170 1
12 5 37 2
12 6 1 25
12 7 1 8
12 8 1 10
12 9 4 9
12 10 1 6
12 11 166 1
12 13 20 2
12 14 2 18
12 15 10 13
12 26 1 21
13 5 23 13
13 7 1 3
13 8 137 1
13 10 80 1
13 12 3 22
13 14 2 26
13 21 4 19
13 23 1 7
14 1 100 21
14 4 2 10
14 7 1 5
14 8 1 17
14 9 2 29
14 10 1 20
14 11 1 18
14 12 31 21
14 13 16 5
14 15 30 2
14 19 1 9
14 25 1 18
15 1 32 1
15 3 2 14
15 7 18 2
15 8 1 4
15 10 1 29
15 11 1 28
15 17 1 7
15 24 1 27
15 26 9 1
16 0 47 16
16 1 31 24
16 3 16 28
16 5 30 27
16 8 67 4
16 10 3 17
16 17 21 10
16 18 5 1
16 20 8 26
16 23 4 27
16 24 26 9
16 27 2 2
17 0 3 2
17 1 5 28
17 2 4 24
17 3 41 1
17 4 2 27
17 5 25 3
17 7 1 6
17 12 16 5
17 16 6 23
17 19 4 13
17 25 2 17
18 3 16 14
18 4 4 14
18 7 101 9
18 10 2 18
18 14 3 7
18 15 3 19
18 16 4 27
18 19 24 17
19 0 119 1
19 1 26 2
19 6 3 22
19 8 97 1
19 20 4 12
20 0 165 1
20 1 139 1
20 2 2 6
20 3 6 20
20 6 57 21
20 7 63 1
20 9 1 2
20 11 1 23
20 15 3 22
20 16 76 18
20 18 65 3
20 19 84 1
21 0 1 13
21 10 2 17
21 12 1 10
21 16 1 8
21 18 26 24
21 27 1 5
22 3 2 1
22 6 83 1
22 7 12 18
22 8 23 1
22 10 91 1
22 11 1 27
22 14 10 1
22 20 41 2
23 9 1 8
23 10 2 27
23 11 29 3
23 12 8 3
23 15 5 16
23 16 24 14
23 18 26 4
23 20 7 29
23 22 2 26
23 26 2 19
24 0 42 13
24 1 16 7
24 2 1 1
24 3 46 23
24 5 16 10
24 8 38 15
24 11 3 9
24 14 27 4
24 16 17 28
24 20 21 1
24 21 7 2
25 0 91 1
25 7 1 22
25 10 30 10
25 11 2 14
25 14 5 20
26 3 8 4
26 9 46 6
26 10 35 7
26 11 2 8
26 13 10 2
26 15 1 25
26 27 46 1
27 0 1 3
27 1 2 16
27 11 4 5
27 16 1 3
27 21 11 18
27 25 1 8
