0 1 57 7
0 2 5 1
0 3 25 16
0 4 278 1
0 5 119 13
0 6 120 1
0 8 16 23
0 10 27 2
0 12 18 1
0 16 16 5
0 18 1 28
0 19 67 1
0 21 1 15
0 23 3 3
0 24 16 17
1 0 23 28
1 2 4 21
1 3 34 8
1 4 279 1
1 5 16 11
1 6 57 1
1 7 26 20
1 8 33 22
1 9 38 1
1 14 1 14
1 15 50 3
1 16 23 5
1 17 4 7
1 18 199 1
1 19 2 12
1 20 1 12
1 24 22 9
1 25 27 7
2 0 2 23
2 1 62 20
2 3 84 1
2 4 33 1
2 6 1 23
2 7 3 8
2 8 265 1
2 10 34 21
2 12 1 16
2 18 17 1
2 20 13 17
2 22 3 16
3 0 274 26
3 1 15 18
3 2 112 14
3 4 147 10
3 5 20 9
3 6 90 1
3 7 5 1
3 8 78 12
3 10 1 1
3 11 30 8
3 15 1 28
3 16 16 19
3 17 47 1
3 18 1 10
3 19 28 1
3 20 1 14
3 24 16 11
4 0 2 23
4 1 42 1
4 3 5 20
4 5 12 12
4 6 322 1
4 9 1 8
4 10 3 9
4 16 32 1
4 18 114 1
5 0 53 25
5 1 17 21
5 3 63 27
5 4 8 26
5 6 19 8
5 7 3 8
5 8 176 4
5 9 102 1
5 10 3 21
5 11 110 1
5 12 12 10
5 14 1 2
5 15 1 7
5 16 18 15
5 18 29 1
5 24 47 14
6 0 1 6
6 1 162 1
6 2 223 1
6 3 6 11
6 4 1 10
6 5 15 26
6 7 30 22
6 8 204 1
6 9 3 29
6 10 1 26
6 11 3 27
6 13 30 1
6 14 111 1
6 15 27 5
6 16 69 1
6 18 23 6
6 20 1 10
6 22 11 25
7 0 219 1
7 1 127 16
7 2 3 10
7 3 70 1
7 4 59 1
7 8 121 16
7 10 378 1
7 11 270 20
7 11 270 29
7 12 79 7
7 13 37 4
7 14 34 1
7 15 192 1
7 18 12 1
7 19 2 17
7 24 1 2
7 25 51 1
7 26 4 12
8 0 20 29
8 1 18 28
8 2 54 1
8 3 48 13
8 4 35 1
8 5 23 14
8 6 181 1
8 7 36 1
8 9 94 1
8 10 125 1
8 11 190 1
8 14 111 1
8 15 1 1
8 16 51 12
8 17 176 1
8 20 33 1
8 21 1 27
8 22 97 2
8 23 39 4
8 24 30 5
8 25 104 2
8 26 4 20
8 27 90 2
9 1 59 1
9 4 2 26
9 5 215 1
9 6 3 8
9 8 172 25
9 10 5 15
9 13 14 1
9 21 60 2
9 22 37 1
10 0 6 24
10 1 175 3
10 2 1 27
10 3 23 2
10 4 47 1
10 5 2 25
10 6 1 13
10 8 5 14
10 9 23 1
10 11 3 13
10 12 111 1
10 13 1 16
10 14 4 8
10 15 241 1
10 17 1 22
10 18 1 11
10 21 11 28
10 23 1 25
10 27 54 1
11 1 13 2
11 3 2 1
11 5 13 1
11 7 1 22
11 8 6 4
11 9 25 1
11 10 114 1
11 12 2 29
11 13 1 2
11 14 87 1
11 15 138 1
11 16 89 2
11 17 26 1
11 18 11 1
11 19 84 18
11 20 75 1
11 22 3 14
11 23 15 2
11 24 1 23
11 25 24 1
11 27 119 1
12 1 133 1
12 4 170 1
12 7 1 23
12 9 2 17
12 11 165 1
12 15 1 27
12 18 2 2
12 19 15 4
12 22 1 28
13 2 1 1
13 7 5 11
13 8 137 2
13 10 79 1
13 14 1 23
13 24 10 7
14 6 106 1
14 8 1 12
14 9 2 29
14 10 1 12
14 11 1 6
14 12 5 9
14 13 23 1
14 15 3 23
14 25 13 18
14 27 1 26
15 1 31 5
15 8 1 8
15 10 3 17
15 16 1 15
15 17 1 3
15 22 4 19
15 25 28 5
15 26 9 12
16 0 36 28
16 1 44 19
16 2 1 24
16 3 16 18
16 4 1 2
16 5 16 25
16 6 21 2
16 7 2 23
16 8 47 6
16 9 5 13
16 14 3 27
16 17 2 20
16 18 4 2
16 20 1 21
16 24 16 8
16 27 9 2
17 1 4 18
17 2 1 19
17 3 41 1
17 4 1 22
17 6 60 2
17 9 1 15
17 11 13 8
17 16 1 27
17 25 8 9
18 1 189 2
18 4 4 18
18 6 1 9
18 16 3 14
18 17 2 8
19 0 119 1
19 2 1 10
19 4 4 10
19 8 96 2
19 10 1 24
19 18 6 15
19 20 3 26
20 0 164 1
20 1 139 1
20 3 3 24
20 7 63 1
20 8 202 27
20 10 7 26
20 12 44 4
20 14 28 9
20 19 82 1
20 22 2 4
20 25 4 16
20 27 5 16
21 27 1 11
22 0 2 18
22 3 2 12
22 6 83 1
22 8 23 1
22 9 3 8
22 10 90 3
22 14 9 9
23 4 4 7
23 5 2 20
23 7 5 21
23 8 1 7
23 10 1 3
23 15 1 28
23 17 20 1
23 22 3 14
23 26 4 13
24 0 16 26
24 1 17 10
24 2 1 29
24 3 16 18
24 5 64 8
24 7 42 26
24 8 80 15
24 9 1 13
24 10 2 18
24 11 1 27
24 13 1 17
24 15 1 29
24 16 60 7
24 20 21 2
24 23 25 2
25 0 90 1
25 1 14 1
25 2 13 2
25 7 1 23
25 10 1 17
25 11 179 8
26 1 61 5
26 3 8 28
26 11 5 24
26 22 4 5
26 25 1 8
26 27 45 2
27 1 6 17
27 3 13 1
27 9 31 4
27 10 111 1
27 15 3 26
27 26 1 29
