0 1 253 5
0 3 17 18
0 4 272 1
0 5 27 16
0 6 113 1
0 8 14 8
0 9 6 19
0 10 25 3
0 13 1 23
0 16 15 10
0 18 44 20
0 19 58 1
0 20 1 21
0 22 43 16
0 24 90 12
1 0 264 12
1 2 3 27
1 3 82 13
1 4 258 1
1 5 15 9
1 6 43 1
1 7 132 1
1 8 15 20
1 9 34 1
1 10 5 1
1 11 1 9
1 13 14 11
1 16 15 4
1 17 103 25
1 19 1 4
1 20 1 2
1 24 15 7
1 26 2 18
1 27 1 12
2 0 6 26
2 1 16 5
2 3 45 5
2 4 29 2
2 5 8 1
2 6 4 23
2 7 5 25
2 8 234 2
2 9 1 24
2 10 1 1
2 17 1 23
2 18 17 1
2 19 22 8
2 25 6 2
3 0 27 23
3 1 82 23
3 2 29 1
3 5 15 2
3 6 84 1
3 7 135 1
3 8 34 29
3 10 9 4
3 11 45 16
3 16 40 4
3 17 44 2
3 19 26 3
3 20 22 16
3 24 19 6
4 0 9 11
4 1 162 1
4 2 1 16
4 3 28 14
4 5 2 23
4 6 112 1
4 7 21 2
4 9 2 20
4 13 76 1
4 17 1 17
4 18 104 1
4 19 1 24
5 0 78 6
5 1 83 21
5 3 16 27
5 4 5 6
5 6 20 23
5 7 3 8
5 8 96 29
5 9 76 1
5 10 1 15
5 11 107 1
5 14 1 2
5 16 87 22
5 22 15 4
5 23 1 3
5 24 15 16
6 1 135 1
6 2 214 1
6 3 1 3
6 4 1 1
6 5 13 5
6 7 30 1
6 8 100 19
6 8 363 1
6 9 8 9
6 10 3 19
6 11 2 10
6 14 108 2
6 16 67 4
6 17 152 1
6 20 1 19
6 24 32 7
6 27 66 5
7 0 212 1
7 2 1 28
7 3 54 1
7 5 1 16
7 8 122 1
7 10 369 1
7 11 229 1
7 12 4 4
7 13 35 4
7 17 200 4
7 19 49 16
7 20 188 1
7 22 4 6
7 25 45 1
8 0 15 15
8 1 189 26
8 2 37 1
8 3 14 24
8 4 29 1
8 5 14 13
8 7 163 1
8 9 84 1
8 10 89 1
8 11 178 1
8 14 104 1
8 16 15 27
8 17 35 2
8 18 4 29
8 24 109 7
8 25 102 1
8 26 1 5
8 27 88 4
9 1 54 1
9 2 36 26
9 4 86 7
9 5 173 1
9 6 6 10
9 7 82 1
9 8 3 6
9 10 58 1
9 12 1 29
9 15 96 4
9 18 18 5
9 20 82 6
9 25 10 10
9 26 28 9
10 0 2 13
10 1 102 1
10 3 20 3
10 4 41 1
10 5 1 17
10 6 2 3
10 8 10 12
10 9 335 1
10 11 253 1
10 12 105 1
10 13 24 21
10 14 4 19
10 15 235 1
10 17 3 24
10 22 19 1
10 24 11 14
10 25 1 13
11 0 253 2
11 1 11 5
11 2 200 1
11 3 1 13
11 4 132 2
11 5 11 3
11 6 220 2
11 7 117 28
11 8 19 11
11 10 98 1
11 13 1 6
11 14 78 1
11 15 109 1
11 16 89 4
11 20 72 2
11 24 1 14
11 25 15 1
11 26 90 2
12 4 167 1
12 5 33 2
12 6 2 24
12 8 1 19
12 9 8 29
12 10 2 21
12 11 163 4
12 13 16 1
12 14 4 11
12 17 1 4
12 23 1 25
12 25 1 4
13 6 39 25
13 7 13 16
13 8 134 1
13 10 72 1
13 14 2 19
14 0 3 21
14 3 2 10
14 5 14 1
14 8 13 4
14 9 2 26
14 10 1 5
14 11 3 1
14 12 14 10
14 15 24 1
14 17 56 6
14 19 14 16
14 21 3 17
14 25 1 2
14 26 1 3
15 4 1 15
15 5 2 14
15 7 13 1
15 8 3 12
15 9 34 1
15 10 4 13
15 11 1 18
15 17 3 15
15 21 2 20
15 25 27 4
15 26 2 4
16 0 57 24
16 1 31 16
16 3 34 8
16 4 8 27
16 5 41 21
16 6 20 1
16 8 15 3
16 10 8 13
16 11 96 1
16 12 67 22
16 17 1 7
16 20 1 11
16 24 57 17
16 27 5 18
17 1 2 4
17 4 226 8
17 5 23 2
17 6 56 1
17 7 9 7
17 8 263 1
17 9 1 20
17 10 3 8
17 11 14 15
17 12 15 10
17 16 1 25
17 20 2 11
17 22 13 1
17 25 61 3
18 0 17 1
18 4 1 16
18 5 42 1
18 6 8 5
18 7 101 25
18 12 93 3
18 14 38 5
18 16 1 16
18 17 2 3
18 20 35 4
18 25 1 14
19 0 19 1
19 4 1 21
19 7 129 20
19 9 38 1
19 20 2 20
20 0 157 1
20 1 135 2
20 4 1 26
20 6 1 4
20 8 13 2
20 11 1 17
20 13 51 3
20 18 64 7
20 19 65 1
20 22 2 7
20 23 1 11
20 24 61 1
20 25 1 13
21 2 2 11
21 8 2 22
21 13 1 23
21 16 1 18
22 6 1 13
22 8 21 4
22 9 7 2
22 11 1 6
22 15 10 11
22 25 1 11
23 1 5 13
23 5 1 7
23 6 3 15
23 7 2 21
23 9 50 16
23 11 27 1
23 20 1 29
23 22 1 20
23 24 20 4
24 0 15 11
24 1 27 1
24 3 57 22
24 4 11 1
24 5 89 12
24 6 43 1
24 7 3 24
24 8 39 26
24 9 15 3
24 10 2 27
24 11 5 23
24 16 27 17
24 17 28 28
24 21 6 7
24 23 23 5
24 27 2 9
25 6 1 26
25 10 1 10
25 11 180 7
25 15 1 19
25 16 2 23
25 23 16 25
26 0 30 1
26 12 1 20
26 15 13 5
26 25 1 2
27 1 3 25
27 4 1 22
27 13 3 4
27 24 1 11
27 26 1 8
