0 1 16 14
0 2 4 1
0 3 64 6
0 4 267 2
0 5 27 3
0 8 85 28
0 10 24 1
0 11 2 7
0 16 12 27
0 18 2 14
0 19 52 1
0 20 8 24
0 21 1 29
0 24 12 12
1 0 9 20
1 2 3 7
1 3 42 7
1 4 238 1
1 5 91 5
1 6 33 1
1 7 126 1
1 8 12 7
1 11 16 2
1 14 1 24
1 16 13 29
1 17 2 9
1 18 195 2
1 19 1 19
1 20 6 14
1 22 50 1
1 24 54 5
1 25 25 8
2 0 1 29
2 1 75 8
2 3 99 1
2 4 26 1
2 5 7 5
2 6 1 1
2 7 3 7
2 8 226 1
2 9 2 9
2 10 1 3
2 11 82 1
2 19 1 28
3 0 24 12
3 1 313 8
3 2 126 1
3 5 12 29
3 6 79 1
3 7 239 1
3 8 14 13
3 10 5 8
3 11 1 6
3 12 18 7
3 16 164 11
3 17 42 1
3 19 25 3
3 20 5 5
3 24 55 14
3 25 12 2
4 0 2 5
4 1 142 26
4 2 1 2
4 3 2 8
4 5 2 4
4 6 101 1
4 9 5 6
4 10 1 19
4 12 3 19
4 13 1 17
4 14 70 1
4 16 28 4
4 18 96 1
4 23 1 10
4 24 3 10
4 27 52 15
5 0 90 6
5 1 57 3
5 3 44 23
5 4 26 19
5 6 158 1
5 7 33 3
5 8 16 26
5 9 70 1
5 10 2 28
5 11 104 1
5 14 3 2
5 15 1 16
5 16 27 25
5 18 25 3
5 24 75 18
5 25 5 8
6 0 4 25
6 1 115 1
6 2 206 1
6 3 8 10
6 4 242 20
6 5 27 21
6 8 273 1
6 9 4 18
6 10 4 20
6 11 9 8
6 12 4 3
6 13 27 1
6 14 106 1
6 15 25 1
6 17 148 2
6 18 1 8
6 26 1 27
7 0 304 1
7 1 9 6
7 2 3 12
7 3 44 1
7 4 52 1
7 5 1 6
7 6 1 26
7 8 99 1
7 10 362 1
7 11 330 1
7 12 81 10
7 14 28 2
7 15 180 1
7 16 16 24
7 18 10 4
7 20 186 1
7 22 4 2
7 23 142 2
7 24 13 3
7 25 41 1
7 27 10 2
8 0 60 25
8 1 14 14
8 2 27 1
8 3 26 15
8 4 25 1
8 5 63 3
8 6 414 1
8 7 156 1
8 9 76 1
8 10 66 1
8 11 169 1
8 12 2 1
8 14 99 1
8 16 12 2
8 17 33 1
8 19 1 25
8 22 95 1
8 24 27 21
8 25 99 1
8 26 6 5
9 1 50 1
9 2 1 16
9 3 96 1
9 4 4 24
9 5 143 1
9 6 4 16
9 7 79 1
9 8 11 16
9 10 44 3
9 12 239 11
9 14 108 2
9 16 37 3
9 18 17 4
9 20 82 1
9 22 35 2
9 25 17 1
10 1 172 13
10 2 1 8
10 5 1 28
10 6 6 17
10 8 16 15
10 9 309 1
10 11 326 1
10 13 1 24
10 15 230 2
10 18 7 2
10 23 1 28
11 7 443 9
11 8 1 17
11 9 19 3
11 10 87 1
11 12 31 4
11 13 1 5
11 14 72 1
11 15 88 1
11 19 2 4
11 20 70 2
11 22 4 1
11 24 29 26
11 25 126 1
11 26 89 1
11 27 111 1
12 1 129 4
12 3 25 1
12 4 164 3
12 5 31 1
12 6 7 22
12 7 1 18
12 9 7 20
12 14 12 26
12 15 5 24
12 18 1 4
12 19 2 5
12 20 1 13
12 23 6 28
12 24 38 6
13 2 2 13
13 5 23 7
13 6 2 10
13 10 68 1
13 11 16 1
13 12 3 2
14 2 16 10
14 4 4 9
14 8 1 12
14 9 7 4
14 10 2 2
14 11 26 2
14 12 1 25
14 15 19 1
14 17 55 9
15 3 4 26
15 5 2 29
15 7 10 2
15 8 1 23
15 9 96 5
15 10 1 27
15 11 1 13
15 14 3 1
15 25 27 1
15 27 6 14
16 0 12 21
16 1 26 13
16 3 12 3
16 4 15 10
16 5 40 16
16 8 112 25
16 9 3 4
16 17 86 23
16 21 1 3
16 24 28 14
16 27 2 8
17 1 2 9
17 2 1 28
17 3 40 1
17 10 3 26
17 11 2 24
17 13 2 27
17 16 1 21
17 24 7 15
18 1 188 2
18 2 52 1
18 3 1 19
18 4 1 23
18 12 92 4
18 13 28 1
18 16 5 12
18 17 1 4
18 25 1 17
19 1 21 1
19 6 35 22
19 9 37 3
19 20 6 10
20 0 152 1
20 2 1 7
20 3 6 1
20 8 11 1
20 11 1 14
20 12 43 2
20 19 53 1
20 27 2 10
21 4 2 23
21 5 1 16
21 10 23 29
21 11 35 1
21 13 6 29
21 22 1 1
22 8 20 5
22 10 85 2
22 11 1 22
22 27 9 22
23 7 33 1
23 9 1 19
23 11 185 1
23 22 5 23
24 0 48 21
24 1 110 22
24 3 12 3
24 4 1 10
24 5 12 8
24 8 50 7
24 11 29 24
24 16 12 18
24 17 1 15
25 7 2 11
25 11 1 24
25 14 5 15
25 16 22 24
25 24 5 7
25 26 23 5
25 27 12 2
26 4 40 8
26 6 2 25
26 8 73 2
26 10 34 2
26 23 1 24
26 27 38 1
27 1 34 8
27 7 147 3
27 9 30 4
27 13 2 14
27 20 5 27
27 26 12 25
