0 1 29 28
0 3 121 15
0 4 265 1
0 5 7 17
0 6 102 1
0 8 107 25
0 11 264 5
0 15 3 11
0 16 8 26
0 18 1 17
0 19 47 1
0 21 38 25
0 24 138 9
0 25 1 22
1 0 269 9
1 2 37 24
1 3 30 11
1 4 218 1
1 5 233 8
1 6 25 1
1 7 146 2
1 8 8 25
1 9 28 1
1 10 309 21
1 16 8 19
1 17 2 16
1 18 194 1
1 19 1 20
1 23 1 7
1 24 7 27
1 27 8 13
2 0 1 12
2 1 87 18
2 3 85 1
2 4 24 1
2 6 5 23
2 7 7 8
2 8 204 2
2 9 1 14
2 10 164 20
2 11 79 1
2 13 16 9
2 17 1 14
2 20 2 23
2 21 1 17
3 0 19 10
3 1 102 26
3 2 13 1
3 4 2 22
3 5 95 10
3 6 75 1
3 7 119 9
3 8 62 7
3 10 7 18
3 11 6 10
3 15 5 15
3 16 116 12
3 17 40 1
3 18 10 11
3 20 2 15
3 22 19 28
3 24 129 20
4 1 137 1
4 2 1 20
4 3 6 13
4 5 22 20
4 6 89 1
4 9 191 12
4 10 3 12
4 14 68 2
4 18 88 1
4 19 92 2
5 0 137 20
5 1 9 22
5 3 8 10
5 4 9 24
5 6 149 20
5 8 117 13
5 9 215 1
5 10 27 16
5 11 102 1
5 12 2 21
5 16 24 18
5 21 1 14
5 24 8 26
6 0 1 15
6 1 95 1
6 2 199 1
6 3 9 5
6 4 94 12
6 5 222 8
6 7 29 14
6 8 350 1
6 9 3 14
6 10 5 6
6 11 1 12
6 13 26 2
6 15 23 1
6 16 65 2
6 17 144 2
6 18 2 15
6 24 31 1
6 25 1 29
6 26 38 24
7 0 299 1
7 1 9 14
7 2 16 11
7 3 34 1
7 4 50 1
7 5 3 13
7 8 102 1
7 9 1 6
7 10 355 1
7 11 263 1
7 12 1 8
7 13 32 2
7 14 26 1
7 15 90 1
7 17 198 1
7 20 183 2
7 22 4 1
7 24 3 12
7 25 37 1
8 0 7 27
8 1 153 28
8 2 18 1
8 3 8 21
8 4 21 1
8 5 7 8
8 6 161 1
8 7 19 1
8 9 68 1
8 10 47 1
8 11 160 1
8 12 1 1
8 14 94 1
8 16 84 10
8 17 174 1
8 19 13 16
8 20 27 2
8 22 94 1
8 23 36 2
8 24 24 9
8 25 97 1
8 26 4 9
8 27 87 1
9 1 46 1
9 2 5 9
9 3 94 1
9 4 91 28
9 5 115 1
9 6 19 8
9 7 75 1
9 8 1 12
9 10 36 1
9 12 14 22
9 14 106 1
9 16 37 1
9 17 174 5
9 18 16 2
9 26 27 13
10 0 1 11
10 1 35 1
10 2 47 13
10 3 16 2
10 4 87 1
10 5 36 14
10 6 5 12
10 8 17 26
10 9 282 1
10 11 316 1
10 12 96 1
10 13 1 21
10 14 194 1
10 15 226 1
10 18 119 26
10 22 17 1
10 23 1 11
10 24 7 5
10 26 88 5
10 27 50 1
11 3 1 3
11 5 9 2
11 6 213 2
11 7 287 1
11 8 3 19
11 10 77 1
11 12 34 15
11 13 1 16
11 14 65 1
11 15 70 1
11 20 68 2
11 23 9 1
11 24 3 8
11 25 110 1
11 27 108 1
12 0 1 21
12 1 128 1
12 3 24 1
12 4 162 2
12 5 28 2
12 8 1 3
12 9 2 3
12 10 1 27
12 13 11 1
12 17 7 5
12 18 1 8
12 22 3 24
12 24 38 1
12 26 1 14
13 0 18 9
13 1 17 2
13 6 1 19
13 7 1 6
13 9 98 4
13 10 63 1
13 12 1 29
13 14 1 28
13 15 1 19
13 24 9 2
13 27 4 5
14 0 23 18
14 1 100 16
14 6 97 1
14 8 22 23
14 9 4 26
14 10 2 14
14 11 12 22
14 12 32 27
14 13 17 1
14 15 15 1
14 18 2 27
14 20 61 9
14 26 1 29
15 1 28 3
15 3 11 23
15 7 8 1
15 8 13 19
15 9 95 3
15 10 1 14
15 11 2 23
15 14 38 1
15 17 2 26
15 23 11 1
16 0 81 26
16 1 32 9
16 3 160 7
16 4 1 12
16 5 8 9
16 8 8 22
16 14 1 21
16 17 3 7
16 19 3 22
16 20 1 19
16 22 1 24
16 24 23 20
17 1 5 4
17 3 124 3
17 4 6 16
17 6 50 1
17 16 6 10
17 20 1 20
17 23 3 17
17 24 1 21
18 4 1 9
18 5 38 1
18 7 1 18
18 16 1 19
19 0 10 1
19 1 19 4
19 4 1 22
19 6 63 9
19 8 93 1
19 18 1 3
19 20 14 3
20 0 147 1
20 1 131 1
20 2 4 9
20 6 65 17
20 10 1 21
20 17 37 1
20 19 42 1
20 23 2 10
21 0 1 19
21 1 15 15
21 4 2 29
21 7 9 10
21 8 1 7
21 9 4 12
21 10 1 13
21 26 14 15
22 1 40 10
22 7 8 14
22 8 20 1
22 10 83 3
22 18 21 1
23 5 2 16
23 8 1 19
23 10 7 5
23 11 3 3
23 14 33 1
23 15 1 7
23 17 18 19
23 21 1 22
24 0 8 23
24 1 8 26
24 3 26 25
24 5 111 22
24 7 4 5
24 8 40 20
24 10 2 16
24 11 8 11
24 12 16 18
24 16 7 2
24 17 1 13
24 23 21 1
25 1 12 2
25 7 4 21
25 8 3 1
25 11 1 10
25 12 65 3
25 14 1 3
25 15 3 8
25 16 1 12
25 27 11 1
26 6 2 5
26 7 12 1
26 11 1 14
26 27 34 2
27 3 12 1
27 10 109 2
27 15 1 3
27 20 1 7
27 24 1 1
27 26 1 1
