0 1 157 1
0 3 104 1
0 4 246 1
0 5 30 2
0 6 82 1
0 7 1 14
0 8 203 7
0 10 16 4
0 11 3 23
0 14 9 3
0 16 230 1
0 18 9 15
0 19 26 1
0 20 3 8
0 24 15 19
0 25 1 26
1 0 88 1
1 2 69 27
1 3 3 5
1 4 143 1
1 5 223 1
1 6 3 1
1 7 124 1
1 8 140 1
1 9 17 1
1 10 308 1
1 11 2 6
1 16 317 1
1 17 128 12
1 18 187 1
1 20 3 26
1 22 47 12
1 24 33 1
2 0 1 4
2 1 1 15
2 3 51 1
2 6 42 16
2 7 1 25
2 8 133 1
2 9 1 4
2 11 65 2
2 12 4 19
2 15 22 9
2 17 1 22
3 0 27 6
3 1 71 1
3 2 76 1
3 4 1 3
3 5 326 1
3 6 58 2
3 7 211 1
3 8 197 1
3 10 1 2
3 11 3 24
3 12 15 11
3 16 37 1
3 18 2 8
3 20 1 25
3 24 36 1
3 25 10 1
4 1 126 1
4 2 1 25
4 3 31 15
4 5 2 29
4 6 52 1
4 8 1 21
4 11 156 1
4 16 21 1
4 18 60 1
4 22 56 13
4 27 51 2
5 0 41 1
5 1 59 2
5 3 21 1
5 4 34 3
5 6 262 1
5 7 2 16
5 8 8 28
5 9 187 1
5 10 33 20
5 11 92 1
5 13 1 9
5 14 8 25
5 15 19 6
5 16 82 1
5 24 11 16
6 0 7 27
6 1 67 1
6 2 168 1
6 3 4 6
6 4 3 1
6 5 197 21
6 7 86 1
6 8 276 1
6 9 7 10
6 10 2 27
6 11 1 11
6 13 21 3
6 14 92 2
6 16 60 4
6 17 128 1
6 18 31 23
6 20 1 27
6 25 1 2
6 26 38 14
7 0 276 1
7 1 18 20
7 2 1 26
7 3 7 1
7 4 40 2
7 5 2 23
7 6 2 3
7 8 115 1
7 9 1 12
7 10 326 1
7 11 162 1
7 12 1 11
7 13 26 1
7 14 17 2
7 15 175 1
7 16 1 21
7 18 7 3
7 20 172 2
7 21 1 25
7 23 134 1
7 24 1 20
7 25 22 1
8 0 160 1
8 1 13 2
8 3 72 1
8 4 9 2
8 5 180 1
8 6 356 1
8 7 110 5
8 9 40 1
8 10 2 1
8 11 125 1
8 14 75 1
8 16 78 1
8 20 21 2
8 21 5 27
8 23 32 2
8 24 10 26
8 25 88 3
8 27 83 2
9 3 88 2
9 4 1 24
9 5 29 1
9 6 19 2
9 8 3 19
9 10 4 1
9 12 146 1
9 14 29 14
9 15 90 1
9 16 33 3
9 20 77 3
9 21 56 4
9 22 31 1
10 0 8 18
10 1 200 1
10 2 2 5
10 4 25 1
10 6 28 22
10 8 51 2
10 9 200 1
10 11 278 1
10 12 79 1
10 13 6 13
10 14 287 1
10 15 206 1
10 17 1 5
10 21 2 24
10 23 2 4
10 24 11 2
10 25 3 25
10 26 86 2
11 0 249 3
11 3 13 28
11 4 119 3
11 6 80 1
11 7 395 1
11 8 5 21
11 10 40 1
11 12 1 21
11 13 4 28
11 14 42 1
11 15 16 1
11 17 20 21
11 19 3 5
11 23 4 2
11 24 11 21
11 25 88 1
11 27 95 1
12 0 1 1
12 2 11 9
12 4 152 2
12 5 19 2
12 6 1 19
12 9 19 13
12 11 155 1
12 15 1 26
12 18 1 3
12 22 3 23
12 23 18 5
12 25 1 8
13 0 17 2
13 1 14 6
13 6 1 8
13 7 1 11
13 8 121 2
13 15 1 22
13 20 49 1
14 0 3 4
14 4 2 21
14 6 87 1
14 7 1 20
14 8 1 18
14 10 2 23
14 11 18 11
14 12 1 15
14 13 8 19
14 17 52 1
14 20 7 3
14 22 3 2
15 1 25 2
15 2 17 2
15 3 36 27
15 4 77 28
15 5 1 22
15 8 1 20
15 10 1 11
15 11 5 1
15 13 19 7
15 14 18 1
15 21 3 9
15 25 23 2
16 0 133 1
16 1 104 17
16 3 16 14
16 5 80 1
16 6 15 2
16 8 67 1
16 10 106 26
16 12 72 21
16 17 29 20
16 20 1 14
16 22 1 16
16 24 156 1
16 26 26 21
17 1 4 27
17 2 2 15
17 3 118 5
17 6 38 1
17 7 7 7
17 8 259 1
17 9 1 3
17 10 7 4
17 12 12 1
17 16 13 25
17 20 4 28
17 23 1 20
18 0 11 6
18 5 32 3
18 15 1 28
18 16 1 19
19 0 110 1
19 1 13 3
19 2 1 26
19 5 1 14
19 7 7 17
19 8 88 3
19 16 2 1
19 20 23 27
20 0 128 1
20 2 1 21
20 3 200 2
20 6 1 28
20 11 1 3
20 13 50 1
20 17 33 1
20 19 11 1
20 26 6 24
21 3 15 3
21 6 1 13
21 11 31 10
21 12 1 11
21 17 1 6
21 26 1 23
22 1 39 1
22 6 1 4
22 10 75 1
22 11 12 29
22 12 2 2
23 3 7 25
23 10 7 19
23 11 179 1
23 15 8 22
23 22 8 2
24 0 190 1
24 1 13 25
24 3 43 15
24 5 30 1
24 7 1 21
24 8 7 7
24 10 1 13
24 11 2 20
24 14 24 2
24 16 74 1
24 26 38 5
25 0 86 8
25 3 5 2
25 5 28 7
25 7 16 25
25 10 3 7
25 11 2 28
25 14 1 15
25 15 1 15
25 16 2 10
25 24 5 18
26 3 1 1
26 4 38 14
26 20 1 27
26 24 1 4
26 27 22 1
27 7 140 3
27 10 15 1
27 25 2 20
27 26 35 24
