0 1 167 1
0 3 59 1
0 4 236 1
0 5 107 1
0 6 73 1
0 7 1 18
0 8 87 1
0 10 14 1
0 15 1 6
0 16 175 2
0 18 49 13
0 19 18 1
0 21 1 22
0 24 36 1
0 25 1 20
0 27 1 1
1 0 122 1
1 2 4 24
1 3 77 1
1 4 110 1
1 5 4 21
1 7 114 1
1 8 122 23
1 11 1 21
1 16 181 1
1 17 132 4
1 19 1 5
1 20 11 17
1 22 47 1
1 24 104 1
2 0 45 13
2 1 1 22
2 3 56 1
2 4 10 2
2 6 1 14
2 7 3 17
2 8 1 27
2 10 86 22
2 15 1 14
2 17 1 24
2 18 12 1
2 20 1 10
2 21 1 13
2 25 3 6
3 0 22 4
3 1 402 1
3 2 123 1
3 5 222 1
3 7 105 6
3 8 102 23
3 11 62 4
3 13 5 8
3 16 41 1
3 17 28 1
3 18 2 29
3 19 19 5
3 20 5 20
3 24 110 1
3 25 8 3
4 0 8 23
4 1 87 1
4 2 22 10
4 3 27 4
4 6 25 11
4 7 9 4
4 8 3 14
4 10 4 27
4 11 152 1
4 12 1 21
4 14 61 4
4 16 18 1
4 18 48 1
4 20 1 24
4 22 5 11
5 0 69 1
5 1 64 1
5 3 108 1
5 4 7 15
5 6 167 1
5 7 3 10
5 8 2 29
5 8 423 23
5 8 283 1
5 9 125 1
5 10 2 22
5 12 2 16
5 14 3 20
5 16 245 1
5 18 17 1
5 19 1 16
5 23 1 4
5 24 50 1
5 26 1 28
6 1 184 1
6 2 153 1
6 3 4 5
6 4 1 2
6 5 311 22
6 7 20 1
6 8 102 1
6 9 22 4
6 10 3 22
6 11 1 6
6 12 3 2
6 13 19 3
6 14 87 2
6 16 58 2
6 17 120 1
6 18 1 24
6 21 52 16
6 25 1 2
6 27 62 1
7 0 264 1
7 2 2 14
7 4 36 1
7 5 1 13
7 6 1 2
7 8 82 1
7 9 6 19
7 10 311 1
7 11 101 1
7 12 1 26
7 13 24 1
7 14 13 2
7 15 162 1
7 16 95 25
7 18 6 2
7 19 5 5
7 20 166 2
7 23 130 2
7 24 1 2
7 25 16 1
8 0 116 1
8 1 62 1
8 2 1 12
8 3 123 2
8 5 64 1
8 6 281 1
8 7 96 1
8 9 29 1
8 10 1 7
8 11 108 1
8 16 32 1
8 18 5 21
8 21 2 25
8 24 57 1
9 3 85 3
9 4 3 25
9 5 7 1
9 6 193 26
9 7 56 2
9 8 223 29
9 12 238 1
9 14 94 6
9 15 87 1
9 16 32 4
9 17 170 1
10 0 42 4
10 1 94 1
10 3 6 3
10 4 81 1
10 5 15 2
10 6 82 10
10 8 7 27
10 9 154 1
10 11 228 1
10 12 71 1
10 13 1 1
10 14 195 1
10 15 195 1
10 18 1 6
10 23 1 25
10 24 5 4
10 25 2 4
10 27 42 1
11 2 177 1
11 3 1 19
11 6 205 1
11 7 168 1
11 8 1 19
11 9 243 2
11 10 26 1
11 14 32 1
11 15 3 1
11 20 58 1
11 22 1 10
11 24 1 19
11 25 58 1
11 27 89 1
12 0 3 8
12 1 117 1
12 4 147 2
12 5 15 2
12 6 2 22
12 8 1 7
12 9 4 3
12 10 8 4
12 11 151 3
12 14 7 20
12 22 1 7
12 23 2 7
13 4 80 3
13 6 1 11
13 9 94 8
13 10 38 1
13 12 168 1
13 14 7 9
13 23 1 18
13 25 2 25
14 0 1 7
14 1 13 2
14 4 4 27
14 6 82 1
14 7 1 20
14 8 1 7
14 10 11 1
14 11 7 15
14 12 16 11
14 13 12 1
14 18 2 29
14 20 61 16
14 27 1 27
15 1 23 1
15 5 1 18
15 8 1 13
15 9 88 2
15 10 41 3
15 11 7 7
15 14 30 1
15 18 1 27
15 23 5 6
15 24 1 7
15 26 11 22
16 0 7 10
16 1 22 1
16 3 153 2
16 4 1 24
16 5 8 9
16 7 1 25
16 8 110 1
16 17 4 24
16 23 1 15
16 24 118 1
17 0 270 1
17 1 2 21
17 2 1 28
17 7 7 12
17 8 256 2
17 9 2 15
17 11 7 15
17 12 11 1
17 14 20 2
17 16 44 6
17 18 1 25
17 22 11 2
18 1 184 2
18 3 2 24
18 4 1 18
18 5 29 4
18 6 1 13
18 16 1 9
18 17 1 25
18 20 31 3
19 0 103 1
19 3 1 2
19 6 2 7
19 8 86 1
19 14 13 18
19 18 10 26
19 20 18 8
20 0 118 1
20 2 37 27
20 8 4 4
20 10 2 26
20 17 31 1
20 18 60 6
20 19 2 2
21 3 15 2
21 4 1 19
21 22 1 11
21 25 13 2
22 8 14 1
22 10 71 1
22 11 2 21
22 14 5 1
22 27 9 20
23 1 8 9
23 11 20 2
23 12 3 9
23 14 31 2
24 0 103 1
24 1 30 1
24 3 53 1
24 5 160 1
24 7 1 29
24 8 58 1
24 10 4 3
24 11 3 24
24 16 76 1
24 22 14 1
24 26 37 2
25 5 3 13
25 7 1 13
25 9 1 9
25 11 1 17
25 14 5 1
25 19 1 21
25 26 19 2
26 1 59 1
26 2 2 17
26 3 2 24
26 12 1 2
26 13 9 20
26 23 3 20
26 24 1 23
27 7 137 3
27 15 1 18
27 24 1 6
