0 1 7 6
0 3 26 9
0 5 7 21
0 6 47 1
0 7 7 28
0 8 8 28
0 12 122 1
0 16 7 10
0 18 48 19
0 20 8 18
0 24 8 22
1 0 3 9
1 2 5 2
1 3 9 27
1 4 35 1
1 5 8 2
1 6 1 23
1 7 83 1
1 8 114 10
1 9 3 4
1 10 4 1
1 15 36 1
1 16 8 4
1 17 1 11
1 18 170 1
1 19 7 4
1 22 44 4
1 23 1 15
1 24 15 17
1 25 16 1
2 0 2 16
2 1 175 3
2 3 24 1
2 4 2 2
2 6 3 29
2 7 3 9
2 8 20 1
2 10 84 3
2 12 4 15
2 16 3 1
2 26 23 20
3 0 6 9
3 1 16 18
3 2 13 1
3 5 8 29
3 6 30 1
3 7 35 25
3 8 9 16
3 10 200 23
3 11 41 4
3 16 8 19
3 17 18 3
3 20 3 6
3 22 23 5
3 24 8 7
3 27 2 8
4 0 1 9
4 1 80 1
4 2 8 19
4 3 2 25
4 5 271 1
4 6 219 1
4 7 3 7
4 10 40 20
4 11 140 1
4 14 54 3
4 16 11 1
4 17 156 6
4 18 18 2
4 20 1 3
4 27 48 2
5 0 8 26
5 1 9 19
5 2 50 27
5 3 8 29
5 4 2 26
5 6 51 1
5 7 6 27
5 8 9 3
5 9 17 1
5 10 1 16
5 12 13 6
5 16 9 13
5 18 10 5
5 24 8 6
6 0 1 25
6 1 86 1
6 2 107 1
6 3 1 15
6 4 426 24
6 5 127 1
6 7 242 1
6 8 35 1
6 9 23 21
6 10 83 6
6 12 1 25
6 14 71 2
6 17 96 2
6 18 36 9
6 19 59 3
6 20 1 14
6 25 75 27
7 0 226 1
7 2 11 23
7 3 1 1
7 4 23 4
7 5 1 4
7 6 14 14
7 8 13 1
7 10 262 1
7 11 47 1
7 12 28 26
7 15 135 1
7 21 4 1
7 23 118 2
7 24 6 8
7 27 1 3
8 0 7 26
8 1 9 17
8 2 3 27
8 3 11 12
8 5 4 20
8 6 26 1
8 7 18 1
8 9 5 3
8 10 6 10
8 11 65 1
8 14 41 1
8 16 8 22
8 19 16 17
8 20 11 1
8 21 34 13
8 24 8 20
9 1 12 2
9 2 8 1
9 4 1 5
9 5 6 13
9 6 93 27
9 7 40 1
9 8 1 14
9 10 6 22
9 12 1 1
9 13 3 3
9 14 21 21
9 16 27 8
9 18 5 9
9 22 26 1
10 0 1 1
10 1 188 1
10 4 71 1
10 6 5 13
10 7 7 23
10 8 6 15
10 9 47 1
10 11 157 1
10 12 48 1
10 13 1 17
10 14 246 1
10 15 162 1
10 18 1 7
10 20 179 9
10 21 4 5
10 22 5 1
10 23 32 11
10 24 160 2
10 25 1 19
10 27 35 3
11 3 12 8
11 4 102 1
11 6 53 1
11 7 48 1
11 8 1 24
11 10 1 3
11 12 33 4
11 13 6 10
11 14 9 2
11 15 2 20
11 16 81 6
11 17 139 2
11 18 5 1
11 19 1 14
11 20 47 2
11 21 1 21
11 24 5 21
11 25 13 1
11 26 69 1
12 1 106 3
12 6 1 20
12 8 1 26
12 9 6 13
12 15 1 26
12 16 1 23
12 17 2 13
12 18 2 18
12 19 15 15
12 22 1 19
12 23 27 21
12 24 32 2
13 2 9 17
13 6 2 29
13 7 2 28
13 8 103 1
13 9 89 3
13 10 18 1
13 12 148 1
14 0 3 12
14 4 4 19
14 6 66 2
14 7 1 19
14 8 2 29
14 9 10 2
14 10 5 29
14 11 3 18
14 12 1 14
14 17 48 2
14 23 1 18
14 27 14 1
15 1 19 1
15 10 1 18
15 11 4 16
15 14 12 1
15 16 1 23
15 19 1 8
15 25 16 2
15 26 1 9
15 27 21 9
16 0 7 20
16 1 8 8
16 3 29 3
16 4 3 19
16 5 7 25
16 8 7 11
16 9 3 28
16 10 2 27
16 12 72 11
16 17 1 8
16 20 3 7
16 21 2 21
16 24 7 27
17 0 258 2
17 1 69 7
17 2 1 12
17 6 19 1
17 7 13 16
17 9 45 17
17 18 1 10
17 20 8 25
17 23 2 10
17 24 7 29
17 25 8 24
18 1 2 2
18 5 21 2
18 6 17 13
18 10 8 7
18 16 2 17
18 17 22 4
19 0 82 1
19 3 2 23
19 7 129 1
19 8 78 1
19 9 30 2
19 11 4 4
19 20 5 25
20 0 90 1
20 3 192 3
20 4 1 11
20 6 1 14
20 7 28 3
20 8 193 1
20 10 1 16
20 11 5 2
20 19 1 19
20 24 55 1
20 26 2 19
21 6 3 26
21 8 3 17
21 12 1 23
21 14 1 5
21 17 51 2
22 10 58 2
22 11 6 9
23 1 10 13
23 4 11 7
23 9 1 14
23 10 1 8
24 0 9 4
24 1 8 25
24 2 2 25
24 3 7 6
24 4 7 20
24 5 8 11
24 6 29 7
24 7 16 12
24 8 7 25
24 11 67 17
24 16 8 24
24 17 28 9
24 22 12 4
25 0 81 7
25 1 5 5
25 4 1 2
25 6 58 3
25 7 1 23
25 8 162 1
25 10 46 22
25 11 29 4
25 14 1 9
25 16 24 1
25 17 72 7
26 11 13 28
26 14 1 15
26 20 1 29
26 21 6 10
26 22 8 17
26 23 2 27
26 27 5 1
27 1 11 9
27 4 24 9
27 19 14 19
27 25 2 3
