0 1 13 16
0 3 10 28
0 4 14 1
0 5 13 11
0 6 1 9
0 7 1 7
0 8 13 29
0 11 5 1
0 12 1 3
0 16 12 20
0 17 65 2
0 19 168 1
0 20 1 12
0 22 1 28
0 24 20 29
0 25 47 4
1 0 14 8
1 2 6 4
1 3 10 11
1 4 4 9
1 5 13 12
1 6 121 1
1 7 2 8
1 8 11 3
1 9 1 2
1 15 1 9
1 16 11 2
1 17 21 15
1 20 176 3
1 23 30 10
1 24 27 5
2 0 1 8
2 1 16 2
2 3 45 1
2 6 2 7
2 7 34 18
2 8 2 24
2 9 1 10
2 10 246 1
2 11 2 20
2 12 51 2
2 17 1 2
2 18 1 6
2 25 1 21
3 0 29 5
3 1 23 29
3 2 128 1
3 5 11 14
3 7 3 7
3 8 32 22
3 10 170 1
3 11 2 6
3 13 27 6
3 16 12 6
3 17 7 28
3 18 32 8
3 19 1 16
3 20 3 26
3 24 12 5
3 25 1 7
3 27 24 10
4 0 320 3
4 1 2 11
4 2 203 2
4 5 77 1
4 6 331 1
4 8 12 16
4 9 1 26
4 10 299 1
4 11 2 9
4 12 162 1
4 17 31 1
4 18 86 1
4 20 84 1
4 21 52 6
4 24 67 7
4 25 48 6
5 0 12 4
5 1 14 7
5 3 22 29
5 4 315 1
5 6 98 1
5 7 249 29
5 8 10 13
5 9 49 11
5 10 1 8
5 11 2 5
5 14 33 8
5 16 30 17
5 18 2 21
5 20 1 7
5 24 16 10
6 0 277 1
6 1 1 18
6 2 255 1
6 4 8 6
6 5 365 1
6 7 361 1
6 8 277 1
6 9 253 1
6 11 340 1
6 13 1 7
6 17 1 1
6 18 125 1
7 0 19 2
7 1 122 1
7 2 5 14
7 3 42 17
7 4 7 15
7 5 1 10
7 6 10 24
7 8 240 14
7 9 59 1
7 10 42 1
7 11 41 12
7 13 1 18
7 15 260 1
7 27 1 5
8 0 42 7
8 1 18 21
8 2 50 17
8 3 11 25
8 4 4 29
8 5 11 28
8 6 357 1
8 7 2 9
8 9 42 1
8 10 12 4
8 15 4 25
8 16 32 5
8 17 9 22
8 20 214 15
8 22 3 27
8 24 113 29
8 25 2 22
8 27 1 9
9 1 1 28
9 2 110 4
9 4 8 3
9 5 11 28
9 6 255 1
9 7 1 7
9 8 1 16
9 10 41 22
9 11 1 24
9 12 20 2
9 14 22 1
9 15 2 18
9 16 1 19
9 20 101 11
9 22 1 18
10 2 277 2
10 4 9 15
10 5 8 10
10 6 3 20
10 7 1 29
10 8 103 2
10 9 4 8
10 11 1 1
10 12 1 29
10 13 164 9
10 15 119 1
10 16 2 9
10 17 24 1
10 20 32 25
10 21 8 3
10 22 3 2
10 23 108 1
10 25 2 29
11 1 8 22
11 2 2 6
11 3 15 11
11 4 1 7
11 5 149 20
11 7 24 24
11 8 6 6
11 10 151 1
11 12 4 1
11 13 3 11
11 14 63 1
11 16 92 23
11 23 13 19
11 24 2 15
11 25 14 16
11 27 4 11
12 0 2 17
12 3 1 24
12 8 247 4
12 9 2 26
12 13 16 1
12 15 26 1
12 19 1 14
12 25 24 1
13 5 2 10
13 6 9 2
13 7 42 1
13 8 2 8
13 11 7 20
13 12 1 27
13 14 30 25
13 15 1 14
13 16 25 29
13 18 28 7
13 22 9 24
14 7 2 12
14 8 10 25
14 10 220 1
14 11 1 20
14 15 53 1
14 17 72 20
14 23 1 8
15 1 1 24
15 4 1 21
15 5 7 1
15 7 5 2
15 8 125 1
15 9 1 16
15 10 2 2
15 11 17 24
15 13 22 5
15 14 4 1
15 16 6 6
15 20 52 1
15 23 30 4
15 25 5 7
16 0 12 1
16 1 12 1
16 3 18 25
16 4 53 1
16 5 12 26
16 8 12 15
16 17 1 8
16 18 9 2
16 24 12 27
16 26 22 20
16 27 2 16
17 0 17 1
17 1 2 4
17 5 104 25
17 6 110 18
17 9 88 1
17 11 3 1
17 14 85 1
17 16 4 26
17 19 107 2
17 20 73 1
17 21 1 27
17 24 1 6
17 26 1 19
18 4 7 4
18 11 66 7
18 14 1 10
18 16 1 29
19 0 2 15
19 1 4 12
19 7 1 24
19 10 47 1
19 17 5 17
19 20 1 3
19 27 4 6
20 0 1 21
20 2 122 1
20 3 77 1
20 4 112 1
20 7 14 11
20 8 1 29
20 10 6 23
20 15 19 1
20 19 3 12
21 9 1 16
21 25 1 4
21 26 1 28
22 1 1 9
22 2 1 28
22 6 1 24
22 7 24 4
22 16 18 7
22 24 1 2
23 6 81 3
23 11 40 1
23 15 3 19
23 21 4 8
24 0 21 25
24 1 12 28
24 3 12 14
24 5 22 15
24 7 192 2
24 8 13 19
24 11 23 6
24 13 6 6
24 16 18 27
25 0 23 7
25 7 1 2
25 11 7 1
25 12 2 19
25 15 1 28
25 26 8 26
26 0 62 17
26 2 2 7
26 8 1 10
26 10 1 17
26 11 3 17
26 16 1 10
26 24 2 13
27 0 1 2
27 10 2 7
27 11 141 4
27 14 23 1
27 17 54 1
27 24 10 2
