0 1 14 12
0 3 26 21
0 4 191 1
0 5 99 20
0 6 38 2
0 8 16 4
0 11 264 1
0 13 14 22
0 14 5 1
0 16 16 26
0 17 27 1
0 20 12 12
0 24 52 29
0 26 53 13
1 0 12 4
1 2 47 16
1 3 33 28
1 4 16 1
1 5 16 23
1 6 4 20
1 7 72 1
1 8 14 5
1 11 1 10
1 16 78 24
1 17 1 25
1 20 7 24
1 21 61 29
1 24 32 24
1 26 1 4
2 0 58 27
2 1 160 1
2 3 5 1
2 7 1 24
2 8 5 1
2 11 34 1
2 12 3 1
2 17 5 21
2 20 5 28
3 0 14 2
3 1 13 27
3 5 63 27
3 7 189 1
3 8 30 12
3 10 28 20
3 11 4 22
3 16 23 23
3 17 15 1
3 18 3 29
3 19 12 4
3 20 8 23
3 22 1 6
3 24 16 1
3 25 5 2
4 0 1 28
4 1 51 1
4 5 3 1
4 6 192 1
4 8 1 26
4 11 135 1
4 13 1 19
4 18 10 1
4 19 22 1
4 20 2 11
4 25 1 8
5 0 24 19
5 1 33 14
5 2 3 1
5 3 19 17
5 4 4 1
5 6 38 1
5 7 107 18
5 8 43 26
5 10 12 25
5 13 1 19
5 16 15 16
5 24 15 24
6 0 1 20
6 1 71 1
6 2 90 1
6 4 62 1
6 5 322 1
6 7 236 1
6 9 25 27
6 10 33 4
6 11 5 10
6 12 3 18
6 14 65 1
6 15 9 5
6 16 48 3
6 17 88 1
6 18 5 25
6 19 56 3
6 20 12 5
6 24 18 5
6 25 2 22
7 0 211 1
7 2 11 13
7 3 9 12
7 4 19 1
7 6 15 1
7 8 2 1
7 10 243 1
7 11 224 1
7 13 14 1
7 14 3 1
7 15 125 1
7 17 175 1
7 19 1 12
7 21 14 4
7 23 113 2
7 25 1 3
7 26 122 2
8 0 15 17
8 1 17 27
8 2 3 6
8 3 16 1
8 5 109 15
8 6 59 1
8 7 26 1
8 10 5 1
8 11 50 1
8 15 2 6
8 16 15 9
8 17 140 2
8 18 181 6
8 20 9 2
8 24 16 15
8 25 66 1
8 26 6 28
8 27 72 6
9 2 1 2
9 3 72 3
9 4 123 16
9 5 6 14
9 6 9 1
9 8 2 14
9 10 13 8
9 11 1 2
9 12 122 24
9 14 80 1
9 20 68 7
9 22 24 2
9 23 18 4
10 0 45 19
10 1 79 1
10 4 64 1
10 6 6 26
10 7 3 5
10 8 6 16
10 9 21 1
10 11 222 1
10 13 14 17
10 14 385 1
10 15 148 1
10 16 115 21
10 17 5 21
10 20 178 3
10 21 1 1
10 23 1 17
10 24 157 1
11 0 244 1
11 2 150 1
11 3 1 27
11 4 97 1
11 6 195 1
11 7 313 6
11 8 15 25
11 9 224 1
11 12 3 8
11 13 2 29
11 14 4 1
11 15 4 28
11 19 2 12
11 20 43 3
11 22 6 6
11 24 33 20
11 25 20 1
11 26 66 1
12 0 14 19
12 3 15 11
12 4 126 1
12 5 4 1
12 6 1 5
12 7 180 3
12 8 17 20
12 9 4 12
12 11 138 1
12 15 2 14
12 16 1 3
12 18 3 7
12 22 9 6
12 24 30 10
12 25 5 15
12 26 3 22
13 1 9 8
13 6 69 17
13 7 1 12
13 8 97 1
13 9 87 1
13 10 12 1
13 12 141 1
13 14 14 1
14 0 2 5
14 6 60 2
14 7 1 25
14 8 13 29
14 9 43 19
14 10 53 5
14 11 2 23
14 12 18 29
14 13 6 1
14 27 1 20
15 5 1 16
15 9 77 2
15 11 9 3
15 17 1 2
15 22 1 4
15 24 4 23
15 25 15 1
15 27 1 4
16 0 42 1
16 1 25 27
16 3 22 26
16 5 22 12
16 6 8 3
16 8 42 10
16 14 1 28
16 17 5 16
16 18 8 25
16 20 1 27
16 21 5 3
16 23 1 4
16 24 42 7
17 1 4 8
17 2 1 11
17 3 106 1
17 5 6 1
17 6 14 2
17 8 242 1
17 12 7 4
17 14 16 1
17 25 66 14
18 1 174 1
18 2 40 7
18 4 12 17
18 5 18 4
18 6 17 11
18 7 101 28
18 9 1 29
18 12 83 3
18 16 4 12
18 17 1 13
19 0 64 1
19 4 10 2
19 6 1 21
19 7 126 1
19 10 3 1
19 11 4 1
19 17 96 1
19 20 3 28
19 22 3 9
20 0 79 2
20 2 37 19
20 5 79 1
20 6 1 11
20 12 34 7
20 13 47 14
20 19 4 29
20 24 54 1
20 26 1 25
20 27 6 28
21 0 48 16
21 10 1 14
21 12 1 16
22 0 56 3
22 1 34 1
22 7 2 17
22 8 9 1
22 11 1 20
22 12 2 8
22 13 7 13
22 23 2 10
23 0 31 3
23 2 8 3
23 3 25 2
23 7 4 21
23 8 95 13
23 9 1 2
23 10 9 19
23 11 165 1
23 15 15 29
23 20 1 24
23 22 3 10
23 27 13 1
24 0 39 7
24 1 57 26
24 3 15 14
24 4 3 17
24 5 16 10
24 7 5 23
24 8 15 6
24 10 4 4
24 11 103 28
24 16 28 25
24 20 13 9
24 27 3 9
25 6 1 17
25 7 1 23
25 11 80 1
25 15 2 9
25 17 72 3
25 19 1 16
25 21 13 15
25 24 38 7
26 2 1 14
26 4 35 8
26 8 63 1
26 9 40 3
26 15 1 17
26 18 25 27
26 24 1 11
27 4 1 12
27 7 124 3
27 10 102 1
27 12 1 2
27 15 7 4
