0 1 192 1
0 3 33 1
0 4 19 26
0 5 75 1
0 6 224 1
0 7 2 21
0 8 154 1
0 10 1 1
0 11 219 1
0 14 86 7
0 16 63 1
0 18 5 5
0 19 1 9
0 20 5 24
0 23 1 20
0 24 174 1
0 27 4 3
1 0 312 1
1 2 4 1
1 3 267 1
1 4 89 4
1 5 79 1
1 7 274 1
1 8 27 1
1 9 17 12
1 16 35 5
1 17 13 19
1 19 1 16
1 20 170 1
1 24 92 1
1 26 69 10
2 1 44 1
2 3 96 1
2 7 195 1
2 8 4 8
2 10 193 1
2 11 189 1
2 14 4 11
2 15 1 21
2 16 50 10
2 17 9 21
2 20 2 28
2 27 1 17
3 0 154 1
3 1 93 1
3 2 42 1
3 4 15 2
3 5 93 1
3 6 5 1
3 7 8 2
3 8 197 1
3 10 2 5
3 11 6 28
3 16 96 1
3 17 36 1
3 20 36 2
3 22 1 23
3 24 27 1
3 26 37 13
4 0 1 17
4 1 3 3
4 2 37 1
4 5 49 1
4 6 3 19
4 7 287 1
4 9 191 1
4 12 12 6
4 14 113 12
4 16 1 10
4 18 4 6
4 21 1 12
4 23 1 11
4 27 75 7
5 0 95 1
5 1 142 1
5 3 65 3
5 4 4 7
5 6 51 7
5 7 173 1
5 8 84 1
5 9 1 5
5 10 2 23
5 11 5 19
5 12 5 1
5 13 1 29
5 16 57 12
5 18 28 1
5 20 1 15
5 21 1 15
5 24 60 1
6 0 250 1
6 1 46 27
6 2 302 5
6 3 166 1
6 4 199 1
6 5 36 1
6 7 18 13
6 8 37 1
6 9 2 21
6 10 2 3
6 11 95 1
6 12 1 15
6 14 68 3
6 16 117 1
6 17 4 1
6 18 4 4
6 19 1 12
6 21 14 11
6 24 42 5
7 0 2 2
7 1 364 1
7 2 1 1
7 3 113 1
7 4 21 1
7 5 165 1
7 6 2 12
7 9 26 6
7 10 2 12
7 11 9 17
7 12 181 4
7 13 63 1
7 15 185 13
7 17 158 2
7 18 1 10
7 20 7 1
7 21 8 19
7 22 8 19
7 23 21 1
7 25 22 1
7 26 2 1
7 27 98 27
8 0 148 1
8 1 146 1
8 2 24 1
8 3 52 2
8 4 11 1
8 5 112 1
8 6 5 1
8 7 9 15
8 9 76 1
8 10 52 21
8 11 5 22
8 12 13 1
8 13 10 9
8 14 20 2
8 15 44 2
8 16 1 25
8 20 1 19
8 21 70 1
8 23 1 26
8 24 192 1
9 0 1 25
9 1 308 1
9 2 9 18
9 3 2 17
9 4 231 1
9 5 6 14
9 6 372 1
9 8 166 1
9 10 392 1
9 11 140 1
9 12 2 7
9 13 14 26
9 14 128 1
9 15 5 1
9 16 104 11
9 20 92 1
9 23 1 13
9 25 16 1
9 27 6 1
10 1 35 1
10 2 2 5
10 3 1 17
10 5 2 2
10 6 285 1
10 7 102 1
10 8 1 1
10 9 5 17
10 11 1 24
10 12 35 1
10 13 125 1
10 14 4 9
10 15 104 3
10 21 1 22
10 22 67 2
10 25 176 2
10 26 66 1
10 27 3 4
11 0 3 3
11 1 7 2
11 2 6 18
11 3 5 3
11 4 25 4
11 6 1 18
11 8 275 1
11 10 15 1
11 13 3 11
11 17 4 1
11 18 2 1
11 19 9 24
11 22 107 3
11 23 1 9
11 24 212 1
11 25 195 1
11 27 227 2
12 0 5 23
12 1 13 22
12 2 2 18
12 3 6 26
12 4 1 28
12 6 4 9
12 7 118 2
12 8 32 22
12 9 370 1
12 10 7 1
12 11 1 22
12 13 18 3
12 15 68 8
12 16 1 18
12 17 72 2
12 21 3 20
12 22 1 25
12 27 1 2
13 0 32 1
13 1 14 1
13 4 94 1
13 7 2 23
13 8 31 1
13 9 20 1
13 10 26 4
13 11 5 28
13 17 14 2
13 22 1 20
14 0 68 1
14 5 53 1
14 7 1 15
14 8 1 15
14 9 49 1
14 10 13 16
14 11 5 5
14 15 3 17
14 17 1 24
15 0 32 2
15 7 2 27
15 8 8 28
15 9 7 11
15 10 1 5
15 11 35 1
15 19 1 24
15 20 1 16
15 24 2 26
16 0 76 1
16 1 116 1
16 3 9 7
16 5 36 1
16 6 84 2
16 7 1 7
16 8 214 1
16 10 10 9
16 17 2 10
16 18 172 1
16 24 4 20
16 25 9 2
17 1 2 19
17 2 22 16
17 3 181 1
17 4 17 1
17 5 1 1
17 6 6 12
17 7 76 1
17 9 1 8
17 10 1 9
17 16 1 1
17 20 140 2
18 1 1 14
18 4 13 22
18 6 214 1
18 11 118 4
18 16 5 23
18 25 24 2
19 0 256 1
19 1 19 7
19 6 81 2
19 7 54 2
19 8 125 1
19 17 119 1
19 20 91 1
20 0 1 29
20 1 2 25
20 3 131 1
20 5 1 29
20 6 1 14
20 7 179 1
20 8 5 2
20 9 1 19
20 10 128 4
20 15 52 1
20 18 11 1
20 22 18 3
20 23 51 5
21 6 37 2
21 7 8 1
21 8 5 13
21 10 3 3
21 15 8 5
21 17 3 6
22 4 2 20
22 10 161 1
23 3 1 26
23 8 1 12
23 15 3 3
23 17 37 1
23 21 1 21
23 22 1 5
24 0 50 20
24 1 92 2
24 3 137 1
24 5 23 1
24 7 32 7
24 8 105 5
24 11 2 21
24 13 1 14
24 16 69 1
24 23 13 3
24 25 1 23
25 1 1 11
25 6 9 3
25 7 4 19
25 11 39 1
25 27 68 1
26 0 64 2
26 7 135 27
26 8 90 1
26 9 66 2
26 12 28 24
26 27 66 1
27 2 31 4
27 4 2 25
27 5 21 1
27 6 1 11
27 7 34 3
27 11 2 12
27 22 9 25
27 26 20 15
