0 1 125 1
0 3 111 1
0 4 3 7
0 5 56 13
0 6 220 1
0 7 3 12
0 8 99 1
0 9 61 2
0 11 217 1
0 16 3 10
0 17 2 9
0 18 5 15
0 19 1 2
0 20 2 13
0 24 116 1
0 25 33 1
0 27 2 19
1 0 248 1
1 3 218 1
1 4 93 10
1 5 94 19
1 6 104 1
1 7 270 1
1 8 196 1
1 9 23 4
1 10 2 14
1 17 212 1
1 18 3 22
1 19 189 1
1 21 2 4
1 23 1 27
1 24 28 1
1 27 5 2
2 1 24 17
2 3 79 1
2 4 237 1
2 5 6 1
2 7 189 1
2 8 17 4
2 9 5 26
2 10 189 1
2 11 186 1
2 15 4 25
2 18 1 13
3 0 93 29
3 1 15 13
3 2 140 1
3 4 14 1
3 5 36 1
3 6 4 1
3 7 251 16
3 8 136 1
3 10 15 13
3 11 12 7
3 12 23 4
3 16 44 1
3 17 34 3
3 18 85 1
3 20 34 2
3 21 1 14
3 23 30 3
3 24 78 1
3 27 8 1
4 0 6 16
4 1 90 7
4 3 216 19
4 5 39 1
4 6 15 10
4 7 285 2
4 9 184 1
4 19 2 23
5 0 194 1
5 1 240 1
5 3 38 1
5 4 3 1
5 6 7 20
5 7 169 2
5 8 133 1
5 9 35 21
5 10 39 18
5 11 1 5
5 12 4 2
5 16 105 1
5 17 1 3
5 18 27 4
5 20 1 19
5 22 19 24
5 23 13 14
5 24 65 1
5 25 28 17
5 27 3 21
6 0 246 1
6 1 248 1
6 2 3 15
6 3 162 1
6 4 189 1
6 5 129 1
6 7 118 4
6 8 67 1
6 9 5 18
6 10 1 3
6 12 13 18
6 14 67 1
6 17 1 24
6 18 5 23
6 19 1 8
6 20 1 9
7 1 361 2
7 2 4 12
7 3 101 1
7 5 161 1
7 6 6 18
7 8 70 1
7 10 4 17
7 11 92 1
7 12 180 4
7 13 61 3
7 14 12 1
7 15 1 6
7 16 2 7
7 17 157 1
7 22 3 18
7 23 20 3
7 24 241 1
7 25 19 2
8 0 116 1
8 1 109 1
8 2 276 1
8 3 26 1
8 4 8 1
8 5 34 1
8 6 18 28
8 7 4 26
8 9 2 25
8 10 8 3
8 11 4 18
8 14 18 1
8 15 43 1
8 16 9 15
8 24 148 1
8 25 2 8
8 26 39 1
8 27 9 2
9 0 209 27
9 2 3 13
9 4 224 1
9 5 6 21
9 6 362 1
9 8 158 1
9 10 385 28
9 11 136 2
9 12 29 20
9 16 1 23
9 18 147 15
9 26 4 2
10 1 3 5
10 2 3 24
10 3 1 22
10 5 9 11
10 6 277 1
10 7 97 1
10 9 22 4
10 12 33 1
10 13 121 1
10 14 3 13
10 15 1 23
10 18 1 21
10 20 171 3
10 23 1 29
10 24 1 27
10 25 174 1
10 27 6 22
11 0 1 27
11 1 6 2
11 2 3 2
11 4 24 1
11 7 1 6
11 8 271 1
11 10 12 1
11 13 191 3
11 15 11 11
11 16 123 5
11 18 1 15
11 19 3 7
11 20 93 2
11 23 3 14
11 24 205 1
11 25 184 1
11 26 1 23
12 0 1 22
12 1 87 10
12 4 1 9
12 6 1 12
12 8 7 29
12 9 364 1
12 10 339 20
12 13 17 6
12 14 1 15
12 21 1 10
12 22 1 27
12 23 1 22
12 25 68 6
13 6 1 16
13 8 29 2
13 10 25 2
13 11 1 9
13 12 12 15
13 14 1 4
13 24 2 5
14 1 111 5
14 4 5 1
14 8 5 8
14 10 8 6
14 11 1 17
14 13 17 1
14 15 6 5
14 18 53 7
14 19 1 3
14 20 1 4
14 22 2 24
14 23 1 18
14 25 30 4
15 2 1 10
15 6 1 23
15 7 1 2
15 9 1 19
15 10 2 1
15 11 9 25
15 14 6 3
15 22 1 1
15 24 3 7
16 0 24 1
16 1 113 1
16 2 39 2
16 3 67 1
16 4 11 2
16 5 73 1
16 6 83 4
16 7 1 14
16 8 156 1
16 9 113 1
16 10 2 9
16 17 1 9
16 18 167 1
16 21 1 18
16 24 22 2
17 1 16 14
17 5 118 10
17 7 74 2
17 8 15 9
17 9 5 6
17 10 1 27
17 12 52 22
17 16 20 1
17 20 140 1
17 24 1 22
18 1 2 24
18 3 35 1
18 4 61 29
18 11 118 2
18 13 1 26
18 16 2 3
18 21 1 26
19 0 252 1
19 1 1 9
19 2 1 8
19 3 49 1
19 4 129 1
19 6 80 2
19 9 1 3
19 10 1 26
19 11 62 5
19 12 2 1
19 16 18 1
19 20 81 1
19 24 1 25
20 0 1 11
20 3 128 1
20 6 3 8
20 7 177 1
20 10 127 3
20 11 2 19
20 19 7 1
20 26 1 26
21 9 84 6
21 22 1 2
22 4 4 16
22 8 116 2
22 13 6 14
23 4 38 9
23 8 2 24
24 0 119 1
24 1 66 1
24 3 79 1
24 5 17 1
24 7 5 22
24 8 36 1
24 10 34 1
24 11 5 14
24 12 1 11
24 16 7 2
24 17 78 4
24 23 12 5
24 25 2 19
25 5 3 12
25 7 11 2
25 10 1 21
25 11 212 3
25 14 38 3
25 17 1 29
25 27 66 1
26 6 18 26
26 7 3 24
26 8 89 8
26 11 106 1
26 12 1 2
26 18 1 21
26 23 17 4
26 24 66 27
27 2 31 17
27 3 3 3
27 7 33 2
27 8 1 26
27 10 1 21
27 11 1 5
27 13 2 29
27 14 11 1
27 18 1 10
27 25 21 1
