0 1 15 1
0 3 4 24
0 4 1 27
0 5 3 1
0 6 209 1
0 7 1 21
0 8 37 1
0 9 57 1
0 11 210 1
0 15 1 18
0 16 4 1
0 17 1 17
0 19 4 23
0 20 1 1
0 24 24 1
0 26 47 8
0 27 7 20
1 0 77 1
1 2 36 1
1 3 100 8
1 4 16 27
1 5 180 1
1 6 167 1
1 7 259 1
1 8 26 1
1 9 4 2
1 10 11 11
1 15 13 5
1 16 30 1
1 17 185 1
1 20 163 1
1 24 5 1
2 0 2 22
2 1 359 1
2 3 147 4
2 7 172 1
2 8 9 11
2 9 1 11
2 10 176 1
2 11 179 1
2 16 2 16
2 17 3 16
2 18 6 2
2 22 1 19
2 23 1 24
2 27 1 28
3 0 236 1
3 1 5 1
3 2 9 1
3 5 9 1
3 6 1 1
3 7 17 26
3 8 43 1
3 10 117 11
3 15 4 3
3 16 28 1
3 19 49 6
3 20 29 1
3 22 4 3
3 24 4 1
3 27 7 9
4 0 1 2
4 1 2 22
4 3 3 1
4 5 314 14
4 6 3 17
4 7 281 1
4 9 165 1
4 10 1 29
4 12 179 21
4 13 88 11
4 17 211 1
4 18 4 23
4 19 7 16
4 23 12 23
5 0 112 1
5 1 23 1
5 2 75 2
5 3 20 1
5 4 361 8
5 6 149 1
5 7 160 1
5 8 19 1
5 9 88 15
5 10 2 23
5 12 18 1
5 13 2 27
5 16 37 1
5 20 1 7
5 21 25 10
5 24 5 1
5 25 3 21
5 26 17 19
6 0 235 1
6 1 210 1
6 3 152 2
6 4 163 1
6 5 44 1
6 7 4 16
6 8 320 1
6 9 4 3
6 11 82 2
6 12 2 12
6 14 61 2
6 15 34 3
6 16 114 1
6 17 82 10
6 18 1 1
6 19 1 20
6 20 25 19
6 24 39 6
6 26 3 2
7 1 353 1
7 2 1 28
7 3 11 4
7 4 17 1
7 5 152 1
7 6 2 22
7 8 122 3
7 9 34 4
7 10 2 29
7 11 333 1
7 13 58 1
7 15 69 2
7 17 152 2
7 22 73 6
7 23 18 1
7 24 235 2
8 0 8 1
8 1 3 1
8 2 232 1
8 3 37 1
8 4 400 1
8 5 66 1
8 6 154 5
8 7 80 27
8 9 2 22
8 10 8 14
8 11 6 28
8 12 1 25
8 13 5 12
8 14 13 2
8 15 38 2
8 16 138 1
8 18 208 1
8 19 2 16
8 22 128 1
8 23 12 18
8 24 46 18
8 26 37 5
9 0 2 10
9 1 299 1
9 4 205 1
9 5 7 4
9 6 287 9
9 6 314 1
9 8 153 1
9 10 18 1
9 11 127 1
9 12 40 8
9 15 6 7
9 17 190 1
9 22 22 2
9 23 1 3
9 25 14 8
10 0 8 2
10 1 1 7
10 2 64 2
10 3 1 17
10 5 11 29
10 6 265 1
10 7 84 1
10 8 1 8
10 9 13 27
10 11 2 2
10 12 27 2
10 13 110 1
10 14 2 10
10 15 2 18
10 16 8 2
10 19 1 24
10 20 169 2
10 22 62 1
10 23 49 3
10 24 17 21
10 25 168 1
10 27 1 20
11 0 1 25
11 3 2 1
11 7 3 16
11 8 247 1
11 12 22 15
11 15 10 1
11 20 89 2
11 23 1 20
11 24 187 1
11 25 381 1
11 26 1 24
12 0 1 16
12 3 1 12
12 6 2 28
12 7 114 1
12 8 13 12
12 9 344 1
12 13 15 2
12 14 2 4
12 22 2 26
12 23 2 1
13 7 14 23
13 11 1 10
13 12 1 8
13 20 37 9
13 27 4 19
14 1 109 1
14 4 4 3
14 7 3 12
14 8 25 13
14 9 41 3
14 10 8 19
14 11 1 23
14 15 1 23
15 1 1 10
15 4 92 1
15 7 20 13
15 8 1 17
15 9 2 14
15 10 1 1
15 11 3 10
15 20 47 16
15 24 5 2
15 27 21 8
16 0 10 1
16 1 19 1
16 3 14 1
16 5 13 1
16 8 53 1
16 14 31 4
16 17 2 9
16 18 153 1
16 20 5 13
16 24 26 1
17 1 4 20
17 4 12 1
17 5 1 20
17 6 5 3
17 7 70 1
17 8 1 16
17 10 5 21
17 11 195 3
17 13 2 11
17 16 14 14
17 20 138 1
17 23 29 1
17 27 1 17
18 0 4 22
18 1 1 8
18 4 77 14
18 10 3 5
18 11 117 1
18 12 6 13
18 13 1 18
19 0 239 1
19 6 78 1
19 10 1 15
19 11 60 3
19 20 57 1
20 0 1 20
20 2 1 2
20 3 120 1
20 5 1 12
20 6 1 5
20 10 124 1
20 14 20 21
20 15 50 2
21 8 1 10
21 15 1 19
22 0 41 24
22 1 14 11
22 3 24 16
22 6 1 29
22 8 114 6
22 9 3 6
22 10 156 2
22 21 1 1
23 6 2 2
23 8 1 3
23 9 12 4
23 10 150 1
23 11 221 22
23 13 1 7
23 22 2 29
23 24 54 1
24 0 51 1
24 1 5 1
24 3 4 1
24 5 9 1
24 7 15 29
24 8 66 1
24 10 30 1
24 11 1 18
24 12 1 28
24 13 2 18
24 16 6 1
24 17 77 5
25 11 183 1
25 18 31 2
25 19 1 12
25 22 8 10
25 26 24 6
26 1 3 15
26 4 2 24
26 6 2 6
26 11 102 1
26 17 47 4
26 22 16 1
26 27 56 1
27 0 1 1
27 4 1 26
27 6 1 12
27 7 30 3
27 10 7 3
27 17 14 8
27 21 1 16
27 26 20 12
