0 1 19 14
0 3 12 8
0 4 1 17
0 5 62 9
0 6 195 1
0 7 1 2
0 8 11 28
0 10 1 1
0 11 201 1
0 12 6 16
0 16 10 14
0 17 1 25
0 18 6 17
0 19 7 3
0 20 14 7
0 22 5 27
0 23 1 19
0 24 10 22
1 0 7 11
1 2 148 1
1 3 12 20
1 4 10 23
1 5 11 3
1 6 11 23
1 7 245 1
1 8 34 23
1 9 15 2
1 10 1 14
1 14 3 19
1 15 12 2
1 16 9 8
1 17 164 1
1 18 15 24
1 23 1 3
1 24 10 14
1 27 1 21
2 0 1 26
2 1 305 1
2 3 118 1
2 5 2 3
2 7 153 1
2 8 15 13
2 9 2 6
2 10 161 1
2 11 170 2
2 14 42 20
2 17 2 1
2 20 151 13
2 23 1 8
2 26 25 10
3 0 7 18
3 1 11 10
3 2 100 1
3 5 10 3
3 7 9 27
3 8 9 18
3 10 1 2
3 11 6 18
3 16 10 20
3 17 26 3
3 19 47 3
3 24 10 3
3 25 1 13
4 0 1 16
4 1 4 28
4 2 22 1
4 3 2 1
4 5 16 12
4 6 46 8
4 7 276 2
4 8 1 12
4 9 143 1
4 11 233 3
4 12 3 1
4 14 114 9
4 17 202 1
4 19 1 1
4 21 2 26
4 22 1 21
4 23 1 13
4 26 47 3
5 0 9 14
5 1 158 19
5 2 3 16
5 3 10 23
5 4 353 1
5 6 77 1
5 7 148 1
5 8 8 26
5 9 102 12
5 10 3 24
5 11 1 18
5 13 2 5
5 15 1 2
5 16 10 14
5 19 32 5
5 22 19 14
5 23 13 3
5 24 10 27
6 0 221 1
6 1 244 1
6 2 8 2
6 3 141 1
6 4 133 1
6 7 66 27
6 8 278 1
6 9 3 10
6 10 1 26
6 11 72 1
6 12 1 22
6 14 55 1
6 15 31 3
6 17 1 11
6 18 12 4
6 21 12 11
6 22 92 15
7 1 343 1
7 2 11 10
7 3 68 1
7 4 13 1
7 5 140 1
7 6 2 19
7 8 383 1
7 9 1 3
7 10 5 3
7 11 287 1
7 13 53 2
7 15 2 19
7 16 3 22
7 18 5 27
7 23 14 1
7 24 229 1
7 25 8 2
7 27 9 10
8 0 11 27
8 1 11 26
8 2 193 1
8 3 33 26
8 4 5 1
8 5 6 22
8 6 262 1
8 7 4 19
8 9 28 22
8 10 7 2
8 11 9 13
8 12 1 22
8 14 8 3
8 15 34 1
8 16 9 10
8 23 2 3
8 24 10 1
8 27 7 3
9 4 182 1
9 5 5 21
9 6 270 1
9 8 280 1
9 10 86 1
9 12 2 11
9 14 113 1
9 15 3 1
9 18 4 24
9 20 87 3
10 1 3 18
10 2 6 22
10 3 35 27
10 5 3 2
10 6 236 1
10 7 70 1
10 8 3 22
10 9 5 8
10 11 47 2
10 12 21 1
10 13 97 1
10 14 23 17
10 15 24 29
10 17 63 1
10 18 2 4
10 21 83 24
11 0 182 19
11 2 2 6
11 4 19 3
11 5 9 26
11 7 6 28
11 8 233 1
11 9 318 1
11 13 9 7
11 14 15 1
11 15 64 1
11 19 49 9
11 20 85 1
11 22 97 2
11 23 10 16
11 24 166 1
11 25 340 1
12 1 16 11
12 2 1 20
12 3 1 19
12 4 3 7
12 6 1 18
12 7 110 1
12 8 1 25
12 9 320 1
12 13 9 3
12 14 16 27
12 15 8 25
12 16 3 24
12 18 115 10
12 21 1 8
12 22 1 4
12 24 35 1
12 25 66 4
12 27 3 7
13 1 11 3
13 10 261 1
13 11 6 7
13 12 28 23
14 1 107 1
14 2 2 2
14 3 3 19
14 5 51 3
14 8 28 6
14 10 32 23
14 11 3 25
14 15 3 7
14 17 11 8
14 19 1 9
14 20 1 26
14 22 2 5
15 2 1 5
15 5 1 2
15 6 1 18
15 7 28 2
15 8 31 15
15 11 2 12
15 19 4 16
15 24 1 12
16 0 9 2
16 1 116 5
16 3 10 1
16 5 9 29
16 7 1 24
16 8 10 12
16 9 111 1
16 17 6 15
16 18 137 1
16 20 9 22
16 24 9 22
17 1 14 24
17 2 1 23
17 4 9 1
17 5 4 4
17 8 1 10
17 9 2 8
17 11 193 1
17 12 6 16
17 13 1 24
17 18 201 4
17 20 135 2
17 23 6 29
17 25 1 3
18 1 3 20
18 4 2 20
18 6 209 1
18 7 12 26
18 12 6 1
18 21 1 25
18 26 1 16
19 0 223 1
19 1 2 11
19 5 2 24
19 8 120 1
19 10 1 4
19 20 32 1
20 3 110 2
20 4 173 1
20 7 163 1
20 10 120 2
20 11 16 16
20 13 31 10
21 10 1 4
21 13 1 5
22 1 14 1
22 7 26 1
22 9 1 20
22 10 152 1
22 11 1 17
22 12 87 2
22 13 5 2
22 15 1 12
23 4 36 8
23 7 1 29
23 8 5 2
23 10 146 3
23 11 33 6
23 15 5 10
23 17 35 4
23 24 53 1
23 26 2 14
24 0 61 17
24 1 10 9
24 2 38 16
24 3 11 4
24 5 15 6
24 6 9 1
24 7 1 24
24 8 9 1
24 10 26 4
24 11 3 25
24 16 10 26
24 17 77 1
25 1 3 29
25 7 293 1
25 8 1 22
25 11 18 1
25 23 3 23
26 6 1 9
26 7 139 14
26 14 1 17
26 27 48 1
27 2 31 16
27 4 7 16
27 5 20 1
27 8 1 20
27 10 1 14
27 11 1 22
27 14 9 9
27 20 22 7
27 26 58 11
