0 1 139 6
0 2 7 9
0 3 130 1
0 4 1 19
0 5 28 1
0 6 142 1
0 7 2 14
0 8 9 1
0 11 167 1
0 13 1 4
0 16 65 3
0 17 3 1
0 19 2 29
0 20 1 5
0 24 104 1
0 25 21 2
1 0 123 17
1 2 324 1
1 3 37 1
1 4 2 24
1 5 445 1
1 6 392 1
1 7 191 1
1 8 97 28
1 9 1 9
1 10 37 28
1 11 1 29
1 13 68 6
1 14 2 16
1 16 46 1
1 17 70 1
1 18 37 8
1 19 177 2
1 24 40 1
1 27 10 6
2 0 10 29
2 1 80 1
2 3 3 1
2 4 221 1
2 6 1 11
2 7 84 1
2 8 15 19
2 10 105 1
2 11 136 1
2 17 3 9
2 20 1 1
2 24 13 8
3 0 409 1
3 1 51 1
3 5 75 21
3 6 216 1
3 7 1 13
3 8 5 4
3 10 2 14
3 13 4 10
3 15 1 10
3 16 35 25
3 20 6 1
3 24 174 6
4 0 27 27
4 2 4 3
4 3 201 1
4 5 209 1
4 6 10 9
4 7 254 1
4 8 2 4
4 9 70 1
4 10 3 14
4 17 163 1
4 18 6 1
4 21 1 9
4 22 1 14
4 27 75 16
5 0 36 1
5 1 65 8
5 2 77 3
5 3 147 1
5 4 6 1
5 6 7 16
5 7 105 1
5 8 5 1
5 9 42 1
5 10 15 16
5 12 185 1
5 16 25 4
5 17 3 6
5 20 52 22
5 21 1 28
5 24 67 27
5 25 1 4
6 0 168 1
6 1 190 1
6 2 276 1
6 3 97 1
6 4 43 1
6 5 18 16
6 7 28 22
6 8 1 1
6 9 14 6
6 10 1 16
6 11 37 1
6 12 1 5
6 14 35 1
6 17 3 2
6 18 1 12
6 21 9 9
6 25 94 1
7 0 1 24
7 1 298 1
7 2 2 11
7 4 3 6
7 5 97 2
7 6 2 22
7 8 138 1
7 9 6 15
7 10 18 23
7 11 160 1
7 13 38 1
7 15 1 27
7 17 126 1
7 22 1 21
7 23 5 1
7 24 198 1
7 27 24 9
8 0 13 2
8 1 133 27
8 2 36 1
8 3 97 1
8 4 373 1
8 5 110 1
8 6 5 3
8 7 1 1
8 9 2 15
8 10 4 28
8 11 1 7
8 15 18 1
8 16 181 13
8 20 18 29
8 22 117 2
8 23 3 2
8 24 186 26
8 25 8 4
9 0 207 3
9 1 253 2
9 2 11 7
9 4 102 1
9 5 1 18
9 6 213 1
9 7 1 18
9 8 177 1
9 10 146 1
9 11 78 2
9 12 72 22
9 14 85 1
9 18 4 3
9 24 1 21
9 27 2 12
10 2 1 25
10 3 2 9
10 4 2 6
10 5 1 27
10 6 157 1
10 7 25 2
10 8 26 29
10 9 174 17
10 11 247 1
10 13 54 1
10 14 221 19
10 15 229 21
10 17 47 2
10 20 153 2
10 22 40 1
10 23 3 5
10 25 134 1
10 26 54 2
11 0 2 24
11 2 1 9
11 4 10 1
11 5 6 24
11 6 392 5
11 7 125 12
11 8 202 1
11 9 290 2
11 10 4 29
11 14 345 1
11 15 244 1
11 18 82 8
11 22 79 2
11 23 2 16
11 24 90 1
11 25 179 1
11 27 193 1
12 2 1 14
12 4 120 20
12 6 14 6
12 7 94 3
12 8 3 28
12 9 220 1
12 10 320 1
12 11 1 14
12 14 1 6
12 16 82 11
12 17 58 1
12 18 112 1
12 21 125 22
12 22 26 17
12 23 1 13
12 24 31 4
12 25 63 5
13 6 2 22
13 7 1 25
13 8 10 2
13 10 257 1
13 11 1 26
13 12 81 28
14 1 97 2
14 7 16 16
14 9 16 1
14 10 40 15
14 11 1 14
14 17 13 10
14 20 2 26
15 0 19 5
15 1 1 23
15 3 1 8
15 4 85 1
15 10 1 16
15 11 7 1
15 14 3 27
15 26 22 22
16 0 195 22
16 1 143 1
16 2 30 1
16 3 56 1
16 5 190 7
16 7 4 8
16 8 4 16
16 17 10 12
16 18 77 1
16 20 2 10
16 23 28 22
16 24 22 27
17 1 5 2
17 3 153 1
17 5 4 10
17 6 308 1
17 7 48 1
17 8 52 8
17 9 1 3
17 10 1 29
17 16 13 1
17 20 125 1
17 27 5 14
18 0 1 18
18 1 4 25
18 3 25 5
18 4 1 19
18 6 196 1
18 9 1 8
18 12 3 1
18 17 1 14
18 20 5 25
19 0 153 1
19 2 1 27
19 3 36 2
19 8 109 1
19 9 4 29
19 10 1 1
19 17 111 3
19 20 1 8
19 25 8 18
20 1 1 14
20 3 75 1
20 6 19 29
20 11 1 4
20 13 28 13
20 14 9 5
20 15 43 1
20 19 7 25
21 4 15 16
21 7 4 2
21 9 80 2
21 11 6 25
21 12 5 4
21 20 3 13
21 23 19 5
21 24 24 1
22 3 22 16
22 10 136 1
22 11 1 18
22 12 73 1
22 13 2 17
22 15 12 1
23 1 1 6
23 7 1 4
23 8 4 8
23 10 131 1
23 13 1 1
23 14 3 5
23 17 32 3
23 22 8 14
23 24 43 5
24 0 148 1
24 1 58 1
24 3 49 1
24 4 47 3
24 5 211 1
24 7 8 21
24 8 4 24
24 16 55 1
24 21 1 12
24 26 50 1
24 27 1 17
25 4 65 2
25 7 274 1
25 9 100 18
25 10 2 9
25 11 44 1
25 24 9 5
25 26 17 3
26 6 2 11
26 8 82 2
26 18 27 2
26 27 20 1
27 7 15 4
27 10 1 23
27 11 3 29
27 13 1 15
27 15 20 6
27 17 11 3
27 25 3 3
27 26 20 1
