0 1 213 1
0 2 1 17
0 3 66 3
0 4 2 21
0 5 111 1
0 6 111 1
0 7 23 10
0 8 133 1
0 9 27 1
0 15 8 2
0 16 92 1
0 17 25 28
0 18 1 16
0 19 1 1
0 20 10 28
0 23 2 14
0 24 163 1
0 26 41 6
1 0 176 1
1 2 218 1
1 3 102 1
1 4 1 6
1 5 319 1
1 6 126 1
1 7 158 1
1 8 224 5
1 9 1 16
1 10 3 15
1 11 1 12
1 13 64 4
1 16 111 2
1 17 28 1
1 18 1 28
1 19 166 2
1 22 16 4
1 24 18 9
1 27 74 10
2 0 2 20
2 1 7 1
2 3 3 14
2 4 200 1
2 6 8 24
2 7 49 1
2 8 6 10
2 9 4 29
2 10 74 1
2 11 114 1
2 13 2 18
2 16 58 11
2 17 44 6
2 20 152 25
2 23 3 1
3 0 115 4
3 1 206 1
3 2 19 19
3 5 8 8
3 6 191 1
3 7 24 1
3 8 105 1
3 10 2 6
3 16 60 1
3 24 129 1
4 0 19 29
4 1 417 1
4 3 188 1
4 5 116 1
4 6 3 22
4 8 7 27
4 9 36 1
4 10 2 2
4 11 212 1
4 12 10 26
4 13 79 5
4 16 1 19
4 17 139 1
4 19 1 25
4 23 2 23
5 0 185 1
5 1 141 1
5 3 28 3
5 4 171 1
5 6 18 28
5 7 80 1
5 8 103 1
5 9 12 1
5 10 2 16
5 16 120 1
5 17 21 9
5 18 6 7
5 19 30 11
5 21 1 5
5 24 124 1
5 27 4 27
6 0 136 1
6 1 63 1
6 2 239 1
6 3 71 1
6 5 140 5
6 7 131 9
6 8 22 10
6 9 9 12
6 10 2 18
6 11 21 1
6 17 1 5
6 20 2 29
6 25 87 1
7 0 1 16
7 1 266 1
7 2 3 3
7 3 1 15
7 5 73 1
7 6 7 16
7 8 52 1
7 9 4 14
7 10 21 20
7 11 101 1
7 13 29 3
7 14 1 24
7 15 9 12
7 16 1 1
7 17 114 1
7 22 2 14
7 24 177 1
7 25 1 1
8 0 128 1
8 1 56 1
8 3 43 1
8 4 18 1
8 5 55 1
8 6 69 25
8 7 99 4
8 9 2 4
8 11 7 26
8 12 20 12
8 13 1 1
8 16 70 1
8 17 1 20
8 18 188 1
8 20 5 1
8 22 111 4
8 24 154 1
8 25 2 2
8 26 27 1
8 27 1 16
9 0 202 1
9 1 227 1
9 2 2 28
9 4 61 1
9 5 11 18
9 6 173 1
9 7 1 14
9 8 119 1
9 10 61 1
9 11 57 2
9 12 5 8
9 15 2 1
9 18 4 5
9 20 74 1
9 24 2 15
9 25 5 1
10 2 1 25
10 4 2 18
10 5 34 2
10 6 102 1
10 7 8 1
10 8 34 25
10 9 4 12
10 11 45 1
10 14 36 18
10 15 2 16
10 18 1 27
10 23 1 19
10 25 117 1
10 26 50 4
10 27 2 22
11 0 29 10
11 2 2 3
11 3 5 16
11 5 82 25
11 6 384 1
11 7 156 13
11 8 203 1
11 9 269 1
11 10 6 16
11 12 2 14
11 13 218 2
11 14 318 1
11 15 131 1
11 21 55 4
11 22 68 3
11 24 51 1
11 25 93 1
11 27 177 1
12 0 1 20
12 1 2 8
12 2 5 23
12 4 2 10
12 5 1 23
12 6 11 16
12 8 1 21
12 9 158 1
12 10 301 1
12 13 147 1
12 15 5 14
12 17 52 5
12 21 125 1
12 22 28 8
12 23 1 13
13 5 2 2
13 8 4 2
13 10 232 1
13 11 33 24
13 12 83 10
13 14 1 2
13 26 13 20
13 27 3 15
14 1 90 1
14 2 45 2
14 5 43 1
14 6 1 29
14 7 43 6
14 10 6 27
14 11 1 5
14 12 6 22
14 15 47 1
14 19 2 9
14 20 1 26
14 22 25 4
14 23 1 17
14 24 35 1
15 6 9 13
15 8 66 28
15 9 25 9
15 10 10 20
15 11 93 1
15 14 3 18
15 20 5 19
15 25 1 8
15 27 16 1
16 0 53 3
16 1 184 1
16 3 9 2
16 5 34 2
16 7 1 18
16 8 123 1
16 15 1 4
16 18 46 1
16 20 46 13
16 22 3 1
16 24 36 1
17 1 2 12
17 2 184 3
17 3 140 1
17 6 296 1
17 8 1 21
17 9 22 4
17 11 177 1
17 13 1 16
17 16 294 1
17 22 33 1
17 23 1 23
17 25 7 10
18 1 1 28
18 3 21 2
18 4 1 11
18 6 186 1
18 7 73 20
18 9 1 8
18 16 275 1
18 23 31 21
18 26 1 17
19 0 110 1
19 2 1 15
19 5 1 18
19 7 27 1
19 9 29 8
19 10 10 10
19 20 2 27
20 0 1 1
20 1 62 28
20 3 55 1
20 4 160 1
20 6 5 15
20 7 117 1
20 10 97 1
20 11 1 23
20 15 39 5
20 17 1 27
20 18 4 1
20 19 27 13
21 8 12 1
21 10 2 8
21 11 1 1
22 1 8 7
22 6 1 28
22 7 13 1
22 8 95 3
22 9 2 12
22 10 124 1
22 12 63 4
22 15 1 24
22 23 1 4
22 24 29 18
23 7 1 7
23 8 1 2
23 13 11 28
23 14 36 12
23 24 37 1
23 25 1 16
23 26 1 26
24 0 133 1
24 1 95 1
24 3 124 1
24 5 31 1
24 7 3 14
24 8 82 1
24 15 3 17
24 16 26 1
24 22 2 15
24 26 45 1
25 1 84 3
25 7 248 1
25 8 4 7
25 9 99 3
25 10 2 18
25 11 6 1
25 15 5 3
25 17 42 13
25 19 1 20
25 27 27 1
26 4 2 21
26 10 1 9
26 11 76 1
26 17 1 26
26 27 7 3
27 6 5 25
27 8 2 7
27 11 2 24
27 18 1 14
