0 1 37 7
0 2 1 18
0 3 13 26
0 4 1 18
0 5 18 17
0 6 84 1
0 7 1 11
0 8 57 26
0 9 19 3
0 10 251 1
0 11 126 1
0 12 152 23
0 14 71 1
0 16 11 6
0 19 3 29
0 23 2 20
0 24 10 29
1 0 6 15
1 2 100 1
1 3 10 3
1 4 57 1
1 5 15 8
1 6 84 1
1 7 128 1
1 8 10 4
1 9 1 24
1 10 1 10
1 12 1 1
1 13 60 8
1 16 14 8
1 17 5 2
1 18 15 20
1 19 154 2
1 20 105 2
1 22 14 1
1 24 11 27
1 26 63 3
2 0 2 15
2 1 2 6
2 3 5 23
2 4 178 1
2 5 1 17
2 6 16 7
2 8 355 1
2 9 23 10
2 10 49 1
2 11 94 2
2 16 1 12
2 17 1 4
2 18 1 24
2 27 1 13
3 0 15 21
3 1 13 24
3 2 5 18
3 5 18 2
3 6 166 1
3 7 14 1
3 8 9 22
3 10 1 1
3 11 91 1
3 12 10 1
3 15 2 28
3 16 11 26
3 21 21 29
3 24 69 29
4 0 59 17
4 1 9 1
4 3 174 2
4 5 48 1
4 6 10 19
4 8 3 14
4 9 13 1
4 10 1 2
4 11 203 1
4 13 76 1
4 17 117 1
4 18 1 1
4 19 16 6
4 26 41 4
5 0 20 7
5 1 9 14
5 2 71 1
5 3 21 28
5 4 89 1
5 6 15 4
5 7 58 1
5 8 15 22
5 9 59 1
5 15 1 27
5 16 43 13
5 20 2 7
5 24 11 7
6 0 107 1
6 1 30 1
6 2 199 1
6 3 50 1
6 5 288 18
6 7 1 21
6 8 21 22
6 9 4 6
6 10 22 29
6 17 6 13
6 19 66 2
6 20 2 25
7 1 236 1
7 2 1 9
7 3 5 22
7 5 52 2
7 6 6 22
7 8 77 1
7 9 15 12
7 10 3 26
7 11 53 9
7 12 147 1
7 13 22 2
7 14 1 3
7 16 1 23
7 17 102 1
7 20 1 13
7 21 14 23
7 22 1 24
7 24 156 1
7 25 2 21
7 27 1 21
8 0 12 15
8 1 13 15
8 2 2 2
8 3 18 19
8 4 14 1
8 5 12 3
8 6 64 8
8 7 212 4
8 10 354 15
8 11 2 27
8 12 1 20
8 13 3 5
8 16 169 13
8 18 180 3
8 19 7 3
8 20 47 23
8 23 16 12
8 24 13 21
8 25 3 24
8 26 24 2
9 0 194 1
9 1 201 1
9 3 1 1
9 4 30 1
9 5 53 1
9 6 51 1
9 7 7 17
9 8 73 1
9 10 21 3
9 11 40 1
9 12 5 18
9 13 101 1
9 14 53 1
9 15 8 24
9 19 2 4
9 20 69 1
9 21 28 1
9 23 2 9
9 24 1 22
9 25 3 1
9 26 4 21
10 2 1 29
10 3 2 18
10 4 1 26
10 5 38 29
10 6 170 1
10 8 16 18
10 9 9 21
10 11 202 1
10 14 5 15
10 17 31 3
10 19 2 1
10 22 22 1
10 25 100 2
10 27 3 14
11 0 2 27
11 3 2 25
11 5 49 23
11 6 372 1
11 7 31 4
11 8 172 1
11 10 2 11
11 13 216 2
11 14 282 1
11 15 59 9
11 20 48 2
11 21 52 1
11 22 58 2
11 23 112 12
11 24 24 1
11 25 34 1
11 26 3 9
12 4 1 19
12 5 7 22
12 6 24 21
12 7 76 2
12 8 1 22
12 9 105 1
12 10 280 2
12 11 3 16
12 13 122 1
12 14 2 22
12 17 47 3
12 22 2 18
12 23 1 5
12 25 58 4
12 26 55 7
12 27 1 16
13 0 20 5
13 2 4 11
13 10 206 1
13 11 4 25
13 12 1 13
13 14 11 26
13 15 1 22
14 0 49 2
14 1 84 1
14 3 1 23
14 6 1 7
14 7 2 20
14 8 1 16
14 9 2 6
14 10 5 21
14 11 44 24
14 13 1 1
14 15 30 1
14 19 1 28
14 26 13 5
15 2 2 8
15 4 77 7
15 6 2 10
15 7 196 11
15 11 51 1
15 14 3 23
15 17 80 1
15 23 1 15
16 0 11 1
16 1 10 24
16 2 23 3
16 3 11 2
16 5 11 19
16 6 54 2
16 8 10 4
16 9 100 4
16 15 2 22
16 17 10 4
16 18 23 1
16 20 1 26
16 21 11 29
16 24 19 21
17 0 14 1
17 1 2 18
17 2 177 1
17 3 127 1
17 4 1 14
17 5 1 7
17 6 281 1
17 8 1 8
17 10 3 10
17 13 1 8
17 16 278 2
17 19 95 3
17 23 30 15
17 24 4 26
18 1 83 2
18 7 3 10
18 16 254 1
19 0 72 1
19 4 110 4
19 7 21 3
19 10 1 13
19 16 11 2
19 20 3 19
20 0 4 14
20 4 154 5
20 5 1 8
20 7 101 1
20 8 1 27
20 11 2 21
20 13 25 1
20 19 10 25
21 1 1 27
21 6 24 1
21 11 1 24
22 0 44 8
22 4 8 24
22 8 89 1
22 9 1 14
22 11 36 28
23 7 1 11
23 11 22 28
23 13 1 18
23 22 6 14
23 26 10 14
24 0 10 12
24 1 11 3
24 3 19 12
24 5 12 21
24 6 1 1
24 7 1 25
24 8 11 12
24 10 4 1
24 11 40 1
24 16 11 14
24 17 70 13
24 20 56 1
24 26 40 2
24 27 7 21
25 1 1 9
25 4 57 5
25 7 221 1
25 9 99 1
25 10 1 29
25 11 1 17
25 17 1 18
26 7 136 5
26 11 68 1
26 23 17 21
26 25 1 12
27 5 15 16
27 6 1 15
27 7 5 8
27 8 1 12
27 10 1 21
27 11 228 6
27 26 96 1
