0 1 23 4
0 2 1 24
0 3 20 18
0 4 1 20
0 5 18 26
0 6 66 1
0 7 68 14
0 8 49 1
0 10 244 2
0 11 112 1
0 13 1 16
0 15 8 2
0 16 23 2
0 17 3 27
0 19 1 11
0 20 163 21
0 23 1 24
0 24 42 22
0 25 11 4
0 27 1 22
1 0 46 26
1 2 42 1
1 3 277 11
1 4 53 1
1 5 95 23
1 6 264 1
1 8 231 15
1 9 4 9
1 10 25 6
1 11 1 8
1 12 1 1
1 13 58 1
1 16 22 17
1 20 95 2
1 24 48 14
1 27 1 22
2 0 4 15
2 1 4 12
2 3 23 17
2 4 161 1
2 6 1 13
2 7 11 1
2 8 244 1
2 9 1 20
2 10 33 1
2 15 2 9
2 17 1 7
3 0 32 24
3 1 20 19
3 2 4 4
3 4 1 4
3 5 149 25
3 6 147 1
3 7 305 1
3 8 32 14
3 9 120 2
3 11 76 2
3 12 8 5
3 14 45 3
3 15 2 26
3 16 25 16
3 18 72 2
3 22 2 15
3 24 22 5
4 1 322 1
4 3 163 2
4 5 16 1
4 6 10 22
4 7 210 1
4 8 2 29
4 10 2 16
4 11 196 2
4 18 339 1
4 19 1 11
4 23 1 6
4 24 1 22
5 0 59 5
5 1 46 5
5 2 3 1
5 3 18 9
5 4 43 1
5 6 99 6
5 7 45 1
5 8 45 16
5 9 8 1
5 10 1 4
5 11 1 10
5 16 21 13
5 17 3 21
5 20 2 11
5 21 27 22
5 24 38 16
6 0 87 1
6 1 25 1
6 2 168 1
6 3 37 1
6 4 1 28
6 5 250 1
6 7 2 18
6 8 21 3
6 9 4 17
6 10 48 24
6 17 1 5
6 18 218 4
6 21 5 2
6 25 74 4
7 0 1 17
7 1 213 1
7 2 1 9
7 3 6 13
7 5 39 1
7 6 93 12
7 8 28 15
7 9 5 10
7 10 1 19
7 11 35 1
7 12 141 2
7 14 1 1
7 17 93 2
7 21 3 18
7 24 141 1
7 25 3 6
7 27 1 13
8 0 18 18
8 1 80 3
8 2 5 4
8 3 222 6
8 4 286 1
8 5 32 19
8 6 19 24
8 7 340 1
8 9 1 22
8 10 10 4
8 11 35 6
8 12 1 14
8 13 2 19
8 14 1 26
8 16 27 18
8 17 4 8
8 18 174 1
8 20 3 13
8 23 15 4
8 24 31 13
8 25 1 13
9 0 188 3
9 1 181 1
9 2 2 17
9 3 1 10
9 5 281 13
9 6 41 1
9 7 3 21
9 8 45 1
9 10 155 1
9 11 29 1
9 12 1 23
9 14 42 2
9 17 155 1
9 22 8 1
9 23 11 18
9 26 12 26
10 2 17 21
10 4 6 28
10 5 2 3
10 6 22 1
10 8 46 29
10 9 38 27
10 11 154 1
10 14 5 29
10 18 1 19
10 19 1 14
10 23 1 5
10 25 89 1
10 27 92 26
11 2 1 7
11 3 4 17
11 5 1 18
11 6 361 1
11 7 17 12
11 8 148 1
11 9 231 1
11 10 9 9
11 12 5 2
11 13 208 1
11 14 252 1
11 15 54 1
11 22 51 2
11 23 2 3
11 24 10 2
11 25 9 1
11 26 7 1
11 27 147 1
12 1 17 16
12 4 1 23
12 5 1 6
12 6 30 5
12 9 72 1
12 10 264 1
12 11 1 8
12 13 104 1
12 21 121 5
12 22 1 19
12 24 24 1
13 5 4 2
13 10 186 1
13 11 2 25
13 14 1 1
13 15 1 21
13 20 1 12
14 1 79 1
14 6 5 26
14 10 18 6
14 11 3 10
14 15 17 1
14 27 2 22
15 2 1 12
15 4 75 1
15 6 2 4
15 7 151 1
15 8 1 29
15 9 1 29
15 11 21 1
15 14 1 22
16 0 171 26
16 1 21 18
16 2 20 3
16 3 18 14
16 5 37 22
16 6 49 4
16 8 40 5
16 9 98 3
16 10 14 11
16 12 2 2
16 24 37 23
16 26 1 20
17 0 3 1
17 1 17 27
17 4 2 22
17 6 269 1
17 7 25 1
17 8 1 9
17 9 6 16
17 12 3 5
17 16 249 1
17 19 91 3
18 0 1 1
18 1 1 23
18 3 16 4
18 4 1 4
18 5 1 9
18 6 167 2
18 7 73 25
18 16 236 1
18 17 1 13
18 20 1 17
18 22 1 21
19 0 49 1
19 1 3 17
19 4 107 1
19 6 45 1
19 10 14 6
19 11 33 1
19 20 19 2
20 0 6 23
20 1 1 21
20 2 1 15
20 3 28 1
20 5 6 1
20 7 90 1
20 9 1 3
20 10 82 1
20 11 2 3
20 14 1 4
20 19 9 2
21 0 49 18
21 3 15 21
21 8 12 8
21 9 75 1
21 10 84 11
21 11 1 7
21 13 13 26
21 19 8 7
22 4 1 4
22 6 1 17
22 8 84 2
22 11 2 7
22 12 48 4
22 23 3 12
23 4 26 1
23 7 2 27
23 10 103 1
23 11 192 1
23 13 1 2
23 15 8 1
23 18 26 26
23 24 25 1
23 26 1 22
24 0 17 2
24 1 110 11
24 3 18 13
24 5 69 13
24 7 1 8
24 8 61 10
24 11 333 1
24 13 1 29
24 16 36 4
24 22 2 2
24 27 13 15
25 7 198 1
25 11 4 27
25 23 1 20
26 6 6 11
26 8 72 3
26 11 62 2
26 23 17 16
26 24 62 9
27 6 1 8
27 7 3 6
27 10 1 14
27 20 14 3
27 26 84 1
