0 1 249 18
0 2 1 20
0 3 50 3
0 4 4 28
0 5 23 23
0 6 62 1
0 7 4 18
0 8 157 3
0 9 14 1
0 10 243 1
0 11 109 1
0 15 101 2
0 16 32 10
0 17 2 5
0 19 69 18
0 20 2 19
0 24 28 22
1 0 79 12
1 2 29 1
1 3 15 14
1 4 5 1
1 5 36 5
1 6 246 1
1 7 103 1
1 8 88 17
1 9 2 28
1 10 5 16
1 11 1 22
1 15 1 14
1 16 129 23
1 18 1 11
1 19 142 2
1 23 1 4
1 24 16 7
1 26 61 6
2 0 1 16
2 1 4 23
2 3 10 29
2 4 157 1
2 6 14 1
2 7 8 1
2 8 228 1
2 9 11 22
2 10 29 2
2 11 77 2
2 15 1 17
2 16 2 22
3 0 88 24
3 1 66 5
3 2 43 10
3 5 15 14
3 6 143 1
3 7 296 1
3 8 14 22
3 10 194 18
3 11 323 1
3 12 7 6
3 15 1 21
3 16 27 4
3 19 24 5
3 24 75 3
4 0 1 1
4 1 252 1
4 3 161 1
4 5 10 1
4 6 1 11
4 8 12 8
4 9 2 2
4 11 195 1
4 12 1 18
4 14 125 17
4 17 98 1
4 18 332 1
4 19 1 10
4 21 1 18
4 22 3 16
4 23 8 6
4 25 79 2
5 0 91 11
5 1 117 11
5 2 71 1
5 3 34 26
5 4 35 1
5 6 248 28
5 7 41 1
5 8 20 8
5 9 3 1
5 12 155 1
5 16 55 21
5 20 3 2
5 24 30 18
5 26 13 9
6 0 83 1
6 1 18 5
6 2 160 1
6 4 1 9
6 5 196 1
6 8 288 6
6 9 3 4
6 10 11 24
6 15 7 1
6 16 82 1
6 17 2 20
6 18 218 1
6 27 21 1
7 0 3 23
7 1 208 1
7 2 1 26
7 3 5 9
7 4 1 7
7 5 36 1
7 8 277 1
7 9 2 6
7 10 4 16
7 11 13 1
7 13 16 1
7 15 253 2
7 16 1 11
7 17 91 2
7 21 14 3
7 22 2 29
7 24 137 1
7 25 1 21
8 0 88 4
8 1 32 21
8 2 3 5
8 3 17 6
8 4 278 1
8 5 33 28
8 6 172 8
8 7 220 1
8 9 19 17
8 10 250 1
8 11 4 5
8 12 3 24
8 15 1 1
8 16 16 16
8 17 2 24
8 18 172 2
8 19 139 1
8 21 53 10
8 24 15 29
8 25 1 13
9 1 176 1
9 2 1 19
9 4 12 1
9 5 70 1
9 6 28 1
9 8 40 1
9 10 136 1
9 11 27 1
9 12 1 7
9 14 40 1
9 15 1 4
9 24 3 3
10 1 11 7
10 2 2 9
10 3 3 22
10 4 4 19
10 6 142 1
10 8 7 18
10 9 10 3
10 11 139 1
10 14 13 8
10 17 25 1
10 18 15 13
10 19 6 15
10 23 22 19
10 24 1 13
10 25 86 1
11 3 1 21
11 4 1 1
11 5 1 21
11 6 358 2
11 7 5 20
11 8 139 1
11 9 227 1
11 10 3 3
11 13 206 2
11 14 245 1
11 15 38 1
11 16 117 3
11 19 1 22
11 20 40 3
11 23 3 28
11 25 5 1
11 27 144 1
12 1 4 18
12 4 2 13
12 6 30 5
12 7 69 1
12 8 19 2
12 9 65 1
12 10 260 1
12 11 2 16
12 13 99 1
12 18 103 3
12 21 121 2
12 23 9 16
12 25 56 1
12 27 1 25
13 2 4 7
13 10 181 1
13 11 14 17
13 12 5 3
13 14 25 17
13 15 1 10
13 16 2 25
13 20 1 22
13 22 6 27
14 5 36 1
14 6 5 11
14 7 1 7
14 10 2 13
14 11 1 4
14 12 1 27
14 13 1 15
14 15 12 2
14 20 1 2
14 25 14 10
14 27 1 12
15 3 1 12
15 8 1 18
15 9 1 18
15 10 1 1
15 11 69 1
15 13 2 20
15 14 14 14
15 20 58 22
16 0 16 27
16 1 73 24
16 3 16 7
16 5 46 4
16 6 48 4
16 8 72 20
16 9 97 3
16 17 280 28
16 18 9 1
16 20 50 9
16 24 147 18
17 1 7 15
17 2 19 1
17 3 116 1
17 5 1 14
17 6 266 1
17 8 28 7
17 10 7 8
17 12 3 23
17 13 1 13
17 16 243 1
17 18 186 2
17 19 90 5
17 24 4 12
18 1 1 11
18 4 8 8
18 5 3 20
18 6 165 3
18 8 1 29
18 16 231 1
18 17 4 11
19 0 44 1
19 3 22 2
19 4 106 1
19 6 43 4
19 7 16 2
19 9 11 11
19 11 33 1
19 20 3 17
19 23 8 5
19 24 11 7
20 0 11 28
20 1 1 29
20 3 26 2
20 6 4 22
20 10 81 1
20 19 3 25
20 24 1 28
20 25 64 8
21 2 1 14
21 8 1 8
22 9 19 2
22 11 91 21
22 20 54 9
22 24 28 2
23 10 101 2
23 18 3 2
23 26 1 10
24 0 58 15
24 1 68 19
24 3 34 13
24 4 37 5
24 5 16 7
24 7 4 13
24 8 28 18
24 11 36 1
24 16 15 14
24 22 1 6
24 27 1 4
25 7 192 1
25 10 4 14
25 11 1 12
25 12 1 20
25 14 37 2
25 20 58 2
26 7 134 3
26 9 65 8
26 11 61 1
26 18 2 8
26 19 9 5
27 1 78 2
27 4 4 20
27 5 14 24
27 6 1 10
27 23 20 9
27 26 80 1
