0 1 85 17
0 2 6 19
0 3 11 13
0 4 256 23
0 5 56 14
0 6 55 1
0 7 70 7
0 8 42 28
0 10 240 1
0 11 103 1
0 15 101 2
0 16 9 2
0 17 14 4
0 19 53 25
0 20 15 28
0 23 2 19
0 24 27 26
0 26 37 2
1 0 15 14
1 2 11 1
1 3 31 22
1 4 421 1
1 5 23 13
1 6 213 1
1 7 94 1
1 8 8 20
1 9 28 19
1 10 1 18
1 11 7 7
1 13 56 1
1 16 23 10
1 18 1 15
1 20 89 1
1 22 12 1
1 24 109 27
1 27 1 5
2 0 2 19
2 1 4 1
2 3 20 6
2 4 149 1
2 6 1 8
2 7 5 1
2 8 195 1
2 9 1 3
2 10 24 1
2 17 1 10
2 20 148 1
2 25 33 1
2 26 23 1
3 0 86 8
3 1 10 29
3 2 12 11
3 5 9 15
3 7 191 1
3 8 73 29
3 9 116 3
3 11 317 1
3 12 7 3
3 13 1 3
3 15 1 5
3 16 9 10
3 18 71 1
3 19 23 2
3 20 1 5
3 24 99 27
3 25 2 8
4 0 23 12
4 1 221 1
4 2 1 8
4 6 141 13
4 7 201 1
4 8 3 8
4 10 2 19
4 12 26 7
4 18 319 1
4 22 3 21
4 23 19 29
5 0 9 26
5 1 8 11
5 3 36 8
5 4 21 1
5 6 340 1
5 7 36 2
5 8 50 11
5 12 150 1
5 16 8 16
5 17 4 9
5 20 6 3
5 23 8 1
5 24 25 27
5 25 39 16
5 26 13 16
6 0 75 1
6 1 12 1
6 2 147 1
6 4 2 1
6 5 320 1
6 8 100 15
6 9 23 24
6 10 3 5
6 17 1 12
6 18 216 3
6 20 2 5
6 22 96 10
6 23 2 1
7 0 13 14
7 1 198 1
7 2 1 7
7 3 49 18
7 5 31 2
7 8 238 2
7 10 2 6
7 11 10 1
7 14 1 29
7 15 247 1
7 17 88 1
7 18 157 11
7 20 1 24
7 24 130 1
7 25 4 5
7 27 1 12
8 0 186 11
8 1 28 23
8 2 9 16
8 3 94 1
8 4 264 1
8 5 32 29
8 6 28 6
8 7 248 1
8 9 124 8
8 10 346 24
8 11 47 7
8 12 4 6
8 13 194 2
8 14 1 25
8 15 1 4
8 16 9 9
8 17 1 5
8 22 98 2
8 24 8 13
9 0 184 3
9 1 168 1
9 2 20 9
9 3 5 29
9 4 7 2
9 5 268 1
9 6 33 1
9 7 3 22
9 8 30 1
9 10 111 1
9 12 8 4
9 15 1 28
9 16 3 9
9 18 162 7
9 22 6 12
9 26 1 13
10 0 1 7
10 2 3 25
10 3 1 20
10 4 1 16
10 6 121 1
10 8 13 19
10 11 9 1
10 13 4 1
10 14 334 21
10 15 65 3
10 17 23 3
10 18 4 15
10 19 14 19
10 22 14 2
10 25 81 1
11 0 1 17
11 2 6 28
11 3 2 22
11 6 353 1
11 7 231 6
11 8 139 1
11 10 2 11
11 12 11 29
11 14 232 1
11 15 12 1
11 20 38 2
11 21 48 1
11 22 47 1
11 23 126 9
11 25 1 1
11 26 2 16
12 0 1 11
12 4 6 2
12 5 1 24
12 6 2 13
12 8 93 20
12 9 52 1
12 10 253 1
12 11 1 22
12 13 91 1
12 18 102 5
12 20 109 8
12 21 120 3
12 22 1 2
12 23 1 10
12 25 55 4
13 10 172 1
13 11 2 4
13 12 2 7
13 18 24 21
13 20 48 29
13 24 10 13
14 3 2 16
14 5 34 6
14 7 1 15
14 10 1 12
14 11 5 26
14 13 1 4
14 15 5 1
14 17 2 4
14 22 18 2
14 23 15 15
15 0 8 3
15 1 1 3
15 2 5 14
15 4 73 1
15 6 42 8
15 7 192 1
15 8 2 15
15 11 285 1
15 12 2 23
15 13 1 9
15 14 1 27
15 17 78 1
15 22 16 2
15 25 1 15
15 27 12 4
16 0 22 6
16 1 8 28
16 3 55 21
16 5 62 14
16 6 46 2
16 8 79 23
16 15 1 11
16 18 5 2
16 20 50 17
16 24 9 12
16 26 1 21
17 1 16 18
17 3 111 1
17 5 1 12
17 6 260 1
17 8 1 15
17 10 2 21
17 12 1 25
17 16 231 1
17 23 1 8
17 27 1 25
18 1 4 29
18 2 1 27
18 3 14 7
18 5 2 14
18 8 2 23
18 10 164 1
18 11 95 1
18 16 221 1
18 17 2 11
19 0 35 1
19 1 2 3
19 4 104 2
19 6 42 1
19 7 15 1
19 8 88 1
19 11 31 3
19 17 97 4
19 20 3 24
19 21 1 19
19 23 7 6
20 0 7 17
20 2 1 26
20 3 22 2
20 4 147 4
20 13 22 7
20 14 5 9
20 19 3 10
20 23 40 15
20 24 2 1
20 25 64 1
20 26 61 1
21 5 24 1
21 6 20 2
21 10 1 9
21 15 1 15
21 17 36 26
22 6 1 23
22 7 6 1
22 8 81 1
22 10 99 2
22 12 44 2
22 15 13 17
22 20 54 12
22 23 1 26
23 0 1 15
23 3 1 1
23 4 24 5
23 7 23 11
23 10 98 2
23 11 17 1
23 12 30 4
23 15 1 9
23 16 24 16
23 20 60 15
23 21 1 5
23 22 3 4
24 0 9 29
24 1 41 22
24 2 34 1
24 3 43 16
24 4 36 6
24 5 27 18
24 7 2 5
24 8 9 16
24 11 27 1
24 15 1 19
24 16 8 19
25 7 182 1
25 9 2 1
25 10 1 15
25 11 2 15
25 17 4 27
26 2 1 4
26 7 133 5
26 8 71 2
26 12 1 18
26 20 30 1
27 10 1 23
27 13 1 3
27 14 4 2
27 23 19 12
27 26 75 1
