0 1 50 17
0 2 8 15
0 5 87 1
0 7 1 29
0 8 17 1
0 10 236 1
0 16 45 25
0 19 12 5
0 20 5 2
0 23 1 27
0 24 174 18
1 0 279 16
1 3 9 1
1 4 37 1
1 5 112 1
1 6 12 3
1 8 179 28
1 9 3 10
1 10 1 6
1 12 1 1
1 16 37 1
1 18 1 27
1 19 133 1
1 20 84 2
1 24 129 1
2 0 65 1
2 1 4 6
2 3 12 24
2 4 141 1
2 6 7 13
2 8 163 1
2 9 2 1
2 10 18 2
2 13 2 20
2 17 1 25
2 18 2 7
2 23 1 11
3 0 69 12
3 1 43 17
3 2 2 21
3 4 1 24
3 5 16 6
3 6 126 1
3 7 258 1
3 8 317 1
3 10 72 3
3 16 67 1
3 20 1 16
3 21 21 14
3 24 17 25
3 26 38 16
4 0 2 11
4 1 304 1
4 2 1 5
4 3 150 2
4 6 1 13
4 7 195 1
4 8 2 17
4 10 1 5
4 11 188 2
4 12 1 7
4 17 85 1
4 18 304 1
4 20 1 15
4 21 4 23
4 25 78 1
5 0 295 12
5 1 35 5
5 3 97 1
5 4 10 1
5 6 252 13
5 7 31 1
5 8 3 13
5 9 1 2
5 12 144 1
5 16 32 1
5 20 3 10
5 24 18 28
6 0 67 1
6 1 5 1
6 2 133 1
6 3 23 2
6 4 2 22
6 5 227 1
6 7 379 17
6 8 36 22
6 9 5 23
6 10 57 12
6 13 116 4
6 17 1 27
6 19 2 16
6 22 96 2
6 25 69 1
7 0 16 7
7 1 187 1
7 2 6 5
7 3 5 10
7 5 26 1
7 6 1 3
7 8 205 1
7 10 2 4
7 13 12 3
7 14 1 5
7 15 86 2
7 17 84 2
7 22 4 5
7 24 123 1
7 25 5 9
7 27 9 3
8 1 78 6
8 2 16 7
8 3 40 29
8 4 253 1
8 5 2 1
8 6 146 8
8 7 280 1
8 10 306 1
8 11 2 5
8 12 76 6
8 16 30 2
8 18 166 2
8 19 6 2
8 21 51 10
8 24 35 25
8 25 3 9
9 1 159 1
9 2 1 27
9 3 6 12
9 4 3 2
9 5 205 1
9 6 16 1
9 8 21 2
9 10 79 1
9 13 99 1
9 14 32 1
9 18 161 13
9 19 1 1
9 21 23 1
9 24 1 2
10 2 1 24
10 3 61 12
10 4 5 10
10 6 100 1
10 8 124 6
10 9 2 1
10 11 306 1
10 14 1 18
10 19 1 24
10 20 124 2
10 22 12 1
10 23 23 6
10 26 40 2
10 27 3 18
11 1 4 17
11 2 2 20
11 3 1 22
11 5 1 3
11 7 2 4
11 8 121 1
11 9 211 1
11 10 3 27
11 13 198 2
11 14 217 1
11 15 9 1
11 23 1 25
11 26 10 17
11 27 133 1
12 5 10 10
12 8 44 19
12 9 40 1
12 10 244 1
12 11 1 9
12 13 83 1
12 14 83 21
12 15 1 12
12 21 118 3
12 23 2 26
12 24 21 11
12 26 55 17
13 3 13 5
13 5 4 24
13 6 7 14
13 7 1 2
13 10 162 1
13 11 1 4
13 14 1 14
13 16 2 12
14 1 74 2
14 3 2 15
14 7 1 16
14 8 49 2
14 10 80 1
14 11 3 11
14 12 1 27
14 13 3 3
14 19 1 19
14 22 16 4
14 27 1 8
15 7 11 1
15 8 2 11
15 9 1 7
15 11 238 1
15 13 1 17
15 14 12 1
15 24 3 6
15 25 6 9
16 0 32 1
16 1 122 1
16 3 4 23
16 5 71 1
16 6 44 5
16 7 1 21
16 8 18 21
16 10 3 10
16 17 5 1
16 18 2 4
16 20 2 1
16 24 245 1
17 0 272 1
17 1 2 7
17 2 165 1
17 7 20 1
17 8 1 24
17 9 1 10
17 10 3 15
17 16 216 1
18 1 1 23
18 3 13 7
18 4 235 28
18 5 1 24
18 6 158 1
18 7 1 8
18 10 163 1
18 16 210 1
18 17 4 25
18 24 1 1
19 0 26 2
19 1 1 20
19 2 8 1
19 3 19 2
19 4 102 1
19 6 39 3
19 8 85 2
19 9 41 1
19 10 7 1
19 11 29 5
19 18 1 22
19 20 3 28
20 0 2 1
20 2 2 18
20 3 18 1
20 7 78 1
20 9 1 26
20 10 75 1
20 19 197 17
20 25 63 1
20 26 61 8
21 0 1 29
21 2 1 17
21 10 1 12
21 11 7 12
21 15 12 26
21 20 4 18
22 0 1 10
22 1 5 1
22 8 78 1
22 10 95 2
22 11 1 8
22 12 41 2
22 21 1 6
23 0 1 21
23 7 14 4
23 10 94 3
23 11 10 2
23 15 1 3
23 21 1 12
23 22 1 1
23 25 10 12
24 0 95 1
24 1 91 2
24 3 25 20
24 4 35 4
24 5 31 1
24 8 57 8
24 11 330 1
24 16 18 1
24 17 68 2
24 21 1 11
24 22 1 17
24 25 41 11
24 26 32 6
25 1 85 19
25 7 171 1
25 8 8 3
25 9 1 25
25 10 22 20
25 11 4 22
25 17 47 7
25 20 56 2
25 23 5 12
25 27 6 1
26 8 70 1
26 11 55 3
26 16 31 29
26 27 1 28
27 4 1 27
27 8 8 11
27 10 135 3
27 12 1 17
27 16 31 14
27 24 2 1
27 25 3 9
27 26 68 1
