0 1 40 17
0 2 3 16
0 4 1 1
0 5 132 1
0 6 30 2
0 7 7 21
0 8 113 1
0 9 6 1
0 11 80 1
0 14 61 1
0 16 146 1
0 18 5 4
0 19 1 4
0 20 19 21
0 22 1 12
0 23 1 25
0 24 242 1
0 25 6 11
1 0 124 8
1 2 1 26
1 3 350 1
1 4 398 13
1 5 89 1
1 6 107 1
1 7 63 1
1 8 75 12
1 9 2 17
1 10 4 20
1 11 1 13
1 12 1 18
1 13 50 5
1 16 72 2
1 17 1 2
1 18 3 4
1 19 119 1
1 20 72 1
1 23 15 26
1 24 42 1
2 0 3 13
2 1 14 5
2 3 1 9
2 4 118 1
2 6 4 17
2 8 48 11
2 10 7 1
2 14 39 2
2 18 3 10
2 20 139 1
2 25 3 22
2 26 22 4
3 0 233 1
3 1 170 1
3 2 84 1
3 4 1 24
3 5 186 1
3 6 102 1
3 7 196 1
3 8 155 1
3 9 107 1
3 10 1 29
3 11 282 1
3 12 4 5
3 14 4 12
3 15 4 7
3 16 106 1
3 18 66 4
3 21 22 20
3 24 207 1
3 25 1 20
3 26 38 1
4 0 62 7
4 1 210 1
4 2 3 26
4 3 135 1
4 5 1 18
4 6 2 2
4 7 179 1
4 8 72 5
4 10 2 26
4 11 178 1
4 12 1 24
4 14 124 1
4 16 149 26
4 17 67 1
4 18 262 1
4 19 19 20
4 22 2 20
4 24 1 7
5 0 335 1
5 1 131 1
5 2 58 2
5 3 233 1
5 6 76 1
5 7 18 1
5 8 9 25
5 9 6 22
5 10 313 20
5 11 7 17
5 12 128 1
5 15 1 19
5 16 132 5
5 17 35 3
5 19 27 2
5 21 27 26
5 24 19 2
6 0 46 2
6 2 95 1
6 3 12 1
6 4 1 6
6 5 35 1
6 8 15 14
6 9 186 17
6 10 32 10
6 16 72 1
6 17 2 17
6 18 210 2
6 19 87 19
6 21 2 14
7 0 1 26
7 1 158 1
7 2 3 26
7 3 20 9
7 6 3 1
7 8 124 1
7 9 18 13
7 10 49 8
7 11 4 10
7 15 65 1
7 16 28 25
7 17 74 1
7 18 157 3
7 19 6 26
7 20 2 25
7 24 103 1
7 25 7 7
8 0 79 1
8 1 360 1
8 2 16 29
8 3 148 1
8 4 210 1
8 5 120 1
8 6 102 9
8 7 258 1
8 9 1 21
8 10 356 1
8 11 2 29
8 12 81 25
8 13 189 2
8 14 13 19
8 16 65 1
8 17 6 9
8 18 157 3
8 19 136 2
8 21 49 3
8 23 11 21
8 24 39 27
8 25 3 14
9 1 134 1
9 2 1 24
9 3 1 25
9 5 86 1
9 6 1 1
9 7 1 13
9 10 18 1
9 12 3 19
9 14 21 2
9 17 139 2
9 23 12 14
10 0 2 16
10 2 1 3
10 3 3 19
10 4 42 13
10 5 2 1
10 6 58 1
10 8 7 16
10 9 408 1
10 11 71 1
10 12 1 2
10 15 238 1
10 17 16 1
10 19 21 19
10 20 116 2
11 0 1 25
11 2 57 4
11 3 10 17
11 5 67 3
11 6 326 1
11 7 10 14
11 8 99 1
11 9 188 1
11 10 6 11
11 13 185 2
11 14 176 1
11 18 86 7
11 20 28 3
11 22 36 1
11 23 199 7
11 25 2 27
11 26 1 5
12 4 2 17
12 5 8 22
12 6 1 3
12 7 56 1
12 8 1 3
12 10 221 1
12 11 1 14
12 13 60 1
12 21 115 1
12 27 1 24
13 4 76 6
13 6 6 6
13 7 25 11
13 8 1 5
13 10 135 1
13 11 16 13
13 15 2 6
13 22 1 27
13 23 11 5
13 26 1 16
14 0 39 3
14 1 68 1
14 5 29 3
14 7 2 17
14 8 6 20
14 10 17 1
14 11 2 26
14 12 2 24
14 17 7 25
14 21 20 7
15 3 8 12
15 4 68 1
15 6 26 20
15 7 140 1
15 11 135 1
15 13 3 20
15 14 1 17
15 20 1 9
15 23 1 26
15 24 1 3
16 0 93 1
16 1 197 1
16 3 70 1
16 4 1 5
16 5 107 1
16 8 145 1
16 11 114 1
16 17 267 22
16 21 1 3
16 24 107 1
17 1 1 15
17 2 167 1
17 3 94 2
17 6 235 1
17 7 14 3
17 8 6 10
17 9 1 28
17 11 153 1
17 16 174 1
17 18 173 1
17 20 97 1
18 1 1 11
18 5 2 19
18 6 146 1
18 7 1 27
18 9 3 1
18 10 158 1
18 16 177 1
18 17 6 24
18 23 32 22
18 24 1 26
19 1 1 18
19 2 2 12
19 4 96 4
19 13 2 8
19 20 15 7
20 0 1 21
20 2 3 19
20 4 139 4
20 7 65 1
20 8 1 13
20 9 1 2
20 12 77 1
20 14 34 14
20 19 1 26
20 25 60 3
21 5 22 11
22 0 2 5
22 5 2 7
22 7 3 1
22 8 72 2
22 10 84 1
22 11 3 2
22 15 1 1
22 18 2 29
22 23 12 8
23 3 35 26
23 7 1 28
23 8 31 19
23 10 85 1
23 11 175 1
23 12 25 2
23 14 32 1
23 25 10 18
23 26 1 27
24 0 139 1
24 1 137 1
24 3 35 11
24 5 56 1
24 7 1 26
24 8 36 1
24 11 302 1
24 16 88 1
24 17 66 3
24 20 49 2
24 22 5 28
24 25 39 4
25 1 1 8
25 2 1 11
25 7 141 1
25 8 26 11
25 10 1 28
25 11 3 20
25 14 34 3
25 19 1 14
25 20 53 1
25 22 4 5
25 23 7 24
25 27 1 5
26 6 1 1
26 10 1 3
26 11 48 2
26 17 1 6
26 24 56 7
27 4 1 8
27 8 2 3
27 11 14 5
27 25 1 28
27 26 50 1
