0 1 177 1
0 2 24 29
0 3 96 7
0 4 1 11
0 5 84 1
0 6 25 2
0 8 299 1
0 9 4 2
0 10 223 2
0 11 75 1
0 14 60 1
0 16 72 1
0 19 2 2
0 24 89 1
0 27 78 5
1 0 105 1
1 2 3 28
1 3 19 14
1 4 16 1
1 5 95 1
1 6 85 1
1 7 56 2
1 8 326 10
1 9 30 21
1 10 2 15
1 11 1 19
1 12 3 11
1 16 1 14
1 17 2 28
1 18 1 18
1 19 115 1
1 20 68 1
1 22 9 1
1 24 40 1
1 27 88 21
2 0 3 3
2 1 27 6
2 3 1 3
2 4 111 1
2 5 5 18
2 6 21 26
2 8 263 1
2 9 1 22
2 11 45 2
2 12 10 19
2 14 38 2
2 17 15 9
2 24 6 1
2 26 22 2
3 0 106 1
3 1 69 2
3 2 66 25
3 5 23 1
3 6 94 1
3 7 165 1
3 8 45 1
3 10 1 19
3 11 273 1
3 14 45 14
3 16 47 4
3 18 65 2
3 19 16 1
3 20 4 7
3 24 88 1
3 25 2 27
4 0 1 12
4 1 167 1
4 2 1 18
4 3 130 1
4 5 1 5
4 7 173 2
4 8 1 15
4 9 1 7
4 10 1 1
4 13 66 3
4 15 1 25
4 17 62 1
4 18 247 1
5 0 215 1
5 1 18 26
5 2 56 1
5 3 182 1
5 6 209 1
5 8 73 1
5 9 5 22
5 10 20 5
5 15 1 11
5 16 9 21
5 20 2 25
5 23 7 3
5 24 107 1
6 0 40 1
6 2 83 1
6 3 9 1
6 4 5 9
6 5 151 1
6 7 189 1
6 8 334 28
6 9 7 20
6 10 9 18
6 13 109 1
6 14 1 3
6 17 2 4
6 19 1 17
6 20 56 8
7 0 1 22
7 1 149 1
7 2 1 19
7 3 24 3
7 6 407 2
7 8 96 1
7 9 2 29
7 10 3 3
7 11 7 3
7 12 123 3
7 13 7 1
7 14 3 10
7 15 55 1
7 17 70 2
7 20 1 15
7 21 1 7
7 24 97 1
7 25 2 20
8 0 75 1
8 1 256 1
8 2 5 20
8 3 299 1
8 4 196 1
8 5 57 1
8 6 94 24
8 7 222 1
8 10 274 1
8 11 160 5
8 12 1 24
8 14 5 4
8 16 24 1
8 17 6 6
8 18 154 1
8 19 135 2
8 20 1 16
8 22 88 1
8 24 94 1
8 25 1 29
9 1 125 2
9 2 1 28
9 3 2 16
9 5 51 1
9 7 17 28
9 8 2 1
9 10 7 1
9 12 5 23
9 13 5 5
9 15 1 17
9 17 136 1
9 22 3 17
9 26 1 10
10 0 1 26
10 2 16 7
10 4 1 28
10 6 44 1
10 8 204 10
10 9 363 1
10 11 264 1
10 12 1 27
10 14 332 1
10 15 306 1
10 18 34 3
10 20 114 1
10 21 90 3
10 23 7 23
10 25 57 1
10 26 35 1
10 27 1 28
11 3 1 19
11 6 318 1
11 7 255 1
11 8 84 1
11 9 181 1
11 10 42 15
11 12 1 15
11 13 181 1
11 14 162 1
11 15 1 17
11 18 2 9
11 19 1 9
11 20 26 2
11 23 1 8
11 25 7 14
11 27 110 1
12 0 1 25
12 1 5 1
12 5 3 23
12 6 38 2
12 8 14 8
12 9 9 1
12 10 213 1
12 11 4 26
12 13 53 1
12 14 83 21
12 15 1 2
12 17 34 2
12 22 1 11
12 23 69 3
12 24 18 4
12 27 1 2
13 2 17 21
13 10 126 1
13 11 8 16
13 12 178 20
13 15 2 2
13 18 23 4
14 0 38 1
14 1 65 5
14 6 3 3
14 7 1 3
14 8 40 3
14 10 28 1
14 11 10 2
14 12 2 15
14 13 5 16
14 24 26 1
15 6 1 14
15 7 131 1
15 11 99 1
15 12 1 21
15 17 75 1
15 20 1 23
16 0 18 1
16 1 81 1
16 3 97 4
16 5 154 1
16 7 11 7
16 8 64 1
16 13 22 4
16 17 85 1
16 24 124 1
16 25 3 10
17 0 247 1
17 1 3 11
17 2 162 1
17 3 90 1
17 6 229 1
17 8 4 13
17 10 12 9
17 11 151 2
17 12 3 28
17 13 1 20
17 16 161 1
17 19 80 4
17 20 95 1
17 24 3 18
17 25 1 7
18 0 8 14
18 4 3 1
18 6 142 1
18 7 17 29
18 8 2 13
18 11 88 1
18 16 166 1
18 17 1 28
19 1 1 15
19 3 13 7
19 4 94 4
19 5 1 15
19 8 77 2
19 9 12 23
19 10 2 7
19 11 24 1
19 17 90 1
19 18 1 20
19 20 91 29
19 21 1 26
20 0 1 25
20 1 65 2
20 2 1 26
20 3 7 1
20 4 137 2
20 5 2 29
20 6 2 10
20 7 60 2
20 8 5 22
20 9 2 11
20 10 65 3
20 15 27 2
20 17 1 25
20 18 1 7
20 19 12 7
20 22 9 1
20 24 2 2
21 0 1 28
21 4 1 2
21 9 69 6
21 17 6 27
22 5 2 1
22 6 1 23
22 11 49 5
22 12 32 1
22 14 1 17
22 15 13 1
22 21 1 24
23 7 4 23
23 8 13 11
23 10 81 2
23 11 171 2
23 20 58 8
23 21 1 2
23 22 8 19
23 24 12 5
24 0 100 1
24 1 55 1
24 3 108 1
24 4 32 2
24 5 106 1
24 7 47 29
24 8 20 1
24 11 289 1
24 16 78 1
24 18 28 19
24 19 5 13
24 20 48 2
24 21 1 25
24 22 1 8
24 23 1 7
25 0 102 7
25 4 47 3
25 6 1 29
25 7 131 1
25 8 13 28
25 9 94 5
25 10 1 20
25 11 3 11
25 12 2 13
25 23 1 26
25 26 3 15
25 27 1 1
26 0 52 10
26 6 35 27
26 10 2 14
26 12 38 3
26 27 1 9
27 1 74 1
27 5 12 9
27 8 3 24
27 10 6 23
27 13 1 10
27 14 2 11
27 15 12 3
27 24 37 13
27 25 1 15
