0 1 123 1
0 2 1 19
0 3 17 9
0 4 1 7
0 5 43 1
0 7 232 25
0 8 81 1
0 11 71 1
0 12 147 8
0 16 20 1
0 19 2 19
0 20 167 2
0 24 36 2
1 0 23 1
1 2 9 13
1 3 114 1
1 4 388 1
1 5 233 1
1 6 71 1
1 7 52 1
1 8 35 1
1 9 1 23
1 10 3 10
1 11 1 11
1 13 48 3
1 16 38 1
1 17 1 28
1 18 12 21
1 24 57 1
1 26 58 1
2 0 1 4
2 1 32 27
2 4 106 1
2 5 1 19
2 6 1 2
2 8 255 1
2 17 4 13
2 20 134 13
2 25 32 2
2 27 20 27
3 0 59 1
3 1 28 1
3 2 77 4
3 5 9 6
3 6 89 1
3 7 143 1
3 8 82 1
3 9 102 3
3 10 1 20
3 11 266 1
3 16 24 20
3 18 65 1
3 20 1 22
3 22 8 15
3 23 18 1
3 24 90 1
4 1 143 1
4 2 1 20
4 3 126 2
4 5 2 11
4 7 169 1
4 8 1 17
4 9 1 15
4 10 1 15
4 17 58 1
4 18 237 1
4 19 1 4
4 21 1 23
4 24 1 25
4 27 1 22
5 0 134 1
5 1 10 8
5 2 54 1
5 3 105 2
5 4 1 29
5 6 410 1
5 8 95 1
5 9 10 4
5 10 19 23
5 12 119 1
5 16 69 1
5 17 34 24
5 24 66 1
5 25 39 20
6 0 36 1
6 1 1 2
6 2 76 1
6 4 8 13
6 5 80 2
6 7 185 1
6 8 15 1
6 9 1 17
6 10 3 19
6 12 2 3
6 15 1 1
6 16 68 1
6 17 2 7
6 18 207 1
6 20 4 15
6 22 4 16
6 24 8 7
6 27 15 1
7 0 2 21
7 1 143 1
7 2 10 4
7 3 78 25
7 6 38 1
7 8 79 1
7 9 1 22
7 10 2 1
7 11 7 17
7 12 121 3
7 13 6 2
7 15 241 1
7 16 5 29
7 20 1 29
7 22 103 5
7 24 92 1
7 25 25 13
7 27 1 12
8 0 365 1
8 1 205 1
8 2 71 6
8 3 264 1
8 4 187 1
8 5 27 28
8 6 377 18
8 7 193 1
8 10 298 1
8 11 2 23
8 12 5 24
8 14 1 10
8 16 203 1
8 17 6 28
8 19 4 2
8 22 87 1
8 23 1 12
8 24 6 27
9 1 120 1
9 2 68 18
9 4 1 15
9 5 34 1
9 7 1 17
9 10 2 1
9 13 94 5
9 16 111 1
9 17 134 3
9 21 18 4
9 23 1 9
9 26 19 9
10 3 1 7
10 4 16 9
10 5 373 1
10 6 36 1
10 7 1 3
10 8 6 25
10 9 347 1
10 11 246 1
10 12 1 15
10 14 109 10
10 19 2 5
10 22 5 1
10 23 1 21
10 24 121 9
10 25 54 2
11 0 1 2
11 1 1 23
11 3 1 27
11 5 5 11
11 6 313 1
11 7 422 1
11 8 98 1
11 10 3 14
11 13 178 1
11 14 153 1
11 15 2 3
11 16 113 5
11 22 31 1
11 23 22 19
11 24 1 11
11 25 5 3
11 27 107 1
12 1 1 20
12 6 209 18
12 7 51 4
12 8 1 28
12 9 6 1
12 10 208 1
12 11 1 9
12 13 49 1
12 14 5 1
12 15 1 11
12 17 34 1
12 18 96 3
12 22 1 26
12 25 50 6
13 4 74 6
13 6 1 16
13 10 120 1
13 11 44 17
13 12 15 16
13 16 1 15
13 18 22 22
14 1 64 3
14 3 12 28
14 5 27 4
14 6 2 24
14 7 7 8
14 8 38 2
14 10 87 1
14 11 186 13
14 12 5 28
14 13 1 4
14 17 1 2
15 1 113 6
15 4 65 7
15 6 1 10
15 7 183 1
15 9 8 17
15 10 293 2
15 11 4 1
15 14 1 5
15 23 2 27
15 25 2 1
15 26 18 4
16 0 23 4
16 1 137 1
16 3 61 1
16 5 95 1
16 8 74 1
16 10 1 25
16 11 112 11
16 17 79 1
16 20 1 10
16 24 58 1
17 0 243 1
17 1 120 26
17 2 159 1
17 4 2 7
17 5 1 4
17 6 225 1
17 10 2 1
17 11 149 4
17 12 3 12
17 16 152 1
17 18 168 1
17 20 93 2
17 27 2 21
18 4 175 1
18 5 5 7
18 8 8 21
18 9 1 9
18 11 87 1
18 15 1 11
18 16 158 1
18 17 20 3
19 0 3 2
19 6 31 2
19 8 75 4
19 10 3 27
19 17 89 1
19 20 109 4
20 0 49 4
20 1 64 4
20 3 5 2
20 6 3 19
20 7 58 1
20 8 1 15
20 9 2 3
20 10 64 1
20 11 4 26
20 12 75 4
20 17 1 6
20 19 20 6
21 8 6 29
21 9 69 2
21 16 13 1
21 24 23 1
22 0 44 7
22 1 3 15
22 8 68 4
22 10 78 2
22 15 2 28
22 23 1 21
23 2 1 9
23 6 1 5
23 7 1 20
23 8 1 10
23 10 79 2
23 11 167 1
23 12 22 5
23 15 4 2
23 21 1 22
23 25 7 24
23 26 1 23
24 0 1 3
24 1 15 1
24 3 56 1
24 5 55 1
24 7 1 21
24 8 56 2
24 11 8 1
24 16 60 1
24 26 25 1
25 4 47 1
25 7 124 1
25 10 1 28
25 11 8 14
25 14 32 3
26 3 20 1
26 6 8 25
26 7 127 7
26 10 1 8
26 11 45 1
26 15 1 14
26 24 54 4
26 25 2 15
27 1 74 6
27 2 28 24
27 4 1 8
27 13 6 22
27 16 31 1
27 17 5 8
27 26 41 1
