0 1 18 20
0 2 2 29
0 3 15 3
0 4 70 13
0 5 31 18
0 8 34 8
0 13 1 4
0 15 97 1
0 16 67 4
0 24 29 26
1 0 63 11
1 2 10 7
1 3 22 17
1 4 295 1
1 5 62 28
1 7 24 1
1 8 32 7
1 9 2 10
1 10 1 29
1 11 30 24
1 12 6 11
1 14 120 4
1 16 17 2
1 17 7 25
1 18 2 12
1 20 48 1
1 23 1 1
1 24 17 23
2 0 1 4
2 1 4 11
2 3 19 1
2 4 69 1
2 5 4 16
2 6 1 4
2 7 1 12
2 8 104 1
2 11 21 1
2 14 33 2
2 22 17 15
2 25 31 1
3 0 32 27
3 1 17 19
3 2 117 7
3 5 103 3
3 7 142 1
3 8 16 6
3 10 212 1
3 11 213 1
3 12 1 5
3 14 50 26
3 16 16 28
3 24 108 23
3 25 1 21
4 1 25 1
4 2 17 20
4 5 8 26
4 6 52 20
4 8 2 3
4 9 1 1
4 10 2 10
4 11 155 1
4 12 211 29
4 17 33 1
4 18 161 1
4 20 1 19
4 24 1 29
4 27 79 2
5 0 38 12
5 1 79 8
5 3 69 24
5 4 3 16
5 6 25 1
5 8 128 3
5 9 6 22
5 10 336 1
5 12 90 1
5 16 49 8
5 20 1 19
5 23 5 1
5 24 17 4
6 0 13 1
6 1 3 17
6 2 28 1
6 4 2 4
6 5 71 23
6 7 178 1
6 8 228 1
6 9 277 23
6 10 191 9
6 11 1 17
6 12 288 1
6 18 194 2
6 19 5 5
6 20 168 18
6 23 1 10
7 0 2 18
7 1 98 1
7 3 59 22
7 4 2 8
7 6 27 1
7 8 2 2
7 9 2 7
7 10 7 7
7 11 12 10
7 12 107 3
7 14 5 9
7 15 36 1
7 16 1 12
7 18 4 4
7 20 1 15
7 22 1 3
7 25 2 29
7 26 3 24
7 27 1 28
8 0 16 9
8 1 47 22
8 2 17 25
8 3 16 13
8 4 120 1
8 5 38 26
8 6 114 26
8 7 157 1
8 9 140 1
8 10 109 1
8 11 3 5
8 12 86 12
8 14 16 2
8 16 16 6
8 17 1 21
8 18 135 1
8 19 131 1
8 23 5 14
8 24 39 7
8 26 12 4
8 27 1 13
9 0 149 3
9 1 81 1
9 3 30 9
9 4 1 19
9 5 3 20
9 6 12 2
9 7 26 21
9 8 1 1
9 10 6 25
9 12 408 1
9 18 145 3
9 23 26 28
10 0 4 6
10 1 352 2
10 2 187 1
10 3 4 25
10 4 3 18
10 5 343 1
10 7 6 2
10 8 83 1
10 9 333 1
10 11 175 1
10 12 2 2
10 13 1 1
10 14 70 1
10 15 273 1
10 18 116 16
10 21 1 1
10 23 79 14
10 24 6 22
10 26 28 2
11 1 4 26
11 3 1 7
11 5 183 29
11 6 272 1
11 7 129 1
11 8 32 1
11 9 137 1
11 10 6 21
11 13 152 1
11 14 88 1
11 15 8 24
11 18 17 27
11 19 1 25
11 22 20 1
11 24 6 29
11 25 3 14
11 27 79 1
12 1 3 24
12 4 140 7
12 5 10 7
12 6 4 12
12 8 1 17
12 10 166 1
12 13 20 1
12 14 1 29
12 18 90 2
12 21 103 3
12 22 1 8
12 24 14 5
13 3 9 5
13 6 11 26
13 7 2 11
13 9 1 10
13 10 76 1
13 11 1 4
13 12 34 21
13 14 21 1
13 24 3 4
14 1 54 1
14 3 1 5
14 4 1 27
14 5 21 4
14 6 2 1
14 7 164 21
14 8 30 14
14 9 1 18
14 10 13 1
14 11 1 21
14 12 30 12
14 15 4 22
14 19 1 2
14 20 33 1
14 26 8 23
14 27 4 26
15 2 1 6
15 7 255 1
15 8 1 1
15 10 261 1
15 12 1 20
15 14 72 1
15 21 1 12
15 23 2 7
15 24 3 5
15 25 1 24
15 26 16 13
15 27 6 18
16 0 34 20
16 1 16 24
16 2 9 9
16 3 57 6
16 4 2 27
16 5 49 26
16 6 28 2
16 7 1 7
16 8 39 27
16 9 83 3
16 17 48 1
16 18 1 21
16 23 27 1
16 24 26 24
17 0 207 1
17 2 130 2
17 4 3 8
17 6 190 2
17 8 159 6
17 9 5 19
17 10 7 22
17 16 88 1
17 19 70 5
17 22 23 7
17 24 3 13
18 1 4 25
18 4 149 23
18 5 1 17
18 8 4 15
18 9 1 2
18 15 1 18
18 16 102 1
18 17 4 28
18 19 2 3
18 22 1 16
18 23 32 6
18 27 1 8
19 1 5 28
19 4 83 1
19 7 2 11
19 8 64 3
19 9 14 22
19 11 16 3
19 20 15 7
19 21 1 2
19 23 7 18
20 6 1 11
20 7 38 2
20 8 1 17
20 10 52 1
20 11 60 25
20 16 3 17
20 17 2 19
20 21 19 3
20 25 53 2
20 27 8 26
21 11 100 24
21 18 1 25
22 1 2 1
22 3 17 6
22 5 1 9
22 14 1 23
22 17 1 8
22 19 4 15
22 20 54 11
22 21 1 8
22 24 22 9
23 6 1 23
23 7 8 12
23 8 7 29
23 10 63 2
23 11 134 2
23 21 1 28
23 25 8 5
24 0 17 27
24 1 17 23
24 2 28 10
24 3 16 21
24 5 17 15
24 7 1 23
24 8 16 19
24 11 215 1
24 16 47 17
24 22 13 17
24 26 18 1
25 0 97 2
25 1 4 16
25 3 1 8
25 7 77 1
25 8 1 1
25 9 88 1
25 10 2 27
25 11 32 18
25 16 2 20
25 18 21 1
25 19 15 17
26 6 37 4
26 7 122 1
26 11 34 1
26 12 1 8
26 15 1 18
26 17 1 2
26 24 47 1
26 27 2 22
27 6 1 14
27 8 1 15
27 9 2 20
27 11 219 1
27 12 57 20
27 26 16 2
