0 1 151 24
0 2 3 14
0 3 12 3
0 5 25 6
0 6 3 2
0 7 234 27
0 8 29 21
0 10 199 2
0 11 44 2
0 15 96 6
0 16 27 4
0 17 2 3
0 20 148 23
0 24 116 18
0 27 79 24
1 0 73 17
1 2 10 11
1 3 43 16
1 4 58 1
1 5 136 19
1 6 1 2
1 7 21 1
1 8 25 3
1 10 1 2
1 11 2 16
1 16 14 19
1 17 7 16
1 18 107 15
1 19 85 2
1 20 46 1
1 23 1 20
1 24 14 2
1 27 1 26
2 0 1 28
2 1 9 17
2 3 78 1
2 4 65 1
2 5 1 6
2 6 1 10
2 7 4 13
2 8 89 1
2 10 1 28
2 11 19 1
2 13 1 2
2 17 6 20
2 20 6 2
2 27 1 28
3 0 46 28
3 1 32 4
3 2 34 1
3 5 14 4
3 6 50 2
3 7 127 1
3 8 28 28
3 9 87 1
3 11 206 1
3 12 1 17
3 15 1 2
3 16 14 16
3 17 2 26
3 20 13 6
3 21 22 8
3 24 34 11
3 25 9 19
4 0 1 22
4 1 136 1
4 2 1 28
4 5 33 20
4 6 136 1
4 8 5 29
4 9 1 19
4 10 73 21
4 12 22 3
4 17 31 2
4 18 152 1
4 19 1 21
4 20 3 29
4 22 1 13
4 23 11 2
5 0 29 18
5 1 14 16
5 2 38 1
5 3 78 22
5 4 15 25
5 6 6 1
5 8 154 17
5 9 66 21
5 10 332 1
5 16 39 19
5 20 1 20
5 24 14 23
5 26 11 1
5 27 3 17
6 1 20 11
6 2 25 1
6 4 9 25
6 5 13 24
6 7 171 1
6 8 125 1
6 9 149 1
6 10 2 21
6 11 1 16
6 12 286 1
6 17 12 13
6 19 5 10
6 20 1 26
6 23 1 17
6 25 46 1
7 0 4 7
7 1 93 1
7 2 12 26
7 3 116 21
7 6 21 1
7 9 2 3
7 10 3 14
7 11 12 26
7 12 106 1
7 15 29 1
7 17 50 2
7 20 1 7
7 25 1 20
7 27 41 5
8 0 13 1
8 1 34 2
8 2 8 17
8 3 32 13
8 4 113 1
8 5 345 26
8 5 110 4
8 6 249 6
8 7 134 1
8 9 134 1
8 10 77 1
8 11 262 17
8 12 10 21
8 13 172 3
8 14 3 28
8 16 108 21
8 18 133 1
8 19 130 3
8 20 254 17
8 22 75 1
8 23 50 4
8 24 32 29
8 26 11 8
8 27 1 6
9 1 77 1
9 2 1 4
9 3 1 29
9 4 4 9
9 5 3 19
9 6 10 1
9 7 3 1
9 8 1 10
9 10 3 6
9 12 403 1
9 14 4 1
9 15 15 26
9 17 117 3
9 18 144 1
9 20 46 3
9 21 13 3
10 0 2 24
10 1 350 2
10 2 26 29
10 3 1 19
10 4 1 22
10 5 338 1
10 7 1 1
10 8 166 27
10 9 309 1
10 11 162 1
10 12 17 24
10 13 2 25
10 14 57 1
10 15 269 1
10 20 97 2
10 26 28 1
10 27 20 15
11 0 1 26
11 2 3 1
11 3 3 1
11 5 1 17
11 6 267 1
11 7 71 13
11 8 25 1
11 9 132 2
11 10 9 28
11 13 149 1
11 14 82 1
11 15 18 24
11 17 1 20
11 18 1 5
11 22 19 1
11 24 1 15
11 25 3 18
11 26 1 21
11 27 76 1
12 1 1 29
12 2 101 16
12 4 8 22
12 5 1 24
12 7 38 1
12 8 120 8
12 9 2 29
12 10 162 1
12 11 4 1
12 13 17 2
12 14 3 24
12 15 111 28
12 16 88 27
12 21 102 2
12 24 14 4
13 3 9 2
13 6 1 14
13 9 1 24
13 10 72 1
13 11 63 24
13 12 177 2
13 14 18 1
13 16 13 18
13 18 20 3
13 24 1 17
14 1 52 3
14 2 34 4
14 3 5 17
14 6 2 4
14 7 2 7
14 8 34 1
14 10 270 1
14 11 2 29
14 13 17 12
14 15 1 23
14 17 2 22
14 20 34 6
14 24 21 1
15 2 1 14
15 3 31 2
15 7 249 1
15 8 1 6
15 10 256 1
15 12 2 5
15 13 6 29
15 14 32 1
15 16 1 3
15 22 15 8
15 23 1 1
15 24 3 24
15 25 18 20
16 0 13 1
16 1 46 23
16 3 36 20
16 4 3 8
16 5 27 3
16 8 13 27
16 14 22 10
16 17 41 1
16 18 7 17
16 24 70 29
17 0 203 1
17 2 127 2
17 3 65 1
17 4 2 1
17 6 187 1
17 10 72 19
17 11 135 1
17 14 1 1
17 16 82 1
17 18 149 2
17 19 69 4
17 25 44 12
18 0 2 15
18 1 5 27
18 4 218 1
18 6 117 1
18 8 2 23
18 9 7 19
18 11 79 1
18 16 96 1
18 22 1 5
19 5 3 4
19 15 12 11
19 20 2 21
20 0 6 9
20 2 1 10
20 4 124 1
20 7 36 1
20 8 3 20
20 10 50 2
20 11 1 8
20 13 17 1
20 19 9 1
20 21 19 4
20 23 33 12
20 27 23 27
21 2 1 17
21 4 2 16
21 5 20 9
21 9 63 6
21 14 13 1
21 24 22 8
22 0 3 19
22 6 1 27
22 15 13 4
22 18 1 28
23 0 1 27
23 1 77 1
23 4 17 4
23 6 1 20
23 7 96 3
23 10 61 1
23 12 15 8
23 15 15 1
23 24 3 4
23 25 8 17
23 26 12 3
24 0 29 1
24 1 13 19
24 3 57 7
24 4 26 1
24 5 45 8
24 7 4 4
24 8 61 13
24 11 207 1
24 15 1 5
24 16 14 1
24 17 61 4
24 20 42 1
24 22 5 9
25 7 72 1
25 8 3 9
25 11 21 13
25 12 1 28
25 14 28 1
26 6 1 14
26 8 58 2
26 11 32 5
26 14 1 13
26 17 52 17
26 23 17 12
26 24 46 5
26 27 11 13
27 4 15 21
27 8 107 2
27 17 4 1
27 19 1 24
27 20 8 19
27 25 7 29
