0 1 83 20
0 2 1 8
0 5 53 27
0 8 10 18
0 11 38 1
0 13 1 29
0 16 21 6
0 17 318 3
0 19 61 4
0 21 55 29
0 22 2 24
0 24 33 14
0 26 29 6
1 0 93 26
1 2 6 2
1 3 230 1
1 4 252 1
1 5 24 7
1 7 15 1
1 8 214 24
1 9 238 19
1 10 10 5
1 11 6 20
1 13 39 4
1 16 222 3
1 17 7 15
1 19 78 1
1 21 72 4
1 24 64 18
1 25 1 29
1 27 88 11
2 0 1 21
2 1 38 12
2 3 1 7
2 4 56 1
2 6 2 16
2 7 5 4
2 8 53 1
2 9 21 17
2 12 80 5
2 13 1 10
2 17 3 24
2 18 5 10
2 19 1 11
2 20 1 28
2 21 17 1
2 23 1 25
3 0 4 24
3 1 2 2
3 2 68 1
3 4 5 10
3 5 36 11
3 7 92 1
3 8 2 13
3 9 83 2
3 10 209 1
3 11 190 1
3 16 2 25
3 19 7 1
3 20 11 23
3 22 5 19
3 24 2 22
4 0 1 13
4 1 97 1
4 2 1 6
4 3 89 1
4 5 3 11
4 6 120 27
4 8 1 2
4 9 25 8
4 10 21 28
4 12 8 1
4 14 120 6
4 17 25 3
4 18 132 1
4 19 16 25
4 22 1 13
4 23 2 24
5 0 66 11
5 1 131 5
5 2 34 3
5 3 14 16
5 4 3 17
5 6 4 14
5 8 21 4
5 9 86 5
5 10 318 1
5 12 79 1
5 15 12 12
5 16 2 11
5 17 4 25
5 18 1 4
5 24 45 2
6 0 7 1
6 1 3 20
6 2 16 1
6 4 7 2
6 5 36 28
6 7 306 1
6 8 351 17
6 9 36 1
6 10 2 3
6 11 1 4
6 12 280 2
6 16 54 2
6 17 13 25
6 20 168 19
6 25 43 3
7 0 10 13
7 1 82 1
7 3 32 6
7 4 1 6
7 6 382 1
7 9 1 29
7 10 4 16
7 11 95 5
7 15 192 1
7 19 1 22
7 21 1 23
7 23 3 24
7 25 37 20
7 27 149 2
8 0 2 14
8 1 3 1
8 2 28 9
8 3 51 12
8 4 97 1
8 5 108 14
8 6 66 1
8 7 148 1
8 9 117 1
8 10 70 1
8 11 8 11
8 14 22 21
8 15 1 23
8 16 2 2
8 17 24 26
8 20 2 1
8 24 121 17
8 25 1 4
8 26 10 4
9 0 142 1
9 1 67 1
9 3 1 3
9 4 1 15
9 5 5 26
9 6 27 11
9 8 1 1
9 10 13 28
9 12 30 1
9 13 86 3
9 24 5 25
9 26 21 11
10 2 9 1
10 3 20 23
10 4 19 1
10 5 325 1
10 6 1 29
10 7 5 1
10 8 105 1
10 9 244 1
10 11 131 1
10 12 3 5
10 13 2 26
10 14 388 1
10 15 258 1
10 19 79 21
10 20 93 2
10 21 94 28
10 23 1 9
10 26 26 4
11 0 313 2
11 1 2 7
11 3 7 20
11 5 2 26
11 6 255 1
11 7 225 22
11 7 246 1
11 8 8 1
11 9 122 1
11 10 5 14
11 13 141 1
11 14 67 1
11 15 43 1
11 17 1 6
11 19 12 2
11 20 12 1
11 23 1 25
11 24 5 29
11 25 3 7
11 26 2 1
11 27 69 1
12 0 1 12
12 3 95 2
12 4 1 16
12 5 2 13
12 7 35 1
12 8 2 3
12 9 1 3
12 10 150 1
12 13 12 1
12 14 55 16
12 17 24 5
12 18 87 3
12 21 99 1
12 24 13 9
12 25 44 4
12 27 5 14
13 7 1 12
13 10 61 1
13 12 174 1
13 14 11 2
13 15 10 21
13 22 2 22
14 0 28 5
14 3 2 17
14 4 2 11
14 6 1 5
14 7 1 10
14 8 26 1
14 9 9 20
14 10 13 1
14 11 2 26
14 12 87 1
14 13 1 12
14 15 2 8
14 20 1 26
14 21 23 9
14 24 19 5
15 7 231 1
15 8 1 5
15 9 2 18
15 10 244 1
15 11 4 17
15 12 6 8
15 14 20 1
15 19 1 18
15 20 1 6
15 23 1 2
15 25 6 8
15 27 6 1
16 0 80 12
16 1 2 23
16 3 2 26
16 4 2 4
16 5 159 13
16 8 18 14
16 10 1 1
16 12 83 2
16 17 22 1
16 18 1 20
16 20 2 22
16 24 2 19
17 0 192 2
17 2 119 1
17 3 59 1
17 4 9 28
17 5 168 1
17 6 177 1
17 9 2 23
17 10 22 18
17 12 30 27
17 16 67 1
17 18 144 1
17 22 23 1
17 27 2 29
18 0 147 3
18 3 5 1
18 4 203 1
18 5 16 17
18 8 2 11
18 11 76 4
18 13 32 20
18 15 1 8
18 16 81 1
18 17 2 20
18 21 4 18
19 0 2 25
19 6 19 1
19 17 77 1
19 18 1 6
19 20 3 27
19 23 7 11
19 26 1 17
20 0 7 21
20 1 62 2
20 2 1 27
20 5 1 20
20 7 32 1
20 8 3 22
20 11 4 10
20 13 16 6
20 15 20 1
20 19 47 17
20 25 51 5
20 27 3 7
21 1 60 19
21 2 1 20
21 6 11 13
21 9 62 4
21 17 1 12
21 27 1 12
22 8 54 1
22 10 54 2
22 12 15 2
22 17 1 6
23 2 3 10
23 3 35 1
23 7 10 24
23 8 1 12
23 10 57 1
23 11 121 1
23 15 12 4
23 17 19 2
23 22 1 4
23 24 2 3
24 0 10 17
24 1 81 12
24 3 62 26
24 5 38 25
24 7 5 11
24 8 98 22
24 11 188 1
24 15 1 18
24 16 42 19
24 21 1 9
24 23 1 7
24 26 15 1
25 3 1 10
25 7 60 1
25 9 85 1
25 10 1 14
25 11 120 29
26 14 1 26
26 15 1 1
26 24 44 1
26 27 11 28
27 6 21 16
27 7 1 27
27 18 2 21
27 25 2 12
