0 1 390 1
0 3 310 1
0 5 21 1
0 6 1 22
0 8 55 1
0 10 170 1
0 11 19 2
0 13 3 10
0 16 24 1
0 17 296 1
0 18 33 5
0 19 178 14
0 22 1 21
0 24 6 1
1 0 18 1
1 2 4 16
1 3 123 1
1 4 117 1
1 5 67 1
1 6 7 24
1 8 298 1
1 9 12 7
1 10 118 2
1 11 1 17
1 15 1 3
1 16 30 1
1 17 2 13
1 18 1 3
1 23 5 23
1 24 13 17
1 27 1 24
2 0 1 1
2 1 299 1
2 3 2 1
2 4 26 1
2 5 2 22
2 6 1 21
2 7 1 5
2 8 1 2
2 9 1 16
2 10 1 9
2 15 1 23
2 19 1 12
2 20 110 2
2 23 8 8
3 1 142 1
3 2 1 21
3 4 3 4
3 5 23 1
3 6 15 1
3 7 7 2
3 8 15 1
3 9 68 2
3 10 266 2
3 11 130 1
3 14 3 21
3 16 63 1
3 20 5 12
3 24 32 1
3 25 1 18
4 1 8 1
4 2 1 26
4 3 62 1
4 5 27 14
4 6 342 1
4 7 100 1
4 8 2 21
4 9 7 29
4 10 176 22
4 11 128 1
4 13 50 1
4 15 1 25
4 16 199 1
4 17 9 1
4 18 62 1
4 19 46 24
4 20 1 29
4 23 1 27
4 27 1 29
5 0 6 7
5 1 12 1
5 2 20 3
5 3 109 1
5 4 23 15
5 6 18 21
5 8 60 1
5 9 11 25
5 10 257 1
5 11 3 25
5 16 12 15
5 17 2 28
5 19 20 9
5 20 1 19
5 21 1 3
5 24 1 2
5 27 1 27
6 1 57 2
6 4 13 7
6 5 181 29
6 7 138 1
6 8 44 1
6 9 221 1
6 10 1 18
6 11 1 1
6 12 255 1
6 13 81 2
6 16 44 1
6 18 171 1
6 19 31 20
7 0 37 16
7 1 43 1
7 2 10 1
7 3 1 14
7 5 1 24
7 6 341 1
7 8 12 4
7 9 1 28
7 10 2 3
7 11 7 22
7 12 86 2
7 14 1 23
7 15 134 1
7 17 31 4
7 19 2 21
7 21 1 12
7 24 25 2
7 25 1 22
8 0 5 17
8 1 44 16
8 2 1 16
8 3 300 1
8 4 43 1
8 5 47 1
8 7 62 1
8 9 242 1
8 11 1 1
8 12 1 29
8 13 149 1
8 14 9 13
8 15 4 2
8 16 19 1
8 17 2 13
8 18 109 3
8 23 57 29
8 24 42 1
8 25 1 28
8 27 1 27
9 0 122 1
9 1 34 1
9 2 1 9
9 4 3 3
9 5 21 29
9 6 8 25
9 7 1 19
9 8 2 21
9 10 41 11
9 12 338 1
9 16 108 2
9 21 8 4
9 23 1 18
9 24 17 24
10 1 314 1
10 2 4 1
10 4 2 28
10 5 266 1
10 6 1 18
10 7 6 15
10 8 123 3
10 9 120 1
10 11 37 1
10 13 1 15
10 14 265 1
10 15 208 1
10 17 1 1
10 21 1 13
10 22 1 11
11 1 1 28
11 3 20 2
11 4 1 21
11 5 189 25
11 6 205 1
11 7 170 1
11 9 83 1
11 10 4 11
11 12 49 1
11 13 110 2
11 14 20 1
11 15 25 23
11 16 104 2
11 17 1 24
11 24 1 24
11 25 20 21
11 27 43 2
12 1 156 3
12 3 91 3
12 4 46 29
12 5 25 4
12 6 17 25
12 7 25 1
12 9 1 8
12 10 107 1
12 17 18 4
12 20 104 2
12 21 88 1
12 24 10 5
12 25 40 1
13 6 2 9
13 7 88 19
13 8 4 17
13 10 26 1
13 11 2 13
13 12 23 1
13 15 1 2
13 20 5 19
14 1 39 1
14 6 1 24
14 8 3 2
14 9 5 10
14 10 79 1
14 11 1 15
14 13 1 24
14 15 10 8
14 17 2 12
14 22 2 2
14 27 3 11
15 3 3 4
15 7 160 1
15 9 100 24
15 10 192 1
15 11 30 11
15 13 7 1
15 14 37 1
15 20 2 22
15 21 1 16
15 24 21 16
16 0 22 1
16 1 63 1
16 3 73 1
16 5 22 29
16 7 1 26
16 8 141 1
16 9 73 5
16 17 188 1
16 18 1 11
16 24 15 1
17 0 151 1
17 1 6 1
17 2 88 1
17 3 40 1
17 4 10 10
17 5 159 1
17 6 138 1
17 8 1 10
17 12 3 28
17 16 21 1
17 19 57 1
17 26 41 1
18 0 141 1
18 4 279 1
18 5 3 16
18 6 88 1
18 7 20 23
18 8 4 14
18 10 131 1
18 11 68 6
18 12 2 6
18 15 1 5
18 16 33 1
18 17 1 3
18 20 100 21
18 21 1 28
18 22 1 7
18 24 1 12
19 0 6 22
19 5 8 19
19 6 12 1
19 8 48 3
19 10 4 21
19 18 3 10
19 20 401 1
19 24 2 5
19 26 8 23
20 0 2 7
20 1 53 3
20 2 8 17
20 6 1 8
20 8 1 25
20 11 1 25
20 15 15 3
20 17 1 22
20 19 216 1
20 25 46 1
21 9 56 4
21 10 1 25
21 12 3 28
21 16 11 2
21 20 1 25
22 8 43 1
22 9 82 2
22 12 7 2
22 17 3 29
22 18 2 8
22 21 1 5
22 25 1 7
22 26 1 2
22 27 1 6
23 3 33 4
23 4 13 1
23 8 1 12
23 10 41 1
23 11 84 1
23 15 4 1
23 22 4 1
24 0 7 16
24 1 26 1
24 3 3 13
24 4 20 1
24 5 38 1
24 8 14 1
24 11 109 1
24 12 67 1
24 16 4 4
24 26 8 2
25 6 2 1
25 7 23 1
25 10 4 6
25 11 2 25
25 12 6 16
25 15 2 26
25 17 1 27
25 23 1 15
26 2 2 9
26 8 50 5
26 18 31 9
26 20 21 10
26 24 35 4
26 27 1 3
27 7 1 2
27 8 7 24
27 11 197 1
27 19 1 5
