0 1 382 1
0 2 2 25
0 3 301 1
0 4 10 1
0 5 16 1
0 7 15 21
0 8 49 1
0 10 170 1
0 15 87 1
0 16 19 1
0 17 296 1
0 19 55 1
0 20 137 2
0 27 4 18
1 0 17 26
1 2 4 8
1 3 116 1
1 4 114 1
1 5 60 1
1 6 6 11
1 7 1 5
1 8 290 1
1 10 4 24
1 11 1 9
1 14 109 1
1 16 24 1
1 17 3 14
1 19 53 3
1 20 25 1
1 24 19 1
1 25 2 20
2 0 43 6
2 1 298 1
2 3 1 1
2 4 25 1
2 5 1 5
2 6 12 21
2 7 1 25
2 10 1 29
2 19 1 6
2 26 19 2
3 0 4 1
3 1 135 1
3 2 1 26
3 5 18 1
3 6 15 1
3 8 10 1
3 11 128 1
3 15 2 9
3 16 58 1
3 17 7 14
3 20 12 25
3 22 1 19
3 24 27 1
4 1 7 1
4 2 10 22
4 3 62 1
4 5 19 21
4 6 340 1
4 7 99 1
4 8 1 5
4 9 2 28
4 10 1 5
4 11 127 1
4 12 21 2
4 13 50 7
4 15 1 1
4 16 199 1
4 17 8 3
4 18 61 1
4 19 10 23
4 20 6 11
4 21 2 16
4 23 4 22
5 0 17 1
5 1 6 2
5 3 103 1
5 4 3 10
5 6 141 5
5 7 1 26
5 8 53 1
5 9 26 1
5 10 255 1
5 12 49 2
5 15 3 23
5 16 12 1
5 20 1 18
5 24 16 1
6 1 4 23
6 3 1 3
6 4 3 2
6 5 108 23
6 7 136 1
6 8 37 1
6 9 218 1
6 10 1 17
6 11 4 15
6 12 254 1
6 16 44 1
6 17 11 22
6 18 170 2
6 20 1 6
6 23 1 16
6 25 32 2
7 0 1 3
7 1 43 1
7 2 9 1
7 3 1 6
7 5 1 14
7 6 339 1
7 8 5 28
7 9 107 14
7 10 37 1
7 11 16 7
7 14 6 13
7 15 133 1
7 16 5 9
7 19 2 3
7 20 1 26
7 25 6 12
8 0 129 1
8 1 13 1
8 2 1 8
8 3 294 1
8 4 42 1
8 5 43 1
8 7 60 1
8 9 240 1
8 11 2 23
8 12 14 26
8 13 149 1
8 14 5 12
8 16 14 1
8 17 1 25
8 21 36 2
8 22 60 2
8 23 1 12
8 24 36 1
8 27 2 4
9 0 121 1
9 1 33 2
9 2 1 18
9 3 57 29
9 4 4 3
9 5 154 15
9 6 98 19
9 7 3 5
9 8 6 16
9 10 13 12
9 12 336 1
9 13 74 1
9 15 14 4
9 17 95 2
9 18 127 1
10 0 3 29
10 1 313 1
10 2 3 29
10 3 1 23
10 4 8 13
10 5 264 1
10 6 4 14
10 7 25 22
10 8 23 1
10 9 115 1
10 11 36 1
10 12 3 25
10 13 1 24
10 14 262 1
10 15 207 1
10 18 2 4
10 19 29 12
10 21 1 12
10 24 72 26
10 25 11 4
11 0 299 1
11 1 1 11
11 3 2 21
11 6 204 1
11 7 162 1
11 8 25 1
11 9 82 1
11 10 2 27
11 12 48 9
11 14 19 1
11 15 149 26
11 18 104 7
11 20 5 1
11 22 7 2
11 24 2 20
11 25 3 1
11 26 2 11
12 5 101 29
12 6 263 6
12 7 24 2
12 8 1 7
12 9 3 14
12 10 106 1
12 16 88 7
12 21 87 2
12 25 39 1
13 6 18 22
13 10 25 2
13 11 29 20
13 12 22 2
13 14 31 2
14 1 39 1
14 4 2 29
14 10 76 1
14 12 1 22
14 13 38 2
14 15 1 21
15 5 23 3
15 6 1 24
15 7 158 1
15 9 5 12
15 10 191 1
15 11 5 15
15 13 7 2
15 14 36 2
15 22 13 2
15 23 10 24
15 24 3 6
15 25 33 20
16 0 17 1
16 1 57 1
16 2 4 14
16 3 67 2
16 4 1 28
16 5 59 1
16 7 1 5
16 8 135 1
16 17 186 1
16 18 12 4
16 20 1 12
16 24 9 4
17 0 150 1
17 1 5 1
17 2 87 1
17 3 39 1
17 4 1 2
17 5 159 3
17 6 137 1
17 9 8 18
17 10 1 7
17 11 117 1
17 12 2 8
17 16 20 1
17 18 124 1
17 19 57 1
17 20 67 2
17 22 20 3
17 26 41 2
17 27 4 21
18 0 141 1
18 4 278 1
18 5 4 18
18 6 87 2
18 10 130 3
18 16 32 1
18 17 9 5
18 19 1 10
18 23 33 27
18 27 1 15
19 0 2 9
19 1 6 4
19 6 12 1
19 9 1 2
19 11 8 4
19 12 1 20
19 17 67 2
19 20 399 14
19 26 1 19
20 0 1 15
20 3 1 25
20 5 103 10
20 8 2 5
20 9 2 12
20 10 35 4
20 11 1 2
20 12 64 2
20 14 2 9
20 16 7 9
20 19 213 1
20 25 46 2
20 27 23 6
21 8 1 8
22 3 14 16
22 8 42 3
22 10 37 1
22 11 1 6
22 13 2 21
22 15 11 2
22 26 1 7
23 4 12 4
23 8 2 19
23 10 40 3
23 11 83 1
23 15 4 3
23 17 16 13
23 21 1 1
23 22 4 6
24 0 11 1
24 1 21 1
24 3 19 1
24 4 20 4
24 5 32 1
24 6 1 29
24 8 10 1
24 11 107 1
24 12 67 3
24 16 8 1
24 18 24 11
24 20 36 8
24 21 1 13
24 22 1 18
24 25 24 5
24 27 2 14
25 4 33 1
25 6 2 16
25 7 23 1
25 8 58 23
25 11 2 18
25 18 18 1
26 0 45 1
26 7 111 6
26 11 19 1
27 0 2 26
27 2 26 1
27 8 1 14
27 9 2 2
27 11 196 2
27 25 1 21
