0 1 370 1
0 2 8 20
0 3 288 1
0 4 9 1
0 5 10 1
0 7 231 11
0 8 17 1
0 13 2 23
0 16 12 1
0 17 295 1
0 20 136 22
0 26 25 5
1 0 1 3
1 2 96 4
1 3 104 1
1 4 109 1
1 5 49 1
1 6 2 10
1 8 278 1
1 11 1 26
1 14 109 1
1 15 1 16
1 16 17 1
1 17 5 23
1 18 1 22
1 24 12 2
1 25 1 19
2 0 224 29
2 1 294 1
2 4 24 2
2 6 1 1
2 7 1 6
2 9 1 27
2 10 5 22
2 14 26 8
2 17 1 23
2 20 109 2
2 21 16 1
2 25 1 1
2 26 19 3
3 0 108 8
3 1 125 1
3 2 1 19
3 4 5 8
3 5 10 1
3 7 5 1
3 8 4 1
3 10 265 2
3 11 126 1
3 15 3 8
3 16 50 1
3 17 1 4
3 18 50 1
3 19 2 5
3 20 2 17
3 24 19 1
4 0 10 8
4 1 5 1
4 2 1 28
4 3 61 1
4 5 66 28
4 6 9 21
4 7 98 2
4 8 2 6
4 9 1 8
4 10 1 14
4 12 21 1
4 16 198 19
4 18 59 1
4 22 1 25
4 23 12 22
4 25 59 6
5 0 9 1
5 1 3 1
5 2 20 1
5 3 95 1
5 4 4 29
5 6 63 1
5 8 3 13
5 9 175 1
5 10 252 1
5 11 3 11
5 12 48 2
5 16 4 1
5 18 2 18
5 21 1 2
5 24 10 1
6 1 8 29
6 3 1 25
6 4 126 28
6 5 36 22
6 7 262 1
6 8 26 1
6 9 210 29
6 10 1 19
6 11 1 14
6 14 1 4
6 15 1 26
6 16 43 1
6 17 34 16
6 18 169 1
6 19 1 10
6 20 1 5
6 22 2 4
6 23 14 2
6 25 31 5
7 0 7 21
7 1 41 2
7 2 8 1
7 3 1 24
7 4 2 21
7 6 335 1
7 8 9 29
7 9 1 10
7 10 3 19
7 11 6 29
7 12 85 1
7 14 2 26
7 15 130 1
7 22 114 16
7 25 13 12
7 26 1 3
8 0 120 1
8 1 6 1
8 2 2 25
8 3 84 1
8 4 40 1
8 5 37 1
8 6 2 28
8 7 55 1
8 9 236 1
8 10 1 25
8 11 310 10
8 12 7 3
8 13 148 1
8 14 3 13
8 16 6 1
8 17 2 12
8 18 108 1
8 20 258 2
8 21 35 1
8 22 59 4
8 23 1 21
8 24 28 7
8 25 4 13
9 1 32 1
9 2 6 19
9 3 10 9
9 4 15 25
9 5 48 19
9 6 7 11
9 7 1 15
9 8 4 17
9 10 10 19
9 11 3 24
9 12 14 1
9 13 73 2
9 15 108 9
9 17 95 1
9 24 1 19
10 1 312 1
10 2 111 1
10 3 1 14
10 5 262 1
10 6 3 14
10 7 2 23
10 8 115 1
10 9 106 1
10 11 33 1
10 12 4 13
10 13 1 12
10 14 255 1
10 15 205 1
10 21 94 2
10 23 1 20
10 24 124 5
11 0 298 3
11 1 4 25
11 3 2 19
11 4 1 23
11 5 3 4
11 6 202 1
11 7 147 1
11 8 23 1
11 9 81 1
11 10 3 28
11 13 108 2
11 14 18 1
11 15 4 9
11 19 14 24
11 21 28 1
11 22 7 1
11 23 8 28
11 24 28 6
11 25 3 16
11 26 65 13
12 0 1 3
12 1 156 28
12 3 91 3
12 7 24 1
12 8 3 3
12 9 2 29
12 10 104 1
12 18 79 6
12 21 87 3
12 22 2 16
12 25 39 8
12 27 1 9
13 2 17 18
13 6 10 3
13 9 1 19
13 10 24 1
13 12 21 1
13 14 30 1
13 21 1 27
13 25 2 2
14 4 1 14
14 5 13 1
14 7 34 17
14 8 1 16
14 10 69 1
14 11 220 2
14 12 1 28
14 13 38 1
14 15 3 3
14 18 40 11
14 27 1 21
15 4 48 1
15 7 156 1
15 8 2 1
15 9 13 8
15 10 189 1
15 11 8 1
15 12 8 6
15 13 6 22
15 14 35 1
15 22 12 22
15 23 18 5
15 26 13 14
16 0 9 1
16 1 49 1
16 3 63 1
16 4 3 17
16 5 50 1
16 8 127 1
16 13 19 1
16 17 183 1
16 18 33 24
16 20 3 4
16 23 26 5
16 24 2 1
16 25 1 12
16 26 30 8
17 0 148 1
17 1 429 1
17 3 38 2
17 4 3 3
17 6 136 1
17 9 43 12
17 15 2 29
17 16 19 1
17 18 123 1
17 20 67 2
17 26 41 1
17 27 3 8
18 1 7 29
18 2 1 13
18 4 274 1
18 5 1 13
18 6 86 2
18 7 3 14
18 14 1 22
18 16 30 2
18 17 1 16
18 19 1 22
18 27 1 1
19 0 2 5
19 4 66 3
19 8 48 2
19 9 1 24
19 15 12 21
19 17 66 3
19 18 1 15
19 20 27 1
19 22 1 12
20 0 122 12
20 1 52 22
20 2 1 5
20 4 107 3
20 6 3 12
20 7 15 3
20 8 10 26
20 11 1 15
20 12 64 1
20 13 13 6
20 14 55 10
20 15 15 3
20 17 1 24
20 19 27 1
20 25 46 2
21 0 3 17
21 3 20 3
21 11 99 1
21 13 9 7
21 16 10 20
21 23 15 4
22 6 1 11
22 12 6 6
22 14 1 20
22 15 11 7
22 27 1 12
23 6 1 9
23 8 8 9
23 11 82 1
23 21 1 29
23 26 1 16
24 0 15 1
24 1 13 1
24 3 11 1
24 5 24 1
24 6 1 28
24 7 94 24
24 8 4 1
24 9 2 2
24 10 1 24
24 11 104 1
24 14 1 3
24 15 1 20
24 23 14 29
25 2 1 11
25 3 7 17
25 6 2 14
25 8 20 9
25 9 76 4
25 10 9 20
25 11 2 15
25 14 21 2
25 18 18 3
26 6 12 21
26 10 9 14
26 17 1 7
26 27 2 3
27 6 1 11
27 9 3 21
27 11 195 2
27 13 2 26
27 15 5 17
27 16 29 6
27 17 2 3
27 19 3 24
