0 1 309 1
0 2 56 1
0 3 359 1
0 4 4 18
0 5 163 1
0 6 332 1
0 7 1 27
0 8 93 1
0 9 111 1
0 10 1 18
0 13 1 1
0 14 96 1
0 15 3 14
0 16 234 1
0 17 120 16
0 18 2 20
0 19 10 1
0 20 2 27
0 24 359 1
0 25 53 1
1 0 190 2
1 2 14 4
1 3 326 1
1 4 6 12
1 5 338 1
1 6 3 12
1 7 376 1
1 8 200 3
1 9 3 24
1 10 3 25
1 11 15 2
1 14 116 12
1 16 282 1
1 17 62 5
1 18 1 16
1 19 3 12
1 24 227 1
2 0 43 1
2 1 4 23
2 3 19 11
2 4 235 8
2 5 35 1
2 6 108 1
2 7 350 1
2 8 2 20
2 10 307 2
2 11 248 1
2 12 1 10
2 13 1 3
2 14 43 4
2 17 3 29
2 18 1 21
2 20 1 20
2 22 14 10
2 25 32 6
3 0 194 1
3 1 243 1
3 2 34 21
3 4 65 2
3 5 295 1
3 6 1 18
3 7 9 21
3 8 36 1
3 9 1 5
3 10 1 15
3 11 2 3
3 13 12 15
3 16 272 1
3 20 113 1
3 24 24 1
3 27 15 1
4 0 3 11
4 1 4 22
4 2 127 1
4 5 5 25
4 8 75 1
4 9 387 1
4 16 7 6
4 18 5 4
4 26 54 10
5 0 20 1
5 1 11 11
5 1 26 9
5 1 18 5
5 1 439 1
5 2 1 4
5 3 270 1
5 4 2 26
5 6 34 14
5 8 397 1
5 9 27 16
5 10 1 19
5 11 4 24
5 12 3 22
5 16 180 1
5 20 1 7
5 24 320 1
6 0 348 1
6 1 287 18
6 2 1 28
6 3 256 1
6 4 250 1
6 5 129 17
6 7 5 17
6 8 21 6
6 9 174 1
6 10 205 1
6 11 210 1
6 12 1 7
6 14 127 1
6 18 2 3
6 19 1 23
6 21 24 3
6 22 85 7
6 24 66 2
6 25 130 2
7 0 73 1
7 1 1 1
7 3 347 1
7 4 72 2
7 5 258 1
7 6 11 16
7 8 434 17
7 9 2 19
7 11 12 20
7 13 104 3
7 14 70 1
7 15 2 5
7 17 202 3
7 20 43 1
7 22 1 7
7 23 61 1
7 25 126 1
8 0 363 1
8 1 5 1
8 3 317 1
8 5 327 1
8 6 42 15
8 7 4 4
8 9 1 10
8 12 4 19
8 16 251 1
8 17 17 2
8 20 2 12
8 22 142 2
8 24 357 1
8 26 54 1
9 0 1 12
9 1 1 20
9 4 45 1
9 5 99 1
9 6 279 15
9 8 34 28
9 10 5 12
9 13 2 22
9 18 1 15
9 20 109 5
9 26 2 6
10 0 45 1
10 1 8 25
10 2 1 20
10 4 25 1
10 5 36 7
10 6 8 16
10 7 279 1
10 8 404 1
10 9 27 1
10 11 3 1
10 12 121 1
10 13 239 1
10 14 50 1
10 15 8 14
10 16 19 3
10 17 114 1
10 18 64 25
10 20 195 3
10 21 1 12
10 22 114 1
10 23 2 24
10 25 222 1
10 26 82 7
10 27 1 25
11 0 1 26
11 1 46 1
11 2 2 27
11 3 92 1
11 5 5 19
11 6 15 2
11 7 313 1
11 8 43 28
11 9 336 7
11 10 260 1
11 13 1 27
11 14 1 6
11 15 5 24
11 16 123 9
11 19 1 28
11 20 139 1
11 23 2 11
11 24 375 1
11 25 252 1
12 3 1 28
12 5 33 1
12 6 1 13
12 7 153 1
12 8 14 27
12 9 1 10
12 13 1 18
12 15 2 26
12 27 41 1
13 3 27 1
13 9 47 1
13 10 1 15
13 12 1 13
13 15 3 1
13 17 22 2
13 18 34 8
13 20 1 15
14 1 129 1
14 4 20 2
14 6 18 1
14 8 89 14
14 9 113 2
14 10 60 1
14 13 1 24
14 15 2 1
14 19 2 26
15 0 53 1
15 1 1 21
15 2 2 23
15 6 9 11
15 7 5 23
15 9 3 29
15 10 1 26
15 11 2 5
15 14 115 1
15 17 1 24
16 0 306 1
16 1 145 1
16 2 54 1
16 3 64 1
16 4 46 2
16 5 132 3
16 8 332 1
16 10 2 1
16 17 9 20
16 18 288 1
16 21 8 22
16 24 274 3
17 0 1 8
17 1 2 3
17 4 79 1
17 5 1 17
17 12 2 26
17 16 20 2
17 18 5 7
17 24 71 11
18 1 1 3
18 2 13 6
18 3 51 1
18 4 10 3
18 7 2 25
18 8 9 1
18 10 1 14
18 13 1 11
18 16 5 17
18 17 11 3
18 25 29 1
19 0 1 9
19 1 1 15
19 7 88 3
19 20 23 1
20 3 208 2
20 7 239 1
20 10 160 3
20 11 1 12
20 13 40 17
20 15 64 3
20 18 19 8
20 19 316 1
20 22 24 1
21 1 48 22
21 8 1 26
21 19 8 29
21 20 10 29
22 3 26 2
22 10 184 3
22 11 5 5
22 14 16 7
22 23 15 1
22 24 1 27
23 14 1 2
23 15 1 16
24 0 407 1
24 1 271 3
24 3 285 1
24 4 68 1
24 5 24 2
24 7 1 7
24 8 2 5
24 9 15 3
24 10 79 1
24 11 2 1
24 16 272 1
24 17 82 5
24 18 39 11
24 20 76 2
24 23 40 1
24 25 1 23
25 0 1 14
25 4 85 4
25 7 7 6
25 11 211 1
25 15 37 3
25 20 82 4
25 26 40 7
26 4 63 3
26 9 64 24
26 11 137 1
26 24 1 24
26 25 6 7
27 2 29 24
27 5 25 2
27 11 4 24
27 13 1 21
27 15 29 28
27 17 21 4
27 25 67 3
