0 1 166 1
0 2 88 2
0 3 124 1
0 4 292 1
0 5 115 1
0 6 1 18
0 7 195 1
0 8 347 1
0 10 121 2
0 12 121 1
0 13 1 6
0 15 70 2
0 16 63 1
0 17 232 1
0 19 18 1
0 20 101 1
0 24 63 1
1 0 344 11
1 2 10 15
1 3 111 2
1 4 2 14
1 5 188 1
1 6 4 15
1 7 3 7
1 8 140 1
1 9 303 1
1 11 14 22
1 12 1 5
1 13 21 2
1 14 89 4
1 16 42 1
1 17 4 2
1 24 101 1
2 0 58 1
2 1 224 1
2 3 4 2
2 5 9 23
2 7 1 18
2 8 7 14
2 10 1 3
2 17 181 2
2 18 1 11
2 20 69 2
3 0 286 1
3 1 257 5
3 2 6 16
3 4 1 1
3 5 29 1
3 7 2 26
3 8 5 23
3 11 33 1
3 14 51 1
3 15 4 22
3 16 75 8
3 20 1 13
3 22 6 17
3 24 89 2
4 0 304 1
4 1 3 15
4 3 20 1
4 6 215 1
4 8 1 21
4 9 81 19
4 10 3 12
4 12 2 1
4 15 1 3
4 16 175 2
4 19 1 14
4 20 1 26
4 21 8 17
4 22 2 9
4 25 48 1
5 0 98 1
5 1 49 1
5 3 60 1
5 4 1 18
5 6 285 4
5 7 7 6
5 8 53 1
5 9 162 1
5 10 120 1
5 11 200 1
5 12 9 3
5 13 21 10
5 14 6 17
5 15 1 7
5 16 19 1
5 24 87 1
5 26 7 2
6 0 2 7
6 1 379 2
6 2 3 11
6 3 1 19
6 4 1 22
6 5 58 1
6 7 28 1
6 8 201 27
6 9 67 1
6 10 382 1
6 11 8 10
6 12 188 1
6 14 1 2
6 15 1 11
6 17 44 29
6 18 129 1
6 20 185 10
6 23 1 17
7 0 184 3
7 2 206 1
7 3 76 26
7 4 1 8
7 6 219 1
7 8 5 3
7 9 1 18
7 11 77 1
7 12 58 1
7 14 1 10
7 15 25 1
7 16 56 3
7 19 1 26
7 20 1 3
7 23 1 7
7 25 1 1
7 27 34 3
8 0 41 2
8 1 272 1
8 2 100 1
8 3 15 5
8 5 267 6
8 6 226 19
8 7 2 4
8 9 6 1
8 10 111 16
8 11 1 1
8 12 2 3
8 14 1 27
8 15 1 7
8 16 39 1
8 17 1 6
8 19 98 4
8 20 238 4
8 21 26 3
8 22 39 1
8 24 173 1
8 25 1 8
8 27 3 22
9 0 81 1
9 4 34 13
9 5 287 1
9 6 19 14
9 7 1 14
9 8 6 19
9 10 4 14
9 11 1 1
9 12 160 1
9 14 1 11
9 16 98 3
9 17 63 1
9 18 95 1
9 20 23 3
9 23 7 4
10 0 1 27
10 1 238 1
10 2 139 1
10 3 70 21
10 4 1 14
10 5 129 1
10 6 19 12
10 7 1 20
10 8 35 1
10 11 2 4
10 12 12 22
10 13 2 2
10 14 16 1
10 15 101 1
10 18 2 11
10 20 52 3
10 21 1 10
10 23 91 1
11 0 254 1
11 2 212 1
11 3 2 12
11 5 204 2
11 6 109 1
11 7 39 18
11 9 24 1
11 12 204 1
11 13 53 1
11 14 1 17
11 15 6 1
11 17 1 2
11 19 2 13
11 23 21 1
11 24 22 14
12 0 3 12
12 1 204 18
12 3 81 1
12 4 1 10
12 5 15 23
12 6 253 1
12 7 8 4
12 9 7 25
12 10 37 2
12 11 1 22
12 13 2 3
12 17 8 5
12 18 64 1
12 23 96 17
13 2 17 27
13 6 2 13
13 7 2 14
13 9 1 10
13 11 3 4
13 12 100 1
13 14 1 15
13 16 1 25
13 20 7 27
13 21 4 22
14 2 18 2
14 5 4 1
14 6 3 20
14 8 126 1
14 9 1 2
14 10 23 1
14 11 204 1
14 15 5 1
14 17 1 13
14 19 1 26
14 27 1 20
15 6 120 28
15 7 40 1
15 10 86 1
15 11 12 14
15 13 2 9
15 14 1 28
15 17 56 8
15 25 36 18
15 26 10 9
16 0 120 1
16 1 29 1
16 3 61 1
16 4 1 28
16 5 34 1
16 7 10 23
16 8 47 1
16 10 106 2
16 12 74 10
16 17 55 1
16 18 68 23
16 20 1 26
16 21 18 8
16 24 157 1
16 26 1 23
17 1 304 1
17 4 1 24
17 5 135 1
17 6 69 1
17 7 1 13
17 9 13 24
17 10 1 7
17 11 89 4
17 12 1 10
17 18 83 1
17 20 47 1
17 23 1 19
18 4 119 1
18 5 5 19
18 7 7 22
18 9 1 8
18 10 106 2
18 12 1 17
18 17 1 13
18 22 1 3
18 27 1 25
19 0 2 21
19 1 13 1
19 17 48 1
19 20 162 1
19 26 1 10
20 0 4 17
20 1 37 1
20 3 1 17
20 6 1 4
20 8 1 13
20 11 1 11
20 12 54 1
20 13 8 5
20 15 7 14
20 19 47 1
20 23 23 1
20 24 1 14
20 26 58 2
21 1 61 6
21 4 1 11
21 9 45 1
21 17 3 21
21 18 1 7
22 8 23 3
22 9 81 1
23 0 1 2
23 7 9 3
23 10 15 4
23 11 25 2
23 21 9 4
23 27 3 11
24 0 82 1
24 1 108 4
24 3 121 1
24 5 76 1
24 6 13 17
24 7 1 2
24 8 106 1
24 9 1 7
24 10 2 2
24 11 8 1
24 12 59 10
24 16 93 1
24 21 1 20
24 23 25 7
25 3 1 15
25 5 2 22
25 9 59 1
25 11 162 1
25 17 1 5
25 22 1 3
26 6 1 8
26 7 95 1
26 9 57 1
26 10 2 9
26 11 5 9
26 12 3 8
26 15 1 27
26 27 5 28
27 3 2 25
27 6 2 27
27 7 2 14
27 11 142 1
27 15 2 2
27 20 2 8
27 25 4 16
27 26 1 11
