0 1 75 1
0 2 86 12
0 3 109 1
0 4 287 1
0 5 23 1
0 6 1 5
0 7 189 1
0 8 275 1
0 9 2 25
0 15 69 3
0 16 23 3
0 17 228 1
0 19 11 1
0 20 97 1
0 21 52 20
0 22 5 7
0 24 51 1
1 0 172 1
1 2 389 11
1 3 59 1
1 4 1 18
1 5 117 1
1 6 4 11
1 7 2 7
1 8 111 1
1 9 300 1
1 11 1 21
1 12 1 5
1 13 20 1
1 16 104 1
1 17 13 16
1 20 4 1
1 23 57 6
1 24 27 1
2 0 55 1
2 1 199 1
2 3 40 7
2 5 1 18
2 7 2 3
2 8 71 17
2 10 3 13
2 11 1 2
2 12 19 1
2 14 16 1
2 17 41 1
2 19 1 14
2 20 67 2
3 0 71 1
3 1 247 4
3 2 2 22
3 4 2 7
3 5 3 13
3 6 1 12
3 7 20 28
3 8 167 1
3 10 210 2
3 14 50 4
3 15 1 20
3 16 33 1
3 17 2 14
3 18 36 3
3 20 15 5
3 23 6 3
3 24 75 3
3 25 16 14
4 1 6 13
4 2 23 12
4 5 2 11
4 6 202 1
4 7 46 2
4 8 1 27
4 9 2 1
4 10 15 22
4 11 87 1
4 12 1 1
4 19 8 20
4 20 1 20
4 23 1 20
4 24 1 20
4 25 47 4
5 0 10 1
5 1 142 1
5 3 70 1
5 6 171 1
5 7 14 6
5 8 263 1
5 9 133 1
5 10 113 1
5 11 198 6
5 12 8 3
5 14 1 11
5 16 66 1
5 18 7 7
5 24 15 1
5 27 4 7
6 1 6 9
6 2 5 25
6 3 2 9
6 4 3 16
6 5 106 1
6 7 18 1
6 8 120 28
6 9 51 1
6 10 238 1
6 11 1 4
6 12 184 1
6 14 2 16
6 16 25 3
6 25 13 5
6 26 1 27
6 27 1 13
7 0 60 14
7 1 1 3
7 2 199 1
7 3 153 1
7 4 60 5
7 5 2 14
7 6 209 1
7 8 67 7
7 9 1 4
7 10 2 24
7 11 309 1
7 12 56 2
7 13 1 2
7 14 2 23
7 15 21 2
7 20 1 16
7 23 1 16
7 25 1 21
8 0 362 1
8 1 201 1
8 2 80 1
8 3 226 1
8 5 35 8
8 6 158 10
8 7 3 15
8 9 181 1
8 10 8 13
8 13 104 1
8 14 83 3
8 15 16 2
8 16 30 1
8 17 2 1
8 21 26 6
8 22 37 1
8 23 70 11
8 24 108 1
8 25 125 13
9 0 79 2
9 3 1 27
9 4 6 3
9 5 271 1
9 6 8 22
9 7 6 14
9 8 8 2
9 10 77 1
9 11 3 19
9 12 150 1
9 13 48 1
9 15 8 1
10 0 1 10
10 1 233 1
10 2 134 1
10 4 118 20
10 5 122 1
10 6 3 15
10 7 22 14
10 8 22 1
10 9 1 16
10 11 1 11
10 12 1 11
10 13 1 4
10 14 11 1
10 15 96 1
10 23 6 15
10 24 127 1
11 0 251 2
11 2 209 1
11 3 1 10
11 6 104 1
11 7 10 29
11 8 2 3
11 9 22 2
11 12 203 1
11 15 16 1
11 16 94 1
11 17 1 28
11 19 109 4
11 24 106 14
11 25 31 7
12 2 89 1
12 3 81 4
12 5 2 6
12 6 250 1
12 8 1 13
12 9 2 1
12 10 35 1
12 11 1 12
12 14 159 2
12 16 83 14
12 17 8 2
12 18 64 1
13 7 2 29
13 8 2 19
13 12 96 1
13 14 1 21
13 15 3 24
13 16 7 1
13 21 1 5
13 24 19 12
14 0 11 11
14 1 19 2
14 4 1 15
14 5 4 1
14 6 13 19
14 8 121 1
14 9 17 12
14 10 16 1
14 11 199 1
14 13 20 1
14 15 16 2
14 20 40 8
15 1 85 6
15 7 35 2
15 8 27 3
15 10 81 1
15 11 3 29
16 0 91 1
16 1 16 1
16 3 73 3
16 5 97 1
16 8 155 1
16 9 57 3
16 14 15 15
16 17 50 1
16 18 1 2
16 24 94 1
17 0 71 2
17 1 291 1
17 4 4 25
17 10 3 12
17 14 6 20
17 16 2 19
17 18 81 2
17 19 37 1
17 22 15 3
18 0 118 2
18 2 7 29
18 4 112 1
18 6 45 1
18 7 1 17
18 9 25 12
18 10 105 1
18 11 52 2
18 12 5 5
18 15 1 23
18 17 1 3
18 24 3 26
18 27 2 22
19 0 6 10
19 4 43 5
19 5 18 28
19 7 1 7
19 9 4 24
19 14 9 2
19 20 147 1
20 0 1 11
20 1 160 1
20 2 45 12
20 3 1 3
20 6 6 26
20 8 1 11
20 9 1 20
20 13 8 11
20 17 8 18
20 19 38 1
21 5 15 1
21 15 16 26
21 16 9 2
21 18 2 26
22 6 1 20
22 8 23 1
22 10 11 1
22 14 1 24
22 21 1 10
23 0 1 9
23 1 63 3
23 2 1 13
23 5 5 29
23 7 8 3
23 8 2 2
23 10 14 4
23 13 7 4
23 16 19 6
23 17 11 7
23 26 3 15
24 0 14 1
24 1 83 1
24 3 57 1
24 5 22 4
24 7 87 2
24 8 40 1
24 9 3 8
24 10 4 24
24 15 1 15
24 16 29 1
24 19 1 22
24 20 27 1
24 23 2 5
25 3 4 22
25 5 1 11
25 7 1 5
25 9 59 1
25 10 1 3
25 11 155 1
25 12 14 10
25 15 14 6
25 17 1 8
25 18 14 1
25 20 28 2
25 24 1 24
25 26 1 8
25 27 2 24
26 0 38 4
26 2 1 5
26 3 10 4
26 8 38 3
26 24 18 2
26 25 1 22
26 27 38 17
27 1 54 7
27 4 1 4
27 7 4 25
27 10 130 1
27 11 139 1
27 13 12 17
27 25 1 22
27 26 2 13
