0 1 264 1
0 3 74 1
0 4 285 1
0 5 55 1
0 6 10 18
0 7 186 1
0 8 242 1
0 9 3 16
0 10 118 1
0 13 1 25
0 15 69 2
0 16 14 24
0 17 226 1
0 19 7 1
0 20 94 1
0 24 41 1
1 0 127 1
1 2 140 1
1 3 36 1
1 4 1 26
1 5 84 1
1 6 20 22
1 7 1 7
1 8 76 1
1 9 298 1
1 10 361 1
1 11 1 1
1 12 5 24
1 14 87 1
1 16 74 1
1 17 24 27
1 24 67 1
2 0 53 2
2 1 184 1
2 3 8 19
2 6 6 1
2 7 3 15
2 8 23 20
2 9 85 9
2 10 2 23
2 12 18 17
2 13 19 4
2 15 3 3
2 20 66 1
3 0 223 1
3 1 14 29
3 2 2 29
3 4 1 14
3 5 56 1
3 7 16 14
3 8 142 1
3 9 37 3
3 10 208 1
3 16 66 1
3 17 1 29
3 18 36 1
3 20 4 17
3 23 6 2
3 24 66 1
3 25 1 18
4 0 50 1
4 1 3 5
4 2 49 19
4 6 195 1
4 8 3 4
4 9 25 22
4 12 186 1
4 14 95 1
4 16 172 3
4 19 1 14
4 20 1 16
4 23 1 18
4 24 6 10
5 0 43 1
5 1 115 1
5 2 1 9
5 3 49 1
5 4 3 19
5 6 249 1
5 7 1 27
5 8 221 1
5 9 116 1
5 10 109 1
5 12 7 2
5 15 1 18
5 16 35 1
5 18 9 21
5 24 32 1
6 1 51 19
6 1 245 9
6 1 288 12
6 2 1 16
6 3 6 10
6 4 4 20
6 5 75 1
6 7 12 1
6 8 360 14
6 9 42 1
6 10 233 1
6 11 1 15
6 12 182 1
6 14 1 8
6 15 6 19
6 16 24 6
6 17 1 20
6 18 125 1
6 22 83 2
6 23 2 3
6 26 1 17
7 0 3 6
7 1 1 1
7 2 195 1
7 3 145 1
7 4 2 21
7 5 9 13
7 6 203 1
7 8 183 12
7 11 343 8
7 12 55 3
7 13 2 8
7 14 1 16
7 15 19 1
7 17 9 1
7 18 139 1
7 19 26 5
7 20 1 28
7 21 2 15
7 23 16 27
7 25 1 9
7 26 14 9
7 27 32 6
8 0 330 1
8 1 167 1
8 2 67 1
8 3 190 1
8 5 224 1
8 6 181 11
8 7 4 22
8 9 175 1
8 10 17 17
8 12 18 14
8 14 86 23
8 16 178 1
8 17 5 2
8 18 70 1
8 19 96 2
8 23 1 17
8 24 77 1
8 25 1 23
9 4 37 6
9 5 111 11
9 6 2 9
9 7 6 22
9 8 2 21
9 10 66 9
9 11 1 29
9 12 145 1
9 16 97 1
9 18 93 1
9 25 2 20
9 26 25 23
10 0 1 22
10 1 231 1
10 2 130 1
10 3 117 3
10 4 1 1
10 5 118 1
10 6 6 22
10 7 2 25
10 8 16 1
10 9 1 21
10 11 1 7
10 12 1 20
10 13 10 19
10 14 8 1
10 15 93 1
10 19 1 23
10 20 50 4
10 21 106 14
10 22 1 9
11 0 250 1
11 1 1 23
11 2 207 1
11 3 1 10
11 6 102 1
11 7 33 14
11 8 4 9
11 10 285 11
11 12 203 1
11 13 49 1
11 14 1 28
11 15 145 1
11 16 93 1
11 21 18 2
11 23 212 2
11 24 1 7
11 25 1 12
11 26 3 1
11 27 6 5
12 0 2 18
12 5 159 9
12 6 249 2
12 7 8 1
12 8 1 28
12 9 2 16
12 11 2 19
12 17 7 1
13 1 1 7
13 7 2 27
13 8 40 14
13 12 93 1
13 15 9 21
14 1 19 1
14 4 1 10
14 6 1 2
14 8 118 1
14 9 1 3
14 10 13 1
14 11 195 1
14 13 19 1
14 15 15 1
14 24 7 3
15 0 1 20
15 3 1 12
15 7 33 1
15 8 27 1
15 10 78 2
15 11 7 18
15 12 2 25
15 14 1 15
15 17 56 2
15 22 8 3
15 23 12 19
15 24 23 1
15 25 5 8
16 0 61 1
16 1 25 1
16 3 63 1
16 5 90 1
16 8 135 1
16 9 57 3
16 11 93 1
16 17 47 1
16 18 1 3
16 21 18 25
16 24 63 1
17 0 69 2
17 1 284 8
17 2 30 1
17 3 9 1
17 4 1 24
17 5 132 3
17 6 64 1
17 9 1 10
17 10 67 4
17 12 1 19
17 13 69 1
17 15 3 19
17 16 1 7
17 19 36 3
17 22 15 1
17 25 1 23
18 0 118 1
18 1 1 16
18 4 107 1
18 8 46 8
18 9 1 19
18 10 104 1
18 14 4 23
18 15 1 12
18 16 1 14
18 17 2 23
18 19 2 23
18 20 96 8
18 21 1 20
18 23 33 10
19 0 34 13
19 1 10 1
19 6 1 7
19 7 1 5
19 8 26 3
19 9 1 22
19 14 8 3
19 17 46 3
19 20 138 1
19 26 1 23
20 1 158 2
20 3 4 22
20 4 81 1
20 9 15 2
20 10 15 7
20 11 34 17
20 12 53 1
20 19 33 1
20 21 14 1
20 24 25 13
20 25 34 1
21 9 44 2
21 11 95 23
21 14 7 2
21 16 8 1
22 6 4 22
22 13 1 16
22 18 2 12
22 24 9 3
23 1 63 1
23 7 10 2
23 8 4 22
23 18 33 25
24 0 29 1
24 1 53 1
24 3 29 7
24 5 9 2
24 6 1 16
24 7 86 1
24 8 4 24
24 10 1 19
24 14 4 4
24 16 15 1
24 20 26 8
24 21 8 13
25 0 71 5
25 1 97 13
25 3 1 15
25 6 1 21
25 10 19 27
25 11 150 1
25 12 1 16
25 15 3 17
25 18 14 1
25 27 22 21
26 6 56 23
26 8 38 1
26 12 3 6
26 14 1 13
27 6 1 7
27 7 1 13
27 11 137 1
27 15 2 1
27 20 2 1
27 22 3 17
27 26 3 19
