0 1 14 15
0 2 187 1
0 3 38 26
0 4 251 1
0 5 19 7
0 6 9 8
0 7 286 1
0 8 21 14
0 10 101 1
0 16 18 17
0 17 199 1
0 19 98 1
0 20 83 1
0 22 3 19
0 24 18 24
1 0 37 28
1 2 290 1
1 3 25 24
1 4 16 10
1 5 32 3
1 6 3 12
1 7 1 10
1 8 42 18
1 9 275 1
1 10 4 1
1 11 36 26
1 16 139 24
1 17 58 19
1 24 40 20
1 25 5 17
2 1 55 1
2 3 12 3
2 4 1 1
2 5 55 12
2 6 307 1
2 7 2 10
2 8 4 2
2 9 69 17
2 10 1 26
2 11 1 1
2 14 13 1
2 17 33 3
2 20 52 2
2 23 1 5
2 27 1 27
3 0 17 11
3 1 25 3
3 2 131 10
3 4 2 23
3 5 18 8
3 7 12 2
3 8 22 22
3 10 184 1
3 16 34 15
3 24 77 11
3 25 1 7
4 0 330 1
4 1 11 2
4 2 1 11
4 3 8 1
4 5 267 1
4 6 121 1
4 7 31 1
4 8 1 14
4 9 4 2
4 10 9 4
4 11 73 1
4 13 32 3
4 17 1 13
4 18 1 16
4 21 1 25
5 0 27 5
5 1 37 21
5 3 47 15
5 4 369 1
5 6 100 1
5 7 46 28
5 8 15 6
5 9 22 1
5 10 68 1
5 11 187 2
5 16 34 10
5 17 1 3
5 24 18 26
6 0 41 11
6 1 310 23
6 2 31 4
6 3 3 16
6 4 1 10
6 5 8 16
6 7 122 1
6 8 5 21
6 9 30 1
6 10 364 1
6 11 2 14
6 12 156 1
6 13 46 1
6 14 20 14
6 15 1 10
6 18 110 1
6 19 131 10
6 23 3 17
6 25 8 6
6 26 1 28
7 0 1 10
7 2 162 8
7 3 213 1
7 4 1 16
7 5 1 20
7 6 138 1
7 8 8 26
7 11 37 1
7 12 46 2
7 13 1 16
7 15 3 3
7 16 2 15
7 17 4 4
7 18 133 3
7 20 1 23
7 22 28 1
7 23 1 21
7 25 158 17
7 27 133 6
8 0 31 14
8 1 16 7
8 2 20 1
8 3 148 12
8 4 3 17
8 5 14 6
8 6 201 9
8 7 4 6
8 9 114 1
8 10 8 10
8 11 7 1
8 13 87 1
8 15 1 29
8 16 18 16
8 17 2 13
8 18 58 1
8 19 88 3
8 21 23 2
8 23 17 8
8 24 28 10
8 27 2 11
9 0 65 1
9 4 5 17
9 5 351 1
9 6 231 2
9 7 1 11
9 8 6 25
9 10 1 8
9 11 3 21
9 12 85 1
9 13 39 1
9 14 16 17
9 17 50 2
9 18 81 3
9 20 18 1
9 22 1 28
10 1 200 2
10 2 71 1
10 3 67 1
10 4 1 25
10 5 76 1
10 6 25 21
10 7 7 11
10 8 1 2
10 9 3 4
10 11 3 27
10 12 4 5
10 13 50 1
10 14 1 19
10 15 61 1
10 24 63 2
10 26 8 1
11 0 229 1
11 1 4 25
11 2 187 1
11 3 3 26
11 4 5 16
11 6 73 1
11 7 12 15
11 8 2 13
11 10 278 1
11 12 195 1
11 13 33 1
11 14 6 4
11 15 160 1
11 17 11 7
11 22 1 2
11 24 1 13
11 25 75 1
11 26 1 21
12 0 6 7
12 3 76 4
12 6 258 1
12 9 14 29
12 10 17 2
12 11 4 25
12 13 1 23
12 18 58 1
12 19 1 17
12 20 95 9
12 22 1 1
12 24 3 1
12 27 7 3
13 1 4 19
13 2 4 11
13 6 2 1
13 12 65 1
13 14 1 25
13 16 16 27
14 1 14 1
14 2 14 1
14 4 4 10
14 6 3 6
14 8 87 1
14 10 1 19
14 11 109 1
14 15 9 1
14 19 1 26
14 24 5 4
15 0 1 7
15 2 27 6
15 3 45 6
15 7 10 1
15 8 24 2
15 10 48 1
15 11 7 19
15 12 2 27
15 13 17 1
15 14 6 18
15 17 52 3
15 23 1 9
15 26 9 3
16 0 41 11
16 1 54 12
16 3 166 22
16 4 1 18
16 5 30 18
16 8 18 9
16 9 52 2
16 17 19 2
16 18 2 12
16 20 1 19
16 24 55 26
17 1 232 1
17 2 17 1
17 4 172 12
17 5 122 1
17 6 44 1
17 7 1 21
17 9 1 23
17 10 1 4
17 11 78 1
17 12 1 13
17 16 1 3
17 18 67 1
17 19 30 3
17 20 38 2
17 22 13 6
17 25 2 10
18 4 62 1
18 5 1 28
18 8 17 17
18 11 46 3
18 12 1 14
18 14 8 20
18 15 1 9
18 16 1 15
18 17 1 13
18 19 1 5
18 24 3 13
19 0 7 23
19 4 36 1
19 5 2 5
19 8 21 1
19 20 52 1
20 0 131 12
20 1 149 9
20 2 1 11
20 3 2 24
20 6 1 20
20 10 11 1
20 11 116 27
20 14 1 26
20 16 1 14
20 17 1 3
20 18 1 3
21 5 13 11
21 7 1 3
21 14 6 2
21 25 1 9
22 0 49 25
22 2 8 16
22 7 2 8
22 12 1 25
22 13 3 24
22 17 2 8
22 20 53 3
22 21 3 18
23 3 27 1
23 7 2 8
23 8 2 23
23 9 3 4
23 10 8 1
23 11 9 2
23 20 44 2
24 0 18 14
24 1 19 17
24 2 16 1
24 3 36 8
24 5 18 6
24 6 1 15
24 7 149 2
24 8 18 23
24 10 1 17
24 16 18 13
24 18 19 1
24 20 23 2
24 21 2 6
24 22 1 6
24 25 9 1
24 27 1 10
25 0 66 1
25 3 2 12
25 4 18 1
25 6 13 19
25 7 2 19
25 8 80 28
25 11 108 1
25 15 1 17
25 18 12 13
25 20 24 3
25 27 1 11
26 7 87 1
26 16 30 3
26 17 1 24
26 25 13 1
26 27 2 4
27 2 21 3
27 9 2 23
27 10 123 1
27 11 116 1
27 13 1 8
27 18 3 23
27 19 6 11
27 24 22 1
27 26 1 16
