0 1 18 9
0 2 184 1
0 3 18 8
0 4 247 1
0 5 19 24
0 6 1 2
0 7 281 1
0 8 46 1
0 9 1 1
0 10 99 1
0 12 113 1
0 15 62 2
0 16 37 5
0 17 195 1
0 19 93 1
0 20 79 2
0 24 49 8
0 25 2 25
1 0 399 16
1 2 268 1
1 3 19 19
1 4 3 16
1 5 18 16
1 6 3 19
1 7 1 12
1 8 46 9
1 9 272 1
1 10 2 7
1 12 28 21
1 15 7 8
1 16 56 18
1 17 252 20
1 19 5 5
1 24 19 22
2 0 40 1
2 1 44 1
2 3 157 26
2 4 1 18
2 6 303 1
2 7 14 1
2 8 4 22
2 10 44 26
2 11 3 22
2 13 18 1
2 15 11 12
3 0 87 9
3 1 16 26
3 2 55 21
3 4 48 23
3 5 18 13
3 7 26 9
3 8 21 5
3 10 181 2
3 11 8 1
3 12 1 6
3 15 1 13
3 16 55 12
3 20 1 18
3 22 1 21
3 24 18 23
3 27 1 4
4 0 327 2
4 1 6 1
4 2 8 26
4 5 261 1
4 6 112 1
4 7 30 1
4 8 13 1
4 9 30 14
4 10 10 24
4 11 71 1
4 13 31 4
4 15 1 4
4 16 158 3
4 19 1 7
5 0 21 14
5 1 20 24
5 3 39 14
5 4 138 8
5 6 64 1
5 7 6 27
5 8 15 24
5 9 13 1
5 10 64 1
5 11 186 1
5 14 2 1
5 16 18 6
5 17 135 20
5 18 1 10
5 24 57 20
6 0 1 3
6 1 229 12
6 2 34 18
6 4 1 25
6 5 9 29
6 7 115 1
6 8 55 7
6 9 24 1
6 10 197 1
6 11 11 18
6 12 153 1
6 14 1 7
6 15 7 18
6 16 19 1
6 23 10 27
7 0 194 17
7 2 51 1
7 3 204 1
7 4 64 12
7 5 1 20
7 6 131 1
7 8 8 6
7 9 1 24
7 10 13 2
7 11 299 1
7 12 45 3
7 13 3 14
7 14 2 29
7 17 4 1
7 18 132 6
7 20 1 25
7 23 6 8
7 25 2 1
7 26 3 25
7 27 30 20
8 0 37 22
8 1 17 14
8 2 267 1
8 3 32 22
8 4 2 26
8 5 71 14
8 6 336 19
8 7 7 9
8 9 108 1
8 10 8 19
8 11 190 1
8 12 19 2
8 14 9 4
8 15 48 7
8 16 49 22
8 17 2 21
8 18 56 3
8 19 88 1
8 20 225 1
8 22 29 1
8 23 1 7
8 24 60 22
9 0 63 2
9 3 1 9
9 4 1 25
9 5 326 1
9 6 169 9
9 8 2 2
9 10 21 19
9 11 2 17
9 12 79 1
9 14 1 26
9 24 1 16
9 27 4 11
10 1 197 1
10 2 66 5
10 4 4 4
10 5 72 1
10 6 39 1
10 7 6 9
10 8 2 26
10 9 6 27
10 11 10 3
10 12 3 20
10 13 122 20
10 15 57 1
10 22 1 17
10 23 1 26
11 1 49 7
11 2 184 1
11 3 1 14
11 4 1 29
11 5 11 1
11 6 70 1
11 7 154 17
11 8 3 3
11 10 272 9
11 14 10 23
11 15 143 1
11 23 201 1
11 24 2 5
11 25 70 1
11 27 1 2
12 0 2 3
12 3 76 4
12 5 1 24
12 6 256 1
12 9 4 28
12 11 5 19
12 13 2 29
12 14 151 1
12 15 94 2
12 18 57 2
12 24 3 1
13 0 1 6
13 1 2 16
13 3 1 4
13 4 41 2
13 6 89 23
13 7 6 7
13 8 58 4
13 10 1 2
13 12 61 1
13 14 1 6
13 20 1 7
14 6 23 19
14 7 185 1
14 8 83 1
14 9 28 8
14 11 103 1
14 12 93 1
14 15 42 1
14 20 1 16
14 24 5 2
15 4 29 2
15 7 9 1
15 8 23 1
15 9 4 2
15 10 45 2
15 11 241 12
15 12 1 20
15 14 2 18
15 16 2 7
15 17 52 1
15 20 84 12
16 0 25 21
16 1 88 26
16 3 35 25
16 4 21 6
16 5 18 24
16 7 9 3
16 8 36 23
16 10 1 7
16 18 3 16
16 24 24 6
17 0 45 2
17 1 222 1
17 2 16 2
17 4 1 14
17 5 120 3
17 6 42 1
17 7 1 7
17 8 3 1
17 9 24 1
17 10 105 10
17 11 76 3
17 12 128 19
17 16 3 12
17 18 65 1
17 19 30 1
17 25 65 28
18 1 2 6
18 2 1 18
18 4 57 1
18 7 128 7
18 9 23 12
18 12 3 10
18 13 33 2
18 16 7 13
18 20 94 3
18 21 1 6
18 22 1 6
19 0 76 10
19 1 151 4
19 5 1 13
19 8 20 3
19 17 39 1
19 18 2 12
19 20 45 1
19 23 5 12
20 0 1 6
20 1 29 1
20 2 1 2
20 9 1 5
20 11 19 19
20 14 7 11
20 16 1 22
20 21 13 4
20 27 29 7
21 6 2 4
21 11 94 2
22 0 1 20
22 6 1 15
22 10 4 1
22 11 58 2
22 13 7 8
22 17 1 26
22 27 1 4
23 1 60 1
23 6 1 16
23 9 3 23
23 10 7 5
23 11 8 4
23 21 1 26
23 22 2 9
24 0 18 8
24 1 64 2
24 3 81 22
24 5 18 25
24 8 28 12
24 10 3 8
24 12 56 1
24 14 6 23
24 16 83 24
24 22 17 6
24 23 2 24
24 27 8 21
25 2 3 6
25 7 1 11
25 10 21 20
25 11 68 10
25 15 1 5
25 16 1 26
25 20 24 1
25 23 22 24
25 24 1 14
25 26 1 16
26 10 1 2
26 14 4 29
26 24 12 1
26 27 2 10
27 4 1 11
27 7 1 8
27 10 122 1
27 11 114 1
27 26 3 8
