0 1 42 21
0 2 182 2
0 3 26 6
0 4 245 1
0 5 56 9
0 6 19 18
0 7 279 1
0 8 79 25
0 15 61 4
0 16 18 27
0 17 194 1
0 18 134 1
0 19 90 1
0 20 78 1
0 22 32 1
0 24 18 10
1 0 19 25
1 2 83 1
1 3 58 8
1 4 8 8
1 5 37 20
1 6 193 4
1 7 1 21
1 8 17 22
1 9 270 1
1 10 356 1
1 11 51 18
1 13 15 2
1 14 78 4
1 16 43 7
1 17 1 12
1 24 18 28
1 27 86 5
2 0 39 1
2 1 38 1
2 3 9 16
2 4 1 25
2 5 1 1
2 6 301 1
2 7 35 19
2 8 132 11
2 10 1 5
2 17 175 2
3 0 241 16
3 1 23 10
3 2 27 16
3 4 3 28
3 5 18 25
3 7 10 1
3 8 139 14
3 9 27 3
3 10 180 1
3 11 7 2
3 16 18 12
3 17 1 8
3 18 30 1
3 20 6 14
3 24 18 13
3 25 2 12
4 0 326 1
4 1 25 23
4 2 2 10
4 5 149 13
4 6 108 1
4 8 2 28
4 9 5 27
4 11 71 1
4 15 16 2
4 17 2 8
4 26 21 17
5 0 18 29
5 1 34 7
5 3 63 27
5 4 366 1
5 6 49 1
5 7 15 17
5 8 38 6
5 9 10 1
5 10 62 1
5 15 1 13
5 16 18 6
5 17 9 25
5 18 11 22
5 24 36 9
6 0 6 5
6 1 74 26
6 2 2 2
6 3 1 20
6 4 65 17
6 5 17 12
6 7 112 1
6 8 10 20
6 9 21 1
6 10 192 1
6 11 2 7
6 12 151 1
6 15 9 20
6 17 1 12
6 20 186 28
6 21 1 3
6 25 8 1
7 0 1 2
7 1 1 20
7 2 47 1
7 3 197 1
7 4 1 20
7 5 12 2
7 6 127 1
7 8 14 19
7 10 13 27
7 11 276 1
7 13 1 2
7 14 48 22
7 15 2 1
7 17 3 6
7 19 1 22
7 20 42 6
7 21 1 3
7 23 1 28
7 25 1 18
7 26 6 2
7 27 133 2
8 0 17 6
8 1 36 10
8 2 258 1
8 3 36 17
8 4 1 21
8 5 34 27
8 6 417 4
8 7 24 28
8 9 104 1
8 10 8 17
8 11 188 1
8 12 19 21
8 15 1 15
8 16 18 27
8 17 5 23
8 22 29 1
8 24 35 7
8 25 6 19
9 0 62 1
9 1 1 23
9 4 3 14
9 5 314 1
9 7 1 21
9 8 4 24
9 11 21 27
9 12 76 1
9 13 37 2
9 14 1 9
9 15 3 2
9 17 49 1
9 18 79 2
9 21 1 4
9 26 3 14
10 0 4 26
10 1 195 1
10 2 96 1
10 3 86 1
10 4 6 22
10 5 69 1
10 6 62 9
10 7 24 6
10 8 2 18
10 9 16 9
10 11 4 9
10 12 1 25
10 13 1 21
10 14 1 3
10 15 56 1
10 17 1 29
10 19 1 4
10 20 41 1
10 22 1 13
10 24 61 9
11 0 226 1
11 1 1 22
11 2 183 1
11 3 139 26
11 5 1 3
11 7 110 21
11 8 4 19
11 9 8 1
11 10 387 1
11 13 31 1
11 14 1 12
11 15 134 1
11 17 2 3
11 24 49 25
11 27 1 1
12 2 83 6
12 6 255 1
12 7 3 8
12 8 1 10
12 9 2 7
12 13 1 3
12 14 150 2
12 15 94 1
12 17 5 1
12 18 57 1
12 21 50 1
12 25 26 2
13 4 40 2
13 7 2 15
13 8 1 19
13 10 1 13
13 12 60 1
13 14 4 11
13 21 1 15
13 25 1 4
14 0 8 4
14 1 13 4
14 4 1 22
14 6 17 21
14 7 184 5
14 8 82 1
14 9 1 27
14 11 101 1
14 12 92 6
14 13 5 1
14 15 40 1
14 19 5 10
14 24 5 1
15 1 78 2
15 2 27 1
15 3 45 14
15 4 28 3
15 6 9 7
15 8 22 2
15 9 3 12
15 10 44 1
15 11 17 1
15 12 14 6
15 14 11 7
15 22 6 6
15 25 36 5
16 0 18 21
16 1 35 18
16 3 51 27
16 4 60 19
16 5 75 25
16 8 35 5
16 10 127 8
16 12 71 3
16 17 15 1
16 18 1 28
16 24 18 15
17 0 44 2
17 1 217 1
17 2 15 3
17 4 1 18
17 6 41 2
17 9 1 16
17 12 8 13
17 13 67 2
17 16 3 4
17 18 64 1
17 19 29 2
17 20 37 2
17 21 2 7
17 22 13 3
17 27 34 12
18 0 107 4
18 2 1 16
18 4 55 1
18 5 1 10
18 6 30 1
18 8 1 15
18 11 45 1
18 12 2 25
18 13 34 5
18 16 1 15
18 27 1 4
19 0 39 1
19 1 1 11
19 2 3 19
19 4 34 2
19 10 108 1
19 12 1 19
19 17 38 4
19 20 41 1
20 2 3 27
20 3 1 14
20 6 122 20
20 10 10 1
20 11 35 1
20 13 6 20
20 14 60 23
20 15 5 1
20 17 2 24
20 18 1 7
20 23 19 15
20 24 1 25
20 25 30 4
21 0 1 10
21 1 11 14
21 4 1 1
21 11 93 11
21 12 6 19
21 18 1 12
22 0 1 13
22 4 2 15
22 6 35 22
22 7 5 18
22 11 58 2
22 14 1 2
22 21 2 17
22 25 13 8
23 1 59 9
23 3 26 1
23 6 1 12
23 8 12 8
23 14 3 6
23 22 1 13
23 24 2 26
24 0 109 14
24 1 83 15
24 3 44 10
24 5 36 11
24 6 3 20
24 7 146 1
24 8 106 24
24 10 8 14
24 12 55 2
24 15 16 23
24 16 33 2
24 21 3 28
24 22 1 7
25 5 2 6
25 7 4 15
25 9 51 1
25 10 3 8
25 11 99 16
25 12 1 21
25 14 7 1
25 16 2 19
25 17 74 22
25 27 2 2
26 6 3 29
26 7 85 4
26 10 3 3
26 11 1 15
26 12 1 27
26 16 30 10
26 24 11 5
26 27 43 1
27 0 2 27
27 2 21 1
27 3 3 15
27 6 38 4
27 7 1 15
27 11 112 1
27 15 1 1
27 26 1 18
