0 1 32 20
0 2 65 1
0 4 219 1
0 5 18 28
0 6 3 26
0 7 248 1
0 8 94 12
0 10 86 1
0 12 108 1
0 13 1 15
0 16 37 1
0 17 173 1
0 19 62 1
0 20 59 1
0 21 51 1
0 24 249 12
0 25 3 14
1 0 33 9
1 2 216 1
1 4 3 15
1 5 39 1
1 6 6 26
1 7 1 27
1 8 14 4
1 9 250 1
1 11 119 27
1 12 63 5
1 13 13 5
1 14 73 1
1 16 189 12
1 17 253 17
1 19 2 1
1 24 13 27
2 0 206 1
2 3 9 1
2 4 2 21
2 6 273 1
2 7 1 12
2 8 81 28
2 10 7 19
2 11 8 2
2 14 10 2
2 17 32 1
2 20 41 1
2 27 2 20
3 0 310 1
3 1 74 3
3 2 68 20
3 5 24 11
3 7 4 19
3 8 1 1
3 10 161 1
3 16 135 1
3 20 31 17
3 24 133 8
3 27 1 19
4 0 306 1
4 1 4 21
4 2 5 22
4 5 17 3
4 6 62 1
4 8 1 21
4 9 5 11
4 12 156 1
4 14 81 4
4 15 17 27
4 16 148 1
4 18 4 7
4 19 3 3
4 20 2 17
4 24 1 7
4 25 39 1
4 27 73 2
5 0 15 1
5 1 98 1
5 3 8 1
5 4 124 2
5 6 6 14
5 7 9 19
5 8 26 1
5 9 1 22
5 10 38 1
5 11 175 1
5 14 1 18
5 16 85 25
5 17 10 9
5 18 1 6
5 19 11 9
5 24 99 26
6 0 7 26
6 2 2 17
6 3 56 7
6 5 17 24
6 7 73 1
6 8 44 12
6 10 235 1
6 11 12 14
6 12 132 1
6 13 38 1
6 15 1 25
6 17 277 15
6 18 96 1
6 22 75 3
6 23 11 11
7 0 7 11
7 2 36 1
7 3 130 1
7 4 12 19
7 5 1 11
7 6 86 1
7 8 3 24
7 10 32 21
7 11 107 1
7 12 39 1
7 13 1 17
7 14 1 16
7 18 128 2
7 19 4 22
7 20 8 27
7 23 1 6
7 24 1 29
8 0 14 1
8 1 136 1
8 2 162 1
8 3 116 14
8 4 2 29
8 5 8 1
8 6 213 1
8 7 5 22
8 9 66 1
8 10 6 28
8 11 319 1
8 12 13 14
8 13 74 1
8 15 13 13
8 16 19 1
8 18 48 1
8 20 215 1
8 22 24 3
8 23 20 11
8 24 79 23
8 25 1 26
8 27 7 4
9 0 53 2
9 1 1 15
9 4 1 20
9 5 222 1
9 6 356 24
9 7 1 12
9 8 1 22
9 10 203 9
9 12 42 1
9 13 32 1
9 14 1 20
9 16 89 1
9 17 41 4
9 18 71 2
9 19 1 10
9 22 2 29
9 24 3 7
9 25 3 11
9 26 26 28
10 1 173 1
10 2 79 1
10 4 5 14
10 5 44 1
10 6 84 5
10 7 2 8
10 8 25 13
10 9 33 12
10 11 4 7
10 12 31 25
10 13 1 16
10 14 12 1
10 15 36 2
10 16 1 27
10 22 3 4
10 25 3 28
10 26 5 11
11 0 209 2
11 1 13 22
11 2 166 1
11 4 15 7
11 5 7 11
11 6 51 1
11 7 21 2
11 8 7 24
11 9 2 7
11 10 371 1
11 14 4 1
11 15 87 1
11 24 51 4
11 25 57 1
11 26 4 9
12 5 11 18
12 6 240 1
12 9 54 27
12 10 7 3
12 13 1 14
12 14 143 1
12 18 53 1
12 21 43 3
13 1 2 6
13 3 1 7
13 6 2 25
13 10 1 18
13 11 215 5
13 12 41 2
13 14 5 4
13 20 7 23
13 24 19 20
13 26 1 20
14 1 10 2
14 7 1 2
14 8 61 1
14 9 6 16
14 10 2 11
14 11 71 1
14 12 89 2
14 15 14 1
14 20 1 1
15 1 73 5
15 2 6 11
15 6 3 7
15 8 16 19
15 9 123 4
15 10 26 2
15 11 4 23
15 14 4 24
15 19 8 29
15 21 1 29
15 25 9 1
15 26 8 1
16 0 150 1
16 1 9 3
16 3 34 28
16 4 5 21
16 5 73 9
16 7 44 4
16 8 209 16
16 10 3 21
16 18 7 5
16 20 1 5
16 24 141 1
17 0 31 1
17 1 170 1
17 4 1 9
17 5 111 3
17 6 29 1
17 8 281 2
17 9 176 1
17 16 26 24
17 18 55 1
17 21 2 14
17 22 12 1
17 23 1 23
18 0 101 1
18 2 6 21
18 4 30 1
18 8 1 26
18 9 1 19
18 11 42 1
18 12 2 11
18 14 1 28
18 16 3 25
18 17 1 10
19 0 42 23
19 3 1 16
19 4 29 1
19 10 108 2
19 12 1 20
19 20 8 1
19 27 5 6
20 0 2 25
20 1 23 3
20 3 55 15
20 4 64 4
20 6 1 24
20 8 3 19
20 9 21 28
20 13 6 2
20 17 19 12
20 19 1 5
20 24 1 13
20 25 28 1
20 26 55 28
21 0 1 4
21 7 1 14
21 9 36 2
21 12 14 5
21 23 9 1
21 27 1 8
22 11 103 4
22 13 7 6
22 16 12 2
22 17 1 24
22 19 3 27
22 27 1 5
23 6 1 7
23 11 2 6
23 15 1 22
23 17 8 10
23 22 1 9
23 24 1 14
23 26 22 24
24 0 102 16
24 1 10 12
24 2 14 3
24 3 18 1
24 5 49 21
24 7 142 2
24 8 105 1
24 9 5 18
24 10 1 8
24 16 112 1
24 23 1 7
25 2 1 6
25 3 1 4
25 6 11 8
25 8 1 10
25 10 10 29
25 11 183 1
25 12 3 25
25 17 6 8
25 27 1 3
26 6 1 4
26 10 18 25
26 13 1 15
26 18 32 18
27 3 1 8
27 6 4 15
27 7 1 7
27 10 116 5
27 11 97 2
27 24 19 13
27 26 2 3
