0 1 199 26
0 2 61 1
0 3 6 12
0 4 211 1
0 5 91 1
0 6 1 19
0 7 240 1
0 8 29 1
0 9 1 29
0 10 83 2
0 15 55 5
0 16 25 19
0 17 167 1
0 19 54 1
0 20 120 1
0 23 70 11
0 24 14 23
1 0 112 1
1 2 182 1
1 3 104 1
1 4 4 19
1 5 67 3
1 6 5 3
1 7 1 7
1 8 12 1
1 10 344 2
1 11 1 13
1 12 2 23
1 15 5 25
1 16 72 2
1 17 1 18
1 19 1 1
1 23 57 19
1 24 5 6
1 25 2 15
2 0 199 1
2 3 148 1
2 6 264 1
2 7 17 23
2 8 3 16
2 10 1 26
2 11 10 4
2 12 73 1
2 16 1 4
2 20 38 3
2 25 17 3
2 27 23 11
3 0 44 14
3 1 4 21
3 2 61 1
3 4 59 11
3 5 51 23
3 6 1 3
3 7 3 20
3 8 59 1
3 10 156 1
3 14 45 1
3 16 105 3
3 17 1 28
3 20 1 26
3 24 48 18
4 0 300 1
4 1 4 8
4 2 6 6
4 5 46 1
4 6 52 1
4 7 18 3
4 8 104 23
4 9 8 18
4 10 2 12
4 11 59 1
4 12 152 2
4 16 145 1
4 17 1 14
4 18 8 6
4 20 2 13
4 24 1 7
4 27 72 13
5 0 207 1
5 1 78 1
5 3 98 1
5 4 111 1
5 6 8 22
5 7 1 5
5 8 7 23
5 9 2 27
5 10 32 1
5 16 27 12
5 24 117 1
6 1 310 1
6 2 1 5
6 3 56 8
6 4 1 1
6 5 96 9
6 7 64 1
6 8 342 1
6 10 216 1
6 11 70 6
6 12 127 1
6 14 2 13
6 15 8 1
6 16 14 1
6 17 41 3
6 18 92 1
6 23 1 21
6 25 4 5
7 0 11 13
7 2 25 1
7 3 147 1
7 4 50 28
7 5 57 17
7 6 76 1
7 8 6 12
7 10 107 1
7 11 150 1
7 13 6 26
7 14 2 24
7 18 126 4
7 20 1 21
7 21 54 2
7 22 26 9
7 23 1 6
7 25 1 12
8 0 46 3
8 1 174 1
8 2 136 1
8 3 3 8
8 4 1 29
8 5 251 1
8 6 163 1
8 7 147 22
8 9 57 1
8 10 6 19
8 11 162 1
8 12 3 12
8 14 124 16
8 15 1 6
8 16 156 1
8 17 27 8
8 18 45 3
8 19 79 1
8 20 213 1
8 21 19 8
8 22 23 1
8 24 33 1
8 25 1 12
9 0 51 1
9 1 1 16
9 4 24 23
9 5 180 1
9 6 127 1
9 7 204 3
9 8 10 7
9 10 419 1
9 11 53 10
9 12 34 1
9 15 100 4
9 17 40 1
9 18 69 1
9 24 3 7
9 25 1 12
9 26 3 25
10 0 1 11
10 1 166 2
10 2 49 1
10 3 102 1
10 4 1 3
10 5 38 1
10 6 3 21
10 7 51 14
10 8 14 14
10 9 12 10
10 11 6 20
10 12 2 27
10 13 1 14
10 14 2 1
10 19 1 5
10 20 33 3
11 1 50 26
11 2 161 1
11 4 16 14
11 6 46 1
11 7 10 7
11 8 2 25
11 9 1 8
11 10 358 1
11 14 1 7
11 15 303 1
11 17 1 1
11 19 1 4
11 21 12 1
11 23 186 2
11 25 173 1
11 26 2 29
12 6 235 1
12 9 6 1
12 10 5 4
12 11 19 11
12 13 6 17
12 14 140 1
12 18 52 1
12 21 41 4
12 25 23 1
13 3 1 2
13 5 23 4
13 6 1 16
13 7 103 6
13 8 22 3
13 9 13 26
13 12 36 2
13 14 3 18
13 21 5 6
13 25 1 12
14 1 9 1
14 4 4 5
14 6 2 28
14 7 12 5
14 10 4 21
14 11 60 1
14 12 57 1
14 15 7 19
14 22 1 22
15 5 11 5
15 6 13 28
15 8 149 1
15 10 22 2
15 11 4 10
15 12 1 25
15 13 12 9
15 14 14 18
16 0 75 1
16 1 95 1
16 3 44 1
16 4 5 6
16 5 91 1
16 7 1 17
16 8 191 1
16 12 68 12
16 15 35 29
16 18 1 29
16 24 84 1
17 0 28 1
17 1 155 1
17 2 7 1
17 4 10 23
17 5 109 2
17 6 26 1
17 8 279 2
17 12 8 7
17 14 2 16
17 15 1 29
17 16 1 22
17 18 52 1
17 19 24 1
17 20 32 1
17 21 2 9
18 0 99 3
18 2 5 10
18 4 24 2
18 6 21 1
18 8 1 8
18 10 85 1
18 12 3 16
18 16 1 19
18 17 1 16
19 0 2 27
19 1 137 1
19 8 15 1
19 9 4 20
19 10 10 1
19 17 33 1
19 20 3 1
20 1 20 2
20 2 1 19
20 3 2 12
20 4 63 1
20 6 1 3
20 8 18 18
20 11 126 29
20 12 45 6
20 17 2 19
20 19 1 27
20 22 1 10
20 23 17 12
20 24 2 3
21 10 82 29
22 4 1 21
22 7 1 19
22 10 1 6
22 12 1 4
23 0 1 28
23 2 7 23
23 3 24 6
23 4 3 23
23 5 6 1
23 6 1 22
23 8 1 7
23 11 1 5
23 21 12 26
23 22 2 1
23 24 1 9
24 0 11 10
24 1 48 21
24 3 143 1
24 5 9 5
24 6 1 5
24 8 72 24
24 9 1 20
24 10 1 23
24 11 2 28
24 14 1 26
24 15 3 13
24 16 27 15
24 23 1 6
25 1 17 13
25 2 1 5
25 5 1 8
25 8 6 22
25 10 1 19
25 11 49 6
25 12 1 22
25 15 5 16
25 24 3 21
26 0 33 2
26 7 79 2
26 8 30 1
26 10 1 28
26 22 5 8
26 24 7 3
26 25 24 8
27 0 6 6
27 1 47 4
27 6 1 13
27 7 13 9
27 11 93 1
27 18 1 5
27 19 1 6
27 25 43 5
27 26 5 17
