0 1 144 3
0 2 47 1
0 3 68 12
0 4 196 1
0 5 39 1
0 6 2 15
0 7 222 1
0 8 3 24
0 9 1 24
0 10 77 1
0 11 1 18
0 16 114 11
0 18 123 2
0 19 40 1
0 20 107 1
0 24 315 1
1 0 141 1
1 2 119 1
1 3 2 24
1 4 3 18
1 5 146 1
1 6 8 29
1 7 2 20
1 8 1 27
1 10 337 1
1 11 2 17
1 12 1 21
1 15 2 18
1 16 83 1
1 17 294 16
1 24 85 1
1 27 83 5
2 0 195 1
2 1 2 10
2 3 88 1
2 4 2 5
2 5 1 10
2 6 245 1
2 7 8 27
2 8 2 17
2 9 70 1
2 10 1 26
2 11 1 18
2 15 11 17
2 17 22 1
2 20 33 1
3 0 282 1
3 1 93 1
3 2 58 1
3 4 6 7
3 5 312 1
3 6 1 5
3 7 3 6
3 8 40 1
3 10 145 1
3 15 1 24
3 16 316 7
3 17 30 11
3 18 25 1
3 20 2 25
3 24 70 1
4 0 287 1
4 1 19 28
4 5 116 9
4 6 33 1
4 8 4 9
4 9 25 27
4 10 266 25
4 12 145 2
4 14 77 2
4 15 6 26
4 16 139 1
4 17 3 28
4 18 21 9
4 19 1 29
4 24 20 13
4 25 36 4
4 27 72 1
5 0 70 1
5 1 257 1
5 3 28 6
5 4 328 1
5 6 14 12
5 7 2 7
5 8 121 1
5 9 7 11
5 10 22 1
5 14 5 12
5 15 1 12
5 16 77 1
5 17 10 2
5 18 1 10
5 22 17 1
5 24 251 1
5 26 4 17
6 0 9 27
6 1 306 1
6 2 23 18
6 3 24 6
6 5 17 10
6 7 46 1
6 8 223 1
6 10 230 1
6 11 1 17
6 12 116 1
6 13 33 4
6 15 1 9
6 17 37 2
6 21 1 15
6 23 3 5
7 0 1 25
7 1 2 11
7 2 15 1
7 3 96 1
7 5 8 5
7 6 57 1
7 8 295 21
7 9 11 1
7 10 32 1
7 11 114 1
7 12 34 1
7 14 2 12
7 19 1 24
7 20 1 24
7 21 2 2
7 24 1 12
7 26 7 26
8 0 3 22
8 1 245 1
8 2 90 1
8 3 117 1
8 5 293 1
8 6 346 1
8 7 5 8
8 9 40 1
8 10 16 7
8 11 314 1
8 13 64 2
8 14 1 23
8 15 2 13
8 16 36 1
8 17 42 22
8 18 41 2
8 23 1 9
8 24 11 22
8 25 23 19
9 0 46 1
9 2 16 1
9 4 2 28
9 5 118 1
9 6 33 1
9 7 1 3
9 8 2 27
9 10 199 1
9 11 4 22
9 12 21 1
9 14 1 24
9 15 97 1
9 16 86 1
9 17 36 1
9 18 64 2
9 23 1 29
10 0 1 1
10 1 154 1
10 2 39 1
10 3 100 1
10 4 13 23
10 5 27 1
10 6 2 5
10 7 52 25
10 8 44 2
10 9 42 3
10 11 6 24
10 12 1 27
10 13 2 14
10 14 2 5
10 15 23 1
10 17 1 3
10 20 30 5
10 22 4 24
10 24 51 2
11 0 195 2
11 1 2 8
11 4 17 17
11 6 37 1
11 7 30 6
11 8 1 15
11 10 233 1
11 12 181 3
11 14 2 10
11 15 236 1
11 19 21 15
11 20 1 10
11 21 10 1
11 22 1 28
11 23 178 1
11 24 7 22
11 25 159 1
11 26 1 22
12 3 70 1
12 4 242 1
12 5 14 3
12 6 226 1
12 8 29 9
12 9 1 1
12 10 3 1
12 11 1 20
12 13 1 25
12 14 136 1
12 15 85 1
12 20 92 3
12 25 22 1
13 1 2 28
13 7 1 27
13 8 2 8
13 9 4 13
13 10 1 7
13 14 11 16
13 20 53 12
14 0 5 3
14 6 13 12
14 8 45 1
14 9 24 10
14 10 15 25
14 11 148 16
14 12 84 3
14 15 27 1
14 16 1 15
14 18 29 2
14 19 2 26
14 23 13 1
15 1 70 1
15 4 23 1
15 8 14 1
15 10 15 1
15 11 49 1
15 12 48 13
15 14 1 4
15 23 9 1
16 0 54 1
16 1 59 1
16 3 171 1
16 4 30 25
16 5 99 1
16 8 19 1
16 9 44 1
16 10 3 13
16 18 78 20
16 24 172 8
16 26 30 20
17 0 22 1
17 1 125 1
17 4 2 12
17 5 104 3
17 7 1 11
17 9 176 10
17 10 74 4
17 11 63 2
17 12 8 14
17 15 8 10
17 16 1 26
17 18 47 2
17 26 32 1
18 0 95 3
18 2 6 3
18 3 1 26
18 4 14 1
18 6 17 3
18 8 91 25
18 11 39 1
18 16 9 27
18 17 2 26
18 24 1 25
19 0 1 28
19 1 131 1
19 3 1 23
19 4 25 4
19 5 1 10
19 8 13 1
19 10 3 3
19 12 4 7
19 14 7 18
19 24 19 5
19 26 10 11
20 0 1 13
20 1 15 1
20 2 65 12
20 3 9 5
20 6 3 28
20 7 1 4
20 9 2 5
20 12 44 2
20 19 4 23
20 25 25 6
20 27 1 16
21 4 3 28
21 5 12 1
21 11 91 1
21 12 2 4
22 11 50 3
22 14 9 1
22 18 2 14
22 25 14 4
22 26 18 13
23 1 55 5
23 6 2 22
23 26 1 10
24 0 22 15
24 1 127 1
24 3 101 1
24 5 99 13
24 6 1 14
24 7 64 1
24 8 220 1
24 10 6 8
24 11 1 5
24 12 51 9
24 16 68 1
24 17 40 4
25 0 56 2
25 7 11 9
25 8 1 24
25 10 1 28
25 11 20 1
25 12 1 25
25 15 17 22
26 0 32 2
26 1 1 17
26 7 77 1
26 8 28 1
26 10 4 17
26 12 45 16
26 24 6 4
26 27 38 3
27 0 1 20
27 1 46 1
27 6 4 2
27 7 1 14
27 11 85 1
27 26 2 8
