0 1 166 1
0 2 172 1
0 3 43 25
0 4 182 1
0 5 218 1
0 6 2 13
0 7 206 1
0 8 210 1
0 9 1 5
0 10 71 1
0 13 1 21
0 15 50 3
0 16 16 1
0 17 145 1
0 19 28 1
0 21 50 2
0 24 127 1
1 0 34 1
1 2 71 1
1 3 153 1
1 4 151 18
1 5 64 5
1 6 322 10
1 7 20 25
1 8 89 2
1 9 221 1
1 10 329 2
1 15 2 15
1 16 102 1
1 17 2 24
1 20 1 28
1 21 64 7
1 24 33 1
1 26 37 1
2 0 5 1
2 1 5 27
2 3 119 1
2 4 2 18
2 6 227 1
2 7 1 8
2 8 2 15
2 10 1 21
2 11 7 20
2 12 72 6
2 16 67 1
2 17 161 2
2 19 3 15
2 20 29 1
2 27 3 10
3 0 163 1
3 1 97 1
3 2 22 3
3 4 1 20
3 5 28 6
3 6 1 28
3 7 13 10
3 8 216 1
3 9 15 1
3 10 135 1
3 11 1 14
3 12 1 20
3 16 228 1
3 17 5 11
3 20 8 3
3 24 51 1
3 25 1 1
3 26 29 1
4 0 275 1
4 1 12 18
4 5 109 1
4 6 19 1
4 7 11 2
4 8 106 1
4 9 2 25
4 11 50 3
4 12 139 1
4 13 24 3
4 16 133 2
4 18 4 17
4 19 1 18
4 20 36 2
4 24 20 26
4 25 34 4
5 0 71 1
5 1 67 1
5 2 1 14
5 3 73 1
5 4 88 1
5 6 83 2
5 7 17 27
5 8 113 1
5 9 31 1
5 10 14 2
5 11 161 2
5 14 1 16
5 16 144 1
5 17 12 29
5 18 55 11
5 24 154 1
6 0 1 2
6 1 295 25
6 2 51 15
6 3 13 25
6 4 346 1
6 5 14 17
6 7 33 1
6 8 274 1
6 9 3 8
6 10 193 1
6 11 61 20
6 13 31 1
6 14 1 29
6 15 15 18
6 16 11 1
6 18 80 2
6 19 126 1
6 22 70 1
6 24 1 14
7 0 7 29
7 1 2 21
7 2 119 1
7 3 53 1
7 5 1 8
7 6 42 1
7 8 4 11
7 10 9 1
7 11 45 1
7 12 31 2
7 14 1 3
7 15 1 27
7 16 6 29
7 18 121 3
7 19 2 10
7 20 1 22
7 21 55 29
7 22 24 2
7 23 1 27
7 25 1 26
7 26 2 16
8 0 54 2
8 1 12 14
8 2 54 1
8 3 147 1
8 4 1 2
8 5 135 1
8 6 117 15
8 7 5 3
8 9 27 1
8 10 62 12
8 11 10 1
8 12 244 26
8 14 3 7
8 15 20 18
8 16 165 4
8 17 5 29
8 18 37 1
8 19 73 2
8 20 203 1
8 24 55 1
8 25 2 21
9 0 41 1
9 1 1 26
9 2 6 20
9 4 1 21
9 5 62 1
9 6 115 1
9 7 2 10
9 8 1 28
9 10 189 1
9 11 1 2
9 12 11 2
9 14 1 16
9 16 84 1
9 17 32 2
9 19 6 26
9 20 11 4
9 22 1 7
9 26 9 27
9 27 2 16
10 0 25 15
10 1 143 1
10 2 67 1
10 3 58 1
10 4 2 11
10 5 18 1
10 6 26 5
10 7 1 2
10 8 22 3
10 9 5 10
10 11 3 13
10 12 3 8
10 13 1 16
10 14 3 28
10 15 16 1
10 16 4 24
10 17 2 11
10 19 1 29
10 23 87 3
10 24 163 2
10 25 1 17
11 1 7 20
11 2 143 1
11 3 2 15
11 4 6 26
11 7 5 12
11 8 36 9
11 10 199 1
11 13 11 1
11 14 51 7
11 15 46 1
11 16 82 3
11 17 5 24
11 19 113 3
11 23 169 1
11 24 3 10
11 25 175 1
11 26 17 23
12 1 201 4
12 2 75 3
12 5 5 19
12 8 248 11
12 9 1 5
12 11 2 11
12 13 4 21
12 19 2 3
12 21 35 1
12 22 106 1
13 4 33 2
13 8 2 5
13 9 5 7
13 10 3 2
13 11 15 1
13 12 20 1
13 14 1 10
13 15 6 5
14 1 6 4
14 2 8 5
14 7 7 2
14 8 37 1
14 9 1 28
14 10 6 7
14 11 37 1
14 13 1 18
14 15 23 1
14 17 1 12
15 0 1 11
15 2 5 29
15 3 14 28
15 8 141 1
15 10 9 1
15 11 390 1
15 12 49 23
15 13 9 1
15 14 8 2
15 23 8 1
16 0 99 1
16 1 128 1
16 3 59 1
16 5 80 1
16 7 22 6
16 8 45 2
16 9 42 2
16 10 3 12
16 13 13 4
16 24 68 1
17 1 99 1
17 2 2 1
17 4 1 20
17 7 1 20
17 9 5 22
17 10 5 24
17 11 60 3
17 13 63 3
17 14 1 23
17 16 1 29
18 4 7 1
18 6 14 2
18 8 8 27
18 13 34 10
18 14 1 19
18 15 1 28
18 16 11 2
18 19 1 26
18 24 1 9
19 0 3 9
19 1 124 1
19 2 2 11
19 9 68 28
19 10 9 1
19 12 1 23
19 20 1 19
20 0 21 1
20 1 9 1
20 3 1 24
20 5 105 26
20 6 1 16
20 17 4 21
20 19 3 13
20 24 1 20
22 2 7 12
22 3 7 10
22 6 1 18
22 12 1 5
22 13 7 29
22 21 1 16
22 26 18 21
23 1 54 1
23 2 1 24
23 5 2 22
23 7 16 23
23 13 2 4
23 15 2 13
23 22 2 23
23 25 14 7
24 0 121 1
24 1 42 1
24 3 75 1
24 5 94 1
24 7 128 1
24 8 4 15
24 9 9 7
24 10 3 16
24 11 1 10
24 16 44 1
24 21 1 3
24 23 3 3
24 25 3 10
25 2 2 5
25 5 2 28
25 7 5 22
25 8 1 13
25 9 40 1
25 10 1 24
25 11 166 1
25 12 20 17
25 20 18 5
25 21 15 18
26 4 64 5
26 6 1 17
26 17 1 20
26 18 33 11
26 19 5 11
26 21 1 6
26 27 40 1
27 3 1 29
27 4 1 17
27 5 3 2
27 7 1 25
27 9 2 13
27 10 109 2
27 11 77 2
27 22 2 1
27 23 13 7
27 26 5 5
