0 1 67 1
0 2 80 1
0 3 44 1
0 4 72 1
0 5 129 1
0 6 11 3
0 7 79 1
0 8 154 1
0 9 17 12
0 10 29 1
0 11 1 10
0 12 79 2
0 15 30 1
0 16 25 1
0 17 61 1
0 18 92 1
0 19 1 28
0 20 39 1
0 21 46 8
0 23 59 2
0 24 124 1
1 0 313 1
1 2 13 17
1 3 276 1
1 4 2 26
1 5 102 1
1 6 197 10
1 7 69 22
1 8 49 1
1 9 119 1
1 10 247 1
1 11 1 28
1 13 2 1
1 16 94 1
1 17 212 1
1 24 90 1
1 25 21 2
2 0 66 1
2 1 4 17
2 3 4 16
2 4 1 28
2 6 70 1
2 7 130 2
2 8 251 1
2 10 6 29
2 17 114 1
2 20 4 3
2 21 13 2
3 0 187 1
3 1 152 1
3 2 9 22
3 5 148 1
3 6 6 1
3 7 245 1
3 8 30 1
3 10 57 2
3 11 7 14
3 16 31 1
3 17 54 3
3 19 2 22
3 20 4 19
3 21 21 17
3 24 68 1
3 25 58 5
3 27 5 6
4 0 158 1
4 1 3 7
4 3 3 5
4 5 30 1
4 6 7 28
4 8 316 1
4 9 342 5
4 11 20 2
4 12 83 1
4 13 12 2
4 14 49 1
4 15 1 28
4 16 85 1
4 17 1 24
4 18 1 4
4 19 1 11
4 23 4 25
4 24 1 21
5 0 8 23
5 1 35 1
5 2 3 27
5 3 94 1
5 4 65 1
5 6 84 11
5 7 48 13
5 8 209 1
5 9 25 6
5 10 3 8
5 12 1 22
5 15 31 24
5 16 34 4
5 17 145 3
5 18 1 16
5 24 73 1
6 0 2 16
6 1 203 1
6 2 1 3
6 3 1 13
6 4 219 1
6 5 83 1
6 7 1 6
6 8 14 25
6 9 50 4
6 10 24 1
6 11 3 22
6 13 10 2
6 14 11 26
6 17 9 1
6 19 110 1
6 21 3 20
6 24 2 7
7 0 210 1
7 1 1 3
7 2 10 2
7 3 1 7
7 4 14 27
7 5 3 15
7 8 404 1
7 9 108 2
7 10 341 1
7 11 63 23
7 14 1 14
7 15 2 14
7 16 1 1
7 19 31 24
7 20 1 6
7 21 1 13
7 22 105 3
7 23 8 4
7 24 1 12
7 25 141 1
7 26 1 18
7 27 4 15
8 0 106 11
8 1 87 1
8 2 8 10
8 3 131 1
8 4 7 3
8 5 12 1
8 6 41 4
8 7 9 8
8 9 2 19
8 10 226 1
8 11 48 1
8 12 33 18
8 14 76 4
8 15 1 1
8 16 145 1
8 17 1 14
8 20 155 2
8 21 9 11
8 24 18 2
9 1 10 25
9 3 35 29
9 4 292 1
9 5 7 5
9 6 247 1
9 7 79 6
9 10 238 1
9 11 54 28
9 12 2 11
9 13 6 3
9 14 2 20
9 15 63 3
9 20 3 3
10 1 57 1
10 2 11 1
10 3 136 1
10 5 1 10
10 6 1 1
10 7 79 6
10 8 4 8
10 9 10 28
10 11 2 17
10 12 71 1
10 14 13 11
10 17 1 28
10 20 10 1
10 22 2 1
10 24 120 2
10 25 15 9
10 27 148 2
11 0 111 2
11 1 58 22
11 3 279 1
11 4 2 2
11 5 155 2
11 7 124 1
11 8 6 6
11 10 135 1
11 12 142 1
11 14 53 11
11 15 3 28
11 17 35 27
11 18 5 24
11 20 9 11
11 22 1 1
11 23 85 1
11 24 4 1
11 25 25 1
11 26 4 15
11 27 8 17
12 0 4 4
12 1 180 3
12 2 58 6
12 3 53 1
12 5 1 1
12 6 133 1
12 8 235 2
12 9 440 1
12 10 4 6
12 13 1 21
12 14 84 1
12 15 56 1
12 16 70 2
12 18 31 1
12 27 62 1
13 5 16 1
13 6 12 5
13 10 11 24
13 11 185 1
13 17 2 11
14 4 3 28
14 7 195 2
14 9 5 21
14 10 12 5
14 11 40 1
14 13 2 1
14 15 1 7
14 18 21 9
14 20 21 27
14 23 2 2
14 25 1 9
15 0 1 23
15 1 46 5
15 4 10 2
15 5 3 21
15 6 11 1
15 7 1 6
15 8 100 2
15 9 98 1
15 11 54 1
15 14 86 1
15 16 4 10
15 20 1 2
15 23 9 3
15 25 27 1
16 0 47 1
16 1 70 1
16 3 179 1
16 4 3 29
16 5 170 1
16 7 1 4
16 8 175 1
16 17 17 22
16 18 21 2
16 20 1 16
16 21 1 15
16 24 29 1
17 3 2 23
17 4 4 29
17 5 61 2
17 10 1 6
17 13 56 11
17 14 19 6
17 15 2 24
17 16 7 24
17 18 12 4
17 19 7 1
17 20 11 7
17 24 71 1
17 27 10 24
18 1 199 1
18 3 1 11
18 4 3 13
18 5 2 4
18 7 131 1
18 10 50 1
18 14 1 12
18 15 4 28
18 16 1 16
18 17 10 17
18 19 4 3
18 20 81 7
19 0 102 2
19 4 7 1
19 7 1 12
19 18 22 18
19 20 55 11
19 24 19 5
20 0 14 1
20 1 98 1
20 2 2 5
20 3 3 25
20 4 32 1
20 8 2 25
20 9 6 16
20 11 1 28
20 12 32 3
20 19 2 6
20 23 10 7
21 2 6 17
21 4 7 29
21 9 19 2
21 10 76 27
21 12 5 5
21 15 14 3
22 2 5 1
22 7 16 16
22 13 3 5
22 21 4 22
22 25 14 6
22 27 3 29
23 0 2 20
23 1 42 6
23 6 1 25
23 7 25 1
23 11 7 27
23 12 1 29
23 20 32 1
24 0 143 1
24 1 48 1
24 3 143 1
24 5 35 1
24 7 95 1
24 8 18 1
24 10 1 3
24 11 1 2
24 14 1 14
24 17 30 1
24 18 12 12
24 23 49 2
24 26 5 25
25 2 26 2
25 3 36 11
25 5 8 4
25 7 23 17
25 9 21 2
25 10 25 22
25 11 2 1
25 24 2 13
26 0 24 1
26 1 1 28
26 6 1 21
26 7 52 1
26 10 2 11
26 13 2 10
26 17 63 26
26 23 17 3
26 25 1 24
26 27 1 7
27 6 1 24
27 7 6 26
27 9 1 10
27 10 83 3
27 11 24 1
27 13 1 28
27 25 48 1
27 26 56 4
