0 1 27 17
0 2 40 1
0 3 25 24
0 4 39 1
0 5 19 22
0 6 187 9
0 7 42 1
0 8 17 12
0 9 2 7
0 11 6 19
0 15 23 7
0 16 111 27
0 17 36 1
0 18 80 1
0 19 1 21
0 20 19 1
0 24 90 2
0 25 12 15
1 0 50 11
1 2 22 8
1 3 222 29
1 4 2 17
1 5 20 5
1 6 360 1
1 7 9 18
1 8 20 2
1 9 82 1
1 10 209 1
1 15 23 3
1 16 29 15
1 17 138 1
1 19 2 16
1 20 7 16
1 24 18 25
2 0 29 1
2 1 1 11
2 3 3 1
2 4 2 10
2 5 77 1
2 6 27 1
2 7 169 1
2 8 142 1
2 9 130 2
2 16 50 1
2 17 87 2
2 22 10 3
3 0 44 24
3 1 20 11
3 2 84 4
3 5 28 29
3 6 1 12
3 7 225 1
3 8 40 7
3 10 33 2
3 11 9 4
3 12 3 17
3 15 50 2
3 16 18 19
3 17 64 15
3 18 7 6
3 19 3 29
3 22 1 27
3 24 18 23
3 27 5 6
4 0 114 1
4 1 171 1
4 2 200 2
4 3 1 14
4 6 6 20
4 7 1 22
4 8 47 1
4 9 322 1
4 11 11 3
4 12 63 2
4 14 40 2
4 17 1 17
4 18 54 4
4 19 1 29
4 25 18 2
5 0 47 12
5 1 339 14
5 2 2 29
5 3 18 22
5 4 4 1
5 6 47 1
5 7 1 7
5 8 234 17
5 9 238 1
5 10 1 12
5 11 89 1
5 12 4 23
5 14 6 9
5 16 51 21
5 18 87 26
5 22 12 1
5 24 33 9
6 0 182 1
6 1 153 1
6 2 2 15
6 3 2 11
6 4 134 1
6 5 7 14
6 7 4 6
6 8 21 26
6 9 20 11
6 10 18 1
6 11 146 14
6 17 217 1
6 19 102 1
6 20 186 2
6 22 49 1
6 23 5 2
6 24 1 12
6 25 1 24
7 0 187 1
7 1 17 22
7 3 5 17
7 4 1 19
7 5 126 27
7 6 1 24
7 8 246 1
7 10 310 1
7 11 21 7
7 12 5 2
7 14 106 1
7 15 2 16
7 16 4 1
7 20 1 8
7 22 110 4
7 24 2 14
7 25 117 1
7 26 1 7
8 0 32 13
8 1 17 14
8 2 31 20
8 3 31 11
8 4 71 5
8 5 253 27
8 6 40 23
8 7 236 13
8 9 13 5
8 10 149 1
8 11 206 1
8 14 58 1
8 15 1 16
8 16 98 4
8 17 5 10
8 19 38 1
8 20 136 1
8 24 18 12
8 27 1 6
9 1 3 13
9 4 281 20
9 5 4 28
9 6 98 1
9 7 2 1
9 8 77 1
9 10 101 1
9 11 1 9
9 12 9 23
9 14 1 17
9 17 4 8
9 22 1 22
9 24 49 12
9 26 41 4
10 3 116 1
10 4 36 15
10 5 8 22
10 6 14 1
10 8 360 25
10 9 2 2
10 11 7 26
10 12 2 18
10 14 1 2
10 15 4 2
10 17 17 21
10 20 5 5
10 22 1 4
10 23 119 1
10 24 102 1
10 25 3 17
11 0 84 1
11 1 2 8
11 2 43 1
11 3 231 1
11 7 221 1
11 8 130 10
11 9 10 12
11 10 56 1
11 13 1 27
11 14 4 9
11 15 4 8
11 16 64 1
11 17 2 28
11 20 2 21
11 22 4 19
11 23 56 2
11 24 329 1
11 25 10 1
11 26 84 12
11 27 3 18
12 0 1 4
12 2 51 1
12 3 46 7
12 4 186 1
12 5 166 2
12 6 101 2
12 8 12 2
12 9 404 1
12 10 1 5
12 14 65 2
12 15 46 1
12 18 25 2
12 27 61 4
13 4 15 1
13 6 1 7
13 7 164 3
13 8 1 19
13 10 2 25
13 11 161 2
13 20 63 1
13 22 1 22
14 5 1 18
14 6 122 2
14 7 168 1
14 9 3 3
14 10 2 6
14 11 9 1
14 13 23 2
14 15 10 2
14 17 5 3
14 20 3 27
15 2 27 26
15 3 7 26
15 6 121 4
15 7 1 10
15 8 79 2
15 10 1 18
15 11 1 21
15 12 46 25
15 14 55 1
15 16 9 12
16 0 19 1
16 1 55 19
16 2 2 12
16 3 18 11
16 5 35 13
16 7 1 5
16 8 18 23
16 9 21 2
16 13 10 4
16 14 7 6
16 17 13 22
16 18 164 1
16 19 1 29
16 24 18 14
17 0 2 15
17 1 3 11
17 2 1 12
17 3 1 14
17 5 47 3
17 6 1 2
17 8 193 2
17 12 149 3
17 13 53 12
17 14 1 23
17 16 80 18
17 21 1 10
17 22 4 3
17 24 68 2
18 1 179 1
18 2 19 23
18 4 3 21
18 9 1 28
18 11 17 9
18 16 2 19
18 21 1 2
18 26 32 5
19 0 162 1
19 5 1 22
19 7 1 21
19 9 70 11
19 11 1 7
19 20 74 6
19 24 19 1
20 0 281 1
20 1 79 1
20 7 4 17
20 8 151 21
20 9 67 13
20 11 9 19
20 12 28 2
20 16 26 10
20 17 11 22
20 18 1 4
20 19 5 7
21 1 10 26
21 9 15 5
21 12 9 29
21 16 4 8
21 23 2 14
21 27 1 18
22 4 2 28
22 9 54 4
22 10 1 23
22 11 81 2
22 16 8 17
22 17 1 9
22 21 12 5
23 0 22 16
23 5 1 21
23 6 20 29
23 7 10 3
23 9 1 16
23 10 3 18
23 11 1 8
23 19 1 20
23 27 2 9
24 0 83 8
24 1 47 6
24 3 18 9
24 5 55 8
24 6 2 20
24 7 8 1
24 8 38 11
24 9 1 24
24 10 1 21
24 11 10 26
24 16 26 8
24 17 26 1
24 18 11 3
24 19 1 17
24 20 7 10
24 22 24 5
25 0 28 4
25 3 3 7
25 6 2 20
25 7 1 18
25 8 99 26
25 10 22 2
25 11 5 2
25 13 4 11
25 15 28 29
25 17 81 13
25 24 1 23
25 27 59 3
26 5 1 25
26 7 44 3
26 10 1 25
26 12 6 28
26 15 1 22
26 18 1 1
27 4 4 11
27 14 1 2
27 16 21 4
27 25 31 2
27 26 59 4
