0 1 19 23
0 2 30 1
0 3 43 11
0 4 31 2
0 5 14 21
0 6 1 21
0 7 33 1
0 8 84 25
0 9 2 4
0 13 1 21
0 14 3 16
0 15 21 6
0 16 31 16
0 18 76 4
0 19 1 8
0 20 12 1
0 24 15 7
0 25 3 3
1 0 12 18
1 2 20 2
1 3 46 8
1 4 2 12
1 5 15 18
1 6 126 1
1 7 2 12
1 8 17 8
1 9 72 1
1 11 1 8
1 15 1 25
1 16 98 22
1 17 208 1
1 23 54 20
1 24 32 29
1 25 2 4
2 1 10 18
2 3 21 16
2 4 1 8
2 5 74 1
2 7 159 1
2 8 134 1
2 10 1 11
2 12 59 4
2 17 79 1
2 23 1 4
2 24 3 25
3 0 25 27
3 1 16 5
3 2 19 13
3 5 35 1
3 6 1 8
3 7 193 1
3 8 31 29
3 10 27 1
3 11 2 23
3 14 27 2
3 16 14 5
3 18 6 6
3 21 21 8
3 24 14 14
3 25 54 1
4 0 101 1
4 1 115 1
4 2 46 1
4 3 5 8
4 6 14 11
4 8 284 1
4 9 82 1
4 10 29 3
4 11 9 5
4 12 57 2
4 13 8 1
4 16 62 1
4 17 1 23
4 18 2 5
4 24 1 21
4 26 11 2
5 0 76 5
5 1 14 1
5 2 5 28
5 3 14 22
5 7 118 28
5 8 18 1
5 9 155 1
5 10 2 16
5 12 1 27
5 14 1 7
5 15 7 8
5 16 14 2
5 17 168 6
5 24 14 12
6 0 1 13
6 1 110 1
6 2 1 13
6 3 3 2
6 4 114 1
6 5 23 23
6 7 4 1
6 8 41 14
6 9 134 1
6 12 14 1
6 14 1 1
6 15 50 6
6 17 208 2
6 19 99 2
6 20 183 1
6 21 2 19
6 23 57 20
7 0 193 1
7 1 1 26
7 2 1 13
7 3 33 11
7 4 20 9
7 5 1 11
7 6 2 18
7 8 318 1
7 9 92 1
7 10 289 1
7 11 8 23
7 13 1 8
7 14 105 2
7 15 1 12
7 17 1 15
7 25 119 1
7 26 16 9
8 0 55 2
8 1 13 15
8 2 70 1
8 3 15 27
8 4 2 11
8 5 50 5
8 6 273 28
8 7 234 1
8 9 2 18
8 10 265 1
8 11 183 1
8 12 231 1
8 14 200 1
8 16 113 28
8 18 3 8
8 20 130 1
8 24 14 6
8 27 19 4
9 0 3 4
9 1 5 29
9 2 113 3
9 4 136 1
9 5 4 23
9 6 64 1
9 8 64 1
9 10 62 1
9 11 129 10
9 12 2 13
9 14 9 6
9 16 59 1
9 19 12 11
9 25 2 10
9 26 1 7
10 0 1 4
10 1 26 1
10 3 106 1
10 5 1 19
10 6 410 1
10 7 2 2
10 8 37 1
10 11 9 15
10 14 1 29
10 16 1 26
10 17 2 3
10 18 52 1
10 19 116 14
10 22 1 6
10 24 97 1
10 25 19 1
11 0 76 2
11 1 1 28
11 3 215 1
11 5 130 1
11 6 1 14
11 7 107 5
11 8 4 16
11 9 1 2
11 10 25 27
11 12 122 1
11 13 2 15
11 14 1 13
11 15 12 12
11 16 62 5
11 17 1 24
11 20 6 5
11 23 48 1
11 24 311 1
11 25 1 2
11 27 15 7
12 1 165 1
12 2 49 3
12 3 45 1
12 4 180 1
12 6 92 1
12 7 1 17
12 8 223 2
12 9 385 1
12 10 3 20
12 11 1 17
12 13 9 5
12 14 60 1
12 15 43 1
12 18 23 2
12 22 73 2
12 26 44 5
13 1 4 19
13 5 12 13
13 7 7 7
13 8 1 26
13 9 1 25
13 10 2 28
13 11 154 1
13 12 1 18
13 14 4 1
13 17 2 7
13 19 5 2
13 22 3 21
13 23 1 10
14 4 3 12
14 7 159 1
14 9 61 14
14 10 5 19
14 11 4 2
14 12 39 1
14 15 6 11
14 20 2 5
14 25 4 27
15 0 3 19
15 1 36 1
15 3 37 3
15 7 1 11
15 8 73 1
15 9 83 3
15 10 2 2
15 11 2 24
15 14 41 1
15 16 1 19
15 21 1 1
15 24 21 4
16 0 83 13
16 1 34 13
16 2 1 26
16 3 14 11
16 5 50 21
16 7 2 27
16 8 14 10
16 10 134 9
16 15 1 28
16 17 2 18
16 18 59 1
16 20 85 23
16 21 1 4
16 24 30 2
17 1 2 8
17 2 1 27
17 3 1 9
17 4 1 5
17 5 43 1
17 6 2 19
17 7 19 3
17 8 186 1
17 14 3 12
17 15 3 6
17 16 1 25
17 18 4 1
17 24 67 6
18 1 173 1
18 4 14 24
18 8 1 19
18 16 3 27
18 19 15 4
18 20 77 1
19 0 159 1
19 3 3 22
19 6 1 19
19 10 107 2
19 11 1 13
19 20 4 24
19 22 1 23
20 0 271 1
20 1 73 1
20 2 4 28
20 3 2 16
20 7 2 29
20 8 2 3
20 9 67 25
20 11 159 16
20 17 1 17
20 19 47 9
20 27 1 26
21 4 1 9
21 12 71 26
21 20 1 7
22 0 65 29
22 1 2 6
22 6 1 7
22 9 53 1
22 10 1 20
22 11 76 1
22 12 18 20
22 14 21 4
22 17 13 23
22 20 46 1
22 27 2 20
23 0 4 6
23 6 1 16
23 9 3 20
23 10 1 25
23 11 2 2
23 14 1 9
23 15 1 28
23 24 6 19
23 25 12 13
24 0 14 21
24 1 49 7
24 3 30 4
24 5 49 28
24 6 3 17
24 7 68 2
24 8 14 22
24 9 2 2
24 11 3 25
24 16 15 1
24 26 1 4
25 0 26 7
25 1 84 2
25 4 2 3
25 5 2 4
25 6 1 9
25 7 1 12
25 8 1 1
25 9 13 5
25 10 5 1
25 11 5 24
25 15 1 20
25 17 81 17
25 20 6 1
25 26 1 19
25 27 55 3
26 2 8 15
26 7 42 1
26 11 7 1
26 21 1 29
27 8 4 1
27 10 70 1
27 16 21 6
27 24 6 2
27 25 27 1
27 26 59 3
