0 1 16 12
0 2 28 1
0 3 68 4
0 4 30 1
0 5 187 24
0 8 11 3
0 9 7 16
0 10 13 1
0 12 67 3
0 16 214 23
0 17 28 2
0 19 1 11
0 24 12 8
0 25 4 24
0 26 6 1
1 0 170 19
1 2 128 23
1 3 13 10
1 5 13 4
1 6 115 1
1 7 1 10
1 8 41 12
1 9 69 2
1 10 195 1
1 16 13 13
1 17 201 1
1 18 176 1
1 19 2 18
1 20 8 27
1 24 12 9
1 26 25 7
2 0 19 1
2 3 5 14
2 4 1 20
2 5 73 1
2 7 62 1
2 8 121 1
2 11 3 13
2 17 78 1
2 18 71 2
2 19 1 15
2 23 18 5
2 27 1 9
3 0 28 1
3 1 14 17
3 4 70 20
3 5 70 27
3 6 8 27
3 7 185 1
3 8 24 6
3 11 34 16
3 16 91 23
3 19 2 7
3 20 3 3
3 24 12 17
3 25 54 1
4 0 99 1
4 1 417 1
4 5 1 29
4 6 34 7
4 7 1 1
4 8 279 1
4 9 78 1
4 10 28 2
4 12 56 2
4 14 37 1
4 16 61 1
4 17 8 19
4 18 2 10
5 0 12 19
5 1 33 19
5 3 25 17
5 6 2 1
5 7 2 4
5 8 120 10
5 9 139 1
5 10 5 16
5 12 1 18
5 14 11 1
5 16 102 5
5 18 1 13
5 21 18 16
5 24 61 3
6 0 3 11
6 1 100 3
6 2 272 13
6 3 18 6
6 4 106 1
6 5 29 16
6 7 24 14
6 8 18 17
6 9 3 7
6 10 4 1
6 11 154 19
6 12 13 1
6 14 1 13
6 15 1 23
6 17 206 1
6 18 18 3
6 19 98 1
6 20 183 2
6 21 4 25
6 27 1 15
7 0 190 1
7 1 2 27
7 3 3 26
7 4 2 11
7 5 14 3
7 6 2 15
7 8 303 1
7 9 90 2
7 10 285 1
7 11 94 22
7 13 49 12
7 14 105 2
7 15 4 8
7 16 100 23
7 18 86 3
7 19 1 25
7 20 2 24
7 21 19 13
7 23 1 7
7 24 20 28
7 25 116 1
7 26 1 17
8 0 12 29
8 1 94 21
8 2 4 17
8 3 13 20
8 4 101 6
8 5 52 26
8 6 170 4
8 7 230 21
8 9 1 25
8 10 243 1
8 11 178 1
8 12 230 1
8 13 7 1
8 14 198 1
8 15 3 9
8 16 12 7
8 17 6 24
8 20 128 2
8 24 12 6
9 1 1 23
9 2 112 1
9 3 110 6
9 4 2 1
9 5 7 17
9 6 57 1
9 7 1 5
9 8 61 1
9 10 54 1
9 12 3 23
9 20 1 1
9 23 64 5
9 24 2 23
10 0 2 23
10 1 24 2
10 3 104 1
10 5 6 2
10 6 206 1
10 7 19 1
10 8 29 4
10 9 156 1
10 11 1 27
10 13 6 5
10 14 5 4
10 15 12 18
10 17 8 16
10 24 95 3
10 25 2 28
10 27 140 3
11 1 1 18
11 2 35 1
11 3 211 1
11 4 1 10
11 5 128 1
11 6 1 1
11 7 9 1
11 8 7 27
11 9 1 13
11 10 48 1
11 12 121 3
11 13 4 24
11 14 1 24
11 15 46 18
11 17 1 26
11 18 134 12
11 19 127 5
11 24 307 1
11 26 1 15
11 27 2 27
12 0 138 4
12 1 164 3
12 2 49 3
12 4 178 2
12 6 90 1
12 8 222 2
12 9 380 1
12 10 5 19
12 11 2 21
12 14 58 2
12 15 42 1
12 21 4 7
12 22 72 1
13 1 5 28
13 6 1 17
13 8 1 16
13 9 29 20
13 10 1 6
13 11 152 1
13 12 8 25
13 14 2 1
13 19 4 8
13 22 1 6
14 5 1 29
14 7 157 1
14 10 3 14
14 12 38 1
14 13 1 13
14 15 1 2
14 17 1 8
14 19 2 23
14 22 1 3
14 27 14 9
15 0 4 21
15 3 36 3
15 7 12 28
15 9 83 1
15 10 1 22
15 11 2 28
15 12 3 22
15 14 38 1
15 16 1 25
15 17 29 3
15 23 1 7
15 27 1 12
16 0 92 28
16 1 51 27
16 3 12 5
16 5 28 23
16 7 53 14
16 8 25 9
16 12 51 3
16 17 6 18
16 18 57 2
16 24 12 10
17 1 7 2
17 3 1 7
17 4 5 2
17 5 42 2
17 7 19 6
17 8 184 1
17 11 22 1
17 16 1 26
17 20 5 7
17 23 1 21
18 1 171 1
18 3 1 22
18 4 9 21
18 7 157 9
18 12 33 23
18 13 33 20
18 14 11 13
18 15 1 7
18 16 1 26
19 0 155 1
19 7 6 3
19 11 1 16
19 20 39 10
20 0 268 2
20 3 6 2
20 5 96 2
20 7 1 2
20 8 2 21
20 12 26 3
20 17 1 10
20 25 10 1
21 2 1 12
21 4 47 3
21 6 1 2
21 7 3 16
21 17 1 4
21 19 5 3
21 20 27 17
22 3 3 8
22 7 2 5
22 9 52 3
22 11 75 6
22 12 1 28
23 0 22 4
23 5 11 7
23 7 6 2
23 9 1 12
23 11 9 22
23 20 28 2
23 22 6 6
24 0 12 17
24 1 125 7
24 3 97 2
24 5 145 11
24 6 20 17
24 7 66 2
24 8 56 5
24 9 10 15
24 11 87 5
24 16 25 23
24 20 7 1
24 23 36 1
25 3 3 23
25 4 2 3
25 6 43 12
25 7 1 6
25 10 4 2
25 11 2 21
25 24 2 15
25 26 1 21
25 27 54 18
26 0 20 5
26 7 41 6
26 15 18 10
27 1 28 1
27 2 12 1
27 4 64 10
27 7 51 20
27 11 7 1
27 18 1 2
27 26 58 8
