0 1 32 21
0 2 25 1
0 3 9 28
0 4 27 1
0 5 8 29
0 8 42 6
0 13 1 1
0 16 8 1
0 18 74 1
0 19 3 6
0 21 43 23
0 22 1 29
0 24 38 3
1 0 49 16
1 2 5 5
1 3 55 13
1 4 4 10
1 5 326 27
1 6 327 1
1 7 1 12
1 8 162 20
1 9 66 1
1 10 190 1
1 11 1 27
1 15 1 1
1 16 8 20
1 17 188 1
1 19 14 8
1 20 1 28
1 24 35 28
1 25 21 10
2 0 16 1
2 1 23 29
2 3 109 21
2 4 2 9
2 5 71 1
2 7 56 1
2 8 105 1
2 9 123 2
2 11 29 24
2 13 8 23
2 16 48 1
2 23 18 9
2 27 1 14
3 0 8 12
3 1 10 20
3 4 68 12
3 5 8 19
3 6 2 4
3 7 311 1
3 8 103 7
3 10 24 1
3 11 1 29
3 16 138 5
3 17 6 3
3 21 21 7
3 24 8 16
4 0 94 1
4 1 406 1
4 2 42 1
4 3 5 28
4 5 1 22
4 6 2 10
4 8 271 1
4 9 75 17
4 10 26 1
4 16 59 1
4 17 5 13
4 18 15 18
4 20 3 4
4 23 1 13
4 24 2 4
5 0 43 27
5 1 26 23
5 3 68 17
5 6 1 27
5 7 21 27
5 8 93 29
5 9 111 21
5 10 2 12
5 11 79 2
5 12 1 11
5 13 7 2
5 15 7 12
5 16 160 21
5 17 167 7
5 19 3 3
5 24 8 4
6 0 10 10
6 1 91 1
6 2 5 1
6 3 1 25
6 4 93 1
6 5 24 28
6 7 12 28
6 8 108 21
6 9 3 16
6 10 1 2
6 11 6 24
6 14 1 26
6 17 202 1
6 18 17 3
6 19 97 2
6 21 1 11
6 24 1 12
6 26 8 4
7 0 186 1
7 1 4 7
7 3 8 13
7 4 3 17
7 5 9 14
7 6 1 28
7 8 278 1
7 9 87 1
7 10 277 1
7 11 40 11
7 12 4 1
7 13 2 16
7 15 5 6
7 16 1 17
7 19 4 12
7 20 34 8
7 21 62 14
7 23 126 10
7 25 110 1
7 26 1 24
8 0 7 28
8 1 6 28
8 2 39 8
8 3 25 11
8 4 2 27
8 5 176 10
8 6 34 7
8 7 322 1
8 9 29 12
8 10 206 1
8 11 169 1
8 12 228 3
8 13 6 2
8 14 194 1
8 16 38 2
8 18 3 1
8 20 126 2
8 24 25 4
8 25 1 1
8 26 1 9
8 27 3 10
9 1 5 1
9 2 110 3
9 4 279 1
9 5 42 9
9 6 47 1
9 7 1 1
9 8 442 1
9 10 42 1
9 11 2 18
9 12 2 5
9 15 45 1
9 17 2 7
9 18 14 1
9 22 9 1
9 23 64 3
9 24 1 22
9 25 32 22
9 26 6 26
10 0 83 9
10 1 22 1
10 3 4 1
10 5 3 26
10 6 197 1
10 7 17 6
10 8 12 1
10 9 402 1
10 11 177 2
10 13 6 1
10 14 23 27
10 15 2 27
10 16 11 4
10 17 17 21
10 23 111 1
10 24 93 1
10 27 140 2
11 1 1 10
11 2 33 2
11 3 205 1
11 4 1 15
11 7 75 1
11 8 3 1
11 9 4 25
11 10 40 1
11 14 4 25
11 15 9 21
11 16 61 8
11 17 9 28
11 19 127 1
11 20 2 1
11 23 44 1
11 24 300 1
11 27 40 2
12 3 43 1
12 4 176 1
12 5 155 2
12 6 86 1
12 8 11 1
12 9 372 1
12 10 1 2
12 14 56 2
12 16 64 1
12 18 22 4
12 23 63 5
12 25 7 5
13 6 1 25
13 8 77 19
13 9 6 1
13 10 50 2
13 11 149 1
13 14 45 1
13 22 1 6
14 3 24 7
14 10 5 28
14 11 2 1
14 12 26 3
14 15 3 13
14 20 21 25
15 0 27 26
15 4 5 1
15 7 2 1
15 9 81 1
15 10 10 22
15 11 3 28
15 14 34 1
15 20 78 8
15 24 20 6
15 25 17 2
16 0 8 16
16 1 8 8
16 2 1 22
16 3 135 19
16 4 1 13
16 5 50 13
16 6 2 10
16 8 8 4
16 17 2 23
16 18 53 1
16 19 1 17
16 20 1 16
16 24 25 10
17 0 1 6
17 1 4 7
17 3 2 20
17 5 41 2
17 6 1 5
17 8 181 1
17 10 1 9
17 11 21 4
17 16 1 4
18 1 169 1
18 4 14 8
18 8 144 22
18 9 2 20
18 16 1 11
18 27 1 12
19 0 148 1
19 1 38 1
19 2 3 26
19 3 1 6
19 5 31 5
19 6 1 12
19 7 1 13
19 10 106 3
19 11 5 19
19 12 4 7
19 20 15 27
19 22 1 9
20 1 70 1
20 2 168 25
20 3 130 7
20 6 139 18
20 8 158 18
20 17 33 17
20 27 38 18
21 4 1 4
21 5 5 22
21 7 1 23
21 12 4 7
21 15 13 25
21 18 1 27
22 1 1 21
22 4 1 16
22 7 3 7
22 10 1 27
22 11 16 12
22 12 1 24
22 26 15 18
23 5 1 13
23 6 22 4
23 8 39 16
23 9 1 19
23 10 1 7
23 11 5 7
23 12 3 7
23 14 1 1
23 15 5 11
23 21 3 26
24 0 38 11
24 1 36 15
24 3 8 20
24 5 8 1
24 7 63 5
24 8 65 8
24 9 1 4
24 10 1 5
24 11 88 27
24 16 66 17
24 17 24 5
24 23 35 2
25 2 1 5
25 3 36 22
25 6 2 5
25 7 1 22
25 9 13 1
25 11 11 15
25 12 2 11
25 24 1 20
25 27 15 1
26 0 20 1
26 1 1 14
26 6 2 20
26 10 1 19
26 12 1 2
26 14 4 27
26 27 12 1
27 0 31 21
27 6 1 4
27 7 12 21
27 26 1 18
