0 1 11 13
0 2 24 1
0 3 248 13
0 4 26 1
0 5 7 5
0 6 1 20
0 7 26 1
0 8 6 27
0 9 24 26
0 12 66 1
0 16 6 7
0 19 2 2
0 20 12 1
0 24 54 8
0 25 1 14
1 0 4 25
1 2 57 11
1 3 7 24
1 5 7 17
1 6 103 1
1 7 1 10
1 8 93 25
1 9 64 2
1 10 189 1
1 12 1 12
1 16 6 11
1 17 183 1
1 19 3 18
1 22 1 29
1 24 33 12
1 25 1 10
1 26 24 8
2 0 15 2
2 1 186 21
2 3 10 7
2 7 54 1
2 8 97 1
2 9 123 1
2 10 1 20
2 11 1 4
2 16 47 2
2 17 73 1
2 24 1 10
3 0 37 10
3 1 7 27
3 2 119 4
3 5 90 23
3 6 2 2
3 7 306 1
3 8 6 1
3 11 1 1
3 16 105 15
3 17 66 24
3 19 3 26
3 20 238 5
3 24 42 3
4 0 92 1
4 1 401 1
4 2 41 1
4 5 1 20
4 6 43 15
4 7 1 19
4 8 268 1
4 9 304 1
4 11 8 2
4 12 53 2
4 13 7 3
4 15 5 8
4 16 58 1
4 17 3 2
4 18 9 14
4 19 6 2
4 20 4 21
4 23 1 16
4 24 1 6
4 25 15 8
4 26 10 13
4 27 61 1
5 0 88 25
5 1 6 7
5 2 1 26
5 3 5 8
5 6 2 17
5 8 64 25
5 9 218 1
5 10 4 14
5 11 78 1
5 12 5 14
5 13 7 4
5 14 30 11
5 16 6 24
5 24 86 15
6 0 10 25
6 1 86 1
6 4 88 1
6 5 21 18
6 7 4 22
6 8 17 7
6 9 6 21
6 11 152 15
6 12 11 1
6 14 2 10
6 15 8 5
6 17 201 1
6 19 97 1
6 20 182 1
6 21 2 14
6 24 2 26
6 25 1 15
7 0 184 1
7 1 2 11
7 2 1 21
7 3 10 10
7 4 1 20
7 6 1 3
7 8 269 1
7 9 86 3
7 10 274 1
7 11 440 17
7 13 34 27
7 14 3 1
7 15 67 9
7 17 7 28
7 18 85 1
7 20 2 16
7 21 1 28
7 23 2 19
7 24 1 28
7 25 108 1
7 26 1 19
7 27 84 2
8 0 36 29
8 1 48 25
8 2 4 15
8 3 62 23
8 4 2 13
8 5 10 16
8 6 70 1
8 7 29 1
8 9 11 26
8 10 192 1
8 11 166 1
8 13 6 1
8 14 57 1
8 16 91 21
8 17 1 24
8 19 33 1
8 20 125 1
8 21 6 7
8 24 82 10
9 0 2 5
9 1 1 3
9 4 277 23
9 5 2 29
9 6 43 1
9 7 1 3
9 8 440 1
9 10 38 1
9 11 129 9
9 12 15 21
9 14 2 11
9 19 2 5
9 21 1 1
9 25 2 22
9 26 42 14
10 0 2 16
10 1 21 1
10 3 2 7
10 4 319 1
10 5 12 9
10 6 194 1
10 7 389 3
10 8 5 1
10 9 10 19
10 11 198 7
10 13 5 2
10 14 1 1
10 15 1 10
10 17 2 8
10 22 1 28
10 23 111 1
10 24 93 1
10 27 139 2
11 0 71 1
11 2 32 1
11 3 203 1
11 6 1 2
11 7 59 1
11 8 1 28
11 10 36 1
11 12 119 2
11 13 1 5
11 14 2 15
11 15 5 14
11 17 3 16
11 19 126 18
11 22 1 8
11 24 297 1
11 26 1 4
11 27 41 14
12 1 162 3
12 4 175 1
12 5 154 1
12 6 85 1
12 7 1 24
12 8 10 1
12 9 369 1
12 10 2 6
12 14 55 1
12 15 40 2
12 21 4 1
12 22 70 3
13 1 13 21
13 2 14 1
13 4 13 1
13 7 6 3
13 8 3 27
13 9 1 9
13 10 60 6
13 11 148 1
13 12 5 3
13 14 43 3
13 23 1 18
14 3 1 16
14 5 2 1
14 7 152 1
14 8 4 7
14 15 1 4
14 19 1 17
14 20 1 21
14 22 1 21
15 2 2 1
15 7 3 25
15 10 2 13
15 11 4 8
15 14 32 1
15 23 1 4
15 25 17 1
16 0 52 20
16 1 64 5
16 3 58 23
16 4 5 17
16 5 6 5
16 8 38 18
16 10 134 3
16 11 60 8
16 12 51 3
16 17 2 11
16 18 59 1
16 24 226 6
17 0 1 3
17 1 2 23
17 3 2 6
17 5 40 2
17 7 2 2
17 13 52 2
17 14 4 15
17 16 1 28
17 20 5 1
17 27 4 29
18 1 168 1
18 2 19 21
18 4 5 19
18 5 1 8
18 8 3 6
18 10 35 1
18 15 1 12
18 16 2 20
18 17 7 9
18 19 2 13
19 0 146 1
19 3 2 4
19 4 1 9
19 7 8 16
19 15 7 3
19 20 2 20
19 22 1 1
19 23 3 17
20 0 263 1
20 6 4 22
20 7 12 6
20 12 26 3
20 14 78 28
20 18 1 24
20 19 163 2
20 24 12 26
21 4 49 3
21 7 1 11
21 9 13 1
21 10 15 6
21 20 6 20
21 27 1 13
22 7 1 16
22 9 51 8
22 10 1 28
22 12 6 24
23 1 36 2
23 5 11 5
23 6 1 8
23 7 147 1
23 8 1 19
23 11 1 17
23 19 1 8
23 21 1 23
24 0 13 13
24 1 159 1
24 3 199 25
24 5 6 12
24 6 10 24
24 7 1 1
24 8 138 27
24 9 3 2
24 10 13 11
24 11 1 21
24 16 5 10
24 23 35 1
25 1 83 2
25 7 2 2
25 8 1 11
25 10 3 1
25 11 5 13
25 12 11 18
25 24 1 26
26 0 19 4
26 8 11 1
26 11 7 16
26 12 1 24
26 27 11 1
27 1 27 2
27 3 1 23
27 6 70 16
27 7 5 21
27 8 3 1
27 9 1 3
27 10 67 3
27 17 1 11
27 19 7 21
