0 1 34 1
0 3 15 7
0 4 20 2
0 5 6 22
0 6 1 13
0 7 21 1
0 8 151 1
0 11 2 29
0 12 64 1
0 13 13 24
0 15 19 1
0 16 102 1
0 17 21 1
0 19 22 5
0 20 7 27
0 22 2 28
0 24 56 2
1 0 4 26
1 2 33 13
1 3 32 9
1 4 2 29
1 5 56 20
1 6 64 1
1 7 13 29
1 8 31 29
1 9 57 1
1 10 180 1
1 16 258 16
1 17 98 1
1 18 168 1
1 19 1 19
1 20 1 16
1 23 54 10
1 24 18 1
1 25 1 3
2 0 10 2
2 1 13 1
2 3 21 6
2 4 1 1
2 5 68 1
2 6 7 1
2 7 156 1
2 8 58 1
2 9 119 3
2 11 1 9
2 18 69 2
2 19 1 3
2 21 12 1
2 24 1 21
2 27 1 10
3 0 78 1
3 1 11 28
3 2 27 1
3 4 71 9
3 5 18 24
3 6 1 22
3 7 275 1
3 8 105 19
3 10 19 1
3 11 1 3
3 12 1 26
3 13 5 6
3 16 266 1
3 17 3 25
3 21 21 9
3 24 7 1
4 0 83 1
4 1 145 1
4 2 35 2
4 3 3 14
4 5 5 12
4 6 8 23
4 8 24 1
4 9 290 1
4 10 316 1
4 11 6 7
4 15 1 23
4 17 4 7
4 18 13 22
4 19 2 7
4 21 3 7
5 0 14 1
5 1 33 8
5 2 1 8
5 3 25 1
5 6 7 29
5 7 1 24
5 8 71 1
5 9 115 1
5 10 3 16
5 11 74 1
5 12 1 2
5 14 1 15
5 15 7 25
5 16 62 1
5 18 10 21
5 22 10 14
5 24 96 19
5 25 17 5
5 26 1 22
6 0 1 17
6 1 58 1
6 2 69 1
6 4 73 1
6 5 17 25
6 7 1 3
6 8 167 1
6 9 92 25
6 10 1 2
6 11 2 18
6 12 8 2
6 14 3 28
6 15 2 3
6 17 196 1
6 21 2 18
6 23 66 13
6 24 1 10
6 27 1 10
7 0 174 1
7 1 66 17
7 3 13 25
7 5 1 5
7 6 2 1
7 8 110 1
7 10 258 1
7 11 4 5
7 12 3 1
7 13 51 4
7 15 2 6
7 19 4 12
7 22 104 1
7 23 1 23
7 24 1 12
7 25 97 1
7 26 1 23
8 0 229 3
8 1 4 17
8 2 9 28
8 3 19 21
8 4 7 16
8 5 100 1
8 6 7 15
8 7 155 1
8 9 31 25
8 10 25 1
8 11 150 1
8 16 136 17
8 17 1 7
8 18 2 2
8 20 121 1
8 24 100 24
8 27 1 8
9 1 1 25
9 2 106 1
9 4 118 1
9 5 71 17
9 6 25 1
9 8 428 1
9 10 19 1
9 11 1 4
9 12 13 2
9 14 3 17
9 16 55 5
9 17 2 1
9 19 2 25
9 22 7 12
10 0 1 9
10 1 17 3
10 3 96 1
10 4 7 3
10 5 14 29
10 6 178 1
10 8 351 1
10 9 152 1
10 11 78 20
10 12 3 19
10 14 134 2
10 15 2 24
10 18 109 2
10 19 115 3
10 21 100 3
10 22 4 12
10 24 88 1
10 25 2 4
11 0 65 1
11 3 190 1
11 4 1 5
11 6 2 14
11 7 78 1
11 8 7 27
11 9 1 18
11 10 20 1
11 12 115 3
11 13 1 5
11 14 1 5
11 15 5 9
11 16 60 4
11 21 1 1
11 22 8 11
11 23 37 2
11 24 282 1
12 1 159 3
12 4 171 1
12 5 148 1
12 6 78 1
12 8 218 1
12 9 352 1
12 10 6 13
12 11 156 29
12 13 23 23
12 14 51 2
12 16 63 1
12 18 20 8
12 22 67 2
12 23 61 2
13 0 1 6
13 1 10 24
13 6 1 5
13 8 1 12
13 9 7 1
13 10 1 22
13 11 142 1
13 12 1 26
13 14 37 1
13 16 1 12
13 21 1 13
14 4 17 12
14 7 145 1
14 8 2 5
14 10 254 3
14 12 21 2
14 13 10 15
14 15 6 29
14 16 1 24
14 22 1 18
14 27 13 21
15 2 1 10
15 4 4 8
15 7 40 3
15 8 64 2
15 10 1 27
15 11 3 28
15 14 23 1
16 0 77 1
16 1 51 12
16 3 121 1
16 5 8 14
16 6 1 3
16 7 45 11
16 8 21 6
16 10 133 6
16 17 5 22
16 18 149 1
16 19 1 8
16 24 90 1
17 0 2 19
17 1 2 2
17 2 1 19
17 5 37 3
17 7 9 24
17 9 15 1
17 15 1 8
17 16 1 7
17 22 4 2
17 24 65 10
18 0 43 1
18 4 3 8
18 8 1 8
18 16 2 7
18 19 2 26
18 27 1 17
19 0 60 1
19 6 2 7
19 7 32 1
19 9 7 17
19 10 5 10
19 12 7 27
19 20 63 23
20 0 255 1
20 3 13 4
20 4 18 1
20 6 1 20
20 7 17 22
20 9 1 11
20 14 1 23
20 16 1 10
20 17 1 26
20 19 4 22
20 24 34 15
20 25 8 5
20 27 1 18
21 2 6 18
21 20 27 13
21 23 2 5
22 4 1 20
22 10 4 5
22 11 16 1
22 12 19 9
22 17 1 16
22 18 4 16
22 27 2 20
23 9 15 5
23 11 1 1
23 12 1 23
23 20 26 10
23 22 10 2
24 0 73 19
24 1 192 1
24 3 79 18
24 5 33 25
24 6 20 28
24 8 47 1
24 9 2 6
24 10 3 27
24 11 2 17
24 15 39 1
24 17 24 1
24 18 9 9
24 19 1 18
24 26 1 2
25 0 24 1
25 1 81 2
25 7 1 28
25 11 4 5
25 15 1 12
25 16 14 12
25 17 1 16
25 20 5 1
25 21 14 26
25 23 18 11
25 26 1 27
26 7 38 4
26 9 40 1
26 20 6 1
27 4 64 28
27 7 7 15
27 8 1 16
27 10 65 1
27 11 3 5
27 12 53 2
27 19 1 17
27 25 20 1
27 26 55 1
