0 1 237 14
0 2 12 1
0 3 45 3
0 4 16 1
0 5 96 1
0 6 2 2
0 8 27 8
0 9 3 10
0 12 62 1
0 13 2 16
0 16 53 1
0 18 68 1
0 19 7 23
0 20 5 1
0 24 5 16
0 27 73 1
1 0 74 1
1 2 11 19
1 3 266 1
1 4 249 1
1 5 164 1
1 6 56 1
1 7 2 22
1 8 76 1
1 9 50 2
1 10 171 1
1 12 3 27
1 16 142 1
1 17 249 1
1 18 162 2
1 19 2 26
1 20 8 18
1 22 1 28
1 23 54 14
1 24 9 1
2 0 6 1
2 3 114 2
2 4 2 24
2 7 44 1
2 8 22 1
2 9 116 1
2 10 1 4
2 11 1 20
2 12 1 1
2 17 62 1
2 18 68 1
2 24 1 16
2 27 1 8
3 0 248 1
3 1 159 27
3 2 175 1
3 5 57 1
3 6 9 14
3 7 243 1
3 8 47 1
3 10 15 2
3 11 4 23
3 13 2 19
3 16 14 1
3 17 68 17
3 20 234 3
3 24 50 1
3 26 20 18
3 27 1 29
4 0 74 1
4 1 107 1
4 2 192 1
4 5 10 9
4 6 20 2
4 7 2 29
4 8 259 1
4 9 66 1
4 10 23 3
4 12 45 2
4 13 5 15
4 15 5 8
4 16 50 1
4 17 4 24
4 18 202 23
4 20 1 19
4 24 44 18
4 26 9 20
5 0 18 5
5 1 384 3
5 2 2 10
5 3 166 1
5 4 1 22
5 6 12 6
5 8 143 1
5 9 98 1
5 10 1 4
5 11 69 2
5 12 4 20
5 16 148 1
5 18 15 24
5 24 40 1
6 0 4 11
6 1 34 5
6 3 1 29
6 4 49 1
6 5 34 3
6 7 3 15
6 8 46 10
6 9 4 22
6 11 2 14
6 17 189 1
6 22 42 5
6 24 1 24
6 27 1 20
7 0 176 1
7 1 3 21
7 2 1 24
7 3 6 27
7 4 2 6
7 5 16 10
7 6 2 2
7 8 61 1
7 10 242 1
7 11 3 16
7 13 4 17
7 14 147 12
7 15 4 17
7 17 2 22
7 18 80 4
7 20 1 18
7 22 102 1
7 24 2 10
7 25 88 1
7 26 2 19
7 27 77 2
8 0 152 1
8 1 100 1
8 2 3 3
8 3 81 11
8 4 2 17
8 5 51 25
8 6 12 10
8 7 189 1
8 9 9 19
8 10 144 1
8 11 134 1
8 14 185 1
8 15 11 18
8 16 179 13
8 17 1 13
8 20 116 1
8 24 62 1
8 25 189 1
8 27 1 22
9 0 1 4
9 1 66 7
9 2 102 1
9 3 108 10
9 4 106 1
9 5 168 9
9 6 12 1
9 8 34 1
9 10 7 1
9 11 1 18
9 12 2 25
9 14 1 9
9 15 39 4
9 17 1 5
9 22 1 16
9 24 1 20
9 25 32 14
9 27 2 25
10 3 89 1
10 4 34 2
10 5 3 14
10 6 161 1
10 7 184 1
10 8 326 13
10 9 119 1
10 11 11 4
10 15 18 28
10 18 49 3
10 22 1 1
10 23 103 3
10 24 84 1
10 27 136 5
11 0 60 1
11 3 178 1
11 4 1 19
11 5 115 2
11 7 42 1
11 8 18 3
11 9 1 13
11 10 20 1
11 12 112 1
11 14 2 6
11 15 6 28
11 18 5 1
11 19 125 9
11 20 5 9
11 23 32 1
11 24 267 1
11 25 1 25
11 26 89 11
11 27 5 17
12 0 134 4
12 1 156 1
12 2 45 1
12 4 166 1
12 5 143 1
12 6 72 1
12 9 334 1
12 10 2 4
12 11 2 7
12 19 1 2
12 20 73 4
12 22 64 1
12 23 60 2
12 26 43 1
13 1 1 17
13 9 34 12
13 10 4 23
13 12 1 12
13 14 31 1
13 22 2 24
14 7 138 2
14 8 5 4
14 15 4 19
14 18 16 1
15 1 31 3
15 4 3 9
15 7 24 12
15 8 60 1
15 10 12 9
15 11 5 19
15 12 2 29
15 14 15 2
15 25 14 1
15 27 2 20
16 0 39 19
16 1 38 1
16 2 2 29
16 3 50 1
16 4 2 7
16 5 154 10
16 8 263 1
16 9 16 4
16 13 9 5
16 17 6 25
16 18 137 1
16 24 30 1
17 0 3 20
17 1 2 8
17 3 1 11
17 4 1 9
17 5 34 1
17 7 1 26
17 8 168 1
17 10 214 7
17 14 1 13
17 16 51 1
17 18 1 2
17 20 3 6
17 21 1 16
17 24 65 2
17 26 22 6
17 27 1 9
18 0 40 4
18 1 157 2
18 4 4 29
18 8 147 5
18 13 4 28
18 16 3 2
18 17 77 17
18 19 1 5
19 0 143 1
19 3 8 13
19 4 1 1
19 9 70 22
19 10 5 1
19 20 159 21
20 0 247 1
20 1 60 3
20 2 9 3
20 3 12 10
20 5 93 2
20 7 6 16
20 8 3 24
20 9 70 13
20 11 1 20
20 16 1 25
20 17 1 24
20 19 5 1
21 5 5 5
21 20 6 12
21 27 1 18
22 4 1 12
22 11 12 28
22 12 20 4
22 14 8 1
22 16 7 28
23 3 12 2
23 10 2 18
23 11 1 9
23 18 32 9
23 20 26 5
23 21 15 14
23 22 9 1
23 25 11 7
24 0 56 5
24 1 280 1
24 3 90 8
24 5 36 1
24 7 52 1
24 8 84 12
24 11 30 17
24 16 117 25
24 22 21 12
24 23 30 2
24 26 2 28
24 27 2 4
25 2 26 5
25 3 36 26
25 4 1 4
25 6 43 24
25 7 8 14
25 8 22 2
25 10 19 1
25 11 3 25
25 17 81 21
25 24 2 12
25 27 50 1
26 7 37 1
26 10 58 14
26 13 1 11
26 22 1 16
27 0 32 25
27 2 10 4
27 6 1 23
27 9 1 2
27 10 63 1
27 11 2 2
27 14 1 20
27 25 17 1
27 26 53 2
