0 1 250 1
0 2 4 1
0 3 24 3
0 5 36 1
0 8 74 1
0 9 1 26
0 10 5 1
0 11 1 20
0 16 187 6
0 18 62 1
0 19 8 24
0 20 5 1
0 23 49 6
0 24 172 1
0 25 2 3
1 0 159 1
1 2 147 28
1 3 50 22
1 4 50 1
1 5 39 1
1 6 264 1
1 7 47 22
1 8 205 3
1 9 36 1
1 10 151 1
1 11 296 20
1 12 150 24
1 14 20 1
1 16 81 1
1 17 196 1
1 19 1 7
1 20 1 22
1 24 53 1
2 1 172 1
2 3 130 1
2 4 3 26
2 7 139 29
2 8 44 1
2 11 2 29
2 16 42 4
2 18 65 2
2 19 1 15
2 25 2 25
3 0 103 1
3 1 68 1
3 2 125 1
3 4 71 2
3 5 84 23
3 6 9 21
3 7 344 1
3 8 56 1
3 11 84 13
3 14 22 2
3 16 49 1
3 17 1 24
3 20 228 1
3 24 63 1
3 26 20 1
4 0 56 1
4 1 107 1
4 2 25 1
4 3 21 2
4 5 2 25
4 6 5 22
4 8 224 1
4 9 280 1
4 10 310 2
4 11 3 3
4 12 37 1
4 16 42 2
4 17 1 25
4 18 1 13
4 19 2 5
4 24 2 7
5 0 79 7
5 1 96 1
5 2 6 23
5 3 145 1
5 4 3 23
5 6 39 3
5 7 9 13
5 8 271 1
5 9 126 3
5 10 3 21
5 11 60 1
5 12 3 2
5 14 1 8
5 15 7 2
5 16 2 11
5 18 1 3
5 24 50 2
6 0 3 25
6 1 15 1
6 2 66 1
6 3 14 19
6 4 88 1
6 5 13 23
6 7 32 20
6 8 172 8
6 9 20 11
6 11 5 20
6 12 2 1
6 14 151 17
6 17 172 1
6 18 8 1
6 21 4 16
6 24 4 4
6 26 11 7
7 0 154 1
7 1 1 22
7 2 2 10
7 3 10 28
7 5 126 1
7 6 22 11
7 8 282 1
7 9 64 1
7 10 207 1
7 11 446 1
7 12 1 2
7 13 1 22
7 14 143 27
7 15 2 21
7 16 1 13
7 17 5 2
7 19 3 9
7 21 1 3
7 24 1 19
7 25 105 1
7 26 1 12
7 27 69 1
8 0 147 1
8 1 83 1
8 2 3 3
8 3 247 2
8 4 1 12
8 5 217 1
8 6 357 20
8 7 168 1
8 9 2 20
8 10 52 1
8 11 101 1
8 12 221 1
8 14 42 1
8 16 85 1
8 17 7 22
8 20 106 1
8 24 13 5
8 26 2 27
8 27 2 7
9 1 2 22
9 2 94 1
9 4 256 1
9 5 2 4
9 7 206 3
9 8 410 1
9 10 1 14
9 11 1 29
9 12 6 11
9 14 38 14
9 16 50 7
9 19 1 26
9 22 1 29
9 25 24 11
10 0 35 11
10 3 74 1
10 4 33 1
10 5 2 29
10 6 108 1
10 7 43 1
10 8 308 1
10 9 71 1
10 11 1 2
10 12 135 12
10 13 80 1
10 14 29 1
10 15 8 19
10 16 22 26
10 17 10 8
10 19 113 3
10 22 1 26
10 23 95 3
10 24 75 1
10 25 2 13
11 0 48 1
11 1 2 10
11 2 15 1
11 3 151 1
11 6 1 4
11 8 135 22
11 9 1 4
11 10 4 8
11 13 4 16
11 15 34 10
11 17 4 2
11 19 123 1
11 20 1 4
11 22 1 19
11 24 231 1
11 25 1 24
11 27 44 5
12 0 131 3
12 1 149 1
12 5 129 1
12 8 208 2
12 9 291 1
12 10 12 2
12 11 46 8
12 14 39 1
12 16 61 3
12 19 1 24
13 6 17 4
13 7 2 1
13 9 36 7
13 10 1 18
13 11 122 2
13 12 2 29
13 14 17 1
13 16 1 9
13 22 1 3
14 3 1 26
14 6 112 29
14 7 123 1
14 8 1 3
14 9 124 2
14 10 71 1
14 12 15 2
14 15 1 16
14 17 1 3
14 20 25 12
14 25 8 18
15 0 33 6
15 1 28 2
15 6 3 3
15 7 2 14
15 10 3 21
15 11 4 22
15 12 62 3
15 14 3 2
15 27 1 16
16 0 7 11
16 1 50 1
16 2 7 24
16 3 42 1
16 4 99 19
16 5 19 1
16 8 51 1
16 17 56 17
16 18 130 1
16 20 1 22
16 21 24 23
16 24 65 1
17 0 1 18
17 1 2 14
17 2 1 5
17 3 4 15
17 5 28 1
17 6 1 15
17 8 155 1
17 16 1 1
17 25 84 13
18 0 35 4
18 3 6 29
18 4 2 4
18 8 5 2
18 10 26 5
18 11 11 3
18 12 5 5
18 15 1 26
18 16 1 2
19 0 42 1
19 1 21 1
19 3 2 7
19 5 1 10
19 7 1 2
19 9 70 4
19 10 104 18
19 11 4 10
19 12 1 11
19 17 2 13
19 22 1 16
19 23 3 25
20 0 227 2
20 1 52 1
20 2 176 1
20 3 1 19
20 7 2 2
20 8 3 21
20 10 1 4
20 14 78 29
20 17 2 1
20 18 2 23
20 19 15 1
20 25 6 16
20 26 46 4
21 3 23 3
21 8 96 1
21 9 10 1
21 17 1 18
22 1 3 23
22 2 2 8
22 4 2 15
22 6 2 11
22 7 1 25
22 10 2 3
22 11 64 1
22 21 17 1
22 23 16 4
22 25 12 12
23 1 31 4
23 2 1 17
23 3 10 7
23 7 15 3
23 8 1 24
23 9 3 2
23 10 3 18
23 11 1 14
23 14 2 8
23 22 7 5
24 0 126 1
24 1 60 1
24 3 92 1
24 5 96 1
24 6 1 24
24 8 128 7
24 11 12 6
24 14 1 18
24 16 22 1
24 26 9 15
25 1 82 3
25 3 1 15
25 7 132 27
25 9 8 1
25 10 16 1
25 11 16 24
25 12 1 26
25 17 1 5
25 27 46 1
26 1 11 27
26 8 8 2
26 10 1 6
26 14 4 14
26 21 1 17
26 27 1 1
27 0 3 17
27 6 1 8
27 7 1 22
27 8 122 3
27 9 34 11
27 10 57 3
27 14 1 24
27 18 1 13
27 25 10 2
27 26 44 1
