0 1 187 7
0 3 280 9
0 4 3 1
0 6 7 22
0 9 4 28
0 10 2 6
0 11 1 16
0 12 54 1
0 13 13 4
0 15 12 2
0 19 60 15
0 20 2 1
0 25 15 15
1 0 1 21
1 2 2 11
1 3 129 16
1 4 217 1
1 5 1 21
1 6 200 1
1 7 6 11
1 8 1 2
1 9 27 1
1 10 135 2
1 17 155 1
1 18 141 2
1 20 4 8
1 22 1 25
1 24 70 25
1 25 30 29
2 1 158 1
2 3 73 1
2 4 1 17
2 5 54 1
2 7 12 1
2 8 18 1
2 10 300 1
2 19 22 11
2 24 1 17
3 0 1 28
3 1 2 11
3 2 142 1
3 6 3 7
3 7 280 1
3 8 317 1
3 10 4 2
3 11 3 4
3 12 15 24
3 13 1 3
3 16 18 10
3 20 220 1
4 0 43 2
4 1 71 1
4 2 12 2
4 3 18 29
4 5 21 27
4 6 3 12
4 7 1 22
4 8 208 1
4 9 250 1
4 12 31 1
4 14 25 1
4 15 46 9
4 16 36 2
4 17 49 5
4 18 1 1
4 20 3 25
5 1 318 1
5 2 3 4
5 3 7 20
5 4 10 13
5 6 105 1
5 7 1 4
5 8 224 19
5 9 92 1
5 10 3 15
5 11 52 2
5 12 46 3
5 17 156 3
5 18 18 11
5 20 97 1
6 0 5 27
6 1 7 2
6 2 59 1
6 4 22 29
6 5 209 4
6 7 2 9
6 8 7 17
6 10 1 27
6 11 155 2
6 15 2 23
6 17 158 1
6 22 37 2
6 23 2 14
6 24 4 15
7 0 161 1
7 1 78 21
7 2 4 28
7 3 4 4
7 4 23 25
7 5 20 29
7 6 2 15
7 8 204 1
7 9 139 1
7 10 180 1
7 11 143 8
7 13 4 7
7 15 3 1
7 18 72 2
7 21 1 13
7 23 16 20
7 24 1 15
7 25 84 1
7 27 63 2
8 0 9 24
8 1 5 23
8 2 22 6
8 3 2 21
8 4 2 27
8 5 3 6
8 6 21 1
8 7 173 1
8 9 3 1
8 10 8 1
8 11 77 1
8 14 25 27
8 15 177 14
8 16 34 16
8 23 51 2
8 24 8 20
8 25 183 1
9 1 2 8
9 2 87 1
9 3 31 1
9 4 73 1
9 5 157 1
9 8 383 1
9 10 1 25
9 11 1 19
9 12 29 8
9 15 29 4
9 19 2 14
9 21 3 8
9 22 1 20
10 0 1 16
10 3 62 1
10 5 1 1
10 6 364 1
10 7 259 1
10 8 278 1
10 9 50 1
10 11 1 25
10 12 2 23
10 13 184 1
10 14 18 1
10 15 1 22
10 17 1 23
10 18 42 2
10 23 89 1
10 24 68 1
10 25 4 29
11 0 40 1
11 1 1 28
11 3 129 1
11 6 6 23
11 7 4 14
11 8 41 24
11 9 19 9
11 12 97 2
11 13 1 11
11 15 4 3
11 17 1 7
11 18 3 12
11 20 1 28
11 23 15 1
11 24 202 1
11 25 13 19
11 27 1 1
12 1 144 1
12 5 118 1
12 6 47 1
12 7 7 2
12 8 199 1
12 9 255 1
12 10 13 11
12 14 32 2
12 16 59 3
12 20 69 8
13 4 8 3
13 7 157 1
13 8 2 12
13 10 105 12
13 11 111 1
13 12 1 4
13 14 8 2
13 22 5 25
13 24 16 11
14 3 25 2
14 5 1 6
14 6 64 1
14 9 56 4
14 10 173 1
14 15 2 8
14 18 14 1
14 20 1 20
14 25 8 7
15 0 1 13
15 3 32 1
15 7 1 18
15 8 43 1
15 10 1 21
15 11 55 16
15 25 9 1
16 0 40 11
16 2 1 28
16 6 1 4
16 17 1 12
16 18 36 1
17 0 5 4
17 1 16 13
17 2 1 14
17 3 5 10
17 6 1 28
17 7 1 23
17 8 144 1
17 11 12 2
17 14 1 16
17 16 1 12
17 21 3 9
18 0 31 1
18 1 136 1
18 2 8 13
18 3 1 13
18 4 1 29
18 5 3 1
18 7 151 1
18 14 1 28
18 15 1 24
18 16 22 6
18 17 1 13
18 19 1 12
18 24 20 4
18 26 30 11
19 0 16 1
19 1 16 1
19 3 1 25
19 7 1 14
19 9 6 4
19 10 104 2
19 16 1 10
19 17 1 1
19 20 117 1
19 22 1 12
20 0 211 1
20 1 45 1
20 2 173 11
20 3 2 23
20 7 2 5
20 9 3 14
20 17 1 24
20 19 200 1
20 24 9 8
20 25 5 15
21 1 67 11
21 8 95 2
21 10 12 1
21 11 64 1
21 12 9 14
21 17 1 22
21 18 1 7
21 26 2 24
21 27 1 14
22 2 2 13
22 4 3 10
22 7 34 10
22 10 1 9
22 11 7 1
22 12 2 6
22 14 16 14
23 1 30 1
23 7 142 1
23 10 5 26
23 11 4 9
23 12 1 20
23 13 1 8
23 14 6 1
23 24 6 18
24 0 4 24
24 7 31 1
24 10 1 26
24 11 1 9
24 14 5 7
24 19 1 18
24 21 16 17
25 2 2 17
25 3 42 2
25 6 3 26
25 10 180 3
25 11 32 13
25 12 1 4
25 26 11 7
25 27 39 1
26 0 16 6
26 4 56 9
26 14 1 24
26 15 18 8
27 0 3 13
27 1 22 1
27 3 1 20
27 7 1 6
27 10 53 3
27 26 45 1
