0 1 290 1
0 3 163 1
0 4 201 1
0 5 97 3
0 6 169 1
0 7 2 27
0 8 92 1
0 10 205 2
0 11 68 2
0 13 40 19
0 16 36 1
0 18 1 26
0 19 189 1
0 20 10 7
0 24 121 1
0 25 1 15
0 26 1 10
1 0 316 1
1 2 85 1
1 3 106 1
1 4 133 1
1 5 119 1
1 6 81 1
1 8 99 1
1 10 14 13
1 12 1 8
1 13 1 29
1 15 37 1
1 16 109 1
1 17 8 8
1 19 49 15
1 21 55 24
1 24 294 1
2 1 27 1
2 3 24 1
2 5 1 16
2 6 1 13
2 7 2 7
2 8 71 1
2 9 84 3
2 11 1 15
2 13 1 28
2 17 149 1
2 20 75 1
2 23 2 15
3 0 341 1
3 1 304 1
3 2 4 1
3 5 32 3
3 7 2 17
3 8 56 4
3 10 21 13
3 12 2 27
3 16 91 1
3 17 1 27
3 19 1 22
3 22 1 7
3 23 2 19
3 24 153 1
3 25 49 1
4 1 151 1
4 3 124 1
4 5 4 9
4 6 74 16
4 7 3 16
4 8 2 17
4 10 1 23
4 11 1 23
4 12 3 15
4 15 47 3
4 16 118 2
4 17 233 3
4 18 1 17
5 0 41 1
5 1 243 1
5 3 157 1
5 4 1 20
5 6 4 1
5 7 7 16
5 8 105 1
5 9 24 8
5 10 276 17
5 12 3 1
5 13 20 3
5 16 38 10
5 17 3 28
5 20 1 8
5 24 42 1
6 0 139 1
6 1 1 19
6 2 1 16
6 3 13 12
6 4 32 1
6 5 1 16
6 7 8 1
6 8 273 1
6 9 3 13
6 10 6 7
6 15 61 3
6 17 97 1
6 23 54 1
6 24 3 10
7 1 12 6
7 2 43 1
7 3 415 1
7 5 60 1
7 6 249 1
7 8 322 1
7 10 67 1
7 11 9 21
7 13 1 8
7 14 1 24
7 15 231 1
7 22 95 6
8 0 20 1
8 1 242 1
8 2 5 18
8 3 296 1
8 4 355 1
8 5 20 1
8 6 189 14
8 7 10 4
8 9 338 1
8 10 6 20
8 11 1 26
8 12 1 4
8 13 3 6
8 15 157 1
8 16 120 1
8 17 162 1
8 20 188 1
8 22 61 1
8 23 35 1
8 24 106 1
8 27 101 17
9 3 14 12
9 4 4 22
9 5 2 7
9 6 13 1
9 8 6 9
9 10 346 1
9 12 24 5
9 14 6 17
9 17 1 18
9 20 1 12
10 0 164 2
10 1 1 18
10 2 1 4
10 5 3 7
10 6 4 23
10 8 148 1
10 9 2 1
10 11 67 1
10 12 3 25
10 13 82 13
10 14 26 1
10 15 4 3
10 17 15 1
10 19 91 21
10 23 42 2
10 25 34 1
11 0 122 2
11 1 209 1
11 2 131 2
11 3 1 19
11 4 1 4
11 6 2 10
11 7 239 25
11 8 33 20
11 9 1 24
11 10 400 1
11 13 128 27
11 14 61 1
11 15 48 1
11 19 83 6
11 20 1 6
11 22 2 5
11 23 2 29
11 24 282 2
11 25 4 2
12 2 46 18
12 4 2 15
12 5 5 27
12 8 1 27
12 9 230 1
12 13 11 1
12 17 5 22
12 19 10 18
12 25 1 1
13 4 51 1
13 7 1 4
13 8 12 11
13 10 1 17
13 11 19 3
13 12 1 8
13 21 3 7
13 24 1 10
13 26 1 15
14 0 1 11
14 1 26 4
14 6 1 29
14 7 45 1
14 8 30 1
14 9 41 2
14 10 3 17
14 11 30 1
14 12 15 3
14 13 21 1
14 15 47 1
14 19 12 28
14 20 1 28
14 23 1 20
15 7 7 5
15 9 1 5
15 10 2 14
15 11 4 7
15 13 1 16
16 0 203 1
16 1 16 13
16 2 2 28
16 3 198 1
16 4 5 1
16 5 53 1
16 8 100 1
16 11 2 21
16 13 1 15
16 17 156 1
16 18 2 23
16 21 23 19
16 24 38 11
16 27 1 26
17 0 147 1
17 1 5 25
17 2 2 24
17 4 1 23
17 7 2 28
17 8 112 1
17 9 37 4
17 10 85 2
17 11 1 7
17 13 4 4
17 16 1 10
17 18 4 23
17 19 6 3
17 25 19 14
18 0 1 9
18 1 11 24
18 4 1 8
18 5 20 2
18 7 6 4
18 9 121 5
18 10 7 10
18 11 90 1
18 16 10 29
18 17 85 3
18 19 1 12
18 20 61 1
19 0 1 19
19 4 49 1
19 5 24 13
19 10 2 21
19 11 32 4
19 20 64 1
20 0 238 2
20 1 104 1
20 2 2 23
20 3 1 26
20 5 1 27
20 7 1 23
20 8 2 19
20 19 4 15
20 23 1 15
21 7 23 5
21 9 1 6
21 10 2 8
21 12 1 24
21 15 12 26
21 23 13 24
21 27 10 12
22 3 5 3
22 6 58 1
22 12 75 3
22 16 8 2
22 24 1 21
22 25 7 16
23 3 14 8
23 7 7 28
23 8 1 28
23 24 2 24
23 25 4 2
23 27 2 14
24 0 163 1
24 1 195 1
24 3 60 2
24 4 5 11
24 5 28 1
24 8 24 1
24 10 13 3
24 11 204 1
24 12 3 25
24 16 7 19
24 25 15 4
25 3 17 3
25 4 4 20
25 7 51 1
25 10 3 29
25 11 306 1
25 15 2 10
25 20 2 26
26 8 7 18
26 10 1 3
26 18 1 8
26 24 38 1
26 25 4 6
26 27 52 2
27 1 64 4
27 7 85 2
27 10 100 16
27 14 21 1
27 16 26 2
27 25 8 1
