0 1 237 1
0 3 13 19
0 4 197 1
0 5 74 1
0 7 2 2
0 8 36 1
0 10 205 2
0 11 67 1
0 16 7 17
0 17 4 12
0 18 1 17
0 19 185 1
0 24 79 1
0 25 1 25
1 0 254 1
1 2 73 1
1 3 67 1
1 4 123 1
1 5 67 1
1 6 73 1
1 7 157 1
1 8 20 14
1 10 5 4
1 14 3 28
1 16 24 2
1 17 4 19
1 19 1 11
1 23 3 9
1 24 250 1
2 1 14 19
2 3 112 1
2 4 111 1
2 6 107 7
2 7 5 19
2 8 61 1
2 9 83 2
2 16 6 10
2 17 148 1
2 19 1 27
2 20 73 2
3 0 277 1
3 1 241 1
3 2 52 1
3 4 1 22
3 5 4 25
3 6 2 29
3 7 6 18
3 8 43 1
3 9 1 29
3 16 35 1
3 24 24 14
3 25 48 26
4 0 247 1
4 1 140 1
4 5 21 29
4 6 1 22
4 7 2 10
4 8 1 25
4 10 1 12
4 11 20 22
4 12 1 11
4 17 232 1
4 26 19 3
5 0 166 1
5 1 189 1
5 2 2 24
5 3 109 1
5 4 1 11
5 7 6 22
5 8 100 1
5 9 22 16
5 10 15 1
5 11 2 21
5 13 19 24
5 14 5 26
5 16 30 15
5 17 1 10
5 24 61 1
6 0 136 1
6 1 4 7
6 2 1 16
6 3 1 16
6 4 24 1
6 5 56 26
6 7 5 1
6 8 216 1
6 9 65 27
6 10 5 4
6 11 71 1
6 12 229 9
6 15 60 3
6 22 55 4
7 1 1 4
7 2 40 1
7 3 407 1
7 5 58 1
7 6 242 1
7 8 307 9
7 9 3 19
7 10 63 1
7 11 9 24
7 12 114 1
7 14 9 1
7 15 228 1
7 16 2 1
7 20 7 1
7 24 1 24
7 25 67 2
7 27 69 1
8 0 120 1
8 1 82 1
8 2 9 7
8 3 172 1
8 4 352 1
8 5 42 1
8 6 58 4
8 7 12 17
8 9 332 1
8 10 6 5
8 11 1 4
8 12 203 14
8 13 1 18
8 16 63 1
8 17 160 1
8 22 61 2
8 24 23 23
9 0 120 1
9 1 4 5
9 3 5 26
9 4 14 14
9 5 5 7
9 6 8 1
9 8 1 17
9 10 335 1
9 11 243 1
9 12 4 28
9 14 2 27
9 17 2 10
9 18 13 27
9 20 1 2
9 22 65 9
10 0 163 2
10 1 10 11
10 2 1 16
10 5 3 11
10 6 6 5
10 7 24 11
10 8 138 1
10 11 61 1
10 12 1 21
10 13 4 13
10 14 21 1
10 18 7 8
10 20 57 2
10 23 41 3
10 24 1 8
10 26 20 6
10 27 53 1
11 0 120 2
11 1 207 3
11 2 129 1
11 3 1 11
11 4 1 24
11 5 1 27
11 6 1 1
11 7 343 1
11 9 10 9
11 10 393 1
11 12 1 26
11 14 57 1
11 15 39 1
11 19 2 14
11 22 113 22
11 23 75 12
11 24 279 1
11 25 2 1
12 1 3 11
12 2 1 15
12 3 1 2
12 4 1 24
12 7 1 20
12 8 1 28
12 9 224 1
12 13 9 2
12 14 1 1
12 18 26 6
12 19 3 18
12 22 93 3
12 26 1 2
12 27 11 4
13 1 1 10
13 6 1 18
13 7 1 1
13 11 18 2
13 12 2 10
13 14 1 21
13 23 8 4
14 1 26 2
14 7 1 9
14 8 28 2
14 9 40 1
14 10 11 19
14 11 27 2
14 12 3 3
14 13 19 1
14 17 38 1
14 20 2 17
15 0 1 3
15 2 1 11
15 6 42 1
15 7 52 14
15 9 7 20
15 10 1 13
15 11 18 21
16 0 180 1
16 1 97 1
16 2 20 26
16 3 167 1
16 5 6 10
16 7 1 16
16 8 44 29
16 10 95 8
16 17 151 1
16 18 1 28
16 22 1 2
16 24 138 1
16 26 1 24
17 0 144 1
17 3 2 19
17 4 1 21
17 5 1 5
17 9 36 3
17 11 1 28
17 13 4 16
17 14 74 23
17 15 3 2
17 16 81 16
17 20 132 13
17 23 3 24
17 24 50 3
18 1 176 1
18 4 1 17
18 7 7 2
18 12 82 10
18 13 24 3
18 23 1 14
19 0 1 28
19 1 1 14
19 3 24 3
19 5 2 9
19 6 3 8
19 11 32 3
19 17 68 11
19 20 56 1
19 21 6 7
19 23 6 1
20 0 236 1
20 1 102 2
20 2 5 23
20 3 48 13
20 6 5 1
20 11 162 2
20 13 46 1
20 17 2 28
20 19 8 23
20 22 2 4
20 23 1 28
20 27 1 4
21 14 2 25
21 16 20 14
21 20 1 6
21 26 1 28
22 3 4 26
22 7 1 5
22 16 8 7
23 4 10 26
23 15 3 25
23 17 10 4
24 0 107 1
24 1 142 1
24 3 42 1
24 5 122 5
24 8 21 1
24 11 199 1
24 15 33 18
24 16 104 1
24 17 30 1
24 23 5 16
24 25 14 2
25 4 1 13
25 6 1 10
25 7 49 1
25 10 10 29
25 11 31 1
25 18 33 11
25 20 1 5
25 21 1 18
26 1 1 12
26 2 1 19
26 8 66 14
26 20 1 4
26 27 50 2
27 1 64 1
27 11 1 4
27 25 7 2
27 26 1 27
