0 1 200 1
0 3 40 1
0 4 195 1
0 5 41 1
0 6 163 1
0 7 1 22
0 8 71 5
0 9 1 26
0 10 204 5
0 11 65 1
0 12 117 6
0 16 119 1
0 19 182 1
0 20 245 27
0 24 38 1
0 25 6 1
1 0 203 1
1 2 64 1
1 3 48 1
1 4 115 20
1 5 31 4
1 6 67 1
1 8 65 1
1 10 21 3
1 12 2 22
1 16 54 1
1 17 3 1
1 18 1 24
1 19 2 18
1 20 4 1
1 24 211 1
1 25 90 18
1 27 2 19
2 1 68 1
2 3 89 19
2 4 109 1
2 5 2 18
2 6 42 15
2 7 4 11
2 8 54 1
2 9 82 2
2 12 5 20
2 17 147 1
2 20 72 2
3 0 232 1
3 1 199 2
3 2 44 1
3 5 77 1
3 6 15 11
3 7 2 13
3 8 17 1
3 9 7 25
3 10 1 3
3 12 1 16
3 16 15 1
3 17 1 22
3 20 3 10
3 22 1 16
3 24 105 1
4 0 245 2
4 1 132 1
4 2 133 15
4 3 121 1
4 5 2 20
4 6 6 14
4 7 2 28
4 10 16 9
4 11 1 4
4 12 1 13
4 15 49 29
4 17 231 1
4 19 1 13
4 21 21 11
4 26 19 3
5 0 131 1
5 1 152 1
5 3 8 27
5 4 2 12
5 7 4 7
5 8 77 1
5 9 5 21
5 10 5 3
5 12 5 26
5 15 20 4
5 16 29 1
5 24 1 18
6 0 133 2
6 1 4 27
6 2 1 12
6 3 16 16
6 4 17 1
6 5 5 29
6 7 419 1
6 8 175 1
6 9 3 9
6 10 183 17
6 11 69 1
6 13 83 2
6 15 60 1
6 17 93 1
6 18 21 2
6 21 1 19
6 26 21 2
6 27 5 5
7 1 36 28
7 2 38 1
7 3 401 1
7 5 56 2
7 6 237 1
7 8 22 1
7 9 1 3
7 11 8 26
7 14 2 24
7 15 225 1
7 19 40 5
7 22 94 6
7 24 16 29
7 25 65 1
8 0 18 8
8 1 38 1
8 2 15 18
8 3 133 1
8 4 350 1
8 5 71 1
8 6 10 23
8 7 2 6
8 9 328 1
8 10 14 16
8 11 3 19
8 12 11 2
8 13 1 19
8 14 138 1
8 15 155 5
8 16 70 1
8 17 159 2
8 18 52 2
8 19 112 7
8 20 186 5
8 21 25 6
8 23 34 1
8 24 89 1
9 0 119 1
9 1 1 7
9 4 1 20
9 5 4 27
9 6 5 1
9 8 2 2
9 10 19 1
9 12 6 2
9 14 1 13
9 18 2 15
9 26 36 4
10 1 7 28
10 2 1 20
10 5 5 21
10 6 8 19
10 7 1 21
10 8 419 1
10 11 57 1
10 12 1 26
10 13 8 25
10 14 18 1
10 17 14 3
10 23 41 1
11 0 118 2
11 1 206 2
11 2 128 1
11 3 6 7
11 5 4 18
11 6 1 16
11 7 321 1
11 8 3 6
11 9 14 5
11 10 388 1
11 13 6 16
11 14 54 1
11 15 81 1
11 21 3 26
11 23 15 18
11 24 277 1
11 25 2 23
12 0 1 6
12 1 1 26
12 2 1 15
12 4 1 18
12 5 3 17
12 8 152 29
12 9 219 1
12 10 251 1
12 13 8 4
12 14 4 5
12 17 3 6
12 22 92 1
13 1 1 13
13 3 24 8
13 5 1 1
13 10 2 13
13 11 17 2
13 12 2 9
13 14 1 17
13 18 25 21
13 21 3 4
14 6 1 19
14 7 1 26
14 8 27 1
14 9 39 1
14 10 18 24
14 11 25 2
14 12 4 19
14 13 17 2
14 15 41 1
14 21 17 28
14 24 1 19
15 0 1 2
15 6 42 1
15 7 1 8
15 9 2 25
15 10 6 5
15 11 24 26
15 23 5 1
15 26 4 5
16 0 49 1
16 1 60 1
16 3 127 1
16 5 146 1
16 8 203 1
16 10 1 8
16 12 1 8
16 17 148 1
16 18 1 9
16 19 17 9
16 20 73 10
16 24 99 1
17 0 142 2
17 1 1 23
17 4 1 24
17 7 4 26
17 9 36 1
17 10 83 3
17 11 1 11
17 12 89 6
17 16 2 19
17 18 2 12
17 19 5 14
17 23 1 28
17 24 50 1
18 0 1 24
18 1 175 9
18 4 2 21
18 6 63 1
18 7 4 24
18 8 1 5
18 9 120 4
18 13 23 21
18 16 21 20
18 17 83 2
18 26 7 4
19 3 23 6
19 4 47 4
19 8 1 7
19 11 31 2
19 20 51 1
20 0 235 1
20 1 101 1
20 2 5 26
20 3 1 9
20 5 1 20
20 7 2 3
20 8 1 11
20 10 147 7
20 11 161 3
20 13 45 24
20 19 2 22
21 0 7 24
21 4 18 6
21 5 20 6
21 6 2 25
21 10 62 1
21 12 3 15
21 19 5 24
22 0 1 22
22 8 2 23
23 4 1 10
23 6 1 18
23 13 3 25
23 14 28 1
23 16 14 1
23 20 19 1
24 0 68 1
24 1 34 1
24 3 22 1
24 5 14 1
24 8 55 1
24 10 12 1
24 11 195 1
24 12 2 6
24 16 65 1
24 20 42 1
24 23 1 17
25 10 1 9
25 11 26 1
25 13 1 7
25 17 4 7
26 1 1 5
26 8 1 24
26 12 22 1
26 27 49 1
27 1 63 1
27 7 83 1
27 20 18 2
27 25 6 2
27 26 2 14
