0 1 293 20
0 2 2 1
0 3 29 22
0 4 151 1
0 5 13 17
0 6 119 1
0 7 5 29
0 8 34 2
0 9 167 1
0 12 116 2
0 15 2 9
0 16 29 4
0 18 3 6
0 19 126 1
0 20 19 16
0 21 1 22
0 23 22 2
0 24 25 29
1 0 11 4
1 2 1 17
1 3 12 3
1 4 205 1
1 5 29 23
1 6 2 3
1 7 111 1
1 8 47 24
1 9 1 21
1 10 17 17
1 11 217 3
1 12 14 4
1 14 1 14
1 15 28 7
1 16 13 6
1 17 2 10
1 18 1 24
1 19 1 10
1 24 43 23
1 27 69 10
2 1 163 4
2 3 48 1
2 4 74 1
2 6 11 2
2 7 2 4
2 9 66 2
2 11 192 1
2 17 124 2
2 19 2 17
2 20 55 1
2 25 1 19
3 0 13 20
3 1 16 15
3 2 2 29
3 4 1 17
3 5 19 8
3 6 206 24
3 7 4 4
3 8 23 22
3 10 3 18
3 11 234 1
3 12 20 21
3 15 1 21
3 16 28 8
3 23 1 22
3 24 27 26
4 0 208 1
4 1 26 1
4 3 97 1
4 5 36 1
4 7 12 3
4 8 23 24
4 9 1 17
4 11 23 23
4 15 56 23
4 16 99 1
4 18 1 4
4 19 1 25
4 21 1 14
4 22 1 21
5 0 28 27
5 1 13 21
5 2 1 2
5 3 17 2
5 4 2 5
5 6 14 4
5 8 16 1
5 9 3 29
5 11 1 16
5 12 1 29
5 16 13 11
5 17 1 6
5 18 3 7
5 23 11 16
5 24 13 24
6 0 91 1
6 1 11 13
6 2 1 3
6 4 147 1
6 5 248 1
6 7 366 1
6 8 4 21
6 9 3 15
6 10 1 20
6 12 230 1
6 14 152 2
6 15 48 4
6 18 10 1
6 24 8 13
6 26 17 9
6 27 1 3
7 1 58 24
7 3 276 1
7 5 28 2
7 6 151 1
7 8 141 1
7 10 22 1
7 11 2 17
7 12 101 3
7 13 2 28
7 14 1 21
7 15 171 1
7 19 30 1
7 20 1 1
7 23 1 14
7 24 10 24
7 25 29 2
7 27 53 2
8 0 56 16
8 1 33 5
8 2 11 29
8 3 12 22
8 4 302 1
8 5 30 16
8 6 75 1
8 7 1 24
8 9 248 1
8 10 114 6
8 13 2 2
8 14 98 1
8 16 13 23
8 17 135 1
8 22 51 1
8 23 26 1
8 24 21 28
9 0 102 3
9 4 1 12
9 5 24 1
9 6 2 27
9 8 1 11
9 10 118 1
9 12 40 19
9 13 19 18
9 14 1 29
9 18 4 2
9 20 4 19
9 22 63 19
9 23 51 5
10 0 143 2
10 1 3 18
10 4 1 8
10 5 4 25
10 6 19 19
10 8 322 1
10 9 20 1
10 11 5 2
10 12 16 28
10 13 2 12
10 14 1 26
10 19 91 8
10 20 45 2
10 22 136 1
10 23 28 2
10 25 16 2
11 0 90 1
11 1 186 1
11 3 1 7
11 5 8 3
11 6 1 18
11 7 56 1
11 8 32 24
11 9 16 8
11 10 44 1
11 14 15 1
11 15 143 1
11 21 1 25
11 22 1 4
11 23 29 3
11 24 222 1
11 25 7 3
12 0 45 16
12 1 2 9
12 2 12 24
12 3 21 12
12 5 35 12
12 7 30 22
12 9 135 1
12 10 224 2
12 14 118 4
12 16 1 25
12 21 90 9
12 22 85 1
12 24 1 20
13 1 1 22
13 6 10 13
13 10 19 24
13 11 5 1
13 12 3 19
13 14 2 29
13 24 1 1
14 4 1 17
14 6 149 14
14 7 2 28
14 10 2 22
14 12 6 9
14 15 6 1
14 17 32 2
14 20 41 28
14 24 1 6
14 25 1 12
15 1 12 2
15 7 19 28
15 10 3 6
15 11 227 15
15 14 1 4
16 0 27 18
16 1 14 23
16 2 3 10
16 3 14 3
16 5 48 16
16 8 20 20
16 17 87 1
16 18 5 10
16 24 34 17
17 0 108 1
17 1 2 5
17 4 1 18
17 8 84 1
17 9 25 2
17 10 68 3
17 13 4 9
17 16 1 3
18 4 82 13
18 5 10 1
18 6 45 2
18 8 1 5
18 9 111 1
18 10 3 19
18 14 39 1
18 16 29 7
18 24 1 27
19 0 8 6
19 1 33 26
19 3 16 2
19 7 1 10
19 17 1 15
19 27 5 21
20 0 205 1
20 1 82 1
20 2 20 26
20 3 2 1
20 6 1 22
20 7 195 11
20 17 1 8
20 19 134 1
20 24 62 23
21 1 1 7
21 10 1 21
21 11 1 29
21 16 1 17
21 17 1 16
22 0 3 22
22 1 1 9
22 7 1 22
22 12 62 1
22 21 1 15
22 26 1 25
23 1 65 15
23 6 7 11
23 10 1 1
23 13 5 13
23 16 13 1
23 20 16 13
23 24 1 16
24 0 72 16
24 1 74 12
24 3 27 9
24 4 9 12
24 5 76 6
24 7 166 2
24 8 25 26
24 11 127 1
24 16 13 28
24 20 38 2
25 1 1 2
25 3 11 1
25 5 1 28
25 7 17 1
25 9 1 15
25 11 250 1
25 27 1 22
26 4 46 2
26 8 1 4
26 10 4 25
27 0 50 6
27 1 61 5
27 4 1 13
27 5 1 9
27 8 82 10
27 11 3 1
27 14 3 23
27 15 11 1
27 22 1 4
27 24 2 21
