0 1 44 1
0 2 184 2
0 3 45 21
0 4 129 2
0 5 5 7
0 6 98 1
0 7 16 14
0 8 99 1
0 10 188 1
0 11 32 2
0 14 1 9
0 16 51 8
0 18 7 9
0 19 97 1
0 24 192 20
0 25 3 22
0 27 64 4
1 0 22 1
1 2 3 23
1 3 57 1
1 4 187 1
1 5 26 1
1 7 90 1
1 8 32 22
1 10 166 14
1 12 9 7
1 15 25 4
1 16 65 18
1 17 42 2
1 19 1 3
1 24 29 1
2 0 3 9
2 1 87 1
2 3 66 1
2 4 58 1
2 6 2 22
2 7 1 25
2 8 1 8
2 9 58 3
2 11 186 3
2 14 1 13
2 17 112 1
2 20 47 1
2 24 2 21
2 25 1 11
3 0 39 1
3 1 6 16
3 2 6 24
3 4 41 19
3 5 4 21
3 6 205 1
3 7 6 14
3 8 153 4
3 9 3 20
3 10 5 22
3 11 213 2
3 16 1 1
3 17 4 14
3 24 23 2
3 26 3 21
4 0 187 1
4 1 3 2
4 3 85 3
4 5 24 1
4 6 438 2
4 7 2 16
4 8 4 4
4 9 3 7
4 10 1 5
4 11 1 4
4 16 90 1
4 17 195 1
4 18 2 2
4 22 1 27
4 23 39 2
4 25 4 25
5 0 25 27
5 1 76 1
5 2 9 4
5 3 6 6
5 4 5 10
5 6 10 7
5 8 47 1
5 9 2 12
5 10 3 1
5 11 7 1
5 12 22 29
5 14 22 7
5 16 10 17
5 18 2 2
5 24 120 6
5 26 1 10
6 0 72 1
6 1 9 1
6 2 13 12
6 3 1 15
6 4 100 1
6 5 41 1
6 7 330 1
6 8 43 16
6 9 2 2
6 10 3 28
6 11 25 1
6 12 224 2
6 15 43 1
6 17 51 1
6 18 6 5
6 22 46 7
6 23 1 6
6 24 1 28
7 0 1 18
7 1 3 29
7 3 205 1
7 6 113 1
7 8 71 1
7 9 1 26
7 11 268 1
7 15 142 1
7 18 90 1
7 19 25 2
7 24 1 1
7 25 16 1
7 26 97 4
8 0 14 7
8 1 24 11
8 2 3 14
8 3 261 4
8 4 274 1
8 5 17 29
8 6 313 1
8 7 331 1
8 9 206 1
8 10 18 11
8 11 6 1
8 15 135 2
8 16 21 1
8 17 123 1
8 21 20 3
8 24 16 11
9 0 94 1
9 1 3 1
9 3 1 12
9 4 9 1
9 5 21 1
9 6 7 12
9 7 1 21
9 8 11 17
9 10 246 1
9 11 202 1
9 12 2 8
9 13 1 17
9 14 3 22
9 20 8 28
9 25 10 5
10 0 134 1
10 2 4 7
10 4 1 29
10 5 3 18
10 6 38 11
10 7 25 3
10 8 54 1
10 9 20 6
10 12 1 13
10 13 1 4
10 14 3 13
10 16 1 25
10 17 5 1
10 24 1 11
11 0 77 1
11 1 174 3
11 2 85 1
11 3 10 23
11 4 1 3
11 6 1 10
11 7 38 11
11 8 13 1
11 9 31 4
11 10 273 1
11 13 7 25
11 14 4 1
11 15 86 1
11 16 50 5
11 18 1 22
11 19 2 22
11 20 1 14
11 22 7 10
11 23 31 9
11 24 190 1
11 25 2 2
11 26 31 1
12 2 50 14
12 3 3 6
12 5 6 16
12 6 230 1
12 8 7 24
12 9 97 1
12 10 209 1
12 17 14 22
12 18 18 1
12 21 87 5
13 1 1 27
13 4 42 2
13 9 1 15
13 10 2 18
13 14 20 14
13 17 1 17
13 18 1 14
14 7 63 27
14 8 2 1
14 9 13 2
14 10 2 27
14 27 1 20
15 5 2 29
15 7 1 25
15 9 25 11
15 11 8 20
15 12 47 1
15 13 8 11
15 14 1 11
15 18 1 9
15 20 1 4
16 0 6 1
16 1 248 1
16 3 67 1
16 5 59 1
16 6 117 4
16 8 7 24
16 10 99 19
16 12 18 4
16 14 1 22
16 17 61 1
16 18 6 23
16 23 19 24
16 24 49 17
17 1 53 1
17 4 1 8
17 6 1 9
17 9 20 1
17 10 61 2
17 11 1 3
17 12 79 6
17 14 72 17
17 16 1 17
18 0 4 13
18 2 1 28
18 3 3 6
18 4 1 12
18 6 37 2
18 7 2 8
18 8 5 7
18 10 1 1
18 13 21 17
19 0 1 14
19 1 44 16
19 4 33 1
19 6 101 5
19 17 5 23
19 20 2 8
20 1 72 2
20 2 20 14
20 3 1 10
20 12 2 2
20 13 43 10
20 19 165 1
20 23 1 11
20 24 62 1
21 8 48 1
21 9 2 7
21 10 71 1
21 16 1 20
22 0 5 2
22 3 3 3
22 6 48 1
22 9 4 3
22 12 56 2
22 17 41 2
22 21 2 28
22 24 22 3
23 0 2 13
23 7 7 1
23 8 1 2
23 10 1 27
23 14 22 2
23 19 6 28
23 27 3 2
24 0 139 1
24 1 61 29
24 3 15 1
24 5 5 1
24 6 2 15
24 7 153 1
24 8 21 4
24 11 96 1
24 12 6 10
24 16 21 1
24 22 8 1
24 23 2 29
24 25 7 10
25 4 1 28
25 7 7 3
25 10 10 23
25 11 203 1
25 15 2 2
25 21 1 19
25 27 3 22
27 6 4 10
27 7 60 1
27 20 14 6
27 26 54 28
