0 1 100 1
0 2 177 1
0 3 26 2
0 4 121 1
0 5 24 1
0 7 1 7
0 8 66 1
0 9 162 2
0 11 28 2
0 16 72 1
0 17 1 25
0 18 1 8
0 19 86 1
0 20 235 2
0 21 1 7
0 24 23 1
1 0 28 1
1 2 15 28
1 3 103 4
1 4 158 1
1 5 2 20
1 6 1 11
1 7 83 1
1 8 6 28
1 9 1 11
1 10 65 15
1 11 205 2
1 12 1 4
1 13 1 6
1 14 80 11
1 15 24 1
1 16 8 21
1 17 7 20
1 19 1 14
1 24 12 23
1 25 88 2
2 0 8 25
2 1 64 1
2 3 38 1
2 4 52 1
2 6 11 28
2 7 5 22
2 8 4 29
2 9 55 2
2 10 6 11
2 11 183 2
2 12 7 13
2 15 6 1
2 16 2 1
2 17 107 1
2 20 43 3
3 0 50 1
3 1 39 2
3 2 8 21
3 4 20 25
3 5 242 1
3 6 201 1
3 7 226 2
3 8 55 1
3 9 1 18
3 11 205 1
3 16 31 16
3 24 195 1
4 0 179 1
4 3 81 1
4 5 339 1
4 6 19 2
4 7 1 22
4 8 30 14
4 14 1 8
4 16 86 2
4 17 189 1
4 18 1 10
4 19 2 6
5 0 204 3
5 1 92 1
5 2 2 18
5 3 23 1
5 4 7 10
5 6 25 26
5 7 13 20
5 8 9 24
5 9 4 1
5 10 255 1
5 11 13 13
5 16 117 1
5 17 1 3
5 24 114 1
5 25 3 1
5 26 1 12
6 0 64 2
6 1 9 3
6 2 20 21
6 3 13 13
6 4 83 1
6 5 5 1
6 7 316 1
6 8 52 16
6 9 2 26
6 10 1 1
6 11 21 1
6 12 221 2
6 14 1 1
6 15 40 5
6 23 58 20
6 25 1 24
7 0 12 25
7 1 1 14
7 3 178 1
7 5 14 1
7 6 99 1
7 8 50 1
7 9 33 28
7 10 6 3
7 11 161 1
7 13 130 13
7 14 1 13
7 15 130 1
7 17 3 3
7 19 23 3
7 25 12 3
8 0 22 1
8 1 92 2
8 2 13 10
8 3 220 1
8 4 262 1
8 5 8 9
8 6 104 1
8 7 317 1
8 9 189 1
8 10 5 9
8 11 356 1
8 13 1 3
8 14 71 2
8 15 132 1
8 16 45 1
8 18 30 1
8 20 164 1
8 23 21 1
8 24 90 22
8 25 1 15
9 1 244 2
9 3 75 24
9 4 1 14
9 5 300 1
9 6 3 27
9 7 26 6
9 8 80 23
9 10 207 1
9 11 196 1
9 12 1 6
9 17 9 21
9 20 8 6
9 25 10 1
10 0 130 2
10 2 233 24
10 3 1 2
10 4 1 9
10 6 2 21
10 7 12 15
10 8 246 1
10 9 22 2
10 12 2 19
10 13 1 7
10 14 6 10
10 15 1 29
10 16 69 28
10 20 38 2
10 21 4 11
10 22 129 1
10 24 4 19
10 25 8 2
10 27 36 2
11 0 72 2
11 1 170 2
11 2 79 1
11 5 8 7
11 6 2 9
11 7 61 5
11 8 364 20
11 10 23 18
11 15 98 1
11 20 1 8
11 22 7 26
11 23 31 10
11 24 177 1
11 25 61 27
11 26 29 1
12 0 1 22
12 1 19 1
12 3 11 13
12 5 1 28
12 6 227 2
12 7 1 22
12 9 83 1
12 11 1 26
12 21 86 2
13 1 3 20
13 2 15 8
13 4 41 1
13 6 2 21
13 8 2 5
13 10 1 21
13 12 1 20
13 14 3 14
13 17 2 18
13 19 4 22
13 23 4 10
13 24 1 11
13 26 12 26
14 1 13 3
14 4 1 3
14 9 11 1
14 10 4 2
14 12 1 22
14 16 17 11
14 20 1 16
14 24 33 6
14 27 2 23
15 4 1 18
15 7 34 7
15 8 2 26
15 9 1 22
15 10 1 16
15 11 12 20
15 12 45 1
15 14 1 11
16 0 193 1
16 1 49 12
16 2 5 20
16 3 55 11
16 5 65 1
16 8 253 1
16 12 5 25
16 17 52 1
16 18 3 3
16 24 29 1
17 0 86 1
17 1 340 2
17 3 3 5
17 6 1 3
17 7 1 12
17 8 69 1
17 10 59 1
17 16 4 25
17 18 30 3
17 20 131 3
17 22 2 5
18 0 15 3
18 1 172 4
18 4 2 11
18 8 7 1
18 10 112 20
18 17 55 1
18 20 54 7
18 24 3 22
19 0 5 9
19 1 1 3
19 4 32 1
19 6 101 1
19 20 1 21
20 0 182 1
20 1 69 1
20 3 1 27
20 6 41 10
20 7 1 17
20 13 43 7
20 17 6 19
20 19 128 1
20 23 1 16
21 6 1 1
21 10 2 5
21 11 1 10
21 12 64 29
21 26 1 14
22 9 9 21
22 12 54 1
22 20 44 4
23 0 20 10
23 6 1 27
23 12 1 2
23 22 1 29
23 24 3 26
23 25 1 10
24 0 319 1
24 1 45 1
24 3 39 1
24 4 1 1
24 5 66 1
24 7 148 1
24 8 12 1
24 11 84 1
24 12 6 12
24 15 32 3
24 16 28 1
24 21 1 12
24 25 7 2
25 1 19 26
25 4 2 27
25 6 4 26
25 7 4 4
25 9 1 12
25 10 21 23
25 11 178 1
25 12 1 18
25 20 1 17
25 23 17 1
25 27 1 29
26 9 8 1
26 23 5 14
26 24 25 1
26 27 10 1
27 3 34 1
27 6 4 12
27 10 3 12
27 11 1 16
27 17 1 22
27 19 1 22
27 20 14 1
27 24 1 13
27 26 37 17
