0 1 103 1
0 2 157 1
0 3 102 1
0 5 53 1
0 6 73 1
0 7 3 27
0 8 37 1
0 10 178 2
0 12 111 9
0 14 1 23
0 16 31 2
0 17 1 5
0 19 62 1
0 20 10 2
0 24 104 1
1 0 64 1
1 2 29 11
1 3 145 1
1 4 103 1
1 5 289 1
1 6 1 6
1 7 66 1
1 8 209 1
1 11 196 1
1 16 38 1
1 17 2 29
1 19 2 15
1 24 158 1
2 0 11 17
2 1 14 1
2 4 39 1
2 7 2 25
2 8 5 4
2 13 1 25
2 14 1 15
2 17 96 1
3 0 23 1
3 1 81 1
3 2 3 13
3 4 1 3
3 5 93 8
3 7 218 1
3 8 129 1
3 9 3 4
3 10 6 12
3 11 183 1
3 12 2 28
3 14 5 2
3 16 83 1
3 18 1 25
3 19 11 2
3 21 1 9
3 24 109 1
3 25 44 12
4 0 159 1
4 1 1 24
4 2 136 3
4 3 70 1
4 5 288 1
4 6 7 1
4 8 25 26
4 9 1 5
4 12 2 9
4 14 1 15
4 16 78 2
4 17 176 1
4 18 1 28
4 19 3 17
4 21 1 8
4 23 36 5
4 25 3 1
5 0 77 1
5 1 41 1
5 3 59 2
5 4 6 22
5 6 98 6
5 7 33 1
5 8 100 1
5 9 316 1
5 10 234 1
5 11 39 12
5 15 15 2
5 16 41 1
5 17 1 25
5 18 6 8
5 24 51 5
6 1 3 21
6 2 1 2
6 3 2 23
6 4 49 1
6 5 7 12
6 7 278 1
6 8 85 3
6 9 81 24
6 10 1 24
6 12 213 1
6 14 146 1
6 15 36 1
6 16 104 3
6 17 35 3
6 19 96 3
6 22 42 6
6 23 1 19
6 24 2 2
6 25 1 2
7 0 5 3
7 1 41 21
7 3 117 1
7 4 1 3
7 5 7 1
7 6 68 1
7 8 13 1
7 9 1 20
7 10 1 3
7 11 227 1
7 12 87 1
7 15 104 1
7 18 84 3
7 25 5 1
7 27 37 1
8 0 32 1
8 1 99 1
8 2 2 21
8 3 89 1
8 4 234 1
8 5 248 1
8 6 190 1
8 7 179 1
8 9 151 1
8 10 144 1
8 11 42 2
8 12 10 23
8 13 1 25
8 14 55 2
8 16 166 1
8 17 107 1
8 18 24 2
8 23 17 4
8 24 55 6
8 26 3 13
8 27 1 1
9 0 83 1
9 1 233 1
9 3 77 3
9 5 185 1
9 6 43 12
9 7 1 20
9 8 3 11
9 10 150 1
9 11 182 1
9 12 5 1
9 20 8 21
9 22 60 8
9 27 1 1
10 0 121 1
10 2 236 1
10 4 1 19
10 6 147 23
10 8 187 1
10 9 19 14
10 11 1 21
10 12 1 16
10 13 1 9
10 14 2 19
10 15 3 13
10 17 2 5
10 19 2 5
10 20 33 1
10 22 124 1
10 24 1 2
10 27 32 2
11 0 61 2
11 1 159 2
11 2 67 1
11 4 1 26
11 5 1 11
11 6 1 2
11 7 11 1
11 10 202 1
11 13 3 6
11 15 28 1
11 16 47 1
11 19 4 20
11 20 1 4
11 23 4 13
11 24 146 1
11 25 2 18
11 27 1 26
12 0 2 28
12 2 1 6
12 6 219 1
12 8 1 26
12 9 53 1
12 10 187 1
12 13 2 19
12 18 14 7
12 23 1 23
13 6 2 19
13 10 1 1
13 12 1 25
13 20 7 15
14 2 1 10
14 3 28 3
14 9 6 1
14 10 6 3
14 12 1 24
14 13 1 24
14 23 3 3
14 27 1 8
15 1 6 9
15 3 1 1
15 4 1 10
15 5 4 25
15 6 20 1
15 7 46 26
15 9 41 13
15 11 364 1
15 12 41 1
15 14 6 9
16 0 9 11
16 1 186 1
16 3 72 3
16 5 95 1
16 8 62 1
16 14 2 25
16 15 2 28
16 17 32 1
16 18 4 7
16 24 98 1
16 26 1 12
17 0 71 2
17 1 26 1
17 3 16 10
17 4 2 13
17 7 2 28
17 9 14 3
17 10 52 1
17 11 156 24
17 14 1 13
17 16 10 26
17 18 2 13
18 0 1 1
18 4 1 21
18 6 28 1
18 7 6 15
18 8 5 11
18 9 97 4
18 12 71 1
18 14 37 8
18 16 18 22
18 17 47 1
18 19 17 15
18 22 2 14
19 0 6 26
19 3 9 1
19 7 1 18
19 10 12 20
19 11 17 4
19 20 3 5
20 0 165 1
20 1 60 3
20 3 31 25
20 6 6 15
20 9 5 12
20 11 136 1
20 16 69 22
20 19 87 1
20 25 19 1
21 1 1 18
21 4 20 9
21 8 45 6
21 10 5 21
21 11 2 28
22 6 45 2
22 12 48 2
22 13 1 11
22 24 21 2
22 26 7 10
23 4 1 11
23 6 9 8
23 7 142 3
23 8 105 2
23 11 2 26
23 15 18 6
23 17 6 3
23 25 1 4
23 26 1 23
24 0 98 1
24 1 13 18
24 3 17 5
24 4 13 24
24 5 92 1
24 8 84 1
24 11 58 1
24 16 13 7
24 19 1 13
24 22 6 6
25 3 7 1
25 6 8 24
25 9 1 14
25 10 19 9
25 11 120 1
25 12 1 15
25 20 2 29
25 27 1 3
26 1 3 21
26 4 44 2
26 19 1 6
26 23 5 22
26 27 3 4
27 6 1 22
27 8 1 17
27 18 24 5
27 25 1 12
27 26 54 8
