0 1 79 1
0 2 156 1
0 3 93 15
0 4 100 1
0 5 33 1
0 6 71 1
0 7 1 26
0 8 17 1
0 9 157 4
0 10 178 2
0 14 1 8
0 16 21 1
0 17 1 17
0 19 60 1
0 20 9 3
0 24 83 1
0 25 2 19
0 27 2 5
1 0 46 1
1 2 14 15
1 3 122 1
1 4 98 1
1 5 269 1
1 6 5 11
1 7 64 2
1 8 186 1
1 9 1 9
1 10 1 15
1 11 195 3
1 15 20 2
1 16 17 1
1 17 6 8
1 19 116 7
1 20 1 6
1 24 138 1
2 0 3 20
2 1 11 1
2 4 38 1
2 5 61 12
2 6 4 1
2 7 1 7
2 8 3 1
2 9 48 1
2 10 3 12
2 11 178 2
2 17 95 1
2 18 57 4
2 20 36 1
2 21 10 15
3 0 5 8
3 1 66 1
3 2 10 4
3 4 1 14
3 5 9 1
3 6 190 2
3 7 216 18
3 8 108 1
3 9 11 22
3 10 1 14
3 11 182 1
3 14 5 23
3 16 63 1
3 17 26 7
3 19 10 2
3 23 5 3
3 24 88 1
3 26 1 3
4 0 158 1
4 1 1 28
4 3 69 2
4 5 283 1
4 6 5 1
4 7 12 29
4 8 1 12
4 9 7 11
4 11 23 7
4 12 1 6
4 15 3 11
4 16 78 1
4 17 175 1
4 18 1 9
4 19 1 4
5 0 57 1
5 1 20 1
5 2 1 3
5 3 49 1
5 4 3 6
5 6 102 1
5 7 32 1
5 8 84 1
5 9 309 1
5 10 232 1
5 11 2 14
5 12 130 6
5 15 14 4
5 16 21 2
5 17 2 29
5 22 1 3
5 23 1 2
5 24 11 1
5 26 1 17
6 0 48 1
6 1 3 17
6 2 18 8
6 3 51 10
6 4 47 1
6 5 8 17
6 7 275 1
6 8 175 4
6 9 3 20
6 13 62 2
6 21 1 13
6 24 3 24
6 25 1 3
7 0 1 9
7 1 37 29
7 2 1 23
7 3 112 1
7 5 7 2
7 6 66 1
7 8 11 1
7 9 1 14
7 11 34 1
7 12 86 4
7 14 2 5
7 15 102 1
7 19 19 1
7 24 199 3
7 25 4 3
8 0 11 4
8 1 78 1
8 2 2 17
8 3 66 1
8 4 231 1
8 5 225 10
8 6 164 1
8 7 174 14
8 9 148 1
8 10 143 7
8 11 41 2
8 13 1 1
8 14 54 1
8 16 154 1
8 17 106 1
8 18 24 2
8 24 54 1
9 1 232 2
9 4 5 3
9 5 176 1
9 6 8 6
9 7 2 11
9 8 1 9
9 10 144 1
9 11 180 1
9 12 118 13
9 13 2 4
9 14 1 20
9 16 49 1
9 17 2 6
9 21 38 1
9 25 7 9
9 26 30 10
9 27 3 9
10 4 1 7
10 5 205 1
10 6 5 14
10 8 176 1
10 9 25 23
10 11 2 19
10 12 1 19
10 13 1 10
10 14 33 22
10 15 7 29
10 18 1 2
10 19 91 6
10 22 123 4
10 24 18 10
10 27 31 6
11 0 60 2
11 1 158 1
11 2 66 1
11 3 1 3
11 4 5 27
11 5 7 22
11 6 2 10
11 7 8 1
11 8 360 1
11 9 1 4
11 10 197 1
11 12 169 1
11 15 23 1
11 19 2 23
11 22 9 28
11 23 1 26
11 24 144 1
11 25 20 4
11 26 25 1
12 0 1 26
12 1 31 20
12 5 1 23
12 9 51 1
12 11 1 20
12 13 2 26
12 14 3 4
12 15 7 24
12 16 2 20
12 24 1 24
13 6 1 12
13 8 19 8
13 9 1 17
13 10 1 3
13 12 35 12
13 14 4 2
13 24 1 19
13 26 12 4
13 27 13 4
14 0 75 1
14 4 2 23
14 7 1 17
14 10 7 2
14 12 1 4
14 15 1 22
14 23 3 8
15 7 1 26
15 8 2 16
15 9 28 22
15 11 359 1
15 14 1 27
15 27 1 23
16 0 21 8
16 1 220 1
16 3 21 19
16 5 75 1
16 8 56 1
16 9 2 29
16 10 99 12
16 14 1 25
16 17 31 1
16 18 4 15
16 22 3 21
16 24 85 1
16 27 4 9
17 0 70 1
17 1 23 1
17 3 2 12
17 4 32 27
17 6 1 10
17 8 58 1
17 10 52 2
17 13 50 21
17 16 1 27
17 18 10 26
17 23 2 23
17 26 32 29
18 0 3 10
18 1 165 1
18 4 1 17
18 8 2 26
18 20 52 13
18 21 12 15
19 0 18 27
19 1 11 16
19 2 3 15
19 3 9 7
19 20 2 26
19 27 4 2
20 8 194 9
20 15 2 3
20 19 83 1
20 21 27 3
20 25 18 11
20 26 1 15
21 9 1 2
21 11 62 15
21 12 1 13
22 1 1 14
22 4 1 22
22 6 44 5
22 9 1 3
22 12 47 1
22 14 5 12
22 21 2 14
22 24 21 1
23 8 104 2
23 14 19 5
23 16 12 4
23 22 2 25
23 24 3 25
24 0 78 1
24 1 24 1
24 3 19 1
24 5 71 1
24 6 94 1
24 7 134 1
24 8 64 1
24 9 48 1
24 11 56 1
24 12 2 25
24 16 36 1
25 1 20 21
25 2 1 19
25 6 5 11
25 10 1 18
25 11 115 1
25 12 23 1
26 3 1 19
26 4 44 2
26 5 2 24
26 9 7 3
26 10 2 14
26 23 2 18
27 16 25 1
