0 1 30 1
0 2 146 1
0 3 184 24
0 4 91 1
0 5 32 1
0 6 64 1
0 7 4 25
0 8 4 1
0 10 175 1
0 11 17 3
0 13 46 26
0 15 1 19
0 16 51 1
0 17 40 14
0 18 5 19
0 19 49 2
0 20 231 1
0 24 37 1
0 26 1 27
1 0 3 18
1 2 4 21
1 3 42 1
1 4 74 1
1 5 211 1
1 6 7 24
1 7 57 1
1 8 8 1
1 9 1 1
1 10 1 8
1 11 191 1
1 13 4 16
1 16 31 1
1 17 6 1
1 18 1 17
1 19 116 1
1 22 1 29
1 24 75 1
2 0 3 11
2 1 2 1
2 7 9 15
2 8 3 1
2 9 44 3
2 11 174 1
2 16 1 1
2 17 89 1
2 18 57 1
2 20 32 2
2 24 29 8
2 25 1 7
3 0 7 1
3 1 2 10
3 2 6 16
3 5 70 1
3 6 184 2
3 7 24 1
3 8 58 1
3 10 7 10
3 11 171 1
3 15 3 25
3 16 6 1
3 20 8 24
3 23 5 8
4 0 148 2
4 1 2 15
4 2 6 27
4 3 64 1
4 5 260 1
4 6 431 1
4 7 1 24
4 8 8 19
4 9 8 25
4 10 1 10
4 11 1 4
4 14 1 20
4 15 5 11
4 16 74 1
4 18 1 8
4 19 13 27
4 27 3 16
5 0 9 1
5 1 5 1
5 3 12 1
5 4 69 23
5 6 225 15
5 9 60 1
5 10 222 1
5 11 1 21
5 15 14 2
5 16 8 1
5 17 4 29
5 24 10 1
6 0 41 1
6 1 9 3
6 2 8 19
6 3 1 19
6 4 34 1
6 5 58 21
6 7 257 1
6 8 31 7
6 9 167 24
6 10 163 1
6 12 207 2
6 13 60 1
6 14 144 2
6 17 30 2
6 24 14 2
6 25 1 2
7 0 2 21
7 1 6 8
7 3 88 1
7 4 2 17
7 5 4 5
7 6 54 1
7 8 3 1
7 9 3 2
7 11 180 20
7 12 84 2
7 14 4 19
7 15 90 1
7 18 82 6
7 23 1 24
7 26 92 3
8 0 8 1
8 1 12 1
8 2 2 13
8 3 110 1
8 4 218 1
8 5 216 1
8 6 68 1
8 7 146 1
8 9 131 1
8 10 33 5
8 11 353 1
8 14 47 1
8 15 120 1
8 16 89 1
8 17 101 1
8 18 22 1
8 20 153 2
8 21 16 7
8 22 38 1
8 23 16 2
8 24 17 1
8 25 1 27
8 26 3 25
9 0 78 2
9 1 227 1
9 3 2 14
9 4 1 17
9 5 126 1
9 6 13 26
9 7 5 1
9 8 1 5
9 10 109 1
9 11 173 1
9 13 1 1
9 14 28 19
9 17 15 23
9 20 3 6
9 21 37 1
9 22 60 1
9 26 30 1
9 27 3 16
10 0 116 1
10 2 15 1
10 4 3 15
10 6 8 1
10 7 296 1
10 8 123 1
10 9 4 6
10 11 1 16
10 12 1 15
10 14 5 9
10 15 6 27
10 18 3 26
10 24 1 26
10 25 2 2
10 26 9 10
11 0 55 2
11 1 153 1
11 2 60 1
11 3 27 22
11 4 1 20
11 6 82 1
11 8 351 1
11 9 210 11
11 10 14 1
11 12 168 2
11 15 25 1
11 18 2 14
11 20 2 15
11 23 38 2
11 24 130 1
11 25 72 11
11 26 23 1
12 1 1 26
12 2 1 1
12 4 2 8
12 5 1 21
12 7 2 5
12 9 40 1
12 10 178 2
12 14 1 2
12 22 70 1
13 1 1 6
13 4 37 2
13 6 14 4
13 9 1 18
13 10 33 3
13 12 4 27
13 14 29 23
14 1 9 3
14 3 27 8
14 7 1 29
14 9 4 1
14 10 6 3
14 12 9 23
14 13 1 11
14 15 1 18
14 17 26 3
14 18 31 1
14 20 1 27
14 23 2 23
14 26 1 9
15 1 5 5
15 2 1 13
15 3 41 1
15 6 18 2
15 7 1 22
15 8 1 20
15 9 41 3
15 10 5 1
15 11 118 1
15 12 38 4
15 14 1 21
15 17 65 1
15 18 1 26
15 25 29 1
16 0 1 1
16 1 168 1
16 3 9 1
16 5 11 1
16 6 113 2
16 8 17 1
16 18 1 19
16 24 22 1
17 0 64 1
17 1 318 2
17 2 15 1
17 4 3 4
17 8 53 2
17 9 12 6
17 10 49 1
17 11 3 28
17 14 1 9
17 16 1 4
17 18 7 15
17 21 31 10
17 23 1 17
18 0 3 16
18 4 1 2
18 6 24 3
18 9 94 4
18 10 1 15
18 15 1 14
18 24 1 12
19 0 4 28
19 1 46 18
19 10 1 26
19 11 15 7
19 20 10 11
20 0 156 1
20 1 56 1
20 3 1 10
20 8 193 25
20 11 132 3
20 16 1 29
20 19 142 1
20 22 9 21
20 25 18 1
21 1 1 1
21 9 1 22
21 11 1 18
21 26 1 10
22 8 12 19
22 9 1 26
22 10 1 25
22 14 3 12
22 16 7 1
22 21 2 7
23 7 140 2
23 8 104 1
23 9 25 5
23 10 1 27
23 11 2 18
23 14 18 3
23 15 16 6
24 0 15 1
24 1 10 1
24 3 22 1
24 5 9 1
24 7 127 2
24 8 5 27
24 11 46 1
24 19 1 19
24 23 1 18
25 6 7 16
25 9 1 8
25 10 1 19
25 11 91 1
25 23 16 7
26 20 48 27
26 21 12 17
26 24 19 6
27 1 56 9
27 3 32 4
27 4 2 18
27 8 86 29
27 9 1 16
27 26 38 5
