0 1 24 9
0 2 143 2
0 3 1 28
0 4 89 1
0 5 1 11
0 7 1 8
0 8 1 28
0 9 155 1
0 10 174 1
0 11 16 1
0 15 1 9
0 16 1 12
0 17 1 28
0 19 47 1
0 20 230 1
0 23 16 5
0 24 1 18
0 26 7 21
1 0 2 24
1 2 4 24
1 3 37 13
1 4 68 1
1 5 1 1
1 6 4 13
1 7 55 2
1 8 36 27
1 10 188 25
1 17 2 10
1 18 1 13
1 19 12 8
1 24 9 22
2 0 5 12
2 3 1 20
2 4 31 1
2 5 60 3
2 7 1 5
2 8 3 24
2 9 43 4
2 10 8 8
2 11 173 1
2 12 8 22
2 20 32 1
2 21 1 12
3 0 1 13
3 2 3 29
3 4 12 3
3 5 1 28
3 6 183 1
3 7 20 1
3 10 1 29
3 11 168 2
3 16 1 17
3 17 1 29
3 20 166 2
3 24 1 25
3 27 8 11
4 0 146 1
4 1 2 15
4 2 135 2
4 3 63 1
4 5 253 1
4 6 428 1
4 7 2 16
4 8 5 13
4 9 1 21
4 10 1 17
4 13 1 18
4 16 73 1
4 17 167 1
4 18 5 8
4 19 1 6
4 20 142 17
5 0 1 7
5 1 1 22
5 3 1 6
5 4 13 12
5 6 152 2
5 8 2 17
5 9 294 1
5 10 219 1
5 11 5 13
5 13 15 2
5 14 5 9
5 18 2 5
5 23 2 18
5 24 1 20
6 0 39 1
6 1 23 16
6 2 2 14
6 3 1 2
6 4 31 1
6 5 21 25
6 7 252 1
6 8 15 22
6 9 3 6
6 10 160 1
6 11 8 2
6 12 206 1
6 15 32 1
6 17 29 2
6 21 23 3
6 23 2 12
6 24 1 2
6 27 1 5
7 1 2 25
7 3 82 1
7 6 50 1
7 9 1 28
7 11 334 1
7 15 87 1
7 19 16 4
7 23 2 2
7 24 195 1
7 25 2 1
7 26 92 1
8 0 1 12
8 1 1 7
8 2 9 18
8 3 101 21
8 4 214 1
8 5 207 1
8 6 138 1
8 7 268 27
8 7 200 1
8 9 126 1
8 10 234 1
8 14 45 2
8 17 99 2
8 20 152 1
8 23 15 1
9 0 77 3
9 1 225 1
9 3 10 2
9 4 1 4
9 5 113 1
9 6 3 1
9 7 1 22
9 10 100 1
9 11 172 1
9 13 1 19
9 14 3 3
9 15 89 1
9 17 1 13
9 19 53 4
9 21 36 2
9 22 59 7
9 25 6 6
9 27 4 16
10 0 115 1
10 1 1 1
10 2 13 3
10 3 1 3
10 4 1 14
10 5 202 14
10 6 7 28
10 7 295 1
10 8 109 1
10 9 4 7
10 11 2 4
10 12 2 18
10 14 2 16
10 15 2 11
10 16 1 28
10 20 30 2
10 24 1 7
11 1 152 1
11 2 59 1
11 6 3 24
11 8 27 10
11 10 175 1
11 15 19 1
11 16 45 6
11 19 1 22
11 20 17 20
11 23 83 25
11 24 126 1
11 25 173 25
11 26 22 1
12 1 2 19
12 2 51 24
12 3 1 17
12 6 214 1
12 7 12 22
12 8 45 24
12 9 37 1
12 10 176 1
12 13 1 6
12 17 1 17
12 18 13 3
12 19 1 16
12 21 80 2
12 22 70 1
12 24 2 21
13 1 1 3
13 7 2 4
13 8 1 14
13 9 2 9
13 10 34 24
13 12 1 9
13 14 1 1
13 17 2 24
13 18 2 16
13 24 1 8
14 1 9 1
14 2 1 18
14 6 144 1
14 7 1 29
14 8 1 19
14 9 3 4
14 10 53 4
14 11 2 21
14 13 1 7
14 17 26 1
15 4 1 24
15 7 1 16
15 9 47 27
15 11 109 1
15 13 10 1
15 17 64 7
15 22 1 5
15 25 28 6
16 0 1 2
16 1 1 14
16 2 38 6
16 3 1 9
16 5 1 7
16 18 15 3
16 24 9 25
17 0 62 1
17 1 315 1
17 3 7 27
17 4 1 3
17 7 39 16
17 8 52 1
17 10 48 2
17 16 107 28
17 25 1 17
18 1 161 2
18 4 9 5
18 5 1 15
18 6 23 2
18 13 20 7
18 16 189 4
19 0 1 17
19 1 1 10
19 7 1 11
19 10 4 6
19 16 17 2
19 20 15 19
20 1 55 1
20 2 24 20
20 3 2 21
20 5 1 20
20 6 1 13
20 9 5 1
20 11 131 3
20 12 1 1
20 19 134 1
20 26 43 28
21 10 1 10
21 11 1 14
21 16 1 8
21 17 33 6
22 0 18 19
22 1 1 23
22 4 3 24
22 8 1 19
22 11 1 8
22 21 2 12
22 23 1 18
23 1 62 6
23 6 11 13
23 7 140 3
23 11 2 15
23 14 18 2
23 20 12 17
23 22 3 29
24 0 68 28
24 2 3 5
24 3 1 7
24 5 1 19
24 6 92 12
24 7 126 1
24 8 1 14
24 11 43 1
24 12 6 5
24 27 1 4
25 3 5 14
25 10 1 7
25 11 85 1
25 14 1 9
25 20 2 16
25 27 2 26
26 9 6 13
26 10 3 16
26 14 1 10
26 22 1 5
27 7 47 2
27 8 2 14
27 11 23 21
27 17 1 8
27 25 2 22
