0 1 5 11
0 2 137 1
0 3 7 8
0 5 7 2
0 6 57 1
0 7 3 4
0 8 7 23
0 9 153 4
0 11 14 1
0 14 1 29
0 15 1 21
0 16 10 22
0 17 2 17
0 19 41 1
0 21 1 4
0 22 49 9
0 23 16 4
0 24 6 18
1 0 19 10
1 2 34 4
1 3 4 22
1 4 55 1
1 5 10 25
1 6 8 18
1 7 51 1
1 8 5 22
1 9 5 22
1 10 2 29
1 14 1 9
1 16 6 20
1 17 126 7
1 18 1 29
1 19 1 3
1 21 52 2
1 22 12 23
1 24 6 25
1 26 1 19
2 0 1 26
2 3 2 4
2 4 28 2
2 5 59 1
2 6 185 1
2 7 2 28
2 8 3 14
2 9 41 2
2 10 1 25
2 11 170 1
2 12 67 11
2 17 84 1
2 20 30 1
3 0 7 20
3 1 7 15
3 2 17 4
3 4 2 29
3 5 6 27
3 7 194 1
3 8 6 2
3 9 2 22
3 10 9 16
3 11 162 1
3 12 2 9
3 16 6 15
3 17 1 24
3 20 164 2
3 22 7 14
3 23 5 11
3 24 6 17
3 27 1 20
4 0 140 1
4 1 2 4
4 3 60 1
4 5 235 1
4 6 419 1
4 8 36 25
4 9 2 14
4 10 1 5
4 12 57 5
4 16 70 1
4 18 4 13
5 0 7 1
5 1 6 10
5 3 14 23
5 4 2 2
5 6 14 1
5 7 186 2
5 8 8 9
5 9 263 1
5 10 212 1
5 11 49 10
5 12 8 27
5 16 13 16
5 17 15 11
5 18 4 23
5 21 2 19
5 24 8 11
5 27 24 16
6 0 35 1
6 1 3 25
6 2 1 24
6 3 4 19
6 4 24 1
6 5 13 14
6 7 241 1
6 8 13 24
6 9 9 2
6 10 11 2
6 11 6 1
6 12 203 2
6 13 58 1
6 14 142 1
6 17 26 2
6 22 40 2
6 24 2 21
6 25 2 8
6 27 54 16
7 0 1 25
7 1 2 4
7 2 1 2
7 3 68 1
7 6 43 1
7 9 1 3
7 11 212 1
7 12 81 2
7 15 80 1
7 22 73 2
7 23 2 14
7 24 193 1
7 27 32 1
8 0 6 18
8 1 6 5
8 2 2 24
8 3 5 3
8 4 206 1
8 5 4 1
8 6 46 1
8 7 180 1
8 9 116 1
8 10 109 1
8 11 16 2
8 12 9 12
8 13 1 23
8 14 41 2
8 15 117 1
8 16 8 4
8 17 96 1
8 21 16 3
8 24 6 14
8 27 5 21
9 0 75 2
9 1 221 2
9 4 1 15
9 5 85 1
9 6 26 22
9 10 81 1
9 11 167 1
9 12 3 16
9 13 83 25
9 14 1 6
9 17 1 15
9 21 36 2
9 22 59 5
9 25 6 1
10 2 10 2
10 3 1 21
10 4 1 6
10 5 1 20
10 6 167 6
10 8 81 1
10 9 35 8
10 11 1 15
10 12 1 29
10 13 2 29
10 14 3 25
10 18 1 3
10 22 118 1
10 24 6 14
10 25 1 1
10 26 9 3
11 1 148 1
11 2 55 1
11 6 1 13
11 7 2 18
11 8 6 1
11 9 4 6
11 10 159 1
11 15 21 1
11 20 8 4
11 21 1 3
11 23 10 15
11 24 117 1
11 25 4 19
11 27 5 19
12 0 1 4
12 1 1 16
12 3 45 6
12 4 107 27
12 5 3 25
12 7 11 23
12 9 30 1
12 10 171 2
12 14 109 1
12 16 2 19
12 17 1 10
12 21 79 1
12 23 13 9
12 24 1 1
13 1 6 26
13 5 23 3
13 9 1 3
13 10 15 10
13 17 2 17
14 11 2 6
14 12 11 22
14 13 1 7
14 15 1 25
14 17 25 7
14 22 5 9
14 27 17 16
15 5 1 9
15 7 212 11
15 8 1 14
15 10 237 1
15 11 86 1
15 14 2 23
15 17 64 16
15 18 1 24
15 23 1 19
15 25 28 2
16 0 6 27
16 1 6 3
16 3 9 3
16 5 7 12
16 6 113 1
16 7 4 22
16 8 6 2
16 12 2 23
16 17 18 1
16 22 3 16
16 24 6 3
17 0 58 2
17 1 302 1
17 2 153 2
17 3 3 27
17 4 1 11
17 6 2 11
17 7 1 15
17 8 50 1
17 11 5 1
17 13 50 28
17 16 1 16
17 18 37 29
17 21 30 20
17 24 41 8
18 0 1 3
18 4 1 19
18 9 92 2
18 13 20 11
18 17 41 1
18 19 4 27
19 0 8 25
19 1 3 7
19 2 1 17
19 6 98 8
19 10 4 10
19 20 13 29
20 0 149 1
20 1 52 4
20 2 1 6
20 3 2 11
20 4 2 6
20 6 46 1
20 11 129 3
20 15 1 13
20 17 1 26
20 19 51 1
20 27 1 19
21 4 2 28
21 10 72 18
21 17 1 15
21 26 1 17
22 3 2 1
22 5 7 15
22 8 3 4
22 10 2 17
22 12 43 1
22 17 39 13
22 23 4 16
22 24 19 17
22 26 3 3
23 6 3 23
23 9 24 5
23 11 1 15
23 22 7 27
23 24 2 28
23 26 1 11
24 0 8 2
24 1 6 1
24 2 1 25
24 3 7 29
24 4 2 22
24 5 6 18
24 7 122 1
24 8 6 22
24 11 37 1
24 16 6 22
25 1 20 27
25 2 10 2
25 4 1 23
25 10 29 2
25 11 71 1
25 13 1 22
25 14 1 2
25 23 16 1
25 27 2 29
26 8 78 12
27 7 45 1
27 10 8 8
27 11 147 10
27 19 1 17
27 25 1 29
27 26 53 7
