0 1 13 27
0 2 129 1
0 3 12 18
0 4 77 1
0 5 14 25
0 6 51 1
0 7 9 26
0 8 12 18
0 9 151 4
0 10 169 1
0 13 2 14
0 15 1 25
0 16 14 29
0 18 5 3
0 19 34 1
0 20 2 1
0 22 49 9
0 24 11 4
0 27 64 9
1 0 35 9
1 2 8 21
1 3 55 5
1 4 40 1
1 5 11 6
1 6 2 27
1 7 45 1
1 8 10 28
1 9 6 12
1 10 1 16
1 11 183 2
1 12 1 22
1 13 1 16
1 14 1 27
1 16 92 13
1 17 1 21
1 19 2 4
1 24 12 13
1 27 2 3
2 0 1 11
2 1 1 10
2 3 3 26
2 4 24 2
2 7 2 3
2 8 13 27
2 9 39 2
2 10 1 24
2 11 166 2
2 17 80 1
2 18 55 2
2 20 27 1
2 27 19 7
3 0 21 11
3 1 11 2
3 2 124 27
3 4 1 11
3 5 12 29
3 6 174 1
3 7 394 1
3 8 86 8
3 9 12 11
3 10 149 11
3 11 153 1
3 12 3 29
3 16 12 25
3 17 26 1
3 18 2 8
3 24 12 16
4 0 132 1
4 1 2 1
4 2 35 2
4 3 56 1
4 5 211 1
4 6 407 1
4 7 5 10
4 8 10 10
4 9 2 8
4 14 2 16
4 16 67 3
4 17 158 1
4 18 5 22
4 19 3 20
4 22 49 18
4 25 1 13
5 0 32 14
5 1 15 23
5 3 36 17
5 4 2 1
5 6 291 24
5 7 25 1
5 8 38 2
5 9 26 1
5 10 202 1
5 11 3 22
5 12 23 1
5 16 33 2
5 17 59 6
5 18 1 9
5 24 15 23
6 1 156 25
6 2 21 19
6 3 4 19
6 4 16 1
6 5 14 15
6 7 226 1
6 8 141 16
6 9 2 17
6 10 341 1
6 11 4 2
6 12 199 1
6 13 56 1
6 16 100 5
6 21 2 29
6 23 1 16
6 25 1 15
7 0 12 2
7 1 1 3
7 3 51 1
7 5 1 4
7 6 35 1
7 9 1 10
7 11 133 15
7 12 79 3
7 13 123 2
7 14 4 16
7 15 71 1
7 22 72 1
7 24 190 1
7 27 30 1
8 0 12 14
8 1 24 1
8 2 23 7
8 3 10 15
8 4 194 1
8 5 22 6
8 6 34 5
8 7 137 1
8 9 103 1
8 10 13 1
8 11 37 1
8 12 201 1
8 13 1 10
8 14 36 1
8 15 113 1
8 16 12 1
8 17 92 1
8 22 34 5
8 24 11 19
8 26 5 7
9 0 72 2
9 1 216 1
9 3 2 26
9 4 31 1
9 5 55 1
9 6 15 25
9 7 7 1
9 10 59 1
9 11 161 1
9 12 2 1
9 14 29 26
9 18 1 3
9 25 5 1
9 27 4 11
10 0 108 1
10 1 4 1
10 3 1 22
10 4 1 3
10 5 201 1
10 6 5 11
10 7 88 1
10 8 58 1
10 9 47 21
10 11 4 8
10 12 8 2
10 14 4 11
10 15 3 16
10 16 69 15
10 20 28 1
10 24 2 23
10 27 27 1
11 2 51 1
11 4 3 15
11 5 8 11
11 6 3 1
11 7 7 29
11 8 3 8
11 9 2 29
11 10 140 1
11 12 165 4
11 14 1 10
11 15 9 1
11 18 1 20
11 20 1 17
11 23 1 22
11 24 106 1
11 25 1 8
11 27 1 17
12 1 27 12
12 4 69 22
12 5 13 10
12 6 207 2
12 9 23 1
12 10 165 1
12 15 2 13
12 19 1 7
12 23 13 18
12 24 1 17
13 1 1 17
13 8 1 22
13 9 76 20
13 10 23 28
13 12 1 29
13 14 1 7
13 15 1 19
13 18 2 21
13 20 6 5
13 23 3 1
14 6 141 1
14 7 1 8
14 10 62 1
14 11 1 18
14 15 3 21
14 20 1 2
14 21 14 19
14 22 5 2
14 23 1 11
15 2 2 3
15 3 39 4
15 5 1 24
15 7 1 9
15 11 54 1
15 12 35 1
15 13 8 16
15 14 1 29
15 18 31 27
15 25 27 1
16 0 12 16
16 1 19 13
16 2 1 20
16 3 11 7
16 4 1 25
16 5 12 12
16 8 11 26
16 11 1 6
16 17 13 2
16 18 14 15
16 24 11 5
17 1 285 1
17 3 1 21
17 6 1 4
17 7 39 14
17 8 46 2
17 10 44 4
17 12 71 1
17 16 1 25
17 18 1 24
18 1 156 1
18 4 1 17
18 5 1 1
18 9 90 1
18 11 73 1
18 12 68 3
18 24 1 8
19 0 1 17
19 2 1 11
19 4 23 1
19 10 2 23
19 16 1 12
19 20 2 27
20 0 142 1
20 4 7 9
20 7 199 1
20 10 154 28
20 11 127 3
20 17 1 17
20 19 29 1
20 24 59 1
20 27 1 27
21 0 4 8
21 6 1 11
21 8 42 5
21 10 1 4
21 24 1 23
22 0 1 3
22 4 1 18
22 8 12 14
22 9 4 8
22 11 1 3
22 12 40 2
22 13 1 23
23 10 1 28
23 11 1 22
23 12 3 8
23 15 14 1
23 19 6 5
23 24 1 2
24 0 11 28
24 1 12 28
24 3 12 15
24 5 12 24
24 7 117 1
24 8 12 15
24 11 30 1
24 15 29 1
24 16 15 29
24 19 1 2
24 20 31 2
24 23 1 16
25 0 1 23
25 1 1 5
25 2 2 5
25 4 50 11
25 5 4 24
25 6 1 23
25 9 1 21
25 10 2 27
25 11 55 1
25 20 2 12
25 21 2 12
26 1 1 26
26 2 21 2
26 10 3 10
26 18 12 13
26 23 3 14
26 24 17 2
27 7 43 1
27 12 1 2
27 14 21 29
