0 1 10 29
0 2 107 1
0 3 162 13
0 4 60 1
0 5 11 26
0 7 1 22
0 8 11 23
0 10 161 1
0 12 106 2
0 14 1 28
0 16 65 23
0 17 25 10
0 18 50 27
0 19 17 1
0 23 14 2
0 24 25 21
0 26 1 22
1 0 13 11
1 2 87 18
1 3 22 7
1 4 11 1
1 5 10 10
1 6 5 29
1 7 32 1
1 8 21 5
1 9 7 20
1 10 7 23
1 11 173 1
1 12 1 22
1 13 3 2
1 14 1 28
1 16 9 18
1 17 2 7
1 20 1 14
1 22 2 3
1 24 25 18
1 26 1 26
2 0 3 11
2 1 3 12
2 3 7 18
2 4 15 1
2 5 53 1
2 6 180 1
2 7 12 19
2 8 4 10
2 10 2 27
2 11 155 2
2 17 68 2
2 18 53 1
3 0 69 5
3 1 10 19
3 2 9 1
3 4 4 20
3 5 10 25
3 6 159 2
3 7 357 1
3 8 188 16
3 11 130 1
3 12 2 11
3 16 87 20
3 19 1 24
3 22 1 18
3 24 103 15
4 0 113 1
4 1 6 23
4 2 156 10
4 3 46 2
4 5 150 1
4 6 373 1
4 7 2 7
4 8 1 5
4 9 3 8
4 14 1 1
4 16 59 2
4 17 143 2
4 18 7 4
4 22 1 10
4 25 1 27
4 26 13 1
5 0 23 15
5 1 60 5
5 2 2 16
5 3 10 9
5 4 25 5
5 6 278 2
5 7 177 2
5 8 79 6
5 9 203 1
5 10 177 1
5 12 129 2
5 16 107 21
5 17 11 5
5 18 2 22
5 23 13 25
5 24 20 11
6 0 19 2
6 1 2 28
6 2 70 13
6 3 2 21
6 5 52 29
6 7 187 1
6 8 3 16
6 9 21 1
6 10 315 1
6 11 1 4
6 14 133 3
6 17 15 3
6 20 1 13
6 24 10 23
6 25 3 6
6 27 7 24
7 0 48 27
7 1 1 23
7 2 3 22
7 3 18 1
7 8 1 20
7 9 13 19
7 10 1 23
7 11 198 1
7 12 73 4
7 15 49 1
7 19 11 2
7 23 4 18
7 24 180 3
8 0 11 4
8 1 10 2
8 2 4 21
8 3 21 5
8 4 165 1
8 5 14 10
8 6 3 5
8 7 81 18
8 9 71 1
8 10 344 1
8 11 35 1
8 14 24 1
8 16 23 12
8 17 81 1
8 18 14 2
8 19 92 3
8 20 139 1
8 22 30 4
8 23 11 1
8 24 10 13
9 1 202 1
9 3 1 4
9 4 32 10
9 5 5 1
9 6 18 29
9 7 2 25
9 10 16 1
9 11 145 2
9 17 2 19
9 18 18 5
9 26 27 11
10 0 99 1
10 2 227 1
10 4 3 18
10 5 199 1
10 6 1 15
10 8 7 1
10 9 77 23
10 11 2 6
10 12 80 20
10 13 2 20
10 14 14 6
10 15 3 27
10 19 90 20
10 21 1 14
10 22 110 1
11 0 37 1
11 1 132 2
11 2 40 1
11 3 12 17
11 4 1 4
11 6 1 7
11 7 7 9
11 8 16 1
11 10 103 1
11 13 1 2
11 14 4 14
11 15 1 16
11 18 4 19
11 20 8 9
11 21 2 18
11 24 78 1
11 25 65 19
11 27 3 15
12 0 1 24
12 1 1 7
12 3 3 18
12 4 8 7
12 5 2 4
12 10 148 2
12 11 1 28
12 13 1 19
12 16 2 17
12 17 17 7
12 23 1 28
13 4 32 4
13 6 1 18
13 9 76 12
13 10 1 20
13 12 6 23
13 24 8 4
14 1 5 4
14 2 1 10
14 6 134 1
14 7 17 14
14 8 1 1
14 10 306 1
14 11 8 27
14 13 2 19
14 15 1 25
14 16 17 12
15 3 37 4
15 4 1 9
15 5 1 27
15 6 11 6
15 7 1 11
15 8 1 28
15 10 229 1
15 11 292 1
15 12 30 4
15 13 5 1
15 23 1 14
16 0 21 14
16 1 10 16
16 3 98 9
16 5 23 27
16 6 109 2
16 7 1 22
16 8 10 13
16 17 4 2
16 18 161 22
16 23 18 9
16 24 10 22
16 26 1 26
17 0 42 1
17 1 242 1
17 3 2 8
17 4 3 4
17 6 1 8
17 7 5 24
17 8 38 1
17 9 7 3
17 16 10 6
17 18 2 8
17 26 31 2
18 0 1 22
18 4 2 9
18 6 14 3
18 9 84 1
18 19 2 12
19 0 12 10
19 6 96 1
19 7 2 19
19 14 12 7
19 20 3 11
20 0 124 1
20 1 42 1
20 3 92 20
20 13 40 2
20 19 97 1
20 21 26 1
20 23 1 28
21 6 4 26
21 8 41 1
21 10 77 2
21 20 34 24
21 27 10 27
22 7 100 1
22 11 6 15
22 12 35 2
22 13 1 2
22 14 5 2
23 0 35 29
23 6 2 1
23 9 21 5
23 11 23 2
23 15 10 4
23 20 11 5
23 22 3 12
24 0 10 25
24 1 24 23
24 3 96 4
24 5 90 12
24 8 11 24
24 11 14 1
24 15 27 2
24 16 10 23
24 17 19 1
24 23 1 22
24 27 2 29
25 0 1 12
25 1 2 16
25 2 1 14
25 4 1 19
25 5 4 28
25 6 1 6
25 9 2 4
25 10 1 6
25 11 21 1
25 12 24 28
25 16 1 11
25 24 36 10
26 15 1 9
26 17 8 7
27 6 1 7
27 7 37 1
27 17 1 18
27 25 1 26
27 26 3 1
