0 1 8 2
0 3 7 8
0 4 57 2
0 5 33 8
0 6 35 1
0 7 47 20
0 8 111 24
0 9 145 3
0 11 6 5
0 13 4 25
0 16 84 17
0 17 2 5
0 19 15 1
0 20 212 2
0 24 8 20
0 25 65 1
1 0 38 10
1 2 4 19
1 3 28 5
1 4 7 1
1 5 231 6
1 6 3 18
1 7 30 1
1 8 16 7
1 10 188 12
1 12 1 13
1 13 46 27
1 16 15 23
1 17 2 22
1 18 1 13
1 19 1 20
1 22 12 21
1 24 57 11
2 0 15 28
2 1 3 27
2 3 10 24
2 4 13 1
2 5 52 1
2 6 177 4
2 7 3 27
2 8 3 24
2 10 18 12
2 11 153 2
2 14 1 22
2 17 66 2
2 20 20 3
3 0 81 16
3 1 27 2
3 2 122 1
3 4 1 8
3 5 65 17
3 6 157 1
3 7 347 1
3 8 39 2
3 9 3 24
3 10 9 26
3 11 126 1
3 12 1 4
3 14 2 14
3 16 7 11
3 17 3 5
3 20 6 1
3 24 43 12
4 0 109 1
4 1 5 22
4 2 32 1
4 3 45 1
4 5 140 1
4 6 366 1
4 7 2 23
4 8 19 9
4 9 2 14
4 10 8 6
4 18 13 16
4 21 1 26
4 22 2 3
4 23 33 1
5 0 8 9
5 1 21 17
5 3 8 7
5 4 4 18
5 6 237 1
5 7 175 2
5 8 7 16
5 9 184 1
5 10 172 1
5 11 6 14
5 14 1 13
5 16 7 17
5 17 2 17
5 18 1 4
5 24 8 8
6 0 18 1
6 1 10 17
6 2 8 20
6 3 1 9
6 5 11 17
6 7 180 1
6 8 242 10
6 9 167 1
6 10 147 1
6 14 132 3
6 17 14 2
6 20 1 15
6 27 1 10
7 0 1 20
7 1 1 10
7 3 14 1
7 6 14 2
7 8 1 5
7 9 1 11
7 10 1 5
7 11 161 1
7 12 72 2
7 13 118 3
7 15 46 1
7 18 75 1
7 19 10 1
7 24 179 1
7 27 23 2
8 0 43 28
8 1 7 16
8 3 41 8
8 4 160 1
8 5 4 21
8 6 4 17
8 7 143 1
8 9 66 1
8 10 325 1
8 11 31 1
8 16 8 29
8 17 79 1
8 21 13 2
8 22 30 1
8 24 8 20
8 26 7 13
9 0 63 1
9 3 1 11
9 5 2 1
9 6 3 4
9 7 1 9
9 8 4 3
9 10 12 1
9 11 143 1
9 12 120 1
9 14 1 2
9 16 42 1
9 22 56 10
9 25 3 4
9 27 7 13
10 0 97 3
10 3 4 20
10 4 1 14
10 5 196 1
10 6 12 17
10 7 81 1
10 8 3 1
10 9 115 19
10 11 3 12
10 12 22 17
10 14 8 27
10 18 10 10
10 22 109 2
10 23 6 9
11 0 36 1
11 1 130 1
11 2 39 1
11 4 5 23
11 7 10 22
11 8 349 1
11 9 211 5
11 10 96 1
11 14 2 14
11 15 1 10
11 20 3 29
11 23 1 13
11 24 74 1
11 25 184 25
11 26 15 3
11 27 1 26
12 0 2 5
12 1 2 9
12 4 1 16
12 5 127 6
12 8 1 24
12 10 146 1
12 13 5 19
12 15 2 7
12 16 12 12
12 21 72 3
12 23 7 16
13 1 11 12
13 4 32 2
13 7 2 16
13 8 27 23
13 10 24 25
13 11 1 23
13 12 1 25
13 17 1 19
13 24 8 29
14 1 5 1
14 4 8 17
14 6 133 3
14 7 10 12
14 8 1 12
14 10 52 1
14 11 1 1
14 13 3 3
14 15 3 26
14 16 1 29
14 23 1 25
14 26 1 10
15 2 6 12
15 3 37 2
15 7 2 21
15 9 1 14
15 10 227 2
15 11 276 1
15 12 30 1
15 23 1 4
15 27 21 16
16 0 46 26
16 1 16 5
16 3 37 14
16 5 8 26
16 8 71 8
16 11 1 26
16 14 1 16
16 18 1 14
16 24 30 14
17 1 234 1
17 3 1 2
17 4 4 13
17 6 11 27
17 8 36 3
17 12 67 2
17 18 2 10
17 21 29 19
18 0 14 14
18 1 147 1
18 8 157 20
18 9 83 1
18 11 70 2
18 12 65 2
18 21 11 1
19 0 1 4
19 2 3 12
19 4 19 1
19 10 13 16
19 20 9 1
20 2 60 3
20 3 25 19
20 4 7 11
20 6 1 16
20 7 28 1
20 8 4 1
20 10 154 20
20 11 119 3
20 18 76 6
20 19 88 1
20 23 27 17
20 25 14 2
21 0 3 3
21 9 64 6
21 16 1 19
21 27 1 12
22 6 38 1
22 8 86 29
22 10 2 7
22 24 18 1
23 0 1 11
23 1 60 7
23 8 99 6
23 10 2 17
23 11 1 21
23 13 3 2
23 15 9 6
23 16 11 2
23 22 3 1
23 24 2 25
23 27 6 25
24 0 32 15
24 1 44 26
24 3 116 20
24 5 7 2
24 7 100 1
24 8 33 3
24 11 12 2
24 15 26 3
24 16 63 6
25 6 10 2
25 7 2 18
25 9 6 25
25 10 3 20
25 11 17 1
25 14 2 20
25 23 15 3
25 27 10 16
26 1 2 3
26 4 42 1
26 8 1 7
26 10 1 19
26 15 1 27
26 24 13 5
27 7 36 1
27 14 4 25
27 19 1 12
27 24 2 15
