0 1 6 14
0 2 101 1
0 3 168 7
0 4 55 1
0 5 6 21
0 6 33 1
0 7 4 19
0 8 6 26
0 9 144 1
0 10 158 1
0 14 2 16
0 16 148 14
0 17 7 1
0 18 2 3
0 19 13 1
0 22 49 6
0 24 84 18
0 25 2 15
0 26 9 14
1 0 25 1
1 2 130 9
1 3 38 18
1 4 5 2
1 5 74 26
1 6 15 15
1 7 29 1
1 8 16 9
1 9 2 17
1 10 5 2
1 12 1 8
1 13 2 2
1 14 1 24
1 15 14 1
1 16 44 22
1 17 4 22
1 18 1 24
1 20 2 2
1 22 1 14
1 24 115 25
1 25 82 1
2 0 29 13
2 1 2 25
2 3 8 11
2 4 12 4
2 5 52 1
2 7 1 9
2 8 12 19
2 9 30 4
2 10 4 3
2 11 152 1
2 17 65 1
2 20 20 1
2 23 1 3
3 0 23 25
3 1 85 4
3 2 6 1
3 5 20 25
3 6 155 1
3 7 340 1
3 8 69 17
3 9 78 19
3 10 163 23
3 11 123 1
3 14 3 13
3 16 31 25
3 18 10 10
3 22 1 5
3 24 40 29
3 26 1 28
3 27 10 5
4 0 107 1
4 1 2 20
4 3 44 1
4 5 132 1
4 6 361 1
4 7 2 22
4 8 6 9
4 9 2 6
4 12 9 7
4 13 2 18
4 14 3 28
4 17 139 1
4 18 5 20
4 22 2 19
4 24 1 7
5 0 6 16
5 1 56 27
5 2 57 27
5 3 51 27
5 4 3 9
5 6 198 1
5 7 173 2
5 8 5 28
5 9 169 1
5 10 169 1
5 14 1 25
5 16 5 19
5 18 1 13
5 24 6 23
6 1 20 14
6 2 1 19
6 3 1 28
6 5 124 22
6 7 176 1
6 9 164 2
6 10 142 1
6 12 184 2
6 13 50 1
6 14 131 4
6 15 23 4
6 23 73 29
6 25 2 3
6 27 1 22
7 0 1 17
7 1 17 24
7 3 11 1
7 4 9 27
7 6 13 1
7 8 3 8
7 9 1 1
7 10 1 8
7 11 134 1
7 13 117 3
7 15 43 1
7 22 66 1
7 23 4 25
7 24 177 3
8 0 107 17
8 1 89 28
8 2 2 8
8 3 155 2
8 4 156 1
8 5 225 24
8 6 5 10
8 7 132 1
8 9 63 1
8 10 200 1
8 11 28 22
8 12 199 2
8 13 7 27
8 16 5 26
8 17 78 1
8 18 13 1
8 24 5 28
8 26 5 4
9 0 62 2
9 1 198 1
9 2 5 13
9 6 3 21
9 7 39 17
9 8 4 19
9 10 9 1
9 11 141 1
9 12 118 22
9 14 5 9
9 15 84 1
9 17 1 10
9 18 2 6
9 20 1 17
9 27 1 2
10 0 96 2
10 4 3 14
10 6 1 13
10 7 79 1
10 9 16 9
10 11 1 21
10 14 97 14
10 15 3 19
10 16 3 22
10 20 22 7
11 0 35 1
11 1 129 1
11 2 37 1
11 4 15 22
11 6 5 27
11 7 10 27
11 8 346 1
11 10 91 1
11 14 2 5
11 15 1 17
11 17 1 2
11 23 49 6
11 24 70 1
11 26 15 2
12 1 2 14
12 4 8 21
12 6 194 1
12 7 4 14
12 8 1 3
12 9 5 1
12 10 143 2
12 13 3 19
12 15 2 12
12 17 17 4
12 21 71 5
13 1 1 14
13 4 31 4
13 10 1 19
13 12 4 18
13 14 25 1
13 15 1 17
13 24 2 13
14 6 133 1
14 7 1 1
14 8 1 16
14 10 48 1
14 11 1 25
14 13 4 24
14 15 1 1
14 20 2 22
15 3 36 6
15 4 1 8
15 5 4 11
15 6 11 1
15 11 263 1
15 12 29 2
15 25 23 9
16 0 5 14
16 1 6 21
16 2 1 13
16 3 25 8
16 5 26 27
16 8 5 22
16 18 2 7
16 21 22 1
16 22 17 3
16 24 32 22
17 0 38 2
17 1 228 1
17 3 1 19
17 4 86 14
17 8 35 3
17 16 1 10
17 25 33 13
18 0 1 23
18 4 1 18
18 6 13 3
18 9 82 1
18 10 1 16
18 11 69 7
18 12 64 8
18 16 182 1
19 0 2 29
19 6 95 4
19 8 3 1
19 14 12 1
19 16 2 27
19 20 7 9
19 25 2 11
20 0 119 1
20 2 60 10
20 6 1 10
20 11 119 1
20 14 1 3
20 15 3 17
20 19 82 1
20 23 7 3
20 25 14 4
21 0 3 22
21 10 1 23
21 26 1 7
22 6 38 1
22 9 1 8
22 10 3 20
22 12 33 4
22 23 1 10
23 5 8 2
23 6 3 10
23 9 20 3
23 16 11 2
23 19 6 9
23 26 19 1
24 0 6 13
24 1 6 16
24 2 6 8
24 3 38 15
24 5 5 11
24 6 88 2
24 8 80 10
24 11 11 1
24 12 10 10
24 13 1 1
24 15 26 6
24 16 30 16
24 23 1 4
24 26 1 21
25 2 2 20
25 10 1 18
25 11 14 1
25 14 1 2
25 15 26 1
25 23 14 1
25 27 1 6
26 1 2 3
26 3 1 4
26 10 36 29
26 12 16 2
26 17 8 16
26 23 7 22
27 1 53 6
27 6 1 8
27 13 1 27
27 16 24 3
27 19 1 25
27 20 10 4
27 25 1 19
27 26 35 1
