0 1 5 3
0 2 47 1
0 3 1 5
0 4 20 2
0 5 2 27
0 6 7 2
0 7 1 12
0 8 3 21
0 10 135 2
0 12 99 1
0 16 45 3
0 17 3 15
0 20 168 2
0 22 47 5
0 23 9 7
0 24 2 15
1 0 344 18
1 2 1 26
1 3 2 9
1 4 5 25
1 5 1 9
1 6 43 5
1 7 6 1
1 8 2 26
1 9 2 4
1 10 6 14
1 11 140 1
1 12 1 20
1 13 2 17
1 15 8 1
1 16 2 28
1 18 3 11
1 20 1 15
1 22 1 5
1 24 2 11
2 0 69 23
2 1 4 18
2 3 89 19
2 5 37 1
2 6 30 3
2 8 5 22
2 11 119 1
2 12 71 5
2 17 36 1
2 19 1 24
2 23 10 17
2 25 2 14
3 0 4 18
3 1 3 25
3 2 49 1
3 5 2 3
3 6 111 1
3 7 170 1
3 11 66 1
3 16 2 12
3 18 10 16
3 19 32 4
3 20 124 1
3 24 39 26
4 0 59 1
4 1 18 28
4 3 21 1
4 5 16 1
4 6 233 1
4 8 36 16
4 9 30 23
4 11 192 8
4 12 1 13
4 17 100 1
4 18 4 3
4 19 11 28
4 23 28 1
5 0 3 2
5 1 2 1
5 3 2 9
5 4 1 1
5 6 19 6
5 10 99 1
5 13 10 5
5 16 2 24
5 17 1 13
5 21 1 27
5 23 13 17
5 24 2 8
6 1 51 23
6 2 36 3
6 3 1 21
6 4 2 18
6 5 395 1
6 7 82 1
6 8 84 1
6 9 289 1
6 10 261 1
6 11 1 13
6 12 149 2
6 14 111 1
6 17 1 5
6 18 1 16
6 19 87 2
6 24 3 25
7 0 1 20
7 1 4 28
7 2 2 26
7 3 2 27
7 5 2 24
7 8 4 12
7 9 1 29
7 10 8 12
7 11 24 1
7 13 103 3
7 14 137 1
7 15 6 2
7 18 63 3
7 20 2 9
7 23 9 19
7 24 146 1
7 25 2 9
7 27 11 3
8 0 3 25
8 1 3 17
8 2 247 1
8 3 1 5
8 4 84 1
8 5 17 4
8 6 17 24
8 7 13 1
8 9 9 2
8 10 73 1
8 11 290 1
8 15 77 3
8 16 19 19
8 17 51 3
8 19 81 1
8 20 114 1
8 22 20 1
8 24 2 17
8 25 8 19
9 1 154 1
9 3 2 6
9 5 16 1
9 6 2 27
9 7 1 4
9 8 127 1
9 10 2 7
9 11 98 2
9 12 202 1
9 14 20 22
9 15 72 1
9 16 34 1
9 20 17 21
9 22 51 1
9 26 24 1
10 1 252 3
10 2 174 1
10 5 203 1
10 6 212 3
10 7 247 1
10 8 13 16
10 9 1 28
10 11 9 5
10 13 113 20
10 14 2 14
10 15 2 26
10 16 2 17
10 18 10 9
10 22 89 1
10 24 12 1
11 0 14 2
11 2 14 3
11 3 6 1
11 6 113 6
11 7 9 5
11 8 264 1
11 13 161 2
11 14 2 12
11 15 13 28
11 17 9 27
11 20 93 18
11 24 16 2
11 25 66 1
11 27 4 8
12 1 2 8
12 3 1 23
12 4 189 24
12 5 1 17
12 6 160 1
12 7 7 15
12 9 1 25
12 13 2 9
12 14 77 1
12 15 1 11
12 16 1 29
12 19 1 5
12 21 59 2
12 23 4 10
12 24 1 9
13 6 2 21
13 7 1 18
13 9 90 7
13 10 12 13
13 11 3 4
13 14 11 1
13 17 7 6
13 18 26 11
14 0 70 4
14 4 1 16
14 6 112 1
14 8 6 8
14 9 1 14
14 10 262 1
14 11 1 21
14 12 89 8
14 27 1 8
15 0 1 28
15 4 2 8
15 5 1 17
15 7 2 1
15 10 184 1
15 11 47 1
15 12 19 1
15 13 1 3
15 14 53 1
15 23 1 24
15 24 1 5
16 0 3 24
16 1 3 22
16 2 2 14
16 3 2 20
16 4 9 24
16 5 2 4
16 6 101 7
16 7 2 27
16 8 2 23
16 11 3 14
16 17 1 14
16 18 2 28
16 19 7 28
16 24 2 2
17 1 109 1
17 2 139 2
17 3 2 12
17 4 3 2
17 16 3 18
17 21 27 3
18 0 16 25
18 3 59 1
18 6 3 4
18 7 1 15
18 16 6 1
18 17 16 1
18 22 1 28
18 24 1 20
19 0 73 13
19 2 1 2
19 6 87 4
19 8 107 3
19 20 7 10
20 0 75 1
20 2 1 24
20 3 85 20
20 6 94 24
20 7 22 15
20 8 183 1
20 10 4 23
20 11 100 2
20 15 3 23
20 17 4 19
20 23 1 14
21 1 1 24
21 9 65 3
21 10 1 9
21 15 11 27
21 24 1 18
21 25 1 19
22 0 1 25
22 5 5 1
22 6 30 2
22 7 91 1
22 8 1 9
22 10 1 14
22 14 15 2
22 27 1 10
23 4 27 14
23 6 5 2
23 10 6 23
23 11 6 12
23 24 30 16
23 27 1 18
24 0 4 20
24 1 2 12
24 2 1 8
24 3 2 12
24 5 2 7
24 8 2 5
24 9 33 2
24 10 1 13
24 15 20 7
24 16 2 29
24 23 2 28
24 26 2 21
25 1 2 12
25 11 4 10
26 1 1 4
26 7 1 17
26 10 1 12
26 11 3 29
26 17 7 3
27 4 1 2
27 5 22 25
27 7 21 1
27 11 188 2
27 18 1 2
27 19 2 16
