0 1 48 7
0 3 9 12
0 4 15 3
0 5 11 15
0 6 4 3
0 7 5 4
0 8 11 14
0 10 131 2
0 14 2 11
0 16 11 15
0 17 3 27
0 18 1 22
0 20 160 1
0 24 10 28
0 25 11 3
0 26 2 23
1 0 14 10
1 2 26 23
1 3 18 28
1 4 4 13
1 5 10 26
1 6 130 23
1 8 10 11
1 9 2 16
1 14 4 15
1 16 10 13
1 17 12 12
1 18 21 1
1 19 14 17
1 22 1 26
1 24 11 14
2 0 1 22
2 1 53 9
2 3 13 1
2 6 153 1
2 8 33 4
2 10 11 9
2 11 112 1
2 17 32 1
2 20 5 6
2 21 11 18
3 0 20 15
3 1 33 23
3 2 4 1
3 5 11 22
3 6 103 1
3 7 139 1
3 8 9 16
3 11 56 1
3 12 40 17
3 14 15 1
3 16 12 8
3 19 1 1
3 20 118 1
3 22 1 22
3 23 1 1
3 24 20 2
3 25 33 1
3 27 1 13
4 0 51 1
4 1 3 10
4 2 137 1
4 5 6 1
4 6 209 1
4 8 2 2
4 9 34 21
4 10 197 15
4 12 84 2
4 14 1 14
4 17 93 2
4 18 15 6
4 19 1 26
4 22 1 29
5 0 12 29
5 1 18 2
5 3 10 10
5 4 11 21
5 6 12 2
5 7 149 1
5 8 10 25
5 9 1 21
5 10 86 1
5 12 12 2
5 14 1 12
5 16 11 6
5 17 83 25
5 21 2 15
5 22 1 23
5 24 38 25
6 2 17 10
6 4 6 8
6 5 77 1
6 7 67 1
6 8 16 4
6 9 258 1
6 10 71 1
6 11 2 1
6 12 142 1
6 14 106 3
6 15 11 7
6 25 1 27
7 0 17 18
7 2 3 13
7 3 3 4
7 4 12 24
7 6 1 5
7 8 27 7
7 10 9 25
7 11 2 1
7 13 100 3
7 15 3 1
7 16 1 21
7 18 61 1
7 19 2 14
7 20 1 19
7 22 53 1
7 23 28 7
7 25 5 21
7 27 9 7
8 0 11 4
8 1 21 26
8 2 144 1
8 3 9 19
8 4 72 1
8 5 9 22
8 6 228 7
8 7 165 1
8 10 220 1
8 11 273 1
8 13 1 6
8 16 22 14
8 19 79 2
8 20 110 1
8 24 11 1
8 25 1 18
8 26 1 16
8 27 1 21
9 1 145 1
9 2 5 8
9 4 222 26
9 5 14 15
9 6 6 18
9 7 24 23
9 8 256 1
9 10 3 1
9 11 91 1
9 12 197 1
9 15 69 4
9 19 46 1
9 20 2 5
9 23 33 1
9 27 9 20
10 0 68 1
10 2 163 1
10 3 1 9
10 4 2 12
10 5 191 1
10 6 264 1
10 7 40 1
10 8 6 28
10 9 1 2
10 11 7 5
10 12 139 27
10 13 98 1
10 14 2 27
10 15 6 3
10 16 1 2
10 18 4 23
10 22 86 1
10 26 3 1
10 27 12 4
11 1 92 1
11 2 11 3
11 5 1 9
11 6 2 2
11 7 35 11
11 8 247 1
11 10 5 1
11 13 157 1
11 14 3 9
11 15 78 21
11 17 1 27
11 20 16 21
11 21 2 22
11 22 126 1
11 23 1 29
11 24 10 2
11 25 310 1
11 27 4 5
12 0 1 5
12 1 42 23
12 2 4 2
12 6 153 1
12 7 3 14
12 9 1 10
12 13 3 17
12 15 6 19
12 21 56 2
12 23 2 29
12 27 2 9
13 1 52 11
13 6 1 20
13 9 89 4
13 10 5 27
13 12 11 23
13 14 6 1
13 15 5 29
13 17 1 27
13 18 1 22
14 2 4 6
14 4 9 25
14 5 1 3
14 6 108 1
14 7 2 5
14 8 2 22
14 10 231 1
14 11 3 12
14 13 1 2
14 15 37 11
15 2 11 18
15 5 1 27
15 6 3 2
15 7 213 1
15 10 174 1
15 11 23 1
15 14 45 1
15 25 15 1
16 0 11 24
16 1 10 25
16 3 10 26
16 5 11 22
16 7 5 9
16 8 11 9
16 9 1 14
16 10 105 10
16 11 1 5
16 12 1 4
16 18 2 1
16 24 11 3
16 26 2 25
16 27 1 11
17 0 10 3
17 1 90 1
17 2 134 2
17 3 2 13
17 4 2 13
17 5 2 15
17 6 1 11
17 10 21 4
17 12 56 1
17 13 3 3
17 14 66 1
17 25 36 8
17 26 28 2
18 0 4 3
18 3 58 2
18 4 5 1
18 5 1 18
18 10 4 12
18 12 55 4
18 16 151 1
18 17 13 1
18 19 1 3
19 0 1 1
19 4 9 1
19 7 1 28
19 18 1 6
19 20 62 7
20 2 1 29
20 3 1 3
20 4 3 17
20 5 1 17
20 6 1 15
20 22 1 29
21 20 34 21
22 10 1 26
22 12 18 1
22 15 1 28
23 8 90 1
23 11 20 25
23 12 1 14
23 21 1 3
24 0 25 18
24 1 28 4
24 3 12 6
24 4 6 5
24 5 11 1
24 8 11 12
24 10 1 16
24 14 1 25
24 16 11 4
24 23 6 6
24 26 1 21
25 0 3 23
25 1 2 3
25 4 2 14
25 6 1 24
25 7 10 14
25 8 1 4
25 10 2 4
25 11 4 20
25 12 1 18
25 13 1 11
25 14 9 9
25 20 5 11
26 4 39 1
26 8 1 7
26 10 1 13
26 15 1 11
26 27 4 12
27 4 1 9
27 9 3 23
27 11 186 1
27 12 2 14
27 13 1 21
27 14 3 11
27 26 15 2
