0 1 24 26
0 2 38 1
0 3 138 13
0 5 11 6
0 7 1 11
0 8 19 16
0 16 12 27
0 17 141 2
0 18 1 15
0 20 159 1
0 22 47 1
0 24 12 2
0 26 1 12
1 0 15 6
1 2 35 1
1 3 12 8
1 4 4 21
1 5 48 25
1 6 2 17
1 8 11 29
1 9 1 20
1 11 133 2
1 12 5 28
1 13 1 11
1 15 7 1
1 16 66 20
1 17 2 15
1 18 39 11
1 20 1 28
1 24 11 20
2 0 60 4
2 1 17 18
2 3 12 17
2 6 152 1
2 7 2 10
2 8 195 26
2 10 3 21
2 11 112 1
2 12 7 16
2 17 31 3
2 18 44 1
3 0 13 24
3 1 12 9
3 2 1 24
3 5 43 20
3 6 102 1
3 7 137 1
3 8 10 25
3 11 56 1
3 12 1 2
3 14 24 26
3 15 4 17
3 16 11 26
3 17 40 6
3 19 1 1
3 20 117 1
3 22 2 3
3 23 1 1
3 24 16 16
3 25 33 1
3 26 4 15
3 27 21 14
4 0 50 1
4 1 55 13
4 2 136 1
4 3 18 1
4 5 5 2
4 6 207 1
4 8 5 15
4 9 4 8
4 12 1 15
4 15 2 10
4 18 1 15
4 19 4 3
4 20 136 4
4 24 2 18
4 26 9 7
5 0 11 17
5 1 10 27
5 2 57 23
5 3 11 24
5 4 185 1
5 6 19 20
5 7 148 1
5 8 8 7
5 9 2 2
5 10 85 1
5 11 11 25
5 16 15 20
5 17 1 17
5 24 32 11
6 3 2 28
6 4 6 26
6 5 63 6
6 7 66 1
6 8 103 1
6 9 255 1
6 10 68 1
6 11 3 25
6 12 142 1
6 13 34 1
6 18 1 12
6 20 1 4
6 21 34 17
6 24 24 26
6 27 2 7
7 0 1 15
7 1 1 19
7 2 31 13
7 3 3 12
7 4 1 17
7 8 13 11
7 9 1 14
7 11 1 1
7 14 3 1
7 15 2 2
7 18 61 4
7 21 1 28
7 22 52 2
7 24 139 2
7 25 1 19
7 26 75 1
8 0 15 6
8 1 13 5
8 2 141 1
8 3 10 22
8 4 71 1
8 5 10 15
8 6 14 14
8 7 162 1
8 10 214 1
8 11 272 1
8 12 182 3
8 13 1 19
8 15 72 3
8 16 17 25
8 20 110 1
8 24 22 22
9 0 40 1
9 1 144 2
9 2 1 20
9 4 86 1
9 5 5 24
9 6 1 15
9 7 1 9
9 8 255 1
9 10 21 18
9 11 90 1
9 12 196 1
9 14 1 3
9 16 32 5
9 19 45 12
9 21 25 1
9 23 33 1
9 24 1 29
10 0 67 2
10 2 162 2
10 4 25 15
10 5 190 1
10 6 263 17
10 7 39 1
10 8 29 27
10 9 31 21
10 11 3 25
10 12 1 27
10 13 98 1
10 14 21 24
10 19 87 2
10 20 12 1
10 22 85 2
10 24 1 11
10 26 2 18
11 0 11 3
11 1 92 1
11 3 16 22
11 4 2 29
11 6 1 18
11 7 147 8
11 8 245 1
11 10 4 1
11 13 157 2
11 14 2 12
11 15 4 1
11 17 3 13
11 20 2 9
11 22 126 1
11 25 308 1
12 0 7 29
12 1 2 3
12 3 4 3
12 5 1 24
12 6 152 1
12 7 2 12
12 8 163 3
12 9 1 5
12 10 90 1
12 11 3 22
12 13 4 10
12 15 1 13
12 17 2 12
12 19 12 11
13 4 24 1
13 5 20 1
13 6 67 8
13 10 13 29
13 11 1 15
13 12 1 23
13 14 5 4
13 15 2 26
14 4 10 12
14 6 108 1
14 7 70 3
14 10 228 1
14 11 1 9
14 13 1 12
14 15 3 7
14 17 16 1
14 27 1 12
15 4 1 10
15 7 213 1
15 8 2 9
15 9 3 29
15 10 174 1
15 11 21 1
15 14 44 1
15 20 1 22
15 22 4 12
15 23 2 17
15 24 6 27
15 25 14 4
16 0 11 27
16 1 21 16
16 2 1 7
16 3 16 29
16 5 22 27
16 7 62 22
16 8 11 3
16 17 1 29
16 18 3 10
16 21 22 5
16 24 11 21
17 1 88 1
17 4 3 23
17 11 165 2
17 12 55 8
17 14 65 2
17 16 2 1
17 18 26 11
17 20 122 1
17 21 26 13
17 25 1 26
18 1 115 2
18 2 62 7
18 4 5 2
18 16 151 1
18 17 13 4
18 22 1 19
19 0 112 24
19 1 8 22
19 2 3 24
19 4 9 2
19 8 105 9
19 20 1 28
20 0 66 2
20 3 1 20
20 4 7 5
20 5 1 27
20 6 1 19
20 11 97 1
20 14 1 16
20 17 41 19
20 21 24 7
20 22 14 17
21 12 33 2
21 26 10 16
22 0 1 6
22 4 4 25
22 6 29 5
22 9 3 12
22 10 2 20
22 11 1 27
22 12 18 1
22 13 3 29
22 14 14 1
22 23 3 3
22 25 3 1
23 6 1 5
23 7 117 1
23 8 90 3
23 9 14 1
23 10 1 22
23 11 3 20
23 24 1 25
23 26 18 1
24 0 11 9
24 1 12 13
24 2 1 1
24 3 11 15
24 4 1 10
24 5 22 21
24 7 56 2
24 8 62 13
24 10 2 28
24 15 19 1
24 16 24 3
24 23 4 7
25 2 2 13
25 4 3 6
25 6 2 7
25 7 2 1
25 8 1 23
25 10 1 16
25 11 2 29
25 12 8 29
25 14 3 14
25 16 6 28
25 20 4 3
26 4 38 9
26 6 1 22
26 25 1 15
26 27 1 24
27 6 2 4
27 11 185 1
27 15 2 27
27 24 1 6
27 25 7 26
