0 1 56 8
0 2 18 2
0 3 306 4
0 5 18 22
0 7 1 20
0 8 5 27
0 12 93 1
0 16 5 25
0 18 1 3
0 19 1 2
0 20 135 1
0 21 42 6
0 24 14 20
0 25 1 1
1 0 39 13
1 2 17 1
1 3 133 3
1 4 3 10
1 5 4 1
1 6 2 20
1 8 35 4
1 9 7 28
1 11 117 2
1 12 1 22
1 13 11 4
1 16 5 5
1 17 2 14
1 18 41 20
1 20 1 15
1 24 18 11
2 0 1 7
2 1 85 10
2 3 113 1
2 6 1 1
2 10 19 26
2 12 6 1
2 21 1 14
2 23 1 26
2 25 2 4
3 0 6 1
3 1 76 20
3 2 1 1
3 4 9 4
3 5 4 28
3 6 79 1
3 7 64 1
3 8 42 20
3 9 5 13
3 16 4 21
3 19 30 1
3 20 98 1
3 24 49 17
3 25 29 5
4 0 31 1
4 1 3 11
4 2 128 1
4 5 1 17
4 6 141 1
4 8 146 1
4 9 2 22
4 12 1 14
4 15 1 12
4 16 25 1
4 17 74 1
4 18 1 25
4 20 133 2
4 23 25 7
5 0 5 8
5 1 32 21
5 2 2 3
5 3 4 29
5 4 184 1
5 6 12 13
5 7 126 1
5 8 1 22
5 9 27 25
5 10 54 2
5 11 15 8
5 14 1 24
5 16 81 28
5 19 1 25
5 24 88 10
6 1 6 1
6 2 2 9
6 4 2 18
6 5 131 1
6 7 33 1
6 8 112 1
6 9 57 1
6 10 41 1
6 11 3 3
6 12 122 1
6 13 28 2
6 14 94 1
6 16 79 5
6 20 2 23
6 25 1 1
7 0 1 28
7 2 16 14
7 3 2 11
7 4 1 7
7 5 6 3
7 6 1 8
7 8 3 2
7 9 151 10
7 10 1 9
7 11 5 26
7 12 46 3
7 13 92 1
7 20 1 7
7 22 46 1
7 25 7 20
7 26 71 1
8 0 55 6
8 1 6 12
8 2 182 1
8 3 51 5
8 4 43 1
8 5 73 25
8 6 5 6
8 7 71 1
8 10 74 1
8 11 225 1
8 12 170 1
8 16 4 12
8 19 73 1
8 24 73 20
9 1 120 1
9 2 1 16
9 4 214 1
9 5 9 24
9 6 1 22
9 7 120 18
9 8 5 1
9 10 6 26
9 11 70 1
9 12 249 1
9 13 83 3
9 14 2 28
9 17 1 22
9 18 107 2
9 24 3 17
10 2 133 1
10 3 1 9
10 4 4 11
10 5 153 1
10 6 280 16
10 7 229 1
10 8 7 20
10 9 28 1
10 11 3 11
10 12 1 20
10 13 85 1
10 14 4 16
10 15 1 2
10 18 103 20
10 22 75 1
10 24 7 26
10 25 1 23
11 0 5 4
11 1 76 1
11 3 8 1
11 4 11 7
11 6 2 21
11 7 61 23
11 8 198 1
11 10 1 6
11 13 145 1
11 14 23 11
11 15 8 27
11 18 1 20
11 20 2 13
11 21 5 16
11 22 124 14
11 25 295 1
11 27 1 24
12 1 4 22
12 2 2 24
12 6 133 1
12 7 4 14
12 8 7 2
12 9 1 27
12 10 69 1
12 13 2 7
12 14 61 1
12 15 1 4
12 16 2 14
12 17 1 28
12 18 2 16
12 21 49 3
12 22 33 3
13 5 19 1
13 7 1 1
13 10 1 19
13 11 1 16
13 12 2 16
13 15 6 1
13 18 1 21
14 6 95 1
14 8 1 23
14 9 2 20
14 10 150 1
14 11 2 3
14 12 1 13
14 13 2 12
14 15 1 17
14 18 23 6
14 24 29 9
14 25 19 2
15 2 11 5
15 8 12 12
15 9 1 19
15 10 146 1
15 11 1 29
15 14 28 1
15 22 8 19
15 24 1 1
15 25 11 1
16 0 5 2
16 1 68 1
16 3 5 2
16 4 19 17
16 5 28 10
16 8 16 27
16 17 9 28
16 20 62 1
16 21 21 20
16 24 125 10
16 27 1 15
17 0 3 2
17 1 44 1
17 2 119 2
17 3 2 27
17 4 1 19
17 5 5 25
17 6 3 23
17 7 1 21
17 8 7 4
17 24 32 1
17 25 6 23
17 26 26 5
18 1 101 2
18 4 47 1
18 9 53 4
18 16 124 1
18 17 8 3
18 22 1 13
19 0 117 3
19 2 1 3
19 4 6 1
19 7 7 8
19 8 102 1
19 10 28 28
19 16 1 26
19 20 3 20
20 0 46 1
20 4 1 1
20 5 2 19
20 6 1 20
20 7 189 4
20 8 171 4
20 15 5 13
20 17 4 29
20 19 1 4
20 23 1 25
21 1 1 15
21 5 13 5
21 6 1 26
21 12 32 2
22 1 5 3
22 6 25 9
22 7 84 1
22 11 1 16
22 15 1 17
23 0 1 16
23 3 3 10
23 6 1 18
23 7 108 1
23 8 86 2
23 11 2 19
23 20 6 15
23 24 9 21
24 0 121 25
24 1 56 13
24 2 3 7
24 3 56 10
24 5 5 29
24 7 40 1
24 8 5 22
24 10 3 19
24 11 2 3
24 12 3 14
24 13 2 17
24 16 19 21
24 23 2 20
24 26 5 11
25 1 1 28
25 5 7 9
25 7 1 12
25 11 2 2
25 15 13 4
25 16 1 18
25 18 32 4
25 27 18 14
26 1 2 8
26 5 2 16
26 27 1 13
27 6 2 9
27 7 12 5
27 10 109 1
27 19 2 17
27 25 9 24
27 26 21 22
