0 1 39 1
0 2 7 1
0 3 2 29
0 5 18 7
0 7 2 3
0 8 14 1
0 10 107 1
0 14 1 10
0 15 9 19
0 16 73 1
0 17 4 11
0 22 44 15
0 23 6 1
0 24 136 1
0 27 62 12
1 0 126 1
1 2 34 1
1 3 136 1
1 4 3 13
1 5 71 1
1 6 111 1
1 8 72 3
1 9 7 12
1 11 104 1
1 13 2 26
1 16 64 1
1 17 392 1
1 19 129 4
1 20 20 2
1 24 107 1
2 0 1 23
2 1 24 3
2 3 96 1
2 4 1 8
2 6 107 1
2 8 194 12
2 10 10 8
2 17 12 2
2 18 36 3
2 22 1 6
2 25 2 27
3 0 86 1
3 1 17 1
3 2 3 16
3 5 41 1
3 6 61 1
3 7 21 1
3 8 217 1
3 11 18 1
3 12 6 21
3 15 8 22
3 16 102 1
3 21 1 23
3 24 23 2
3 25 27 1
4 0 18 1
4 1 14 10
4 2 119 1
4 5 1 20
4 6 91 1
4 9 3 14
4 11 183 1
4 16 19 2
4 17 59 1
4 18 2 11
4 19 18 10
4 20 129 2
4 26 7 16
4 27 61 2
5 0 229 4
5 1 208 1
5 3 97 1
5 4 120 10
5 6 176 4
5 7 106 2
5 8 65 1
5 9 23 26
5 12 111 2
5 16 74 7
5 17 19 29
5 18 2 4
5 22 3 6
5 24 42 17
6 0 2 5
6 1 158 1
6 2 36 20
6 4 21 8
6 8 2 28
6 9 160 1
6 10 28 1
6 11 3 10
6 12 105 2
6 13 23 4
6 14 83 2
6 15 4 9
6 20 1 19
6 21 2 29
6 24 16 8
7 0 3 23
7 2 4 27
7 3 2 28
7 4 1 4
7 5 1 2
7 6 6 21
7 8 7 5
7 9 162 21
7 10 1 17
7 11 62 17
7 12 40 4
7 13 84 2
7 14 6 19
7 20 4 15
7 22 41 2
7 24 104 2
7 25 2 17
7 26 67 1
7 27 2 6
8 0 33 1
8 1 31 21
8 2 116 1
8 3 181 1
8 5 56 5
8 6 184 1
8 7 20 1
8 9 1 27
8 10 11 1
8 11 185 1
8 12 158 1
8 13 74 18
8 16 25 17
8 19 67 1
8 20 88 1
8 22 10 9
8 24 102 1
8 26 21 6
9 1 100 1
9 2 1 18
9 4 95 1
9 5 98 15
9 7 1 19
9 8 233 1
9 10 29 27
9 11 54 1
9 12 206 1
9 14 30 20
9 15 56 1
9 17 17 26
9 23 27 1
10 0 46 2
10 1 224 1
10 2 108 1
10 3 2 4
10 4 1 27
10 5 122 1
10 6 183 1
10 7 204 1
10 8 25 28
10 9 278 1
10 11 4 7
10 14 5 7
10 20 5 8
10 24 15 10
10 25 3 28
11 0 1 8
11 1 64 1
11 3 216 1
11 4 4 21
11 7 422 23
11 8 159 1
11 10 2 11
11 12 134 3
11 13 133 3
11 14 61 18
11 15 3 26
11 17 12 5
11 19 102 4
11 20 1 6
11 22 1 3
11 25 225 1
11 27 1 28
12 0 2 27
12 1 1 14
12 4 187 2
12 5 22 3
12 6 116 1
12 7 86 4
12 8 165 1
12 9 1 23
12 10 53 1
12 13 1 4
12 14 52 1
12 15 3 15
12 17 29 13
12 20 77 1
12 22 27 3
12 23 1 23
13 2 9 5
13 3 22 3
13 5 17 1
13 6 1 21
13 7 11 27
13 11 1 13
13 12 1 3
13 15 3 1
13 24 9 29
14 2 17 1
14 6 84 2
14 8 2 25
14 9 1 16
14 10 102 1
14 11 1 26
14 13 1 9
14 15 22 1
14 18 22 1
14 23 2 5
14 26 4 9
15 2 1 16
15 7 188 1
15 10 122 1
15 11 2 22
15 13 1 18
15 14 13 1
15 20 10 11
15 23 5 17
15 25 8 3
16 0 45 1
16 1 169 1
16 3 15 1
16 5 22 10
16 8 51 1
16 17 11 4
16 18 11 1
16 19 5 7
16 24 64 1
17 1 17 1
17 3 15 14
17 4 149 21
17 5 1 2
17 6 1 7
17 7 74 9
17 11 160 3
17 12 47 4
17 18 3 16
17 19 1 25
17 20 114 5
18 0 1 27
18 1 89 1
18 2 58 2
18 3 52 8
18 4 257 1
18 5 3 22
18 9 46 2
18 12 47 2
18 16 97 1
18 19 1 6
18 20 36 5
19 1 15 28
19 4 3 11
19 6 76 6
19 10 28 25
19 15 2 16
19 20 77 1
20 0 32 1
20 1 8 1
20 2 1 1
20 3 85 4
20 5 2 28
20 8 164 1
20 10 158 3
20 17 1 6
20 19 11 17
20 21 22 3
20 22 1 5
20 23 4 8
20 24 49 8
21 6 7 27
21 9 1 24
21 12 30 7
21 26 1 13
21 27 10 18
22 4 6 9
22 9 1 8
22 16 4 6
22 24 9 1
23 0 4 28
23 4 30 8
23 6 1 1
23 7 99 3
23 8 82 2
23 10 1 20
23 11 2 15
23 12 4 14
23 13 3 22
23 22 1 15
24 0 96 1
24 1 46 1
24 3 94 1
24 5 11 1
24 7 28 1
24 8 240 1
24 9 24 4
24 11 9 15
24 13 3 3
24 15 13 5
24 16 47 1
24 26 1 17
25 1 1 10
25 4 1 19
25 6 23 18
25 7 1 7
25 10 1 26
25 11 3 2
25 14 1 22
25 18 32 2
25 21 8 2
25 24 27 10
25 26 1 3
26 1 1 15
26 15 1 29
26 23 16 18
26 27 9 8
27 2 1 1
27 3 25 10
27 7 8 6
27 10 108 2
27 25 1 17
27 26 18 2
