0 1 38 1
0 3 231 1
0 5 140 2
0 7 2 9
0 8 151 1
0 9 103 1
0 10 105 1
0 12 88 5
0 13 5 6
0 15 6 2
0 16 91 16
0 17 12 20
0 19 2 8
0 20 110 2
0 24 26 1
1 0 13 1
1 2 26 1
1 3 121 1
1 4 48 29
1 5 185 1
1 6 1 12
1 8 16 1
1 9 3 5
1 10 2 14
1 12 2 5
1 14 3 1
1 16 172 1
1 19 128 24
1 24 79 1
1 25 67 1
1 26 1 13
2 1 1 10
2 3 52 1
2 5 18 4
2 6 104 1
2 8 3 1
2 10 1 17
2 12 73 1
2 18 36 1
2 19 24 19
2 22 1 11
2 23 11 26
3 0 21 21
3 1 119 1
3 2 7 18
3 4 88 25
3 5 60 5
3 6 57 1
3 7 15 1
3 8 27 27
3 9 1 18
3 13 1 13
3 14 1 25
3 16 9 2
3 18 9 26
3 19 7 3
3 20 79 2
3 24 106 1
3 26 1 29
3 27 26 7
4 0 16 1
4 1 158 14
4 2 115 1
4 3 4 1
4 5 4 5
4 6 82 1
4 7 3 20
4 8 53 15
4 9 1 22
4 10 251 1
4 12 89 13
4 15 1 2
4 17 56 1
4 18 1 2
4 19 6 8
4 21 1 19
4 24 1 15
4 25 4 9
5 0 39 1
5 1 52 2
5 2 51 3
5 3 32 1
5 4 169 1
5 6 45 19
5 7 102 1
5 8 387 1
5 9 19 4
5 11 1 2
5 14 40 7
5 15 4 2
5 16 9 1
5 17 2 14
5 19 1 9
5 21 8 16
5 22 3 29
5 24 150 1
6 0 2 3
6 1 145 1
6 3 110 2
6 4 2 19
6 5 3 26
6 7 10 1
6 8 4 9
6 9 38 1
6 10 129 1
6 11 1 3
6 12 102 1
6 13 22 2
6 18 1 21
6 21 38 14
6 24 27 16
6 26 4 6
7 0 1 21
7 1 3 19
7 2 1 10
7 3 9 7
7 4 28 2
7 5 1 9
7 6 1 6
7 8 3 1
7 9 4 24
7 10 18 21
7 11 17 10
7 13 83 1
7 14 45 1
7 16 1 23
7 17 1 13
7 18 50 1
7 20 8 29
7 22 40 1
7 24 101 1
7 25 1 25
7 27 2 2
8 0 14 1
8 1 23 1
8 2 97 1
8 3 31 1
8 4 20 1
8 5 72 1
8 6 167 3
8 7 13 1
8 9 1 29
8 10 4 1
8 11 177 1
8 12 156 1
8 14 1 25
8 16 51 1
8 17 24 3
8 19 66 4
8 24 72 1
8 26 21 3
9 1 96 1
9 2 2 17
9 4 89 1
9 5 18 11
9 6 182 1
9 7 7 12
9 8 225 1
9 10 58 12
9 11 51 2
9 12 196 1
9 13 4 1
9 14 24 17
9 16 24 6
9 21 19 2
9 26 19 12
10 0 44 3
10 1 220 1
10 2 103 1
10 3 2 15
10 4 28 25
10 5 116 1
10 6 173 1
10 7 197 1
10 8 6 23
10 9 18 17
10 11 5 27
10 13 91 1
10 15 77 29
10 16 1 24
10 19 81 3
10 24 3 13
10 25 2 10
11 3 211 2
11 5 10 15
11 7 1 1
11 8 151 1
11 9 8 1
11 10 1 10
11 14 1 14
11 15 3 4
11 20 1 17
11 25 210 1
11 27 1 22
12 0 79 12
12 1 22 7
12 2 61 17
12 3 9 7
12 5 21 15
12 7 28 8
12 8 43 1
12 9 1 28
12 10 49 2
12 13 1 18
12 14 49 1
12 15 3 26
12 16 2 12
12 18 1 19
12 19 1 1
12 21 42 3
13 1 8 9
13 6 6 19
13 7 2 26
13 10 1 22
13 12 1 10
14 0 64 1
14 3 12 6
14 4 1 7
14 5 3 3
14 6 82 2
14 8 1 20
14 9 5 15
14 10 89 1
14 11 5 6
14 23 21 3
14 24 27 1
14 27 21 14
15 3 21 3
15 7 182 1
15 8 4 28
15 9 38 26
15 10 117 1
15 11 2 17
15 12 8 4
15 20 1 17
15 22 8 18
15 23 6 13
15 24 11 20
16 0 43 1
16 1 141 1
16 3 67 10
16 5 41 1
16 8 78 1
16 12 1 2
16 14 1 25
16 17 1 14
16 18 22 1
16 24 33 2
17 1 13 1
17 2 103 1
17 3 1 24
17 6 5 6
17 7 5 17
17 10 11 1
17 16 10 21
17 19 3 27
17 24 29 7
18 4 34 25
18 7 2 5
18 9 45 1
18 11 51 6
18 16 91 1
18 19 1 18
19 0 1 2
19 6 75 5
19 7 1 8
19 20 85 1
19 22 2 29
20 0 29 2
20 2 2 10
20 5 1 12
20 6 7 10
20 11 77 1
20 17 43 20
20 19 6 5
20 23 32 12
20 27 1 25
21 6 8 5
21 8 29 2
21 11 1 8
21 16 1 4
21 23 13 2
22 4 5 16
22 10 6 13
22 11 3 11
22 16 4 29
22 21 2 21
22 23 10 2
22 25 2 5
22 27 2 5
23 0 39 12
23 1 52 3
23 7 97 3
23 9 9 1
23 11 8 11
23 24 33 5
24 0 20 1
24 1 71 1
24 3 136 1
24 4 2 18
24 5 175 1
24 6 70 3
24 7 26 1
24 8 183 1
24 9 23 2
24 11 12 14
24 16 68 1
24 23 6 25
25 2 4 4
25 5 1 28
25 6 8 14
25 7 2 23
25 8 7 9
25 9 2 23
25 10 4 17
25 11 14 14
25 13 9 2
25 26 1 18
25 27 3 8
26 2 20 7
26 7 2 23
26 8 4 3
26 10 1 26
26 11 1 16
26 12 11 6
26 25 1 7
26 27 1 13
27 5 22 16
27 7 7 1
27 8 92 8
27 11 168 1
27 25 1 16
27 26 16 1
