0 1 111 1
0 3 3 19
0 5 59 1
0 7 102 21
0 8 32 1
0 10 100 1
0 14 4 16
0 15 9 8
0 16 66 1
0 17 5 19
0 19 13 16
0 20 101 1
0 24 68 1
0 25 2 18
1 0 124 5
1 2 99 1
1 3 1 24
1 4 9 19
1 5 45 3
1 6 5 8
1 7 1 17
1 8 43 1
1 9 1 13
1 16 100 1
1 17 48 1
1 18 2 21
1 22 6 21
1 23 1 3
1 24 127 1
1 26 1 28
2 0 1 7
2 1 1 12
2 3 34 1
2 5 16 1
2 6 90 1
2 8 437 1
2 10 5 29
2 22 1 24
3 0 167 1
3 1 15 12
3 2 7 6
3 4 1 20
3 5 87 1
3 7 5 1
3 8 79 1
3 10 37 6
3 11 10 1
3 12 2 25
3 13 2 29
3 15 14 1
3 16 39 2
3 20 72 2
3 22 1 7
3 23 2 20
3 24 88 1
3 27 27 13
4 0 11 1
4 1 7 4
4 2 106 1
4 5 1 17
4 6 62 1
4 7 65 18
4 8 1 3
4 9 27 8
4 10 245 1
4 11 179 1
4 12 90 5
4 17 50 1
4 19 1 3
4 22 3 12
5 0 86 5
5 1 124 1
5 2 48 4
5 3 60 1
5 4 158 1
5 6 176 1
5 8 185 1
5 9 5 11
5 12 103 1
5 16 59 1
5 24 9 1
6 1 138 1
6 2 176 21
6 4 46 29
6 5 8 4
6 7 4 2
6 8 12 4
6 9 17 1
6 10 103 1
6 12 94 1
6 13 20 6
6 14 75 1
6 16 72 1
6 20 4 7
6 24 4 11
6 25 5 16
7 0 40 8
7 2 4 1
7 3 2 6
7 5 1 13
7 6 1 25
7 8 84 2
7 9 3 10
7 10 32 11
7 11 9 13
7 12 37 1
7 13 79 2
7 14 125 1
7 17 1 29
7 20 2 7
7 24 93 2
7 25 2 23
8 0 75 1
8 1 125 17
8 2 69 1
8 3 48 1
8 4 14 1
8 5 75 1
8 6 189 1
8 7 3 1
8 9 2 20
8 11 159 1
8 13 1 1
8 15 43 2
8 16 114 1
8 17 21 1
8 19 64 3
8 20 81 2
8 22 8 2
8 24 28 1
8 26 1 25
9 1 87 1
9 4 195 1
9 5 1 16
9 6 170 2
9 7 4 14
9 8 71 1
9 10 4 21
9 12 175 1
9 14 1 8
9 17 1 12
9 18 111 2
10 0 40 3
10 1 212 1
10 2 92 1
10 3 1 26
10 4 7 7
10 5 102 1
10 6 150 6
10 7 181 1
10 8 12 15
10 9 3 28
10 11 2 22
10 13 77 1
10 14 161 1
10 15 4 25
10 16 15 11
10 17 1 28
10 18 1 2
10 19 80 2
10 24 37 28
10 25 1 14
10 27 4 3
11 1 56 1
11 3 201 1
11 4 1 2
11 7 15 3
11 8 133 1
11 9 211 3
11 10 7 21
11 14 35 4
11 15 7 22
11 17 1 14
11 18 1 13
11 20 39 8
11 21 48 11
11 22 118 2
11 24 2 29
11 25 177 1
11 27 14 28
12 0 1 13
12 1 1 10
12 3 10 2
12 4 186 2
12 6 105 1
12 7 1 1
12 9 1 4
12 10 43 1
12 11 1 5
12 13 4 22
12 16 18 8
12 17 1 9
12 22 23 4
13 2 9 3
13 11 1 2
13 12 24 2
13 14 1 15
14 2 5 24
14 3 12 1
14 5 3 26
14 7 90 12
14 8 1 23
14 10 65 1
14 11 1 29
14 15 54 1
14 27 2 10
15 3 20 3
15 4 2 26
15 5 11 6
15 7 24 1
15 8 1 8
15 9 55 5
15 11 4 6
15 14 4 2
15 17 55 4
15 18 33 3
15 23 7 15
15 24 1 2
16 0 134 1
16 1 143 1
16 2 6 4
16 3 28 1
16 5 34 1
16 7 1 24
16 8 5 11
16 9 1 13
16 17 1 14
16 19 5 1
16 24 59 1
16 25 1 2
17 2 96 1
17 5 1 13
17 6 3 10
17 7 53 6
17 8 1 11
17 11 159 2
17 12 44 5
17 16 161 1
17 24 28 4
17 25 7 26
18 0 3 26
18 1 81 2
18 4 244 1
18 11 50 3
18 12 45 3
18 16 79 1
18 17 2 5
18 19 27 16
19 1 1 5
19 20 1 2
20 0 23 2
20 1 5 7
20 3 94 1
20 4 1 4
20 6 1 28
20 7 14 2
20 11 73 3
20 14 4 25
20 15 2 3
20 17 12 29
20 18 69 4
20 19 2 1
20 26 47 11
20 27 1 6
21 2 1 1
21 6 1 21
21 8 28 2
21 19 3 22
22 6 21 1
22 9 26 12
22 10 36 29
22 12 6 1
22 15 1 9
22 27 2 15
23 0 1 3
23 4 3 17
23 6 1 25
23 7 93 3
23 10 16 8
23 11 11 14
23 12 2 12
24 0 61 1
24 1 37 1
24 3 58 1
24 5 5 9
24 7 21 1
24 8 32 1
24 11 2 8
24 12 2 5
24 16 47 1
24 17 10 1
24 19 14 17
25 0 2 14
25 1 1 5
25 4 1 25
25 6 1 6
25 7 1 29
25 11 3 11
25 14 1 21
25 16 1 26
25 23 9 1
25 24 26 1
26 0 40 1
26 6 63 1
26 8 83 24
26 11 1 22
26 27 2 16
27 3 24 1
27 6 77 18
27 11 163 2
27 14 1 15
27 17 7 26
27 25 1 24
27 26 11 2
