0 1 192 3
0 1 45 28
0 1 346 20
0 1 186 1
0 2 1 24
0 3 6 1
0 4 269 1
0 5 145 1
0 8 147 4
0 11 122 1
0 13 1 14
0 16 9 28
0 24 182 1
1 0 261 1
1 2 30 1
1 3 92 1
1 5 196 1
1 6 325 1
1 7 244 2
1 8 243 1
1 9 26 1
1 10 4 25
1 16 289 1
1 17 4 1
1 19 1 21
1 23 7 17
1 24 225 1
2 0 23 2
2 1 10 24
2 3 3 21
2 6 2 8
2 8 250 1
2 10 26 1
2 11 1 19
2 14 17 29
2 24 28 7
3 0 339 3
3 1 210 1
3 2 1 2
3 4 1 22
3 5 29 23
3 7 2 8
3 8 280 1
3 9 4 1
3 10 2 8
3 11 265 14
3 14 1 11
3 16 183 1
3 17 1 1
3 20 1 8
3 24 54 11
3 27 2 12
4 0 291 3
4 1 77 1
4 2 1 19
4 3 161 1
4 5 32 22
4 6 2 3
4 9 57 1
4 10 1 21
4 11 1 21
4 15 2 14
4 18 26 1
4 23 50 5
5 0 143 1
5 1 286 1
5 2 1 21
5 3 167 1
5 4 98 1
5 6 21 2
5 7 1 26
5 8 179 1
5 9 25 1
5 10 1 21
5 11 2 29
5 12 4 29
5 14 1 29
5 16 175 1
5 20 7 2
5 24 145 1
5 25 10 19
6 0 222 1
6 1 48 1
6 2 3 3
6 3 1 1
6 4 6 1
6 5 5 27
6 8 34 1
6 10 17 1
6 11 152 1
6 17 159 1
6 18 53 2
6 21 1 21
6 22 65 12
6 24 1 22
7 0 23 1
7 1 2 14
7 2 154 1
7 3 9 15
7 5 129 1
7 6 397 1
7 8 259 1
7 10 182 1
7 11 2 26
7 13 1 10
7 14 4 23
7 20 32 2
7 24 2 7
7 27 99 2
8 0 274 1
8 1 302 1
8 2 29 1
8 3 60 1
8 4 4 13
8 5 189 1
8 6 1 1
8 7 17 15
8 10 1 5
8 11 2 8
8 12 1 26
8 14 212 1
8 15 165 29
8 16 206 1
8 17 203 3
8 18 85 1
8 19 1 13
8 22 80 1
8 24 212 1
8 25 12 4
9 0 148 2
9 2 18 1
9 3 1 13
9 4 1 19
9 5 5 8
9 6 89 1
9 8 1 25
9 10 39 20
9 12 9 18
9 13 47 15
9 14 1 3
9 16 74 3
9 18 1 11
9 20 1 7
9 27 1 14
10 0 194 1
10 1 197 15
10 2 4 19
10 3 30 2
10 4 9 3
10 5 7 5
10 7 265 27
10 8 67 5
10 9 68 1
10 11 283 1
10 12 5 9
10 13 10 24
10 14 255 1
10 15 56 2
10 18 3 28
10 23 71 1
10 25 76 1
11 0 176 2
11 2 179 2
11 3 5 27
11 5 45 19
11 6 1 3
11 7 7 29
11 8 7 20
11 9 92 26
11 14 178 1
11 15 4 10
11 19 1 10
11 20 36 1
11 21 1 18
11 23 8 15
11 26 71 2
11 27 12 1
12 0 1 13
12 1 1 22
12 2 2 4
12 3 1 29
12 8 4 4
12 9 350 2
12 11 9 6
12 14 1 21
12 17 1 18
12 18 39 4
12 21 96 15
12 22 1 17
12 25 4 3
12 27 15 1
13 0 20 8
13 8 5 29
13 11 60 1
13 12 2 2
14 0 75 25
14 5 9 6
14 6 5 20
14 7 4 12
14 8 99 1
14 10 1 3
14 11 135 1
14 12 2 27
14 15 2 2
14 21 19 1
14 24 26 13
15 7 1 27
15 8 10 2
15 10 2 28
15 11 2 14
15 12 79 1
15 14 49 1
15 24 1 16
15 27 22 14
16 0 212 1
16 1 277 1
16 3 132 1
16 4 23 1
16 5 162 1
16 8 25 13
16 17 268 1
16 24 187 1
16 27 1 24
17 1 1 8
17 2 1 8
17 4 5 27
17 5 12 6
17 6 21 1
17 7 14 15
17 10 115 1
17 11 2 23
17 15 7 11
17 16 1 12
17 18 1 8
17 24 55 20
17 25 14 19
17 27 1 4
18 3 64 3
18 4 2 6
18 6 102 1
18 7 3 9
18 8 96 3
18 16 1 13
18 22 1 13
19 0 19 2
19 1 3 12
19 4 67 2
19 6 1 6
19 17 1 18
19 20 302 1
19 22 4 6
19 26 10 13
20 2 1 8
20 6 2 13
20 8 5 24
20 16 1 28
20 19 2 23
21 9 1 20
21 19 5 5
21 27 1 13
22 5 13 4
22 11 11 3
22 12 92 8
22 18 25 23
23 0 1 3
23 7 1 28
23 10 4 9
23 11 25 1
23 16 15 18
23 19 6 12
24 0 231 1
24 1 53 28
24 3 14 1
24 5 164 1
24 8 135 1
24 10 37 2
24 11 302 2
24 16 138 1
24 17 37 2
24 25 24 2
25 2 1 23
25 3 28 3
25 7 137 2
25 11 1 12
25 15 26 14
25 20 2 16
25 27 11 1
26 7 10 12
26 8 66 27
27 3 35 6
27 11 90 1
27 16 26 28
27 19 3 19
27 20 24 3
