0 1 288 1
0 5 132 25
0 6 1 7
0 7 52 25
0 10 55 1
0 11 4 29
0 13 53 2
0 16 14 9
0 17 1 22
0 19 2 16
0 20 28 2
0 21 38 1
0 24 79 7
0 25 84 1
0 26 5 14
1 0 140 1
1 2 1 6
1 4 10 5
1 5 51 1
1 6 315 1
1 8 70 24
1 9 1 2
1 11 43 1
1 13 4 29
1 16 4 7
1 17 267 1
1 18 2 29
1 20 6 1
1 24 53 17
2 0 4 1
2 1 3 2
2 3 12 6
2 4 21 18
2 6 2 3
2 7 190 1
2 8 109 1
2 11 17 1
2 13 17 4
2 16 3 24
3 0 283 1
3 5 4 16
3 6 2 1
3 7 11 5
3 11 1 28
3 12 1 28
3 15 6 4
3 17 137 3
3 18 53 3
3 20 17 1
3 21 4 29
3 24 28 1
4 1 199 1
4 2 33 1
4 5 2 17
4 6 1 10
4 7 2 28
4 9 229 8
4 10 176 1
4 11 152 1
4 14 1 26
4 18 287 1
4 25 4 11
5 0 42 20
5 1 4 1
5 2 20 2
5 4 8 2
5 6 8 27
5 7 24 2
5 8 1 1
5 9 47 1
5 10 1 8
5 11 133 3
5 20 5 26
5 21 1 7
5 24 8 25
5 27 20 21
6 0 1 23
6 1 122 1
6 2 134 1
6 3 94 2
6 4 2 2
6 5 61 1
6 7 3 11
6 8 1 11
6 9 3 6
6 11 18 1
6 12 32 1
6 13 5 3
6 14 31 4
6 16 51 1
6 17 1 4
6 24 2 10
7 2 1 29
7 3 37 1
7 4 4 24
7 5 3 7
7 6 6 6
7 9 1 15
7 10 4 13
7 11 2 1
7 12 15 3
7 13 46 2
7 15 9 18
7 16 1 16
7 19 1 19
7 20 2 15
7 21 1 28
7 23 1 14
7 24 31 1
7 25 73 17
8 2 2 1
8 4 2 28
8 5 157 15
8 6 10 1
8 7 31 29
8 9 70 15
8 10 31 1
8 11 27 1
8 13 95 6
8 14 1 5
8 15 10 4
8 16 37 5
8 19 41 4
8 20 42 2
8 24 1 13
8 25 1 17
9 1 19 3
9 2 11 5
9 4 112 1
9 5 121 1
9 6 176 1
9 7 76 10
9 8 100 1
9 10 368 11
9 12 20 1
9 13 64 4
9 14 102 1
9 16 12 1
9 17 26 20
9 18 83 3
9 19 29 9
9 21 8 6
10 1 130 1
10 2 12 3
10 4 5 23
10 5 9 1
10 6 156 1
10 7 52 1
10 8 406 1
10 9 102 1
10 11 4 22
10 12 209 1
10 13 68 1
10 14 114 1
10 16 1 23
10 17 5 1
10 21 1 26
10 24 1 15
11 0 1 25
11 2 1 13
11 4 1 12
11 5 19 6
11 6 105 3
11 7 143 1
11 8 15 2
11 9 183 1
11 10 2 1
11 12 98 1
11 14 1 28
11 15 121 1
11 22 89 3
11 23 57 1
11 24 1 4
11 27 1 15
12 5 118 1
12 9 2 29
12 10 2 5
12 19 1 9
12 22 4 7
12 25 2 10
13 3 17 18
13 5 12 5
13 7 1 6
13 8 113 2
13 10 38 1
13 12 112 1
13 14 3 29
13 17 1 1
13 22 3 18
14 1 1 21
14 2 1 15
14 5 10 10
14 8 1 12
14 10 4 14
14 12 95 1
14 17 4 1
15 5 2 1
15 6 1 25
15 7 67 1
15 9 93 9
15 11 2 21
15 14 3 10
16 0 27 26
16 1 53 8
16 3 1 1
16 8 41 1
16 9 9 26
16 17 1 19
16 18 119 1
16 25 1 9
16 27 1 23
17 0 1 12
17 1 7 8
17 2 40 1
17 3 132 24
17 5 7 26
17 6 49 21
17 7 3 11
17 9 1 19
17 11 143 6
17 12 29 2
17 16 22 1
17 19 1 24
17 24 21 3
18 1 34 2
18 4 131 1
18 6 2 10
18 7 21 5
18 14 22 4
18 19 1 13
18 21 5 1
19 0 60 1
19 2 21 18
19 5 19 1
19 6 52 3
19 7 1 29
19 20 35 1
20 3 147 1
20 8 118 1
20 9 1 14
20 17 4 11
20 19 12 23
21 4 2 15
21 24 5 26
22 1 61 8
22 4 1 20
22 7 54 3
22 11 17 4
22 15 1 6
23 4 1 27
23 6 1 19
23 7 54 3
23 10 1 4
23 19 5 11
23 21 1 17
24 0 21 27
24 1 4 29
24 3 5 1
24 4 7 14
24 5 7 21
24 8 137 14
24 10 2 29
24 11 1 23
24 14 1 8
24 16 2 22
24 17 5 1
24 26 1 8
25 0 2 11
25 1 3 13
25 3 1 12
25 6 1 12
25 7 1 15
25 8 1 13
25 9 2 11
25 11 1 17
25 14 2 17
25 18 29 19
25 26 3 3
25 27 22 4
26 0 33 13
26 5 4 5
26 7 4 29
26 19 3 19
26 27 16 28
27 4 1 29
27 12 2 10
27 21 9 23
27 26 3 15
