0 1 10 13
0 3 49 6
0 4 1 29
0 5 41 3
0 6 2 13
0 8 14 1
0 11 1 9
0 12 62 1
0 14 2 12
0 15 1 26
0 16 13 8
0 17 1 11
0 19 124 14
0 22 37 4
0 24 13 21
0 26 31 14
1 0 48 11
1 2 3 3
1 3 14 1
1 4 1 2
1 5 42 11
1 6 263 1
1 7 11 2
1 8 54 22
1 10 159 1
1 14 91 1
1 16 25 25
1 17 196 1
1 19 101 2
1 21 37 1
1 24 19 27
1 27 54 8
2 1 43 1
2 3 63 9
2 7 148 1
2 8 28 1
2 9 2 5
2 11 8 3
2 25 3 29
2 27 8 4
3 0 18 28
3 1 14 10
3 2 34 1
3 5 13 12
3 7 67 18
3 8 13 14
3 9 1 2
3 11 3 8
3 12 1 12
3 15 1 14
3 16 27 11
3 17 127 1
3 18 51 25
3 19 10 2
3 23 1 14
3 24 12 17
4 0 1 28
4 1 152 1
4 3 3 6
4 5 77 23
4 6 3 10
4 7 60 17
4 8 92 2
4 9 43 2
4 10 152 1
4 11 142 2
4 14 37 23
4 17 2 1
4 18 250 1
4 21 1 3
4 23 13 2
4 26 3 9
4 27 55 10
5 0 21 22
5 1 13 9
5 3 28 16
5 6 81 9
5 7 11 1
5 8 49 11
5 9 173 1
5 10 2 15
5 16 39 15
5 20 2 18
5 22 6 12
5 23 1 8
5 24 13 24
6 0 4 3
6 1 47 1
6 2 114 1
6 3 94 1
6 4 2 15
6 5 93 1
6 7 4 19
6 8 187 1
6 9 11 24
6 10 3 3
6 11 1 8
6 12 19 1
6 16 44 5
6 17 10 7
6 18 2 5
6 20 1 14
6 21 57 29
6 24 1 15
7 0 278 3
7 1 156 2
7 2 3 28
7 4 1 22
7 5 2 26
7 6 17 13
7 8 170 1
7 10 8 7
7 11 125 1
7 12 11 1
7 14 88 2
7 15 86 19
7 17 1 29
7 19 4 25
7 20 4 8
7 22 14 2
7 23 85 12
7 25 3 18
8 0 14 27
8 1 108 18
8 2 38 19
8 3 29 29
8 4 2 9
8 5 45 10
8 6 43 27
8 7 8 25
8 9 4 1
8 10 13 4
8 11 8 1
8 14 1 12
8 16 39 23
8 18 2 13
8 20 32 2
8 23 1 24
8 24 20 28
8 26 1 19
9 4 69 1
9 5 12 1
9 6 114 1
9 7 87 3
9 8 55 1
9 10 157 1
9 15 19 1
9 18 74 3
9 19 26 7
9 20 25 23
10 0 5 2
10 1 105 2
10 3 1 16
10 4 22 16
10 6 87 1
10 7 26 1
10 8 313 1
10 9 30 1
10 11 16 1
10 12 10 1
10 13 44 1
10 14 88 1
10 15 206 18
10 21 2 1
10 22 19 1
10 26 1 24
11 0 8 16
11 2 4 10
11 3 59 1
11 4 1 15
11 5 18 3
11 6 188 14
11 7 11 1
11 9 8 1
11 10 4 1
11 12 88 1
11 13 52 1
11 15 56 1
11 17 1 18
11 18 1 8
11 19 86 5
11 20 6 8
11 22 79 4
11 23 44 2
11 24 1 25
11 25 3 6
11 26 1 17
11 27 1 28
12 2 60 2
12 5 102 1
12 6 25 1
12 7 1 26
12 8 145 1
12 9 110 27
12 11 3 3
12 14 5 7
12 22 1 15
13 7 1 29
13 10 197 1
13 11 1 28
13 12 94 2
13 14 10 18
14 1 1 24
14 4 1 1
14 6 22 1
14 7 66 2
14 8 2 24
14 10 3 7
14 11 24 8
14 24 17 1
15 0 1 17
15 1 1 9
15 8 1 6
15 10 6 1
15 11 2 9
15 14 3 14
15 16 1 18
15 23 12 27
16 0 21 3
16 1 13 29
16 3 13 18
16 4 1 20
16 5 46 14
16 8 26 5
16 10 95 2
16 11 1 27
16 17 2 9
16 18 85 1
16 20 49 2
16 24 18 15
17 1 2 11
17 2 26 1
17 6 51 22
17 7 6 22
17 8 1 28
17 16 89 1
17 19 1 26
17 21 18 4
17 25 1 28
18 1 23 2
18 4 87 1
18 5 1 21
18 6 1 24
18 9 10 4
18 17 1 28
18 20 22 12
19 0 66 1
19 2 23 1
19 7 1 16
19 12 1 7
19 18 1 4
19 20 7 1
19 22 2 1
19 25 1 26
20 0 1 11
20 2 97 4
20 3 129 1
20 4 8 21
20 6 9 24
20 7 134 2
20 10 134 4
20 18 58 8
20 26 48 28
21 4 1 2
21 6 3 28
21 14 1 13
22 7 48 2
22 9 1 7
23 0 2 1
23 2 1 9
23 6 1 4
23 7 43 1
23 24 9 19
24 0 67 19
24 1 17 7
24 3 47 7
24 5 64 24
24 6 44 1
24 8 32 12
24 9 7 9
24 10 1 1
24 11 74 16
24 14 2 28
24 16 36 16
24 23 18 6
24 27 14 28
25 0 2 7
25 1 6 14
25 3 3 2
25 6 2 3
25 8 2 14
25 18 28 25
25 27 7 1
26 5 3 14
26 6 58 3
26 11 1 2
26 19 1 20
26 21 11 21
27 1 29 12
27 4 1 11
27 8 101 1
27 9 3 18
27 11 94 1
27 25 3 29
27 26 1 13
