0 1 348 1
0 2 2 4
0 3 214 11
0 4 1 14
0 5 134 24
0 6 1 2
0 7 168 1
0 8 1 25
0 9 43 1
0 11 1 26
0 12 59 1
0 17 17 25
0 19 1 9
0 21 37 6
0 26 31 11
1 0 7 23
1 2 3 20
1 3 6 26
1 4 59 6
1 5 109 14
1 6 98 1
1 7 2 12
1 8 9 21
1 9 12 9
1 12 2 5
1 16 3 19
1 17 158 1
1 18 7 11
1 19 94 1
1 20 5 2
1 24 88 10
1 27 53 2
2 1 9 1
2 3 50 18
2 4 21 17
2 6 1 28
2 7 124 1
2 8 5 1
2 9 3 28
2 10 10 1
2 15 1 16
2 17 3 12
2 23 3 17
3 0 20 21
3 2 64 1
3 7 2 16
3 8 1 1
3 11 1 8
3 16 48 1
3 17 121 1
3 19 8 9
3 24 53 5
4 0 5 6
4 1 232 1
4 2 11 1
4 5 2 20
4 6 7 29
4 8 284 1
4 9 275 1
4 10 139 1
4 11 136 2
4 12 1 11
4 14 3 10
4 18 227 1
4 19 6 1
4 25 25 24
5 0 34 1
5 1 29 1
5 3 33 1
5 4 2 19
5 6 12 14
5 7 6 3
5 8 16 22
5 9 84 1
5 16 76 1
5 19 4 2
5 24 11 5
6 1 19 1
6 2 95 1
6 3 88 1
6 4 32 19
6 5 51 1
6 7 1 4
6 8 279 1
6 9 3 11
6 10 1 29
6 11 56 3
6 12 13 1
6 15 2 19
6 17 1 12
6 18 8 23
6 20 4 20
6 21 2 20
6 24 4 15
6 25 5 25
7 1 143 3
7 4 1 28
7 5 4 14
7 6 1 22
7 8 131 1
7 9 221 16
7 10 1 16
7 11 197 1
7 14 77 1
7 15 90 19
7 17 1 25
7 20 106 1
7 22 12 2
7 23 88 9
7 25 4 28
8 0 1 1
8 1 1 12
8 2 9 17
8 3 1 1
8 4 1 9
8 5 2 25
8 6 179 27
8 7 3 8
8 9 1 17
8 10 14 29
8 13 11 7
8 16 64 14
8 26 7 11
8 27 71 3
9 1 4 1
9 2 13 7
9 4 49 1
9 6 67 1
9 7 87 1
9 8 35 1
9 10 19 1
9 14 91 24
9 17 44 12
9 18 69 1
9 23 10 1
9 24 1 20
9 25 1 6
9 26 11 1
10 1 92 1
10 6 55 1
10 7 15 1
10 8 314 1
10 9 5 1
10 11 228 1
10 13 32 2
10 14 50 1
10 23 1 4
11 3 44 2
11 9 161 1
11 10 22 8
11 12 82 3
11 13 43 1
11 14 2 25
11 15 102 1
11 17 2 7
11 18 1 17
11 19 84 2
11 20 6 24
11 22 74 1
11 23 71 9
11 24 21 9
11 25 2 3
12 0 1 22
12 1 69 21
12 5 92 1
12 6 18 2
12 7 5 28
12 8 137 1
12 9 10 1
12 11 1 13
12 13 153 2
12 15 1 1
12 20 65 4
12 21 9 1
13 6 4 16
13 8 96 3
13 9 51 5
13 10 186 1
13 11 4 20
13 14 1 4
14 2 1 27
14 4 2 13
14 6 17 2
14 7 79 1
14 8 109 25
14 10 48 2
14 13 2 3
14 22 1 22
15 11 7 4
15 14 29 10
15 17 43 4
15 23 3 17
16 1 178 1
16 4 1 11
16 5 25 23
16 9 23 8
16 12 5 26
16 17 25 2
16 24 5 13
16 25 1 25
17 0 9 3
17 1 2 25
17 2 19 2
17 3 2 28
17 5 8 8
17 6 9 18
17 7 1 29
17 9 5 17
17 16 70 1
17 18 116 3
17 19 1 16
17 20 84 2
18 3 33 1
18 4 65 1
18 6 13 19
18 11 29 1
18 13 9 1
18 15 8 9
18 16 1 18
18 19 7 15
19 0 32 1
19 1 24 1
19 7 3 29
19 8 65 2
19 10 1 12
19 13 5 23
19 17 77 1
20 1 1 16
20 4 3 2
20 5 1 24
20 7 125 2
20 10 131 1
20 11 28 1
20 17 1 26
20 19 29 11
20 22 2 20
21 3 2 14
21 23 8 2
22 0 4 17
22 4 8 5
22 8 101 4
22 9 1 12
22 11 1 1
22 15 2 9
23 7 38 1
23 12 4 26
23 27 5 17
24 0 167 10
24 1 24 21
24 3 128 1
24 6 41 1
24 8 8 1
24 10 43 22
24 11 21 22
24 12 1 10
24 16 182 1
24 26 1 6
25 0 1 2
25 4 3 28
25 5 1 9
25 7 20 8
25 10 15 23
25 11 9 1
25 24 10 2
25 27 5 1
26 0 31 1
26 1 49 13
26 4 28 2
26 7 10 25
26 18 15 5
26 19 1 2
26 23 19 29
26 27 19 3
27 2 2 4
27 4 1 3
27 11 85 1
27 12 5 1
27 14 16 11
27 17 1 11
27 19 2 18
