0 1 2 1
0 2 4 1
0 3 14 9
0 4 1 7
0 5 15 1
0 6 1 6
0 7 167 1
0 8 68 7
0 10 36 1
0 11 21 12
0 14 1 27
0 16 59 4
0 19 2 6
0 24 137 1
1 0 27 28
1 2 24 21
1 3 35 1
1 4 187 1
1 5 33 1
1 6 86 1
1 7 5 5
1 8 134 14
1 9 2 23
1 10 35 1
1 11 23 1
1 12 1 18
1 13 73 24
1 14 87 3
1 16 25 28
1 17 151 1
1 18 110 8
1 20 45 11
1 21 36 2
1 24 7 1
1 26 3 12
2 0 166 1
2 1 5 1
2 3 8 1
2 4 2 8
2 6 1 15
2 7 120 1
2 8 3 1
2 12 54 8
2 17 6 22
2 20 2 6
2 22 1 9
2 23 13 7
3 0 14 1
3 1 38 10
3 2 55 1
3 5 10 5
3 7 3 23
3 8 111 10
3 10 6 2
3 11 1 11
3 12 1 10
3 14 33 23
3 15 9 3
3 16 83 19
3 24 69 24
3 27 1 1
4 0 1 6
4 1 220 1
4 2 10 1
4 5 52 6
4 6 2 20
4 7 1 13
4 8 87 2
4 9 271 1
4 10 136 2
4 18 222 1
4 19 1 9
4 24 1 17
4 27 54 17
5 0 63 8
5 1 21 1
5 3 16 16
5 4 2 14
5 6 72 19
5 8 32 26
5 9 67 1
5 10 2 15
5 12 21 2
5 16 7 28
5 18 51 11
5 19 1 19
5 24 10 9
6 0 1 21
6 1 15 1
6 2 90 1
6 3 86 1
6 4 5 14
6 5 27 1
6 7 3 28
6 8 287 1
6 9 13 24
6 10 6 2
6 11 2 1
6 14 15 1
6 16 40 4
6 17 1 22
6 19 40 4
6 20 1 5
6 22 5 1
6 25 16 23
7 1 142 1
7 2 104 1
7 3 272 1
7 5 2 29
7 6 10 3
7 8 251 1
7 10 1 8
7 11 165 1
7 14 75 2
7 15 56 6
7 17 1 24
7 18 21 2
7 19 1 9
7 20 2 18
7 23 1 29
7 24 11 1
7 25 13 7
7 27 1 25
8 0 112 1
8 1 27 15
8 2 93 2
8 3 47 1
8 5 11 7
8 6 16 14
8 7 66 28
8 9 3 18
8 10 4 8
8 12 68 2
8 14 3 27
8 15 2 5
8 16 32 4
8 18 1 8
8 20 26 2
8 23 1 19
8 24 42 24
8 25 3 20
8 26 3 5
8 27 70 6
9 3 101 5
9 4 45 1
9 5 1 5
9 6 58 1
9 7 1 28
9 8 31 1
9 10 5 1
9 15 15 6
9 16 7 6
9 18 68 2
9 19 24 2
9 20 37 11
9 22 24 1
9 25 2 20
10 1 90 1
10 3 66 14
10 4 2 2
10 6 50 1
10 7 13 1
10 8 288 1
10 11 225 1
10 13 30 1
10 14 44 1
10 23 1 21
10 24 2 3
10 25 1 13
10 26 1 17
11 1 4 1
11 2 9 28
11 4 2 8
11 6 182 1
11 7 1 14
11 9 158 1
11 10 17 28
11 12 81 1
11 14 71 18
11 15 88 1
11 19 83 2
11 23 41 1
11 24 1 26
11 25 3 18
11 26 2 9
11 27 2 15
12 1 5 14
12 2 15 5
12 4 134 3
12 5 90 2
12 7 1 5
12 9 5 13
12 11 2 8
12 14 2 5
12 15 1 26
12 20 65 1
12 21 9 2
13 4 4 1
13 7 8 21
13 10 183 1
13 11 1 23
13 12 79 1
13 14 1 18
13 17 3 23
14 1 1 8
14 5 1 13
14 6 16 1
14 7 77 2
14 8 2 27
14 9 1 14
14 10 2 22
14 11 3 2
14 12 75 1
14 15 2 3
14 17 1 12
14 22 3 10
15 2 5 22
15 4 5 7
15 6 2 22
15 7 20 1
15 11 5 1
15 14 1 7
15 17 43 2
15 20 1 8
16 0 92 7
16 1 29 1
16 2 10 1
16 3 54 15
16 4 4 26
16 5 34 24
16 8 51 1
16 11 94 21
16 12 1 29
16 14 2 14
16 15 14 10
16 17 1 6
16 18 63 1
16 24 19 14
16 25 1 21
17 0 1 3
17 1 43 2
17 5 1 8
17 6 119 15
17 8 1 12
17 11 133 4
17 16 66 1
17 18 38 3
17 20 84 2
17 25 4 1
18 2 37 1
18 4 61 1
18 5 10 28
18 6 2 28
18 10 124 2
18 16 1 12
18 17 3 22
18 22 1 28
19 0 28 1
19 1 22 2
19 7 1 25
19 8 64 4
19 12 2 29
19 16 4 29
20 0 1 23
20 2 92 1
20 6 11 16
20 7 124 1
20 11 27 5
20 13 25 1
20 14 1 26
20 19 11 1
20 24 35 1
21 6 6 19
21 8 15 4
21 15 10 4
22 7 44 1
22 8 101 1
22 11 1 5
22 27 2 20
23 2 1 26
23 7 36 2
23 10 1 7
23 11 34 4
23 15 1 13
23 18 1 5
23 21 2 13
24 0 15 1
24 1 16 1
24 3 18 7
24 4 1 25
24 5 69 1
24 8 22 1
24 10 1 8
24 11 1 3
24 14 1 19
24 16 29 1
24 21 10 12
25 1 1 16
25 3 5 23
25 7 13 6
25 8 4 15
25 11 5 25
25 12 1 1
25 14 1 15
25 20 56 6
25 26 3 7
26 11 1 20
26 27 18 2
27 0 17 1
27 2 2 19
27 8 98 1
27 11 83 1
27 13 3 21
27 17 2 5
27 25 8 25
27 26 1 4
