0 1 152 1
0 2 1 19
0 3 225 1
0 4 4 7
0 5 196 17
0 6 43 28
0 7 105 2
0 8 8 6
0 9 37 2
0 10 30 3
0 11 2 20
0 12 55 5
0 14 1 26
0 16 12 14
0 17 33 26
0 19 1 10
0 24 15 1
0 25 1 1
0 26 1 28
1 0 210 2
1 2 30 26
1 3 170 1
1 4 265 1
1 5 135 1
1 6 68 1
1 7 5 20
1 8 21 24
1 9 1 18
1 16 55 1
1 17 117 1
1 19 84 2
1 20 1 9
1 23 1 9
1 24 137 1
1 25 38 3
2 0 150 1
2 1 1 23
2 3 218 1
2 6 1 20
2 7 98 1
2 8 1 29
2 10 125 1
2 16 3 17
2 17 4 23
2 22 1 13
3 0 362 1
3 1 62 28
3 2 13 1
3 4 163 1
3 5 40 1
3 7 9 19
3 8 20 1
3 10 133 1
3 11 4 28
3 16 113 1
3 20 1 1
3 24 26 16
3 27 32 9
4 0 1 1
4 1 100 1
4 3 1 2
4 5 1 2
4 6 2 16
4 7 93 5
4 8 76 1
4 9 29 1
4 10 124 1
4 11 129 3
4 12 1 1
4 13 2 21
4 18 198 1
5 0 384 1
5 1 17 6
5 3 60 1
5 4 9 15
5 6 76 11
5 8 194 1
5 9 43 1
5 10 2 13
5 11 33 4
5 12 15 2
5 16 27 1
5 18 3 3
5 19 1 27
5 20 5 2
5 21 1 3
5 24 69 2
5 27 19 1
6 0 1 13
6 1 2 1
6 2 71 1
6 3 73 2
6 5 1 4
6 7 1 14
6 8 114 1
6 9 9 11
6 10 1 15
6 11 6 1
6 17 19 10
6 18 9 5
6 20 5 28
6 23 69 7
7 2 2 1
7 3 259 1
7 4 10 21
7 5 1 17
7 6 92 21
7 8 70 1
7 9 1 28
7 10 1 25
7 11 135 1
7 14 65 2
7 15 2 11
7 17 1 23
7 18 19 1
7 19 6 11
7 20 1 17
7 21 2 18
7 22 10 1
7 24 7 1
7 25 107 24
7 26 34 1
7 27 1 19
8 0 171 1
8 1 181 1
8 2 3 17
8 3 66 17
8 4 2 6
8 5 59 1
8 6 13 2
8 7 3 29
8 9 74 4
8 10 17 10
8 12 60 2
8 13 1 22
8 14 2 27
8 16 58 2
8 19 28 3
8 20 21 5
8 23 2 5
8 24 17 1
9 2 1 19
9 3 98 3
9 4 29 1
9 5 4 22
9 6 26 1
9 7 2 15
9 8 17 1
9 10 120 1
9 12 1 28
9 14 9 27
9 15 12 4
9 25 5 20
10 1 78 1
10 3 1 11
10 4 1 4
10 5 1 5
10 6 27 1
10 8 172 1
10 9 1 4
10 11 254 1
10 12 3 1
10 14 19 1
10 17 1 20
10 18 138 2
10 25 14 11
11 0 2 1
11 2 8 17
11 3 30 1
11 4 1 24
11 5 7 1
11 7 4 29
11 10 12 21
11 12 76 1
11 15 60 1
11 16 11 6
11 22 67 1
11 23 36 1
11 24 1 29
11 25 6 22
12 0 106 18
12 4 127 1
12 5 81 1
12 6 12 1
12 8 126 1
12 9 227 16
12 11 3 18
12 13 3 1
12 15 10 17
12 16 2 23
12 20 63 5
12 21 7 1
13 5 8 7
13 6 1 23
13 7 67 4
13 8 88 2
13 10 170 2
13 11 90 6
13 12 66 1
14 7 67 19
14 10 22 9
14 11 214 3
14 12 69 1
14 13 1 16
14 15 7 27
14 22 1 5
14 24 14 2
15 1 1 8
15 3 3 1
15 7 11 1
15 8 3 17
15 11 241 1
15 13 2 15
15 27 7 16
16 0 112 12
16 1 103 1
16 3 54 1
16 5 11 2
16 6 55 1
16 8 33 1
16 10 92 13
16 12 1 9
16 15 14 21
16 17 2 7
16 18 47 1
16 20 46 1
16 22 1 29
16 24 137 1
17 0 6 3
17 1 2 13
17 2 13 1
17 3 1 20
17 4 2 3
17 5 1 20
17 6 2 27
17 7 77 13
17 8 6 20
17 12 20 2
17 14 43 8
17 16 49 1
17 18 113 2
17 20 80 6
18 0 1 6
18 1 12 3
18 2 34 4
18 4 43 1
18 5 21 28
18 6 1 25
18 8 130 1
18 12 21 5
18 16 2 1
18 17 1 9
18 19 7 28
18 24 32 8
18 27 1 21
19 0 13 1
19 2 23 24
19 7 3 7
19 8 61 1
19 9 1 16
19 12 1 9
19 13 5 9
19 16 2 2
19 20 1 27
20 0 6 27
20 1 1 17
20 2 90 1
20 3 105 1
20 5 1 10
20 7 115 2
20 8 89 2
20 9 3 12
20 10 126 4
20 11 24 1
20 16 71 21
20 19 63 1
21 6 6 28
21 25 1 25
22 1 58 1
22 6 5 3
22 11 3 7
22 12 2 27
23 4 43 21
23 7 31 2
23 8 46 2
23 10 30 3
23 24 17 29
24 0 24 5
24 1 79 4
24 3 129 1
24 4 1 16
24 5 204 1
24 6 37 3
24 7 1 12
24 8 45 22
24 10 2 23
24 11 1 28
24 12 1 19
24 14 1 14
24 16 26 21
24 27 7 4
25 0 1 23
25 7 8 17
25 8 2 11
25 10 15 3
25 11 275 1
25 12 34 17
25 14 3 4
25 16 1 3
25 27 11 2
26 1 1 26
26 10 6 15
26 15 1 27
26 16 1 17
26 24 3 23
26 25 3 7
26 27 14 1
27 2 2 7
27 4 1 20
27 6 66 1
27 8 97 3
27 25 49 1
27 26 3 10
