0 1 124 1
0 2 20 10
0 3 183 1
0 4 26 1
0 5 27 1
0 6 1 25
0 7 103 1
0 8 265 1
0 9 36 2
0 10 29 1
0 11 3 20
0 14 1 4
0 15 3 5
0 16 78 2
0 19 1 2
0 20 3 1
0 24 153 1
1 0 158 1
1 2 32 18
1 3 13 24
1 4 58 2
1 5 116 1
1 6 56 1
1 7 21 26
1 8 110 1
1 9 2 2
1 10 137 1
1 11 17 1
1 12 1 5
1 15 1 7
1 16 138 1
1 17 111 1
1 18 2 13
1 19 83 1
1 20 1 11
1 22 61 12
1 24 127 1
2 0 146 1
2 1 1 16
2 3 30 1
2 4 1 11
2 6 1 17
2 7 94 1
2 10 123 1
2 18 12 1
3 0 297 1
3 1 39 3
3 2 7 1
3 4 162 1
3 5 66 2
3 7 8 11
3 8 64 1
3 10 130 3
3 11 11 20
3 14 33 11
3 16 58 1
3 17 113 1
3 25 6 2
4 0 1 10
4 1 88 1
4 2 4 3
4 6 2 15
4 8 282 1
4 9 264 1
4 10 121 1
4 11 128 3
4 15 80 2
4 18 193 1
4 19 1 14
4 21 1 9
5 0 328 1
5 1 101 1
5 3 5 7
5 4 2 5
5 6 3 13
5 7 1 2
5 8 181 1
5 9 31 1
5 10 3 22
5 11 33 2
5 12 14 2
5 16 97 1
5 17 89 1
5 18 3 1
5 21 8 5
5 23 19 14
5 24 31 1
5 27 19 1
6 0 28 5
6 2 67 1
6 3 71 1
6 4 1 5
6 5 3 23
6 7 6 7
6 8 55 7
6 9 3 14
6 10 2 4
6 11 1 8
6 12 6 3
6 15 1 26
6 16 37 1
6 18 1 11
6 19 36 2
6 20 1 8
6 24 3 27
6 25 16 15
7 1 135 2
7 2 102 4
7 3 252 1
7 4 55 26
7 5 5 14
7 6 15 1
7 8 224 1
7 9 11 17
7 11 98 7
7 14 63 1
7 15 10 17
7 21 1 29
7 27 1 28
8 0 225 1
8 1 127 1
8 2 4 9
8 3 180 1
8 4 1 21
8 5 407 1
8 6 191 24
8 7 4 10
8 9 75 24
8 10 2 19
8 14 1 24
8 16 35 1
8 24 92 3
8 25 4 28
8 26 1 16
8 27 67 4
9 2 79 10
9 3 97 2
9 4 26 1
9 5 3 6
9 6 21 1
9 8 14 1
9 10 399 1
9 13 48 3
9 15 12 3
9 17 45 4
9 18 62 1
9 19 23 1
9 23 8 2
9 25 1 26
9 27 53 4
10 1 75 1
10 4 233 14
10 5 1 20
10 6 23 1
10 7 5 1
10 8 146 1
10 9 2 9
10 11 32 1
10 12 46 1
10 13 19 1
10 14 15 1
10 17 2 28
10 27 1 8
11 0 2 2
11 2 2 13
11 3 27 1
11 5 6 3
11 6 85 1
11 7 12 24
11 9 144 1
11 10 2 18
11 12 75 1
11 14 74 20
11 15 49 1
11 18 6 22
11 19 81 1
11 22 66 1
11 23 33 2
11 24 84 5
11 25 12 25
11 26 1 10
11 27 1 18
12 3 1 23
12 4 126 1
12 6 11 1
12 8 124 2
12 9 1 19
12 13 1 1
12 16 1 16
12 19 2 27
12 23 1 26
12 25 3 4
13 1 74 19
13 3 14 18
13 6 4 18
13 7 67 8
13 8 87 1
13 10 167 2
13 11 1 6
13 12 63 1
13 15 1 1
13 17 3 2
14 1 2 23
14 2 1 27
14 6 11 1
14 7 55 1
14 8 1 25
14 10 9 21
14 11 213 1
14 12 67 2
14 13 2 23
14 15 1 4
14 23 22 1
15 2 19 17
15 9 81 4
15 11 232 1
15 23 13 4
15 24 1 2
16 0 173 1
16 1 123 1
16 3 54 1
16 4 2 10
16 5 68 1
16 7 2 26
16 8 39 1
16 17 1 17
16 18 44 1
16 24 80 3
17 0 9 28
17 1 2 23
17 4 2 1
17 5 1 11
17 6 8 13
17 8 1 5
17 9 1 18
17 16 45 1
17 18 112 2
17 19 4 27
18 1 12 1
18 2 34 3
18 4 39 1
18 6 2 27
18 9 5 1
18 10 120 7
18 16 1 13
18 17 3 3
18 25 31 3
19 0 9 1
19 1 96 2
19 2 1 16
19 4 1 27
19 9 6 14
19 20 1 18
19 24 7 22
19 26 11 4
20 0 2 14
20 1 1 6
20 6 1 10
20 7 113 3
20 10 126 1
20 14 2 16
20 15 1 3
20 19 275 1
20 22 1 5
21 4 28 6
21 11 6 1
21 12 12 3
21 17 45 15
21 22 2 5
21 23 7 7
22 7 40 1
22 11 1 17
22 27 2 25
23 0 2 20
23 1 35 8
23 2 1 18
23 5 1 4
23 10 1 19
23 11 81 22
23 12 9 21
23 22 1 9
23 26 9 16
23 27 10 27
24 0 6 20
24 1 65 1
24 3 26 2
24 5 147 2
24 6 36 5
24 7 1 2
24 8 130 1
24 10 3 10
24 11 1 7
24 16 130 1
24 20 6 2
24 22 1 8
24 25 3 12
24 26 1 18
24 27 7 14
25 1 1 14
25 3 7 29
25 7 1 8
25 8 4 11
25 10 14 11
25 11 29 1
25 12 6 8
25 14 3 23
25 17 1 27
25 24 8 1
25 26 2 1
26 10 61 18
26 11 2 25
26 25 6 1
26 27 12 10
27 2 1 24
27 18 3 2
27 25 48 12
