0 1 26 15
0 2 34 9
0 3 15 15
0 4 1 7
0 5 138 4
0 6 1 29
0 7 146 23
0 8 26 9
0 9 24 1
0 11 25 21
0 12 48 1
0 13 4 1
0 15 1 20
0 16 13 11
0 17 175 17
0 24 12 2
0 26 34 16
1 0 11 24
1 2 111 2
1 3 59 4
1 4 295 1
1 5 21 21
1 6 67 1
1 7 3 12
1 8 18 8
1 9 2 3
1 10 121 1
1 16 12 6
1 17 45 1
1 20 1 27
1 24 12 18
1 26 1 16
1 27 47 9
2 0 105 1
2 1 11 18
2 3 114 1
2 6 3 10
2 7 48 1
2 8 7 18
2 9 1 8
2 13 15 1
2 15 2 29
2 20 6 23
2 22 1 5
2 25 1 11
2 26 4 12
3 0 13 26
3 1 14 1
3 2 5 17
3 4 148 1
3 5 13 18
3 6 1 7
3 7 5 29
3 8 14 14
3 9 101 1
3 10 107 2
3 11 1 26
3 12 78 10
3 15 9 7
3 16 13 12
3 24 12 24
4 0 22 1
4 1 126 12
4 3 3 3
4 5 49 1
4 6 8 13
4 7 1 15
4 8 268 1
4 9 237 1
4 15 78 1
4 18 133 1
4 19 63 29
4 20 84 1
4 21 1 18
4 24 1 17
4 27 52 1
5 0 136 17
5 1 18 29
5 2 1 8
5 3 17 9
5 4 3 6
5 6 108 1
5 8 18 15
5 9 1 11
5 10 9 16
5 16 12 25
5 18 93 8
5 20 2 26
5 21 14 8
5 24 16 18
6 0 6 23
6 1 1 12
6 2 29 1
6 3 69 1
6 4 374 1
6 5 30 27
6 7 51 9
6 9 12 15
6 10 2 4
6 11 3 2
6 15 1 22
6 16 30 1
6 17 53 23
6 18 1 10
6 19 29 1
6 22 1 26
6 25 5 7
7 0 277 1
7 1 130 1
7 2 91 1
7 3 58 1
7 4 2 19
7 5 1 17
7 6 48 5
7 8 148 1
7 10 56 1
7 11 150 1
7 15 2 5
7 17 1 25
7 20 1 11
7 21 1 14
7 25 25 10
7 26 27 1
8 0 23 1
8 1 286 7
8 2 2 11
8 3 14 10
8 4 32 13
8 5 23 5
8 6 5 22
8 7 35 19
8 9 2 6
8 10 353 1
8 11 1 5
8 12 41 2
8 14 1 19
8 16 12 26
8 18 1 6
8 24 21 9
8 25 25 1
9 3 89 1
9 5 5 5
9 7 152 1
9 10 52 1
9 11 1 8
9 12 1 19
9 17 1 21
9 19 19 2
10 2 1 14
10 5 1 13
10 8 88 1
10 9 3 22
10 11 15 11
10 13 4 2
10 14 1 25
10 17 1 24
10 18 133 8
10 21 1 18
10 22 4 2
10 23 1 28
10 25 1 19
11 2 2 23
11 4 3 25
11 5 121 1
11 6 162 1
11 7 54 10
11 8 1 2
11 9 114 1
11 10 1 23
11 13 17 1
11 14 67 11
11 16 9 1
11 17 2 5
11 21 8 20
11 22 53 1
11 23 19 10
11 24 1 4
11 25 7 8
11 27 1 5
12 0 1 17
12 1 81 10
12 2 12 6
12 5 57 1
12 7 6 19
12 8 103 1
12 13 126 2
12 16 4 8
12 17 79 8
13 2 2 8
13 3 12 10
13 5 6 12
13 7 6 15
13 8 70 3
13 9 37 2
13 10 133 1
13 14 8 1
13 15 14 8
13 17 24 21
13 22 6 1
13 23 3 6
13 25 1 17
14 1 1 11
14 4 6 6
14 7 51 2
14 9 1 19
14 10 4 4
14 11 49 1
14 12 51 1
14 16 3 16
14 26 1 29
14 27 22 1
15 1 6 12
15 2 19 17
15 4 1 21
15 6 2 17
15 8 48 22
15 10 1 15
15 11 146 1
15 14 15 1
15 20 15 24
15 21 6 1
15 23 5 5
15 25 1 17
16 0 12 2
16 1 23 8
16 3 25 8
16 5 12 16
16 8 13 17
16 10 89 1
16 12 1 10
16 17 28 7
16 18 15 1
16 24 13 3
17 0 20 23
17 1 2 17
17 4 241 1
17 5 21 16
17 6 2 19
17 7 1 21
17 8 2 27
17 12 15 1
17 16 14 2
17 22 2 3
18 0 4 8
18 4 9 1
18 5 2 6
18 6 2 8
18 7 17 5
18 15 8 20
18 27 1 27
19 6 29 3
19 8 51 2
19 10 5 24
19 16 2 14
19 20 2 2
19 25 5 18
20 1 2 14
20 3 77 1
20 4 3 9
20 5 49 4
20 7 93 2
20 9 2 22
20 10 116 3
20 14 1 24
20 17 5 2
20 18 51 10
20 19 215 1
20 22 3 6
20 23 4 17
20 27 14 3
21 4 56 4
21 6 1 26
21 15 9 1
22 0 1 17
22 7 32 1
22 10 114 3
22 11 1 28
22 12 1 29
22 18 16 5
22 20 35 1
23 8 37 6
23 11 147 15
23 15 8 24
23 24 14 1
24 0 12 18
24 1 14 28
24 3 12 8
24 5 50 23
24 6 30 1
24 8 13 1
24 16 13 18
24 18 1 24
24 23 4 5
24 26 1 19
24 27 3 23
25 5 1 21
25 8 47 4
25 9 10 7
25 10 94 3
25 11 294 1
25 12 8 21
25 13 1 7
25 20 52 1
25 23 2 3
25 27 10 2
26 0 27 4
26 1 1 4
26 11 1 14
26 24 1 8
27 5 15 22
27 6 61 7
27 8 91 5
27 11 51 2
27 26 19 8
