0 1 15 22
0 2 7 24
0 3 15 6
0 4 1 26
0 5 24 27
0 6 8 25
0 7 100 1
0 8 13 15
0 9 24 2
0 12 47 5
0 13 3 10
0 16 59 12
0 24 18 29
0 25 78 2
1 0 20 16
1 2 3 6
1 3 39 6
1 4 292 1
1 5 13 8
1 6 65 1
1 7 1 26
1 8 20 9
1 9 1 16
1 10 120 1
1 12 1 1
1 14 77 1
1 16 13 15
1 17 44 1
1 20 50 9
1 24 13 4
1 26 1 14
2 0 104 1
2 1 3 18
2 3 110 1
2 4 1 23
2 6 4 28
2 7 47 1
2 8 13 27
2 10 104 1
2 13 15 1
2 15 2 18
2 16 3 23
2 17 2 7
2 18 8 1
2 20 10 8
3 0 12 1
3 1 49 3
3 2 11 4
3 4 148 1
3 5 31 20
3 7 3 18
3 8 33 4
3 9 100 6
3 11 3 29
3 12 1 4
3 13 2 7
3 16 13 25
3 24 47 6
4 0 23 27
4 1 33 1
4 3 1 23
4 5 47 1
4 6 2 4
4 7 65 27
4 8 267 1
4 9 235 1
4 10 91 1
4 11 114 1
4 14 1 22
4 15 77 6
4 18 132 1
4 20 83 4
4 21 1 5
4 25 1 8
4 27 51 1
5 0 13 1
5 1 13 28
5 3 13 13
5 4 5 28
5 6 95 5
5 8 328 29
5 9 2 11
5 10 4 18
5 16 13 29
5 20 1 24
5 22 1 21
5 24 19 10
6 0 15 5
6 1 1 4
6 2 28 1
6 3 68 26
6 4 373 2
6 5 34 27
6 7 40 19
6 8 1 7
6 9 18 13
6 10 9 28
6 11 1 24
6 15 3 15
6 16 29 2
6 17 2 24
6 18 58 23
6 19 28 2
6 21 58 23
6 25 18 24
7 0 276 1
7 1 129 2
7 2 90 1
7 3 56 1
7 5 78 23
7 6 12 19
7 8 144 1
7 10 57 14
7 11 143 1
7 13 17 1
7 14 41 2
7 15 73 29
7 17 4 22
7 20 2 6
7 23 4 11
7 26 27 1
8 0 37 2
8 1 13 22
8 2 2 23
8 3 14 5
8 4 7 3
8 5 13 23
8 6 368 1
8 7 208 27
8 9 7 10
8 10 352 1
8 14 2 20
8 16 13 25
8 20 11 2
8 24 19 26
8 25 26 9
8 26 1 27
9 2 15 10
9 3 88 1
9 5 5 8
9 7 151 13
9 10 48 1
9 12 1 16
9 13 39 3
9 15 6 2
9 18 50 1
10 1 48 1
10 3 1 23
10 5 3 1
10 8 84 1
10 9 7 18
10 11 200 1
10 12 222 2
10 15 22 12
10 16 2 21
10 20 1 17
10 24 5 20
10 25 3 10
11 0 1 29
11 2 3 19
11 3 7 1
11 4 1 15
11 5 121 2
11 6 161 1
11 7 26 10
11 9 113 1
11 10 14 20
11 13 17 2
11 14 5 1
11 16 8 1
11 18 1 14
11 20 180 19
11 22 53 1
11 23 52 1
11 24 4 17
11 25 42 5
11 26 1 27
12 0 5 15
12 4 107 2
12 5 56 2
12 7 1 20
12 8 103 1
12 9 245 1
12 15 48 4
12 16 24 25
12 18 2 4
12 25 7 7
12 26 40 8
13 6 4 3
13 10 132 1
13 11 1 2
13 12 34 1
13 14 7 1
13 22 5 8
13 24 17 11
13 25 1 19
14 2 27 29
14 5 1 27
14 9 1 18
14 10 6 21
14 11 48 1
14 12 51 2
14 13 1 28
14 15 7 7
14 16 1 29
14 27 21 20
15 0 1 25
15 1 4 9
15 8 8 24
15 11 142 10
15 13 1 20
15 14 14 1
15 20 1 13
15 21 6 20
15 25 2 24
16 0 17 3
16 1 13 9
16 3 36 4
16 4 17 5
16 5 20 5
16 7 1 4
16 8 13 9
16 10 88 8
16 18 15 1
16 20 42 3
16 23 11 11
16 24 23 5
17 0 14 19
17 1 2 12
17 3 3 19
17 4 241 1
17 11 120 3
17 12 14 1
17 14 39 1
17 15 1 28
17 19 5 13
17 20 71 4
17 21 15 3
17 23 53 18
17 27 1 19
18 0 1 27
18 1 4 2
18 4 9 1
18 5 23 2
18 16 9 28
18 24 33 10
19 0 14 1
19 1 16 1
19 2 23 17
19 3 4 5
19 7 17 20
19 10 1 29
19 17 67 2
19 20 2 21
20 0 1 13
20 1 1 8
20 2 87 2
20 3 76 2
20 4 72 27
20 8 71 2
20 12 1 22
20 14 12 21
20 15 1 9
20 17 13 12
20 19 213 1
21 5 5 5
21 11 5 13
21 12 9 1
21 15 8 17
21 27 9 19
22 1 57 2
22 4 1 21
22 7 32 1
22 8 92 2
22 9 3 6
22 10 1 13
22 19 1 15
22 20 34 29
23 2 2 4
23 4 43 21
23 6 48 22
23 7 19 2
23 10 10 6
23 24 14 1
23 26 7 1
23 27 10 26
24 0 13 26
24 1 13 17
24 2 1 24
24 3 37 2
24 4 1 22
24 5 12 5
24 6 29 7
24 7 5 29
24 8 25 19
24 10 10 21
24 11 98 24
24 16 13 15
25 0 1 10
25 4 74 3
25 6 2 16
25 7 1 13
25 8 1 4
25 11 291 1
25 20 51 13
25 26 1 9
26 11 1 17
26 16 1 16
27 2 2 19
27 4 4 1
27 7 1 18
27 9 18 21
27 10 69 3
27 18 3 3
27 19 2 27
27 26 1 26
