0 1 14 15
0 2 10 10
0 3 31 10
0 4 10 6
0 5 28 7
0 6 1 6
0 7 135 2
0 8 15 9
0 9 23 2
0 12 47 1
0 16 22 2
0 18 4 4
0 24 50 26
0 26 1 12
1 0 34 4
1 2 6 16
1 3 52 24
1 4 276 1
1 5 15 11
1 6 29 1
1 7 58 4
1 8 29 23
1 10 116 1
1 11 6 3
1 12 1 5
1 14 76 1
1 16 28 6
1 17 37 1
1 18 116 18
1 19 61 1
1 24 15 12
2 0 98 1
2 1 3 14
2 3 89 1
2 4 4 20
2 6 1 17
2 7 42 1
2 8 2 3
2 10 108 1
2 15 1 24
2 16 1 1
2 17 9 7
2 18 7 5
2 20 1 20
2 24 10 17
2 27 5 3
3 0 13 27
3 1 310 8
3 2 7 11
3 4 146 1
3 5 48 13
3 6 1 10
3 7 329 4
3 8 130 17
3 9 99 6
3 10 104 1
3 11 25 7
3 15 19 13
3 16 23 18
3 18 49 3
3 24 94 25
3 26 1 28
4 0 7 17
4 1 17 1
4 3 1 3
4 5 36 16
4 6 2 2
4 7 1 11
4 8 261 26
4 9 227 1
4 10 87 2
4 12 3 7
4 14 2 10
4 15 77 7
4 17 1 23
4 18 124 1
5 0 28 22
5 1 66 19
5 3 15 21
5 4 6 2
5 6 385 1
5 8 26 27
5 9 3 26
5 10 19 27
5 11 29 23
5 16 14 11
5 17 86 2
5 24 14 8
6 0 1 29
6 1 2 16
6 2 24 1
6 3 41 1
6 4 5 18
6 5 70 25
6 7 2 6
6 8 4 29
6 9 18 16
6 10 6 20
6 11 2 4
6 16 28 1
6 17 1 20
6 19 27 7
6 20 1 29
6 24 4 17
6 25 7 6
7 0 274 3
7 1 119 1
7 3 40 1
7 4 2 10
7 5 3 14
7 6 1 25
7 8 33 1
7 10 2 25
7 11 100 1
7 13 15 4
7 14 39 1
7 15 2 10
7 17 1 25
7 19 16 28
7 20 2 26
7 22 4 2
7 27 1 28
8 0 15 29
8 1 300 10
8 2 14 23
8 3 30 12
8 4 2 23
8 5 13 7
8 6 70 1
8 7 87 24
8 9 4 11
8 10 337 5
8 11 1 12
8 14 1 13
8 16 38 12
8 20 10 1
8 23 3 9
8 24 15 3
9 2 1 5
9 4 2 1
9 5 5 14
9 6 2 11
9 10 24 1
9 11 2 18
9 12 10 5
9 13 38 2
9 17 1 27
9 18 48 3
9 19 18 7
9 20 1 7
9 21 2 4
9 23 5 1
10 1 45 2
10 2 1 9
10 4 1 8
10 5 5 5
10 8 59 1
10 9 6 26
10 11 202 1
10 12 219 1
10 13 3 1
10 14 1 19
10 20 2 18
10 21 1 18
10 23 1 13
10 24 4 5
11 2 4 9
11 4 1 11
11 7 35 21
11 9 109 1
11 10 5 22
11 13 15 4
11 14 194 2
11 22 51 3
11 23 48 2
11 24 49 17
11 25 2 22
11 27 3 28
12 0 1 10
12 2 12 1
12 5 54 1
12 7 1 5
12 8 100 1
12 9 13 1
12 10 1 11
12 13 122 1
12 15 1 26
12 16 2 11
12 21 2 1
13 8 68 1
13 9 35 5
13 10 127 1
13 11 24 27
13 12 31 1
13 14 5 1
13 17 1 22
14 1 1 17
14 2 1 16
14 6 3 1
14 7 47 2
14 8 5 11
14 9 1 13
14 10 96 13
14 11 198 1
14 12 49 2
14 13 8 13
14 26 1 14
15 4 28 8
15 6 3 20
15 10 1 16
15 11 150 1
15 14 11 19
15 22 10 16
15 25 1 15
16 0 36 22
16 1 14 10
16 3 15 16
16 4 46 28
16 5 16 15
16 8 15 20
16 9 7 15
16 14 1 26
16 17 34 21
16 18 12 1
16 20 41 11
16 24 24 2
17 1 9 12
17 2 2 2
17 3 148 11
17 4 239 3
17 5 1 13
17 6 9 25
17 7 77 20
17 8 1 11
17 9 3 16
17 11 119 2
17 12 14 3
17 14 38 6
17 20 70 5
17 25 52 6
18 2 27 7
18 4 6 3
18 5 24 1
18 10 112 3
18 16 6 9
18 19 37 23
18 22 1 2
18 25 30 5
18 27 1 26
19 0 11 2
19 1 79 2
19 2 1 22
19 3 7 29
19 6 28 3
19 7 60 4
19 11 1 2
19 18 1 23
19 20 18 23
20 0 10 19
20 2 85 1
20 3 73 1
20 7 90 2
20 8 69 2
20 9 7 23
20 12 1 21
20 19 198 1
20 27 1 1
21 1 1 4
21 10 78 10
21 11 75 2
21 12 32 3
21 22 1 16
22 4 4 3
22 8 91 1
22 9 3 26
22 10 1 25
22 12 2 16
22 15 6 25
22 26 1 1
23 7 18 1
23 10 51 15
23 11 1 15
23 12 44 19
23 15 1 21
23 24 13 1
24 0 26 26
24 1 14 24
24 2 1 16
24 3 14 14
24 5 14 22
24 8 14 10
24 11 15 18
24 12 1 3
24 16 47 28
24 21 8 21
24 23 4 2
24 25 1 19
25 3 2 29
25 6 81 14
25 8 1 14
25 9 11 7
25 10 93 1
25 11 276 1
25 13 1 7
25 14 3 15
25 15 1 26
25 26 1 2
25 27 8 29
26 1 2 18
26 6 53 10
26 8 79 1
26 11 7 12
26 19 1 16
26 22 1 17
27 2 3 26
27 6 61 4
27 8 91 1
27 10 68 5
27 11 48 1
27 17 11 23
27 25 41 1
