0 1 28 11
0 2 4 16
0 3 26 14
0 4 2 12
0 5 124 5
0 6 4 5
0 7 125 1
0 8 11 23
0 10 14 1
0 11 29 17
0 12 44 4
0 16 28 23
0 24 32 16
0 25 76 3
1 0 10 13
1 2 2 28
1 3 23 10
1 4 403 1
1 5 105 29
1 6 59 1
1 7 1 7
1 8 87 26
1 10 111 1
1 11 4 4
1 12 13 29
1 16 11 27
1 17 23 1
1 24 11 7
1 27 46 2
2 0 86 1
2 1 14 6
2 3 45 1
2 4 54 11
2 6 5 8
2 8 2 24
2 9 2 29
2 10 98 1
2 12 43 5
2 16 2 3
2 17 1 2
2 20 8 13
2 23 4 18
3 0 23 14
3 1 71 11
3 2 7 12
3 5 66 11
3 6 2 18
3 7 5 24
3 8 12 7
3 10 96 1
3 11 28 8
3 14 1 20
3 16 34 27
3 22 5 22
3 24 11 19
4 0 1 11
4 1 101 1
4 3 1 20
4 5 215 1
4 6 4 29
4 8 35 1
4 9 208 1
4 10 79 1
4 16 2 27
4 18 107 1
4 19 1 14
4 20 79 1
4 21 4 18
4 24 3 19
4 27 51 1
5 0 11 27
5 1 68 17
5 3 10 10
5 4 2 1
5 6 73 1
5 8 54 21
5 9 3 2
5 10 1 15
5 16 27 28
5 18 92 1
5 21 1 26
5 24 48 3
5 25 1 5
5 26 13 10
6 0 24 4
6 1 10 26
6 2 16 1
6 3 31 2
6 4 48 1
6 5 12 19
6 7 1 21
6 8 12 11
6 9 21 13
6 10 36 16
6 11 65 3
6 14 1 1
6 15 1 10
6 16 26 1
6 17 1 27
6 25 9 3
7 0 271 1
7 1 126 1
7 2 170 16
7 3 193 1
7 4 87 15
7 5 4 3
7 6 2 9
7 8 157 1
7 10 1 21
7 11 15 1
7 14 33 1
7 17 2 8
7 19 1 3
7 20 1 20
7 21 1 24
7 22 3 2
7 25 6 26
7 27 8 4
8 0 64 1
8 1 23 25
8 2 2 27
8 3 12 5
8 4 4 5
8 5 20 20
8 6 396 9
8 7 13 26
8 9 9 3
8 10 306 1
8 14 5 5
8 16 32 7
8 17 3 7
8 24 36 8
8 25 27 8
8 27 57 1
9 3 84 1
9 5 18 26
9 6 2 3
9 8 1 3
9 10 252 1
9 11 1 1
9 12 2 23
9 17 1 6
9 18 45 1
9 20 12 1
9 24 2 16
10 1 38 2
10 2 2 9
10 5 2 24
10 6 1 2
10 8 32 1
10 9 13 25
10 11 187 1
10 12 210 1
10 13 1 1
10 14 2 10
10 15 2 1
10 17 2 16
10 19 50 7
10 20 2 3
10 23 5 16
10 24 5 15
10 25 1 25
10 26 2 16
10 27 4 25
11 0 1 19
11 2 6 23
11 4 1 17
11 5 117 1
11 6 60 1
11 7 10 22
11 8 1 2
11 9 100 1
11 10 15 1
11 14 60 1
11 15 2 25
11 18 64 16
11 20 3 12
11 23 16 1
11 24 6 27
11 25 3 4
12 5 47 1
12 7 7 5
12 8 93 2
12 9 243 2
12 10 1 8
12 11 1 19
12 13 113 1
12 14 1 19
12 15 22 17
13 3 12 4
13 10 116 1
13 11 1 2
13 15 13 1
13 17 25 10
13 19 2 5
14 1 8 12
14 4 3 1
14 5 1 18
14 9 5 21
14 10 2 8
14 11 186 1
14 12 44 3
14 13 1 4
14 15 1 11
14 21 2 29
14 26 1 4
14 27 21 13
15 0 30 25
15 1 1 10
15 2 1 6
15 4 1 1
15 6 1 8
15 10 1 4
15 11 97 1
15 13 1 4
15 17 36 4
15 20 19 20
15 21 6 24
16 0 11 19
16 1 10 2
16 3 34 22
16 4 51 26
16 5 60 22
16 6 42 3
16 8 74 21
16 9 1 27
16 18 6 1
16 20 40 3
16 24 25 22
17 0 2 29
17 1 16 3
17 2 1 1
17 4 235 1
17 5 21 27
17 6 3 18
17 7 1 23
17 8 2 11
17 9 17 11
17 16 5 4
18 3 23 2
18 4 2 3
18 5 36 15
18 6 1 4
18 7 106 16
18 8 111 1
18 10 110 1
18 14 15 6
18 16 1 17
18 17 2 2
18 20 14 14
19 0 7 1
19 1 11 1
19 5 12 6
19 6 26 2
19 7 31 19
19 8 47 2
19 9 2 2
19 12 4 20
19 20 2 26
20 0 3 24
20 3 65 1
20 5 1 20
20 7 84 1
20 11 12 1
20 15 1 1
20 17 16 2
20 19 163 1
20 24 28 1
20 27 1 26
21 1 4 27
22 1 56 7
22 7 28 6
22 9 1 16
22 23 1 5
23 6 1 18
23 7 15 1
23 11 34 21
23 12 5 5
23 22 2 22
24 0 11 9
24 1 10 14
24 3 24 24
24 5 35 15
24 7 3 11
24 8 92 21
24 11 5 19
24 14 5 9
24 16 10 28
24 18 1 27
25 3 8 6
25 5 1 29
25 6 100 18
25 7 26 2
25 8 90 16
25 10 76 2
25 11 241 1
25 12 8 8
25 16 9 7
25 20 50 6
25 21 1 5
26 0 26 2
26 8 78 5
26 15 2 5
26 25 10 23
26 27 59 1
27 1 21 5
27 4 2 13
27 9 1 20
27 10 66 1
27 11 42 1
27 19 8 18
27 24 26 10
27 26 4 5
