0 1 51 25
0 2 2 20
0 3 5 9
0 4 1 21
0 5 58 17
0 6 72 3
0 7 122 1
0 8 57 15
0 9 17 5
0 10 12 1
0 11 1 29
0 14 2 27
0 16 30 9
0 20 1 24
0 24 3 8
1 0 29 22
1 2 82 12
1 3 38 21
1 4 370 1
1 5 30 19
1 6 40 1
1 7 2 18
1 8 5 18
1 11 3 1
1 12 121 3
1 13 4 20
1 16 29 15
1 17 15 1
1 18 1 8
1 19 51 1
1 20 2 14
1 24 30 26
1 27 45 6
2 0 76 1
2 1 4 4
2 3 20 1
2 4 54 12
2 6 12 18
2 7 24 1
2 8 31 4
2 12 42 2
2 13 14 1
2 17 1 3
2 25 1 5
3 0 57 22
3 1 72 23
3 2 4 7
3 4 136 1
3 5 69 5
3 6 1 28
3 7 7 23
3 8 58 10
3 10 89 1
3 11 1 19
3 14 4 20
3 16 19 26
3 24 97 9
3 25 1 7
3 27 1 23
4 0 29 4
4 1 82 1
4 3 2 25
4 5 15 1
4 6 30 13
4 8 23 15
4 9 193 1
4 10 72 2
4 12 2 1
4 16 1 12
4 18 93 1
4 21 53 8
4 24 21 18
4 25 36 23
5 0 51 12
5 1 17 26
5 3 4 24
5 4 3 16
5 6 35 6
5 8 76 19
5 9 19 2
5 10 1 12
5 11 29 1
5 16 22 19
5 19 2 3
5 20 18 2
5 24 38 5
5 26 13 26
5 27 16 23
6 0 3 13
6 1 2 14
6 2 10 2
6 3 64 1
6 4 25 20
6 5 92 26
6 7 2 15
6 8 24 25
6 9 116 26
6 10 2 18
6 11 1 12
6 15 3 7
6 17 8 1
6 20 1 27
6 24 2 25
6 25 1 9
6 27 1 21
7 0 266 1
7 2 77 1
7 3 32 1
7 4 1 21
7 5 3 19
7 6 2 26
7 8 116 1
7 10 4 9
7 11 37 1
7 14 28 1
7 15 2 1
7 16 1 28
7 17 3 9
7 26 23 1
7 27 1 10
8 0 19 22
8 1 3 2
8 2 1 22
8 3 38 3
8 4 12 26
8 5 12 2
8 6 211 1
8 7 3 21
8 9 1 16
8 10 443 1
8 11 1 17
8 12 30 3
8 14 21 18
8 16 70 15
8 18 7 18
8 24 3 10
8 25 1 29
9 0 1 12
9 1 1 17
9 2 1 26
9 5 128 3
9 6 3 3
9 7 88 26
9 10 210 1
9 12 2 20
9 17 2 14
9 18 42 2
10 1 33 3
10 5 10 20
10 6 1 5
10 8 5 1
10 9 3 29
10 11 176 1
10 14 1 22
10 15 185 1
10 24 21 17
10 25 9 18
10 26 1 3
11 2 1 24
11 4 1 6
11 5 113 2
11 6 152 2
11 7 10 6
11 8 6 21
11 9 93 1
11 12 54 1
11 13 9 2
11 14 5 1
11 15 9 20
11 17 59 1
11 19 70 1
11 22 45 1
11 23 43 1
11 25 3 11
11 26 1 4
12 1 52 20
12 4 95 1
12 5 42 1
12 7 8 4
12 8 88 2
12 9 10 1
12 10 4 26
12 11 16 23
12 15 49 6
12 17 82 24
12 23 44 25
13 6 3 1
13 7 71 11
13 8 59 1
13 9 31 1
13 12 19 1
13 14 25 1
13 22 5 3
13 24 17 8
14 4 1 9
14 5 1 13
14 7 36 1
14 10 1 28
14 11 175 1
14 15 4 20
14 18 8 1
14 23 21 3
15 0 2 19
15 1 4 4
15 7 1 10
15 8 1 6
15 9 66 3
15 10 4 1
15 11 53 1
15 14 6 1
15 21 1 3
16 0 3 13
16 1 91 25
16 3 3 16
16 4 1 22
16 5 4 22
16 6 41 1
16 8 23 21
16 9 1 18
16 10 86 3
16 14 15 23
16 15 1 19
16 18 3 4
16 24 15 6
17 0 5 14
17 1 1 23
17 3 4 1
17 4 231 1
17 5 1 9
17 6 12 24
17 8 2 14
17 9 17 18
17 10 1 22
17 11 114 1
17 15 5 27
17 16 2 5
17 19 14 21
17 24 11 17
17 27 7 16
18 6 4 15
18 10 108 1
18 16 2 13
19 0 3 1
19 4 1 14
19 7 60 22
19 8 45 4
19 9 3 19
19 10 2 13
19 20 2 8
20 0 4 11
20 1 1 15
20 3 59 2
20 4 10 3
20 7 79 1
20 8 61 1
20 9 1 3
20 12 1 16
20 15 1 22
20 17 1 15
20 18 49 5
20 19 136 1
20 24 27 6
21 1 5 3
21 5 4 8
21 12 6 5
21 16 1 22
21 20 34 7
21 24 9 6
22 4 8 12
22 8 87 2
22 9 58 21
22 10 1 5
22 11 15 22
22 14 1 17
22 15 6 12
22 20 33 20
22 23 2 24
23 1 29 3
23 8 32 4
23 11 164 1
23 14 4 4
23 25 4 3
23 26 7 1
24 0 3 13
24 1 22 19
24 3 3 4
24 5 3 10
24 6 25 1
24 7 4 1
24 8 29 26
24 10 1 8
24 13 13 5
24 14 5 10
24 16 97 28
24 23 1 2
24 25 5 12
24 27 1 13
25 1 1 25
25 7 182 18
25 8 3 1
25 9 2 15
25 11 213 1
25 13 12 27
25 15 1 14
25 24 3 1
25 27 2 9
26 23 20 23
26 24 10 26
26 25 1 4
26 27 53 1
27 3 10 5
27 5 15 3
27 12 1 14
27 25 33 3
27 26 2 22
