0 1 72 1
0 2 1 1
0 3 4 25
0 4 1 14
0 5 19 1
0 7 107 1
0 8 249 1
0 9 10 1
0 11 14 15
0 15 2 10
0 16 162 1
0 17 224 1
0 19 208 1
0 20 2 14
0 21 33 1
0 24 20 1
0 25 71 1
0 26 36 28
1 0 13 1
1 2 303 1
1 3 294 1
1 4 239 1
1 5 16 1
1 6 1 1
1 7 10 24
1 8 31 1
1 9 155 3
1 10 83 1
1 12 123 7
1 14 64 1
1 15 1 13
1 16 34 1
1 18 69 4
1 19 36 1
1 24 79 1
1 25 23 1
2 0 42 1
2 1 12 2
2 3 4 4
2 4 5 11
2 5 6 27
2 6 1 15
2 8 20 15
2 10 88 24
2 12 37 1
2 14 11 10
2 17 2 8
2 19 22 4
2 20 12 16
2 23 13 28
2 26 1 24
2 27 4 12
3 0 85 1
3 1 251 1
3 2 2 15
3 5 83 1
3 6 1 7
3 7 89 13
3 8 182 1
3 9 86 4
3 10 65 2
3 11 8 20
3 13 2 22
3 16 51 1
3 17 70 2
3 18 42 1
3 20 1 7
3 23 10 29
3 24 88 1
4 0 2 19
4 1 14 1
4 2 1 17
4 3 29 2
4 5 28 1
4 6 4 5
4 8 229 1
4 9 135 1
4 12 1 17
4 14 1 16
4 15 73 3
4 18 48 1
4 19 69 14
4 20 69 1
5 0 80 1
5 1 86 1
5 3 103 1
5 4 4 4
5 6 2 18
5 8 285 28
5 8 214 1
5 9 5 15
5 10 72 16
5 16 22 5
5 19 8 4
5 20 7 12
5 24 37 1
5 26 2 21
6 1 3 7
6 3 13 1
6 4 383 1
6 5 144 1
6 7 7 5
6 8 31 29
6 9 145 22
6 10 29 24
6 12 1 22
6 17 12 22
6 18 3 27
7 0 252 1
7 1 82 1
7 2 57 1
7 3 134 1
7 5 44 10
7 6 2 11
7 8 90 1
7 10 310 23
7 11 3 5
7 13 6 1
7 15 1 15
7 17 61 17
7 20 1 19
7 24 2 9
7 26 18 1
8 0 151 1
8 1 80 1
8 3 71 1
8 4 3 22
8 5 28 1
8 6 79 1
8 7 321 1
8 9 88 3
8 10 174 1
8 11 1 17
8 14 5 28
8 16 77 2
8 17 6 26
8 22 3 6
8 24 89 1
8 26 1 24
8 27 49 1
9 2 92 2
9 5 115 27
9 6 3 29
9 7 85 4
9 8 13 16
9 10 81 1
9 11 17 19
9 12 2 15
9 14 47 1
9 17 2 2
9 19 13 1
9 20 1 24
9 22 11 1
9 27 60 1
10 2 6 29
10 5 1 21
10 6 5 25
10 7 1 16
10 8 5 20
10 9 26 7
10 11 137 1
10 12 175 2
10 13 1 8
10 14 2 27
10 15 170 1
10 20 2 12
10 23 33 13
10 24 1 7
10 25 51 8
10 27 1 14
11 0 1 16
11 1 1 27
11 6 132 1
11 7 6 15
11 8 1 13
11 12 43 2
11 13 2 4
11 14 181 10
11 15 3 5
11 17 28 24
11 20 180 1
11 21 1 6
11 23 33 2
11 24 130 19
11 25 1 11
11 27 3 9
12 3 79 2
12 4 78 2
12 5 25 2
12 8 69 2
12 9 217 1
12 10 10 25
12 11 17 18
12 13 76 1
12 22 1 11
13 0 2 12
13 2 1 1
13 7 1 20
13 8 45 1
13 10 75 1
13 12 4 2
13 14 8 1
13 25 1 18
14 4 2 3
14 8 78 4
14 11 18 1
14 13 20 23
15 5 2 21
15 6 18 3
15 7 1 21
15 10 2 26
15 11 51 1
15 12 4 12
15 13 5 13
15 14 35 2
15 17 32 1
15 18 27 1
15 20 2 13
15 26 1 12
16 0 83 1
16 1 3 23
16 2 56 3
16 3 66 1
16 5 91 1
16 6 34 1
16 7 1 15
16 8 61 1
16 9 2 3
16 10 82 2
16 15 1 8
16 17 97 17
16 24 24 1
17 0 7 9
17 1 1 9
17 3 4 1
17 4 212 1
17 8 3 29
17 9 1 20
17 10 6 15
17 11 104 3
17 16 1 24
17 18 119 1
17 20 58 4
18 0 1 23
18 2 20 1
18 3 18 2
18 4 2 26
18 5 2 26
18 6 1 25
18 8 95 2
18 10 100 2
18 16 75 19
18 25 28 3
19 8 38 1
19 17 56 1
19 20 5 16
20 0 1 13
20 1 1 22
20 3 38 2
20 4 15 1
20 8 47 2
20 9 4 4
20 19 46 1
20 23 48 21
21 3 1 26
21 4 1 29
21 6 1 28
21 9 46 1
21 11 2 1
21 26 1 10
21 27 9 15
22 4 1 28
22 8 80 3
22 11 2 9
22 12 5 5
22 13 1 19
22 15 11 28
22 17 18 7
22 23 5 2
23 4 1 3
23 8 26 3
23 10 62 20
23 11 28 3
23 12 3 26
23 15 1 7
23 22 6 21
23 24 3 2
23 25 4 28
23 26 5 5
24 0 19 1
24 1 110 1
24 3 58 1
24 4 1 5
24 5 69 1
24 6 19 4
24 7 8 18
24 8 54 1
24 10 112 28
24 11 170 1
24 15 1 11
24 16 69 1
24 22 1 2
24 25 10 25
25 3 4 1
25 4 2 9
25 11 108 1
25 15 1 26
26 7 11 6
26 10 65 21
26 15 11 14
26 27 31 2
27 0 8 2
27 2 2 23
27 7 1 24
27 10 55 6
27 17 1 3
27 26 4 29
