0 1 4 26
0 2 1 23
0 3 5 4
0 4 255 1
0 5 4 21
0 6 229 1
0 8 24 18
0 11 108 1
0 16 6 9
0 18 1 19
0 19 230 9
0 20 230 21
0 21 43 15
0 24 4 5
1 0 1 5
1 2 387 1
1 3 4 26
1 4 8 1
1 5 10 1
1 6 293 1
1 8 3 4
1 9 15 1
1 10 1 11
1 13 3 29
1 16 4 20
1 19 1 28
1 20 17 4
1 24 4 16
1 27 1 14
2 1 35 28
2 3 6 1
2 4 161 1
2 6 7 14
2 7 2 10
2 8 96 1
2 12 5 3
2 20 99 1
3 0 2 17
3 1 3 19
3 2 145 1
3 4 1 17
3 5 5 11
3 6 1 26
3 7 2 21
3 8 6 29
3 10 1 7
3 16 4 18
3 17 1 2
3 20 1 22
3 24 22 5
4 0 286 2
4 1 320 1
4 2 1 17
4 5 8 24
4 6 4 25
4 7 1 4
4 8 2 6
4 9 34 1
4 10 8 14
4 11 4 10
4 18 10 3
4 20 132 28
4 23 48 18
5 0 4 28
5 1 5 20
5 3 4 12
5 4 48 1
5 6 68 1
5 7 2 9
5 8 5 9
5 10 3 13
5 11 1 16
5 12 2 18
5 16 38 2
5 17 3 16
5 19 1 12
5 24 4 20
5 26 2 17
6 0 203 1
6 1 14 1
6 3 2 15
6 4 2 1
6 5 29 17
6 7 1 8
6 8 19 1
6 9 3 17
6 10 25 19
6 11 131 1
6 12 1 8
6 13 95 7
6 18 45 2
6 20 11 2
6 23 1 8
7 0 12 2
7 1 1 9
7 2 123 1
7 4 21 1
7 5 111 1
7 6 366 1
7 8 202 1
7 9 2 4
7 10 150 1
7 11 18 29
7 12 131 1
7 13 1 7
7 14 9 15
7 20 24 2
7 24 174 2
7 25 137 1
7 27 92 1
8 0 4 9
8 1 3 2
8 2 2 1
8 3 8 27
8 4 7 1
8 5 30 15
8 6 13 7
8 7 172 21
8 9 410 1
8 10 4 12
8 11 21 8
8 12 1 22
8 14 197 2
8 16 4 9
8 17 194 1
8 23 48 1
8 24 5 7
9 1 1 18
9 2 13 1
9 4 2 8
9 5 5 1
9 6 118 1
9 8 11 18
9 10 177 17
9 10 315 27
9 11 267 1
9 12 48 4
9 16 71 9
9 17 2 14
9 22 65 8
9 27 2 3
10 0 187 1
10 4 4 1
10 5 6 18
10 6 2 4
10 7 1 3
10 8 16 27
10 9 139 1
10 11 222 1
10 12 2 3
10 13 4 25
10 14 187 1
10 15 39 1
10 20 75 1
10 22 3 28
10 23 64 1
10 25 65 1
11 0 163 2
11 1 231 1
11 3 2 26
11 5 1 19
11 6 12 9
11 7 263 16
11 8 13 7
11 9 101 4
11 10 115 1
11 14 147 1
11 15 9 9
11 16 66 1
11 22 1 7
11 23 24 6
11 24 1 17
12 2 1 25
12 3 2 27
12 4 2 4
12 5 2 28
12 9 330 1
12 10 276 2
12 17 1 2
13 0 19 2
13 4 58 2
13 5 1 4
13 8 4 18
13 11 48 1
13 19 4 14
14 1 39 3
14 6 1 6
14 8 79 2
14 9 74 2
14 10 4 18
14 11 105 1
14 12 1 29
14 13 59 2
14 25 29 18
15 7 15 24
15 10 7 20
15 11 7 10
15 14 28 2
15 23 16 3
16 0 4 27
16 1 4 6
16 3 4 15
16 4 17 5
16 5 4 21
16 6 3 11
16 7 1 26
16 8 7 6
16 11 1 5
16 13 1 12
16 17 244 1
16 24 4 16
16 27 1 1
17 0 195 1
17 1 1 19
17 2 1 23
17 7 1 25
17 8 148 1
17 9 56 1
17 10 107 1
17 13 38 27
17 16 2 28
17 18 1 26
17 23 32 5
17 25 1 16
18 1 1 21
18 4 1 21
18 5 37 1
18 6 93 1
18 8 1 1
18 10 97 2
18 15 2 27
18 16 1 25
18 17 110 3
18 24 1 15
18 25 29 21
18 27 1 6
19 0 6 1
19 1 3 26
19 5 1 7
19 6 1 4
19 11 44 3
19 16 1 5
19 20 246 1
20 1 132 1
20 8 178 27
20 12 7 19
20 19 40 1
20 22 5 23
20 25 35 4
21 8 59 8
21 9 1 1
21 10 1 19
21 11 1 2
21 12 6 3
21 22 12 10
22 0 7 26
22 11 8 1
22 15 2 27
23 3 18 3
23 6 1 14
23 7 1 24
23 9 46 2
23 10 2 8
23 11 15 2
23 12 2 1
24 0 8 17
24 1 4 3
24 3 4 12
24 5 3 2
24 8 4 6
24 10 30 3
24 11 285 1
24 12 1 4
24 16 3 2
24 20 48 1
25 0 3 14
25 1 2 18
25 11 20 11
25 15 1 14
25 17 7 18
25 20 1 6
25 21 3 1
25 26 13 11
26 17 17 1
26 25 10 1
27 0 59 1
27 18 1 18
27 26 1 8
