0 1 4 15
0 2 9 8
0 3 19 26
0 4 15 17
0 5 59 21
0 6 70 28
0 7 67 1
0 8 22 22
0 11 10 12
0 12 27 1
0 16 47 14
0 17 189 1
0 18 1 1
0 19 145 1
0 20 1 17
0 24 33 4
1 0 20 26
1 2 228 1
1 3 8 16
1 4 62 1
1 5 2 14
1 6 15 2
1 8 9 27
1 9 83 2
1 10 44 1
1 15 8 23
1 16 21 13
1 17 1 7
1 18 111 5
1 19 15 3
1 24 55 13
1 27 36 1
2 0 7 1
2 1 92 22
2 3 13 26
2 4 137 6
2 5 4 20
2 6 118 16
2 7 2 9
2 8 2 1
2 9 3 28
2 11 2 14
2 15 3 26
2 17 1 20
2 20 1 2
2 25 28 14
3 0 4 29
3 2 143 1
3 4 88 1
3 5 17 10
3 6 40 28
3 7 67 1
3 8 132 14
3 9 71 4
3 10 32 2
3 11 3 7
3 16 2 13
3 17 47 1
3 20 2 14
3 21 2 15
3 24 10 16
3 26 1 21
4 0 12 2
4 1 4 29
4 2 6 20
4 3 5 6
4 5 44 1
4 6 1 5
4 8 151 1
4 9 54 1
4 11 70 1
4 13 2 27
4 14 6 18
4 15 67 6
4 16 1 23
4 17 1 11
4 18 5 1
4 24 24 15
4 27 44 9
5 0 4 1
5 1 162 6
5 3 7 26
5 4 207 20
5 6 44 3
5 7 12 23
5 8 37 26
5 9 3 14
5 10 12 22
5 11 3 1
5 16 1 11
5 19 1 18
5 20 1 7
5 24 8 8
5 26 2 18
6 0 54 4
6 1 6 17
6 2 1 6
6 4 252 1
6 5 90 1
6 7 2 22
6 8 159 17
6 9 51 1
6 10 3 24
6 11 1 25
6 12 1 11
6 13 1 14
6 15 1 1
6 17 29 9
6 18 25 11
6 20 15 16
6 23 53 1
7 1 45 1
7 2 123 1
7 3 13 1
7 5 6 23
7 6 70 1
7 9 212 1
7 10 93 1
7 11 9 14
7 16 37 29
7 17 2 3
7 19 1 19
7 20 6 16
7 21 1 7
7 23 11 27
7 24 2 5
7 25 222 2
8 0 2 27
8 1 1 1
8 2 12 1
8 3 2 11
8 4 1 3
8 5 20 1
8 6 8 17
8 7 17 1
8 10 13 1
8 11 3 10
8 16 2 5
8 17 9 8
8 18 42 13
8 22 1 2
8 23 1 21
8 24 2 20
9 0 1 8
9 1 1 12
9 4 1 7
9 5 30 1
9 6 8 17
9 8 1 26
9 11 1 22
9 12 132 1
9 18 18 3
9 24 2 23
9 25 2 25
10 0 1 8
10 2 5 16
10 3 209 1
10 4 277 1
10 5 2 4
10 6 11 27
10 7 2 14
10 8 11 22
10 9 3 23
10 11 52 1
10 13 2 11
10 14 2 29
10 15 114 1
10 17 1 28
10 19 35 3
10 22 2 15
10 23 1 13
10 27 1 1
11 0 2 15
11 2 1 16
11 3 10 3
11 6 120 1
11 7 61 1
11 8 1 1
11 9 32 1
11 10 267 1
11 14 130 1
11 15 54 20
11 20 174 6
11 23 9 3
11 24 237 2
11 27 178 3
12 0 5 18
12 4 53 1
12 6 1 27
12 8 42 2
12 9 49 1
12 10 1 6
12 11 1 23
12 13 33 2
12 14 4 12
12 16 1 24
12 17 1 22
12 18 4 11
12 22 4 26
13 0 1 16
13 1 71 2
13 7 2 14
13 8 25 1
13 11 7 24
13 17 2 1
13 23 3 7
13 25 6 14
14 0 23 2
14 1 8 7
14 5 3 8
14 6 1 11
14 10 76 1
14 11 88 1
14 13 38 1
14 15 33 2
14 23 11 1
14 26 1 2
15 0 34 17
15 6 4 18
15 7 9 7
15 8 103 28
15 9 42 4
15 10 2 7
15 11 2 21
15 13 5 29
15 20 19 26
15 26 1 2
16 0 77 26
16 1 14 17
16 3 16 25
16 5 110 1
16 8 25 27
16 9 1 13
16 12 2 19
16 14 1 26
16 17 86 1
16 18 1 12
16 24 5 27
16 25 3 29
17 0 1 14
17 2 1 29
17 3 138 4
17 4 177 1
17 6 140 26
17 7 100 9
17 8 1 10
17 10 1 5
17 11 89 1
17 15 4 27
17 16 1 25
17 18 98 2
17 20 47 1
18 4 4 19
18 6 2 24
18 7 111 2
18 9 1 29
18 10 86 1
18 16 3 13
18 17 1 21
18 19 2 4
18 20 7 20
18 22 15 8
19 0 1 19
19 1 40 2
19 6 10 1
19 8 26 4
19 12 1 15
19 20 17 27
20 0 4 21
20 3 13 1
20 5 1 1
20 8 28 3
20 10 85 2
20 14 6 3
20 15 2 23
20 19 1 24
20 23 4 20
21 6 43 6
21 9 39 11
21 11 78 1
21 12 15 5
21 19 2 1
22 4 22 14
22 7 12 1
22 10 2 18
22 11 7 13
22 12 2 18
22 14 1 4
22 27 4 21
23 6 2 5
23 9 1 6
24 0 67 2
24 1 41 4
24 2 6 27
24 3 28 6
24 5 35 3
24 8 2 16
24 10 113 18
24 11 95 1
24 14 1 6
24 16 2 1
24 18 6 20
24 22 5 12
24 27 22 17
25 2 23 9
25 3 1 19
25 7 206 1
25 10 70 1
25 11 6 1
25 15 7 11
25 20 44 1
25 26 18 17
26 7 2 10
27 7 1 29
27 13 1 29
27 19 12 12
27 23 1 21
27 24 1 12
