0 1 152 1
0 2 1 8
0 3 47 1
0 4 44 1
0 5 86 1
0 6 102 12
0 7 80 1
0 8 3 7
0 11 1 10
0 13 46 2
0 15 2 26
0 16 54 1
0 17 169 1
0 18 115 3
0 19 107 1
0 20 2 13
0 24 72 25
0 27 33 10
1 0 4 16
1 2 127 1
1 3 196 3
1 4 13 1
1 5 50 1
1 6 20 27
1 7 9 23
1 8 17 9
1 10 28 2
1 11 1 13
1 15 4 14
1 16 58 3
1 17 18 1
1 18 107 1
1 20 21 17
1 24 66 1
2 1 32 1
2 3 145 26
2 5 2 6
2 7 1 1
2 8 15 4
2 9 4 24
2 11 4 12
2 13 10 2
2 16 1 14
2 19 16 3
3 0 110 1
3 1 138 1
3 2 31 1
3 5 35 1
3 6 2 16
3 7 242 5
3 8 67 18
3 9 63 4
3 10 19 3
3 11 1 9
3 15 42 3
3 16 29 1
3 18 31 1
3 19 1 2
3 24 2 1
3 26 1 1
4 0 1 9
4 1 2 29
4 2 16 27
4 3 1 4
4 5 5 1
4 7 169 1
4 8 111 1
4 9 25 1
4 10 10 1
4 11 59 2
4 14 1 24
4 15 64 9
4 16 1 20
4 17 3 14
4 20 48 3
4 22 55 5
4 23 2 3
5 0 209 2
5 1 229 1
5 2 2 4
5 3 46 1
5 4 7 1
5 6 1 14
5 7 2 4
5 8 286 1
5 9 157 1
5 10 1 23
5 12 1 11
5 24 47 1
6 0 204 11
6 1 2 10
6 2 12 5
6 3 12 3
6 4 182 1
6 5 5 14
6 7 1 5
6 8 289 8
6 8 209 1
6 9 37 1
6 10 10 24
6 11 13 26
6 13 1 2
6 14 1 22
6 15 9 18
6 16 8 4
6 17 1 16
6 26 1 16
7 0 209 1
7 1 29 1
7 2 85 1
7 4 23 10
7 5 57 20
7 6 146 1
7 8 2 21
7 9 198 3
7 10 75 1
7 11 104 29
7 15 258 1
7 16 2 16
7 19 6 10
7 20 163 6
7 27 1 6
8 0 12 2
8 1 117 1
8 2 242 1
8 3 253 1
8 4 81 15
8 5 103 1
8 6 40 13
8 7 236 1
8 9 202 10
8 10 30 1
8 11 9 23
8 15 1 29
8 16 6 6
8 17 6 12
8 18 2 16
8 23 2 14
8 24 70 1
8 27 33 4
9 1 1 18
9 4 28 19
9 5 135 1
9 6 55 15
9 8 3 5
9 10 4 18
9 11 1 23
9 12 51 1
9 14 12 4
9 17 1 28
9 18 12 2
9 22 4 8
9 26 2 23
10 2 2 13
10 3 197 2
10 4 267 3
10 5 2 16
10 6 11 5
10 7 17 27
10 8 14 25
10 9 1 5
10 11 37 1
10 12 104 1
10 14 2 9
10 15 87 1
10 19 31 6
10 21 1 23
10 25 9 28
10 26 1 8
10 27 4 3
11 0 1 2
11 1 3 6
11 2 9 6
11 3 3 27
11 6 94 2
11 7 323 3
11 8 38 19
11 10 35 1
11 13 1 23
11 14 91 1
11 15 41 5
11 17 1 6
11 18 77 14
11 20 169 1
11 23 2 3
11 24 229 1
11 25 287 1
11 26 1 5
11 27 172 3
12 3 77 1
12 4 41 1
12 6 6 8
12 7 1 17
12 9 131 1
12 11 43 16
12 17 1 6
12 22 1 8
13 8 17 1
13 17 31 3
14 7 16 3
14 8 131 9
14 9 33 3
14 10 50 1
14 11 54 1
14 13 10 1
14 15 10 2
14 22 8 18
14 23 8 3
14 25 1 21
15 6 35 2
15 7 6 9
15 10 1 23
15 11 23 24
15 14 1 2
15 22 6 2
15 24 28 5
16 0 57 1
16 1 11 1
16 3 95 1
16 4 1 25
16 5 115 1
16 8 77 1
16 9 15 17
16 10 72 1
16 13 1 22
16 17 70 1
16 18 15 24
16 22 19 11
16 24 38 1
16 26 3 7
17 0 1 7
17 1 4 1
17 2 1 16
17 3 130 1
17 4 157 1
17 6 11 23
17 7 83 4
17 8 1 11
17 10 6 12
17 15 6 15
17 16 3 25
17 18 87 1
17 19 1 23
17 25 54 10
18 4 8 16
18 6 3 26
18 7 107 1
18 10 79 4
18 11 7 1
18 16 12 26
18 17 1 6
18 23 3 11
19 0 1 14
19 6 6 8
19 7 15 20
19 9 31 9
19 13 4 25
19 17 40 1
19 20 3 14
20 0 6 29
20 2 38 2
20 4 1 7
20 8 21 1
20 9 5 7
20 10 77 1
20 13 13 11
20 16 64 2
20 19 6 5
20 22 2 10
20 26 46 8
21 1 3 15
21 5 2 1
21 12 11 1
21 24 3 18
21 27 9 29
22 2 1 15
22 3 1 12
22 4 1 28
22 7 8 5
22 9 60 14
22 11 1 22
22 12 8 2
22 14 1 23
23 2 3 4
23 4 1 4
23 9 1 11
23 10 10 3
23 11 12 2
23 12 3 8
23 14 3 26
23 15 5 3
23 22 10 28
23 26 3 2
23 27 10 6
24 0 40 1
24 1 17 1
24 2 25 6
24 3 60 1
24 5 84 1
24 6 8 9
24 7 47 28
24 8 166 1
24 10 115 28
24 11 75 1
24 16 11 8
24 22 1 12
24 27 2 28
25 2 22 2
25 3 14 9
25 5 2 19
25 7 180 1
25 8 1 8
25 9 1 12
25 10 64 1
25 11 1 9
25 14 8 18
25 15 1 18
25 17 1 28
25 21 2 11
25 26 4 25
25 27 1 3
26 0 18 2
26 2 12 12
26 3 1 14
26 8 67 1
26 9 2 21
26 11 21 24
26 16 1 11
26 20 35 15
26 23 20 6
26 24 1 18
27 2 1 10
27 3 4 10
27 4 1 22
27 8 68 1
27 9 19 6
27 11 1 3
27 14 7 1
27 24 1 21
27 25 1 4
