0 1 114 1
0 3 29 5
0 4 5 20
0 5 73 1
0 6 1 17
0 7 77 11
0 8 243 1
0 11 29 19
0 14 3 16
0 15 1 14
0 16 2 1
0 17 166 1
0 19 102 1
0 22 23 5
0 23 3 27
0 24 118 1
1 0 23 1
1 2 112 1
1 3 234 1
1 4 10 1
1 5 31 23
1 6 6 24
1 7 1 8
1 8 39 11
1 9 77 1
1 11 1 4
1 12 123 1
1 14 45 5
1 16 33 2
1 17 1 28
1 18 106 2
1 22 59 1
1 24 44 1
1 25 11 2
2 1 149 1
2 4 136 8
2 5 1 11
2 6 1 15
2 7 7 15
2 8 15 15
2 9 3 22
2 10 43 1
2 14 4 14
2 16 8 12
2 20 5 26
2 23 4 29
3 0 96 1
3 1 1 11
3 2 17 1
3 4 71 2
3 5 21 1
3 6 1 1
3 7 4 5
3 8 181 1
3 9 62 2
3 11 133 5
3 13 1 14
3 14 1 18
3 16 124 1
3 20 26 23
3 21 2 12
3 24 55 1
4 0 100 25
4 1 11 6
4 2 1 19
4 3 1 18
4 5 3 1
4 6 8 16
4 7 168 1
4 8 107 1
4 9 23 1
4 11 58 3
4 12 168 1
4 17 1 19
4 19 1 25
4 20 48 1
5 0 251 1
5 1 285 1
5 2 7 18
5 3 62 1
5 4 3 23
5 6 30 1
5 7 2 28
5 8 236 4
5 9 145 19
5 10 40 9
5 12 2 28
5 14 16 1
5 16 29 1
5 17 26 1
5 18 62 2
5 24 64 1
6 0 4 7
6 1 15 14
6 2 2 26
6 3 11 1
6 4 174 1
6 5 6 10
6 7 1 15
6 8 151 1
6 9 334 1
6 10 3 16
6 11 1 4
6 13 1 14
6 14 1 14
6 15 1 3
6 16 8 1
6 17 2 5
6 18 1 11
6 19 5 3
7 0 205 1
7 1 26 1
7 2 81 1
7 3 1 1
7 5 7 3
7 6 241 1
7 8 2 26
7 10 72 1
7 11 9 28
7 15 255 1
7 17 76 5
7 19 2 7
7 20 1 3
7 24 12 24
8 0 29 1
8 1 11 1
8 2 228 1
8 3 231 1
8 4 4 26
8 5 41 1
8 6 16 8
8 7 221 1
8 9 84 1
8 10 22 1
8 11 2 15
8 16 64 1
8 17 2 20
8 18 5 27
8 20 1 13
8 22 1 11
8 23 2 28
8 24 46 1
8 25 145 20
8 27 33 3
9 1 2 24
9 3 47 1
9 4 4 14
9 5 118 1
9 6 23 26
9 7 67 29
9 8 1 28
9 10 2 25
9 12 1 4
9 14 11 3
9 20 1 26
9 24 46 2
10 0 7 19
10 2 1 7
10 5 1 2
10 6 3 7
10 7 3 26
10 8 41 19
10 9 2 10
10 11 31 1
10 12 101 1
10 13 8 6
10 14 34 21
10 15 83 1
10 21 2 13
10 26 1 6
11 0 2 2
11 3 1 29
11 4 112 19
11 5 58 3
11 6 91 2
11 7 306 1
11 8 48 21
11 10 27 1
11 12 20 1
11 14 86 1
11 15 4 24
11 17 7 25
11 18 2 1
11 20 169 1
11 22 12 4
11 24 60 22
11 25 283 1
11 26 2 28
12 5 1 1
12 6 10 2
12 7 11 1
12 8 29 4
12 9 124 1
12 10 3 28
12 13 15 2
12 14 4 29
12 18 5 3
12 25 2 10
13 1 2 5
13 6 82 2
13 7 2 28
13 8 16 1
13 9 7 7
13 10 13 3
13 11 4 2
13 12 1 21
13 14 1 22
13 18 23 21
14 4 1 26
14 6 5 19
14 7 15 1
14 9 4 9
14 10 40 1
14 11 50 1
14 16 26 16
14 18 3 1
14 26 1 27
14 27 18 12
15 4 1 9
15 7 16 25
15 9 34 2
15 10 38 6
15 11 10 5
15 12 2 2
15 17 23 7
16 0 40 1
16 1 32 1
16 3 44 1
16 5 66 1
16 6 19 1
16 7 1 27
16 8 43 2
16 17 66 1
16 18 1 7
16 24 30 1
16 27 18 18
17 0 1 15
17 1 51 3
17 2 2 28
17 3 129 1
17 4 155 1
17 6 100 3
17 7 82 3
17 8 1 25
17 9 9 4
17 10 1 1
17 16 1 9
17 20 40 5
18 4 7 27
18 6 4 9
18 8 64 1
18 10 79 1
18 13 3 1
18 16 1 2
18 17 46 2
18 22 15 13
19 0 5 20
19 1 28 1
19 2 28 27
19 4 8 8
19 8 20 6
19 20 1 5
19 23 4 1
20 0 1 16
20 1 2 29
20 5 2 8
20 7 25 4
20 9 13 29
20 10 76 2
20 16 63 16
20 19 2 23
20 21 12 6
20 24 16 13
20 27 2 14
21 6 5 20
21 7 1 14
21 10 66 1
21 13 1 14
21 23 1 4
22 1 47 6
22 9 3 21
22 10 2 20
22 12 1 4
22 13 2 19
22 17 13 14
23 2 3 12
23 3 1 24
23 4 3 9
23 6 3 12
23 11 10 1
23 12 4 29
23 13 1 14
23 15 5 3
23 25 2 1
24 0 69 1
24 1 59 1
24 2 6 18
24 3 8 1
24 5 33 1
24 8 3 4
24 11 70 1
24 15 3 28
24 16 53 1
24 22 15 29
24 23 1 10
24 26 11 1
25 0 1 5
25 2 21 4
25 3 1 16
25 5 27 22
25 7 177 1
25 10 62 2
25 11 1 22
25 12 9 16
25 15 1 22
25 27 1 22
26 5 8 20
26 7 1 17
26 11 11 5
26 14 1 15
26 16 3 7
26 21 12 18
27 1 10 10
27 4 22 18
27 9 3 27
27 10 36 4
27 12 17 26
27 13 1 12
27 15 1 17
27 16 14 25
27 23 1 21
27 25 1 2
