0 1 137 23
0 3 29 12
0 5 26 29
0 6 1 19
0 7 23 1
0 8 14 26
0 14 1 11
0 16 39 28
0 17 134 1
0 19 50 1
0 20 1 20
0 24 13 11
0 26 40 27
1 0 15 18
1 2 6 1
1 3 12 10
1 5 15 12
1 6 21 21
1 7 6 15
1 8 181 28
1 9 62 1
1 14 36 5
1 15 7 22
1 16 14 28
1 17 54 18
1 20 4 1
1 24 27 14
1 27 30 1
2 1 78 1
2 3 75 1
2 5 6 3
2 7 2 24
2 8 62 22
2 9 4 3
2 11 1 15
2 16 3 19
2 17 2 17
2 20 5 28
2 26 1 1
3 0 15 28
3 1 13 20
3 4 49 2
3 5 13 29
3 6 1 14
3 7 113 1
3 8 14 20
3 11 1 19
3 14 1 1
3 15 37 11
3 16 27 23
3 18 25 4
3 20 1 24
3 22 15 7
3 24 27 10
3 26 18 13
4 0 1 1
4 1 49 2
4 2 3 20
4 3 63 13
4 5 3 13
4 6 173 1
4 8 56 1
4 10 1 2
4 13 1 27
4 15 59 2
4 17 18 25
4 24 2 27
4 25 45 14
5 0 14 20
5 1 21 27
5 3 55 27
5 4 145 1
5 6 39 1
5 7 2 23
5 8 11 17
5 9 171 1
5 10 1 19
5 12 5 7
5 16 27 13
5 17 60 7
5 20 34 15
5 21 1 21
5 24 22 19
5 26 4 21
6 1 14 18
6 2 1 13
6 3 1 2
6 4 82 1
6 5 29 16
6 8 180 1
6 9 68 1
6 10 3 1
6 11 290 24
6 12 11 20
6 15 3 20
6 16 4 2
6 17 2 12
6 18 3 13
6 20 1 1
6 21 1 18
6 23 43 1
6 24 86 28
7 0 156 1
7 2 35 1
7 3 3 16
7 4 2 6
7 6 108 1
7 8 24 29
7 9 172 2
7 10 51 1
7 11 354 27
7 11 233 24
7 15 212 1
7 16 1 17
7 17 3 2
7 20 1 11
7 22 1 25
7 23 128 4
7 24 19 28
7 25 155 1
7 27 1 26
8 0 14 14
8 1 23 3
8 2 73 1
8 3 16 6
8 4 13 21
8 5 15 29
8 6 242 23
8 7 164 1
8 9 173 1
8 10 8 1
8 11 66 7
8 13 111 1
8 15 5 6
8 16 14 2
8 17 2 1
8 18 46 3
8 24 28 10
8 27 26 3
9 0 2 3
9 1 31 17
9 3 35 5
9 4 1 24
9 5 13 1
9 6 165 14
9 7 55 9
9 8 1 2
9 10 12 26
9 11 1 22
9 12 3 15
9 16 1 12
9 20 1 17
9 22 1 20
9 25 1 10
9 27 52 4
10 2 1 16
10 3 173 1
10 5 4 7
10 6 2 27
10 7 34 7
10 8 4 24
10 9 164 3
10 11 1 2
10 12 68 1
10 13 1 13
10 14 73 27
10 15 45 1
10 17 41 28
10 22 1 13
10 26 3 3
10 27 6 3
11 1 4 4
11 3 1 21
11 4 15 11
11 5 41 1
11 6 57 2
11 7 67 1
11 8 3 20
11 9 4 5
11 10 346 1
11 13 4 22
11 14 38 1
11 15 85 1
11 17 3 16
11 19 39 3
11 20 159 3
11 22 5 3
11 24 189 1
11 25 66 6
11 26 1 17
12 6 2 21
12 8 15 1
12 9 75 1
12 10 2 29
12 11 1 29
12 14 1 12
12 17 1 24
12 18 1 22
12 21 1 19
12 23 11 1
13 4 1 15
13 6 73 1
13 8 6 5
13 11 8 3
13 12 1 3
13 20 1 8
13 25 6 20
14 4 2 7
14 6 1 7
14 8 116 1
14 9 132 1
14 10 189 1
14 11 14 2
14 15 3 1
14 17 1 16
14 18 2 2
14 26 2 20
15 0 1 2
15 1 41 19
15 4 2 17
15 7 1 8
15 9 24 1
15 10 1 22
15 11 40 5
15 12 3 6
15 14 6 9
15 26 1 24
16 0 45 19
16 1 24 26
16 3 22 10
16 4 1 4
16 5 96 24
16 6 13 1
16 8 14 6
16 10 66 2
16 13 1 6
16 15 1 6
16 17 139 1
16 18 1 13
16 22 19 3
16 24 13 12
16 25 1 3
17 1 323 29
17 4 124 1
17 5 26 25
17 8 1 6
17 9 2 13
17 11 69 1
17 13 50 6
17 16 6 3
17 18 69 4
17 19 4 23
18 1 4 5
18 2 5 3
18 4 4 23
18 5 1 23
18 6 7 13
18 8 49 2
18 9 1 25
18 11 4 2
18 16 63 14
18 17 2 10
18 22 1 13
19 0 4 9
19 4 10 24
19 9 4 12
19 11 14 5
19 20 114 1
20 0 1 10
20 9 14 28
20 11 1 12
20 15 47 19
20 19 2 5
20 22 2 22
20 23 48 17
20 25 5 20
21 1 3 20
21 6 1 23
21 11 72 23
21 12 4 8
21 14 1 26
21 15 5 1
21 17 46 28
21 25 8 2
22 0 48 12
22 12 2 1
22 14 3 23
22 18 11 27
22 25 1 29
22 27 6 8
23 11 108 2
23 14 7 11
24 0 54 4
24 1 14 26
24 3 39 19
24 5 32 10
24 7 6 1
24 8 13 12
24 10 19 29
24 11 26 1
24 16 25 4
24 18 8 20
24 25 7 17
25 0 1 25
25 3 3 1
25 5 1 4
25 6 2 1
25 7 133 1
25 11 2 7
25 15 17 2
25 20 36 6
25 21 2 19
25 22 1 23
25 27 3 12
26 1 58 2
26 5 2 24
26 6 39 7
26 7 1 21
26 9 1 9
26 15 15 28
26 20 33 25
26 25 1 20
26 27 1 2
27 7 2 13
27 8 59 4
27 10 28 1
27 12 9 3
27 15 2 14
