0 1 17 29
0 2 220 1
0 3 11 27
0 4 1 7
0 5 31 27
0 6 4 23
0 7 23 1
0 8 49 2
0 11 1 4
0 12 16 3
0 14 1 5
0 16 13 25
0 17 133 1
0 19 49 1
0 20 1 25
0 24 18 7
1 0 16 19
1 2 5 1
1 3 12 23
1 4 2 28
1 5 41 23
1 6 49 3
1 7 1 20
1 8 66 21
1 9 61 1
1 10 9 4
1 15 1 25
1 16 39 3
1 17 4 29
1 20 75 8
1 22 57 2
1 23 1 28
1 24 14 9
1 27 29 29
2 0 1 26
2 1 74 1
2 3 72 1
2 5 3 18
2 6 1 26
2 7 3 11
2 8 393 1
2 10 20 9
2 11 1 21
2 16 1 20
2 17 1 5
2 20 1 17
2 25 28 1
2 26 1 23
3 0 67 17
3 1 42 8
3 2 1 1
3 5 14 2
3 6 1 16
3 7 110 1
3 8 96 19
3 11 104 1
3 16 14 16
3 17 21 1
3 24 13 18
3 25 1 3
4 0 8 9
4 1 3 24
4 5 2 11
4 6 172 1
4 8 55 1
4 12 153 1
4 13 2 2
4 16 1 22
4 17 2 3
4 18 1 18
5 0 13 1
5 1 19 29
5 3 13 7
5 4 142 1
5 6 24 1
5 7 1 4
5 8 10 11
5 9 166 1
5 11 86 1
5 12 2 20
5 15 3 2
5 16 25 16
5 17 14 2
5 24 14 23
5 25 1 29
6 1 139 12
6 2 16 5
6 4 80 1
6 5 80 25
6 7 2 4
6 8 167 1
6 9 65 1
6 10 3 1
6 12 2 28
6 14 3 16
6 17 1 25
6 18 7 10
6 20 90 19
6 23 43 6
7 0 155 1
7 1 67 1
7 2 34 1
7 3 1 23
7 6 106 1
7 8 3 20
7 10 50 1
7 11 12 5
7 15 211 1
7 16 1 4
7 24 7 22
7 25 154 2
7 27 8 16
8 0 13 24
8 1 30 13
8 2 71 1
8 3 13 19
8 4 2 2
8 5 72 2
8 6 21 22
8 7 160 1
8 9 171 1
8 10 19 18
8 11 1 9
8 13 111 2
8 14 94 1
8 16 13 13
8 17 2 16
8 18 1 21
8 23 4 9
8 24 89 18
9 0 4 22
9 4 6 4
9 5 11 1
9 6 1 3
9 8 2 9
9 10 3 28
9 12 1 10
9 25 3 19
10 0 8 1
10 1 1 26
10 2 48 26
10 3 173 1
10 4 244 2
10 5 35 18
10 6 2 14
10 7 3 24
10 8 4 10
10 9 40 12
10 12 67 2
10 13 2 11
10 14 2 18
10 15 44 2
10 16 99 1
10 17 3 24
10 21 3 13
10 24 131 3
10 26 3 12
11 0 102 8
11 3 2 4
11 4 1 29
11 5 41 1
11 7 58 1
11 8 1 14
11 10 344 1
11 14 37 1
11 15 84 1
11 17 1 8
11 21 72 17
11 24 188 1
11 25 248 1
11 26 6 5
12 4 25 1
12 7 148 1
12 8 15 2
12 9 74 1
12 10 1 9
12 11 4 13
12 14 10 8
12 18 18 28
12 20 41 4
12 21 2 5
12 22 6 3
12 23 10 29
12 25 18 1
12 27 1 6
13 1 69 1
13 6 73 3
13 7 2 11
13 11 1 1
13 12 5 7
13 14 4 2
13 17 7 7
13 21 1 26
14 4 9 20
14 6 1 25
14 7 4 1
14 8 115 1
14 9 131 4
14 10 186 1
14 13 10 2
14 15 2 4
14 16 1 13
14 17 1 25
15 3 2 4
15 4 68 29
15 5 26 23
15 7 1 7
15 8 55 1
15 9 24 1
15 10 3 5
15 11 5 7
15 14 1 15
15 20 20 2
16 0 28 21
16 1 22 9
16 3 22 6
16 5 44 3
16 6 12 7
16 8 13 8
16 11 80 27
16 15 3 11
16 17 138 1
16 18 1 16
16 24 24 8
17 0 3 19
17 1 47 1
17 2 1 13
17 3 113 1
17 4 124 1
17 6 137 1
17 7 106 1
17 8 52 28
17 9 3 2
17 11 69 4
17 14 18 5
17 15 15 14
17 16 50 9
17 19 1 16
18 4 4 26
18 6 14 23
18 16 1 28
18 17 1 5
18 20 4 1
18 23 1 10
18 27 2 13
19 0 4 7
19 1 13 4
19 7 1 1
19 8 14 1
19 12 6 5
19 17 31 1
19 18 1 19
19 20 112 1
20 0 10 18
20 1 4 24
20 7 13 1
20 8 10 2
20 10 64 1
20 12 1 27
20 14 23 17
20 15 1 13
20 18 32 10
20 19 3 17
20 22 2 29
21 0 1 5
21 2 1 24
21 14 1 17
21 15 4 1
21 18 1 27
22 0 1 3
22 7 3 10
22 8 53 1
22 10 5 23
22 12 2 1
22 13 5 11
22 17 11 5
22 27 2 2
23 13 1 26
23 27 4 16
24 0 47 21
24 1 13 18
24 3 21 18
24 5 25 12
24 7 7 7
24 8 27 7
24 11 25 1
24 12 1 22
24 16 39 15
25 0 1 11
25 3 3 10
25 4 68 26
25 5 27 2
25 6 1 8
25 7 132 1
25 8 111 6
25 9 84 6
25 10 87 2
25 11 7 15
25 13 10 5
25 15 6 12
25 16 1 9
25 21 9 4
25 22 1 15
26 0 15 9
26 4 15 1
26 9 3 12
27 7 1 6
27 9 5 15
27 10 27 6
27 16 13 16
