0 1 31 19
0 2 216 20
0 3 55 15
0 4 3 29
0 5 9 20
0 7 47 2
0 8 9 23
0 10 1 6
0 16 24 16
0 17 127 1
0 19 42 1
0 20 14 6
0 21 27 19
0 23 3 1
0 24 9 14
0 27 28 11
1 0 11 28
1 2 1 1
1 3 59 4
1 4 1 14
1 5 9 28
1 6 20 15
1 7 1 21
1 8 28 9
1 9 55 1
1 10 7 14
1 11 1 13
1 12 134 11
1 16 74 6
1 17 2 17
1 23 2 27
1 24 83 23
2 0 1 29
2 1 37 6
2 3 39 12
2 4 63 1
2 5 2 8
2 6 2 29
2 7 1 25
2 8 375 1
2 9 1 11
2 10 19 2
2 16 4 16
2 19 12 1
2 20 2 23
3 0 40 17
3 1 9 2
3 2 1 10
3 4 45 1
3 5 44 18
3 6 74 7
3 7 90 1
3 8 9 23
3 9 48 1
3 16 45 23
3 17 18 5
3 19 4 22
3 20 2 4
3 24 36 19
4 0 10 14
4 1 21 12
4 2 6 28
4 5 3 24
4 7 46 25
4 8 48 1
4 12 150 1
4 13 2 10
4 14 1 27
4 16 42 23
4 18 1 21
4 20 36 7
4 25 1 16
5 0 9 2
5 1 118 29
5 3 24 26
5 4 121 19
5 6 195 1
5 7 1 14
5 8 155 11
5 9 126 1
5 10 48 28
5 11 82 9
5 16 37 12
5 17 59 1
5 19 1 5
5 21 17 15
5 24 31 9
5 27 10 21
6 2 1 1
6 4 67 1
6 5 82 9
6 8 66 1
6 9 36 1
6 10 22 28
6 11 1 15
6 12 16 9
6 13 1 6
6 20 1 14
6 25 1 13
7 0 146 1
7 1 61 1
7 3 8 8
7 5 49 26
7 6 195 14
7 8 4 6
7 9 167 1
7 10 268 1
7 11 25 20
7 14 1 11
7 15 202 1
7 19 7 18
7 24 5 20
7 25 147 1
7 27 1 8
8 0 392 26
8 1 18 2
8 2 51 1
8 3 79 16
8 4 3 7
8 5 11 9
8 6 6 8
8 7 83 1
8 9 159 29
8 10 3 3
8 11 9 10
8 14 141 12
8 16 9 29
8 21 2 23
8 22 6 17
8 23 20 22
8 24 59 20
8 25 4 11
8 26 1 14
8 27 25 1
9 0 14 29
9 1 1 26
9 4 4 15
9 5 1 20
9 6 1 13
9 7 54 1
9 8 7 3
9 10 9 13
9 12 248 9
9 17 1 25
9 25 2 28
10 0 1 6
10 1 1 14
10 2 14 23
10 3 168 2
10 4 240 1
10 5 13 23
10 6 4 20
10 7 2 26
10 8 3 5
10 9 424 1
10 12 62 1
10 13 17 21
10 14 3 29
10 17 40 22
10 24 130 1
11 0 1 15
11 1 5 28
11 2 1 25
11 3 1 20
11 6 51 1
11 7 224 1
11 8 1 25
11 9 3 25
11 10 327 1
11 13 2 27
11 14 30 1
11 15 64 10
11 17 1 22
11 20 157 25
11 24 39 1
11 25 59 19
11 27 149 2
12 1 147 25
12 4 22 18
12 6 16 4
12 9 63 1
12 10 12 23
12 18 1 25
12 19 43 26
12 22 10 12
13 1 69 1
13 6 72 1
13 11 7 2
13 14 1 21
13 20 1 1
14 1 24 10
14 2 31 2
14 6 1 28
14 7 2 26
14 8 108 1
14 10 163 1
14 11 9 13
14 19 6 7
14 20 55 20
15 1 1 6
15 3 2 12
15 5 1 20
15 7 1 11
15 10 64 20
15 11 4 22
15 12 1 3
15 14 2 4
16 0 9 22
16 1 43 21
16 2 43 17
16 3 95 12
16 5 9 27
16 6 11 28
16 8 8 17
16 12 1 22
16 17 128 1
16 18 1 29
16 24 9 21
16 25 7 14
17 1 38 1
17 2 1 5
17 3 110 23
17 4 118 1
17 8 2 25
17 9 8 28
17 11 67 15
17 14 18 1
17 16 70 9
17 18 66 12
18 1 9 29
18 3 5 18
18 4 2 28
18 12 1 6
18 14 5 13
18 17 66 22
18 24 32 28
18 27 3 13
19 0 2 6
19 1 11 27
19 6 2 11
19 8 12 28
19 9 3 14
19 20 93 1
19 24 3 1
20 0 4 14
20 4 103 23
20 8 9 1
20 9 1 11
20 10 62 17
20 12 1 25
20 15 1 19
20 19 2 19
20 22 1 21
20 27 1 21
21 4 1 6
21 6 47 3
21 7 1 11
21 8 1 11
22 0 1 6
22 13 1 15
22 14 1 27
22 23 9 27
23 0 62 1
23 9 1 26
23 10 57 17
23 11 102 1
24 0 60 11
24 1 19 2
24 2 6 28
24 3 27 18
24 5 41 2
24 6 4 1
24 7 1 22
24 8 9 29
24 9 1 25
24 11 13 1
24 15 2 27
24 16 9 26
24 22 3 16
24 23 1 19
24 25 23 11
25 0 12 2
25 7 124 1
25 8 1 9
25 10 83 2
25 11 4 23
25 16 1 4
26 0 14 24
26 7 2 18
26 14 1 19
26 19 2 8
26 25 4 11
27 2 8 20
27 13 8 26
27 15 1 29
27 24 1 8
27 26 14 14
