0 1 162 18
0 2 29 1
0 3 36 21
0 4 237 1
0 5 58 12
0 6 12 11
0 7 132 1
0 8 27 27
0 9 68 1
0 11 185 1
0 14 1 2
0 16 129 13
0 17 110 1
0 18 1 15
0 22 1 23
0 24 19 3
0 25 3 13
0 26 3 26
1 0 73 20
1 2 164 1
1 3 20 9
1 4 3 10
1 5 18 5
1 7 365 1
1 8 41 3
1 9 4 1
1 10 390 1
1 12 2 1
1 14 1 12
1 15 7 29
1 16 40 18
1 17 12 25
1 20 17 3
1 21 2 25
1 22 1 8
1 23 5 13
1 24 37 18
1 27 2 22
2 0 13 4
2 3 37 1
2 4 1 2
2 6 2 28
2 7 13 4
2 8 107 1
2 9 5 23
2 10 163 1
2 11 254 1
2 14 28 1
2 16 3 22
2 17 1 15
2 19 41 1
3 0 16 10
3 1 97 25
3 2 6 16
3 4 186 1
3 5 117 19
3 6 152 14
3 7 86 1
3 8 21 13
3 9 1 19
3 14 2 2
3 16 36 23
3 20 25 1
3 24 19 27
3 25 15 8
4 0 4 25
4 1 9 18
4 2 265 2
4 3 130 1
4 5 3 17
4 6 2 20
4 8 1 9
4 9 90 1
4 12 203 2
4 15 3 27
4 16 3 24
4 17 53 15
4 18 273 1
4 20 99 16
4 23 5 1
5 0 26 26
5 1 31 2
5 3 51 4
5 4 2 29
5 6 283 2
5 7 11 9
5 8 34 6
5 9 69 1
5 10 393 1
5 12 1 10
5 15 29 28
5 16 19 13
5 24 48 28
6 0 221 1
6 1 333 1
6 2 1 6
6 3 247 1
6 4 136 1
6 5 19 17
6 7 8 19
6 8 79 1
6 9 4 4
6 10 3 1
6 11 3 1
6 12 5 1
6 14 26 3
6 17 302 1
6 18 26 26
6 23 110 16
6 25 8 12
7 0 5 9
7 1 4 19
7 2 244 1
7 3 4 4
7 5 1 1
7 6 2 16
7 8 3 14
7 9 293 2
7 10 5 27
7 11 58 1
7 12 72 3
7 15 2 2
7 17 214 22
7 19 123 1
7 20 142 10
7 22 159 1
7 23 32 1
7 25 1 21
7 27 73 1
8 0 49 25
8 1 18 2
8 2 13 3
8 3 18 10
8 5 69 19
8 6 285 4
8 7 62 1
8 9 2 15
8 10 190 1
8 11 159 1
8 12 232 1
8 13 160 1
8 14 254 1
8 16 275 5
8 17 147 1
8 18 72 1
8 19 37 1
8 23 44 3
8 24 150 17
8 25 54 1
8 26 39 7
9 1 324 1
9 4 235 1
9 5 3 19
9 6 291 1
9 7 9 19
9 8 4 26
9 10 172 1
9 11 4 5
9 12 31 1
9 14 5 18
9 17 208 1
9 18 1 12
9 20 4 29
9 22 1 26
9 24 4 8
9 27 1 24
10 2 224 1
10 3 14 11
10 4 145 1
10 5 12 27
10 6 38 1
10 7 83 9
10 9 186 1
10 11 10 6
10 12 321 1
10 14 207 1
10 15 268 1
10 18 1 14
10 21 61 20
10 23 39 3
10 24 40 2
10 25 256 7
11 0 1 29
11 1 2 6
11 2 193 1
11 4 84 2
11 5 1 29
11 6 1 1
11 7 11 2
11 8 2 21
11 10 15 7
11 12 212 25
11 13 4 14
11 14 207 1
11 15 26 13
11 17 103 3
11 20 1 20
11 21 84 2
11 22 2 16
11 23 2 3
11 24 67 1
11 25 275 6
12 2 11 8
12 3 111 8
12 5 3 21
12 6 223 1
12 7 20 5
12 9 5 1
12 11 12 1
12 13 15 2
12 14 4 11
12 15 1 26
12 16 17 2
12 22 2 23
13 4 23 1
13 5 1 25
13 6 1 15
13 7 149 1
13 8 10 5
13 9 1 19
13 10 180 1
13 11 3 12
13 12 2 11
13 21 1 19
14 1 140 14
14 3 1 16
14 4 141 1
14 6 2 29
14 7 3 15
14 8 3 16
14 9 4 1
14 10 154 1
14 12 19 4
14 15 102 1
14 21 24 1
14 22 35 3
14 24 1 25
14 25 1 6
15 0 11 7
15 1 84 6
15 2 3 12
15 7 8 14
15 8 83 1
15 10 4 3
15 11 4 5
15 12 64 1
15 14 70 26
15 18 2 5
15 24 1 24
15 25 22 1
16 0 69 11
16 1 39 17
16 3 19 14
16 5 19 25
16 8 72 2
16 9 74 1
16 18 1 19
16 19 22 4
16 24 37 19
16 26 1 9
17 1 217 1
17 4 210 1
17 5 26 1
17 6 1 23
17 10 9 19
17 13 64 3
17 14 1 13
17 16 272 14
17 19 116 2
17 27 2 5
18 4 17 1
18 8 1 21
18 9 1 9
18 12 1 3
18 16 3 25
18 25 1 21
19 0 3 19
19 1 2 20
19 2 1 28
19 7 20 3
19 11 6 5
19 20 32 28
19 21 2 29
19 25 12 28
20 3 1 5
20 4 14 23
20 7 5 26
20 10 126 3
20 11 219 1
20 12 19 3
20 18 6 9
20 19 61 28
20 24 1 17
20 26 36 3
21 11 2 28
21 12 1 13
22 1 2 21
22 4 1 2
22 6 30 7
22 7 1 21
22 8 4 5
22 11 14 13
22 18 24 6
22 21 1 8
22 23 1 16
22 27 1 20
23 2 2 26
23 7 5 12
23 8 95 3
23 9 3 29
23 10 1 5
23 11 217 1
23 15 41 2
23 20 58 16
23 21 21 1
23 27 1 24
24 0 19 12
24 1 19 9
24 3 19 25
24 4 105 4
24 5 19 23
24 7 5 1
24 8 40 23
24 9 3 3
24 11 287 1
24 13 1 6
24 16 33 24
24 20 39 1
24 22 1 27
24 27 1 15
25 4 62 10
25 7 123 1
25 9 2 16
25 10 238 3
25 11 371 1
25 12 42 1
25 22 1 12
25 27 36 1
26 2 1 24
26 16 1 20
26 17 1 3
26 20 65 8
26 24 1 6
26 27 5 19
27 0 4 2
27 1 1 2
27 10 8 21
27 11 266 3
27 12 1 4
27 18 42 4
27 24 31 13
27 26 1 1
