0 1 98 3
0 2 15 1
0 3 276 1
0 4 211 1
0 5 79 24
0 6 1 17
0 7 280 1
0 8 46 28
0 9 59 2
0 10 1 18
0 16 112 1
0 17 91 1
0 19 310 1
0 20 3 26
0 21 57 1
0 24 13 1
0 26 73 20
0 27 78 2
1 0 269 18
1 2 25 1
1 3 49 1
1 4 98 3
1 5 115 2
1 7 342 1
1 8 70 26
1 10 377 1
1 13 48 22
1 14 2 6
1 16 35 12
1 17 423 1
1 18 1 17
1 19 164 1
1 20 12 1
1 24 27 28
1 27 2 21
2 0 1 23
2 1 87 5
2 4 2 2
2 6 30 23
2 7 17 14
2 8 43 1
2 9 31 24
2 10 135 1
2 11 241 1
2 16 3 20
2 17 1 26
2 19 40 1
3 0 3 17
3 1 266 2
3 2 162 1
3 5 37 27
3 6 2 22
3 7 35 1
3 10 13 2
3 12 1 7
3 15 47 3
3 16 70 26
3 18 3 5
3 20 15 3
3 24 148 13
3 26 2 13
3 27 43 1
4 0 7 1
4 1 1 28
4 2 251 2
4 3 116 1
4 5 19 8
4 6 13 24
4 7 285 2
4 8 9 6
4 9 59 1
4 11 165 1
4 12 192 1
4 15 8 7
4 16 6 25
4 18 258 1
4 20 3 9
4 21 1 9
4 22 40 1
4 24 55 1
5 0 66 8
5 1 44 1
5 3 34 19
5 4 2 23
5 6 247 2
5 7 1 26
5 8 30 17
5 9 35 1
5 10 371 1
5 11 1 25
5 14 27 20
5 16 35 9
5 17 1 8
5 18 54 1
5 22 19 1
5 24 83 1
5 25 16 8
6 0 195 1
6 1 301 5
6 3 228 1
6 4 88 1
6 5 30 14
6 7 2 29
6 8 28 1
6 9 127 16
6 10 18 1
6 11 430 1
6 14 19 1
6 16 145 1
6 17 287 2
6 19 1 8
6 25 1 17
6 27 4 18
7 0 45 25
7 1 6 21
7 2 207 1
7 3 4 16
7 5 12 24
7 6 3 8
7 8 5 19
7 10 2 9
7 13 171 2
7 14 76 1
7 15 1 5
7 17 214 23
7 19 116 2
7 20 1 7
8 0 10 1
8 1 57 18
8 2 5 8
8 3 446 10
8 4 134 15
8 5 29 21
8 6 257 8
8 7 17 1
8 9 7 25
8 10 156 1
8 11 122 1
8 13 149 1
8 14 232 1
8 15 13 21
8 16 11 1
8 17 132 2
8 18 64 1
8 20 281 1
8 24 20 16
8 25 45 3
8 27 1 10
9 1 307 1
9 3 133 1
9 4 231 1
9 5 5 29
9 6 197 1
9 7 1 12
9 8 2 23
9 10 17 1
9 11 7 29
9 12 12 1
9 15 9 1
9 16 72 2
9 18 1 5
9 19 67 1
9 23 81 1
9 24 4 8
9 26 1 8
10 1 1 15
10 2 196 1
10 3 6 16
10 4 125 1
10 5 5 2
10 6 12 1
10 7 2 28
10 8 3 18
10 9 77 1
10 11 3 21
10 12 303 1
10 14 178 1
10 15 244 1
10 16 1 6
10 17 2 20
10 20 8 16
10 23 32 4
10 25 254 1
11 0 3 13
11 1 2 4
11 2 176 1
11 4 75 2
11 5 3 6
11 7 106 13
11 8 17 14
11 9 1 19
11 10 3 9
11 12 6 26
11 14 170 1
11 15 54 15
11 17 96 2
11 20 1 21
11 23 1 5
11 24 41 1
11 25 2 11
11 27 233 1
12 0 1 19
12 4 3 2
12 5 2 11
12 6 204 2
12 8 255 1
12 9 250 1
12 10 3 18
12 13 6 3
12 15 2 29
12 20 79 5
12 22 1 21
12 24 1 6
12 26 1 10
13 1 59 1
13 5 18 7
13 6 8 17
13 9 5 29
13 10 156 1
13 11 2 19
13 12 1 26
13 19 3 10
13 25 8 2
14 5 46 14
14 6 6 7
14 8 1 29
14 10 89 1
14 11 407 4
14 15 78 1
14 22 34 1
14 25 1 12
15 0 2 7
15 1 85 22
15 4 78 2
15 7 1 29
15 10 10 16
15 11 3 21
15 14 6 17
15 17 1 18
15 18 2 7
15 20 70 3
15 23 7 20
15 25 1 17
16 0 98 1
16 1 92 29
16 3 119 1
16 4 131 1
16 5 14 1
16 8 81 14
16 11 1 13
16 24 71 29
17 1 164 1
17 3 124 1
17 4 190 2
17 6 17 15
17 7 255 22
17 8 3 18
17 9 1 1
17 10 8 9
17 16 1 7
17 19 113 1
17 21 2 2
17 22 67 11
17 24 10 6
17 26 47 1
18 5 9 4
18 7 1 11
18 8 221 27
18 9 1 17
18 16 9 14
19 0 1 13
19 1 5 27
19 12 36 10
19 13 4 25
19 20 29 22
19 26 2 17
19 27 2 23
20 0 1 29
20 3 1 28
20 4 3 20
20 5 33 6
20 6 135 1
20 9 155 17
20 11 212 1
20 14 1 28
20 19 2 20
20 22 62 2
20 24 48 8
20 25 21 4
20 27 1 18
21 2 3 8
21 11 1 14
21 12 112 1
22 5 4 1
22 7 150 1
22 8 1 26
22 10 2 2
22 14 1 28
23 2 1 19
23 6 112 5
23 7 13 7
23 8 90 1
23 11 200 1
23 13 1 3
23 20 57 9
23 22 1 6
24 0 93 1
24 1 51 1
24 3 23 4
24 5 124 17
24 6 15 6
24 7 2 15
24 8 17 25
24 11 248 1
24 16 3 1
24 17 4 14
24 21 22 9
24 22 3 29
24 25 1 10
25 0 3 2
25 7 97 1
25 11 343 1
25 13 12 2
25 17 1 3
25 21 14 3
25 26 56 1
25 27 27 1
26 0 20 8
26 1 84 3
26 3 39 4
26 8 5 6
26 23 1 17
26 25 1 3
26 27 1 17
27 3 5 8
27 10 1 8
27 11 1 16
27 17 1 16
27 19 1 10
27 26 127 2
