0 1 21 21
0 3 91 2
0 4 204 1
0 5 99 20
0 6 17 22
0 7 126 1
0 8 75 1
0 10 15 6
0 11 163 1
0 15 75 2
0 16 71 1
0 20 4 19
0 24 108 20
1 0 130 1
1 2 79 1
1 3 20 1
1 4 2 8
1 5 229 1
1 6 1 1
1 7 336 1
1 8 372 1
1 12 3 29
1 14 4 5
1 16 142 28
1 17 2 4
1 18 9 18
1 19 161 1
1 20 11 1
1 23 26 3
1 24 264 1
1 25 4 14
1 27 1 29
2 0 1 27
2 1 83 1
2 3 1 28
2 4 5 26
2 6 123 27
2 7 382 20
2 8 30 1
2 9 1 19
2 10 128 1
2 11 237 1
2 16 5 3
2 17 1 19
2 18 1 5
3 0 355 1
3 1 258 1
3 2 22 17
3 4 169 1
3 5 2 15
3 7 11 1
3 8 79 11
3 13 33 7
3 16 181 1
3 17 2 22
3 20 13 2
3 23 3 27
3 24 3 20
3 25 12 1
3 26 2 23
4 0 1 5
4 1 386 1
4 2 247 1
4 3 112 1
4 5 98 20
4 7 282 1
4 8 11 20
4 9 52 1
4 11 162 2
4 12 189 1
4 15 1 14
4 17 64 5
4 18 248 1
4 24 54 2
5 0 56 7
5 1 62 9
5 3 73 1
5 4 356 10
5 4 99 22
5 6 155 8
5 7 1 11
5 8 126 1
5 9 58 1
5 10 364 1
5 11 2 24
5 15 32 23
5 16 88 1
5 17 1 10
5 18 52 1
5 20 47 3
5 24 40 1
6 0 187 1
6 1 114 1
6 2 1 6
6 3 222 1
6 4 76 1
6 5 65 12
6 7 38 26
6 8 4 1
6 9 23 17
6 10 9 1
6 11 427 2
6 14 17 2
6 16 144 1
6 17 283 1
6 18 4 4
6 19 73 16
6 22 68 1
6 24 32 5
6 26 68 9
7 0 4 14
7 1 2 22
7 2 197 1
7 3 123 12
7 4 2 10
7 6 4 11
7 8 4 21
7 10 5 25
7 11 1 26
7 13 169 3
7 14 72 1
7 15 8 19
7 17 7 18
7 18 83 1
7 19 114 2
7 21 2 27
7 25 2 21
8 0 245 1
8 1 89 1
8 2 5 23
8 3 38 3
8 5 73 1
8 6 358 12
8 7 10 1
8 9 5 4
8 10 122 1
8 11 112 1
8 12 215 1
8 13 146 2
8 14 226 1
8 16 52 10
8 23 38 2
8 24 200 4
8 25 43 2
8 27 1 18
9 0 1 22
9 1 302 1
9 4 222 1
9 5 4 6
9 6 174 1
9 7 1 16
9 8 118 24
9 10 85 1
9 11 1 25
9 16 71 3
9 21 2 17
10 2 188 1
10 3 1 5
10 4 120 1
10 5 6 2
10 6 8 1
10 7 16 4
10 8 4 3
10 9 277 1
10 11 3 28
10 12 298 1
10 14 199 1
10 15 237 1
10 16 2 13
10 17 1 20
10 19 101 3
10 20 6 18
10 21 4 29
10 22 3 29
10 23 31 1
11 0 1 3
11 1 1 24
11 4 73 1
11 5 3 7
11 7 13 18
11 8 8 14
11 10 30 1
11 14 160 1
11 15 20 14
11 17 95 1
11 18 4 10
11 19 1 12
11 22 5 10
11 23 4 5
11 24 35 1
11 25 75 7
11 26 4 15
11 27 230 2
12 0 1 4
12 2 4 10
12 5 8 1
12 6 199 1
12 8 252 1
12 9 245 1
12 11 7 3
12 13 4 2
12 15 3 8
12 21 1 25
12 22 15 29
12 24 1 18
12 25 1 3
13 5 1 11
13 7 139 2
13 8 5 1
13 10 149 1
13 11 7 7
13 12 72 20
13 14 1 14
13 18 19 4
13 22 1 29
13 26 1 7
13 27 2 21
14 2 2 9
14 6 4 20
14 8 2 25
14 9 2 10
14 10 74 1
14 11 405 1
14 12 12 1
14 13 1 7
14 15 71 1
14 22 33 3
14 23 34 1
14 24 38 28
14 25 1 19
15 0 1 16
15 1 9 7
15 3 14 7
15 4 77 2
15 7 18 10
15 8 69 1
15 10 315 8
15 11 2 21
15 14 8 1
15 20 70 2
15 25 23 23
16 0 125 1
16 1 32 1
16 3 155 1
16 4 128 2
16 5 105 1
16 8 2 10
16 11 1 12
16 14 22 21
16 15 2 28
16 24 27 1
16 25 34 21
16 27 1 8
17 0 1 25
17 1 150 1
17 4 185 1
17 5 19 1
17 7 1 1
17 8 1 19
17 9 227 3
17 10 1 29
17 12 165 1
17 13 62 1
17 14 1 25
17 16 1 6
17 24 10 2
18 4 3 1
18 5 22 28
18 6 226 3
18 8 3 20
18 9 1 17
18 16 1 7
18 17 188 1
19 0 14 19
19 1 9 28
19 2 1 17
19 3 73 1
19 7 15 3
19 9 6 28
19 10 1 5
19 15 1 17
19 20 38 14
19 25 11 10
20 3 2 20
20 5 33 1
20 7 1 6
20 8 2 12
20 11 209 2
20 12 17 1
20 18 5 1
20 19 61 7
20 23 1 26
20 24 1 24
20 25 20 5
21 3 16 22
21 7 4 29
21 11 3 4
21 13 15 28
21 18 1 24
21 19 2 26
21 24 2 15
22 6 26 1
22 7 152 19
22 11 1 28
22 15 17 18
22 19 5 5
22 23 8 17
23 2 2 4
23 4 65 2
23 6 111 10
23 7 1 11
23 10 2 14
23 11 195 1
23 12 2 4
23 22 1 10
24 0 45 1
24 1 86 1
24 3 20 1
24 5 30 1
24 6 15 1
24 8 3 18
24 10 29 2
24 11 236 1
24 16 134 25
24 17 1 6
24 19 8 1
24 20 36 3
24 23 1 15
24 25 2 22
24 27 1 24
25 1 1 14
25 7 91 1
25 8 1 5
25 9 79 4
25 10 227 3
25 11 61 1
25 12 39 1
25 15 1 14
25 20 1 23
25 27 24 3
26 4 2 8
26 6 20 11
26 8 4 14
26 11 1 20
26 16 1 7
26 25 1 3
26 27 1 11
27 0 1 26
27 1 1 16
27 2 1 17
27 3 1 3
27 7 90 1
27 12 2 11
27 20 1 11
27 23 1 25
27 26 124 2
