0 1 24 19
0 3 15 2
0 4 186 1
0 5 48 1
0 6 1 16
0 7 109 1
0 8 176 1
0 10 1 19
0 11 152 1
0 12 1 16
0 15 72 1
0 16 224 1
0 17 75 1
0 18 5 2
0 19 303 1
0 21 56 11
0 24 112 2
0 25 5 20
1 0 80 1
1 2 27 1
1 3 68 1
1 4 14 4
1 5 11 11
1 6 52 1
1 7 319 1
1 8 299 1
1 10 364 1
1 13 1 1
1 14 1 13
1 16 106 1
1 17 6 2
1 19 153 1
1 21 2 5
1 23 2 26
1 24 89 1
1 27 2 25
2 0 2 25
2 1 50 1
2 3 2 29
2 6 2 18
2 7 10 2
2 8 8 1
2 9 1 2
2 10 110 1
2 16 1 4
3 0 138 1
3 1 69 1
3 2 136 1
3 5 205 1
3 6 51 11
3 7 268 2
3 8 35 1
3 9 2 9
3 12 3 2
3 16 29 2
3 19 73 9
3 20 8 4
3 23 15 9
3 24 43 9
3 26 2 19
3 27 41 3
4 0 2 29
4 1 43 1
4 2 236 1
4 3 102 1
4 5 1 17
4 7 273 1
4 8 2 14
4 9 36 1
4 10 1 29
4 11 155 3
4 12 181 1
4 14 1 2
4 16 7 14
4 17 3 12
4 18 220 1
4 20 1 13
4 22 37 11
5 0 125 1
5 1 261 1
5 3 106 21
5 4 5 20
5 6 195 1
5 7 19 18
5 8 45 2
5 9 40 8
5 10 346 1
5 11 2 23
5 12 33 28
5 14 7 24
5 16 72 1
5 17 1 18
5 18 47 1
5 21 1 27
5 22 18 1
5 24 147 1
6 0 170 1
6 1 106 1
6 2 1 12
6 3 208 1
6 4 51 1
6 5 291 1
6 7 116 5
6 8 11 22
6 9 99 17
6 10 326 1
6 11 420 1
6 13 124 2
6 16 141 1
6 17 272 1
6 22 66 1
6 24 30 1
6 27 1 6
7 0 3 25
7 1 10 15
7 2 172 1
7 3 4 9
7 4 344 7
7 5 1 1
7 6 4 4
7 8 4 13
7 9 266 1
7 10 1 28
7 11 7 11
7 12 59 2
7 13 165 1
7 14 62 2
7 15 1 22
7 17 2 21
7 19 110 1
7 20 171 25
7 23 19 2
7 25 6 17
7 26 101 1
7 27 57 2
8 0 327 3
8 1 354 1
8 2 5 4
8 3 10 3
8 5 83 1
8 6 262 1
8 9 2 12
8 10 54 1
8 11 90 1
8 12 205 1
8 14 210 1
8 15 14 14
8 16 250 1
8 17 119 1
8 22 155 1
8 24 40 1
8 25 38 1
9 1 289 1
9 3 127 1
9 4 200 1
9 5 2 28
9 6 120 1
9 7 1 12
9 8 2 9
9 10 43 1
9 11 2 26
9 12 1 4
9 13 94 2
9 14 1 25
9 18 2 28
9 19 65 2
9 21 2 20
10 1 1 9
10 2 169 1
10 3 169 8
10 4 107 1
10 5 40 17
10 6 1 1
10 7 37 5
10 8 5 15
10 9 221 1
10 11 26 9
10 12 284 1
10 14 143 1
10 15 219 1
10 16 11 8
10 17 1 16
10 18 11 10
10 19 3 27
10 22 1 7
10 23 26 1
10 24 26 1
10 26 8 2
10 27 169 1
11 0 6 29
11 1 1 25
11 2 160 1
11 3 13 1
11 5 4 13
11 6 426 2
11 7 192 11
11 8 2 19
11 9 1 26
11 10 18 15
11 12 1 12
11 14 136 1
11 15 5 19
11 18 1 29
11 19 7 29
11 20 2 3
11 22 4 9
11 23 1 20
11 25 20 20
11 26 4 1
11 27 222 2
12 5 4 29
12 8 244 1
12 9 234 1
12 19 16 22
12 21 4 17
12 22 6 1
13 0 3 22
13 4 17 7
13 5 1 15
13 6 2 9
13 9 81 4
13 10 132 1
13 11 2 24
13 14 4 11
14 2 43 2
14 6 21 3
14 8 6 25
14 10 42 1
14 11 394 1
14 12 8 1
14 15 55 1
14 22 31 9
15 1 3 18
15 3 12 4
15 5 19 8
15 7 19 25
15 8 61 2
15 10 10 11
15 11 4 6
15 12 53 1
15 14 85 1
15 16 40 19
15 18 1 7
15 25 5 26
16 0 46 1
16 1 32 1
16 3 128 6
16 5 60 1
16 6 1 13
16 8 360 1
16 12 2 28
16 17 1 7
16 18 3 19
16 20 70 1
16 24 80 1
17 0 2 5
17 1 116 1
17 2 2 25
17 3 113 1
17 4 172 1
17 5 15 2
17 6 2 6
17 7 1 11
17 8 2 11
17 9 226 7
17 14 1 22
17 16 2 25
17 21 34 6
18 0 2 11
18 8 1 24
18 9 1 29
18 16 4 3
18 17 182 1
18 19 30 3
19 0 6 3
19 1 1 14
19 4 145 1
19 5 1 3
19 7 12 2
19 8 146 1
19 17 2 15
19 20 4 24
19 21 1 9
19 23 9 25
20 3 3 11
20 4 1 13
20 5 30 5
20 7 3 15
20 8 1 2
20 11 204 1
20 12 15 2
20 14 80 22
20 15 1 22
20 19 237 11
20 24 1 15
20 25 19 1
20 26 34 2
20 27 1 24
21 1 1 12
21 7 1 29
21 8 2 7
21 10 111 1
21 12 122 27
21 14 1 12
21 24 2 18
22 1 1 8
22 6 24 5
22 12 3 7
22 13 1 19
22 17 17 7
23 7 1 16
23 10 2 15
23 11 183 1
23 13 1 3
23 24 49 1
23 27 1 22
24 0 272 1
24 1 109 1
24 3 112 3
24 4 105 2
24 5 246 3
24 6 13 1
24 7 286 2
24 8 12 1
24 11 209 1
24 12 57 3
24 16 140 1
24 22 2 18
24 23 2 4
24 26 60 1
25 0 4 1
25 1 1 3
25 4 1 20
25 7 75 1
25 8 2 12
25 9 1 1
25 10 221 1
25 11 7 1
25 13 1 1
25 14 8 10
25 15 1 28
25 19 15 18
25 22 1 5
25 27 19 1
26 4 2 18
26 7 2 28
26 8 4 1
26 15 1 23
26 18 1 17
26 21 16 1
26 24 45 10
27 1 1 25
27 3 1 9
27 6 1 20
27 7 84 2
27 16 6 11
27 23 1 27
27 25 1 25
