0 1 17 1
0 3 9 3
0 4 138 1
0 5 78 9
0 6 4 7
0 7 90 1
0 8 11 23
0 9 36 1
0 11 121 1
0 12 1 27
0 14 5 24
0 15 63 1
0 16 11 7
0 17 47 1
0 19 251 1
0 20 2 6
0 24 54 6
0 25 74 7
0 27 73 4
1 0 15 23
1 2 1 12
1 3 19 15
1 5 9 19
1 6 1 22
1 7 272 1
1 8 10 4
1 10 333 1
1 11 1 7
1 14 121 8
1 15 1 11
1 16 10 1
1 17 396 1
1 18 31 11
1 19 130 1
1 22 1 18
1 24 10 13
1 25 2 26
2 0 7 13
2 1 169 1
2 3 19 5
2 6 6 18
2 7 361 1
2 8 2 5
2 9 8 21
2 10 66 1
2 11 199 1
2 19 36 5
2 20 1 26
2 21 5 12
2 24 7 4
3 0 8 21
3 1 7 29
3 2 71 1
3 4 133 2
3 5 15 20
3 6 1 1
3 7 128 1
3 8 349 3
3 9 2 29
3 11 1 3
3 12 13 17
3 15 37 4
3 16 9 10
3 22 1 7
3 24 10 17
3 25 6 10
4 0 1 17
4 1 327 8
4 2 202 1
4 3 77 1
4 5 8 1
4 6 311 1
4 8 2 24
4 9 6 1
4 12 158 1
4 13 1 10
4 15 4 3
4 16 3 25
4 17 1 26
4 18 204 1
4 19 1 2
4 23 1 1
5 0 9 23
5 1 10 8
5 3 10 6
5 4 5 1
5 6 2 21
5 7 3 15
5 8 24 29
5 9 142 1
5 10 288 1
5 12 35 21
5 14 3 10
5 15 2 22
5 16 10 28
5 17 1 12
5 18 34 2
5 24 10 16
5 25 12 5
6 0 123 1
6 1 175 1
6 3 168 1
6 4 6 2
6 5 174 1
6 7 21 5
6 8 23 11
6 9 71 11
6 10 320 1
6 11 393 1
6 13 115 1
6 16 132 3
6 17 239 1
6 18 1 11
6 20 17 1
6 22 59 2
6 26 64 1
6 27 1 18
7 0 1 29
7 1 3 4
7 2 108 1
7 3 3 24
7 4 336 1
7 5 1 20
7 6 2 4
7 8 5 28
7 10 1 4
7 11 36 14
7 12 47 2
7 14 38 1
7 15 2 17
7 19 96 1
7 22 153 5
7 23 9 1
8 0 10 10
8 1 10 15
8 2 4 3
8 3 8 23
8 4 387 1
8 5 11 25
8 6 49 1
8 7 2 22
8 9 2 15
8 10 1 22
8 11 39 1
8 12 179 1
8 13 118 2
8 14 165 1
8 15 235 1
8 16 16 24
8 17 93 2
8 24 11 7
8 25 25 1
9 0 3 5
9 1 250 1
9 3 114 2
9 4 178 1
9 5 34 11
9 6 21 1
9 7 1 7
9 8 2 20
9 11 1 24
9 12 1 21
9 13 83 1
9 15 1 2
9 16 62 1
9 18 1 1
9 19 61 1
9 20 6 24
9 24 68 15
9 26 1 16
10 2 118 1
10 3 4 2
10 5 8 3
10 6 1 20
10 7 2 7
10 8 32 6
10 9 170 19
10 11 20 2
10 12 245 1
10 13 281 14
10 14 83 1
10 15 168 1
10 16 1 11
10 17 1 25
10 18 165 12
10 20 4 21
10 21 1 19
10 23 16 2
10 25 238 2
11 0 1 17
11 2 128 1
11 3 7 1
11 5 1 5
11 6 403 1
11 7 375 15
11 7 165 25
11 8 8 28
11 9 5 16
11 10 6 10
11 12 1 25
11 13 2 3
11 14 76 1
11 15 3 27
11 16 3 23
11 17 77 2
11 18 1 6
11 19 1 3
11 22 4 21
11 23 1 22
11 24 1 2
11 27 198 1
12 1 1 1
12 6 151 1
12 7 7 4
12 8 219 1
12 9 211 1
12 10 375 1
12 11 1 5
12 14 1 15
12 15 1 6
12 19 2 5
12 20 72 9
12 21 88 10
12 24 6 15
12 25 1 7
13 1 49 2
13 2 23 28
13 6 1 13
13 7 118 3
13 10 89 1
13 11 1 28
13 12 1 20
13 14 2 20
13 15 1 29
13 17 78 1
13 18 17 12
13 22 1 13
14 2 3 12
14 3 45 25
14 6 136 19
14 7 7 2
14 8 1 8
14 11 351 4
14 15 15 1
14 24 1 28
15 0 6 17
15 2 1 26
15 7 2 19
15 8 43 1
15 11 12 1
15 14 89 1
15 17 2 23
15 20 63 4
15 21 7 5
15 24 1 18
16 0 10 24
16 1 16 28
16 3 10 20
16 4 101 1
16 5 10 21
16 8 9 4
16 12 1 27
16 13 23 2
16 17 6 28
16 18 310 1
16 19 27 25
16 20 65 2
16 24 10 26
16 25 33 6
17 0 3 27
17 1 43 1
17 3 92 1
17 4 137 1
17 6 1 6
17 8 1 14
17 9 222 2
17 10 1 25
17 12 162 1
17 13 57 5
17 20 98 3
17 27 1 22
18 0 82 20
18 4 1 6
18 6 208 1
18 7 1 26
18 8 2 10
18 9 6 23
18 11 1 28
18 14 43 18
18 16 11 24
18 17 165 1
18 19 27 6
18 20 1 7
18 24 1 9
19 0 44 21
19 1 24 15
19 7 6 1
19 8 138 1
19 10 3 1
19 11 25 9
19 17 4 5
19 20 43 21
19 25 10 4
20 4 1 21
20 7 2 12
20 11 189 1
20 15 7 16
20 18 3 1
20 19 316 1
20 24 1 20
20 25 15 8
21 0 1 29
21 5 1 29
21 6 2 9
21 8 2 25
21 12 4 17
21 15 1 14
21 25 5 26
22 3 2 10
22 9 17 5
22 11 2 29
22 12 1 8
22 14 2 5
22 23 6 17
23 0 8 7
23 1 3 12
23 4 60 8
23 7 1 1
23 8 75 3
23 10 1 25
23 11 148 1
23 15 26 1
23 22 5 16
23 24 40 1
23 26 28 16
23 27 1 27
24 0 13 22
24 1 16 20
24 3 9 24
24 5 10 29
24 7 268 2
24 8 17 2
24 11 136 1
24 13 1 24
24 16 10 4
24 20 30 4
24 25 19 9
24 26 52 3
25 0 41 20
25 3 1 1
25 6 151 2
25 7 38 1
25 8 3 15
25 10 200 1
25 11 221 1
25 12 33 1
25 19 1 22
25 26 50 2
25 27 7 3
26 0 16 5
26 9 2 4
26 11 1 14
26 20 1 22
26 27 105 1
27 1 3 11
27 6 1 16
27 7 68 1
27 10 4 4
27 11 256 2
27 12 1 23
27 14 5 2
27 16 1 1
27 17 47 2
27 22 1 17
27 26 88 2
