0 1 65 3
0 3 112 20
0 4 106 1
0 5 17 11
0 7 232 1
0 8 37 6
0 9 27 2
0 14 2 18
0 16 17 13
0 17 31 1
0 18 3 19
0 19 207 1
0 20 2 15
0 22 57 9
0 24 98 16
0 25 3 15
0 27 70 3
1 0 22 8
1 2 6 3
1 3 40 21
1 4 325 27
1 5 15 23
1 6 75 1
1 7 237 1
1 8 269 11
1 8 208 2
1 9 1 26
1 10 308 1
1 11 1 23
1 14 6 2
1 15 1 19
1 16 103 3
1 17 178 1
1 18 34 9
1 19 113 1
1 24 17 24
1 25 2 8
1 27 3 11
2 0 1 16
2 1 231 1
2 3 66 27
2 4 6 2
2 6 1 10
2 7 329 1
2 8 4 6
2 9 2 3
2 10 40 1
2 11 177 1
2 17 2 29
2 20 1 9
2 22 3 29
3 0 15 20
3 1 57 7
3 2 52 1
3 4 114 1
3 5 96 21
3 7 52 1
3 8 18 22
3 9 3 20
3 11 2 7
3 12 49 14
3 16 157 7
3 18 2 15
3 19 67 4
3 22 1 4
3 24 61 26
3 27 37 1
4 0 2 28
4 1 278 1
4 2 176 1
4 3 60 1
4 5 230 1
4 6 294 1
4 8 71 13
4 12 142 1
4 13 2 22
4 15 8 26
4 16 1 3
4 18 154 1
4 19 142 1
4 20 15 9
4 21 1 26
4 24 44 1
4 25 1 29
5 0 77 18
5 1 94 9
5 3 195 2
5 4 78 1
5 6 16 23
5 7 3 8
5 8 45 25
5 9 22 1
5 10 244 1
5 12 48 22
5 14 2 24
5 16 57 29
5 17 2 16
5 24 17 14
6 0 93 1
6 1 146 29
6 2 33 1
6 3 139 1
6 5 275 4
6 7 9 21
6 8 23 18
6 9 7 3
6 10 268 1
6 11 370 1
6 13 107 2
6 14 1 1
6 15 20 1
6 17 215 1
6 18 1 16
6 19 1 26
6 23 103 2
6 26 61 5
6 27 46 8
7 0 1 3
7 1 7 9
7 2 69 1
7 3 2 15
7 4 327 1
7 5 1 12
7 6 4 27
7 8 90 4
7 9 215 1
7 10 2 7
7 11 52 13
7 12 39 4
7 14 24 1
7 15 1 29
7 17 1 28
7 18 63 3
7 19 87 1
7 20 1 14
7 21 2 9
7 23 5 1
7 24 1 23
7 25 22 7
7 26 86 2
8 0 65 1
8 1 157 18
8 2 38 12
8 3 47 18
8 4 101 1
8 5 40 11
8 6 2 19
8 7 3 13
8 9 13 18
8 10 10 8
8 11 16 1
8 13 103 2
8 14 133 1
8 16 50 24
8 17 77 1
8 19 15 2
8 20 255 1
8 24 17 29
9 0 2 4
9 1 220 1
9 4 164 1
9 5 92 7
9 7 2 14
9 8 1 29
9 10 3 13
9 11 2 27
9 12 3 12
9 14 18 27
9 16 57 1
9 18 2 15
9 20 13 3
9 24 1 18
9 27 82 6
10 0 1 28
10 2 85 1
10 3 13 7
10 5 33 1
10 6 10 29
10 7 2 29
10 8 9 4
10 9 117 1
10 11 130 13
10 12 216 1
10 14 63 1
10 15 133 1
10 16 11 24
10 17 2 14
10 20 2 26
10 21 1 29
10 22 24 16
10 23 10 2
11 0 1 21
11 1 8 11
11 2 106 1
11 3 337 1
11 4 42 1
11 5 2 29
11 6 382 1
11 7 4 8
11 8 6 14
11 9 3 9
11 10 4 7
11 12 216 14
11 14 42 1
11 15 5 4
11 17 69 1
11 18 15 22
11 19 1 27
11 20 1 4
11 23 1 21
11 25 68 1
11 27 180 1
12 0 2 17
12 5 20 13
12 6 127 1
12 8 201 1
12 9 156 1
12 10 368 1
12 13 1 7
12 17 2 8
12 19 1 2
12 20 69 6
12 22 42 29
12 24 1 11
12 25 3 29
12 26 1 9
13 0 1 24
13 1 44 4
13 3 1 24
13 5 1 16
13 6 1 4
13 9 1 20
13 10 61 2
13 11 1 5
13 14 2 13
13 15 1 15
13 22 3 8
14 1 141 4
14 6 7 24
14 8 1 23
14 10 1 16
14 11 315 1
14 13 1 15
14 15 1 1
14 25 4 29
15 7 2 23
15 8 31 2
15 11 365 1
15 13 3 12
15 14 65 1
15 16 40 5
15 24 5 24
16 0 16 12
16 1 17 26
16 3 17 5
16 4 87 1
16 5 51 20
16 6 2 14
16 8 29 20
16 13 22 2
16 17 1 1
16 18 284 1
16 20 62 3
16 23 21 5
16 24 47 9
17 0 7 20
17 1 12 1
17 2 2 14
17 3 77 2
17 4 113 2
17 6 1 6
17 8 2 11
17 10 2 27
17 11 231 1
17 14 3 20
17 15 4 10
17 16 5 1
17 19 95 3
17 21 44 4
17 23 1 15
17 24 6 2
18 1 1 10
18 4 1 8
18 6 196 2
18 9 1 26
18 11 7 25
18 12 7 2
18 15 10 7
18 16 80 7
18 17 152 2
18 19 25 3
18 24 1 21
19 0 60 7
19 8 131 5
19 9 4 2
19 10 1 10
19 11 13 4
19 13 3 22
19 15 14 7
19 20 2 25
19 21 1 9
20 0 4 22
20 1 1 20
20 2 1 17
20 3 1 29
20 7 7 18
20 8 3 29
20 10 89 3
20 11 178 3
20 12 10 15
20 16 9 10
20 19 246 1
20 23 1 29
20 25 13 1
21 0 2 5
21 5 1 13
21 6 1 15
21 7 20 22
21 12 2 25
21 18 28 19
21 22 17 12
22 0 62 1
22 1 1 18
22 3 1 2
22 4 23 29
22 5 1 6
22 7 3 13
22 8 12 26
22 11 3 23
22 12 12 28
22 13 5 9
22 14 1 22
22 17 13 5
22 19 5 16
22 20 58 3
22 23 3 29
23 8 68 1
23 10 29 23
23 19 2 24
23 20 51 4
23 22 1 1
23 26 1 18
24 0 119 2
24 1 16 4
24 3 65 25
24 5 131 12
24 7 252 1
24 8 17 11
24 9 2 13
24 11 90 1
24 13 2 27
24 16 17 3
24 22 28 6
24 23 37 19
25 0 13 3
25 1 9 2
25 2 42 28
25 4 3 2
25 7 19 1
25 9 5 6
25 10 184 1
25 11 126 1
25 12 30 1
26 2 12 20
26 7 10 6
26 10 110 5
26 11 3 22
26 24 10 25
26 27 100 1
27 5 4 12
27 7 57 3
27 8 20 2
27 11 245 2
27 26 67 1
