0 1 51 14
0 3 12 20
0 4 100 1
0 5 13 14
0 7 224 1
0 8 50 8
0 11 96 2
0 16 12 12
0 18 1 2
0 19 198 1
0 20 2 2
0 24 12 13
0 25 1 6
0 27 70 1
1 0 67 29
1 2 4 6
1 3 14 29
1 4 124 1
1 5 10 16
1 6 360 1
1 7 229 1
1 8 392 15
1 9 1 20
1 10 303 1
1 11 3 11
1 15 1 11
1 16 69 8
1 17 164 1
1 18 6 10
1 19 110 1
1 23 1 14
1 24 11 22
1 25 3 28
2 0 1 15
2 1 33 24
2 3 5 9
2 4 2 18
2 6 116 12
2 7 2 1
2 8 8 4
2 10 35 1
2 11 173 1
2 13 1 29
2 16 20 21
2 17 32 13
2 20 2 16
3 0 11 6
3 1 45 5
3 2 33 1
3 4 111 1
3 5 32 6
3 7 41 1
3 8 86 29
3 11 1 18
3 16 56 7
3 24 42 18
3 25 4 1
3 26 5 1
3 27 36 14
4 0 18 10
4 1 290 1
4 3 57 2
4 5 98 1
4 6 282 1
4 8 1 14
4 10 3 1
4 11 121 1
4 12 138 2
4 14 1 18
4 15 1 7
4 16 1 18
4 17 1 11
4 18 143 1
5 0 11 3
5 1 39 29
5 2 1 14
5 3 65 11
5 4 2 28
5 6 25 18
5 7 43 14
5 8 15 23
5 9 9 1
5 10 234 1
5 15 2 9
5 16 122 7
5 17 1 25
5 18 24 1
5 19 1 18
5 21 1 20
5 24 11 2
6 0 87 1
6 1 124 1
6 2 28 1
6 3 133 1
6 5 232 1
6 7 3 8
6 8 45 5
6 9 3 26
6 10 249 1
6 11 365 1
6 12 1 3
6 15 18 1
6 17 210 1
6 19 28 28
6 21 2 27
6 24 17 1
6 27 1 24
7 0 21 4
7 1 1 18
7 2 61 1
7 3 144 11
7 4 324 1
7 5 1 10
7 6 2 21
7 8 10 1
7 9 210 1
7 10 1 25
7 11 133 18
7 13 140 1
7 14 22 1
7 15 36 26
7 20 41 6
7 21 1 8
7 26 84 4
8 0 12 12
8 1 13 24
8 2 81 28
8 3 25 22
8 4 93 1
8 5 247 25
8 6 6 13
8 7 4 1
8 9 135 1
8 10 5 11
8 11 12 1
8 13 100 2
8 14 127 1
8 16 12 8
8 17 73 1
8 18 31 3
8 20 253 2
8 22 145 3
8 23 21 4
8 24 67 20
8 27 1 28
9 0 17 11
9 1 214 1
9 2 1 27
9 4 138 1
9 5 166 1
9 6 1 9
9 8 1 10
9 10 3 8
9 11 2 1
9 12 1 5
9 13 73 2
9 14 4 26
9 18 1 3
9 22 95 10
9 23 71 1
9 25 1 15
9 27 82 17
10 0 7 24
10 1 45 4
10 2 79 1
10 3 3 7
10 5 7 17
10 6 4 26
10 7 10 8
10 8 9 24
10 9 54 1
10 11 26 1
10 12 210 1
10 14 66 1
10 15 125 1
10 16 63 3
10 17 1 29
10 20 1 5
10 22 1 29
10 24 8 1
10 25 224 1
11 0 1 3
11 1 5 15
11 2 101 2
11 3 332 1
11 4 40 3
11 6 377 1
11 7 184 29
11 8 2 4
11 9 13 23
11 10 87 28
11 12 2 23
11 13 238 1
11 14 37 1
11 15 1 20
11 16 2 8
11 18 1 4
11 19 4 21
11 20 1 22
11 22 2 27
11 23 13 10
11 25 36 1
11 26 5 22
11 27 176 1
12 2 9 13
12 3 103 1
12 4 1 24
12 5 1 16
12 6 122 1
12 8 197 1
12 9 143 1
12 10 365 1
12 13 1 14
12 14 51 21
12 15 2 2
12 18 48 1
12 20 69 1
12 24 15 5
13 3 5 10
13 6 6 9
13 9 1 3
13 10 56 1
13 11 1 1
13 14 1 29
13 19 4 22
13 20 68 27
13 21 2 11
14 0 102 1
14 6 2 21
14 10 3 2
14 11 306 1
14 13 1 1
14 21 20 8
15 5 14 4
15 7 71 12
15 8 29 2
15 9 1 1
15 10 20 1
15 11 275 1
15 13 1 5
15 14 58 1
15 17 6 27
15 23 3 2
15 24 2 5
16 0 12 8
16 1 119 21
16 2 3 19
16 3 74 6
16 4 84 1
16 5 108 11
16 6 2 23
16 8 12 19
16 9 53 1
16 11 2 9
16 17 2 3
16 18 277 1
16 24 25 25
17 0 3 9
17 1 8 1
17 3 74 2
17 6 1 19
17 12 159 4
17 14 1 22
17 16 14 1
17 20 90 1
18 0 3 10
18 1 1 17
18 3 2 21
18 4 1 23
18 6 194 1
18 12 4 22
18 16 74 10
18 17 149 2
18 24 1 11
18 25 1 20
19 0 2 14
19 1 25 4
19 4 143 2
19 8 130 1
19 9 6 21
19 11 1 19
19 12 30 2
19 15 1 19
19 20 21 28
19 25 10 1
20 0 1 4
20 1 2 24
20 3 2 23
20 4 1 15
20 8 6 6
20 14 1 12
20 19 91 1
20 24 49 6
20 26 29 7
21 3 14 1
21 7 1 19
21 11 25 13
21 12 8 24
21 27 15 1
22 5 1 23
22 10 1 4
22 18 1 23
22 19 1 18
23 1 1 22
23 5 27 14
23 7 1 19
23 8 67 1
23 11 118 2
23 24 30 2
23 27 1 20
24 0 32 16
24 1 58 22
24 3 146 9
24 4 102 1
24 5 12 13
24 6 4 13
24 7 248 1
24 8 12 14
24 11 81 1
24 12 50 2
24 15 3 6
24 16 31 14
24 18 2 28
24 19 6 1
24 22 28 7
24 26 46 2
25 5 1 5
25 6 146 7
25 7 16 1
25 8 3 23
25 9 5 18
25 10 180 2
25 11 109 1
25 23 1 17
26 3 1 15
26 6 2 11
26 7 11 22
26 10 110 2
26 11 4 22
26 15 1 24
27 1 1 9
27 6 1 10
27 7 55 2
27 8 19 3
27 9 16 11
27 10 5 1
27 11 243 1
27 21 14 24
27 25 1 11
27 26 63 1
