0 1 143 1
0 2 6 20
0 3 95 13
0 4 79 1
0 5 46 1
0 7 50 1
0 8 12 1
0 11 82 1
0 14 11 14
0 16 23 1
0 17 18 1
0 19 163 1
0 20 8 9
0 22 3 23
0 24 30 5
0 25 1 6
1 0 80 12
1 2 23 23
1 3 24 1
1 4 319 1
1 5 340 1
1 6 294 1
1 7 203 1
1 8 295 1
1 9 2 1
1 10 283 1
1 11 3 20
1 12 1 8
1 16 209 6
1 17 326 1
1 18 1 8
1 23 5 9
1 24 65 1
1 25 74 15
1 27 4 21
2 1 110 1
2 3 2 23
2 4 2 13
2 6 5 24
2 7 292 1
2 8 13 8
2 11 156 1
2 17 2 20
2 19 32 2
2 20 2 5
2 21 1 12
2 25 1 15
3 0 146 1
3 1 35 13
3 4 97 1
3 5 23 24
3 8 3 2
3 11 2 29
3 15 28 1
3 16 56 1
3 17 224 23
3 18 6 9
3 24 17 10
4 0 6 25
4 1 194 27
4 2 150 1
4 3 46 1
4 5 91 1
4 6 280 1
4 7 211 1
4 8 1 12
4 9 1 25
4 10 2 17
4 11 111 3
4 13 107 9
4 14 5 18
4 15 3 16
4 16 60 6
4 17 18 19
4 18 107 1
4 20 1 13
4 25 1 24
5 0 62 3
5 1 31 1
5 2 1 18
5 3 54 1
5 4 334 1
5 6 59 20
5 7 3 17
5 8 84 29
5 9 1 7
5 10 199 1
5 12 47 3
5 14 1 12
5 16 263 3
5 17 1 13
5 20 30 1
5 23 27 22
5 24 39 22
5 27 31 1
6 0 67 1
6 1 39 18
6 2 321 1
6 3 112 1
6 5 26 1
6 7 14 8
6 8 14 25
6 9 385 29
6 10 204 1
6 11 344 1
6 12 3 21
6 13 100 1
6 17 191 1
6 18 1 1
6 19 82 19
6 20 8 1
6 21 2 22
6 23 100 9
6 25 4 26
7 0 23 13
7 1 33 23
7 2 38 1
7 3 148 2
7 5 5 1
7 6 11 14
7 8 11 11
7 9 193 1
7 10 1 7
7 11 12 20
7 12 32 2
7 14 13 2
7 15 13 14
7 17 1 15
7 19 78 1
7 20 60 25
7 24 2 4
7 25 296 1
8 0 24 1
8 1 178 1
8 2 1 17
8 3 10 27
8 4 70 1
8 5 427 1
8 6 77 13
8 7 5 15
8 9 395 1
8 10 7 6
8 11 3 1
8 12 141 1
8 13 89 2
8 14 104 1
8 15 223 1
8 16 31 1
8 17 61 1
8 21 14 18
8 22 141 3
8 23 17 6
8 24 56 4
8 25 10 3
8 27 8 8
9 0 1 3
9 1 191 1
9 3 95 1
9 4 148 1
9 5 122 1
9 6 1 6
9 7 2 15
9 8 1 3
9 10 3 7
9 11 3 13
9 12 5 10
9 13 67 1
9 14 1 12
9 20 17 13
9 21 2 8
9 24 1 7
9 27 1 17
10 0 3 14
10 2 57 1
10 3 81 10
10 5 2 15
10 6 4 24
10 7 12 1
10 8 17 9
10 9 8 13
10 11 1 9
10 12 188 1
10 13 27 1
10 14 24 1
10 15 100 1
10 16 1 19
10 17 1 22
10 18 1 24
10 20 7 18
10 22 1 10
10 23 6 2
10 24 4 7
10 25 214 1
11 0 2 7
11 1 2 4
11 2 85 2
11 3 307 1
11 4 33 3
11 5 1 1
11 6 358 1
11 7 143 28
11 8 2 7
11 9 10 23
11 10 6 20
11 13 229 1
11 14 18 1
11 15 302 1
11 16 3 16
11 17 61 1
11 20 31 23
11 23 1 26
11 25 57 1
11 26 6 8
11 27 161 1
12 0 4 29
12 2 9 17
12 6 104 2
12 8 183 1
12 9 302 1
12 10 351 1
12 13 1 20
12 20 66 5
12 21 1 15
12 22 4 7
13 3 1 17
13 6 1 4
13 10 39 1
13 11 13 1
13 14 1 3
13 15 3 25
13 17 75 2
13 19 4 7
14 6 1 6
14 10 10 3
14 11 271 1
14 13 2 12
14 22 19 2
14 24 5 25
14 25 2 26
15 0 2 6
15 1 2 19
15 2 14 17
15 7 83 25
15 8 21 1
15 11 175 1
15 14 34 1
15 20 56 3
15 23 32 1
16 0 239 1
16 1 21 1
16 3 95 1
16 4 74 1
16 5 54 1
16 8 136 7
16 10 1 7
16 11 4 5
16 12 1 17
16 17 6 3
16 18 252 1
16 19 1 17
16 24 90 1
17 0 34 15
17 4 92 1
17 9 212 2
17 10 4 12
17 11 228 6
17 14 1 19
17 15 1 19
17 20 84 2
17 22 63 8
17 24 4 8
18 0 5 19
18 1 1 9
18 3 21 6
18 4 18 25
18 5 27 4
18 6 184 1
18 8 1 1
18 9 5 17
18 10 1 8
18 11 2 15
18 12 5 11
18 16 21 7
18 17 139 2
18 25 1 1
19 0 5 19
19 1 1 11
19 20 1 12
19 26 2 26
20 0 2 22
20 2 175 2
20 3 6 16
20 4 2 9
20 5 17 5
20 6 94 1
20 10 81 1
20 11 167 2
20 19 13 1
21 0 33 17
21 4 87 14
21 8 1 23
21 15 10 13
21 27 14 26
22 10 1 27
22 12 12 16
22 13 1 26
22 14 1 15
22 23 1 23
22 26 12 7
23 0 5 3
23 1 5 7
23 3 1 3
23 6 109 1
23 9 2 4
23 10 15 15
23 11 100 1
23 13 1 14
23 17 71 5
23 22 1 4
24 0 15 14
24 1 45 4
24 4 100 18
24 5 30 1
24 7 233 1
24 8 261 1
24 11 53 1
24 16 116 1
24 20 24 5
24 25 1 15
24 26 41 5
25 2 42 1
25 7 6 1
25 8 1 11
25 9 4 8
25 10 167 1
25 11 55 1
25 12 27 2
25 20 6 29
25 26 44 1
26 1 81 6
26 2 2 18
26 7 12 5
26 11 4 7
26 17 1 10
26 24 49 11
27 1 11 27
27 3 6 22
27 8 16 2
27 9 15 1
27 11 232 1
27 13 1 16
27 17 5 22
27 22 15 11
27 24 20 3
27 25 1 10
27 26 47 1
