0 1 248 12
0 2 2 4
0 3 86 9
0 4 72 1
0 5 254 1
0 6 77 2
0 7 40 1
0 8 260 1
0 11 77 2
0 15 50 1
0 16 161 1
0 17 15 2
0 18 1 17
0 19 152 1
0 20 5 12
0 22 1 1
0 24 89 1
0 25 2 3
1 0 67 1
1 2 64 18
1 3 296 1
1 4 296 1
1 5 253 1
1 6 41 1
1 7 195 1
1 8 185 1
1 10 276 1
1 11 2 20
1 13 1 2
1 16 312 1
1 17 308 1
1 18 3 23
1 19 93 1
1 24 34 1
1 25 5 23
2 0 1 4
2 1 111 1
2 3 10 22
2 4 5 27
2 5 69 29
2 6 2 27
2 7 281 1
2 8 19 14
2 9 7 26
2 11 150 1
2 13 1 15
2 17 1 21
2 20 3 3
3 0 23 9
3 1 45 3
3 2 1 2
3 4 92 1
3 5 16 14
3 6 3 9
3 7 4 1
3 8 68 1
3 9 1 20
3 10 1 8
3 11 7 10
3 14 59 1
3 15 27 4
3 16 186 4
3 20 1 18
3 22 2 13
3 24 129 1
3 27 34 3
4 0 5 14
4 1 226 1
4 2 143 1
4 3 42 1
4 5 53 1
4 6 263 1
4 7 206 1
4 8 2 25
4 10 1 2
4 11 108 1
4 12 122 1
4 16 64 19
4 17 1 22
4 18 96 1
4 21 83 22
4 22 28 1
5 0 98 1
5 1 22 26
5 2 1 11
5 3 136 9
5 4 313 25
5 6 143 5
5 7 1 3
5 8 391 1
5 9 3 9
5 10 188 1
5 11 1 10
5 16 202 1
5 17 1 14
5 20 29 1
5 22 14 2
5 24 87 20
6 0 61 1
6 1 122 1
6 2 312 1
6 3 105 1
6 4 1 25
6 5 1 1
6 7 6 21
6 8 440 10
6 9 1 6
6 10 180 1
6 11 338 1
6 12 5 14
6 16 118 1
6 17 185 1
6 18 93 9
6 20 7 1
6 25 4 14
6 27 49 2
7 0 1 21
7 1 2 24
7 2 31 1
7 6 10 20
7 8 5 27
7 10 128 5
7 11 24 1
7 13 129 2
7 14 11 3
7 15 10 10
7 18 55 3
7 20 1 4
7 21 3 8
7 25 22 9
7 27 24 3
8 0 155 1
8 1 131 1
8 2 104 21
8 3 344 1
8 4 60 18
8 5 180 1
8 6 34 18
8 7 5 26
8 9 3 1
8 10 14 17
8 11 1 3
8 12 137 1
8 14 97 1
8 15 221 2
8 16 71 1
8 17 58 1
8 18 23 4
8 20 242 2
8 23 16 4
8 24 28 1
9 1 184 1
9 3 93 2
9 4 134 1
9 5 87 1
9 6 3 10
9 7 3 10
9 8 56 29
9 10 7 24
9 11 55 12
9 12 3 23
9 13 65 2
9 14 22 4
9 16 51 1
9 17 165 1
9 18 1 26
9 20 1 5
9 24 1 14
9 25 1 29
10 0 1 29
10 1 357 2
10 2 51 1
10 3 1 10
10 5 2 6
10 6 3 15
10 7 1 4
10 8 125 10
10 9 53 1
10 11 35 28
10 12 181 1
10 13 21 1
10 14 15 1
10 15 92 1
10 16 1 1
10 17 2 10
10 18 5 12
10 19 2 17
10 20 8 14
10 21 2 9
10 22 3 24
10 24 3 3
10 25 210 2
10 27 156 1
11 0 2 27
11 1 1 21
11 2 80 2
11 3 299 1
11 4 31 2
11 5 1 19
11 6 351 2
11 7 181 1
11 8 62 26
11 9 2 14
11 10 26 14
11 15 296 1
11 17 59 1
11 18 2 7
11 19 19 14
11 22 1 4
11 23 13 22
11 24 3 3
11 25 57 5
11 26 33 20
11 27 156 1
12 2 1 20
12 3 100 1
12 6 99 1
12 8 178 1
12 9 286 1
12 13 7 20
12 14 2 4
12 15 20 7
12 16 7 16
12 18 43 1
12 19 2 10
12 22 21 16
13 3 1 29
13 4 7 4
13 6 1 23
13 7 93 1
13 9 1 27
13 10 34 1
13 11 34 5
13 14 10 20
13 19 4 2
13 20 68 1
13 25 3 8
14 7 267 2
14 8 2 29
14 10 13 25
14 11 259 1
14 13 1 5
14 23 18 4
14 24 1 24
15 0 58 17
15 1 1 21
15 7 2 12
15 8 19 1
15 9 2 1
15 10 12 2
15 11 136 1
15 12 27 1
15 13 9 8
15 14 27 1
15 18 1 11
15 22 8 1
15 23 30 7
15 24 1 25
15 25 31 2
16 0 118 17
16 1 81 1
16 3 169 1
16 5 28 1
16 6 2 9
16 8 118 1
16 9 48 1
16 10 1 11
16 11 2 22
16 12 3 23
16 17 2 8
16 18 243 1
16 20 59 2
16 24 3 4
16 26 23 19
17 0 1 7
17 2 12 10
17 4 86 2
17 6 2 25
17 8 22 15
17 13 52 2
17 16 1 1
17 19 88 3
17 21 1 14
17 27 2 18
18 0 1 15
18 1 2 6
18 3 2 23
18 4 9 24
18 12 1 10
18 14 10 24
18 16 25 18
18 17 136 2
19 0 1 4
19 1 2 23
19 8 123 4
19 9 1 6
19 10 1 2
19 11 3 24
19 16 15 12
19 17 1 20
19 18 2 18
19 20 8 1
20 0 5 20
20 3 1 18
20 4 1 19
20 5 17 1
20 6 92 1
20 7 13 1
20 10 79 1
20 11 164 3
20 15 1 10
20 16 7 9
20 19 217 1
20 23 71 15
20 25 10 5
21 0 1 25
21 5 2 29
21 8 1 6
21 15 1 22
21 22 16 1
22 0 59 12
22 6 12 3
22 10 3 17
22 14 1 27
22 20 57 1
22 23 1 26
22 26 12 14
23 1 6 1
23 4 54 6
23 8 60 1
23 10 98 28
23 11 95 1
23 12 108 27
23 13 1 28
23 22 12 19
24 0 46 28
24 1 22 1
24 3 29 1
24 5 61 1
24 7 228 1
24 8 229 1
24 9 1 19
24 11 45 1
24 15 1 14
24 16 238 1
24 17 12 15
24 18 1 4
24 20 24 1
24 22 29 23
24 25 1 13
25 0 44 1
25 1 11 15
25 9 100 27
25 10 163 1
25 11 42 1
25 15 7 27
25 26 43 2
26 3 1 3
26 6 2 20
26 7 1 20
26 11 5 13
27 1 2 28
27 7 45 3
27 8 15 1
27 10 1 5
27 11 228 1
27 13 15 28
27 23 13 3
27 25 7 16
27 26 42 1
