0 1 67 1
0 2 119 1
0 3 14 23
0 4 333 1
0 6 211 28
0 7 166 2
0 8 16 1
0 10 3 29
0 11 249 1
0 16 28 1
0 17 187 1
0 19 1 18
0 20 5 2
0 21 60 2
0 24 402 19
1 0 337 1
1 2 92 1
1 3 12 1
1 4 14 6
1 5 13 1
1 6 4 24
1 8 33 1
1 9 44 1
1 13 1 4
1 16 55 1
1 17 2 17
1 20 45 1
1 22 1 18
1 24 12 19
1 25 1 21
2 0 2 21
2 1 5 10
2 3 425 1
2 5 2 4
2 6 1 5
2 7 2 4
2 8 168 1
2 9 1 4
2 10 270 1
2 11 288 4
2 16 1 23
2 20 9 5
2 24 17 14
2 27 15 2
3 0 327 22
3 1 15 12
3 2 7 3
3 4 229 1
3 5 41 1
3 6 1 2
3 7 185 1
3 8 64 8
3 9 1 1
3 10 71 1
3 11 65 1
3 12 1 22
3 14 1 2
3 16 8 15
3 17 3 21
3 20 77 2
3 24 20 9
4 0 1 28
4 1 100 9
4 2 295 1
4 3 184 2
4 5 4 19
4 6 2 25
4 8 2 23
4 9 244 1
4 11 211 1
4 12 242 2
4 13 1 20
4 14 1 6
4 15 1 5
4 17 2 2
4 22 50 3
4 24 68 1
4 26 2 1
5 0 24 9
5 1 18 1
5 2 15 1
5 3 26 1
5 4 4 18
5 6 39 29
5 7 1 13
5 8 34 1
5 9 6 4
5 12 3 8
5 16 22 7
5 18 90 1
5 24 24 1
5 25 24 2
5 26 4 23
6 0 318 1
6 1 7 3
6 2 4 2
6 4 377 1
6 5 97 1
6 7 4 22
6 8 401 21
6 8 194 1
6 9 6 8
6 10 1 7
6 11 1 13
6 12 37 1
6 14 64 2
6 17 348 3
6 18 2 11
6 21 1 27
6 22 86 1
6 25 1 17
6 26 78 1
6 27 1 13
7 0 3 20
7 1 1 22
7 2 372 1
7 3 1 16
7 5 2 23
7 6 2 7
7 8 41 1
7 9 334 2
7 10 5 28
7 11 99 27
7 12 101 2
7 14 157 1
7 15 3 18
7 20 9 11
7 25 8 26
8 0 33 1
8 1 185 14
8 3 337 2
8 4 1 21
8 6 118 20
8 7 224 1
8 9 12 6
8 10 364 1
8 11 328 1
8 12 278 1
8 15 1 9
8 16 76 21
8 18 108 1
8 19 57 3
8 24 31 19
8 25 91 2
8 27 1 10
9 1 371 3
9 2 21 1
9 5 6 3
9 6 221 1
9 7 4 7
9 8 2 14
9 10 259 1
9 12 178 1
9 13 122 1
9 15 31 1
9 22 1 11
9 24 1 26
9 26 68 19
10 2 321 1
10 4 226 1
10 6 242 1
10 7 1 11
10 8 198 1
10 9 1 12
10 11 2 8
10 13 2 13
10 14 1 4
10 15 341 1
10 17 1 12
10 18 2 7
10 21 1 2
10 24 75 2
11 0 2 19
11 2 250 1
11 3 1 6
11 6 1 20
11 7 75 1
11 8 1 16
11 12 203 22
11 13 1 19
11 14 344 1
11 15 2 1
11 19 1 20
11 20 3 7
11 21 94 6
11 24 209 1
11 25 3 4
11 26 2 29
12 0 1 28
12 1 28 1
12 4 3 19
12 5 120 4
12 6 287 1
12 9 12 4
12 10 366 12
12 11 30 4
12 13 78 1
12 14 1 19
12 17 1 13
13 4 34 2
13 6 108 21
13 8 36 3
13 10 270 1
13 11 1 22
13 12 3 14
13 14 27 1
13 18 24 23
14 6 97 12
14 7 2 27
14 8 9 10
14 9 2 22
14 10 427 1
14 11 2 18
14 12 53 1
14 13 45 1
14 15 2 18
15 2 1 28
15 8 130 1
15 10 1 17
15 11 5 11
15 14 3 8
15 16 40 1
15 20 82 5
15 25 18 28
16 0 4 29
16 1 18 16
16 3 61 1
16 4 181 1
16 5 24 4
16 8 408 1
16 13 27 14
16 17 41 1
16 18 6 20
16 20 82 3
16 24 23 1
16 26 20 13
17 1 389 1
17 7 1 27
17 8 3 1
17 9 1 9
17 10 1 3
17 13 70 2
17 16 2 18
17 18 48 1
17 21 1 29
18 0 1 8
18 4 121 1
18 9 2 4
18 12 1 19
18 13 1 1
18 14 41 11
18 16 1 9
18 25 1 19
19 1 5 29
19 6 8 2
19 7 41 2
19 11 1 12
19 17 1 12
19 18 1 11
20 0 13 1
20 3 1 15
20 5 51 1
20 10 154 1
20 11 242 3
20 12 27 2
20 14 79 27
20 16 24 4
20 19 26 19
20 23 2 4
21 9 26 2
21 11 1 26
21 12 1 8
21 15 1 6
21 27 16 4
22 3 7 1
22 5 7 2
22 6 43 5
22 11 2 26
22 24 6 1
23 1 1 25
23 4 74 1
23 7 1 7
23 11 270 2
23 12 1 22
23 13 1 3
23 21 1 25
24 0 60 1
24 1 18 1
24 3 15 1
24 5 19 17
24 6 33 1
24 7 1 18
24 8 31 4
24 9 2 18
24 10 73 2
24 11 414 1
24 12 70 1
24 16 40 1
24 25 2 28
24 26 75 1
25 1 1 24
25 4 1 19
25 5 1 9
25 7 229 1
25 8 2 12
25 9 1 22
25 10 259 5
25 24 7 2
25 27 72 1
26 24 1 23
26 25 9 3
26 27 1 13
27 7 136 3
27 10 1 20
27 18 41 14
