0 1 9 29
0 2 1 24
0 3 8 3
0 4 40 1
0 5 19 1
0 7 194 1
0 8 5 12
0 9 9 1
0 10 295 5
0 11 54 1
0 12 1 18
0 16 3 13
0 18 38 24
0 19 93 1
0 20 21 27
0 22 5 2
0 24 3 10
0 25 6 9
0 27 63 1
1 0 7 19
1 2 12 3
1 3 5 21
1 4 226 1
1 5 90 21
1 6 179 1
1 7 149 1
1 8 2 4
1 9 2 18
1 10 238 1
1 11 3 18
1 15 1 9
1 16 3 26
1 17 75 1
1 18 1 28
1 20 1 22
1 22 11 22
1 24 3 24
1 25 1 2
1 27 1 2
2 0 65 28
2 1 5 1
2 3 20 1
2 4 1 5
2 7 216 1
2 8 93 6
2 9 116 19
2 10 2 3
2 11 120 1
2 14 8 4
2 17 1 27
2 20 1 10
2 21 2 27
2 23 23 3
3 0 7 21
3 1 2 19
3 2 11 11
3 4 69 1
3 5 87 8
3 7 1 24
3 8 2 15
3 9 1 7
3 11 16 11
3 12 1 18
3 15 21 1
3 16 11 20
3 17 224 4
3 20 1 6
3 24 9 10
3 27 32 1
4 0 2 5
4 1 139 1
4 2 107 1
4 5 4 23
4 6 163 1
4 7 179 1
4 8 21 21
4 9 2 4
4 10 13 11
4 11 92 1
4 12 100 2
4 16 5 22
4 17 1 22
4 18 45 1
4 27 1 25
5 0 2 21
5 1 14 6
5 2 9 4
5 3 4 8
5 4 8 1
5 6 131 2
5 7 1 27
5 8 3 10
5 9 6 8
5 10 128 1
5 11 1 4
5 15 34 25
5 16 4 18
5 18 9 2
5 24 3 5
5 25 7 2
6 0 32 1
6 1 25 1
6 2 273 1
6 3 70 1
6 4 13 22
6 5 17 14
6 7 6 2
6 8 379 14
6 9 12 1
6 10 135 1
6 11 298 1
6 14 1 26
6 16 109 2
6 18 16 1
6 19 2 9
6 22 43 2
6 25 6 14
6 27 14 24
7 1 1 1
7 3 146 1
7 4 294 2
7 5 1 12
7 6 9 21
7 8 158 17
7 9 157 1
7 10 1 10
7 11 232 8
7 13 114 2
7 15 173 2
7 16 1 28
7 19 63 1
7 20 185 23
7 24 27 9
7 25 5 2
8 0 4 25
8 1 51 18
8 2 78 1
8 3 1 17
8 4 25 1
8 5 358 21
8 6 218 8
8 7 15 19
8 9 157 7
8 10 126 20
8 13 67 2
8 14 61 1
8 15 208 1
8 16 3 13
8 18 14 4
8 19 6 1
8 20 226 2
8 21 7 27
8 24 12 3
8 25 3 2
8 26 18 3
8 27 18 3
9 0 14 20
9 1 143 1
9 2 2 4
9 3 80 1
9 4 66 1
9 6 12 2
9 7 1 5
9 10 5 2
9 11 18 3
9 12 21 12
9 14 4 9
9 16 44 2
9 17 152 1
9 18 2 12
9 20 1 2
9 21 1 6
9 24 1 24
9 26 74 29
10 0 2 10
10 1 38 1
10 2 22 1
10 3 5 24
10 4 16 3
10 5 125 25
10 6 50 23
10 7 117 24
10 8 29 18
10 11 1 6
10 12 142 1
10 13 249 1
10 14 1 6
10 15 54 1
10 16 2 2
10 18 1 10
10 20 1 17
10 22 1 14
10 25 189 1
11 0 1 19
11 1 4 18
11 3 248 1
11 4 21 1
11 5 1 9
11 6 313 1
11 7 230 1
11 8 185 13
11 9 2 3
11 10 64 21
11 12 218 4
11 15 58 1
11 19 1 20
11 20 1 14
11 22 1 21
11 23 18 17
11 24 9 7
11 25 365 1
11 27 129 1
12 4 257 26
12 5 88 19
12 6 70 1
12 8 152 2
12 9 198 1
12 10 317 1
12 15 3 2
12 16 5 10
12 22 1 7
12 23 100 22
12 25 1 27
12 26 55 18
13 1 33 7
13 6 1 10
13 10 12 2
13 12 7 1
13 15 2 4
13 17 72 1
13 18 13 2
13 22 1 20
13 24 2 18
13 27 5 5
14 2 3 18
14 4 108 1
14 6 40 7
14 7 4 1
14 8 90 18
14 10 25 11
14 11 193 1
14 12 1 5
14 15 4 11
14 22 13 3
15 0 88 25
15 7 3 22
15 9 1 8
15 10 6 1
15 11 61 1
15 13 2 3
15 14 2 1
15 18 1 15
15 22 5 7
15 23 23 2
15 24 4 2
16 0 3 1
16 1 3 13
16 3 4 14
16 4 54 1
16 5 4 11
16 8 3 3
16 9 42 1
16 10 1 13
16 13 20 2
16 17 2 18
16 18 191 1
16 22 12 26
16 24 4 20
16 25 30 1
17 0 1 6
17 1 1 14
17 3 44 1
17 4 59 1
17 6 93 28
17 8 25 24
17 10 2 24
17 15 1 8
17 16 394 1
17 20 73 1
17 21 1 19
17 23 1 13
17 25 36 3
18 0 24 13
18 4 2 14
18 6 163 1
18 7 1 29
18 9 1 2
18 10 1 20
18 12 1 1
18 16 9 1
18 17 118 1
19 0 29 15
19 2 2 10
19 10 1 25
19 11 2 11
19 15 14 2
19 20 311 1
20 0 1 20
20 1 1 23
20 2 159 2
20 3 1 22
20 4 1 4
20 7 2 12
20 8 1 25
20 10 67 1
20 11 148 3
20 16 5 11
20 19 93 1
20 27 1 10
21 8 1 27
21 10 95 1
21 15 1 5
21 23 16 9
21 26 19 14
22 9 7 1
22 10 1 22
22 12 2 1
22 20 55 12
23 0 3 1
23 4 51 3
23 7 1 24
23 8 50 2
23 9 62 17
23 10 32 10
23 11 65 2
23 12 108 3
23 13 1 21
23 18 23 19
23 21 17 9
23 22 1 2
23 24 14 2
23 25 25 15
24 0 3 13
24 1 3 26
24 3 4 11
24 4 98 1
24 5 4 15
24 7 198 1
24 8 4 19
24 9 102 3
24 11 11 1
24 12 43 1
24 14 1 8
24 15 1 25
24 16 3 6
24 22 5 6
24 23 26 26
24 27 8 2
25 0 11 25
25 1 1 29
25 3 57 3
25 4 1 22
25 6 136 1
25 10 139 1
25 15 3 8
25 17 1 6
25 20 1 9
25 22 1 15
25 26 38 5
26 0 11 3
26 7 2 13
26 10 101 1
26 11 1 24
26 15 3 12
27 1 3 5
27 2 15 26
27 4 88 24
27 10 3 18
27 11 206 1
27 12 22 24
27 21 13 27
27 25 2 1
