0 1 26 1
0 2 3 23
0 3 23 26
0 4 24 1
0 5 36 26
0 6 413 1
0 7 159 1
0 8 32 22
0 10 289 1
0 12 1 27
0 16 20 18
0 18 2 27
0 19 59 1
0 20 55 26
0 22 5 5
0 24 143 12
0 25 2 20
0 26 1 13
1 0 23 7
1 2 68 3
1 3 94 26
1 4 233 1
1 5 39 6
1 6 180 1
1 7 121 1
1 8 128 23
1 8 368 28
1 9 2 28
1 10 212 1
1 11 4 10
1 13 9 11
1 15 2 22
1 16 160 8
1 17 267 1
1 18 1 14
1 19 57 2
1 24 63 13
1 27 5 17
2 0 3 28
2 1 2 17
2 3 72 1
2 4 3 5
2 5 68 1
2 7 172 1
2 8 102 23
2 9 16 18
2 11 100 2
2 12 105 2
2 13 1 27
2 14 6 4
2 17 5 1
2 19 25 1
2 20 12 3
2 22 1 20
2 24 1 4
3 0 27 13
3 1 121 27
3 2 10 29
3 4 54 1
3 5 20 9
3 7 2 3
3 8 19 25
3 10 1 26
3 11 3 9
3 12 1 10
3 14 55 1
3 16 21 3
3 17 2 15
3 18 1 27
3 20 5 24
3 23 23 27
3 24 20 23
4 0 1 6
4 1 81 1
4 2 84 1
4 3 16 2
4 5 103 1
4 6 136 1
4 7 161 2
4 8 1 4
4 9 14 10
4 10 1 19
4 11 81 1
4 12 86 1
4 13 106 29
4 15 1 2
4 16 11 27
4 17 1 2
4 18 20 2
4 19 126 1
4 20 1 22
5 0 31 8
5 1 36 16
5 2 2 3
5 3 38 24
5 4 196 1
5 6 137 14
5 7 5 9
5 8 18 8
5 9 28 23
5 10 92 1
5 11 1 15
5 16 30 14
5 17 50 9
5 18 5 4
5 20 20 2
5 24 40 11
5 25 5 18
6 1 8 1
6 2 232 1
6 3 50 1
6 4 21 24
6 5 78 17
6 7 3 26
6 8 334 1
6 9 399 1
6 10 94 1
6 11 269 1
6 12 1 2
6 13 79 3
6 14 2 13
6 17 130 1
6 19 87 15
6 21 3 28
6 23 93 3
6 24 6 2
6 26 52 1
6 27 59 23
7 1 42 26
7 3 12 1
7 4 281 1
7 5 1 7
7 6 1 9
7 8 16 13
7 9 137 1
7 10 137 19
7 11 52 20
7 13 104 1
7 15 220 1
7 19 55 3
7 20 2 5
7 22 134 1
7 24 3 2
7 25 283 1
7 27 10 1
8 0 21 16
8 1 33 11
8 2 225 1
8 3 19 4
8 4 320 1
8 5 32 18
8 6 16 16
8 7 10 22
8 9 3 1
8 10 28 3
8 12 95 2
8 13 55 1
8 14 41 1
8 15 198 1
8 16 84 28
8 17 29 1
8 19 3 3
8 20 214 2
8 24 21 24
9 0 3 17
9 1 118 1
9 3 71 2
9 4 60 1
9 5 4 25
9 6 55 9
9 7 46 16
9 8 4 5
9 10 6 23
9 11 98 9
9 12 2 13
9 14 1 21
9 16 40 1
9 18 91 7
9 24 1 22
10 5 3 7
10 6 3 6
10 7 3 11
10 8 2 17
10 9 2 8
10 12 117 1
10 13 222 1
10 14 3 1
10 16 77 23
10 17 6 9
10 18 1 9
10 20 133 20
10 22 9 15
10 25 174 2
10 27 144 1
11 0 2 10
11 1 1 2
11 2 40 1
11 3 213 1
11 4 15 1
11 6 285 1
11 7 300 19
11 8 1 6
11 9 2 27
11 10 2 29
11 13 190 1
11 15 292 1
11 17 42 1
11 22 27 19
11 23 9 28
11 24 3 28
11 25 279 1
11 27 111 1
12 0 4 2
12 2 1 26
12 4 257 21
12 6 53 1
12 8 135 1
12 9 142 1
12 10 295 1
12 13 3 27
12 18 32 4
12 19 1 2
12 20 58 1
12 24 17 21
12 26 1 26
13 5 24 12
13 6 141 9
13 8 5 29
13 10 3 2
13 11 1 21
13 12 191 1
13 14 33 1
13 15 1 18
13 19 1 23
13 20 65 5
14 1 6 7
14 3 60 24
14 10 4 23
14 11 150 1
14 12 2 28
14 15 2 6
14 19 5 1
14 20 41 1
14 26 29 10
15 0 1 21
15 2 2 11
15 5 8 1
15 7 84 22
15 9 7 19
15 10 292 1
15 11 96 1
15 12 14 1
15 13 3 4
15 14 1 8
15 23 17 2
15 24 5 14
16 0 21 21
16 1 20 10
16 3 21 28
16 5 68 9
16 6 3 18
16 8 48 11
16 9 37 6
16 10 1 10
16 12 1 5
16 17 63 14
16 18 155 1
16 19 1 2
16 21 1 14
16 22 12 2
16 24 21 10
16 26 1 25
16 27 2 4
17 0 1 6
17 1 5 6
17 2 2 9
17 3 34 1
17 4 44 1
17 7 281 1
17 8 22 28
17 14 3 22
17 16 362 1
17 20 66 1
17 22 60 2
17 23 1 15
17 27 5 5
18 1 1 2
18 2 1 9
18 3 27 5
18 4 62 12
18 6 150 1
18 7 12 10
18 10 2 27
18 14 1 6
18 15 6 2
18 16 141 26
19 0 98 5
19 1 1 29
19 8 107 3
19 9 1 3
19 11 2 21
19 18 2 25
19 20 301 1
19 27 1 17
20 0 2 21
20 1 10 16
20 2 149 1
20 3 12 20
20 4 61 3
20 6 71 1
20 13 32 1
20 15 1 17
20 17 1 2
20 19 34 1
20 24 1 16
20 25 6 1
21 1 8 18
21 7 2 15
21 10 92 2
21 11 2 6
21 14 1 5
22 1 3 14
22 4 1 29
22 8 16 16
22 9 5 8
22 12 1 29
22 18 2 11
23 0 2 3
23 6 104 2
23 7 4 28
23 8 45 1
23 10 1 25
23 11 48 1
23 14 1 11
23 25 1 4
24 0 41 24
24 1 94 26
24 3 20 27
24 4 96 7
24 5 21 26
24 7 178 1
24 8 49 28
24 11 1 3
24 16 21 15
24 22 4 28
24 23 26 11
24 27 8 8
25 1 87 23
25 4 1 25
25 6 130 1
25 8 11 20
25 10 122 1
25 11 1 20
25 12 20 1
25 20 74 8
26 2 1 6
26 4 1 29
26 5 31 9
26 10 97 1
26 11 7 20
26 12 60 7
26 13 11 2
26 24 63 17
26 25 1 21
27 0 1 14
27 2 15 9
27 7 26 1
27 8 7 4
27 11 190 1
27 15 1 15
27 25 1 21
