0 1 44 29
0 2 113 1
0 3 12 1
0 4 328 1
0 5 33 1
0 6 4 16
0 7 314 1
0 8 53 6
0 9 104 2
0 10 1 22
0 11 245 1
0 16 58 23
0 17 182 1
0 18 2 6
0 19 3 4
0 22 1 11
0 24 207 1
0 25 2 14
1 0 188 1
1 2 211 24
1 2 285 1
1 3 79 1
1 4 25 12
1 5 30 1
1 6 3 1
1 8 338 1
1 11 2 1
1 12 2 8
1 13 1 11
1 14 1 24
1 16 35 7
1 17 1 28
1 18 17 2
1 24 25 1
1 25 1 19
2 0 2 14
2 1 12 23
2 3 413 1
2 6 2 2
2 7 6 25
2 8 144 1
2 9 1 14
2 10 265 1
2 12 1 16
2 16 23 29
2 17 1 23
2 20 8 5
2 22 4 8
2 26 2 1
2 27 15 1
3 0 8 13
3 1 112 29
3 2 24 1
3 5 26 1
3 6 5 5
3 7 178 1
3 8 2 22
3 10 68 1
3 11 60 1
3 12 1 21
3 16 441 1
3 17 152 12
3 24 63 2
3 27 48 1
4 0 1 4
4 1 4 14
4 2 295 2
4 3 181 1
4 5 13 18
4 6 2 7
4 7 330 1
4 8 143 26
4 9 234 1
4 11 209 1
4 12 240 1
4 15 1 3
4 17 4 20
4 18 328 2
4 22 50 2
4 23 9 2
5 0 80 1
5 1 28 21
5 2 13 4
5 3 21 14
5 4 13 21
5 6 20 8
5 7 2 24
5 8 73 16
5 9 60 23
5 10 1 1
5 13 1 7
5 15 1 9
5 16 364 1
5 17 1 7
5 21 1 26
5 24 27 1
6 0 313 1
6 1 1 25
6 2 1 28
6 3 301 2
6 4 362 1
6 5 52 1
6 7 5 2
6 8 182 1
6 9 4 25
6 10 1 20
6 11 2 24
6 12 34 1
6 14 62 1
6 15 72 4
6 17 346 1
6 27 1 12
7 0 1 20
7 1 1 24
7 2 366 1
7 3 3 17
7 4 342 19
7 6 3 13
7 8 30 1
7 9 332 1
7 10 4 20
7 11 293 1
7 12 99 2
7 13 192 3
7 14 153 1
7 15 99 19
7 18 110 1
7 19 146 1
7 25 1 18
8 0 35 1
8 1 57 1
8 3 60 1
8 4 4 1
8 5 50 4
8 6 133 4
8 7 197 1
8 9 6 12
8 10 345 1
8 11 318 1
8 12 276 1
8 13 193 2
8 14 319 1
8 16 30 15
8 17 201 1
8 21 1 1
8 24 43 1
8 27 1 18
9 1 370 1
9 3 156 3
9 5 7 29
9 6 203 1
9 7 164 7
9 8 2 10
9 10 237 1
9 11 1 23
9 12 167 1
9 13 121 2
9 17 223 2
9 19 77 1
9 24 1 6
9 27 1 14
10 1 2 6
10 2 316 1
10 3 3 8
10 4 221 1
10 6 227 1
10 7 1 26
10 8 156 1
10 9 1 13
10 11 6 28
10 13 1 15
10 15 338 2
10 19 2 23
10 20 94 3
10 24 73 2
10 26 20 1
11 0 1 22
11 2 247 1
11 3 5 25
11 4 119 2
11 7 49 1
11 8 37 5
11 14 337 1
11 17 130 1
11 20 3 27
11 24 200 1
11 25 14 2
11 26 1 25
12 1 26 2
12 5 6 8
12 6 283 1
12 8 301 2
12 9 1 26
12 13 73 1
12 14 1 29
12 21 66 29
12 23 102 20
12 24 2 22
12 25 1 5
13 6 1 22
13 7 174 1
13 8 35 1
13 9 1 5
13 10 265 1
13 11 1 18
13 12 4 13
13 14 24 1
14 4 147 12
14 5 1 24
14 6 1 24
14 8 5 15
14 9 4 12
14 10 410 1
14 11 3 4
14 12 50 2
14 13 41 1
14 18 1 22
14 21 25 8
14 23 42 11
15 3 30 2
15 8 127 2
15 10 1 19
15 11 21 21
15 12 85 2
15 14 1 1
15 19 11 8
15 20 81 5
15 23 1 1
16 0 83 2
16 1 254 1
16 3 185 8
16 4 179 2
16 5 73 27
16 8 21 1
16 9 87 1
16 15 4 21
16 17 36 1
16 18 1 14
16 19 1 5
16 20 81 2
16 24 68 4
17 0 1 1
17 1 63 1
17 2 8 1
17 4 276 1
17 6 2 2
17 10 1 5
17 14 1 26
17 15 14 3
17 16 11 2
17 19 128 1
17 24 17 1
17 27 1 15
18 0 1 24
18 3 1 5
18 4 113 1
18 6 246 1
18 9 1 25
18 16 1 5
19 1 2 1
19 11 2 3
19 12 43 4
19 16 29 1
19 26 1 29
20 1 10 2
20 2 1 10
20 3 2 19
20 4 12 3
20 5 50 1
20 6 168 3
20 8 1 1
20 10 152 3
20 19 25 25
20 21 1 18
20 23 2 5
21 9 25 2
21 11 1 13
21 13 17 15
22 4 1 7
22 6 43 2
22 9 39 4
22 12 1 17
22 24 5 6
23 2 1 3
23 4 73 6
23 8 114 1
23 9 1 20
23 10 1 26
24 0 327 1
24 1 36 5
24 3 73 1
24 5 84 1
24 7 1 26
24 8 45 9
24 11 409 1
24 16 13 21
24 17 1 23
24 20 47 3
24 23 1 22
24 25 10 28
24 26 74 10
25 1 1 7
25 3 1 6
25 7 223 1
25 8 1 24
25 9 1 11
25 10 259 1
25 11 1 3
25 14 21 6
25 20 1 21
25 24 6 8
25 27 70 1
26 6 2 12
26 9 8 6
26 16 32 22
26 18 1 11
26 24 1 3
26 27 69 11
27 0 45 5
27 3 5 28
27 7 134 2
27 8 56 1
27 9 37 1
27 15 1 1
27 25 11 3
27 26 3 9
