0 1 6 1
0 2 14 3
0 3 4 11
0 4 12 1
0 5 16 9
0 6 403 1
0 7 127 1
0 8 2 2
0 10 283 1
0 11 29 1
0 12 3 5
0 13 68 5
0 14 3 3
0 16 1 15
0 19 32 1
0 20 2 8
0 24 33 11
0 25 2 10
0 27 57 3
1 0 10 2
1 2 46 2
1 3 2 9
1 4 195 1
1 5 121 7
1 6 99 1
1 7 95 1
1 8 332 1
1 9 11 7
1 10 187 1
1 11 43 15
1 16 1 29
1 17 200 1
1 18 5 20
1 22 13 4
1 24 3 1
1 25 2 23
2 0 65 1
2 1 7 17
2 3 16 1
2 4 1 17
2 5 94 3
2 6 365 1
2 7 132 1
2 8 4 5
2 10 1 8
2 11 82 1
2 17 3 23
2 20 2 29
2 25 1 25
3 0 54 9
3 1 1 1
3 2 25 5
3 4 42 1
3 5 30 13
3 6 305 2
3 7 22 23
3 8 110 22
3 9 22 5
3 10 4 14
3 11 4 3
3 15 14 5
3 16 27 7
3 19 47 3
3 20 2 5
3 23 1 29
3 24 20 20
3 26 1 22
4 0 1 17
4 1 70 1
4 3 9 2
4 5 34 1
4 6 194 1
4 7 144 1
4 8 46 1
4 9 27 27
4 10 1 26
4 12 73 1
4 15 1 12
4 16 4 7
4 17 1 15
4 18 6 1
4 19 122 1
4 20 1 12
4 22 20 1
5 0 86 1
5 1 80 2
5 3 1 1
5 4 115 1
5 6 245 1
5 7 25 26
5 8 7 24
5 9 7 21
5 10 62 1
5 11 3 15
5 16 59 11
5 17 2 12
5 18 2 9
5 21 1 7
5 24 1 29
6 2 190 1
6 3 33 1
6 4 2 19
6 5 26 10
6 7 7 22
6 8 132 1
6 9 7 1
6 10 61 1
6 11 241 1
6 12 4 14
6 16 96 4
6 17 110 1
6 18 3 24
6 24 4 1
7 0 191 2
7 1 7 28
7 3 230 1
7 4 266 2
7 5 76 28
7 6 81 6
7 8 14 28
7 9 118 1
7 10 2 17
7 11 236 23
7 15 156 1
7 18 37 1
7 20 3 19
7 24 1 24
7 25 256 1
7 26 59 1
8 0 1 4
8 1 85 29
8 2 384 1
8 3 344 24
8 4 283 1
8 5 48 1
8 6 3 26
8 7 20 2
8 9 116 1
8 10 440 2
8 11 5 22
8 15 187 2
8 16 38 1
8 17 20 2
8 19 2 1
8 20 203 1
8 22 122 2
8 24 80 16
9 0 16 14
9 1 94 1
9 4 29 1
9 5 15 24
9 6 18 29
9 7 46 15
9 8 1 1
9 10 67 26
9 11 55 15
9 12 2 3
9 14 62 8
9 16 36 2
9 18 15 16
9 20 2 13
9 22 90 9
10 1 26 1
10 3 85 3
10 4 2 7
10 5 197 26
10 6 3 21
10 7 1 18
10 8 59 1
10 9 4 7
10 11 318 8
10 12 95 1
10 13 195 1
10 14 3 25
10 15 17 1
10 17 1 11
10 18 11 17
10 20 4 20
10 25 159 1
10 27 138 1
11 1 35 17
11 3 178 1
11 4 11 1
11 6 258 1
11 7 292 1
11 8 252 20
11 9 3 11
11 10 430 16
11 13 174 1
11 15 180 1
11 18 1 21
11 21 52 1
11 22 1 12
11 23 69 19
11 24 3 1
11 25 221 1
11 26 1 9
11 27 94 1
12 6 39 1
12 8 119 1
12 9 95 1
12 10 272 1
12 11 2 16
12 13 3 4
12 14 1 17
12 18 28 3
13 6 2 3
13 9 9 22
13 11 2 6
13 12 171 1
13 15 1 21
13 17 69 2
13 18 11 4
14 0 89 1
14 2 1 8
14 6 41 29
14 7 230 1
14 8 3 1
14 9 139 1
14 10 37 15
14 11 111 1
14 12 1 11
14 15 2 5
14 17 1 11
14 22 8 1
14 23 7 6
15 6 1 10
15 7 1 20
15 9 9 8
15 10 266 1
15 11 42 1
15 23 12 2
15 24 1 6
16 0 52 3
16 1 198 12
16 2 1 26
16 3 1 11
16 5 8 2
16 6 2 25
16 8 1 3
16 12 7 24
16 14 14 2
16 17 2 20
16 18 121 1
16 20 49 4
16 24 1 9
16 26 1 23
16 27 31 3
17 0 2 23
17 1 4 26
17 2 9 20
17 5 1 16
17 10 1 13
17 11 215 2
17 12 146 2
17 14 1 11
17 15 1 8
17 16 326 1
17 19 68 1
17 20 60 4
18 1 48 10
18 4 8 21
18 6 137 2
18 7 2 6
18 8 229 1
18 10 16 12
18 12 1 17
18 16 1 15
18 17 94 2
19 0 1 6
19 1 12 4
19 3 41 4
19 4 125 1
19 8 101 1
19 9 1 26
19 11 59 11
19 14 18 5
19 16 10 13
19 17 1 28
19 18 3 28
19 20 354 1
20 0 1 28
20 1 3 28
20 2 138 1
20 3 212 18
20 4 1 22
20 7 6 13
20 11 127 1
20 14 5 29
20 15 1 1
20 17 1 20
20 24 5 11
20 27 7 3
21 5 5 12
21 7 30 28
21 12 137 9
21 14 1 18
21 18 3 6
22 0 54 3
22 1 1 24
22 6 4 7
22 7 147 1
22 8 1 19
22 10 58 28
22 12 1 20
22 24 3 23
23 2 7 25
23 6 101 6
23 8 39 3
23 10 2 18
23 11 33 1
23 13 1 20
23 17 68 6
23 20 41 3
23 25 25 28
23 27 1 20
24 0 60 8
24 1 24 8
24 3 1 1
24 5 3 16
24 7 157 1
24 8 35 21
24 14 3 29
24 15 3 15
24 16 1 1
24 18 2 20
24 25 2 27
24 27 1 19
25 0 14 10
25 4 1 28
25 7 2 1
25 8 5 8
25 9 100 21
25 10 106 2
25 11 2 7
25 16 1 21
25 17 2 29
25 18 1 24
25 20 6 28
25 23 11 27
25 24 1 19
25 26 31 3
26 1 77 3
26 3 1 14
26 7 39 18
26 11 7 4
26 24 63 5
27 0 1 3
27 1 8 19
27 3 2 13
27 5 3 23
27 6 10 28
27 7 19 2
27 8 5 6
27 11 174 1
27 16 2 22
27 20 1 21
27 24 13 6
27 25 34 19
27 26 1 5
