0 1 2 16
0 2 15 14
0 3 20 2
0 4 11 1
0 5 31 1
0 7 124 1
0 11 28 1
0 12 2 19
0 14 4 1
0 15 31 2
0 16 29 5
0 18 70 28
0 19 29 2
0 20 1 27
0 23 2 6
0 24 50 5
0 25 98 6
0 26 5 25
0 27 57 3
1 0 101 26
1 2 199 4
1 3 357 2
1 4 182 1
1 5 56 1
1 6 91 1
1 7 92 1
1 8 363 3
1 9 14 13
1 10 184 1
1 11 1 8
1 16 125 1
1 17 192 1
1 18 3 6
1 19 43 2
1 23 1 16
1 24 124 1
2 0 3 2
2 1 4 26
2 3 56 1
2 4 74 4
2 5 94 1
2 6 365 1
2 7 127 1
2 8 21 17
2 11 80 1
2 14 4 3
2 15 1 3
2 16 52 29
2 17 1 3
2 20 16 25
2 22 1 14
2 27 3 3
3 0 250 8
3 1 117 26
3 2 3 25
3 4 40 1
3 5 146 1
3 6 304 1
3 7 23 29
3 8 56 1
3 9 8 26
3 10 2 25
3 11 8 23
3 16 314 15
3 17 221 5
3 19 46 1
3 20 1 20
3 24 25 27
4 1 63 1
4 2 61 1
4 5 79 1
4 6 185 1
4 7 142 1
4 9 6 4
4 10 5 6
4 11 69 2
4 12 72 1
4 14 2 8
4 16 2 15
4 17 102 25
4 18 4 2
4 20 1 25
4 22 19 6
5 0 53 20
5 1 78 5
5 2 26 7
5 3 29 1
5 4 106 1
5 6 185 16
5 7 1 4
5 8 395 28
5 9 6 27
5 10 58 1
5 12 152 1
5 13 1 25
5 16 50 14
5 17 2 26
5 20 16 9
5 24 11 1
6 0 7 1
6 2 185 1
6 3 31 2
6 4 30 20
6 5 11 5
6 7 1 14
6 8 61 1
6 9 138 1
6 10 54 1
6 11 238 1
6 12 24 8
6 13 71 2
6 14 1 3
6 15 2 1
6 17 107 2
6 18 107 24
6 19 1 6
6 21 6 24
6 22 35 1
6 23 89 2
6 24 3 12
6 25 4 11
6 27 2 17
7 1 1 17
7 2 1 7
7 3 220 1
7 4 264 2
7 5 1 8
7 6 1 2
7 8 229 8
7 10 2 12
7 11 263 27
7 12 12 3
7 13 93 1
7 15 153 14
7 17 17 25
7 18 36 1
7 20 95 11
7 22 128 1
7 24 44 3
7 25 252 1
7 27 5 8
8 0 13 1
8 1 81 26
8 2 371 20
8 3 32 1
8 4 278 1
8 5 267 1
8 6 2 16
8 7 275 7
8 9 391 1
8 10 7 8
8 11 1 21
8 12 79 1
8 13 43 2
8 14 23 2
8 16 118 1
8 17 19 4
8 20 201 1
8 24 25 13
9 0 2 1
9 1 91 2
9 2 4 18
9 3 62 1
9 4 25 1
9 5 24 17
9 6 116 7
9 8 65 1
9 10 5 1
9 11 6 27
9 12 73 5
9 13 39 2
9 14 2 6
9 16 35 6
9 17 131 1
9 25 2 17
10 0 12 29
10 1 24 1
10 2 1 2
10 3 85 15
10 5 11 9
10 6 98 26
10 7 132 8
10 8 17 1
10 9 6 25
10 11 13 1
10 12 92 1
10 13 192 1
10 14 19 2
10 15 15 1
10 16 1 21
10 17 2 11
10 25 157 1
11 0 1 29
11 1 51 1
11 2 26 1
11 3 174 1
11 5 1 20
11 6 254 1
11 7 252 1
11 9 1 26
11 10 165 18
11 13 172 1
11 14 1 26
11 15 162 1
11 19 2 19
11 23 11 19
11 24 9 17
11 25 211 1
11 27 93 1
12 0 4 1
12 1 1 8
12 2 1 12
12 3 88 4
12 4 255 4
12 5 135 2
12 8 117 1
12 9 90 1
12 10 269 1
12 11 1 7
12 13 3 21
12 14 4 8
12 15 15 3
12 17 1 2
12 18 28 3
12 19 3 6
12 20 54 9
12 23 2 2
12 24 1 27
13 6 2 8
13 7 57 3
13 8 1 14
13 9 1 23
13 11 1 26
13 12 168 1
13 15 1 8
13 21 2 14
13 24 2 4
14 1 136 27
14 6 171 21
14 7 228 1
14 8 1 28
14 9 52 1
14 10 3 12
14 11 107 1
14 12 2 9
14 13 28 3
14 15 3 1
14 25 36 22
15 1 129 5
15 5 6 8
15 7 163 1
15 9 1 1
15 10 263 1
15 11 35 1
15 13 1 28
15 20 43 3
15 23 12 2
15 24 1 26
15 25 41 7
15 26 2 5
16 0 133 13
16 1 14 1
16 3 43 2
16 5 160 18
16 8 14 4
16 9 33 1
16 12 1 1
16 17 16 18
16 18 117 1
16 19 35 7
16 21 1 3
16 24 162 22
16 27 31 8
17 0 61 25
17 1 2 5
17 2 22 4
17 4 29 1
17 7 277 1
17 8 22 10
17 9 186 2
17 11 215 1
17 15 1 3
17 16 321 1
17 22 58 17
17 24 1 24
18 0 2 27
18 1 2 21
18 2 1 1
18 4 72 8
18 7 1 12
18 8 228 2
18 9 109 19
18 10 1 27
18 16 6 8
18 21 22 13
19 1 1 16
19 2 8 19
19 8 100 3
19 11 21 22
19 12 21 3
19 17 50 28
19 18 1 10
19 20 344 1
20 0 17 10
20 1 1 3
20 4 3 22
20 7 6 8
20 8 1 11
20 9 142 2
20 10 51 3
20 12 4 1
20 23 1 12
20 27 7 12
21 1 58 17
21 2 6 7
21 3 12 3
21 6 1 14
21 8 21 14
21 10 88 7
21 11 6 13
21 16 3 1
21 23 14 10
21 24 1 14
22 0 53 7
22 8 1 7
22 11 191 2
22 12 1 15
22 17 7 4
22 23 11 5
23 7 5 2
23 8 39 1
23 9 73 25
23 10 2 14
23 11 32 1
23 13 4 3
23 18 2 2
23 20 41 1
23 24 4 2
24 0 153 8
24 1 200 20
24 3 18 1
24 5 30 1
24 7 154 2
24 8 128 8
24 9 102 20
24 16 21 6
24 20 16 1
24 22 4 21
24 26 22 2
24 27 1 27
25 0 1 28
25 1 1 21
25 3 51 1
25 6 124 4
25 7 1 14
25 8 1 16
25 10 104 1
25 11 5 24
25 20 1 2
25 21 11 22
25 22 8 16
25 24 4 15
25 26 31 2
26 1 77 1
26 2 17 23
26 11 5 10
26 18 21 14
26 22 18 24
26 24 11 2
27 0 1 25
27 7 19 1
27 20 1 23
27 25 33 5
