0 1 31 1
0 2 1 10
0 3 10 16
0 5 10 6
0 6 392 1
0 7 102 1
0 8 382 1
0 9 1 1
0 16 74 1
0 18 1 17
0 19 15 2
0 20 1 16
0 22 1 6
0 24 13 26
0 25 98 25
1 0 11 2
1 2 1 16
1 3 187 1
1 4 111 1
1 5 105 3
1 6 48 1
1 7 75 1
1 8 166 1
1 9 2 28
1 10 166 1
1 11 16 21
1 14 137 6
1 15 14 20
1 16 48 1
1 17 148 1
1 19 35 2
1 20 1 23
1 23 1 17
1 24 45 8
1 25 1 2
1 27 1 1
2 0 115 1
2 1 5 6
2 3 20 1
2 4 30 7
2 6 348 1
2 7 101 1
2 8 5 18
2 11 68 1
2 17 2 3
2 20 3 4
2 21 9 19
2 22 5 7
3 0 289 1
3 1 27 1
3 2 2 3
3 4 32 1
3 5 219 1
3 6 295 2
3 7 18 21
3 8 104 27
3 9 1 26
3 10 1 2
3 11 2 3
3 16 11 1
3 20 1 25
3 24 28 18
4 0 334 4
4 1 25 4
4 2 48 1
4 3 4 2
4 5 52 1
4 6 63 1
4 7 130 1
4 8 325 2
4 9 1 1
4 10 10 7
4 12 63 2
4 15 4 23
4 16 1 2
4 17 158 8
4 19 117 3
4 20 166 3
4 21 86 17
4 24 27 1
5 0 147 1
5 1 49 1
5 2 30 23
5 3 61 1
5 4 60 1
5 6 40 1
5 7 2 8
5 8 329 1
5 9 12 28
5 10 40 1
5 11 7 8
5 12 35 1
5 16 24 1
5 17 2 11
5 20 14 9
5 21 1 3
5 22 10 8
5 24 97 1
5 27 27 2
6 0 2 2
6 1 3 23
6 2 156 1
6 3 21 1
6 4 3 18
6 5 3 26
6 8 261 1
6 9 95 1
6 10 37 1
6 11 218 1
6 12 1 9
6 16 91 2
6 18 15 16
6 21 7 1
6 24 2 2
6 25 1 20
7 0 280 1
7 1 2 19
7 3 185 16
7 4 253 2
7 5 4 15
7 8 2 1
7 9 102 2
7 10 1 2
7 11 132 1
7 15 198 1
7 16 1 18
7 20 96 25
7 22 124 1
7 24 60 18
7 25 231 1
7 26 54 1
7 27 3 8
8 0 199 3
8 1 65 1
8 2 93 1
8 3 161 1
8 4 246 1
8 5 1 19
8 6 100 1
8 7 14 26
8 9 357 1
8 10 5 15
8 11 11 11
8 12 69 1
8 13 36 1
8 14 14 2
8 15 177 1
8 16 35 6
8 17 14 1
8 21 1 3
8 24 344 1
9 0 1 7
9 1 76 1
9 2 5 22
9 4 50 1
9 5 7 21
9 6 59 28
9 8 209 1
9 10 104 27
9 11 9 7
9 12 2 14
9 15 1 27
9 16 33 1
9 18 3 28
9 24 98 15
9 25 8 20
10 0 24 5
10 1 336 1
10 5 1 11
10 6 6 5
10 7 1 7
10 8 133 8
10 9 4 11
10 11 399 1
10 12 77 2
10 13 171 1
10 14 46 25
10 15 7 1
10 17 1 16
10 21 1 29
10 22 5 29
10 27 134 1
11 1 1 14
11 2 19 1
11 3 150 1
11 4 7 3
11 5 43 18
11 6 234 1
11 7 290 1
11 8 4 7
11 9 2 12
11 10 317 9
11 13 160 2
11 14 1 3
11 15 100 1
11 17 31 1
11 18 7 21
11 19 21 14
11 20 1 9
11 22 1 20
11 23 1 20
11 24 24 23
11 25 171 1
11 26 2 10
11 27 81 1
12 0 167 2
12 2 2 29
12 6 28 1
12 9 61 1
12 10 252 1
12 11 1 26
12 13 1 6
12 14 134 24
12 15 1 17
12 16 2 25
12 21 134 29
12 24 1 28
13 2 25 1
13 4 1 1
13 7 51 1
13 11 1 27
13 12 151 1
13 14 28 2
13 15 1 27
13 22 5 1
13 23 9 2
13 24 1 7
14 3 1 1
14 4 91 2
14 6 2 2
14 7 216 1
14 8 228 1
14 9 44 10
14 10 3 23
14 11 81 1
14 12 4 18
14 13 47 17
14 15 3 8
14 22 5 8
14 23 5 5
15 0 4 5
15 7 1 2
15 9 1 6
15 10 243 1
15 11 4 2
15 13 1 12
15 16 38 14
15 17 2 16
15 23 8 6
15 27 32 1
16 0 44 1
16 1 174 1
16 2 7 26
16 3 94 2
16 4 28 1
16 5 142 1
16 8 120 1
16 9 30 5
16 13 18 2
16 17 24 9
16 18 93 1
16 23 17 29
16 24 102 9
16 26 1 24
17 0 11 14
17 1 2 22
17 2 24 17
17 3 19 1
17 4 21 1
17 5 1 23
17 7 274 1
17 8 45 17
17 9 180 3
17 11 211 2
17 15 2 22
17 16 292 1
17 18 2 17
17 20 55 3
17 26 34 13
18 0 1 11
18 1 1 7
18 4 12 13
18 5 33 1
18 6 126 1
18 7 4 26
18 9 6 3
18 10 2 27
18 14 54 22
18 15 5 9
18 16 6 15
18 17 85 1
18 24 1 18
19 0 1 23
19 1 114 13
19 2 1 8
19 3 37 3
19 8 95 2
19 9 11 12
19 11 3 15
19 17 1 12
19 20 281 1
19 22 1 11
20 0 104 27
20 1 1 24
20 2 129 1
20 6 56 3
20 7 1 27
20 8 1 17
20 11 119 1
20 16 3 1
20 19 1 13
20 26 22 2
21 1 10 7
21 6 1 19
21 7 1 5
21 11 1 1
21 14 1 5
21 18 1 24
22 4 6 12
22 8 1 6
22 10 1 26
22 12 3 13
22 14 31 16
22 21 15 3
22 24 1 7
22 26 9 5
23 1 55 16
23 2 2 3
23 6 99 3
23 7 41 22
23 8 35 1
23 10 1 25
23 13 2 21
23 20 40 4
24 0 99 1
24 1 32 1
24 3 159 1
24 4 92 11
24 5 26 3
24 7 140 1
24 8 101 1
24 16 168 3
24 17 23 6
24 23 24 1
24 25 9 29
24 27 1 28
25 6 120 3
25 8 1 21
25 9 100 23
25 10 93 1
25 11 3 1
25 12 16 2
25 16 1 12
25 23 1 26
25 27 1 23
26 10 90 3
26 11 1 13
26 25 2 19
26 27 34 1
27 7 15 1
27 11 159 2
27 20 1 2
27 22 15 7
27 24 12 1
