0 1 266 21
0 2 2 15
0 3 333 1
0 5 71 1
0 6 384 1
0 7 90 1
0 8 258 1
0 10 272 1
0 11 17 2
0 12 1 22
0 13 65 4
0 14 94 10
0 16 63 1
0 19 9 1
0 20 2 23
0 24 146 1
1 0 142 1
1 3 106 1
1 4 102 1
1 5 9 18
1 6 28 1
1 7 66 1
1 8 33 1
1 9 1 1
1 10 156 1
1 13 19 14
1 15 1 6
1 16 23 19
1 17 124 1
1 18 1 8
1 20 1 7
1 24 36 1
1 26 62 1
1 27 2 25
2 0 65 1
2 1 6 14
2 3 3 1
2 4 1 27
2 5 87 3
2 6 336 1
2 7 85 1
2 8 1 11
2 11 61 1
2 16 53 27
2 17 1 12
2 19 20 4
3 0 140 1
3 1 66 3
3 2 7 12
3 4 27 2
3 5 33 23
3 7 27 28
3 8 104 1
3 10 1 12
3 11 7 4
3 15 10 9
3 16 194 1
3 17 216 2
3 20 1 5
3 23 1 8
3 24 183 1
3 27 26 1
4 1 16 1
4 2 41 1
4 3 3 2
4 5 30 1
4 6 33 1
4 7 122 2
4 8 15 13
4 9 6 4
4 10 1 24
4 11 59 1
4 12 58 1
4 14 136 1
4 15 1 18
4 17 8 21
4 22 17 2
4 24 26 2
4 26 1 5
5 0 76 1
5 1 38 1
5 2 1 26
5 3 249 1
5 4 38 1
5 6 183 1
5 8 381 1
5 9 3 13
5 10 30 1
5 11 19 25
5 12 29 1
5 13 1 6
5 14 57 7
5 15 33 18
5 16 194 1
5 17 3 9
5 24 121 1
6 1 2 5
6 2 138 1
6 3 16 2
6 4 5 10
6 5 286 1
6 7 436 18
6 8 130 9
6 9 85 1
6 10 16 1
6 11 205 1
6 12 3 22
6 14 1 4
6 17 85 2
6 18 1 28
6 23 86 1
6 25 2 23
7 0 273 2
7 1 2 6
7 2 1 9
7 3 196 1
7 4 246 1
7 5 21 7
7 8 231 22
7 9 95 1
7 10 135 10
7 11 232 1
7 13 81 3
7 15 185 1
7 16 1 29
7 17 13 16
7 18 31 1
7 20 1 6
7 21 5 21
7 24 1 21
7 25 217 1
8 0 240 1
8 1 95 1
8 2 73 7
8 3 171 1
8 4 227 1
8 5 57 1
8 6 264 25
8 7 148 5
8 9 97 26
8 10 4 4
8 11 14 17
8 12 63 2
8 13 32 2
8 14 10 1
8 15 172 1
8 16 30 1
8 17 11 4
8 20 187 1
8 24 15 5
9 0 2 28
9 1 67 1
9 2 1 29
9 4 38 1
9 5 35 18
9 6 5 18
9 8 55 1
9 10 28 10
9 11 6 15
9 12 44 26
9 17 120 1
9 18 5 21
9 23 50 4
9 25 14 13
10 0 26 19
10 1 343 1
10 3 18 1
10 5 2 23
10 6 7 28
10 8 207 1
10 9 20 15
10 11 374 1
10 12 69 1
10 13 159 1
10 14 4 19
10 16 3 8
10 17 1 20
10 19 2 15
10 20 1 1
10 22 1 7
10 25 139 1
11 0 4 22
11 1 3 20
11 2 15 1
11 3 136 1
11 5 2 3
11 6 221 1
11 7 237 1
11 8 1 25
11 9 1 6
11 10 2 15
11 13 153 1
11 14 5 15
11 15 74 1
11 18 1 12
11 19 12 25
11 20 1 24
11 21 48 1
11 22 2 2
11 24 26 19
11 25 136 1
11 26 41 14
11 27 74 2
12 3 84 4
12 4 7 3
12 5 78 2
12 7 1 17
12 8 99 1
12 9 46 1
12 10 241 1
12 13 1 23
12 14 12 5
12 15 1 16
13 1 22 3
13 3 5 16
13 7 47 2
13 8 1 2
13 11 1 25
13 12 140 1
13 14 20 1
13 17 66 9
14 1 4 1
14 6 7 29
14 7 208 1
14 8 221 1
14 10 3 6
14 11 67 1
14 15 9 17
14 18 1 16
14 19 4 2
14 22 4 6
14 23 4 2
14 25 1 13
15 0 14 13
15 4 39 1
15 6 1 8
15 7 34 10
15 9 1 12
15 10 230 1
15 14 1 28
15 18 1 8
15 19 4 17
15 24 2 1
16 0 54 4
16 1 159 6
16 2 1 5
16 3 152 1
16 4 25 1
16 5 76 1
16 7 1 1
16 8 181 1
16 10 1 8
16 11 4 1
16 13 17 17
16 17 3 22
16 18 80 1
16 24 222 1
17 0 16 26
17 1 3 3
17 4 17 2
17 7 271 5
17 14 10 26
17 16 274 1
17 18 1 20
17 19 61 2
17 20 53 2
17 23 1 20
17 27 1 27
18 0 3 29
18 1 50 16
18 2 4 23
18 3 27 16
18 4 34 5
18 5 98 1
18 7 2 28
18 8 222 1
18 10 20 7
18 12 1 18
18 14 1 8
18 16 142 4
18 17 80 2
18 23 9 25
19 1 1 9
19 2 1 16
19 4 119 2
19 6 1 25
19 8 92 4
19 11 60 6
19 15 14 4
19 20 242 1
19 22 1 6
19 26 5 27
20 0 6 10
20 1 5 5
20 2 124 1
20 7 11 28
20 8 3 16
20 11 114 1
20 14 5 18
20 15 48 27
20 19 1 9
20 23 1 28
21 5 7 8
21 7 7 6
21 10 85 1
21 11 7 21
21 12 134 1
21 13 9 1
21 15 3 9
21 23 13 9
21 24 1 25
22 0 51 6
22 1 2 10
22 10 1 21
22 11 187 1
22 12 3 1
22 24 1 9
23 7 7 21
23 9 1 29
23 11 18 1
23 21 14 3
23 24 1 5
24 0 183 1
24 1 71 1
24 3 59 11
24 4 92 1
24 5 41 1
24 7 130 1
24 8 139 1
24 10 1 21
24 16 39 1
24 23 32 1
25 4 2 23
25 7 1 4
25 11 36 19
25 20 1 24
25 22 1 10
25 24 2 25
26 6 1 8
26 11 1 28
26 15 17 14
26 17 1 25
26 18 1 10
26 25 2 19
26 27 27 1
27 1 12 23
27 4 87 1
27 7 12 3
27 8 3 5
27 12 1 21
27 20 1 5
