0 1 56 16
0 2 1 4
0 3 195 6
0 4 4 7
0 5 66 1
0 6 283 1
0 8 94 1
0 10 225 1
0 12 3 20
0 16 6 1
0 17 1 13
0 19 3 5
0 20 3 21
0 24 154 1
0 27 42 1
1 0 109 1
1 2 46 1
1 3 207 1
1 5 14 9
1 6 3 13
1 8 197 1
1 9 3 7
1 10 61 1
1 11 6 1
1 12 212 1
1 16 309 1
1 18 1 1
1 19 2 1
1 20 1 17
1 22 71 6
1 24 155 1
1 27 13 8
2 0 123 1
2 1 10 22
2 3 4 8
2 6 169 1
2 8 176 1
2 9 147 1
2 10 10 20
2 11 9 1
2 15 1 26
2 16 6 20
2 18 1 27
2 19 11 1
2 20 5 5
2 23 20 17
2 25 9 1
3 0 142 1
3 1 11 10
3 2 5 1
3 5 122 1
3 6 199 1
3 7 2 24
3 8 153 1
3 9 2 9
3 10 1 21
3 11 1 23
3 12 31 7
3 14 39 6
3 16 78 1
3 18 17 27
3 20 34 24
3 22 8 14
3 24 50 5
3 27 18 1
4 0 44 2
4 1 3 13
4 3 1 14
4 5 3 21
4 8 13 1
4 9 6 12
4 10 3 14
4 16 1 20
4 17 3 15
4 18 1 5
4 23 2 27
4 25 102 1
5 0 9 3
5 1 108 1
5 2 1 4
5 3 21 1
5 4 26 4
5 6 14 13
5 8 219 4
5 9 309 1
5 11 2 15
5 12 108 1
5 15 32 4
5 16 204 1
5 17 5 20
5 18 1 18
5 22 6 3
5 24 126 1
6 0 1 18
6 1 5 16
6 2 11 1
6 3 1 22
6 4 17 6
6 5 6 20
6 7 392 22
6 8 47 14
6 9 41 1
6 10 2 3
6 11 90 1
6 12 4 4
6 14 1 7
6 16 61 4
6 17 22 1
6 18 1 13
6 20 1 11
6 27 1 18
7 0 349 1
7 1 62 1
7 2 4 10
7 3 67 1
7 4 172 1
7 5 48 9
7 6 73 1
7 8 343 1
7 9 30 2
7 10 354 1
7 11 63 1
7 13 41 1
7 15 49 1
7 16 2 28
7 18 13 8
7 19 14 4
7 22 95 4
7 23 3 7
7 25 85 1
7 27 1 4
8 0 251 1
8 1 397 1
8 2 8 1
8 3 68 1
8 4 63 1
8 5 234 1
8 7 214 1
8 9 26 1
8 10 176 1
8 11 11 9
8 15 113 2
8 16 223 1
8 20 131 2
8 22 88 1
8 24 12 16
8 26 4 2
9 0 2 4
9 2 1 16
9 4 2 15
9 5 227 1
9 6 1 6
9 7 326 1
9 8 145 1
9 10 394 4
9 11 1 29
9 12 1 9
9 13 10 1
9 15 2 18
9 22 78 1
10 1 243 1
10 2 1 3
10 3 5 1
10 4 6 17
10 5 204 2
10 6 3 24
10 7 409 2
10 8 167 15
10 9 89 19
10 11 236 1
10 13 48 1
10 14 3 9
10 15 2 11
10 16 1 28
10 17 1 23
10 22 1 13
10 24 1 3
10 25 71 1
10 26 1 24
10 27 104 1
11 1 2 8
11 3 23 1
11 5 1 25
11 6 104 1
11 7 55 11
11 8 50 1
11 9 1 15
11 10 81 5
11 12 215 3
11 14 16 3
11 15 4 19
11 19 1 4
11 20 258 2
11 21 33 1
11 22 115 23
11 23 1 1
11 24 57 27
11 25 1 18
11 27 19 1
12 1 1 21
12 2 1 4
12 4 214 2
12 5 39 1
12 7 1 11
12 8 40 2
12 9 3 19
12 10 131 1
12 18 11 1
12 23 80 1
12 27 1 2
13 6 134 1
13 7 16 1
13 8 7 14
13 10 1 28
13 11 1 17
13 15 1 1
13 19 2 14
13 24 5 18
13 27 2 16
14 1 120 3
14 3 57 13
14 5 7 1
14 6 32 1
14 7 125 1
14 8 42 1
14 9 116 2
14 10 337 1
14 12 1 22
14 13 5 1
14 15 58 1
14 16 1 19
14 17 1 22
14 27 1 29
15 3 1 2
15 6 7 16
15 9 1 21
15 10 97 1
15 11 67 29
15 14 2 4
15 26 2 13
16 0 21 1
16 1 38 2
16 2 1 18
16 3 171 1
16 5 95 1
16 7 1 16
16 8 215 1
16 9 15 2
16 10 1 4
16 17 28 5
16 20 35 5
16 24 69 1
17 0 1 13
17 1 11 3
17 5 1 25
17 6 323 1
17 8 15 7
17 9 138 1
17 12 124 1
17 13 31 5
17 15 45 16
17 16 95 1
17 18 1 6
17 20 30 1
17 21 1 15
17 23 40 19
18 1 16 8
18 2 8 11
18 4 1 18
18 5 83 2
18 7 1 17
18 9 8 13
18 10 1 3
18 14 56 17
18 16 121 1
18 17 36 2
19 0 179 1
19 2 1 28
19 3 15 2
19 6 8 15
19 7 1 27
19 10 7 1
19 11 4 10
19 17 96 24
19 27 1 3
20 0 2 5
20 1 1 14
20 2 72 2
20 3 242 1
20 7 1 11
20 8 1 8
20 10 19 2
20 17 1 3
20 19 3 27
20 24 3 7
20 27 1 19
21 1 1 19
21 3 9 8
21 6 2 6
21 7 1 5
21 8 29 20
21 10 69 3
21 14 1 29
21 18 7 2
22 1 17 11
22 4 1 29
22 11 157 1
22 15 6 1
22 24 6 15
23 1 1 23
23 7 1 15
23 14 1 24
23 15 3 5
23 22 10 1
23 24 1 11
24 0 202 1
24 1 53 3
24 3 56 10
24 5 55 1
24 6 2 15
24 7 49 1
24 8 198 2
24 10 17 28
24 11 41 5
24 14 1 3
24 15 1 4
24 16 113 1
24 22 22 3
24 26 3 6
25 1 1 25
25 3 30 3
25 5 41 1
25 6 89 1
25 7 2 27
25 8 21 8
25 11 9 27
25 17 79 6
25 18 2 12
25 23 1 24
25 26 12 2
25 27 6 1
26 4 13 29
26 6 7 28
26 8 1 12
26 11 3 19
26 15 4 24
26 23 1 21
26 25 1 1
27 6 9 2
27 10 96 28
27 11 78 1
27 12 39 26
27 23 17 19
27 26 4 4
