0 1 164 1
0 2 94 1
0 3 268 1
0 4 313 1
0 5 307 1
0 6 1 18
0 7 312 2
0 8 20 1
0 9 97 2
0 11 234 1
0 14 1 26
0 15 93 2
0 16 370 1
0 17 169 1
0 19 1 21
0 22 2 3
0 24 363 5
0 25 58 14
1 0 83 1
1 2 80 1
1 3 223 1
1 4 4 22
1 5 18 11
1 6 3 22
1 7 421 1
1 8 31 1
1 9 32 1
1 12 1 29
1 13 44 10
1 16 412 1
1 17 2 5
1 19 202 3
1 21 2 18
1 22 58 16
1 24 286 1
2 0 34 8
2 1 18 25
2 3 356 1
2 5 1 28
2 6 9 6
2 7 1 10
2 8 403 1
2 9 3 20
2 10 246 1
2 11 283 1
2 13 2 4
2 18 8 2
2 20 6 1
2 23 23 1
3 0 247 1
3 1 366 1
3 2 10 19
3 4 220 2
3 5 337 1
3 6 130 1
3 7 30 1
3 8 96 1
3 11 46 1
3 12 1 15
3 16 35 24
3 17 2 13
3 20 63 1
3 24 415 1
3 25 24 5
4 0 1 7
4 1 3 18
4 2 292 3
4 3 172 2
4 5 4 16
4 6 2 20
4 7 325 2
4 8 3 20
4 9 205 1
4 12 234 1
4 13 1 20
4 15 2 11
4 16 3 26
4 17 1 1
4 18 120 1
4 20 95 14
4 23 8 1
5 0 338 1
5 1 236 1
5 3 177 1
5 4 18 3
5 6 18 16
5 7 1 2
5 8 140 1
5 9 51 22
5 12 3 8
5 14 2 23
5 16 59 1
5 17 1 10
5 24 305 3
6 0 297 1
6 2 1 8
6 3 294 1
6 4 317 1
6 7 2 5
6 8 92 21
6 9 3 3
6 10 2 18
6 12 27 1
6 14 54 1
6 15 68 1
6 16 159 2
6 18 3 6
6 25 2 4
6 27 1 4
7 0 10 2
7 1 5 16
7 2 347 1
7 3 2 24
7 5 1 3
7 6 1 23
7 8 9 1
7 9 326 2
7 10 6 16
7 11 143 1
7 12 94 2
7 14 142 1
7 15 4 4
7 19 142 4
7 20 3 15
7 22 1 12
7 23 56 1
7 24 12 1
7 25 2 23
7 26 122 5
7 27 100 1
8 0 156 1
8 1 104 1
8 2 1 5
8 3 226 1
8 4 1 4
8 5 65 1
8 6 137 7
8 7 118 18
8 9 6 25
8 10 308 1
8 11 287 1
8 12 268 1
8 14 309 1
8 15 1 19
8 16 37 7
8 17 191 1
8 18 99 2
8 19 52 4
8 20 293 7
8 22 161 4
8 23 59 5
8 24 62 1
8 25 82 2
8 26 48 4
9 0 1 17
9 1 364 1
9 2 15 3
9 5 30 1
9 6 101 1
9 7 1 3
9 8 93 15
9 10 187 1
9 12 136 1
9 15 26 1
9 16 87 2
9 21 86 19
9 24 1 18
10 0 1 11
10 1 1 20
10 2 301 1
10 4 207 1
10 5 1 3
10 6 183 1
10 7 1 1
10 8 151 1
10 11 15 21
10 13 2 11
10 14 288 1
10 15 328 2
10 16 3 5
10 17 8 22
10 18 1 13
10 20 1 22
10 21 1 25
10 23 62 1
10 25 253 4
11 0 2 3
11 2 238 1
11 6 1 13
11 7 4 1
11 8 2 16
11 10 1 16
11 12 4 2
11 14 316 1
11 15 2 5
11 19 1 12
11 20 1 11
11 23 1 7
11 24 172 1
11 25 3 2
11 27 267 3
12 0 1 14
12 1 23 1
12 4 3 1
12 6 273 1
12 8 296 1
12 9 16 6
12 10 1 12
12 11 25 4
12 13 60 1
12 16 23 2
12 21 2 25
12 22 1 26
12 24 9 7
13 6 2 2
13 7 170 2
13 8 29 2
13 10 251 1
13 11 1 7
13 12 6 17
14 4 147 2
14 6 1 22
14 7 4 20
14 8 6 23
14 9 1 27
14 10 364 1
14 11 2 21
14 12 44 1
14 13 30 1
14 19 10 5
14 20 68 9
15 1 1 24
15 8 119 1
15 10 1 18
15 11 6 25
15 12 82 1
15 14 7 6
15 21 10 29
16 0 311 1
16 1 11 20
16 3 20 21
16 5 267 1
16 8 362 1
16 9 85 1
16 11 1 11
16 17 24 1
16 18 7 11
16 24 384 1
17 1 360 1
17 2 4 4
17 4 264 2
17 6 1 11
17 7 243 27
17 8 2 23
17 10 2 15
17 14 39 15
17 16 2 24
17 18 40 1
17 20 135 2
17 27 1 8
18 0 2 21
18 3 46 21
18 4 90 1
18 5 5 26
18 8 2 23
18 11 2 26
18 12 1 18
18 16 1 28
18 17 217 4
19 1 1 27
19 3 73 28
19 7 36 2
19 11 1 19
19 12 42 6
19 13 5 1
19 14 1 20
19 17 1 11
19 20 1 27
20 0 7 1
20 3 4 22
20 4 1 11
20 10 147 4
20 11 237 4
20 13 50 11
20 19 4 7
20 24 1 6
20 25 31 1
21 0 1 12
21 10 119 1
21 13 16 6
21 15 1 13
22 4 1 7
22 6 40 4
22 7 149 17
22 11 4 20
22 12 1 9
22 19 5 1
23 2 1 4
23 4 72 7
23 5 1 27
23 11 260 1
23 12 94 21
23 20 62 6
23 22 5 1
23 25 2 9
24 0 100 1
24 1 49 15
24 3 63 1
24 5 338 1
24 8 15 8
24 10 64 2
24 11 391 1
24 14 3 15
24 16 243 1
24 17 1 13
24 21 25 1
25 4 1 3
25 7 205 1
25 8 2 25
25 14 20 1
25 15 21 9
25 17 51 13
26 0 26 3
26 4 2 16
26 7 14 20
26 24 1 13
26 25 7 4
26 27 3 29
27 1 2 25
27 6 1 18
27 7 128 3
27 8 52 2
27 9 35 1
27 10 1 6
27 11 1 9
27 12 1 15
27 13 12 21
27 21 15 29
27 25 8 1
