0 1 135 1
0 2 2 25
0 3 21 1
0 4 1 19
0 5 48 7
0 6 278 1
0 7 6 1
0 8 110 1
0 9 1 2
0 10 223 2
0 12 19 24
0 16 214 2
0 18 3 24
0 19 12 1
0 20 15 14
0 23 1 15
0 24 79 4
0 25 9 21
1 0 37 1
1 2 22 1
1 3 126 11
1 4 1 16
1 5 74 1
1 6 22 26
1 8 166 1
1 9 3 4
1 12 211 1
1 16 235 1
1 18 3 18
1 20 10 21
1 21 1 22
1 23 1 10
1 24 80 1
1 25 1 14
2 0 89 1
2 1 6 2
2 3 3 6
2 5 51 1
2 6 162 1
2 8 158 1
2 10 1 6
2 12 81 2
2 15 3 5
2 18 4 14
2 25 15 5
3 0 74 1
3 1 33 9
3 2 18 1
3 5 123 1
3 6 195 1
3 7 104 28
3 8 71 1
3 9 1 4
3 10 1 19
3 11 33 11
3 12 1 16
3 16 1 29
3 17 177 1
3 18 1 5
3 19 19 6
3 20 1 22
3 24 83 10
3 26 1 26
4 0 41 1
4 1 25 8
4 5 3 21
4 6 2 1
4 8 7 1
4 9 50 18
4 10 1 7
4 12 16 2
4 13 100 1
4 14 115 3
4 15 1 2
4 18 1 17
4 21 1 18
4 24 15 1
5 0 165 1
5 1 39 24
5 2 2 11
5 3 164 1
5 4 29 13
5 6 53 20
5 8 199 1
5 9 24 1
5 10 1 7
5 11 3 18
5 12 105 1
5 15 32 12
5 16 158 1
5 17 1 22
5 18 1 27
5 23 22 4
5 24 104 1
6 0 1 19
6 1 21 19
6 2 9 1
6 3 1 16
6 4 17 13
6 5 8 24
6 7 170 1
6 8 23 26
6 9 33 1
6 10 1 4
6 11 86 2
6 12 5 4
6 14 2 5
6 16 60 4
6 17 20 1
6 20 1 4
6 25 1 12
6 27 3 13
7 0 344 1
7 2 7 1
7 3 58 1
7 4 169 2
7 5 190 1
7 6 372 1
7 8 75 1
7 9 29 1
7 10 349 1
7 11 44 1
7 13 40 1
7 14 4 29
7 15 117 1
7 17 14 2
7 19 14 1
7 21 80 13
7 22 94 3
7 25 80 1
7 27 1 20
8 0 208 1
8 1 329 1
8 2 4 1
8 3 43 1
8 4 59 1
8 5 165 1
8 6 2 25
8 7 205 1
8 9 18 1
8 10 159 1
8 11 8 12
8 13 3 6
8 14 1 17
8 16 148 1
8 20 129 2
8 21 15 11
8 22 87 1
8 24 154 1
8 25 4 8
9 0 2 17
9 3 21 1
9 4 1 14
9 5 210 1
9 6 6 5
9 8 136 1
9 10 391 23
9 12 17 26
9 17 77 2
9 19 26 3
9 22 77 4
9 23 34 2
9 25 2 9
9 26 72 10
10 1 239 1
10 2 8 6
10 3 3 1
10 4 1 2
10 6 3 28
10 7 407 1
10 8 120 1
10 9 4 24
10 11 222 1
10 12 7 2
10 13 45 1
10 14 2 21
10 15 1 7
10 16 6 29
10 17 1 17
10 24 1 8
10 25 69 1
10 27 103 1
11 0 1 14
11 1 5 21
11 5 3 20
11 6 100 1
11 7 27 28
11 8 46 4
11 9 3 19
11 10 285 5
11 12 214 21
11 13 76 2
11 14 15 16
11 15 3 7
11 19 2 15
11 22 43 28
11 24 8 6
11 25 1 16
12 1 1 28
12 2 2 8
12 3 67 6
12 4 212 1
12 5 37 1
12 8 38 2
12 9 1 17
12 10 127 1
12 11 1 29
12 13 2 29
12 14 28 1
12 20 38 9
12 24 52 2
13 6 133 3
13 7 15 3
13 10 1 11
13 12 37 1
13 18 6 1
13 20 58 5
13 24 2 10
14 1 119 5
14 4 60 2
14 7 122 1
14 8 38 1
14 10 333 1
14 13 3 1
14 15 53 1
14 18 58 21
14 21 10 2
14 25 2 14
15 0 108 22
15 3 1 7
15 6 1 21
15 7 29 1
15 9 2 7
15 10 92 1
15 11 6 18
15 14 3 4
15 18 15 26
15 19 3 2
15 20 25 9
15 21 1 13
15 25 31 5
16 0 103 5
16 1 36 5
16 3 97 1
16 5 145 1
16 6 2 11
16 7 6 7
16 8 153 1
16 10 1 29
16 24 142 1
17 1 97 15
17 2 1 5
17 8 3 23
17 9 136 2
17 10 30 2
17 14 1 29
17 16 90 1
17 20 29 5
17 21 2 3
17 23 2 12
18 4 2 15
18 6 65 1
18 8 188 1
18 9 70 12
18 10 2 19
18 13 5 5
18 16 117 1
18 17 35 1
19 0 257 1
19 1 214 4
19 7 6 26
19 8 62 1
19 9 1 19
19 11 1 25
19 22 1 5
19 26 1 11
20 0 57 9
20 2 70 2
20 3 239 1
20 8 2 29
20 10 19 2
20 11 69 2
20 15 1 15
20 19 3 26
20 26 16 1
21 1 12 20
21 10 69 1
21 11 38 17
21 14 2 24
21 17 1 19
22 7 119 1
22 10 1 29
22 11 156 1
22 15 6 2
23 7 1 8
23 9 3 7
23 12 88 6
23 15 1 9
23 17 61 1
23 24 1 27
24 0 128 1
24 1 18 1
24 3 154 1
24 5 115 1
24 8 144 1
24 9 108 1
24 10 1 13
24 11 2 21
24 12 23 1
24 13 24 18
24 15 1 1
24 16 91 1
24 27 2 21
25 0 1 27
25 1 1 14
25 4 1 15
25 6 88 3
25 7 1 13
25 8 1 19
25 10 28 2
25 11 3 4
25 14 1 17
25 15 28 2
25 16 1 20
25 18 1 15
25 23 1 12
26 7 42 16
26 14 4 3
26 24 65 1
27 1 1 14
27 6 8 2
27 11 75 1
27 12 1 26
27 13 1 7
27 26 18 20
