0 1 210 1
0 2 1 26
0 3 189 8
0 4 1 21
0 5 136 1
0 6 263 1
0 8 226 1
0 9 1 1
0 12 1 9
0 14 5 2
0 16 29 1
0 17 1 3
0 19 5 8
0 20 1 17
0 24 33 1
0 25 113 27
0 26 74 15
1 0 183 1
1 2 204 1
1 3 332 1
1 4 5 3
1 5 21 1
1 6 12 23
1 8 12 1
1 9 3 20
1 11 1 13
1 12 208 2
1 14 137 3
1 15 1 20
1 16 247 1
1 17 1 15
1 18 3 7
1 20 3 6
1 21 58 15
1 24 5 1
1 26 53 5
2 0 116 1
2 1 64 1
2 3 2 23
2 6 141 1
2 8 260 1
2 9 141 2
2 10 24 17
2 13 1 17
2 17 1 5
2 20 38 5
2 23 20 1
3 0 87 1
3 1 189 5
3 5 66 1
3 6 183 1
3 7 2 7
3 8 25 1
3 9 7 20
3 10 38 17
3 11 2 4
3 16 4 2
3 17 171 2
3 18 11 14
3 20 9 11
3 22 2 19
3 24 52 1
3 25 1 4
4 0 332 2
4 1 7 10
4 3 1 15
4 5 3 4
4 7 48 1
4 8 393 1
4 9 1 11
4 10 1 6
4 14 112 4
4 16 5 21
4 18 1 17
4 19 84 1
4 23 1 20
4 24 14 1
5 0 14 1
5 1 7 1
5 2 1 3
5 3 17 1
5 4 32 17
5 6 81 23
5 7 209 29
5 8 42 1
5 9 226 1
5 10 2 12
5 12 96 1
5 16 11 22
5 18 2 16
5 21 1 18
5 24 21 1
6 0 1 20
6 1 4 28
6 2 3 1
6 4 19 18
6 5 14 7
6 7 149 1
6 8 132 8
6 9 18 1
6 10 8 18
6 11 75 1
6 12 2 12
6 13 30 1
6 14 3 18
6 16 57 2
6 18 1 9
6 21 1 4
6 25 1 15
6 27 3 21
7 0 327 1
7 1 20 13
7 2 7 2
7 3 32 1
7 4 160 1
7 5 185 1
7 6 59 1
7 8 335 1
7 9 23 2
7 10 104 16
7 11 5 1
7 13 36 1
7 14 3 11
7 15 97 1
7 16 3 27
7 19 12 1
7 20 281 18
7 21 82 18
7 23 1 23
7 24 3 19
7 25 67 1
8 0 155 1
8 1 357 1
8 3 13 1
8 5 46 1
8 6 12 8
8 7 158 1
8 9 152 1
8 10 164 1
8 11 2 2
8 14 9 23
8 16 32 1
8 18 1 10
8 22 83 3
8 24 85 1
8 25 1 26
9 4 2 9
9 5 281 1
9 6 414 1
9 7 318 1
9 8 185 1
9 10 103 1
9 12 6 24
9 14 12 26
9 15 2 9
9 16 14 7
9 18 1 9
9 19 24 4
9 21 80 3
9 22 76 1
10 0 2 15
10 1 226 1
10 2 1 14
10 3 244 14
10 4 7 8
10 5 3 5
10 6 1 19
10 7 2 1
10 8 147 1
10 9 3 21
10 11 182 1
10 13 35 2
10 14 69 6
10 15 3 13
10 16 2 25
10 17 1 17
10 19 1 2
10 20 7 21
10 21 5 4
10 22 30 23
10 24 1 25
10 25 62 1
11 0 2 26
11 1 2 17
11 3 14 1
11 6 88 1
11 7 23 22
11 8 249 1
11 9 187 12
11 10 268 1
11 13 68 2
11 14 1 26
11 15 5 1
11 16 2 2
11 19 44 17
11 24 9 15
11 25 4 2
11 26 2 28
11 27 14 1
12 1 1 7
12 7 1 26
12 9 1 5
12 10 115 1
12 13 187 4
12 14 141 2
12 15 58 13
12 19 5 18
12 20 37 1
13 3 1 29
13 7 13 1
13 8 5 15
13 10 18 25
13 11 219 29
13 12 28 1
13 15 28 1
13 17 57 1
13 18 5 14
13 19 4 1
13 21 4 4
14 6 26 2
14 7 112 1
14 8 143 1
14 9 106 1
14 10 8 16
14 12 1 10
14 15 40 1
14 17 7 14
14 19 2 4
14 25 1 2
15 2 1 8
15 3 1 6
15 4 21 2
15 6 1 11
15 7 36 1
15 9 1 1
15 10 79 1
15 11 5 22
15 14 5 17
15 16 35 17
15 17 1 12
15 18 2 25
15 19 2 7
15 21 1 13
16 0 15 1
16 1 193 1
16 3 39 1
16 5 1 18
16 8 19 1
16 9 13 4
16 12 6 2
16 13 14 2
16 14 8 1
16 17 29 21
16 24 45 1
16 26 23 13
17 0 3 15
17 1 3 25
17 2 1 7
17 6 19 1
17 7 236 3
17 8 317 2
17 9 132 1
17 10 1 2
17 11 177 3
17 12 120 4
17 15 1 27
17 16 73 1
17 19 35 1
17 21 1 29
18 4 1 13
18 6 59 1
18 7 2 24
18 8 183 1
18 10 3 4
18 12 2 13
18 14 56 8
18 16 128 1
19 0 250 1
19 1 212 4
19 6 2 22
19 8 59 1
19 10 2 7
19 11 71 12
19 18 1 13
20 0 2 28
20 2 65 1
20 3 232 1
20 7 2 2
20 8 2 15
20 10 16 1
20 11 64 2
20 17 1 18
20 19 24 28
20 23 75 2
20 24 1 11
21 1 5 11
21 6 9 14
21 11 8 9
21 13 6 1
22 2 3 2
22 4 1 25
22 7 116 1
22 8 10 28
22 11 151 3
22 19 1 29
22 24 2 12
23 1 1 28
23 4 31 5
23 7 24 28
23 8 12 1
23 12 86 5
23 14 1 14
23 22 6 3
24 0 17 1
24 1 36 1
24 3 33 1
24 4 79 6
24 5 19 1
24 7 39 2
24 8 46 1
24 9 107 2
24 10 2 22
24 11 111 15
24 12 21 3
24 16 5 2
24 17 2 20
24 18 1 16
24 27 12 14
25 6 85 1
25 7 3 24
25 8 196 23
25 10 23 1
25 11 7 10
25 14 1 2
25 17 4 5
25 21 9 6
25 23 16 3
25 26 10 7
25 27 1 11
26 2 19 22
26 6 2 21
26 11 1 22
26 17 42 6
26 24 63 1
27 0 1 20
27 2 5 5
27 3 1 2
27 5 1 22
27 10 2 24
27 11 67 1
27 12 2 7
27 15 8 4
27 17 4 13
27 18 39 29
27 24 4 1
27 25 11 3
27 26 12 19
