0 1 12 5
0 2 72 7
0 3 25 5
0 4 9 22
0 5 17 21
0 6 238 1
0 8 27 21
0 10 205 1
0 16 17 15
0 17 2 6
0 18 3 8
0 19 1 4
0 22 1 14
0 24 54 23
1 0 18 4
1 2 107 1
1 3 338 23
1 4 2 24
1 5 45 23
1 6 4 5
1 8 16 22
1 9 1 28
1 10 36 1
1 11 48 18
1 15 1 22
1 16 19 3
1 17 2 2
1 18 2 13
1 24 16 20
1 26 51 13
1 27 66 27
2 0 64 1
2 1 58 12
2 3 19 6
2 5 39 3
2 6 107 1
2 7 1 25
2 8 206 1
2 9 133 1
2 10 8 8
2 11 1 4
2 16 1 22
2 20 6 24
3 0 33 15
3 1 19 27
3 2 2 28
3 5 17 27
3 6 161 1
3 7 113 17
3 8 15 15
3 9 3 9
3 10 2 4
3 11 1 2
3 16 16 19
3 17 161 2
3 18 13 2
3 20 4 29
3 22 9 26
3 24 17 24
3 25 3 6
4 0 313 19
4 1 12 17
4 3 2 8
4 5 11 4
4 7 38 2
4 8 359 1
4 9 3 12
4 10 1 20
4 11 15 1
4 14 108 1
4 15 2 25
4 17 1 18
4 18 18 14
4 23 1 12
5 0 17 7
5 1 17 27
5 2 18 12
5 3 17 2
5 4 4 9
5 6 99 18
5 7 5 1
5 8 31 25
5 9 100 1
5 12 81 1
5 16 60 20
5 17 1 13
5 24 17 22
6 0 12 22
6 1 4 27
6 3 1 1
6 4 22 18
6 5 39 2
6 7 369 1
6 8 29 26
6 10 4 13
6 11 57 2
6 14 1 11
6 16 52 3
6 17 8 4
6 18 45 23
6 25 46 28
7 0 297 1
7 2 17 2
7 3 6 1
7 4 145 1
7 5 43 1
7 6 45 1
7 8 274 1
7 9 15 3
7 10 92 1
7 11 6 17
7 14 4 18
7 15 22 1
7 21 13 1
7 22 85 3
7 24 1 27
7 25 47 1
8 0 17 12
8 1 32 24
8 2 1 18
8 3 18 13
8 4 26 1
8 5 20 3
8 6 18 21
8 7 164 9
8 9 117 1
8 10 18 1
8 11 4 1
8 14 1 13
8 15 92 1
8 16 17 29
8 17 1 13
8 18 1 1
8 20 111 1
8 21 4 18
8 22 77 1
8 24 16 3
8 25 12 12
9 2 1 17
9 3 13 4
9 4 1 22
9 5 213 1
9 6 12 2
9 7 307 2
9 8 112 1
9 10 304 1
9 11 12 23
9 12 3 27
9 13 5 1
9 15 16 18
9 17 65 2
9 22 73 1
10 0 22 28
10 1 204 1
10 2 19 15
10 3 237 1
10 4 3 3
10 5 12 1
10 6 2 23
10 7 143 1
10 8 30 1
10 9 10 11
10 11 233 1
10 12 1 1
10 13 22 1
10 14 1 7
10 15 1 13
10 16 2 8
10 17 1 22
10 19 2 1
10 21 102 4
10 25 50 1
11 1 1 27
11 6 69 1
11 7 203 27
11 8 17 1
11 10 36 1
11 13 55 2
11 14 2 28
11 15 26 22
11 17 5 6
11 18 1 15
11 22 2 5
11 24 131 16
11 25 6 13
12 4 194 2
12 5 87 11
12 7 6 21
12 8 25 1
12 9 7 6
12 10 96 1
12 11 1 22
12 13 189 15
12 14 23 1
12 15 1 13
12 17 15 19
13 7 9 1
13 8 6 24
13 10 1 3
13 15 26 1
13 19 1 19
13 20 56 5
13 24 5 25
14 1 112 1
14 3 55 1
14 4 52 1
14 5 5 3
14 6 158 1
14 7 95 1
14 8 24 1
14 9 92 1
14 10 11 27
14 11 1 12
14 12 1 4
14 15 16 1
14 16 1 8
14 17 8 25
14 18 58 8
14 24 2 24
15 1 129 5
15 2 1 9
15 3 1 12
15 4 18 4
15 6 2 13
15 7 299 1
15 8 2 17
15 9 1 5
15 10 57 1
15 11 24 11
15 13 7 25
15 14 15 1
15 17 41 7
15 18 1 23
15 24 23 19
15 25 26 1
15 26 4 26
16 0 17 22
16 1 16 13
16 2 1 6
16 3 17 12
16 5 58 10
16 6 1 12
16 8 17 3
16 17 354 7
16 18 1 26
16 24 17 5
17 0 1 8
17 1 123 8
17 2 14 17
17 3 1 6
17 6 317 1
17 7 228 3
17 8 20 1
17 9 123 1
17 12 116 3
17 16 47 1
17 18 17 20
17 19 30 2
17 22 49 3
18 2 1 18
18 3 33 13
18 5 14 1
18 6 50 1
18 8 175 1
18 10 6 8
18 16 99 1
18 17 24 2
18 22 1 3
18 24 1 23
18 26 26 11
18 27 1 28
19 0 221 1
19 1 206 1
19 5 1 24
19 6 4 26
19 7 1 26
19 9 1 24
19 11 1 14
19 17 2 19
19 18 3 7
19 20 1 2
19 26 2 10
20 0 1 15
20 1 2 6
20 2 55 1
20 3 218 1
20 7 1 27
20 9 117 2
20 10 13 2
20 11 57 1
20 13 18 7
20 19 16 5
20 27 2 3
21 5 2 14
21 7 1 4
21 8 1 8
21 9 1 19
21 12 102 2
21 17 1 13
21 18 30 19
22 0 40 13
22 1 2 26
22 4 1 7
22 7 111 1
22 10 6 21
22 14 24 2
23 1 10 16
23 2 3 5
23 3 3 1
23 7 129 5
23 9 10 29
23 10 106 1
23 11 3 12
23 18 1 6
23 27 14 29
24 0 17 8
24 1 24 8
24 3 17 26
24 4 77 1
24 5 39 13
24 6 3 19
24 8 27 1
24 10 2 12
24 11 4 29
24 12 19 2
24 14 1 17
24 15 2 1
24 16 37 19
24 22 19 1
25 1 3 12
25 3 25 2
25 6 79 1
25 7 2 22
25 8 1 16
25 11 2 5
25 13 14 14
25 15 22 5
25 17 2 10
25 19 18 13
25 20 4 25
25 22 1 25
25 24 1 6
26 1 66 10
26 2 19 29
26 4 3 13
26 6 1 5
26 7 18 20
26 11 11 11
26 20 65 15
26 25 1 18
26 27 1 25
27 3 2 20
27 5 2 29
27 11 55 1
27 17 11 3
27 21 10 8
27 25 83 5
