0 1 14 22
0 2 4 8
0 3 17 28
0 4 2 1
0 5 42 18
0 6 217 1
0 8 20 14
0 9 4 18
0 10 196 1
0 11 2 17
0 12 3 19
0 14 5 12
0 16 32 22
0 17 1 17
0 19 2 10
0 23 1 15
0 24 19 1
0 27 35 9
1 0 15 24
1 2 47 1
1 3 16 2
1 4 3 1
1 5 30 27
1 6 8 11
1 8 24 10
1 9 4 11
1 10 27 1
1 11 6 10
1 12 198 2
1 14 131 1
1 15 4 5
1 16 19 23
1 17 1 19
1 18 1 12
1 24 52 5
1 27 5 16
2 0 90 1
2 1 92 1
2 3 11 1
2 4 1 6
2 5 34 1
2 6 83 1
2 7 1 15
2 8 129 1
2 9 126 3
2 10 35 10
2 18 1 27
2 20 2 8
2 25 25 9
2 26 1 20
3 0 18 11
3 1 143 19
3 2 13 13
3 5 19 13
3 6 144 1
3 7 135 18
3 8 64 12
3 9 1 8
3 10 66 8
3 12 65 6
3 16 75 24
3 17 153 1
3 18 1 8
3 20 1 29
3 24 19 21
3 26 1 18
4 0 21 1
4 1 16 6
4 5 7 3
4 6 1 14
4 8 331 1
4 9 12 1
4 10 3 9
4 11 12 1
4 12 5 2
4 13 94 6
4 17 5 10
4 18 2 12
4 21 89 1
4 27 1 18
5 0 19 3
5 1 80 18
5 3 19 27
5 4 4 1
5 6 66 24
5 8 72 7
5 9 33 1
5 10 4 23
5 11 28 4
5 12 70 1
5 16 19 19
5 19 1 23
5 22 5 12
5 24 19 18
6 0 3 22
6 1 126 6
6 3 3 23
6 4 267 17
6 5 272 10
6 7 334 1
6 8 441 27
6 8 87 9
6 9 1 13
6 10 8 4
6 11 45 1
6 12 2 20
6 13 21 1
6 15 1 23
6 16 48 3
6 17 4 5
6 18 1 22
6 23 62 2
6 26 31 1
6 27 94 5
7 0 274 1
7 1 68 7
7 2 13 23
7 5 37 1
7 6 391 1
7 8 186 1
7 9 10 2
7 10 300 1
7 11 12 5
7 14 2 18
7 15 81 1
7 18 7 2
7 20 37 2
7 21 1 6
7 23 13 4
7 24 20 12
7 25 34 1
7 26 22 1
8 0 33 6
8 1 82 11
8 2 6 23
8 3 88 6
8 4 15 2
8 5 23 19
8 6 93 25
8 7 172 1
8 9 88 1
8 10 189 1
8 11 20 23
8 16 19 2
8 17 1 26
8 20 103 1
8 21 2 20
8 22 73 3
8 24 45 19
8 25 2 14
9 0 1 26
9 2 6 19
9 3 10 6
9 4 8 17
9 5 97 1
9 7 298 1
9 8 94 1
9 10 17 1
9 14 104 1
9 17 59 2
9 18 9 11
9 19 20 6
9 20 142 1
9 22 71 2
9 24 111 22
9 25 1 6
10 0 8 20
10 1 187 1
10 2 2 24
10 4 2 28
10 5 191 1
10 6 11 1
10 7 129 1
10 8 16 1
10 9 1 11
10 11 183 1
10 14 82 9
10 15 3 24
10 17 2 21
10 21 1 16
10 22 32 7
10 24 2 25
10 25 42 1
10 26 1 2
10 27 89 1
11 1 1 3
11 3 1 1
11 6 55 1
11 7 13 21
11 8 174 1
11 9 2 26
11 10 314 26
11 12 4 2
11 13 46 1
11 14 99 19
11 15 20 24
11 17 4 3
11 19 10 19
11 20 248 2
11 21 27 2
11 23 24 1
11 25 12 22
11 26 23 12
12 1 2 29
12 2 1 9
12 3 59 3
12 4 185 2
12 5 100 1
12 7 1 16
12 8 19 2
12 9 14 10
12 10 81 1
12 13 22 3
12 17 1 18
13 2 22 1
13 10 51 25
13 12 8 1
13 14 2 6
13 27 1 12
14 2 31 4
14 5 4 1
14 6 150 1
14 7 83 1
14 8 117 1
14 9 81 1
14 10 308 1
14 11 3 8
14 12 18 20
14 13 1 14
14 15 5 1
14 21 8 2
15 0 108 20
15 3 4 24
15 7 35 1
15 8 2 4
15 9 6 27
15 10 43 1
15 11 7 15
15 17 1 18
15 18 2 10
15 20 20 3
16 0 37 9
16 1 19 10
16 2 4 22
16 3 72 6
16 5 38 8
16 6 1 12
16 7 2 12
16 8 19 10
16 11 1 17
16 13 13 4
16 14 7 3
16 20 30 1
16 24 45 11
17 1 3 24
17 2 112 6
17 7 222 2
17 9 117 1
17 12 113 4
17 16 31 1
17 18 1 14
17 19 27 1
17 20 21 1
17 21 1 1
17 27 1 11
18 0 152 20
18 1 1 2
18 3 64 11
18 4 4 11
18 7 61 26
18 8 168 1
18 9 182 1
18 10 29 26
18 16 98 1
18 20 4 13
18 24 1 3
18 27 1 5
19 0 197 1
19 1 201 1
19 4 78 4
19 8 49 1
19 9 1 25
19 11 75 8
19 15 13 7
19 18 44 4
19 20 5 12
20 0 4 20
20 1 1 5
20 2 48 1
20 3 207 1
20 7 1 14
20 10 10 1
20 11 51 1
20 17 6 8
20 19 70 9
20 24 7 10
21 0 1 8
21 5 15 29
21 7 1 12
21 8 1 27
21 11 41 21
21 12 98 1
21 14 3 22
21 15 5 22
21 17 1 17
21 20 2 8
21 24 16 19
22 7 106 1
22 10 1 14
22 11 137 1
22 13 2 1
22 23 2 11
22 26 5 7
23 3 8 23
23 4 27 1
23 6 78 1
23 9 1 5
23 11 3 6
23 12 80 2
23 13 13 18
23 14 6 13
23 15 2 29
23 20 26 12
23 24 1 5
24 0 48 14
24 1 31 7
24 3 68 10
24 5 182 26
24 7 20 2
24 8 169 11
24 10 4 5
24 11 4 13
24 14 1 14
24 16 54 7
24 22 17 2
24 23 15 2
25 1 100 6
25 2 25 1
25 6 74 2
25 7 14 2
25 8 1 15
25 11 1 3
25 14 4 16
25 20 87 20
25 26 7 1
25 27 2 25
26 5 30 3
26 7 2 23
26 11 81 23
26 14 2 17
26 24 56 5
26 25 3 20
27 7 1 24
27 19 1 21
27 23 1 24
27 25 7 1
27 26 2 14
