0 1 47 12
0 2 1 21
0 3 229 24
0 4 1 12
0 5 15 26
0 6 210 1
0 7 1 16
0 8 130 18
0 10 193 2
0 12 1 6
0 14 1 14
0 16 73 28
0 17 2 21
0 19 1 22
0 20 18 1
0 24 69 4
1 0 12 9
1 2 31 1
1 3 369 28
1 4 3 11
1 5 61 6
1 6 8 26
1 8 14 19
1 9 1 1
1 10 24 2
1 11 2 28
1 12 196 2
1 13 8 21
1 14 129 6
1 15 1 4
1 16 15 27
1 17 6 25
1 22 15 9
1 23 5 21
1 24 67 24
1 27 1 4
2 0 48 1
2 1 433 1
2 3 2 10
2 4 1 9
2 6 75 1
2 7 2 20
2 8 101 1
2 9 124 2
2 10 2 18
2 12 72 1
2 26 1 5
3 0 163 11
3 1 81 13
3 2 9 4
3 5 62 5
3 6 138 1
3 8 29 18
3 9 1 20
3 11 2 10
3 12 65 5
3 16 37 19
3 17 150 1
3 18 1 20
3 24 16 26
4 0 308 16
4 1 28 26
4 2 3 13
4 5 8 16
4 6 2 3
4 7 29 1
4 8 320 1
4 9 7 6
4 10 4 12
4 13 94 1
4 14 102 3
4 16 1 12
4 18 2 29
4 23 1 3
4 27 1 24
5 0 16 23
5 1 30 18
5 3 48 23
5 4 8 22
5 6 172 1
5 8 60 11
5 9 17 1
5 10 13 20
5 11 7 27
5 12 66 1
5 13 9 2
5 16 34 12
5 17 1 5
5 18 2 26
5 21 31 15
5 24 33 19
6 0 1 16
6 1 170 23
6 2 1 18
6 3 2 26
6 4 4 15
6 5 38 26
6 7 50 1
6 8 139 1
6 9 1 19
6 10 9 19
6 11 41 1
6 12 1 16
6 13 20 3
6 15 2 29
6 17 3 5
6 18 45 10
6 21 1 5
6 27 1 26
7 0 266 1
7 2 4 8
7 4 130 1
7 5 32 1
7 6 378 1
7 8 104 1
7 10 290 1
7 11 20 2
7 13 23 3
7 14 1 5
7 15 73 1
7 16 1 4
7 17 4 1
7 18 7 1
7 21 1 20
7 22 79 3
7 23 1 13
7 24 2 12
8 0 70 24
8 1 16 5
8 2 3 7
8 3 106 7
8 5 19 10
8 6 23 27
8 7 144 1
8 9 78 1
8 10 137 22
8 11 2 20
8 14 8 24
8 15 80 1
8 16 15 16
8 18 6 7
8 19 1 22
8 20 100 2
8 22 71 4
8 24 16 6
8 25 1 13
9 0 1 17
9 3 9 3
9 4 6 13
9 5 204 1
9 6 328 1
9 7 294 2
9 8 108 1
9 10 274 1
9 11 12 22
9 12 415 1
9 17 57 1
9 19 20 2
9 21 76 1
9 25 1 8
10 0 114 5
10 1 181 1
10 2 1 11
10 3 4 1
10 4 1 28
10 5 6 2
10 6 11 1
10 7 395 1
10 8 8 1
10 9 1 15
10 11 166 1
10 13 10 1
10 14 1 22
10 15 19 5
10 17 2 9
10 21 1 7
10 22 3 8
10 23 7 24
10 24 2 15
10 25 39 1
11 0 21 15
11 6 51 1
11 7 118 15
11 8 165 1
11 9 1 7
11 10 165 1
11 12 2 3
11 14 8 22
11 15 6 17
11 18 1 9
11 19 43 25
11 24 6 27
11 25 3 13
11 26 2 6
12 1 1 24
12 4 182 1
12 5 96 1
12 6 1 28
12 7 1 27
12 9 2 10
12 10 76 1
12 11 4 29
12 14 138 3
12 17 1 2
12 22 3 4
12 23 68 6
12 24 5 22
12 26 56 19
13 3 1 10
13 5 33 1
13 8 1 7
13 9 114 3
13 10 4 2
13 12 6 1
13 14 2 14
14 1 106 1
14 6 18 1
14 7 79 1
14 8 110 1
14 9 78 1
14 10 289 1
14 11 2 9
14 13 1 19
14 15 30 1
14 17 1 23
14 26 24 1
15 3 1 13
15 6 6 14
15 7 28 1
15 8 1 28
15 9 2 6
15 10 38 1
15 11 3 13
15 14 24 1
15 16 34 15
15 18 17 14
15 23 1 23
15 25 22 1
16 0 68 24
16 1 119 9
16 2 1 3
16 3 104 29
16 5 100 24
16 8 16 9
16 9 8 8
16 10 2 22
16 12 6 21
16 13 13 1
16 17 48 1
16 19 5 26
16 24 31 5
16 27 1 24
17 0 2 18
17 1 2 21
17 2 113 10
17 4 2 8
17 5 1 3
17 6 304 2
17 7 220 1
17 9 114 1
17 11 164 1
17 14 1 4
17 15 50 21
17 16 26 1
17 20 20 1
17 23 2 22
17 25 13 10
18 0 28 2
18 5 7 1
18 6 40 3
18 7 4 19
18 8 165 3
18 9 181 1
18 10 1 24
18 12 1 26
18 15 1 2
18 16 90 1
18 24 2 11
19 0 188 1
19 1 198 3
19 2 1 15
19 6 21 24
19 7 3 26
19 8 47 3
19 9 1 12
19 14 16 1
19 16 2 7
19 18 44 19
19 20 6 8
20 0 7 9
20 2 46 1
20 3 202 1
20 6 13 4
20 14 83 1
20 17 5 2
20 19 231 5
20 24 1 14
20 27 1 2
21 0 1 22
21 5 1 14
21 7 1 14
21 8 34 6
21 11 19 14
21 24 5 20
22 0 39 3
22 1 2 16
22 10 4 25
22 12 1 27
22 14 22 1
22 21 4 2
23 7 12 4
23 8 6 5
23 10 103 2
23 11 4 6
23 12 79 2
23 14 2 29
23 21 7 15
23 24 1 12
24 0 27 29
24 1 32 6
24 2 2 10
24 3 31 20
24 5 82 6
24 8 16 24
24 10 1 27
24 11 2 27
24 12 17 7
24 16 15 26
24 22 17 1
24 23 14 1
24 27 2 15
25 1 100 13
25 4 3 1
25 6 72 1
25 7 10 11
25 11 44 5
25 15 19 1
25 24 12 27
26 7 7 17
26 8 1 12
26 9 1 8
26 11 1 26
26 18 24 26
26 20 65 16
26 24 55 3
26 25 1 27
26 27 2 26
27 1 2 22
27 11 43 1
27 12 2 23
27 14 1 20
27 16 13 29
27 20 2 24
27 25 6 1
