0 1 365 1
0 2 84 1
0 3 248 1
0 4 303 1
0 5 218 1
0 6 2 27
0 7 159 1
0 8 269 1
0 9 93 2
0 10 10 25
0 11 228 1
0 14 1 12
0 16 267 2
0 17 160 1
0 19 6 14
0 24 282 1
0 26 1 20
0 27 85 1
1 0 134 1
1 2 281 1
1 3 77 1
1 4 4 16
1 5 391 1
1 6 3 14
1 7 414 1
1 8 13 3
1 9 26 2
1 14 1 10
1 16 334 1
1 17 2 9
1 21 1 23
1 24 124 1
2 0 2 25
2 1 5 22
2 3 313 1
2 6 2 15
2 7 1 29
2 8 359 1
2 9 1 14
2 10 235 1
2 11 280 1
2 12 1 2
2 22 4 15
2 24 15 4
2 27 13 1
3 0 200 1
3 1 303 1
3 2 27 2
3 4 216 2
3 5 200 1
3 6 11 28
3 7 423 1
3 8 369 1
3 10 52 1
3 11 39 1
3 13 35 28
3 15 57 4
3 16 253 1
3 17 153 4
3 20 57 1
3 24 241 1
4 0 1 26
4 1 2 2
4 3 167 1
4 5 20 5
4 6 2 7
4 8 13 22
4 9 188 1
4 10 9 1
4 11 199 2
4 12 230 3
4 15 2 6
4 17 1 27
4 18 111 26
4 19 2 28
4 20 2 17
4 24 64 5
4 25 3 15
5 0 166 1
5 1 108 28
5 2 8 5
5 3 270 1
5 4 27 6
5 6 111 15
5 7 3 20
5 8 124 1
5 9 50 29
5 12 4 9
5 14 1 7
5 16 197 1
5 20 61 4
5 21 1 27
5 24 264 1
6 0 287 1
6 1 1 8
6 2 246 18
6 3 289 1
6 4 291 1
6 5 10 1
6 7 31 11
6 8 202 1
6 9 12 3
6 10 1 18
6 11 2 18
6 12 23 2
6 14 50 1
6 15 65 1
6 16 157 5
6 17 336 1
6 22 81 5
6 25 1 8
6 26 75 2
7 0 1 13
7 1 1 8
7 2 334 1
7 3 9 1
7 5 1 25
7 6 1 18
7 8 2 1
7 9 323 1
7 10 2 19
7 11 60 11
7 12 91 1
7 14 135 1
7 15 7 23
7 20 3 28
7 21 1 3
7 24 9 2
7 25 1 20
7 26 121 2
7 27 96 1
8 0 280 1
8 1 280 1
8 2 2 21
8 3 252 1
8 4 1 8
8 5 310 1
8 6 16 21
8 7 167 1
8 9 8 26
8 10 322 9
8 11 269 1
8 12 264 1
8 13 184 1
8 14 303 1
8 15 216 29
8 16 288 1
8 17 185 1
8 18 95 2
8 20 292 1
8 23 57 1
8 24 273 1
8 25 78 1
8 27 1 2
9 1 359 2
9 2 13 3
9 5 69 29
9 6 127 1
9 7 1 14
9 8 5 1
9 10 329 1
9 11 3 5
9 12 118 1
9 15 24 1
9 19 75 1
9 20 2 14
9 22 1 8
9 24 2 26
9 26 1 9
10 1 1 6
10 2 292 1
10 3 1 10
10 4 198 1
10 5 1 27
10 6 158 1
10 7 7 14
10 8 86 1
10 9 431 8
10 11 3 6
10 12 361 2
10 13 1 17
10 14 276 1
10 15 322 1
10 20 1 21
10 21 3 19
10 22 1 11
10 24 63 1
11 0 2 13
11 5 2 13
11 6 1 7
11 8 52 24
11 10 2 21
11 13 2 2
11 14 302 1
11 15 4 16
11 17 122 1
11 18 1 27
11 20 4 24
11 23 2 2
11 24 156 1
11 25 29 21
11 26 2 29
12 4 1 26
12 6 267 1
12 7 33 2
12 8 292 2
12 9 1 4
12 10 4 1
12 11 23 2
12 14 3 29
12 22 6 24
12 23 1 18
13 0 9 5
13 1 71 2
13 6 4 25
13 7 167 1
13 9 4 22
13 10 242 1
13 12 1 20
13 14 10 2
13 25 10 23
14 3 1 19
14 5 40 4
14 6 4 1
14 8 1 19
14 9 1 5
14 10 330 1
14 11 7 24
14 12 40 1
14 20 68 1
15 0 2 28
15 1 2 20
15 3 27 1
15 8 114 1
15 10 1 4
15 11 6 6
15 14 3 5
15 17 1 24
15 20 79 4
15 23 31 15
15 27 32 23
16 0 152 1
16 1 175 1
16 3 65 1
16 5 48 1
16 8 337 1
16 9 83 5
16 12 1 23
16 17 17 1
16 18 2 12
16 20 79 5
16 23 25 1
16 24 235 1
17 1 23 26
17 4 257 1
17 5 43 1
17 6 3 12
17 14 1 1
17 16 1 18
17 18 37 3
17 20 133 3
17 21 1 14
17 23 2 28
18 0 4 7
18 4 77 1
18 5 1 26
18 9 1 28
18 11 1 10
18 16 4 6
19 1 9 16
19 5 5 5
19 7 34 1
19 16 27 1
19 20 1 5
20 0 4 3
20 2 1 14
20 3 1 3
20 5 46 3
20 8 3 10
20 11 235 2
20 15 1 5
20 17 4 1
20 19 42 25
20 21 1 2
20 24 1 25
20 25 30 1
21 8 1 6
21 11 16 9
21 16 8 1
21 23 22 28
22 3 6 4
22 6 39 3
22 9 36 3
22 11 3 24
22 12 3 24
22 16 1 1
22 20 61 2
22 24 4 1
22 25 1 25
23 8 109 1
23 10 1 1
23 11 255 1
23 14 4 1
23 17 75 13
23 18 21 10
23 25 2 16
24 0 238 1
24 1 217 1
24 3 7 8
24 5 236 1
24 8 165 1
24 11 379 1
24 13 1 23
24 14 1 17
24 16 266 1
24 23 1 11
25 7 193 1
25 8 1 29
25 9 1 27
25 11 409 2
25 14 19 1
25 15 23 21
25 19 1 19
25 22 1 2
25 27 60 2
26 4 44 19
26 10 128 2
26 17 25 15
26 18 1 1
26 24 1 16
26 27 1 5
27 6 1 18
27 7 125 1
27 8 50 1
27 9 34 3
27 11 2 25
27 12 14 13
27 22 1 5
27 25 6 1
