0 1 192 1
0 2 46 23
0 3 67 1
0 4 2 15
0 5 225 1
0 6 140 1
0 7 1 29
0 8 110 2
0 9 11 7
0 10 160 2
0 11 6 26
0 13 44 1
0 16 122 1
0 17 11 14
0 18 86 24
0 19 2 3
0 20 1 7
0 23 6 2
0 24 79 1
0 27 29 1
1 0 45 1
1 2 6 6
1 3 34 14
1 4 4 13
1 5 62 1
1 6 135 23
1 7 7 10
1 8 21 1
1 9 1 13
1 11 3 27
1 12 177 1
1 14 117 1
1 15 5 23
1 16 210 1
1 17 19 28
1 18 5 1
1 19 1 21
1 20 35 17
1 22 89 18
1 24 51 1
1 25 3 2
1 27 14 14
2 0 39 1
2 1 295 1
2 3 54 1
2 4 250 1
2 5 15 1
2 6 15 2
2 7 12 10
2 8 12 1
2 10 1 5
2 14 1 7
3 0 134 1
3 1 133 1
3 2 17 29
3 5 49 1
3 6 81 1
3 7 99 1
3 8 44 1
3 9 24 27
3 10 6 23
3 14 25 1
3 16 44 1
3 17 120 1
3 24 31 1
3 25 1 3
3 27 10 1
4 0 262 1
4 1 17 21
4 2 1 16
4 5 3 23
4 6 2 4
4 8 215 1
4 9 1 12
4 10 1 21
4 14 88 1
4 16 1 25
4 17 306 1
4 18 4 22
4 19 57 1
4 26 5 24
5 0 64 1
5 1 248 1
5 3 26 1
5 4 89 6
5 6 34 1
5 7 272 1
5 8 55 1
5 9 6 2
5 10 3 25
5 11 1 12
5 13 3 15
5 16 22 29
5 19 2 19
5 24 44 1
6 0 94 11
6 1 14 4
6 2 1 26
6 3 3 7
6 4 19 16
6 5 341 6
6 7 315 1
6 8 46 16
6 9 4 28
6 10 8 8
6 11 11 1
6 13 10 1
6 14 1 20
6 16 34 2
6 21 1 9
6 23 52 1
6 25 57 29
7 0 182 1
7 1 1 1
7 2 2 18
7 3 7 21
7 4 91 1
7 5 14 1
7 6 309 1
7 8 27 1
7 10 7 1
7 11 148 4
7 12 2 14
7 14 29 23
7 21 2 13
7 22 64 1
7 23 8 6
7 24 135 15
7 25 2 1
7 27 4 1
8 0 273 1
8 1 363 1
8 2 44 29
8 3 123 1
8 5 34 1
8 6 7 22
8 7 155 1
8 9 11 1
8 10 34 1
8 11 171 2
8 13 1 10
8 14 3 23
8 15 50 2
8 16 29 1
8 19 2 20
8 20 72 2
8 23 3 17
8 24 212 1
8 27 136 1
9 4 2 16
9 5 6 1
9 6 259 1
9 7 255 1
9 8 68 1
9 10 148 1
9 11 370 2
9 12 329 21
9 14 97 2
9 18 175 28
9 22 62 1
9 25 23 9
9 27 79 1
10 0 8 14
10 1 124 1
10 2 1 7
10 3 179 1
10 4 52 18
10 5 172 1
10 6 381 1
10 7 33 1
10 8 20 11
10 9 228 1
10 11 38 1
10 12 2 22
10 14 119 1
10 15 2 23
10 16 1 22
10 18 176 1
10 22 1 10
10 23 3 29
10 24 12 11
10 25 16 2
11 1 2 28
11 2 1 25
11 3 1 15
11 5 2 19
11 6 16 2
11 7 2 6
11 8 283 1
11 9 146 20
11 10 198 1
11 14 1 10
11 15 4 25
11 16 1 14
11 19 2 27
11 23 5 2
11 25 6 23
11 26 1 10
12 3 49 1
12 4 149 1
12 5 57 1
12 8 4 1
12 9 2 12
12 10 35 1
12 11 1 29
12 15 1 23
12 17 1 6
12 26 56 29
13 3 7 17
13 4 1 19
13 8 1 2
13 9 101 1
13 10 1 12
13 11 32 1
13 14 5 6
13 15 17 3
14 1 92 1
14 7 41 2
14 8 69 1
14 10 100 1
14 11 3 26
14 12 2 3
14 13 4 19
14 17 1 10
14 25 4 4
15 3 5 7
15 7 244 1
15 10 5 2
15 11 67 1
15 13 3 2
15 14 26 1
15 18 2 2
15 20 13 8
15 23 1 13
16 0 44 1
16 1 27 1
16 2 1 1
16 3 16 1
16 5 69 1
16 6 5 5
16 8 18 3
16 9 4 7
16 10 2 13
16 11 1 11
16 17 11 1
16 18 9 2
16 24 5 16
17 0 121 20
17 1 2 11
17 5 3 14
17 6 275 1
17 7 195 2
17 8 324 1
17 9 92 1
17 11 146 1
17 14 5 22
17 15 1 27
17 18 1 15
18 2 1 19
18 4 251 23
18 5 60 2
18 6 20 3
18 7 1 16
18 8 141 1
18 9 174 2
18 10 82 16
18 16 44 1
18 20 2 15
18 21 14 1
19 0 95 1
19 1 172 3
19 7 1 11
19 10 1 12
19 17 31 10
19 20 23 5
19 22 1 13
20 0 2 14
20 1 2 11
20 3 156 2
20 4 1 13
20 6 5 3
20 7 5 10
20 8 1 24
20 18 1 12
20 19 87 24
20 22 48 6
21 5 5 16
21 6 1 19
21 7 19 21
21 8 2 2
21 9 1 23
21 10 52 1
21 11 1 23
21 12 79 1
21 17 1 12
22 2 1 25
22 6 1 12
22 7 90 1
22 12 17 1
22 14 14 2
22 20 41 2
22 21 2 1
22 23 2 18
22 24 1 12
23 0 1 15
23 2 1 7
23 5 21 13
23 7 1 21
23 10 98 1
23 11 2 20
23 15 2 22
23 17 54 1
23 20 22 1
23 25 16 4
23 26 23 1
24 0 141 1
24 1 31 1
24 2 2 2
24 3 3 15
24 4 68 3
24 5 55 1
24 8 69 1
24 10 1 28
24 11 17 17
24 12 13 2
24 16 14 4
24 17 1 23
24 23 4 2
25 3 14 1
25 7 16 22
25 9 103 2
25 11 35 27
25 17 83 3
25 18 4 25
25 23 1 27
26 5 29 1
26 6 58 1
26 7 4 18
26 8 4 3
26 9 1 7
26 12 56 1
26 16 34 11
26 17 7 7
26 24 44 2
26 27 3 29
27 1 8 10
27 3 1 5
27 5 17 27
27 6 103 2
27 7 1 11
27 11 17 3
27 12 1 7
27 13 18 13
27 15 1 12
27 20 1 12
27 21 9 15
27 25 66 2
