0 1 164 1
0 3 43 1
0 4 1 11
0 5 207 1
0 6 138 1
0 7 3 28
0 8 104 1
0 9 3 23
0 10 159 1
0 12 1 15
0 13 43 7
0 15 1 1
0 16 105 1
0 17 20 27
0 19 2 16
0 20 311 17
0 23 6 14
0 24 61 1
0 26 72 15
1 0 27 1
1 2 4 27
1 3 95 1
1 4 4 1
1 5 47 1
1 6 8 25
1 7 3 17
1 8 3 2
1 9 270 13
1 11 3 5
1 16 191 27
1 17 22 28
1 19 1 3
1 20 1 20
1 24 33 1
1 25 2 9
2 0 37 1
2 1 301 1
2 3 45 1
2 4 250 1
2 5 14 2
2 6 14 1
2 7 2 27
2 8 16 1
2 10 1 6
2 11 1 25
2 12 61 1
2 16 1 18
2 17 5 18
2 19 3 1
2 22 1 21
2 24 2 28
2 25 1 20
3 0 111 1
3 1 149 1
3 2 3 26
3 5 31 1
3 6 79 1
3 7 94 22
3 8 26 1
3 9 2 25
3 10 1 20
3 11 1 25
3 16 26 1
3 18 3 15
3 20 10 6
3 24 36 1
3 25 3 25
3 26 32 24
4 0 260 1
4 1 7 12
4 2 13 4
4 5 69 14
4 6 10 9
4 7 10 1
4 8 211 1
4 14 88 1
4 16 5 14
4 17 305 5
4 18 13 16
4 23 1 10
5 0 47 1
5 1 231 1
5 3 9 1
5 4 110 27
5 6 19 1
5 8 13 1
5 9 14 20
5 10 2 10
5 11 1 12
5 16 47 1
5 21 1 2
5 24 27 1
6 0 1 9
6 1 31 24
6 2 15 13
6 3 1 21
6 4 389 1
6 5 308 1
6 7 310 1
6 8 304 9
6 9 18 3
6 10 6 8
6 12 5 24
6 13 9 4
6 14 2 14
6 16 34 1
6 19 37 13
6 20 1 9
6 25 1 16
7 0 180 1
7 1 434 3
7 2 1 26
7 3 8 11
7 4 90 1
7 5 12 1
7 6 313 1
7 8 45 1
7 10 255 1
7 11 13 15
7 14 2 1
7 22 63 3
7 23 4 19
7 24 36 22
7 25 2 1
7 27 1 2
8 0 257 1
8 1 344 1
8 2 48 1
8 3 110 1
8 5 25 1
8 6 6 9
8 7 144 1
8 9 10 1
8 10 28 1
8 11 172 17
8 14 3 25
8 15 49 2
8 16 21 1
8 18 1 12
8 20 71 1
8 22 56 1
8 23 1 8
8 24 194 1
8 25 29 23
8 27 136 1
9 1 2 13
9 2 2 4
9 4 2 14
9 5 3 1
9 6 250 1
9 7 254 1
9 8 65 8
9 10 137 1
9 11 370 2
9 12 108 1
9 14 96 2
9 15 2 20
9 18 1 16
9 19 14 5
9 20 2 1
9 21 68 1
9 22 61 5
9 24 110 1
9 25 4 14
10 1 122 1
10 2 3 6
10 3 178 1
10 4 1 8
10 5 169 1
10 6 378 1
10 7 30 1
10 8 16 8
10 9 222 2
10 11 36 1
10 14 106 1
10 15 12 9
10 16 1 7
10 17 1 3
10 18 175 5
10 19 119 1
10 25 16 1
10 27 70 2
11 1 2 13
11 2 1 6
11 3 3 27
11 4 1 24
11 6 15 2
11 7 56 21
11 8 280 1
11 9 10 2
11 10 191 1
11 12 187 2
11 13 16 3
11 14 2 10
11 15 352 17
11 16 1 22
11 19 1 28
11 20 232 2
11 22 48 16
11 23 5 1
11 25 24 24
12 0 149 3
12 1 27 23
12 5 56 1
12 6 5 1
12 9 2 9
12 10 34 1
12 11 3 18
12 13 202 2
12 14 126 23
12 15 2 22
12 17 1 26
12 19 45 23
12 23 57 1
13 6 105 2
13 8 73 17
13 10 1 7
13 11 9 13
13 14 1 20
13 16 32 5
13 24 1 24
14 1 91 2
14 2 24 1
14 3 48 2
14 5 38 1
14 6 132 2
14 7 40 1
14 8 67 1
14 9 43 1
14 10 92 1
14 11 2 4
14 12 80 27
14 13 1 1
14 16 1 7
14 18 55 13
14 24 32 7
15 1 122 1
15 4 9 1
15 6 1 21
15 7 241 1
15 10 5 1
15 11 63 1
15 13 3 1
15 14 24 1
15 17 1 17
15 18 2 28
15 24 1 19
16 0 27 1
16 1 9 15
16 2 12 15
16 3 90 1
16 4 1 26
16 5 51 14
16 6 1 20
16 8 16 1
16 10 13 13
16 11 1 12
16 15 1 21
16 17 9 1
16 18 11 18
16 20 23 9
16 24 49 1
17 0 7 20
17 1 1 17
17 2 3 6
17 3 3 22
17 6 274 1
17 7 194 2
17 11 145 3
17 15 1 16
17 18 1 11
17 21 1 26
18 1 5 27
18 4 6 1
18 5 60 1
18 9 174 1
18 10 2 26
18 11 3 14
18 13 2 15
18 14 60 1
18 16 42 1
18 17 6 1
18 20 1 18
18 22 2 23
19 0 92 1
19 6 51 28
19 9 1 29
19 11 2 8
19 17 98 24
19 20 3 2
19 22 2 12
19 24 2 25
19 26 10 21
20 1 1 10
20 2 23 3
20 3 155 1
20 4 2 5
20 7 1 8
20 9 103 2
20 15 1 6
20 19 6 1
21 2 1 23
21 4 67 12
21 8 2 20
21 11 1 1
21 12 78 2
21 14 1 17
21 15 5 3
21 17 1 12
21 18 7 9
21 27 11 2
22 4 1 6
22 9 1 29
22 14 13 2
22 20 41 4
23 1 1 21
23 10 97 2
23 11 4 5
23 12 68 1
23 14 1 1
23 18 2 2
23 21 5 2
23 27 21 19
24 0 123 1
24 1 5 2
24 2 2 21
24 3 35 1
24 5 38 1
24 7 1 6
24 8 52 1
24 10 1 13
24 11 6 27
24 12 13 1
24 15 4 20
24 16 12 1
24 17 43 9
24 23 3 3
25 1 103 2
25 3 13 6
25 7 174 6
25 9 103 2
25 11 15 1
25 22 1 19
25 27 2 24
26 2 3 25
26 5 28 28
26 8 2 2
26 10 51 2
26 17 1 25
26 24 43 4
26 25 14 26
26 27 15 3
27 0 1 26
27 6 103 1
27 8 1 24
27 12 3 4
27 15 2 29
27 16 1 29
27 17 1 2
27 25 66 1
