0 1 80 1
0 3 11 1
0 4 5 25
0 5 185 1
0 6 134 1
0 7 2 18
0 8 82 1
0 10 157 1
0 11 1 7
0 12 59 18
0 16 56 22
0 17 1 21
0 18 81 16
0 19 3 29
0 20 1 6
0 24 38 1
1 0 4 1
1 2 13 28
1 3 64 1
1 4 5 8
1 5 50 1
1 6 4 12
1 7 1 25
1 8 6 1
1 9 2 10
1 11 2 28
1 12 175 3
1 15 1 22
1 16 21 1
1 17 2 10
1 19 2 6
1 20 1 10
1 21 1 8
1 23 1 17
1 24 41 1
2 0 33 1
2 1 278 1
2 3 28 10
2 4 249 14
2 5 14 1
2 7 5 16
2 8 9 1
2 9 96 1
2 10 130 17
2 11 1 26
2 12 60 2
2 15 2 27
2 17 243 2
2 18 5 12
2 20 1 21
2 25 1 14
3 0 79 1
3 1 133 7
3 2 3 21
3 5 15 1
3 6 76 1
3 7 204 1
3 8 4 1
3 9 1 23
3 10 6 2
3 11 2 23
3 12 4 16
3 16 4 1
3 19 3 1
3 20 1 10
3 24 24 1
4 0 256 1
4 1 187 29
4 2 15 28
4 3 1 8
4 5 45 25
4 6 21 29
4 8 205 1
4 9 3 29
4 14 87 1
4 15 6 17
4 18 6 20
4 20 2 16
4 25 89 7
4 27 2 1
5 0 26 1
5 1 210 1
5 2 1 19
5 3 3 20
5 4 91 22
5 6 18 1
5 7 267 2
5 9 5 4
5 10 18 13
5 11 1 5
5 12 29 2
5 14 58 2
5 16 26 1
5 18 7 5
5 19 1 27
5 24 5 1
6 0 2 6
6 1 373 14
6 1 106 6
6 2 1 25
6 3 1 20
6 5 179 23
6 5 444 1
6 7 301 1
6 8 133 1
6 9 13 17
6 10 3 4
6 11 9 1
6 13 9 3
6 20 7 27
6 23 51 1
6 24 2 5
6 25 1 17
7 0 174 1
7 1 433 2
7 2 3 26
7 3 4 1
7 4 87 2
7 5 8 1
7 6 305 1
7 8 36 1
7 10 248 1
7 11 107 10
7 14 7 28
7 15 16 1
7 20 275 1
7 21 1 9
7 22 62 4
7 23 10 23
7 27 1 11
8 0 240 1
8 1 327 1
8 2 5 14
8 3 97 18
8 5 1 16
8 6 5 19
8 7 122 1
8 9 7 2
8 10 17 2
8 11 2 21
8 14 1 9
8 16 5 5
8 17 3 6
8 18 1 26
8 20 69 3
8 22 55 1
8 24 25 1
8 25 1 14
9 1 2 27
9 2 2 23
9 3 2 1
9 4 2 25
9 6 232 1
9 7 251 2
9 8 6 1
9 10 116 1
9 12 102 1
9 14 95 1
9 15 2 16
9 16 5 1
9 18 12 28
9 21 68 2
9 26 68 1
10 0 1 17
10 1 118 1
10 2 1 20
10 3 174 1
10 5 163 1
10 6 369 1
10 7 24 1
10 8 40 2
10 9 212 1
10 11 30 1
10 14 116 1
10 15 1 19
10 16 127 11
10 17 62 3
10 20 41 18
10 23 33 15
10 25 14 4
10 27 69 1
11 3 1 10
11 6 14 1
11 7 261 1
11 8 272 1
11 10 179 1
11 13 15 2
11 14 6 25
11 15 220 22
11 16 10 5
11 19 3 7
11 20 231 1
11 23 3 15
11 25 11 10
12 1 6 8
12 2 1 18
12 3 48 1
12 4 145 1
12 5 53 2
12 9 4 6
12 11 1 8
12 14 20 1
12 17 2 29
12 21 115 1
12 22 124 1
12 23 56 1
12 24 55 1
13 1 2 1
13 3 10 8
13 8 11 26
13 10 46 7
13 14 6 29
13 19 7 20
13 20 51 2
14 0 48 4
14 1 90 4
14 5 37 7
14 6 130 2
14 7 38 1
14 8 64 1
14 10 78 1
14 11 8 6
14 12 1 24
14 13 1 2
14 16 4 16
14 17 2 19
15 0 125 11
15 1 121 4
15 3 1 22
15 4 9 2
15 6 14 10
15 7 235 1
15 8 22 9
15 9 4 13
15 10 3 2
15 11 193 1
15 14 19 1
15 18 12 8
15 23 1 16
16 0 5 1
16 1 52 1
16 2 22 3
16 3 69 1
16 5 3 1
16 6 1 14
16 7 1 16
16 8 12 1
16 10 2 15
16 17 350 1
16 18 4 20
16 24 27 14
17 0 1 7
17 1 9 23
17 3 1 11
17 6 271 1
17 7 193 1
17 8 322 3
17 9 89 2
17 10 267 4
17 12 99 4
17 14 1 17
17 18 3 11
17 20 11 1
17 25 9 1
17 26 22 3
18 0 1 25
18 4 2 10
18 5 58 1
18 6 19 1
18 8 138 2
18 9 173 1
18 12 4 24
18 14 59 16
18 16 55 1
19 0 87 1
19 2 3 3
19 4 60 1
19 8 32 2
19 9 2 19
19 14 15 2
19 17 4 23
19 20 3 25
20 0 2 26
20 1 4 23
20 2 22 1
20 7 1 11
20 8 5 4
20 11 29 4
20 19 73 27
20 21 1 18
20 22 48 1
20 23 72 5
20 24 1 27
21 1 1 11
21 7 1 26
21 12 77 1
21 27 11 1
22 0 34 1
22 7 88 3
22 10 1 28
22 11 109 1
22 12 16 11
22 20 40 5
23 0 1 22
23 11 1 15
23 15 6 10
23 22 1 16
23 25 16 1
24 0 101 1
24 1 6 1
24 3 13 1
24 4 67 1
24 5 21 11
24 6 3 12
24 8 31 1
24 9 96 1
24 11 2 26
24 16 4 1
24 17 3 4
24 21 7 3
24 22 11 5
24 26 1 24
24 27 1 27
25 0 1 4
25 5 36 16
25 6 54 2
25 7 1 2
25 9 102 3
25 11 38 1
25 15 9 2
25 16 1 8
25 26 1 7
26 2 1 9
26 7 1 1
26 10 50 4
26 11 26 11
26 19 2 24
26 23 2 25
26 24 43 1
26 25 3 23
26 27 1 22
27 3 2 17
27 6 4 17
27 7 1 15
27 11 15 3
27 12 3 5
27 20 15 16
