0 1 46 19
0 3 65 26
0 4 2 20
0 5 28 23
0 6 95 1
0 7 1 22
0 8 30 11
0 9 12 5
0 10 136 2
0 11 1 6
0 12 1 27
0 16 19 9
0 17 1 15
0 18 86 10
0 19 1 12
0 23 10 1
0 24 19 10
0 25 119 3
1 0 21 3
1 2 22 26
1 3 102 13
1 4 21 11
1 5 49 6
1 6 3 22
1 7 1 20
1 8 19 10
1 9 10 14
1 12 162 2
1 16 39 19
1 17 8 23
1 19 5 1
1 20 23 23
1 24 32 5
2 0 11 1
2 1 95 1
2 4 15 1
2 7 4 24
2 8 1 22
2 10 1 2
2 11 2 6
2 12 53 1
2 17 237 1
2 20 13 18
3 0 16 20
3 1 171 22
3 2 11 1
3 5 36 22
3 6 47 1
3 7 305 1
3 8 43 7
3 10 71 16
3 11 366 1
3 14 21 1
3 16 67 2
3 17 98 1
3 18 1 25
3 19 1 1
3 24 39 21
4 0 211 1
4 1 5 26
4 2 8 17
4 3 2 24
4 5 6 24
4 6 11 18
4 8 144 1
4 9 301 2
4 12 1 2
4 14 77 3
4 16 5 16
4 17 9 1
4 18 15 4
4 19 46 1
4 27 1 12
5 0 39 9
5 1 66 9
5 2 54 1
5 3 32 7
5 4 3 16
5 6 15 12
5 7 236 1
5 8 24 27
5 9 67 6
5 10 30 8
5 16 31 26
5 17 2 11
5 18 1 16
5 22 2 27
5 24 59 26
6 0 1 13
6 1 4 20
6 2 2 26
6 3 1 20
6 4 14 1
6 5 69 1
6 7 216 1
6 8 115 1
6 9 4 22
6 10 131 13
6 11 1 1
6 12 25 28
6 13 4 2
6 14 1 10
6 15 20 7
6 19 34 25
6 26 21 8
7 0 127 1
7 1 424 1
7 2 3 17
7 3 4 26
7 4 66 1
7 5 149 1
7 6 219 1
7 10 190 1
7 11 10 11
7 13 4 4
7 15 1 3
7 16 12 10
7 20 279 1
7 23 6 12
7 24 5 5
8 0 20 12
8 1 17 19
8 2 13 22
8 3 84 14
8 4 6 19
8 5 23 26
8 6 74 20
8 6 380 1
8 7 39 1
8 10 4 14
8 11 3 3
8 12 2 23
8 14 5 18
8 15 32 1
8 16 30 14
8 17 2 26
8 23 1 24
8 24 19 21
8 25 3 21
9 4 115 11
9 5 25 20
9 6 95 1
9 7 224 1
9 8 26 1
9 10 67 1
9 11 363 1
9 12 284 1
9 25 6 6
9 26 66 3
9 27 77 1
10 0 36 26
10 2 2 2
10 3 143 1
10 4 1 4
10 5 144 1
10 6 310 1
10 7 374 1
10 8 9 12
10 9 210 1
10 12 1 2
10 13 1 14
10 14 307 1
10 15 5 29
10 17 1 26
10 18 166 1
10 19 117 3
10 23 1 7
10 24 6 20
10 25 5 1
11 0 4 1
11 2 1 4
11 3 1 2
11 7 254 2
11 8 73 1
11 9 2 24
11 10 130 1
11 12 172 2
11 14 1 13
11 15 13 9
11 20 220 3
11 23 61 1
11 24 357 1
11 25 6 28
11 26 154 14
12 0 142 5
12 1 34 15
12 4 124 2
12 5 33 1
12 6 1 21
12 7 1 21
12 9 2 4
12 10 14 2
12 11 2 20
12 13 185 1
12 14 7 2
12 21 105 1
12 24 2 29
12 25 17 4
13 2 18 2
13 3 15 19
13 9 90 1
13 10 1 12
13 19 7 23
14 0 43 2
14 5 32 2
14 8 36 1
14 9 24 1
14 10 31 1
14 11 25 4
14 15 1 18
14 20 11 3
14 22 1 16
14 25 41 1
14 27 4 24
15 0 123 13
15 1 116 7
15 7 176 1
15 8 9 28
15 11 158 6
15 20 10 1
15 23 7 7
15 25 7 1
16 0 137 6
16 1 38 3
16 2 12 10
16 3 20 18
16 5 18 8
16 6 35 20
16 8 19 5
16 10 1 13
16 17 330 4
16 18 2 28
16 19 1 20
16 24 96 1
16 25 17 7
16 26 8 13
16 27 34 15
17 0 1 6
17 3 2 16
17 4 6 25
17 5 17 5
17 6 242 1
17 7 176 1
17 8 309 1
17 9 76 1
17 10 263 6
17 11 132 2
17 12 92 1
17 14 95 16
17 16 2 27
17 18 1 27
17 24 1 11
17 25 7 1
17 27 9 6
18 1 75 15
18 2 41 11
18 3 64 10
18 4 239 1
18 5 46 2
18 6 10 1
18 7 2 3
18 8 122 2
18 10 2 12
18 11 138 3
18 16 25 1
18 20 1 9
18 24 9 14
19 0 42 1
19 1 150 2
19 2 1 9
19 4 50 3
19 6 6 5
19 7 26 19
19 8 25 1
19 9 3 19
19 13 1 3
19 20 22 3
20 1 7 10
20 2 12 3
20 3 122 1
20 9 96 1
20 10 1 1
20 11 20 3
20 14 80 1
20 15 2 11
20 17 2 26
20 19 5 1
21 10 45 6
21 12 66 1
21 18 1 25
22 3 1 21
22 8 24 8
22 9 2 11
22 11 94 2
22 18 4 16
22 20 38 3
22 23 9 21
22 24 1 27
23 3 1 8
23 6 61 3
23 10 85 7
23 11 1 21
23 14 1 3
23 20 19 3
24 0 35 23
24 1 31 10
24 3 98 9
24 5 57 8
24 8 28 18
24 11 1 20
24 16 102 12
24 17 1 4
25 0 107 13
25 1 26 21
25 7 60 20
25 11 14 1
25 14 1 21
25 22 1 8
25 23 1 19
26 1 58 1
26 7 109 13
26 9 1 3
26 15 29 1
26 16 34 5
26 17 2 2
26 18 1 19
26 24 35 3
26 25 11 24
26 27 49 9
27 1 1 13
27 2 1 18
27 5 4 27
27 7 1 13
27 11 6 1
27 12 1 6
27 16 14 10
27 17 12 16
27 19 18 4
27 25 48 2
