0 1 12 8
0 2 33 1
0 3 7 6
0 4 32 19
0 5 382 1
0 6 64 1
0 7 14 21
0 8 3 19
0 9 3 17
0 10 118 1
0 11 1 28
0 12 1 28
0 16 131 12
0 17 2 26
0 19 2 29
0 23 10 25
0 24 47 3
0 25 117 1
1 0 61 1
1 2 12 27
1 3 94 1
1 4 4 8
1 5 9 15
1 6 3 5
1 7 1 15
1 8 48 1
1 9 5 8
1 15 6 22
1 17 8 22
1 18 258 1
1 19 11 9
1 20 1 18
1 23 1 27
1 24 257 9
2 0 7 2
2 1 7 1
2 3 5 1
2 4 6 1
2 7 4 18
2 8 2 13
2 9 66 1
2 10 1 22
2 12 47 5
2 17 222 1
3 0 244 1
3 1 225 13
3 2 38 1
3 4 7 10
3 5 203 1
3 7 79 1
3 8 73 16
3 10 1 19
3 11 353 1
3 16 29 1
3 17 81 1
3 20 1 18
3 24 171 1
3 27 5 19
4 0 172 1
4 1 13 27
4 2 10 13
4 3 57 28
4 6 3 11
4 8 96 1
4 9 296 1
4 10 1 3
4 14 69 2
4 16 1 14
4 17 5 2
4 18 9 4
4 20 1 1
5 0 54 2
5 1 21 4
5 2 15 1
5 3 371 1
5 4 1 16
5 6 93 16
5 7 205 1
5 8 336 3
5 9 5 21
5 10 2 19
5 12 5 3
5 14 50 2
5 15 25 7
5 16 133 1
5 17 7 7
5 19 2 21
5 24 5 1
6 0 12 3
6 1 390 1
6 2 2 5
6 3 1 20
6 4 196 1
6 5 21 1
6 7 146 1
6 8 2 9
6 9 183 12
6 10 6 6
6 14 1 4
6 15 1 12
6 16 21 1
6 17 2 18
6 20 15 20
7 0 88 1
7 1 7 1
7 3 4 2
7 4 49 2
7 5 30 1
7 6 150 1
7 8 3 18
7 9 1 18
7 10 138 1
7 11 3 22
7 13 1 5
7 15 1 20
7 20 263 2
7 25 1 2
7 27 4 17
8 0 26 5
8 1 149 3
8 2 18 12
8 3 113 1
8 4 1 23
8 5 64 14
8 6 253 1
8 7 97 1
8 9 2 18
8 10 9 28
8 11 1 2
8 13 1 4
8 14 2 19
8 16 36 1
8 17 3 13
8 19 3 9
8 20 41 2
8 21 3 23
8 23 3 17
8 24 19 28
8 27 123 1
9 0 39 17
9 1 1 27
9 2 18 11
9 4 12 29
9 5 7 4
9 6 104 1
9 8 4 1
9 10 11 1
9 11 352 2
9 12 258 1
9 14 81 1
9 17 19 3
9 22 50 2
10 0 154 6
10 1 61 2
10 2 40 29
10 3 115 2
10 4 1 2
10 5 128 1
10 6 369 1
10 7 316 1
10 8 9 19
10 9 111 1
10 11 2 4
10 12 6 20
10 13 11 2
10 14 29 1
10 15 4 15
10 17 1 7
10 18 159 1
10 22 187 10
10 24 17 5
11 0 305 1
11 1 3 25
11 2 13 14
11 3 1 22
11 4 2 13
11 7 180 13
11 8 37 1
11 10 65 1
11 14 1 9
11 15 364 1
11 19 79 18
11 21 12 6
11 23 52 1
11 24 344 1
11 25 24 6
11 26 1 10
12 0 136 4
12 3 37 1
12 4 106 1
12 6 1 2
12 9 6 14
12 10 4 3
12 11 1 3
12 13 190 2
12 15 1 28
12 17 2 1
12 19 50 7
12 20 19 5
13 3 13 17
13 4 1 13
13 5 28 2
13 6 85 1
13 7 1 9
13 9 81 1
13 10 2 7
13 11 25 2
14 0 38 1
14 1 72 3
14 2 15 3
14 4 19 1
14 6 92 2
14 7 10 1
14 8 17 1
14 9 13 1
14 10 40 1
14 11 2 22
14 12 15 14
14 13 16 28
14 15 3 19
14 17 5 11
14 25 39 1
15 3 1 16
15 6 1 27
15 7 125 1
15 8 1 23
15 10 1 21
15 11 194 26
15 12 7 28
15 17 10 2
15 18 19 12
15 20 7 13
15 23 7 12
15 24 49 21
16 0 104 1
16 1 127 29
16 3 165 1
16 4 7 27
16 5 108 1
16 7 1 21
16 8 110 15
16 11 5 4
16 12 1 24
16 17 292 1
16 18 44 5
16 19 6 2
16 22 5 2
16 24 394 1
16 25 16 1
17 1 6 1
17 4 1 22
17 5 1 27
17 6 214 1
17 7 161 1
17 8 294 1
17 10 259 1
17 11 122 1
17 12 85 3
17 15 4 9
17 16 4 17
17 22 40 1
17 24 2 23
18 4 214 1
18 5 36 1
18 8 108 1
18 11 134 1
18 12 1 7
18 13 1 24
18 14 58 6
18 16 10 1
18 21 11 18
19 4 42 4
19 9 22 25
19 10 10 29
19 17 1 12
19 20 4 14
19 22 2 28
19 24 1 25
19 26 11 1
20 0 2 9
20 3 95 2
20 8 198 8
20 9 89 3
20 11 14 1
20 15 57 26
20 17 15 18
20 19 38 29
20 24 8 6
20 25 2 26
21 11 69 11
21 24 17 26
22 4 2 21
22 5 1 19
22 11 81 2
22 12 117 13
23 2 14 15
23 5 19 1
23 10 77 3
23 11 2 25
23 18 36 13
23 22 3 18
23 24 18 1
23 26 20 2
24 0 78 1
24 1 233 1
24 3 164 1
24 4 59 1
24 5 300 1
24 6 1 22
24 8 82 1
24 10 1 5
24 11 1 16
24 14 4 3
24 15 4 24
24 16 21 8
24 17 8 9
24 26 4 24
24 27 46 4
25 0 1 2
25 2 14 6
25 7 2 2
25 8 16 10
25 11 1 17
25 15 2 3
25 16 1 13
25 24 9 6
26 2 20 1
26 7 1 1
26 16 34 4
27 7 2 16
27 10 65 3
27 11 1 2
27 18 35 18
27 25 34 1
27 26 39 9
