0 1 6 8
0 2 216 1
0 3 3 19
0 4 1 25
0 5 3 18
0 7 1 13
0 8 3 22
0 9 51 7
0 10 94 1
0 11 2 10
0 16 3 18
0 17 1 21
0 18 87 3
0 20 50 2
0 22 72 1
0 23 10 18
0 24 3 7
1 0 38 16
1 2 9 21
1 3 3 18
1 4 2 3
1 5 5 5
1 6 87 1
1 7 1 21
1 8 5 7
1 10 2 7
1 11 1 11
1 13 1 1
1 14 89 1
1 16 3 18
1 17 26 24
1 18 243 3
1 19 10 12
1 20 57 1
1 21 66 21
1 24 3 9
1 25 1 1
1 26 36 3
2 1 5 10
2 3 5 13
2 4 196 2
2 6 4 1
2 7 90 25
2 8 30 3
2 9 47 1
2 10 18 12
2 11 1 10
2 12 39 5
2 16 84 21
2 17 198 2
2 18 1 27
2 20 93 19
3 0 1 7
3 1 2 12
3 2 83 1
3 4 23 21
3 5 3 23
3 6 7 1
3 7 160 1
3 8 5 1
3 9 1 28
3 11 1 1
3 13 6 3
3 15 1 13
3 16 3 2
3 21 6 20
3 22 19 9
3 24 3 12
3 25 5 20
3 27 3 15
4 0 121 1
4 1 60 1
4 2 1 5
4 3 2 8
4 5 15 1
4 6 196 19
4 8 44 1
4 9 294 1
4 10 2 11
4 13 70 2
4 15 5 1
4 16 11 15
4 17 31 1
4 18 1 5
4 23 4 2
4 27 1 19
5 0 40 23
5 1 2 1
5 3 3 9
5 4 79 1
5 6 1 4
5 7 161 1
5 8 6 29
5 9 1 1
5 10 2 4
5 11 2 18
5 15 1 4
5 16 3 9
5 18 1 13
5 21 30 19
5 23 14 1
5 24 3 4
6 0 6 27
6 1 333 1
6 2 11 13
6 3 12 21
6 4 83 1
6 5 78 3
6 7 69 1
6 8 81 15
6 9 8 6
6 10 9 13
6 12 10 7
6 15 2 9
6 17 3 22
6 19 96 1
6 20 2 14
6 23 33 1
6 25 1 29
6 27 8 2
7 0 45 1
7 1 389 1
7 2 69 10
7 3 54 29
7 4 29 3
7 5 116 1
7 6 71 1
7 8 4 29
7 9 2 5
7 10 77 1
7 11 335 1
7 12 1 13
7 14 2 5
7 15 2 3
7 16 2 22
7 17 196 1
7 20 239 1
7 23 1 24
7 25 1 20
7 27 2 10
8 0 3 28
8 1 2 8
8 2 114 13
8 3 4 20
8 4 9 11
8 5 279 1
8 6 66 1
8 7 7 1
8 9 1 23
8 10 9 15
8 13 2 2
8 14 1 25
8 16 4 6
8 18 1 28
8 21 2 12
8 22 29 1
8 24 3 29
8 25 2 13
9 1 2 13
9 2 119 28
9 4 87 15
9 5 106 7
9 6 30 1
9 7 163 1
9 8 1 22
9 10 3 27
9 11 324 1
9 12 8 1
9 13 1 12
9 15 66 29
9 25 1 25
10 0 1 4
10 1 33 2
10 3 80 2
10 4 79 26
10 5 79 1
10 6 299 1
10 7 237 1
10 8 208 7
10 9 14 1
10 11 2 18
10 12 2 17
10 13 7 11
10 14 149 1
10 15 1 3
10 17 7 8
10 23 1 26
10 24 1 15
10 27 40 2
11 0 288 1
11 1 1 15
11 2 6 6
11 3 1 8
11 4 15 9
11 7 116 29
11 8 167 1
11 9 1 4
11 10 12 1
11 12 142 2
11 15 31 1
11 20 194 1
11 23 40 1
11 24 284 1
11 25 136 9
11 26 4 12
11 27 3 7
12 1 1 8
12 3 30 4
12 6 1 2
12 7 1 14
12 9 159 29
12 11 1 7
12 13 150 1
12 14 91 1
12 19 51 29
12 22 91 2
12 24 2 15
13 4 3 18
13 6 72 1
13 8 1 22
13 9 69 1
13 10 5 20
13 11 199 1
13 12 1 4
13 15 3 2
13 17 37 1
14 0 31 2
14 4 12 3
14 5 21 1
14 6 68 2
14 7 1 2
14 8 2 2
14 9 2 2
14 11 63 7
14 12 2 26
14 15 3 15
14 16 1 17
15 6 1 3
15 7 65 1
15 9 3 20
15 11 35 1
15 14 2 6
15 16 28 17
15 17 1 9
15 26 1 21
15 27 10 2
16 0 18 25
16 1 3 10
16 2 52 24
16 3 4 13
16 4 1 5
16 5 3 7
16 8 3 6
16 10 7 13
16 11 29 11
16 15 2 11
16 17 223 1
16 18 2 6
16 24 3 28
17 0 363 10
17 1 89 1
17 3 3 17
17 4 3 10
17 5 1 17
17 6 175 1
17 7 141 1
17 9 49 1
17 10 250 4
17 12 76 2
17 16 7 26
17 18 1 18
17 21 60 29
17 23 1 4
18 4 184 27
18 8 89 3
18 10 1 26
18 11 128 6
19 1 105 2
19 6 61 10
19 9 43 17
19 10 12 24
19 12 3 2
19 20 244 1
19 26 11 22
20 0 163 1
20 1 1 8
20 3 63 1
20 8 52 11
20 11 6 6
20 12 1 9
20 19 146 1
21 0 15 15
21 4 57 9
21 10 35 4
21 12 43 2
21 20 4 13
22 1 1 5
22 4 1 3
22 6 2 18
22 7 58 3
22 12 5 1
22 23 4 16
22 25 11 9
23 2 3 2
23 4 13 2
23 6 49 5
23 7 6 1
23 11 1 10
23 13 4 2
23 14 1 26
23 21 1 7
24 0 3 23
24 1 4 25
24 2 1 16
24 3 3 3
24 5 3 11
24 8 3 19
24 10 1 20
24 16 4 11
24 18 45 2
24 23 1 11
25 2 11 3
25 3 2 12
25 4 101 21
25 6 27 1
25 8 193 2
25 10 3 3
25 11 99 1
25 17 83 11
25 20 96 1
25 24 35 11
26 8 1 22
26 22 10 2
26 23 2 1
26 24 20 4
26 25 2 15
26 27 1 15
27 5 17 23
27 6 95 5
27 10 157 1
27 13 16 15
27 16 17 3
27 26 96 1
