0 1 102 27
0 2 203 1
0 3 47 26
0 4 1 4
0 5 20 26
0 6 19 1
0 7 25 13
0 8 20 29
0 10 84 1
0 11 36 9
0 12 16 10
0 16 30 19
0 17 1 11
0 20 46 1
0 24 20 2
0 27 15 3
1 0 26 9
1 2 67 14
1 3 54 8
1 4 1 3
1 5 64 28
1 6 326 7
1 7 3 15
1 8 39 26
1 9 4 21
1 10 5 5
1 11 272 7
1 13 11 4
1 14 83 2
1 15 29 8
1 16 19 21
1 17 6 23
1 18 235 1
1 19 2 14
1 20 68 18
1 21 66 3
1 23 2 13
1 24 34 10
1 25 121 9
2 1 5 16
2 3 4 20
2 4 177 1
2 6 7 19
2 7 8 28
2 8 9 25
2 9 39 1
2 11 1 15
2 12 36 2
2 15 1 16
2 16 84 21
2 17 185 1
2 21 1 11
2 23 12 7
3 0 24 29
3 1 19 22
3 2 16 1
3 4 24 21
3 5 20 16
3 6 2 1
3 7 104 1
3 8 22 8
3 9 127 19
3 11 323 1
3 15 1 19
3 16 20 9
3 17 51 1
3 20 60 14
3 22 19 12
3 24 20 26
4 0 99 1
4 1 177 1
4 2 2 21
4 3 8 26
4 5 57 1
4 6 58 18
4 7 1 23
4 8 26 1
4 9 265 1
4 12 5 21
4 16 217 21
4 17 284 1
4 18 1 16
4 20 199 1
5 0 21 21
5 1 18 29
5 2 30 11
5 3 20 13
5 4 42 1
5 6 416 8
5 8 22 4
5 9 31 1
5 10 3 12
5 16 46 19
5 18 1 17
5 23 13 2
5 24 20 16
6 0 228 13
6 1 284 1
6 2 2 4
6 3 19 1
6 4 300 1
6 5 20 22
6 7 41 1
6 8 24 4
6 9 219 9
6 10 3 11
6 11 1 3
6 15 1 27
6 17 1 27
6 18 23 3
6 19 27 2
6 20 1 4
6 23 31 1
7 1 369 1
7 3 151 19
7 5 97 1
7 6 43 1
7 8 28 23
7 10 54 1
7 11 217 1
7 12 4 6
7 14 22 12
7 15 2 22
7 16 2 14
7 17 187 1
7 20 227 1
7 22 31 1
7 25 3 27
7 27 1 16
8 0 21 21
8 1 18 23
8 2 3 1
8 3 29 9
8 4 5 12
8 5 37 18
8 6 12 1
8 9 1 14
8 10 88 15
8 12 1 11
8 14 3 25
8 15 5 1
8 16 20 29
8 18 1 1
8 19 4 3
8 20 21 1
8 22 25 1
8 23 1 3
8 24 19 5
8 25 3 2
9 0 137 26
9 1 1 28
9 3 1 18
9 4 18 25
9 5 155 18
9 6 4 1
9 7 147 1
9 8 1 24
9 10 6 6
9 11 308 1
9 12 153 1
9 15 1 29
9 21 50 2
9 22 41 1
9 25 1 22
9 26 61 1
10 0 15 14
10 2 46 8
10 3 65 2
10 4 52 15
10 5 55 1
10 6 233 1
10 7 201 1
10 8 5 7
10 9 153 1
10 11 2 9
10 12 1 28
10 13 14 13
10 14 88 1
10 15 50 29
10 16 1 12
10 17 1 7
10 19 110 4
10 22 187 22
10 23 5 28
10 25 1 13
11 0 16 1
11 1 1 8
11 2 1 15
11 3 1 9
11 7 151 1
11 8 130 1
11 12 134 1
11 14 176 1
11 15 109 1
11 17 1 23
11 18 1 25
11 20 186 1
11 22 194 2
11 23 175 1
11 24 10 28
11 25 286 29
11 27 2 26
12 1 1 13
12 2 1 19
12 3 27 6
12 4 71 2
12 5 1 6
12 6 2 9
12 7 4 29
12 8 3 12
12 9 1 16
12 13 129 1
12 14 81 1
12 21 77 3
12 22 84 3
12 25 16 18
12 26 57 14
13 0 8 12
13 3 17 5
13 5 24 2
13 8 4 6
13 9 63 1
13 11 197 14
13 12 7 24
13 14 4 1
13 15 2 3
14 1 56 1
14 2 9 5
14 6 58 1
14 10 1 3
14 11 1 15
14 12 1 17
14 15 2 21
14 16 1 16
14 22 1 28
14 23 15 26
14 24 19 2
14 25 32 3
15 3 4 1
15 6 4 25
15 7 42 1
15 8 1 29
15 9 36 5
15 10 1 6
15 11 83 1
15 13 3 13
15 14 1 27
15 18 19 16
15 23 13 4
15 26 12 22
16 0 20 18
16 1 91 8
16 2 7 7
16 3 53 18
16 5 43 21
16 8 20 13
16 11 1 13
16 17 187 1
16 18 1 16
16 24 75 12
17 0 359 6
17 1 43 1
17 2 32 2
17 3 1 8
17 4 1 15
17 5 1 16
17 6 157 1
17 7 131 1
17 8 259 1
17 9 43 1
17 11 100 1
17 16 8 11
17 18 6 10
17 23 4 5
18 4 56 1
18 9 133 1
18 10 1 11
18 11 125 3
18 24 10 25
19 0 1 2
19 1 93 2
19 4 28 1
19 15 9 29
19 20 344 1
19 23 6 2
19 26 1 1
20 0 19 2
20 3 49 1
20 13 6 5
20 17 1 3
20 19 81 1
20 24 8 29
21 1 80 24
22 0 23 13
22 6 2 12
22 7 53 1
22 9 3 24
22 10 2 4
22 13 1 28
22 16 1 8
22 23 8 5
23 2 15 5
23 8 1 17
23 9 82 17
23 10 63 1
23 11 7 13
23 13 4 1
23 22 1 14
23 24 22 19
23 26 17 4
24 0 39 5
24 1 30 14
24 2 9 22
24 3 28 10
24 5 50 8
24 6 12 14
24 7 2 23
24 8 20 8
24 10 1 15
24 11 70 1
24 14 45 2
24 15 5 2
24 16 56 16
24 17 1 27
24 26 1 29
25 2 9 6
25 4 109 2
25 5 29 1
25 6 23 1
25 7 5 6
25 8 186 1
25 9 79 1
25 11 86 1
26 3 31 19
26 10 30 2
26 12 51 2
27 3 50 10
27 7 1 11
27 9 1 12
27 14 1 18
