0 1 48 1
0 2 196 1
0 3 71 28
0 4 2 6
0 5 22 2
0 6 16 1
0 7 4 6
0 8 29 3
0 10 81 1
0 11 21 6
0 16 21 4
0 17 10 12
0 20 43 1
0 21 28 3
0 24 61 16
0 25 108 4
0 26 68 12
1 0 25 1
1 2 433 13
1 3 38 7
1 4 111 28
1 5 228 1
1 6 134 1
1 7 1 11
1 8 70 16
1 9 12 4
1 10 5 15
1 12 123 1
1 13 10 7
1 16 55 26
1 17 2 23
1 18 233 1
1 19 2 10
1 20 2 18
1 24 34 17
2 1 9 2
2 3 22 24
2 4 173 1
2 6 6 24
2 7 1 20
2 8 5 29
2 17 182 1
2 25 12 7
3 0 44 15
3 1 36 10
3 2 7 1
3 4 18 28
3 5 68 1
3 7 90 1
3 8 22 13
3 10 44 16
3 11 318 1
3 13 5 4
3 14 10 4
3 16 21 19
3 17 48 2
3 20 98 10
3 24 21 12
3 25 20 24
3 27 3 1
4 0 93 1
4 1 165 1
4 2 1 24
4 3 1 24
4 5 43 1
4 6 2 25
4 9 167 1
4 11 1 18
4 12 1 9
4 13 67 1
4 14 52 2
5 0 70 18
5 1 48 7
5 3 20 27
5 4 27 1
5 6 240 1
5 7 136 1
5 8 22 15
5 9 199 1
5 10 53 23
5 16 25 23
5 18 1 21
5 23 13 1
5 24 20 28
6 0 5 9
6 1 76 1
6 2 1 4
6 3 1 12
6 4 285 1
6 5 73 10
6 7 36 1
6 8 124 21
6 9 3 23
6 10 391 12
6 11 1 27
6 12 28 7
6 14 2 25
6 16 10 5
6 17 15 26
6 19 26 10
6 24 1 7
6 26 14 1
7 0 26 2
7 1 364 1
7 2 195 1
7 3 3 21
7 5 93 1
7 6 37 1
7 8 9 18
7 9 9 21
7 10 49 1
7 11 359 1
7 14 1 7
7 15 5 1
7 16 39 13
7 17 185 2
7 19 2 21
7 20 224 2
7 22 30 1
7 24 10 1
7 25 1 9
8 0 208 2
8 1 18 27
8 2 221 1
8 3 28 24
8 4 31 29
8 5 345 12
8 7 1 3
8 9 2 27
8 10 9 7
8 11 19 22
8 12 1 3
8 14 126 10
8 15 4 5
8 16 20 11
8 17 4 11
8 18 2 23
8 19 1 6
8 20 19 2
8 21 4 28
8 22 24 1
8 23 1 17
8 24 47 10
8 25 7 9
9 1 2 1
9 2 23 20
9 4 6 10
9 5 53 6
9 6 1 1
9 7 143 1
9 8 1 20
9 10 9 23
9 11 304 1
9 12 146 1
9 14 59 1
9 20 148 1
9 21 49 3
9 27 68 8
10 0 1 1
10 1 20 2
10 3 62 1
10 4 81 28
10 5 49 1
10 6 218 1
10 7 193 1
10 8 29 8
10 9 133 1
10 11 3 11
10 12 11 28
10 13 7 14
10 14 75 1
10 15 1 26
10 20 37 27
10 22 1 18
10 23 1 7
10 24 1 25
10 26 1 28
10 27 35 1
11 0 13 10
11 1 1 28
11 3 1 15
11 4 1 12
11 5 215 20
11 6 1 28
11 7 98 1
11 8 122 1
11 9 26 3
11 12 132 1
11 13 2 8
11 15 317 1
11 19 2 27
11 20 184 1
11 22 193 2
11 23 171 1
11 24 272 1
11 25 14 1
11 26 1 20
11 27 6 16
12 0 123 1
12 1 1 26
12 4 69 1
12 6 1 8
12 9 1 23
12 11 58 9
12 13 124 1
12 14 78 1
12 20 14 4
12 21 76 2
12 22 83 1
13 3 17 2
13 4 6 23
13 6 64 2
13 7 2 23
13 8 116 21
13 9 61 3
13 10 2 23
13 11 5 1
13 12 23 27
13 14 73 1
13 15 2 1
13 17 35 2
13 25 1 12
14 1 54 2
14 2 9 1
14 6 55 2
14 10 2 25
14 11 87 22
14 12 59 10
14 13 26 2
14 17 6 27
14 22 1 4
14 25 31 1
14 27 2 18
15 1 100 1
15 3 3 11
15 6 1 13
15 7 37 1
15 8 1 5
15 9 36 18
15 10 3 2
15 11 67 1
15 14 1 15
15 17 1 5
15 26 1 1
16 0 21 17
16 1 38 15
16 3 21 26
16 5 21 7
16 8 34 13
16 17 179 1
16 18 1 23
16 21 1 14
16 24 48 20
17 1 78 14
17 2 31 1
17 3 23 25
17 4 8 7
17 5 1 5
17 6 153 1
17 7 129 1
17 9 41 3
17 10 245 1
17 11 99 1
17 16 10 5
17 19 2 1
17 23 8 18
18 1 79 17
18 2 6 5
18 4 46 15
18 8 79 1
18 10 10 3
18 22 1 28
18 24 1 4
19 0 1 28
19 1 90 1
19 4 27 1
19 6 1 26
19 7 6 3
19 8 8 3
19 10 1 25
19 11 146 2
19 18 2 8
19 20 336 3
20 0 17 1
20 6 1 24
20 13 6 14
20 14 72 1
20 15 92 8
20 16 1 15
20 17 1 10
20 19 93 1
21 5 1 20
21 8 6 1
21 12 36 4
21 17 1 8
22 3 2 9
22 8 122 13
22 11 54 2
22 20 33 1
22 23 8 5
23 2 15 21
23 3 4 27
23 6 45 1
23 9 7 4
23 10 61 2
23 11 1 29
23 14 1 24
23 15 25 3
23 18 36 27
23 21 1 6
23 24 5 26
23 26 16 14
24 0 134 21
24 1 61 22
24 3 30 8
24 5 20 15
24 7 3 9
24 8 20 27
24 10 1 17
24 11 67 22
24 15 38 10
24 16 21 16
24 26 3 7
25 3 1 2
25 6 22 1
25 8 185 1
25 9 78 1
25 10 1 13
25 11 70 1
25 18 13 28
25 24 4 15
26 2 21 24
26 8 6 27
26 11 131 22
26 20 64 3
26 23 1 8
27 5 6 8
27 6 93 1
27 7 8 19
27 10 153 5
27 11 1 1
27 12 1 12
27 25 9 1
27 26 125 1
