0 1 21 2
0 2 185 1
0 3 17 2
0 4 230 17
0 5 16 17
0 6 12 1
0 7 5 5
0 8 17 12
0 9 91 16
0 11 1 4
0 16 105 23
0 17 62 11
0 20 37 1
0 24 75 28
1 0 48 4
1 2 89 21
1 3 18 14
1 4 21 28
1 5 205 13
1 6 103 29
1 7 12 17
1 8 113 15
1 9 360 4
1 10 1 27
1 11 17 24
1 14 80 1
1 16 16 26
1 17 2 23
1 18 229 1
1 19 7 21
1 20 1 17
1 21 12 13
1 24 66 2
2 1 5 4
2 3 1 27
2 4 164 1
2 5 1 27
2 6 3 18
2 7 3 29
2 8 15 9
2 9 34 2
2 12 33 3
2 13 16 7
2 17 176 1
2 20 17 22
3 0 52 5
3 1 15 21
3 4 1 3
3 5 168 9
3 7 68 1
3 8 19 4
3 10 1 16
3 11 307 1
3 12 112 18
3 16 37 17
3 20 60 2
3 23 34 2
3 24 102 27
4 0 85 1
4 1 45 12
4 2 28 3
4 3 6 7
4 5 67 1
4 6 256 19
4 8 17 1
4 9 153 1
4 12 2 5
4 17 20 1
4 18 1 18
4 19 21 3
4 23 4 6
4 26 1 20
4 27 1 20
5 0 56 1
5 1 98 5
5 2 8 2
5 3 17 3
5 4 169 1
5 6 295 1
5 7 127 1
5 8 18 3
5 9 247 1
5 10 1 16
5 11 132 1
5 16 70 25
5 18 1 19
5 24 17 26
5 26 1 18
6 0 6 21
6 1 206 1
6 2 1 10
6 3 4 10
6 4 53 1
6 5 18 8
6 7 26 2
6 8 46 29
6 9 2 25
6 10 59 28
6 11 1 1
6 14 1 29
6 15 7 13
6 17 1 5
6 19 91 15
6 23 29 2
6 24 2 28
6 25 56 4
7 0 21 1
7 1 355 1
7 2 3 1
7 3 5 17
7 4 17 2
7 5 85 1
7 6 28 1
7 8 5 28
7 9 6 20
7 10 40 1
7 11 283 1
7 14 1 1
7 15 1 4
7 16 2 13
7 17 181 1
7 20 219 1
7 21 2 19
7 23 1 22
7 25 2 16
7 27 1 21
8 0 63 2
8 1 14 23
8 2 11 1
8 3 52 27
8 4 2 12
8 5 28 28
8 6 3 11
8 7 3 11
8 9 13 23
8 10 9 7
8 13 1 8
8 14 1 22
8 16 17 27
8 17 17 23
8 18 3 18
8 21 62 24
8 24 17 26
8 25 11 22
8 27 108 1
9 1 7 11
9 2 4 8
9 4 2 29
9 5 2 10
9 7 136 1
9 8 2 5
9 10 16 7
9 11 297 1
9 12 128 1
9 13 1 26
9 14 53 1
9 17 6 1
9 21 48 2
9 23 5 2
9 24 96 3
9 27 68 1
10 0 15 22
10 2 32 23
10 3 56 1
10 4 1 23
10 5 41 1
10 6 191 1
10 7 178 1
10 8 65 27
10 9 99 1
10 11 3 7
10 12 1 26
10 13 1 12
10 14 55 1
10 15 1 11
10 17 1 4
10 19 108 1
10 20 189 3
10 23 1 29
10 24 1 10
10 26 1 23
11 3 25 7
11 4 12 16
11 5 13 1
11 7 30 1
11 8 108 1
11 9 23 1
11 14 16 1
11 15 285 1
11 18 18 21
11 19 2 8
11 20 180 1
11 22 192 1
11 23 164 1
11 24 256 1
11 25 133 1
11 27 1 29
12 3 26 1
12 4 64 1
12 6 1 23
12 9 6 19
12 10 2 10
12 11 60 8
12 13 115 1
12 16 1 21
12 20 13 10
12 21 73 2
12 22 79 3
12 24 2 23
12 26 57 21
13 0 1 21
13 5 23 1
13 8 2 4
13 9 59 1
13 10 1 6
13 11 197 1
13 12 6 24
13 14 68 1
13 15 1 4
13 22 1 19
14 0 26 2
14 1 52 2
14 2 8 3
14 4 7 5
14 6 51 1
14 10 1 12
14 11 1 28
14 15 7 16
14 16 1 27
14 18 47 14
14 22 5 6
14 24 17 9
14 25 30 1
14 27 3 23
15 0 112 4
15 3 22 24
15 5 1 6
15 7 29 2
15 8 23 1
15 10 1 5
15 11 40 1
15 14 11 28
16 0 135 8
16 1 92 16
16 3 17 6
16 4 8 6
16 5 55 7
16 7 20 10
16 8 17 24
16 10 17 7
16 11 69 27
16 17 164 1
16 18 8 3
16 20 12 3
16 24 17 13
16 27 2 19
17 0 355 2
17 1 360 1
17 2 27 24
17 4 1 1
17 5 13 19
17 6 146 1
17 8 250 1
17 10 242 3
17 11 96 1
17 12 69 2
17 15 12 10
17 16 2 25
17 18 3 22
17 22 34 14
18 0 167 2
18 1 188 2
18 2 49 14
18 3 30 1
18 4 167 1
18 8 75 2
18 10 11 26
18 13 2 4
18 20 7 12
19 0 2 7
19 1 85 1
19 5 12 19
19 6 1 10
19 7 1 5
19 10 2 17
19 11 1 5
19 17 1 20
19 20 325 1
20 0 183 2
20 1 110 6
20 3 40 2
20 4 3 21
20 9 74 6
20 11 3 1
20 17 2 12
20 19 69 1
20 27 1 24
21 0 1 24
21 8 7 19
21 9 6 27
21 10 30 4
21 14 20 5
21 15 6 8
21 22 1 29
22 0 22 12
22 3 2 11
22 24 1 20
23 1 1 7
23 10 58 2
23 15 43 1
23 18 1 3
23 22 1 8
24 0 55 20
24 1 47 14
24 2 1 28
24 3 17 10
24 5 36 21
24 6 12 23
24 7 8 9
24 8 29 24
24 10 3 23
24 11 113 6
24 14 44 1
24 16 38 8
24 18 45 12
24 23 2 17
24 26 1 4
25 3 1 7
25 8 181 2
25 10 2 28
25 11 57 1
25 27 22 6
26 6 71 25
26 8 15 26
26 9 1 5
26 10 28 5
26 11 1 24
26 22 9 1
26 27 1 14
27 1 92 8
27 4 64 11
27 5 6 16
27 6 92 1
27 8 5 27
27 11 1 7
27 16 2 4
27 18 33 18
27 25 7 3
27 26 120 2
