0 1 189 1
0 2 63 1
0 3 145 1
0 4 282 1
0 5 31 1
0 6 1 9
0 7 148 2
0 8 19 1
0 9 85 1
0 10 1 1
0 11 214 1
0 14 3 20
0 15 88 3
0 16 58 1
0 17 143 1
0 18 5 21
0 21 58 18
0 22 3 28
0 24 107 1
1 0 26 1
1 2 195 1
1 3 3 1
1 4 4 8
1 5 89 1
1 6 2 17
1 7 399 1
1 8 340 1
1 9 17 1
1 12 1 1
1 13 1 9
1 16 135 1
1 17 12 28
1 18 4 4
1 19 192 1
1 20 28 3
1 24 65 1
1 26 80 1
1 27 1 25
2 0 6 8
2 1 3 20
2 3 211 1
2 5 4 25
2 6 2 8
2 7 15 7
2 8 267 1
2 9 1 25
2 10 211 1
2 11 272 2
2 17 3 22
3 0 36 1
3 1 74 1
3 2 39 6
3 5 27 1
3 6 2 24
3 7 398 1
3 8 2 1
3 10 41 1
3 11 25 1
3 12 41 23
3 15 55 1
3 16 56 1
3 17 1 2
3 20 45 1
3 24 15 1
3 25 20 1
3 27 46 4
4 0 2 15
4 1 315 21
4 3 155 1
4 5 16 6
4 6 47 3
4 7 314 2
4 8 4 21
4 9 153 1
4 10 4 5
4 13 1 21
4 17 1 7
4 18 301 1
4 21 71 12
4 22 45 10
5 0 20 1
5 1 3 21
5 3 68 1
5 4 4 21
5 6 6 21
5 7 1 12
5 8 13 1
5 9 2 26
5 10 419 1
5 12 5 11
5 14 1 7
5 15 1 5
5 16 8 1
5 17 1 21
5 20 58 1
5 24 9 1
5 25 21 1
5 26 3 1
6 0 265 1
6 1 1 28
6 2 5 28
6 3 276 2
6 4 236 1
6 5 30 3
6 7 4 10
6 8 273 1
6 9 14 1
6 10 19 16
6 11 2 1
6 14 41 2
6 15 59 3
6 18 2 13
6 22 79 1
6 27 1 27
7 0 215 9
7 1 1 27
7 2 306 1
7 3 3 9
7 5 1 20
7 6 3 9
7 8 1 26
7 10 12 25
7 11 77 1
7 12 85 1
7 14 120 1
7 15 4 27
7 18 99 4
7 20 10 17
7 23 45 1
7 24 4 4
7 25 252 26
7 27 88 1
8 0 50 1
8 1 63 1
8 2 3 16
8 3 47 1
8 4 131 5
8 5 11 10
8 6 6 22
8 7 68 1
8 9 32 8
8 10 101 1
8 11 231 1
8 12 254 1
8 13 176 2
8 14 288 1
8 16 127 2
8 17 172 1
8 18 88 1
8 24 100 1
8 25 70 1
8 26 44 4
8 27 1 20
9 1 349 1
9 3 148 2
9 4 266 1
9 5 173 1
9 6 66 1
9 7 9 13
9 8 3 15
9 10 171 1
9 11 10 4
9 12 84 1
9 15 20 2
9 17 216 1
9 19 73 5
9 20 1 12
9 24 1 6
10 1 2 7
10 2 270 1
10 3 1 8
10 4 180 1
10 6 110 1
10 7 3 27
10 8 36 1
10 9 13 1
10 11 8 29
10 12 349 2
10 13 282 7
10 14 327 1
10 15 306 1
10 20 1 15
10 21 4 11
10 23 52 1
10 25 1 4
11 0 1 5
11 2 220 1
11 3 370 14
11 4 100 1
11 5 1 11
11 6 435 23
11 7 5 24
11 8 2 23
11 10 2 28
11 12 1 28
11 14 271 1
11 15 3 18
11 21 88 1
11 22 3 27
11 24 124 1
11 25 3 1
12 0 3 3
12 1 16 1
12 2 1 17
12 5 1 10
12 6 253 1
12 7 28 2
12 8 284 1
12 10 6 3
12 13 38 1
12 14 7 25
12 22 1 15
13 3 1 17
13 4 27 3
13 7 162 1
13 8 20 1
13 10 222 1
13 11 3 23
13 12 21 23
13 19 3 7
14 3 1 3
14 5 2 13
14 7 6 22
14 8 6 28
14 9 6 16
14 10 273 1
14 11 10 2
14 13 12 2
14 18 1 16
14 22 38 6
14 24 1 14
15 8 104 1
15 9 2 2
15 10 11 8
15 11 37 10
15 14 7 14
15 22 17 4
16 0 40 1
16 1 126 1
16 3 7 3
16 5 45 1
16 8 141 1
16 11 1 26
16 17 7 1
16 18 1 4
16 19 2 12
16 24 40 1
17 1 301 1
17 4 242 1
17 6 1 19
17 7 1 7
17 8 123 13
17 9 226 8
17 13 66 7
17 15 1 19
17 16 8 29
17 21 1 8
17 25 60 3
17 26 50 1
18 0 1 18
18 4 53 1
18 6 241 2
18 9 1 11
18 11 1 1
18 12 1 6
18 15 17 1
18 16 2 5
18 19 35 8
18 20 5 3
18 25 47 18
19 0 1 13
19 3 73 26
19 6 3 3
19 10 1 24
19 11 3 14
19 17 2 27
19 20 2 15
20 2 3 29
20 3 1 18
20 4 2 25
20 5 43 2
20 10 139 1
20 16 20 4
20 17 3 2
20 19 37 16
20 23 3 1
20 24 1 23
20 25 27 2
21 1 1 10
21 2 1 8
21 12 106 6
22 10 1 10
22 11 1 28
22 12 1 18
22 15 1 20
22 19 5 20
22 27 14 14
23 5 26 3
23 7 1 19
23 10 1 29
23 11 243 1
24 0 78 1
24 1 10 1
24 3 69 1
24 5 20 1
24 6 25 1
24 8 25 1
24 11 351 1
24 16 18 1
24 20 43 2
24 23 25 11
24 25 2 8
25 0 1 3
25 1 6 28
25 4 1 25
25 6 1 3
25 7 169 1
25 8 1 1
25 11 393 1
25 12 46 2
25 14 17 1
25 19 1 9
25 20 1 17
26 4 44 1
26 5 29 27
26 7 1 1
26 13 15 4
26 14 18 2
26 17 1 11
26 22 1 12
26 25 4 2
26 27 3 4
27 1 1 24
27 3 6 10
27 6 89 23
27 7 117 2
27 8 47 1
27 11 2 9
27 16 6 23
27 25 2 6
27 26 2 10
