0 1 61 1
0 2 151 1
0 3 71 1
0 4 1 4
0 5 31 17
0 7 33 6
0 8 445 1
0 9 3 25
0 11 6 2
0 12 1 11
0 13 25 4
0 16 92 13
0 17 1 25
0 19 298 4
0 20 286 1
0 21 26 1
0 23 3 1
0 24 73 29
0 26 66 3
1 0 51 20
1 2 1 5
1 3 36 1
1 4 108 25
1 5 397 1
1 6 97 1
1 7 13 19
1 8 122 8
1 9 4 19
1 10 8 2
1 12 107 1
1 14 72 2
1 15 79 25
1 16 37 7
1 17 30 23
1 18 215 2
1 19 64 18
1 20 2 19
1 24 16 1
2 0 1 10
2 1 12 4
2 3 115 1
2 4 136 1
2 6 4 28
2 7 1 9
2 8 22 24
2 9 25 1
2 10 5 19
2 11 1 8
2 14 1 27
2 17 156 1
2 18 4 10
2 22 2 6
2 26 2 3
3 0 97 3
3 1 114 1
3 2 4 24
3 4 1 4
3 5 57 1
3 7 15 1
3 8 104 1
3 10 8 14
3 11 270 1
3 16 18 3
3 17 33 2
3 18 15 11
3 19 1 27
3 24 77 1
4 0 58 1
4 1 162 1
4 2 2 15
4 3 10 16
4 5 259 1
4 6 83 12
4 7 1 4
4 8 3 2
4 9 249 1
4 12 4 13
4 16 2 3
4 17 17 1
4 18 115 1
4 19 16 4
5 0 63 23
5 1 129 1
5 2 26 2
5 3 57 1
5 4 143 1
5 6 126 1
5 7 99 1
5 8 187 7
5 9 97 1
5 10 2 26
5 12 1 13
5 16 153 1
5 18 1 23
5 20 2 1
5 24 124 5
5 25 1 15
5 27 10 1
6 0 26 5
6 1 376 1
6 2 3 17
6 3 2 24
6 4 221 1
6 5 180 13
6 7 6 1
6 8 177 21
6 9 1 25
6 10 2 13
6 11 1 20
6 12 34 10
6 15 1 3
6 17 3 6
6 19 88 2
6 24 1 29
7 1 323 1
7 2 62 2
7 3 1 17
7 5 61 1
7 6 6 1
7 8 5 17
7 9 1 18
7 10 18 1
7 11 211 20
7 15 2 28
7 17 168 1
7 19 3 19
7 22 22 1
7 23 17 29
7 24 279 1
7 25 1 5
7 27 1 19
8 0 34 1
8 1 337 1
8 2 113 1
8 3 117 29
8 4 1 14
8 5 45 1
8 6 18 8
8 7 22 25
8 9 4 7
8 10 15 14
8 12 2 22
8 13 1 25
8 14 2 9
8 16 17 12
8 17 1 2
8 18 1 15
8 19 2 21
8 22 17 2
8 24 17 28
9 1 61 8
9 4 1 8
9 5 16 1
9 6 2 11
9 7 113 1
9 8 4 26
9 10 14 25
9 11 272 1
9 12 74 1
9 14 89 1
9 17 3 1
9 23 3 7
9 25 1 20
10 0 90 8
10 2 3 29
10 3 38 1
10 4 55 25
10 5 17 1
10 6 112 1
10 7 131 1
10 8 231 6
10 9 20 1
10 11 3 27
10 12 44 21
10 13 4 9
10 14 9 1
10 15 3 26
10 18 129 1
10 20 35 25
10 21 121 6
10 22 11 1
10 23 1 2
10 24 10 11
10 26 3 29
11 0 272 1
11 1 2 22
11 2 1 17
11 3 3 18
11 5 209 1
11 6 1 14
11 7 21 1
11 8 66 1
11 9 11 2
11 10 3 28
11 12 117 1
11 13 1 6
11 14 198 1
11 15 209 1
11 16 70 26
11 17 1 7
11 18 139 7
11 20 168 3
11 23 154 1
11 24 211 1
11 25 277 1
12 0 114 2
12 1 1 4
12 3 22 2
12 4 51 1
12 6 3 11
12 7 6 23
12 10 1 15
12 13 86 1
12 16 3 26
12 20 11 9
12 21 64 3
12 22 69 1
13 6 53 1
13 8 6 6
13 10 12 17
13 11 178 1
13 12 4 22
13 14 47 1
13 16 29 15
13 19 7 28
13 24 11 26
13 26 1 8
14 0 22 2
14 1 45 1
14 2 5 6
14 4 4 9
14 10 8 10
14 11 4 19
14 12 14 10
15 1 92 1
15 3 19 13
15 6 3 23
15 7 9 1
15 8 3 7
15 9 2 25
15 10 2 16
15 12 2 4
15 14 1 1
15 17 1 6
15 18 1 13
15 20 1 16
15 26 13 10
16 0 74 1
16 1 45 1
16 3 362 9
16 4 2 24
16 5 10 20
16 6 2 28
16 8 49 1
16 11 102 4
16 15 2 3
16 17 117 1
16 18 13 12
16 24 107 14
17 0 342 2
17 1 339 1
17 2 23 17
17 4 2 18
17 5 91 22
17 6 121 1
17 7 111 2
17 8 232 1
17 9 30 1
17 11 87 1
17 16 1 24
17 27 2 18
18 1 187 1
18 4 159 1
18 7 2 20
18 9 117 1
18 12 127 7
18 20 2 14
18 25 33 1
19 0 1 24
19 4 19 2
19 5 1 13
19 8 4 7
19 20 114 1
20 0 153 1
20 1 135 2
20 3 25 1
20 4 2 20
20 7 1 2
20 8 1 3
20 13 5 1
20 17 1 19
20 19 14 1
20 21 2 2
20 25 3 10
21 7 2 12
21 9 8 13
21 11 9 16
21 12 27 1
21 14 21 22
21 18 2 17
22 6 7 13
22 8 36 1
22 9 2 6
22 20 31 2
22 24 4 15
23 0 5 26
23 3 5 3
23 6 40 1
23 7 2 6
23 10 51 23
23 11 3 11
23 15 39 1
23 24 1 8
23 27 1 3
24 0 165 1
24 1 27 1
24 2 1 13
24 3 2 16
24 5 121 1
24 8 2 1
24 11 6 1
24 16 82 1
24 17 3 27
24 23 1 14
25 1 100 1
25 4 106 12
25 5 26 2
25 7 105 1
25 10 1 13
25 11 33 1
25 13 3 17
25 23 2 4
25 24 46 1
25 27 35 2
26 1 47 3
26 8 9 20
26 11 6 1
26 22 8 12
26 23 10 11
26 25 1 15
26 27 22 1
27 1 4 6
27 20 30 18
27 24 1 28
27 25 2 1
