0 1 296 1
0 2 109 1
0 3 21 1
0 4 36 25
0 5 41 1
0 7 61 7
0 8 77 2
0 9 1 25
0 10 49 1
0 11 1 7
0 12 1 20
0 13 22 5
0 15 1 22
0 16 189 1
0 17 141 28
0 18 165 7
0 19 288 1
0 20 13 1
0 21 25 5
0 23 3 7
0 24 38 1
1 0 107 1
1 2 383 1
1 3 39 1
1 4 326 1
1 5 289 1
1 6 309 1
1 7 62 8
1 8 65 1
1 9 1 1
1 10 4 15
1 12 94 1
1 13 7 1
1 14 64 1
1 15 10 9
1 16 41 1
1 17 3 15
1 19 66 28
1 20 83 14
1 23 1 6
1 24 19 2
2 0 1 29
2 1 87 22
2 3 95 6
2 4 105 1
2 6 61 19
2 7 80 23
2 8 3 16
2 9 15 3
2 10 5 1
2 11 7 1
2 22 2 9
2 26 6 3
3 0 14 21
3 1 150 1
3 2 34 2
3 4 22 25
3 5 13 1
3 7 1 8
3 8 303 1
3 11 225 1
3 15 1 25
3 16 40 1
3 19 3 25
3 24 49 5
3 26 42 13
3 27 1 1
4 0 33 2
4 1 395 1
4 2 2 6
4 5 194 1
4 6 297 17
4 7 7 8
4 9 297 1
4 12 2 21
4 14 36 1
4 17 247 1
4 18 106 1
4 20 187 3
4 23 2 7
4 25 62 6
5 0 105 1
5 1 63 1
5 2 38 1
5 3 49 1
5 4 106 1
5 6 49 1
5 7 71 1
5 8 170 1
5 9 82 17
5 10 4 5
5 11 103 1
5 12 2 18
5 15 17 5
5 16 69 1
5 17 6 1
5 18 1 12
5 20 2 11
5 24 52 1
5 25 2 23
6 0 1 1
6 1 262 1
6 2 1 2
6 3 13 14
6 4 137 3
6 5 262 7
6 8 178 1
6 9 16 1
6 10 319 1
6 11 2 20
6 12 34 1
6 14 2 26
6 15 1 18
6 17 2 23
6 19 103 4
6 20 1 12
6 22 1 22
6 23 21 1
6 24 8 24
7 1 285 1
7 2 47 25
7 3 6 2
7 8 28 19
7 11 154 1
7 12 5 14
7 13 1 9
7 15 1 28
7 19 1 24
7 20 180 1
7 21 6 3
7 22 16 2
7 23 1 20
7 24 264 1
7 25 2 7
7 27 1 11
8 0 22 26
8 1 193 1
8 2 64 1
8 3 117 1
8 4 35 16
8 5 151 19
8 6 44 10
8 7 10 16
8 9 4 6
8 10 4 21
8 11 205 1
8 13 6 8
8 14 1 3
8 16 16 1
8 17 5 14
8 18 25 17
8 19 3 1
8 21 1 18
8 22 12 2
8 24 140 2
8 25 1 22
9 0 105 16
9 1 1 3
9 3 1 22
9 4 30 22
9 5 45 1
9 6 16 27
9 8 18 19
9 10 6 7
9 11 242 1
9 12 30 1
9 13 4 8
9 14 69 2
9 15 1 18
9 18 4 4
9 20 141 1
9 21 40 1
9 22 30 1
9 25 1 24
10 0 161 29
10 3 22 1
10 4 3 2
10 5 2 2
10 6 47 1
10 7 86 1
10 8 430 10
10 9 1 28
10 11 9 16
10 12 1 1
10 13 11 7
10 14 1 17
10 18 120 1
10 20 184 13
10 22 10 1
10 24 2 10
10 26 2 28
10 27 20 3
11 2 1 18
11 3 1 23
11 5 203 1
11 6 1 10
11 7 6 16
11 8 30 1
11 10 2 6
11 13 1 15
11 14 187 1
11 15 67 1
11 17 1 29
11 20 155 1
11 23 136 1
11 24 151 1
11 25 87 1
11 26 175 17
11 27 49 11
12 1 4 24
12 6 41 4
12 7 1 13
12 9 1 4
12 11 59 24
12 13 57 1
12 14 45 1
12 22 58 3
13 3 18 16
13 4 3 16
13 5 20 2
13 6 44 3
13 7 2 17
13 9 41 2
13 10 132 7
13 11 156 1
13 12 9 13
13 17 28 4
13 22 3 23
14 0 18 6
14 1 37 1
14 3 24 4
14 5 8 4
14 8 6 28
14 10 7 9
14 11 4 25
14 13 16 1
14 15 6 1
14 17 1 25
14 23 1 24
14 27 1 12
15 8 2 20
15 9 3 22
15 10 1 26
15 11 3 15
15 12 1 13
15 14 19 7
15 17 1 12
15 25 1 9
16 0 29 28
16 1 88 1
16 3 122 1
16 4 3 24
16 5 14 2
16 8 35 1
16 10 5 16
16 12 1 13
16 17 71 1
16 20 8 5
16 22 3 2
16 24 49 1
17 0 323 1
17 1 284 1
17 2 191 2
17 3 1 10
17 4 3 13
17 5 1 26
17 6 95 1
17 7 97 1
17 9 22 3
17 10 225 3
17 11 76 4
17 12 57 1
17 14 4 2
17 16 31 23
17 22 31 1
17 23 1 14
18 2 1 16
18 4 104 1
18 6 1 16
18 7 3 26
18 8 52 1
18 9 105 1
18 10 1 18
18 16 3 20
18 20 21 2
18 25 31 6
19 0 20 5
19 1 52 1
19 4 14 2
19 5 2 27
19 7 49 2
19 10 14 10
19 20 244 1
19 26 1 9
19 27 11 24
20 0 159 1
20 1 3 1
20 3 11 4
20 6 1 16
20 7 2 11
20 10 1 15
20 17 1 29
20 18 9 17
20 22 36 17
20 23 63 5
20 24 2 14
20 27 1 17
21 4 49 1
21 9 9 22
21 12 19 5
21 14 1 5
21 17 1 2
21 18 38 2
21 19 7 5
21 26 12 7
22 7 35 3
22 8 36 13
22 10 195 3
22 15 1 16
23 2 8 9
23 4 7 2
23 7 204 1
23 11 31 27
23 12 27 6
23 13 1 9
23 16 2 16
24 0 47 1
24 1 82 1
24 2 4 11
24 3 39 1
24 5 52 1
24 7 1 23
24 8 46 1
24 9 63 3
24 11 42 1
24 14 39 2
24 15 35 26
24 16 35 1
24 17 1 17
24 21 2 1
24 23 3 12
24 26 1 1
25 4 104 6
25 7 10 1
25 8 156 2
25 9 63 1
25 10 2 13
25 13 7 8
25 20 90 7
25 27 32 2
26 5 24 5
26 6 4 21
26 9 1 14
26 23 2 4
27 0 91 12
27 6 84 2
27 7 51 7
27 14 3 25
27 18 32 6
27 26 78 1
