0 1 43 22
0 2 103 1
0 3 4 2
0 4 5 5
0 5 133 1
0 7 1 21
0 8 226 1
0 9 1 26
0 10 47 1
0 12 1 12
0 13 22 4
0 16 158 1
0 17 35 21
0 19 283 1
0 20 277 1
0 21 25 2
0 23 1 2
0 24 7 1
0 25 97 3
1 0 82 28
1 0 299 16
1 0 237 22
1 2 43 20
1 3 25 1
1 4 53 1
1 5 261 6
1 6 107 1
1 7 1 22
1 8 41 9
1 9 346 1
1 10 2 7
1 11 1 9
1 12 92 1
1 14 62 2
1 15 10 8
1 16 8 1
1 17 1 25
1 18 195 2
1 19 1 9
1 24 30 1
1 25 112 1
2 0 12 14
2 1 5 10
2 3 1 22
2 4 101 1
2 6 2 21
2 7 30 15
2 8 3 10
2 10 21 2
2 11 3 26
2 12 23 3
2 13 14 1
2 17 129 2
2 18 1 7
2 20 15 28
2 22 17 4
2 24 1 14
3 0 5 1
3 1 58 1
3 2 50 19
3 4 52 20
3 5 3 1
3 6 1 15
3 7 1 26
3 8 283 23
3 10 8 3
3 11 218 1
3 16 10 1
3 17 20 4
3 18 1 17
3 24 45 1
3 25 1 2
4 0 30 1
4 1 373 1
4 2 2 27
4 3 4 17
4 5 177 1
4 6 14 10
4 9 287 1
4 10 17 21
4 11 2 15
4 17 243 1
4 19 10 1
4 20 186 2
4 26 1 6
5 0 31 1
5 1 29 1
5 2 40 1
5 3 60 1
5 4 89 1
5 6 18 1
5 7 67 1
5 8 11 1
5 9 1 1
5 10 5 17
5 12 2 10
5 14 28 5
5 15 17 4
5 16 39 1
5 18 8 29
5 19 11 28
5 20 1 25
5 21 28 6
5 24 22 1
6 0 2 4
6 1 242 1
6 2 1 18
6 3 1 28
6 4 130 1
6 5 339 1
6 7 1 25
6 8 408 1
6 9 8 1
6 10 1 1
6 11 4 5
6 14 78 15
6 15 2 11
6 17 51 19
6 20 1 20
6 26 9 4
7 1 280 1
7 2 322 1
7 3 34 1
7 4 2 2
7 8 93 11
7 9 1 6
7 11 97 1
7 12 1 27
7 13 1 27
7 15 4 23
7 16 3 7
7 17 150 1
7 20 177 1
7 23 2 28
7 24 261 2
7 25 14 19
7 27 1 10
8 0 35 1
8 1 84 3
8 2 166 1
8 3 149 1
8 4 14 16
8 5 157 1
8 6 78 11
8 7 5 3
8 9 5 13
8 10 446 9
8 11 200 1
8 12 1 27
8 13 29 17
8 14 2 22
8 16 4 1
8 18 47 25
8 19 6 29
8 22 11 4
8 23 10 11
8 24 116 1
8 25 2 13
8 26 2 23
9 1 12 22
9 4 1 25
9 5 22 28
9 6 12 4
9 7 86 1
9 8 4 9
9 10 6 28
9 11 237 1
9 12 25 1
9 13 2 1
9 14 66 1
9 15 15 24
9 20 140 7
9 22 29 2
9 24 87 1
9 25 1 7
9 26 55 15
10 0 98 15
10 2 55 22
10 5 1 3
10 6 39 1
10 7 80 1
10 8 6 14
10 9 1 12
10 11 38 26
10 12 1 10
10 13 15 27
10 14 1 10
10 15 1 24
10 18 118 1
10 20 32 5
10 23 81 15
10 25 1 8
10 26 1 9
10 27 20 1
11 0 248 1
11 2 1 19
11 3 4 14
11 4 46 16
11 5 201 1
11 6 27 21
11 7 15 13
11 8 26 1
11 10 4 1
11 13 15 27
11 14 180 1
11 15 51 1
11 19 4 6
11 23 131 1
11 24 143 1
11 25 71 1
11 27 5 14
12 6 1 3
12 8 1 7
12 10 2 18
12 11 1 10
12 13 53 1
12 14 43 1
12 15 127 8
12 17 4 10
12 21 53 2
12 22 57 1
12 23 18 1
12 24 5 6
13 0 2 28
13 3 15 27
13 4 1 25
13 5 19 1
13 6 43 1
13 8 5 5
13 11 153 1
13 12 1 5
13 14 19 2
13 22 6 5
13 23 1 26
14 1 36 2
14 3 24 2
14 5 8 1
14 9 1 26
14 10 4 14
14 11 190 17
14 13 12 1
14 15 3 1
14 22 4 25
14 25 23 2
15 5 1 10
15 6 3 14
15 8 1 19
15 10 4 8
15 11 3 22
15 14 1 12
15 22 2 9
16 0 28 1
16 1 62 2
16 3 92 1
16 5 7 1
16 6 4 26
16 7 2 15
16 8 5 1
16 11 1 26
16 12 2 6
16 17 65 1
16 18 4 12
16 20 8 1
16 23 6 6
16 24 18 27
17 0 320 1
17 1 270 1
17 2 188 1
17 3 5 12
17 4 1 6
17 5 1 27
17 6 91 1
17 7 94 1
17 8 207 2
17 11 75 1
17 13 7 3
17 16 3 10
17 18 1 3
17 27 31 7
18 1 183 1
18 4 96 1
18 5 4 2
18 9 103 1
18 10 1 1
18 17 2 16
18 22 1 27
19 0 33 15
19 1 49 1
19 2 42 5
19 7 61 29
19 8 1 9
19 10 85 5
19 11 146 14
19 20 226 1
20 0 156 13
20 1 1 11
20 5 9 12
20 6 1 21
20 10 3 5
20 12 1 6
20 14 65 2
20 15 92 18
20 17 3 15
20 18 1 15
20 19 1 1
20 23 63 7
20 25 1 11
20 27 1 28
21 7 1 26
21 10 22 8
21 11 69 22
21 12 18 4
21 14 1 9
21 17 3 17
21 18 2 1
21 19 7 4
22 0 18 4
22 1 3 26
22 3 2 14
22 7 34 1
22 9 4 16
22 10 194 1
22 11 29 1
22 12 85 2
22 16 2 21
22 19 5 13
22 20 28 17
23 4 7 1
23 8 2 23
23 11 2 1
23 14 5 1
23 22 4 3
24 0 16 1
24 1 56 1
24 2 26 2
24 3 8 1
24 5 32 1
24 7 7 16
24 8 89 29
24 11 232 1
24 13 12 1
24 15 4 1
24 16 4 1
24 17 3 18
24 23 1 8
25 2 4 1
25 7 94 1
25 8 154 2
25 10 1 27
25 11 1 1
25 14 1 13
25 15 2 25
25 26 1 8
25 27 30 2
26 4 1 9
26 5 24 3
26 7 30 16
26 8 5 16
26 9 1 11
26 11 2 27
26 17 50 4
26 18 1 11
26 24 5 3
26 27 116 1
27 3 1 23
27 4 59 1
27 9 1 19
27 10 141 3
27 15 12 21
27 26 74 1
