0 1 25 14
0 2 69 1
0 3 127 15
0 4 278 15
0 5 183 2
0 6 1 11
0 7 27 14
0 8 20 29
0 9 12 9
0 10 35 1
0 11 101 20
0 12 21 27
0 16 20 26
0 17 61 2
0 19 276 1
0 20 6 1
0 21 23 5
0 22 69 3
0 23 44 20
0 24 128 3
1 0 27 7
1 2 305 1
1 3 23 14
1 4 288 1
1 5 26 3
1 6 120 1
1 7 64 25
1 8 280 16
1 9 326 1
1 10 62 1
1 11 2 15
1 13 5 11
1 14 55 1
1 16 46 22
1 18 178 1
1 19 3 8
1 20 2 4
1 23 1 17
1 24 20 1
2 0 2 21
2 1 8 5
2 3 49 14
2 4 75 1
2 6 99 10
2 7 52 18
2 8 97 20
2 10 18 1
2 11 25 1
2 12 19 2
2 15 4 26
2 17 108 1
2 19 1 8
3 0 38 17
3 1 18 4
3 2 4 23
3 5 59 23
3 6 2 10
3 7 3 16
3 8 96 15
3 10 57 4
3 11 177 1
3 15 13 27
3 16 21 26
3 17 12 4
3 19 1 4
3 20 138 1
3 24 20 4
3 25 1 1
4 0 14 2
4 1 275 1
4 5 86 1
4 6 4 25
4 9 228 1
4 10 362 3
4 11 3 19
4 12 1 9
4 13 50 6
4 14 28 1
4 15 2 7
4 17 223 1
4 18 82 1
4 19 7 1
4 21 75 6
4 25 58 1
4 26 1 9
5 0 24 7
5 1 45 29
5 2 35 1
5 3 21 20
5 4 29 1
5 6 12 13
5 7 45 1
5 8 19 4
5 9 50 1
5 10 2 1
5 12 1 14
5 13 4 27
5 16 21 7
5 17 179 1
5 18 9 11
5 20 3 26
5 24 20 16
6 0 3 1
6 1 134 1
6 2 1 20
6 3 1 3
6 4 71 1
6 5 134 1
6 7 1 4
6 8 307 1
6 9 142 1
6 10 308 1
6 11 28 6
6 12 25 10
6 15 1 17
6 16 1 13
6 17 12 11
6 18 191 1
6 20 91 10
6 24 1 6
6 25 33 5
7 1 244 1
7 2 33 1
7 3 191 1
7 6 1 7
7 8 4 5
7 11 92 1
7 14 3 8
7 15 20 5
7 19 2 26
7 20 158 1
7 23 1 13
7 24 244 1
7 25 2 10
7 27 1 24
8 0 35 22
8 1 46 14
8 2 206 1
8 3 34 26
8 4 21 9
8 5 39 9
8 6 36 4
8 7 5 11
8 9 2 27
8 10 268 20
8 11 377 1
8 12 22 6
8 13 1 21
8 14 12 20
8 16 20 4
8 17 37 11
8 18 27 21
8 19 36 29
8 21 3 23
8 22 7 7
8 23 1 4
8 24 39 16
8 25 6 23
9 1 6 6
9 3 2 8
9 4 2 9
9 5 202 1
9 6 58 15
9 7 67 1
9 8 33 10
9 10 184 20
9 11 209 1
9 13 4 11
9 15 2 20
9 18 163 1
9 24 82 4
9 26 53 3
9 27 58 1
10 4 69 20
10 5 1 11
10 6 7 1
10 7 47 1
10 8 397 1
10 9 6 3
10 11 47 28
10 12 7 23
10 13 15 4
10 14 3 21
10 17 30 23
10 18 109 2
10 19 93 2
10 22 183 1
10 23 1 6
10 24 3 10
10 27 15 1
11 0 226 1
11 2 2 2
11 3 1 16
11 4 1 28
11 5 189 2
11 6 1 3
11 7 33 29
11 8 7 1
11 9 318 1
11 10 18 19
11 12 90 1
11 14 166 1
11 16 1 15
11 17 3 21
11 22 169 4
11 23 107 1
11 24 94 1
11 25 57 1
12 0 99 4
12 1 3 5
12 4 24 3
12 6 1 19
12 7 1 14
12 8 23 12
12 9 11 1
12 10 2 23
12 13 30 1
12 21 45 1
12 23 14 1
12 24 1 28
12 25 15 19
13 6 35 1
13 8 75 19
13 9 32 4
13 10 4 3
13 11 132 1
13 12 1 8
13 20 34 1
13 24 1 20
13 26 1 19
14 2 2 1
14 8 4 20
14 9 3 29
14 10 4 22
14 12 16 17
14 13 5 1
14 15 82 1
14 16 4 16
14 18 41 10
14 27 5 24
15 0 97 2
15 5 5 8
15 6 18 29
15 8 5 2
15 10 2 27
15 11 5 15
15 12 30 18
15 14 1 27
15 17 15 6
15 23 1 29
15 25 1 14
16 0 134 22
16 1 20 16
16 3 39 18
16 4 6 16
16 5 20 14
16 6 1 22
16 8 88 25
16 11 2 12
16 17 34 1
16 24 87 13
16 25 10 3
17 0 299 2
17 1 196 1
17 2 185 2
17 3 1 12
17 4 14 6
17 5 2 23
17 6 70 1
17 7 82 1
17 8 187 1
17 9 15 3
17 10 214 2
17 16 15 9
18 2 4 23
18 3 76 1
18 4 55 1
18 6 4 25
18 7 1 20
18 9 91 1
18 10 3 4
18 14 51 9
18 16 1 18
18 24 1 26
18 25 30 1
19 0 2 5
19 1 35 1
19 6 7 10
19 7 1 26
19 17 127 4
19 20 156 1
19 26 12 1
20 0 142 1
20 1 10 28
20 2 6 12
20 3 3 1
20 5 4 18
20 7 6 17
20 9 56 3
20 10 1 2
20 17 1 23
20 18 1 5
20 19 2 25
20 23 61 11
21 6 1 27
21 8 1 15
21 12 13 1
21 22 3 26
22 0 16 5
22 6 1 24
22 11 21 1
22 12 75 2
22 13 5 2
22 21 1 17
23 0 1 6
23 2 15 17
23 3 2 20
23 6 30 3
23 7 195 1
23 8 4 15
23 11 2 28
23 15 26 1
23 20 7 1
23 22 2 3
23 26 11 21
24 0 20 5
24 1 48 10
24 3 39 24
24 5 34 2
24 6 1 25
24 7 8 14
24 8 29 18
24 10 1 24
24 11 71 21
24 16 73 1
24 17 2 21
25 1 16 2
25 7 82 1
25 8 141 1
25 9 56 1
25 10 1 17
25 11 3 3
25 16 10 5
25 20 87 4
25 23 2 18
25 26 1 21
25 27 22 1
26 1 42 2
26 6 73 7
26 7 1 12
26 9 9 15
26 10 17 2
26 11 2 28
26 21 5 4
26 23 1 17
26 27 106 6
27 5 1 20
27 6 79 1
27 7 2 28
27 8 5 25
27 9 1 2
27 12 59 2
27 20 4 28
27 22 11 1
27 26 52 2
