0 1 49 7
0 2 64 1
0 3 43 14
0 4 12 12
0 5 35 10
0 6 2 5
0 7 58 27
0 8 39 25
0 9 4 7
0 11 5 20
0 16 20 3
0 17 5 24
0 19 271 1
0 20 2 1
0 22 69 1
0 23 1 23
0 24 54 19
0 25 91 4
1 0 150 12
1 2 13 1
1 3 60 26
1 4 87 8
1 5 34 11
1 6 102 23
1 7 11 3
1 8 36 25
1 9 323 1
1 10 1 20
1 12 79 3
1 14 54 1
1 15 11 11
1 16 20 9
1 18 176 1
1 19 1 7
1 20 88 16
1 24 43 19
1 25 107 2
1 26 25 12
2 0 2 18
2 1 2 15
2 3 54 1
2 6 20 9
2 7 212 22
2 8 3 2
2 10 15 1
2 11 2 26
2 16 76 4
2 17 105 1
2 18 29 21
2 25 30 13
3 0 120 1
3 1 53 29
3 2 4 12
3 4 1 25
3 5 20 18
3 6 1 3
3 7 2 13
3 8 32 25
3 10 56 18
3 11 172 1
3 12 107 12
3 16 64 16
3 17 11 5
3 19 5 18
3 20 136 1
3 24 40 23
4 0 12 2
4 1 258 1
4 2 3 24
4 3 12 7
4 5 75 1
4 7 5 4
4 9 220 1
4 11 2 8
4 12 4 19
4 17 220 1
4 18 77 7
4 25 57 3
4 26 1 2
4 27 3 7
5 0 20 15
5 1 37 4
5 2 33 1
5 3 20 10
5 4 19 1
5 6 26 21
5 7 43 1
5 8 233 28
5 9 36 2
5 11 2 4
5 12 8 11
5 14 24 1
5 16 20 21
5 17 178 2
5 18 1 1
5 24 36 7
5 25 6 24
6 0 4 14
6 1 121 1
6 2 30 28
6 4 64 1
6 5 211 1
6 7 3 23
6 8 221 21
6 9 130 1
6 10 107 10
6 11 1 11
6 13 1 6
6 17 1 4
6 26 7 4
7 0 1 27
7 1 239 1
7 2 27 1
7 3 30 1
7 6 1 6
7 8 13 25
7 9 3 13
7 11 69 1
7 12 11 6
7 13 1 21
7 14 215 8
7 15 19 7
7 16 2 19
7 20 155 1
7 23 27 5
7 24 241 2
7 25 2 14
8 0 20 21
8 1 17 6
8 2 118 1
8 3 82 24
8 4 53 23
8 5 16 8
8 6 72 20
8 7 5 28
8 9 2 21
8 10 16 2
8 11 183 1
8 12 1 1
8 13 8 14
8 14 3 1
8 16 119 15
8 17 15 3
8 18 1 17
8 23 4 3
8 24 169 27
8 27 86 3
9 1 11 6
9 3 1 21
9 4 6 14
9 5 173 22
9 6 8 6
9 7 64 1
9 8 14 17
9 10 6 23
9 11 205 1
9 12 2 2
9 14 47 2
9 15 1 13
9 18 161 6
9 21 34 7
9 24 82 2
9 25 2 4
10 0 1 15
10 4 1 12
10 7 44 1
10 8 339 1
10 9 7 12
10 11 3 8
10 12 10 11
10 13 24 17
10 14 13 9
10 17 1 17
10 18 108 3
10 20 180 11
10 22 5 16
10 24 1 29
10 25 1 12
10 26 20 23
11 0 223 1
11 1 289 16
11 2 1 8
11 3 1 27
11 4 1 19
11 5 188 1
11 6 1 4
11 7 24 2
11 8 5 2
11 9 315 1
11 10 25 28
11 12 88 3
11 14 159 1
11 17 1 2
11 22 168 1
11 23 104 1
11 24 88 1
11 25 225 1
11 27 1 7
12 0 99 1
12 1 5 22
12 3 13 9
12 4 23 3
12 5 1 16
12 6 1 27
12 7 9 23
12 9 6 1
12 10 5 7
12 11 2 16
12 14 29 1
12 15 123 6
12 23 13 5
13 0 2 28
13 4 1 24
13 6 34 2
13 9 31 1
13 11 129 2
13 12 8 17
13 14 3 4
13 26 1 13
14 1 29 1
14 7 7 25
14 8 1 25
14 9 2 26
14 10 3 23
14 13 3 1
14 15 10 4
14 17 32 18
14 22 1 23
14 25 19 3
14 26 12 3
15 0 96 1
15 5 1 28
15 7 3 7
15 8 1 26
15 9 81 28
15 10 17 10
15 11 22 9
15 12 2 15
15 17 1 28
15 18 1 26
16 0 113 18
16 1 20 25
16 3 24 21
16 5 19 7
16 6 1 25
16 7 1 17
16 8 20 24
16 10 2 29
16 12 1 6
16 17 30 1
16 18 1 6
16 24 60 18
16 25 9 14
17 0 296 2
17 1 186 1
17 4 9 2
17 5 1 24
17 6 67 1
17 10 213 1
17 14 96 7
17 16 1 7
17 18 14 21
17 23 71 28
17 26 11 2
18 0 146 1
18 1 74 1
18 3 75 4
18 4 50 1
18 6 1 10
18 7 9 13
18 9 90 1
18 10 4 17
18 13 1 3
18 16 3 16
18 17 1 29
18 22 1 12
18 25 29 15
19 0 6 5
19 4 8 3
19 7 2 1
19 11 3 2
19 14 10 14
19 17 127 2
19 20 143 1
19 26 1 9
20 1 1 27
20 2 2 23
20 8 52 7
20 12 2 2
20 14 61 8
20 17 1 12
20 19 4 23
20 25 5 6
20 27 1 11
21 0 2 12
21 1 78 18
21 9 1 17
21 11 29 28
21 20 1 3
22 5 6 8
22 7 27 5
22 8 2 7
22 9 1 9
22 10 185 1
22 24 4 5
23 0 7 18
23 1 3 10
23 2 1 23
23 7 193 4
23 8 1 25
23 10 94 2
23 20 7 1
24 0 57 27
24 1 20 25
24 3 45 2
24 5 39 9
24 6 1 27
24 7 3 20
24 8 39 12
24 9 56 3
24 11 208 1
24 16 20 25
24 26 3 26
25 7 3 24
25 8 139 2
25 11 1 10
25 14 1 17
25 20 87 7
25 26 1 27
26 4 1 14
26 6 2 16
26 11 168 26
26 15 24 2
26 21 5 4
26 22 6 7
26 24 2 11
26 27 12 13
27 5 19 15
27 6 79 1
27 7 1 6
27 11 9 28
27 16 1 10
27 20 4 24
27 21 6 25
27 26 50 1
