0 1 56 16
0 2 52 1
0 3 16 20
0 4 13 13
0 5 29 16
0 7 56 25
0 8 103 16
0 11 5 5
0 12 2 20
0 16 71 20
0 18 2 1
0 19 254 1
0 20 245 1
0 24 45 27
0 27 6 13
1 0 163 26
1 2 234 1
1 3 75 7
1 4 67 1
1 5 32 27
1 6 242 1
1 7 2 12
1 8 295 9
1 9 313 1
1 10 1 20
1 12 75 2
1 14 51 1
1 16 34 22
1 18 169 1
1 19 105 18
1 20 9 17
1 24 44 2
1 26 25 1
2 0 2 17
2 1 29 5
2 3 37 1
2 4 62 1
2 5 1 6
2 6 10 25
2 8 180 12
2 10 6 1
2 11 1 19
2 12 17 1
2 13 11 5
2 15 10 3
2 17 97 1
2 20 90 1
3 0 15 26
3 1 37 24
3 2 6 1
3 4 1 17
3 5 85 11
3 6 1 7
3 7 10 8
3 8 14 11
3 10 247 2
3 11 156 1
3 12 107 1
3 15 1 23
3 16 52 20
3 17 9 2
3 18 73 18
3 20 101 2
3 23 5 23
3 24 75 5
3 26 41 8
4 1 220 1
4 2 1 28
4 5 48 1
4 6 10 19
4 8 5 12
4 9 197 1
4 11 1 22
4 12 30 15
4 14 25 5
4 16 4 6
4 17 209 2
4 18 321 1
4 23 1 26
4 27 2 10
5 0 78 17
5 1 201 4
5 2 29 2
5 3 13 24
5 4 35 1
5 6 18 16
5 7 35 1
5 8 8 3
5 9 8 1
5 10 2 16
5 11 136 1
5 12 1 21
5 15 14 3
5 16 31 16
5 18 5 10
5 19 1 3
5 21 27 2
5 24 33 1
5 27 7 2
6 1 87 1
6 2 1 8
6 3 2 27
6 4 45 1
6 5 33 1
6 7 1 25
6 8 131 1
6 9 173 1
6 10 101 1
6 11 24 5
6 12 276 20
6 13 1 2
6 15 1 24
6 17 3 18
6 21 15 26
6 24 18 27
7 1 224 1
7 2 295 1
7 3 271 1
7 5 12 2
7 6 3 18
7 8 163 24
7 9 4 21
7 11 19 1
7 12 1 5
7 15 1 17
7 17 129 2
7 20 148 1
7 22 9 4
7 23 1 10
7 24 233 1
7 25 2 15
8 0 354 2
8 0 150 7
8 1 77 2
8 2 191 1
8 3 30 24
8 4 82 27
8 5 53 25
8 6 8 15
8 7 10 17
8 9 2 29
8 10 137 1
8 11 166 1
8 12 1 16
8 13 30 29
8 14 2 22
8 16 48 20
8 17 1 11
8 18 47 26
8 19 1 15
8 21 6 4
8 24 51 8
8 25 5 10
9 0 102 19
9 1 16 8
9 5 92 1
9 6 8 13
9 7 57 2
9 8 2 18
9 10 11 8
9 11 194 1
9 13 6 3
9 14 41 2
9 21 33 2
10 2 55 1
10 4 4 9
10 5 1 26
10 7 33 1
10 8 166 1
10 9 17 10
10 11 109 16
10 12 2 20
10 13 2 21
10 14 13 4
10 15 41 22
10 20 179 19
10 23 2 28
10 24 1 3
10 25 7 13
11 0 214 1
11 2 4 19
11 3 2 22
11 5 182 1
11 6 35 22
11 7 21 5
11 8 2 1
11 9 306 1
11 10 2 16
11 13 2 24
11 14 99 1
11 15 2 5
11 16 1 29
11 22 165 1
11 23 94 1
11 24 71 1
11 25 42 1
11 27 23 16
12 1 64 16
12 4 20 1
12 5 5 2
12 6 1 11
12 8 2 13
12 9 61 1
12 10 1 2
12 13 21 1
12 15 122 2
12 20 6 2
12 21 40 3
12 22 42 2
13 2 8 4
13 6 32 1
13 9 28 2
13 10 129 1
13 11 121 1
13 12 1 14
13 26 1 4
14 0 13 3
14 1 27 1
14 2 1 11
14 3 19 2
14 6 10 1
14 7 13 26
14 8 6 19
14 10 3 7
14 12 167 15
14 13 8 1
14 15 3 24
14 16 4 18
14 17 1 23
14 22 5 29
14 27 1 18
15 0 94 1
15 1 75 4
15 3 58 7
15 5 6 5
15 7 1 8
15 10 4 25
15 11 49 12
15 12 1 22
15 17 2 3
15 18 23 12
16 0 136 5
16 1 32 5
16 3 13 11
16 4 10 10
16 5 12 17
16 7 1 20
16 8 45 17
16 9 2 20
16 10 1 7
16 12 1 12
16 17 21 1
16 21 9 20
16 24 32 2
16 27 35 27
17 0 287 1
17 1 157 1
17 2 175 1
17 3 6 8
17 4 1 15
17 5 1 19
17 6 59 1
17 8 177 1
17 11 62 1
17 16 6 3
17 20 1 7
17 24 2 15
18 1 70 1
18 2 1 19
18 3 73 2
18 4 37 1
18 7 4 9
18 9 86 1
18 13 1 27
18 16 3 19
18 17 6 2
18 22 1 14
19 0 1 6
19 1 29 1
19 2 41 16
19 3 1 10
19 5 16 1
19 10 1 24
19 11 5 2
19 17 126 1
19 20 107 1
20 0 127 1
20 5 5 29
20 8 6 1
20 9 53 4
20 12 8 9
20 16 1 15
20 17 1 17
20 19 2 21
20 21 1 27
20 22 34 1
20 23 61 1
21 0 2 13
21 2 1 22
21 7 1 26
21 8 7 16
21 10 17 3
21 24 26 27
22 1 1 10
22 6 1 12
22 7 25 3
22 9 3 2
22 11 17 2
22 15 1 27
22 21 1 4
22 23 8 1
22 25 8 20
23 0 2 8
23 1 2 25
23 5 11 20
23 6 28 2
23 7 190 1
23 10 89 3
23 12 19 4
23 20 6 6
23 22 25 8
24 0 60 26
24 1 86 25
24 3 65 25
24 5 13 27
24 7 25 5
24 8 113 9
24 9 54 5
24 10 1 26
24 11 187 1
24 16 66 9
24 23 3 19
25 1 15 1
25 7 222 1
25 8 134 1
25 10 35 9
25 11 7 4
25 17 92 1
25 27 17 1
26 5 22 12
26 7 31 16
26 8 4 23
26 20 59 12
26 27 99 16
27 0 1 2
27 6 77 4
27 7 1 6
27 8 1 27
27 9 1 4
27 11 3 23
27 15 1 18
27 17 79 17
27 24 2 16
27 26 41 2
