0 1 336 24
0 2 48 1
0 3 157 7
0 4 1 8
0 5 143 23
0 6 2 4
0 7 2 5
0 8 7 21
0 9 15 10
0 10 28 1
0 11 9 4
0 12 8 29
0 15 2 17
0 16 129 29
0 19 247 1
0 20 240 1
0 24 84 19
0 25 88 1
1 0 7 5
1 2 205 1
1 3 99 11
1 4 55 1
1 5 28 9
1 6 220 1
1 7 78 6
1 8 33 7
1 9 309 1
1 10 3 29
1 13 94 22
1 14 50 1
1 16 8 14
1 17 2 15
1 18 166 1
1 22 77 6
1 23 1 15
1 24 84 15
2 0 7 26
2 1 127 4
2 3 21 1
2 4 58 2
2 6 17 18
2 7 137 21
2 8 30 11
2 9 4 6
2 10 333 5
2 11 6 27
2 13 11 17
2 18 11 2
2 19 1 20
3 0 205 27
3 1 24 23
3 2 2 25
3 4 1 8
3 5 85 29
3 6 8 9
3 7 17 10
3 8 10 3
3 11 149 1
3 14 2 9
3 16 28 8
3 17 8 1
3 19 3 21
3 20 98 1
3 22 24 4
3 24 109 4
4 0 6 1
4 1 199 7
4 2 1 4
4 3 2 13
4 5 39 1
4 6 34 1
4 7 5 22
4 9 188 1
4 10 14 2
4 12 1 10
4 14 24 5
4 17 205 1
4 18 67 1
4 20 177 2
4 21 73 7
5 0 8 12
5 1 6 27
5 2 28 1
5 3 27 8
5 4 26 1
5 6 19 4
5 7 32 1
5 8 38 17
5 9 2 1
5 11 135 1
5 12 1 3
5 16 94 4
5 17 175 1
5 18 3 23
5 19 11 5
5 24 8 26
6 0 1 19
6 1 74 1
6 2 1 11
6 3 36 28
6 4 37 1
6 5 68 1
6 7 2 29
6 8 131 1
6 9 155 1
6 10 287 1
6 11 26 1
6 12 23 2
6 14 1 24
6 15 45 1
6 17 55 6
6 18 4 1
6 19 89 2
6 22 1 23
7 0 1 10
7 1 218 1
7 2 288 1
7 3 258 1
7 5 10 3
7 6 1 13
7 8 11 2
7 9 1 26
7 11 7 1
7 12 1 10
7 14 1 14
7 15 96 27
7 16 7 1
7 23 7 23
7 24 229 2
7 25 13 20
7 27 60 10
8 0 8 23
8 1 6 11
8 2 167 1
8 3 47 12
8 4 10 19
8 5 4 9
8 6 254 10
8 7 18 12
8 9 23 20
8 10 385 1
8 11 160 1
8 12 2 12
8 13 24 7
8 14 6 22
8 16 8 7
8 17 2 23
8 18 35 18
8 23 1 15
8 24 25 29
8 25 3 13
8 26 1 23
9 1 4 13
9 5 58 1
9 6 60 12
9 7 54 2
9 8 16 21
9 10 16 2
9 11 189 1
9 13 6 7
9 14 39 1
9 16 1 6
9 18 158 1
9 25 69 23
10 4 6 13
10 7 29 1
10 8 13 3
10 9 15 19
10 11 3 14
10 12 3 19
10 13 38 13
10 14 6 22
10 15 2 1
10 16 150 1
10 17 2 11
10 20 27 4
10 22 181 4
10 24 1 7
10 26 18 1
10 27 12 2
11 2 1 28
11 3 1 16
11 5 180 1
11 6 5 16
11 7 62 26
11 8 1 1
11 9 302 1
11 10 3 23
11 12 82 1
11 13 5 2
11 14 90 1
11 15 3 2
11 17 4 22
11 19 2 29
11 20 132 1
11 22 163 2
11 23 90 2
11 24 65 1
11 25 24 1
11 27 1 1
12 1 2 21
12 4 18 1
12 5 1 14
12 6 1 14
12 8 1 14
12 9 54 9
12 13 18 1
12 14 23 3
12 22 40 2
13 2 8 2
13 4 1 16
13 6 30 2
13 8 132 13
13 10 193 1
13 11 118 1
13 12 21 25
14 6 9 1
14 7 2 2
14 8 15 26
14 9 3 22
14 10 22 20
14 15 73 1
14 23 2 25
14 27 1 29
15 1 74 2
15 2 31 1
15 3 2 11
15 5 9 16
15 6 1 9
15 7 2 13
15 8 1 23
15 10 2 16
15 11 10 4
15 16 23 18
15 17 15 16
15 23 24 3
15 24 31 6
15 26 1 8
15 27 2 16
16 0 144 23
16 1 40 23
16 3 8 19
16 5 48 15
16 6 1 27
16 7 2 15
16 8 8 3
16 11 1 24
16 12 3 7
16 17 17 1
16 18 1 21
16 23 6 1
16 24 8 18
17 0 283 1
17 1 145 1
17 2 172 1
17 3 2 21
17 5 1 19
17 6 56 1
17 7 73 2
17 8 173 2
17 13 5 1
17 15 1 8
17 16 1 24
17 20 1 27
17 27 1 8
18 0 142 1
18 1 176 2
18 2 1 10
18 4 32 1
18 6 3 12
18 7 121 5
18 8 33 2
18 9 84 1
18 10 4 25
18 11 104 3
18 12 119 1
18 16 1 24
18 17 8 12
18 24 6 16
19 0 6 10
19 3 1 18
19 4 6 6
19 6 2 6
19 9 46 22
19 11 145 18
19 20 96 1
19 22 1 11
19 26 1 8
20 0 122 1
20 1 1 4
20 4 2 24
20 5 5 19
20 6 1 21
20 11 1 24
20 15 91 6
20 17 1 20
20 19 6 25
20 27 2 4
21 6 1 21
21 9 1 19
21 10 17 3
21 17 8 4
22 1 59 19
22 10 180 2
22 12 68 1
22 13 7 8
22 21 1 13
23 7 188 1
23 8 2 18
23 10 87 3
23 11 6 5
23 22 1 1
23 26 11 1
24 0 176 6
24 1 8 10
24 3 18 13
24 5 105 15
24 7 26 11
24 8 28 11
24 9 54 1
24 10 21 9
24 11 69 1
24 16 7 25
24 17 2 4
24 23 1 17
24 26 14 14
25 3 1 25
25 4 100 1
25 5 19 7
25 6 3 4
25 7 217 1
25 8 131 2
25 11 2 1
25 14 1 8
25 26 2 28
25 27 15 2
26 7 2 27
26 8 7 12
26 10 15 1
26 17 12 15
26 23 1 1
26 27 9 1
27 7 1 29
27 8 1 24
27 11 6 14
27 14 3 15
27 20 1 14
27 26 38 1
