0 1 70 16
0 2 45 1
0 3 26 23
0 4 1 13
0 5 9 3
0 6 2 3
0 7 5 20
0 8 91 10
0 11 9 12
0 12 6 19
0 16 43 16
0 17 2 23
0 19 243 1
0 20 237 1
0 22 68 3
0 23 1 7
0 24 4 24
1 0 3 20
1 2 188 1
1 3 7 16
1 4 42 1
1 5 42 1
1 6 208 1
1 7 1 27
1 8 75 7
1 9 307 1
1 10 17 3
1 16 30 10
1 17 1 1
1 19 16 21
1 24 4 14
2 0 18 16
2 1 185 25
2 3 28 1
2 4 56 1
2 6 2 14
2 10 2 1
2 11 1 9
2 12 16 1
2 14 3 15
2 17 91 2
2 24 1 27
2 27 1 10
3 0 50 22
3 1 10 21
3 2 24 20
3 4 1 2
3 5 43 26
3 7 15 5
3 8 56 13
3 10 55 1
3 11 145 1
3 12 106 3
3 16 60 3
3 19 2 23
3 20 97 1
3 21 4 9
3 24 185 15
3 26 41 7
4 0 5 4
4 1 57 1
4 2 161 24
4 3 2 29
4 5 33 1
4 6 7 8
4 7 1 24
4 9 182 1
4 12 1 24
4 16 219 1
4 17 203 1
4 18 63 1
5 0 5 23
5 1 22 26
5 2 27 1
5 3 4 2
5 4 20 1
5 6 69 24
5 7 30 2
5 8 99 6
5 9 1 2
5 12 17 28
5 15 13 6
5 16 25 4
5 18 1 2
5 20 1 19
5 24 5 10
6 0 286 10
6 1 67 1
6 2 4 7
6 3 1 6
6 4 33 1
6 5 101 1
6 7 2 9
6 8 60 29
6 9 109 1
6 10 280 1
6 11 1 1
6 12 22 1
6 15 10 21
6 17 16 29
6 18 186 1
6 23 14 1
6 24 1 26
6 25 62 2
6 27 7 6
7 0 3 16
7 1 215 1
7 2 283 1
7 3 24 1
7 5 9 3
7 6 1 16
7 8 17 24
7 9 1 18
7 10 1 16
7 11 2 1
7 12 2 20
7 13 1 19
7 14 18 27
7 15 9 1
7 17 126 1
7 18 1 8
7 20 143 1
7 24 227 2
7 25 1 3
7 27 2 22
8 0 19 11
8 1 2 26
8 2 154 1
8 3 33 18
8 4 46 8
8 6 82 24
8 7 5 28
8 9 193 11
8 10 377 29
8 11 157 1
8 12 4 7
8 16 40 3
8 17 3 26
8 18 5 12
8 21 9 14
8 22 5 1
8 24 55 12
8 25 2 24
9 0 137 14
9 1 17 2
9 4 1 1
9 5 39 1
9 6 13 14
9 7 53 1
9 8 7 14
9 10 224 14
9 11 186 1
9 13 1 28
9 14 37 2
9 24 79 1
9 26 52 6
10 1 1 6
10 2 51 2
10 3 3 1
10 4 1 12
10 5 1 20
10 7 27 1
10 8 4 1
10 9 8 9
10 11 3 6
10 12 1 14
10 13 2 5
10 14 3 9
10 16 149 19
10 17 251 19
10 18 102 3
10 19 89 2
10 24 3 8
10 25 2 29
10 26 18 4
11 0 208 1
11 1 288 29
11 2 81 9
11 3 48 26
11 4 4 18
11 5 178 1
11 6 1 17
11 7 99 16
11 10 80 24
11 14 85 1
11 15 2 10
11 16 3 6
11 17 3 10
11 19 2 8
11 22 162 3
11 23 88 1
11 24 61 1
11 25 13 1
11 27 1 17
12 1 2 1
12 3 11 2
12 4 17 3
12 5 1 12
12 6 2 14
12 8 2 12
12 9 401 1
12 10 1 23
12 11 8 3
12 14 22 1
12 22 39 3
12 26 53 12
13 4 3 18
13 6 30 2
13 7 4 28
13 10 126 2
13 12 12 12
13 16 28 1
13 20 32 2
13 22 4 1
13 27 1 12
14 1 25 1
14 10 8 5
14 11 258 27
14 13 5 1
14 15 69 1
14 17 1 24
14 23 1 1
14 27 5 14
15 0 93 1
15 1 74 2
15 2 30 5
15 6 1 1
15 7 6 16
15 8 1 3
15 9 23 7
15 10 3 20
15 11 10 9
15 23 24 3
16 0 49 25
16 1 51 7
16 2 77 13
16 3 5 11
16 4 3 14
16 5 39 7
16 6 1 13
16 8 12 11
16 9 1 5
16 13 4 18
16 17 15 2
16 24 85 21
17 0 281 1
17 1 138 1
17 2 170 1
17 3 6 8
17 4 1 11
17 6 54 2
17 8 171 2
17 11 59 3
17 15 76 6
17 16 2 13
17 18 1 5
17 27 3 9
18 2 7 2
18 3 72 3
18 4 30 1
18 6 2 10
18 7 5 18
18 8 32 2
18 11 104 1
18 12 118 8
18 16 21 29
18 17 1 11
18 20 14 6
18 25 28 20
19 0 2 14
19 1 26 1
19 7 1 8
19 9 34 14
19 10 1 3
19 14 10 6
19 17 124 2
19 20 87 1
19 24 4 9
20 0 119 2
20 1 117 4
20 7 1 1
20 10 3 6
20 14 60 1
20 17 3 20
20 19 3 19
20 26 2 1
21 5 30 27
21 7 1 19
21 10 17 1
21 12 9 1
21 17 2 6
22 6 1 10
22 7 23 3
22 9 20 28
22 10 179 2
22 12 67 1
22 14 1 2
22 15 2 22
22 20 25 1
22 23 6 3
23 0 2 11
23 1 92 10
23 6 27 1
23 7 187 2
23 10 86 1
23 11 7 25
23 15 20 2
23 17 35 1
23 18 37 25
23 22 25 3
24 0 4 24
24 1 94 15
24 2 29 29
24 3 53 24
24 4 34 7
24 5 4 7
24 7 5 21
24 8 50 25
24 10 2 12
24 11 63 1
24 14 34 4
24 16 39 10
24 18 42 1
24 25 17 2
24 26 1 28
24 27 42 3
25 0 13 5
25 7 214 1
25 9 51 1
25 10 19 8
25 11 17 29
25 18 1 7
25 23 2 3
25 26 2 21
26 6 6 9
26 8 1 10
26 21 4 17
26 22 6 1
27 1 3 13
27 6 76 2
27 7 4 3
27 10 129 3
27 20 30 10
27 26 36 2
