0 1 10 18
0 3 12 6
0 4 286 26
0 5 10 5
0 6 2 29
0 7 192 11
0 8 36 6
0 9 1 12
0 10 10 1
0 11 1 1
0 12 2 13
0 14 83 1
0 15 1 14
0 16 10 24
0 18 146 4
0 19 138 1
0 20 167 1
0 21 19 2
0 23 1 21
0 24 10 7
0 25 75 3
1 0 5 9
1 2 9 1
1 3 16 6
1 4 52 1
1 5 12 27
1 6 45 1
1 7 1 25
1 8 345 9
1 9 245 1
1 10 3 29
1 13 91 1
1 16 10 14
1 17 177 1
1 18 123 1
1 19 3 29
1 20 11 23
1 24 10 24
1 25 92 4
1 26 19 2
2 0 9 17
2 1 298 1
2 3 43 11
2 4 16 2
2 5 2 27
2 6 7 16
2 7 1 1
2 8 121 24
2 10 267 1
2 11 2 15
2 17 49 2
2 20 3 2
3 0 13 5
3 1 9 1
3 2 51 1
3 4 2 20
3 5 11 8
3 6 3 1
3 7 15 14
3 8 10 28
3 10 40 1
3 11 65 1
3 12 99 6
3 16 10 10
3 19 9 18
3 20 68 7
3 23 27 1
3 24 9 9
3 25 1 19
4 0 1 24
4 1 44 1
4 5 2 9
4 6 16 1
4 7 1 27
4 8 1 25
4 9 71 1
4 17 145 1
4 18 268 1
4 23 1 16
4 25 45 1
4 26 3 9
5 0 11 4
5 1 9 23
5 2 5 4
5 3 90 16
5 4 6 17
5 6 11 1
5 7 4 1
5 8 6 19
5 9 42 11
5 11 215 1
5 12 2 27
5 15 9 1
5 16 10 1
5 17 155 1
5 18 2 20
5 21 25 3
5 24 10 18
5 25 1 2
6 0 37 1
6 1 1 7
6 2 30 1
6 3 170 23
6 5 47 24
6 7 9 12
6 9 222 1
6 10 286 1
6 11 2 7
6 12 11 1
6 13 7 14
6 17 1 7
6 18 158 1
6 19 71 3
6 20 10 19
6 21 59 26
6 24 16 2
7 0 5 11
7 1 137 1
7 2 184 1
7 3 70 1
7 6 1 14
7 8 20 19
7 9 1 18
7 10 2 13
7 11 20 14
7 12 14 4
7 13 3 11
7 15 1 24
7 17 96 1
7 18 1 20
7 19 1 22
7 20 102 1
7 21 98 9
7 23 1 14
7 24 175 1
7 25 4 5
7 27 11 3
8 0 9 22
8 1 8 22
8 2 17 1
8 3 7 16
8 4 1 7
8 5 9 16
8 6 155 1
8 7 120 27
8 9 44 1
8 10 321 1
8 11 86 1
8 12 20 27
8 13 1 25
8 14 26 1
8 15 2 14
8 16 10 19
8 17 1 11
8 18 30 24
8 19 12 11
8 20 1 20
8 24 10 6
8 26 1 12
8 27 67 4
9 1 31 2
9 3 24 5
9 4 353 1
9 5 2 4
9 6 4 24
9 7 21 2
9 8 2 6
9 10 1 1
9 11 124 1
9 12 6 22
9 13 16 6
9 14 11 2
9 17 2 23
9 18 135 3
9 20 124 2
9 22 14 2
9 27 48 1
10 2 286 1
10 4 16 13
10 5 9 6
10 6 6 11
10 8 115 4
10 9 37 4
10 11 53 2
10 12 1 23
10 13 1 5
10 14 83 17
10 15 30 1
10 18 82 4
10 20 22 2
10 21 111 2
10 25 2 21
11 0 157 1
11 1 329 2
11 2 4 4
11 3 1 15
11 4 2 29
11 5 144 1
11 6 13 6
11 7 33 6
11 8 1 11
11 9 241 1
11 10 122 15
11 14 36 7
11 15 45 18
11 18 151 2
11 22 139 1
11 23 41 1
11 24 4 2
11 25 50 1
11 26 5 3
11 27 3 22
12 1 4 4
12 3 6 2
12 4 3 4
12 5 2 6
12 6 13 3
12 8 3 20
12 9 333 1
12 10 2 3
12 11 1 10
12 14 5 1
12 17 90 16
12 18 1 26
13 4 2 17
13 5 12 4
13 7 1 21
13 9 13 3
13 10 271 1
13 11 72 1
13 14 4 27
13 15 1 27
13 17 19 1
13 23 4 14
14 7 15 11
14 8 1 16
14 9 11 6
14 10 2 24
14 11 392 1
14 12 6 1
14 13 1 28
14 17 1 20
14 22 5 24
14 25 10 4
15 0 80 1
15 2 27 8
15 5 10 29
15 6 1 2
15 7 8 21
15 8 2 2
15 10 2 2
15 11 5 27
15 14 86 1
15 24 22 1
15 25 1 13
16 0 10 23
16 1 13 21
16 2 2 2
16 3 10 3
16 4 2 26
16 5 15 4
16 6 29 6
16 8 10 29
16 9 3 3
16 15 1 11
16 18 218 1
16 19 51 1
16 24 10 6
16 27 3 28
17 0 223 1
17 1 24 1
17 2 123 1
17 3 1 22
17 4 5 19
17 6 20 2
17 11 42 1
17 12 35 1
17 15 1 29
17 16 4 13
17 18 3 28
17 24 1 12
18 2 8 24
18 3 63 3
18 5 1 28
18 8 15 2
18 9 58 3
18 11 92 3
18 16 2 11
18 17 2 9
18 21 4 9
19 0 6 27
19 5 1 7
19 7 3 25
19 10 1 17
19 15 6 13
19 16 1 18
19 17 115 1
20 0 193 1
20 2 2 29
20 3 1 9
20 5 3 12
20 7 311 3
20 8 225 1
20 11 3 21
20 17 1 5
20 19 3 24
20 21 8 25
20 22 29 10
20 24 90 7
20 25 5 17
21 8 12 24
21 10 10 7
21 12 1 8
21 17 10 10
22 0 10 13
22 4 2 20
22 5 1 13
22 7 12 7
22 8 149 5
22 11 4 3
22 12 45 1
22 13 9 14
22 16 2 25
22 24 27 7
23 3 6 23
23 9 69 5
23 10 60 3
23 16 1 25
23 22 11 2
23 24 51 2
23 26 7 15
23 27 17 20
24 0 10 22
24 1 34 16
24 2 2 13
24 3 10 3
24 4 27 5
24 5 10 6
24 6 1 16
24 7 10 7
24 8 12 17
24 10 1 5
24 11 24 1
24 13 7 3
24 16 9 22
24 18 40 1
24 23 1 2
24 26 1 1
25 0 99 17
25 1 91 1
25 3 1 7
25 7 182 1
25 10 7 9
25 11 14 15
25 14 1 4
25 15 1 19
25 20 79 9
26 1 35 1
26 4 56 2
26 6 7 24
26 8 19 29
26 17 51 12
26 25 9 5
27 0 88 1
27 3 49 20
27 4 48 10
27 6 66 7
27 9 1 4
27 10 112 4
27 11 10 6
27 14 7 6
27 25 3 10
27 26 5 1
