0 1 202 21
0 3 135 18
0 5 101 18
0 6 1 24
0 7 4 28
0 8 289 4
0 9 9 20
0 11 1 10
0 12 1 4
0 16 33 8
0 17 249 9
0 19 89 1
0 20 133 1
0 24 186 14
1 0 51 28
1 2 2 15
1 3 31 19
1 4 132 1
1 5 291 4
1 6 14 1
1 7 1 26
1 8 310 11
1 9 211 1
1 10 3 27
1 11 331 1
1 12 39 1
1 13 86 29
1 15 109 1
1 16 91 17
1 17 143 1
1 18 103 1
1 20 1 28
1 24 91 23
1 25 86 4
2 0 1 4
2 1 189 1
2 3 5 12
2 5 2 20
2 6 1 16
2 7 132 1
2 8 5 1
2 10 227 1
2 14 1 11
2 15 37 2
2 17 32 2
2 19 1 2
2 20 78 1
2 27 3 2
3 0 205 15
3 1 120 20
3 2 19 1
3 5 14 29
3 6 12 15
3 7 8 6
3 8 14 14
3 10 224 1
3 16 83 21
3 19 7 10
3 20 99 1
3 24 13 8
4 1 2 2
4 2 169 20
4 5 8 26
4 6 255 1
4 7 3 3
4 8 1 3
4 9 33 1
4 11 4 20
4 12 3 26
4 14 9 1
4 16 189 3
4 17 117 1
4 18 206 1
4 21 66 1
4 25 40 27
5 0 14 19
5 1 44 16
5 3 64 25
5 4 2 6
5 6 399 1
5 8 26 5
5 9 7 29
5 10 360 1
5 12 1 20
5 13 25 4
5 16 31 26
5 17 144 1
5 18 5 13
5 19 35 11
5 21 24 6
5 24 52 3
5 25 11 17
6 1 6 5
6 4 11 4
6 5 52 7
6 7 2 14
6 8 81 14
6 9 35 1
6 10 128 1
6 11 1 22
6 12 257 1
6 17 2 16
6 21 1 2
6 24 37 18
6 25 59 2
7 0 1 3
7 1 102 1
7 2 130 1
7 3 160 1
7 4 1 7
7 6 9 25
7 8 415 11
7 9 1 20
7 10 4 22
7 11 26 26
7 12 4 3
7 13 7 16
7 14 231 1
7 15 1 20
7 17 82 1
7 19 35 2
7 20 83 1
7 23 1 4
7 24 148 1
7 25 1 20
7 27 1 23
8 0 13 21
8 1 106 6
8 2 1 22
8 3 11 29
8 4 3 10
8 5 80 14
8 6 71 11
8 7 3 5
8 9 1 23
8 10 247 1
8 11 303 1
8 12 1 20
8 13 1 8
8 14 25 1
8 15 5 5
8 16 36 4
8 17 1 21
8 18 7 1
8 21 4 25
8 24 14 24
8 26 1 9
9 0 95 11
9 1 5 27
9 4 342 1
9 5 5 26
9 6 213 1
9 7 10 2
9 8 2 8
9 10 14 1
9 11 95 2
9 12 9 29
9 13 48 5
9 15 104 1
9 16 2 28
9 17 1 9
9 22 10 2
10 2 266 1
10 5 2 3
10 6 2 9
10 7 1 19
10 8 52 1
10 9 5 28
10 11 75 2
10 12 10 1
10 13 2 23
10 14 4 3
10 15 17 1
10 20 164 1
10 21 108 26
10 22 155 1
10 25 15 8
10 26 1 7
10 27 1 3
11 0 132 1
11 3 11 25
11 4 54 29
11 5 126 2
11 6 1 9
11 7 335 23
11 7 174 6
11 8 1 21
11 9 210 1
11 10 40 5
11 12 46 3
11 13 34 11
11 14 57 1
11 15 16 9
11 16 1 1
11 17 1 27
11 23 24 1
11 25 5 1
11 26 1 6
11 27 3 15
12 0 71 1
12 1 130 24
12 5 1 19
12 6 1 6
12 7 3 16
12 9 259 1
12 10 35 25
12 15 101 8
12 16 5 16
12 19 3 25
13 0 2 2
13 7 1 3
13 10 239 1
13 11 52 1
13 14 1 1
13 23 4 12
14 7 1 6
14 8 1 14
14 9 20 29
14 11 356 1
14 12 151 1
14 17 4 27
14 22 2 1
14 24 1 10
14 26 8 10
14 27 1 20
15 7 27 1
15 8 48 29
15 9 100 1
15 10 3 8
15 11 9 18
15 12 1 7
15 14 48 1
15 16 19 13
15 18 19 14
15 26 1 18
16 0 14 8
16 1 31 20
16 3 138 20
16 5 34 16
16 6 30 15
16 8 109 14
16 10 2 24
16 11 3 15
16 13 3 1
16 17 4 12
16 18 65 1
16 24 75 4
17 0 193 1
17 1 1 28
17 2 100 1
17 3 2 14
17 4 1 12
17 5 47 12
17 8 106 1
17 10 169 1
17 16 1 13
17 19 3 20
17 21 1 16
18 0 113 3
18 1 197 1
18 4 1 20
18 6 1 5
18 7 1 3
18 9 47 2
18 10 11 12
18 16 1 23
18 17 4 5
18 20 2 29
18 21 4 26
19 0 1 10
19 3 1 19
19 6 1 14
19 7 2 8
19 17 109 2
19 20 5 8
20 0 158 1
20 1 138 24
20 2 10 20
20 5 1 23
20 7 301 1
20 8 39 1
20 11 2 21
20 14 49 29
20 16 1 17
20 17 25 28
20 19 17 2
20 23 53 20
21 0 1 8
21 5 1 12
21 7 35 26
21 11 72 17
21 14 1 19
21 17 1 26
21 18 38 19
22 4 81 10
22 6 5 7
22 10 142 2
22 12 35 2
22 14 4 19
22 24 2 26
23 7 149 1
23 10 48 2
23 15 3 2
23 18 37 1
23 20 2 9
23 22 5 2
24 0 84 28
24 1 14 3
24 3 39 25
24 5 86 22
24 6 72 16
24 7 1 21
24 8 65 15
24 11 102 1
24 15 22 2
24 16 94 12
24 20 1 9
24 22 1 23
24 26 5 17
25 0 99 2
25 4 91 1
25 7 21 1
25 8 84 1
25 10 1 6
25 11 22 13
25 12 1 24
25 15 4 27
25 16 2 11
25 17 86 5
25 18 3 9
25 24 48 8
25 26 3 13
26 2 1 8
26 3 20 2
26 17 15 9
26 24 1 9
26 27 35 1
27 0 85 6
27 2 34 26
27 4 46 1
27 5 1 13
27 11 6 12
27 12 4 17
27 13 11 23
27 18 27 9
27 23 19 19
27 25 1 17
