0 1 37 21
0 2 1 2
0 3 65 18
0 4 1 7
0 5 50 19
0 6 5 19
0 8 22 9
0 10 6 21
0 16 78 11
0 17 181 1
0 19 2 20
0 20 15 28
0 24 33 29
0 26 1 5
1 0 26 8
1 2 224 1
1 3 43 25
1 4 144 1
1 5 21 18
1 6 4 27
1 7 1 19
1 8 18 8
1 9 1 3
1 10 183 1
1 11 331 1
1 12 2 3
1 14 107 2
1 16 20 9
1 17 18 1
1 18 50 9
1 20 208 1
1 21 1 24
1 22 1 2
1 23 76 11
1 24 20 21
1 25 6 23
1 26 1 27
2 0 307 1
2 1 125 11
2 3 6 12
2 4 1 6
2 7 78 1
2 8 3 15
2 9 7 25
2 10 6 18
2 11 1 14
2 17 4 6
2 23 18 15
3 0 370 19
3 1 53 16
3 2 76 1
3 4 87 19
3 5 21 6
3 6 1 10
3 7 1 18
3 8 35 9
3 10 8 1
3 11 306 1
3 15 1 6
3 16 25 13
3 20 5 8
3 22 1 23
3 24 20 18
3 25 41 8
3 27 1 13
4 0 65 1
4 1 5 13
4 2 1 5
4 3 102 2
4 5 97 1
4 6 77 1
4 8 8 8
4 9 25 22
4 10 1 17
4 11 156 2
4 14 15 1
4 16 134 2
4 17 8 10
4 20 138 2
4 22 7 19
4 24 82 11
4 25 1 24
5 0 40 29
5 1 42 8
5 3 32 25
5 4 69 1
5 6 37 16
5 8 20 12
5 9 242 1
5 10 15 12
5 11 2 28
5 12 12 20
5 13 2 10
5 16 20 17
5 17 1 10
5 18 73 1
5 20 69 3
5 24 20 10
6 0 1 6
6 1 149 1
6 2 174 1
6 3 1 2
6 4 23 1
6 5 8 27
6 7 75 1
6 8 29 1
6 9 3 29
6 10 385 1
6 11 246 1
6 12 305 2
6 16 4 10
6 17 134 1
6 18 5 21
6 20 2 18
6 21 46 1
6 26 2 6
6 27 1 21
7 0 204 1
7 2 6 25
7 3 3 18
7 5 10 8
7 8 264 6
7 10 290 1
7 11 244 22
7 11 224 17
7 12 55 2
7 14 2 23
7 15 38 1
7 16 1 8
7 20 24 2
7 23 5 26
7 24 63 1
7 25 289 1
8 0 77 27
8 1 23 12
8 2 1 16
8 3 38 26
8 5 31 10
8 6 104 4
8 7 165 1
8 9 218 1
8 10 149 1
8 11 169 1
8 14 1 12
8 16 49 10
8 17 1 10
8 20 5 21
8 24 62 28
8 25 1 22
9 0 1 29
9 1 1 8
9 2 65 1
9 3 16 2
9 4 10 29
9 5 96 1
9 6 344 1
9 7 111 1
9 8 121 1
9 10 302 1
9 11 10 27
9 12 1 15
9 14 1 28
9 15 115 1
9 18 53 1
9 24 1 24
9 27 2 17
10 2 215 1
10 4 377 1
10 5 1 27
10 6 436 1
10 8 312 1
10 9 450 12
10 11 1 9
10 13 85 29
10 14 237 1
10 15 297 1
10 17 4 23
10 20 5 23
10 23 131 2
10 24 2 20
10 25 2 22
10 26 2 14
11 0 349 1
11 1 262 1
11 3 2 2
11 5 1 25
11 7 210 1
11 10 11 1
11 12 215 1
11 13 3 8
11 14 406 1
11 15 11 1
11 16 1 21
11 17 2 13
11 18 1 13
11 20 152 2
11 23 2 5
11 24 335 1
11 25 86 1
11 27 101 2
12 1 117 12
12 3 1 1
12 4 6 4
12 5 174 1
12 6 7 5
12 8 219 2
12 9 14 16
12 10 135 1
12 11 151 1
12 13 21 12
12 16 2 9
12 22 2 5
12 25 1 22
13 0 81 15
13 8 5 5
13 9 2 11
13 10 1 25
13 11 2 17
13 12 3 7
13 14 15 1
13 15 20 3
13 16 1 18
13 19 4 13
13 23 1 24
14 6 3 11
14 7 1 12
14 8 236 1
14 10 20 19
14 11 3 22
14 13 11 1
14 15 1 18
15 0 1 24
15 7 11 20
15 8 155 1
15 9 72 1
15 10 96 1
15 11 269 1
15 13 4 23
15 18 1 27
15 19 1 11
15 25 6 8
16 0 84 19
16 1 20 11
16 3 25 7
16 5 20 23
16 6 29 4
16 8 20 10
16 18 86 1
16 21 19 23
16 22 23 16
16 24 20 27
17 0 215 1
17 1 1 2
17 2 73 1
17 3 189 2
17 4 319 1
17 9 11 2
17 12 147 15
17 16 6 1
17 18 9 10
17 19 1 25
17 20 1 21
17 23 55 1
18 0 167 17
18 2 85 9
18 4 305 1
18 5 1 12
18 12 36 1
18 16 1 3
18 17 177 1
18 23 13 15
19 0 7 15
19 1 202 1
19 2 32 1
19 3 1 13
19 8 3 19
19 10 110 1
19 16 44 17
19 20 418 1
19 21 9 23
19 24 1 8
19 27 17 2
20 0 1 24
20 1 17 16
20 2 176 3
20 4 3 19
20 5 3 15
20 7 1 15
20 10 106 2
20 11 1 9
20 14 1 19
20 15 2 3
20 19 46 1
20 25 85 10
21 7 101 23
21 11 1 9
21 14 19 20
21 20 20 3
21 25 14 21
22 8 108 4
22 11 51 3
22 14 2 15
22 21 4 21
22 24 1 22
23 0 1 21
23 4 53 2
23 7 3 22
23 8 1 26
23 10 67 1
23 22 1 8
23 24 31 4
24 0 36 21
24 1 21 12
24 3 20 4
24 5 20 17
24 6 92 4
24 8 20 24
24 10 8 25
24 11 4 1
24 12 1 13
24 16 20 20
24 26 43 5
25 0 6 13
25 1 1 9
25 4 17 3
25 7 4 6
25 8 49 1
25 11 290 11
25 13 17 5
25 20 5 5
25 23 9 26
25 26 1 28
26 10 1 20
26 11 1 15
26 14 1 16
26 15 12 10
26 27 1 9
27 7 2 18
27 8 1 11
27 13 9 8
27 17 19 21
27 25 69 2
27 26 1 22
