0 1 11 22
0 2 318 1
0 3 17 8
0 4 26 22
0 5 54 27
0 6 1 14
0 7 1 17
0 8 17 23
0 11 114 1
0 13 1 2
0 16 108 28
0 17 170 1
0 18 122 4
0 19 5 2
0 20 5 5
0 23 3 27
0 24 142 25
0 26 1 19
1 0 176 27
1 2 165 1
1 3 14 26
1 4 106 1
1 5 99 8
1 6 5 13
1 8 15 10
1 9 1 28
1 10 171 1
1 11 327 2
1 16 16 24
1 17 348 1
1 20 202 1
1 21 2 5
1 23 1 13
1 24 35 28
2 0 299 1
2 1 65 15
2 3 54 15
2 4 1 17
2 6 1 22
2 7 64 1
2 8 14 11
2 10 1 3
2 11 2 8
2 14 2 1
2 18 22 7
2 23 2 9
3 0 14 3
3 1 259 27
3 2 33 1
3 4 10 21
3 5 122 1
3 6 18 28
3 7 5 5
3 8 39 27
3 10 5 1
3 11 292 1
3 15 3 10
3 16 37 26
3 17 16 28
3 20 4 13
3 24 16 7
4 0 55 1
4 1 8 17
4 2 1 19
4 5 66 1
4 6 56 1
4 8 4 6
4 9 2 15
4 10 1 14
4 11 151 1
4 12 267 1
4 16 128 3
4 17 25 21
4 19 130 2
4 21 37 3
5 0 17 2
5 1 81 20
5 3 16 20
5 4 27 19
5 6 13 23
5 7 323 1
5 8 35 8
5 9 157 1
5 10 16 7
5 11 1 1
5 12 4 1
5 14 15 22
5 15 16 11
5 16 136 9
5 17 3 14
5 18 69 2
5 20 67 5
5 24 59 24
5 25 10 1
6 0 5 7
6 1 127 1
6 2 154 1
6 3 11 26
6 4 3 1
6 5 13 28
6 7 375 1
6 9 10 8
6 10 345 1
6 11 232 1
6 12 299 1
6 13 2 16
6 15 2 9
6 16 2 21
6 17 124 1
6 18 1 26
6 19 141 8
6 21 44 7
6 25 154 1
7 0 188 1
7 1 4 2
7 2 4 11
7 4 1 16
7 5 6 22
7 8 232 1
7 9 2 5
7 10 269 8
7 11 7 20
7 12 52 1
7 14 1 15
7 15 28 1
7 17 2 2
7 18 119 27
7 20 20 2
7 23 1 23
7 24 55 1
7 25 277 1
7 26 101 1
8 0 78 8
8 1 55 17
8 2 1 28
8 3 60 29
8 5 32 8
8 6 270 14
8 7 101 8
8 9 193 1
8 10 155 1
8 11 363 1
8 12 189 1
8 14 22 28
8 16 77 2
8 17 6 18
8 19 11 28
8 20 1 27
8 24 83 25
9 1 1 2
9 5 46 1
9 6 302 9
9 7 102 1
9 8 99 1
9 10 73 1
9 11 3 10
9 12 6 5
9 13 16 2
9 18 49 2
9 24 2 6
9 27 1 28
10 2 200 1
10 4 371 1
10 5 2 20
10 6 102 1
10 8 196 10
10 9 442 24
10 9 11 29
10 11 199 1
10 13 3 1
10 14 195 1
10 15 286 1
10 16 1 9
10 17 2 1
10 18 137 3
10 20 2 25
10 22 2 19
10 23 126 1
10 24 1 7
10 25 1 26
10 27 155 2
11 2 4 24
11 3 4 21
11 4 7 2
11 7 240 1
11 8 412 21
11 10 366 1
11 12 211 2
11 14 401 1
11 20 147 1
11 22 1 22
11 23 1 11
11 24 315 1
11 25 58 1
11 27 93 2
12 0 23 2
12 1 118 24
12 2 82 3
12 5 166 1
12 8 212 1
12 9 3 12
12 10 124 1
12 13 118 5
12 15 128 8
12 18 12 27
12 21 2 23
12 22 107 5
12 24 2 23
12 27 1 11
13 7 13 1
13 9 2 24
13 10 7 1
13 12 1 25
13 14 9 1
13 17 2 11
13 23 1 26
14 3 2 14
14 6 1 6
14 7 6 12
14 8 224 1
14 10 3 7
14 11 1 13
14 15 1 2
14 18 1 22
14 25 45 27
14 26 30 1
15 0 7 25
15 1 1 12
15 4 86 4
15 7 365 29
15 8 149 1
15 9 68 1
15 10 83 1
15 11 29 1
15 13 3 19
15 14 7 21
15 19 1 4
15 27 1 1
16 0 96 18
16 1 55 21
16 2 80 21
16 3 103 28
16 4 1 10
16 5 74 1
16 7 1 8
16 8 34 6
16 9 5 29
16 17 1 25
16 18 72 1
16 20 103 21
16 24 74 16
17 0 204 1
17 2 66 1
17 3 185 1
17 4 312 1
17 5 184 1
17 6 1 13
17 15 6 25
17 16 420 1
17 18 11 2
17 20 2 28
17 25 37 1
17 26 1 10
18 0 1 27
18 1 4 3
18 3 2 20
18 4 284 1
18 5 3 25
18 11 27 1
18 14 2 16
18 16 4 20
18 26 37 3
19 0 5 5
19 1 198 1
19 7 2 6
19 10 108 5
19 11 1 3
19 20 383 1
19 26 10 19
20 0 3 24
20 1 1 26
20 2 173 2
20 3 215 1
20 5 26 19
20 7 1 10
20 9 155 2
20 10 102 1
20 11 193 3
20 19 25 1
20 24 5 2
20 25 84 3
21 1 1 29
21 8 5 6
21 9 2 13
21 14 1 3
21 17 1 28
21 19 3 9
21 23 20 28
22 1 72 1
22 3 2 6
22 8 106 1
22 11 47 2
22 13 2 18
22 18 2 19
22 23 2 2
22 26 19 13
23 0 1 26
23 11 1 5
23 20 1 26
23 24 28 2
23 26 1 9
24 0 62 19
24 1 56 26
24 2 2 18
24 3 17 11
24 4 104 18
24 5 35 26
24 7 2 13
24 8 17 24
24 9 22 1
24 11 3 3
24 14 16 3
24 16 40 2
24 19 18 7
24 20 66 16
24 22 8 5
25 4 16 1
25 6 65 3
25 7 45 28
25 8 45 1
25 11 285 1
25 15 4 9
25 22 1 16
25 24 1 5
26 0 49 8
26 5 1 12
26 10 2 20
26 17 2 12
26 23 8 8
26 25 37 2
26 27 1 5
27 0 1 22
27 2 15 8
27 4 51 1
27 7 1 17
27 10 2 8
27 11 1 11
27 26 1 2
