0 1 12 2
0 2 2 24
0 3 18 15
0 4 5 16
0 5 34 22
0 6 4 11
0 7 31 1
0 8 15 24
0 9 1 1
0 10 1 27
0 11 193 1
0 14 12 1
0 16 15 28
0 17 265 1
0 19 4 4
0 20 2 5
0 23 1 10
0 24 33 26
0 25 115 1
0 27 35 1
1 0 41 3
1 2 17 15
1 3 204 13
1 4 109 1
1 5 38 25
1 6 49 1
1 7 1 3
1 8 15 6
1 10 275 2
1 16 14 16
1 17 430 1
1 18 1 9
1 19 196 12
1 24 34 20
1 27 1 8
2 0 1 26
2 1 8 10
2 3 60 1
2 6 36 1
2 7 224 1
2 8 101 1
2 11 1 22
2 13 19 15
2 14 9 1
2 24 2 11
3 0 31 7
3 1 16 7
3 2 1 3
3 4 80 17
3 5 14 10
3 6 1 7
3 7 4 2
3 8 29 6
3 10 50 1
3 15 1 1
3 16 32 25
3 17 1 21
3 18 1 11
3 20 1 16
3 24 15 29
4 0 162 1
4 1 37 1
4 3 162 2
4 5 420 1
4 6 317 1
4 8 2 11
4 9 2 6
4 10 1 17
4 18 67 1
4 26 47 5
5 0 35 13
5 1 15 29
5 2 2 13
5 3 14 9
5 4 316 1
5 6 137 1
5 8 19 7
5 9 2 21
5 10 1 10
5 11 1 11
5 12 169 19
5 15 25 1
5 16 32 3
5 24 412 16
5 27 10 6
6 0 1 22
6 1 201 1
6 2 318 1
6 3 2 21
6 4 7 14
6 5 165 1
6 7 228 5
6 8 106 1
6 9 25 1
6 10 252 1
6 11 344 1
6 16 1 20
6 17 213 1
6 26 1 24
6 27 1 21
7 0 332 1
7 2 10 15
7 3 8 6
7 5 2 6
7 6 83 1
7 8 1 10
7 10 373 1
7 11 10 19
7 13 2 24
7 15 161 1
7 23 1 16
7 24 134 1
7 26 122 1
7 27 61 1
8 0 16 14
8 1 14 10
8 2 212 1
8 3 13 25
8 4 47 1
8 5 327 28
8 6 78 1
8 7 13 1
8 9 299 1
8 10 111 3
8 11 214 1
8 12 253 1
8 13 1 1
8 14 1 6
8 16 53 14
8 17 3 8
8 18 200 1
8 23 8 2
8 24 29 5
8 27 126 4
9 2 105 2
9 3 39 4
9 4 1 25
9 5 140 3
9 6 2 5
9 7 183 1
9 8 326 1
9 10 322 1
9 11 3 19
9 12 2 21
9 14 2 25
9 18 87 1
9 19 62 8
10 1 25 1
10 2 320 1
10 3 40 1
10 5 2 19
10 6 2 24
10 7 44 1
10 8 9 4
10 9 388 16
10 11 169 1
10 12 19 2
10 13 2 18
10 15 354 1
10 19 1 11
10 22 1 20
11 2 1 2
11 6 1 12
11 7 335 1
11 8 1 19
11 10 2 1
11 13 2 11
11 14 1 19
11 15 337 1
11 17 1 19
11 24 441 1
11 25 399 1
11 27 165 2
12 2 98 1
12 4 1 29
12 8 271 1
12 9 9 1
12 10 228 1
12 11 185 1
12 13 2 16
12 14 1 13
12 19 1 16
12 20 44 1
12 21 1 21
12 22 1 15
13 4 61 3
13 6 50 21
13 7 42 1
13 8 68 23
13 9 2 3
13 10 2 9
13 11 1 18
13 14 80 1
13 15 28 16
13 21 10 17
14 0 102 1
14 7 1 28
14 10 15 1
14 11 15 2
14 12 1 1
14 13 76 2
14 15 36 1
14 20 70 3
14 26 30 24
15 1 1 27
15 6 1 26
15 7 1 1
15 8 199 1
15 9 101 1
15 10 208 1
15 11 207 1
15 12 1 19
15 14 4 8
15 23 40 22
16 0 14 18
16 1 15 16
16 2 1 10
16 3 15 24
16 4 1 7
16 5 15 27
16 8 33 4
16 13 25 15
16 17 53 1
16 18 212 1
16 24 14 15
16 25 18 23
17 0 294 1
17 1 124 1
17 2 137 1
17 3 218 1
17 4 359 2
17 6 1 20
17 8 1 19
17 10 1 9
17 11 65 2
17 16 2 17
17 18 160 27
17 24 93 15
18 1 34 1
18 4 439 1
18 5 44 22
18 12 51 3
18 16 1 16
18 19 46 18
18 20 21 4
19 1 221 4
19 11 1 15
19 16 1 26
19 17 1 1
19 20 1 17
19 24 20 5
20 0 2 29
20 3 266 1
20 10 137 1
20 11 1 4
20 17 26 1
20 19 340 1
20 22 1 14
20 23 1 17
20 26 20 1
21 0 46 10
21 8 11 8
21 10 83 1
21 11 1 26
21 22 3 8
22 6 32 6
22 7 1 24
22 8 129 3
22 9 56 3
22 12 9 6
22 18 27 24
22 23 21 5
23 11 17 1
24 0 15 2
24 1 15 26
24 3 14 4
24 5 15 23
24 6 111 4
24 7 1 10
24 8 51 27
24 9 38 4
24 11 1 9
24 16 34 17
24 18 47 22
24 23 1 10
24 26 60 5
25 0 1 15
25 6 94 1
25 7 1 3
25 8 89 1
25 10 12 1
25 11 1 9
25 16 9 27
25 26 1 6
26 2 25 1
26 10 1 16
26 27 20 2
27 6 6 3
27 11 1 23
