0 1 64 9
0 2 236 1
0 3 17 9
0 4 1 24
0 5 20 11
0 6 67 21
0 7 4 28
0 8 21 8
0 9 1 29
0 10 290 1
0 11 54 1
0 16 20 18
0 17 88 1
0 18 94 3
0 20 1 18
0 22 1 10
0 23 47 12
0 24 20 25
0 25 85 2
1 0 19 26
1 2 50 1
1 3 18 23
1 4 4 12
1 5 41 18
1 6 4 4
1 7 413 2
1 8 191 7
1 9 1 25
1 10 85 1
1 11 286 1
1 12 218 1
1 14 80 1
1 15 35 20
1 16 35 23
1 17 118 1
1 18 1 11
1 19 207 3
1 20 154 2
1 24 20 28
1 25 1 10
2 0 198 1
2 1 203 1
2 3 25 1
2 4 8 8
2 6 1 6
2 8 9 1
2 9 167 2
2 10 12 14
2 17 1 12
2 19 2 21
2 20 2 26
2 26 10 2
3 0 18 24
3 1 19 23
3 2 31 23
3 4 1 1
3 5 51 23
3 6 3 17
3 7 289 1
3 8 66 4
3 9 2 24
3 11 165 1
3 14 1 22
3 16 22 26
3 17 3 1
3 18 8 3
3 20 40 22
3 21 10 25
3 24 20 7
3 27 3 8
4 1 5 23
4 2 1 2
4 3 41 2
4 5 4 17
4 6 1 24
4 7 322 1
4 9 184 1
4 10 35 24
4 11 108 2
4 16 83 1
4 18 2 14
4 19 111 2
4 20 108 1
4 22 1 15
4 23 28 1
4 24 1 13
5 0 40 22
5 1 98 5
5 2 92 4
5 3 20 29
5 6 74 1
5 7 272 1
5 8 15 2
5 9 4 4
5 10 2 28
5 14 8 28
5 16 33 18
5 17 8 5
5 18 38 1
5 21 1 29
5 24 73 14
6 0 16 5
6 2 30 1
6 3 7 1
6 4 54 1
6 5 264 1
6 7 228 1
6 8 19 7
6 9 4 18
6 10 79 1
6 11 128 1
6 13 4 27
6 15 5 11
6 17 55 2
6 18 1 12
6 23 70 23
6 25 144 3
6 27 109 24
7 0 73 1
7 1 414 2
7 2 1 1
7 3 129 1
7 6 2 1
7 8 295 1
7 10 134 1
7 11 4 29
7 12 28 1
7 13 4 7
7 14 1 18
7 17 1 3
7 21 2 26
7 25 163 1
7 26 80 3
7 27 7 2
8 0 442 25
8 1 18 13
8 2 50 29
8 3 33 4
8 4 1 8
8 5 17 18
8 6 385 28
8 7 16 1
8 9 127 1
8 10 4 20
8 11 263 1
8 12 127 1
8 13 1 14
8 14 4 1
8 16 80 25
8 17 1 10
8 18 121 1
8 19 4 13
8 20 1 21
8 21 1 27
8 24 52 22
8 25 2 18
9 0 2 23
9 1 3 20
9 2 25 3
9 4 439 1
9 5 7 15
9 6 85 18
9 7 43 1
9 8 1 2
9 10 57 1
9 12 133 1
9 14 1 3
9 15 84 2
9 17 9 1
9 19 39 2
9 22 48 5
9 24 1 21
10 0 282 1
10 1 3 13
10 2 85 1
10 4 305 1
10 5 59 22
10 6 98 1
10 7 5 3
10 8 141 1
10 9 254 1
10 11 12 1
10 12 8 22
10 13 2 10
10 14 84 1
10 15 176 1
10 16 1 22
10 20 1 22
10 22 23 25
10 24 2 12
10 26 1 28
11 0 308 1
11 1 192 1
11 2 51 10
11 3 3 19
11 5 2 1
11 6 7 1
11 7 2 9
11 8 144 7
11 9 343 1
11 10 224 1
11 13 1 19
11 14 288 1
11 15 5 3
11 17 2 5
11 18 1 12
11 19 11 28
11 20 108 1
11 21 4 6
11 23 1 1
11 24 146 1
11 25 1 1
11 27 39 1
12 0 11 1
12 3 3 12
12 4 1 26
12 5 102 1
12 7 1 15
12 9 13 5
12 10 47 1
12 11 108 1
12 14 1 1
12 15 118 5
12 16 6 22
12 19 1 11
12 23 102 4
12 26 4 1
13 0 84 5
13 2 3 20
13 8 120 19
13 9 6 9
13 11 7 24
13 12 31 14
13 14 2 28
13 21 5 1
13 22 3 2
14 2 4 10
14 5 1 2
14 6 1 3
14 8 122 1
14 9 4 21
14 10 43 2
14 11 12 14
14 15 1 4
14 21 19 2
14 24 24 2
15 0 1 22
15 3 3 17
15 4 72 3
15 6 131 17
15 7 3 14
15 8 97 1
15 9 40 1
15 10 10 3
15 12 1 23
15 14 44 1
15 16 1 11
15 17 29 5
15 22 2 1
16 0 20 1
16 1 57 2
16 3 23 10
16 5 35 24
16 8 70 8
16 9 2 9
16 10 1 3
16 17 3 28
16 18 2 3
16 24 46 17
16 27 1 29
17 0 118 1
17 1 4 14
17 2 18 2
17 3 142 1
17 6 2 19
17 7 274 2
17 8 1 11
17 10 4 7
17 14 78 2
17 16 336 1
17 18 188 25
17 19 1 8
17 20 1 20
18 2 72 2
18 4 114 1
18 9 3 15
18 14 2 3
18 17 131 1
18 20 1 5
18 23 10 13
19 0 1 11
19 1 154 1
19 10 94 4
19 11 3 1
19 20 74 1
20 0 3 25
20 1 3 16
20 7 1 13
20 8 2 23
20 9 151 8
20 10 73 1
20 14 1 9
20 19 10 19
20 22 1 1
20 23 68 22
20 25 76 2
21 6 76 2
21 7 1 13
21 10 54 6
21 11 2 21
21 13 2 11
21 14 1 4
22 0 3 22
22 1 65 1
22 3 2 9
22 7 3 26
22 8 81 2
22 9 27 1
22 10 1 27
22 11 19 2
22 12 1 12
23 7 4 24
23 8 2 11
23 10 30 3
23 11 8 26
23 15 1 13
23 22 16 1
23 24 7 3
24 0 20 26
24 1 20 19
24 3 44 26
24 5 20 6
24 8 172 9
24 9 11 1
24 11 335 1
24 12 1 25
24 15 7 29
24 16 19 20
24 23 7 5
24 26 23 2
25 0 4 29
25 1 1 4
25 4 7 11
25 6 41 1
25 7 79 24
25 8 15 3
25 10 1 18
25 11 165 1
25 15 1 1
25 17 87 6
25 20 2 9
25 27 1 14
26 3 3 4
26 6 2 16
26 7 14 4
26 10 1 3
26 11 4 8
26 23 5 1
26 24 1 7
26 25 24 6
26 27 8 29
27 0 2 16
27 2 11 10
27 3 4 24
27 4 42 4
27 5 5 3
27 8 3 2
27 9 1 24
27 11 259 18
27 18 1 9
27 20 2 9
27 25 25 1
27 26 1 3
