0 1 39 13
0 2 232 1
0 3 24 6
0 5 101 10
0 7 2 28
0 8 38 21
0 9 1 17
0 11 52 1
0 12 1 16
0 16 21 20
0 17 85 1
0 18 94 1
0 20 2 3
0 24 20 29
0 27 15 4
1 0 33 27
1 2 41 1
1 3 37 1
1 4 1 20
1 5 21 13
1 6 13 8
1 8 80 15
1 9 16 2
1 10 83 1
1 11 284 2
1 14 80 1
1 15 1 4
1 16 20 12
1 17 112 1
1 18 99 27
1 19 207 1
1 24 24 16
1 25 1 28
2 0 195 1
2 1 195 1
2 3 11 1
2 4 5 3
2 6 26 29
2 8 60 14
2 9 167 2
2 10 6 24
2 11 1 11
2 17 2 24
2 20 1 7
2 23 4 4
3 0 18 29
3 1 19 22
3 2 27 27
3 4 172 16
3 5 41 28
3 6 49 9
3 7 34 1
3 8 23 12
3 9 1 26
3 10 1 28
3 11 161 1
3 16 56 13
3 17 35 12
3 18 43 26
3 20 3 7
3 24 70 10
4 1 5 7
4 2 14 29
4 5 5 26
4 7 321 1
4 8 25 24
4 9 274 17
4 10 1 18
4 11 107 1
4 12 235 1
4 14 2 6
4 15 3 22
4 18 6 11
4 20 107 2
4 22 1 11
4 25 1 18
5 0 63 14
5 1 19 18
5 3 52 5
5 6 21 1
5 7 270 1
5 8 29 7
5 9 3 11
5 10 1 14
5 14 23 1
5 15 10 1
5 16 42 23
5 24 52 10
6 1 1 22
6 2 27 1
6 3 5 1
6 4 45 1
6 5 58 1
6 7 221 1
6 8 18 17
6 9 5 12
6 10 73 1
6 11 125 1
6 12 230 1
6 13 1 19
6 14 179 1
6 16 1 3
6 17 53 2
6 18 1 13
6 20 1 25
6 21 33 7
6 25 144 2
7 0 70 1
7 1 412 1
7 3 118 28
7 5 4 5
7 6 2 26
7 8 281 1
7 9 1 16
7 10 130 1
7 11 317 1
7 12 27 1
7 14 3 9
7 17 15 9
7 19 9 8
7 23 17 18
7 25 159 1
7 26 80 2
8 0 49 1
8 1 18 10
8 2 100 4
8 3 22 26
8 4 4 5
8 5 17 16
8 6 86 26
8 7 12 1
8 9 120 1
8 10 4 11
8 11 257 1
8 12 125 1
8 14 205 13
8 15 2 1
8 16 20 9
8 17 1 29
8 18 120 1
8 20 2 17
8 24 19 19
8 25 13 19
9 1 8 25
9 2 24 2
9 4 436 1
9 5 14 25
9 6 121 1
9 7 41 2
9 10 48 1
9 12 130 1
9 14 1 9
9 15 83 1
9 16 43 4
9 17 9 1
9 18 21 1
9 27 1 1
10 0 281 2
10 1 3 10
10 2 81 1
10 3 1 21
10 4 302 1
10 5 4 20
10 6 88 1
10 7 12 8
10 8 120 1
10 9 381 1
10 11 10 1
10 13 14 8
10 14 77 1
10 15 172 1
10 16 5 25
10 18 109 2
10 20 1 4
10 22 1 26
10 23 87 2
10 24 1 23
10 25 1 8
11 0 307 1
11 1 190 1
11 3 53 22
11 6 5 17
11 7 3 6
11 8 366 1
11 9 341 1
11 10 214 1
11 13 9 23
11 14 283 1
11 15 25 25
11 18 4 12
11 21 4 7
11 22 182 24
11 23 1 22
11 24 141 1
11 25 5 4
11 27 37 2
12 1 15 22
12 5 100 1
12 8 149 1
12 9 7 3
12 10 45 1
12 11 107 2
12 13 54 14
12 17 1 19
12 21 2 22
12 24 72 21
13 7 1 1
13 8 19 7
13 10 3 9
13 11 214 21
13 12 5 5
13 14 1 24
13 15 7 2
13 18 1 14
13 22 2 2
14 6 1 22
14 7 18 2
14 8 119 1
14 9 1 20
14 10 121 25
14 11 34 5
14 13 1 20
14 15 4 12
14 23 1 26
14 24 1 29
15 0 2 28
15 2 3 13
15 4 72 1
15 6 3 11
15 7 313 1
15 8 96 1
15 10 9 2
15 12 13 3
15 14 41 1
15 26 1 6
16 0 39 27
16 1 71 24
16 3 35 5
16 4 1 20
16 5 54 3
16 7 1 10
16 8 27 16
16 10 8 20
16 17 1 26
16 18 1 5
16 24 20 3
17 0 115 1
17 1 4 14
17 2 17 1
17 3 140 2
17 4 240 1
17 7 273 2
17 8 1 11
17 10 1 5
17 11 17 6
17 16 332 1
17 18 1 18
17 19 7 24
18 1 1 22
18 3 2 13
18 4 109 1
18 6 6 23
18 9 2 22
18 14 2 17
18 16 10 1
18 17 129 1
18 21 1 7
19 0 5 24
19 3 69 9
19 7 4 11
19 8 10 24
19 12 63 6
19 15 9 6
19 17 2 20
19 20 66 1
19 22 1 13
19 27 17 7
20 0 2 16
20 1 3 28
20 2 135 2
20 3 141 1
20 5 50 28
20 7 1 1
20 8 1 3
20 10 72 1
20 11 5 21
20 12 1 15
20 13 1 8
20 14 2 2
20 15 5 17
20 17 2 2
20 19 9 27
20 27 63 5
21 0 37 3
21 7 1 16
21 14 23 6
21 24 26 16
22 8 81 1
22 9 26 1
22 11 19 1
22 13 8 1
22 24 32 4
23 3 1 18
23 4 42 6
23 8 4 5
23 10 29 2
23 11 12 10
23 17 47 2
23 20 1 1
23 24 7 1
24 0 37 10
24 1 71 27
24 3 21 17
24 4 103 1
24 5 20 10
24 8 38 26
24 10 49 5
24 11 330 1
24 16 59 21
24 23 6 7
24 25 3 16
25 1 1 9
25 3 1 24
25 7 1 1
25 8 15 1
25 10 1 1
25 11 156 1
25 12 3 12
25 20 80 28
25 21 2 13
25 24 1 12
25 27 1 3
26 4 6 24
26 10 1 21
26 11 1 26
26 22 20 14
26 23 4 10
26 24 1 16
26 27 2 18
27 0 1 18
27 5 5 29
27 10 1 21
27 11 11 1
27 14 27 2
27 15 6 19
27 17 22 4
27 26 2 7
