0 1 28 1
0 2 196 1
0 3 191 1
0 4 1 4
0 5 231 13
0 6 313 18
0 7 6 28
0 8 2 1
0 10 6 1
0 11 37 1
0 13 1 5
0 15 2 5
0 16 99 1
0 17 64 1
0 18 85 1
0 19 308 1
0 23 1 11
0 24 18 3
1 0 143 1
1 3 145 20
1 4 4 27
1 5 39 20
1 6 28 1
1 7 23 1
1 8 15 20
1 9 1 1
1 10 61 2
1 11 268 1
1 14 72 2
1 15 14 23
1 16 252 24
1 17 58 1
1 20 137 2
1 22 1 3
1 24 78 1
1 26 1 5
2 0 157 1
2 1 155 1
2 3 65 1
2 4 12 8
2 5 79 3
2 6 27 3
2 7 1 7
2 8 31 16
2 10 2 20
2 19 11 12
2 20 1 10
2 23 1 4
3 0 21 25
3 1 101 6
3 2 8 27
3 5 102 15
3 7 84 1
3 8 44 18
3 9 3 24
3 10 1 15
3 11 123 1
3 16 238 3
3 17 1 29
3 24 44 28
4 1 4 25
4 2 15 10
4 3 27 1
4 5 12 16
4 6 13 8
4 9 171 1
4 10 2 17
4 11 95 1
4 12 222 1
4 16 68 3
4 18 1 4
4 20 99 1
4 22 5 15
5 0 82 22
5 1 55 29
5 3 53 9
5 4 7 1
5 6 15 1
5 7 246 1
5 8 58 1
5 9 20 25
5 10 1 9
5 11 4 12
5 13 4 24
5 15 8 5
5 16 34 16
5 17 3 26
5 18 28 3
5 20 46 1
5 24 23 1
5 25 3 16
5 27 3 6
6 0 6 26
6 1 4 28
6 2 8 1
6 3 285 1
6 4 11 1
6 5 319 1
6 7 161 1
6 8 4 22
6 9 289 25
6 10 27 1
6 11 97 1
6 13 2 16
6 14 165 1
6 15 1 22
6 17 37 1
6 18 3 18
6 19 139 1
6 21 30 1
6 23 8 16
6 25 139 2
7 0 44 1
7 1 400 1
7 3 110 1
7 5 1 23
7 6 19 15
7 8 152 1
7 9 4 17
7 10 90 1
7 11 203 1
7 12 21 1
7 15 3 23
7 16 1 22
7 17 1 26
7 19 2 29
7 23 1 26
7 24 2 4
7 25 124 1
7 26 73 1
8 0 209 1
8 1 41 1
8 2 4 15
8 3 17 1
8 4 1 2
8 5 76 16
8 6 4 8
8 7 1 18
8 9 46 1
8 10 7 5
8 11 231 1
8 14 111 23
8 15 218 4
8 16 15 8
8 17 2 10
8 18 108 1
8 20 1 5
8 24 79 16
8 25 27 18
8 26 2 2
9 0 148 25
9 1 32 13
9 2 16 2
9 4 13 1
9 5 6 16
9 6 34 1
9 7 28 1
9 8 1 8
9 10 7 1
9 11 1 2
9 12 113 24
9 14 193 1
9 15 74 2
9 19 36 2
9 20 145 1
9 22 43 1
9 24 15 8
9 27 9 5
10 0 272 1
10 1 1 28
10 2 53 1
10 3 1 25
10 4 277 1
10 5 1 27
10 6 303 1
10 7 1 7
10 8 55 1
10 9 180 8
10 12 11 12
10 13 1 4
10 14 21 1
10 15 137 1
10 17 1 6
10 18 101 1
10 20 1 25
10 24 2 6
10 25 2 21
10 26 2 17
11 0 290 2
11 3 135 28
11 5 2 28
11 6 406 2
11 7 8 12
11 8 330 25
11 9 322 1
11 10 243 1
11 12 169 1
11 13 1 12
11 14 235 1
11 15 18 29
11 16 11 22
11 19 1 27
11 20 95 2
11 22 181 24
11 23 4 2
11 24 94 1
11 25 25 2
12 2 60 4
12 3 1 22
12 5 80 1
12 9 14 5
12 10 28 2
12 14 2 1
12 23 99 6
12 25 3 26
13 1 7 3
13 5 22 1
13 6 12 6
13 8 3 22
13 9 1 18
13 10 275 5
13 11 234 18
13 12 16 6
13 14 6 28
13 22 2 24
14 1 1 29
14 8 90 1
14 9 1 2
14 10 81 12
14 11 2 15
14 13 4 27
14 15 2 13
14 18 55 9
14 20 48 7
14 24 1 8
14 25 45 16
15 5 1 10
15 6 1 6
15 7 275 1
15 8 80 1
15 11 6 15
15 14 34 1
15 22 1 5
16 0 17 1
16 1 51 28
16 4 181 10
16 5 19 29
16 6 8 6
16 8 139 8
16 11 4 24
16 17 5 17
16 22 1 17
16 24 226 4
17 0 91 1
17 1 12 22
17 3 125 1
17 4 216 1
17 5 153 3
17 15 3 10
17 16 287 1
17 26 7 3
18 4 67 1
18 7 124 1
18 8 1 17
18 9 4 3
18 11 12 1
18 16 295 1
19 0 2 11
19 1 137 1
19 3 1 1
19 5 1 5
19 7 1 1
19 9 2 1
19 10 89 1
19 11 115 10
19 20 14 1
19 25 1 11
20 0 1 20
20 2 122 1
20 3 118 1
20 4 161 14
20 5 1 25
20 10 63 2
20 11 31 3
20 15 1 23
20 19 3 15
20 23 1 11
21 4 1 12
21 5 26 5
21 9 2 22
21 13 1 21
21 23 2 26
22 0 3 17
22 12 1 9
23 0 1 9
23 3 1 5
23 7 1 20
23 8 1 19
23 11 1 12
23 17 46 1
23 22 9 1
23 25 1 8
24 0 277 1
24 1 46 1
24 2 1 18
24 3 73 1
24 5 96 14
24 6 61 1
24 7 2 25
24 8 12 1
24 9 8 1
24 10 102 22
24 11 281 1
24 12 1 27
24 15 4 9
24 16 121 1
24 20 2 3
24 25 2 19
25 3 1 4
25 6 33 4
25 7 73 2
25 11 75 1
25 17 85 5
25 20 7 7
25 27 1 14
26 6 1 28
26 7 4 28
26 8 3 19
26 11 15 6
26 17 1 25
26 27 4 18
27 0 4 8
27 1 97 2
27 4 40 1
27 5 5 2
27 7 1 2
27 17 1 4
27 18 4 28
27 21 1 1
27 26 22 15
