0 1 14 1
0 2 3 27
0 3 21 17
0 4 5 29
0 6 1 12
0 7 22 1
0 8 41 17
0 9 1 23
0 10 1 15
0 11 183 1
0 12 4 26
0 14 10 8
0 17 253 1
0 18 147 1
0 19 3 17
0 20 2 22
0 22 1 1
0 24 2 17
1 0 4 7
1 2 2 18
1 3 202 8
1 4 397 1
1 5 1 22
1 6 24 1
1 7 1 6
1 10 262 1
1 16 418 22
1 17 115 5
1 18 1 15
1 19 5 27
1 24 23 2
1 27 98 16
2 0 323 13
2 1 4 22
2 3 18 1
2 5 1 24
2 6 23 2
2 7 201 1
2 8 59 1
2 16 25 18
2 20 17 2
2 21 1 17
3 0 128 21
3 0 174 13
3 0 347 1
3 1 2 24
3 2 427 1
3 4 1 26
3 5 248 1
3 6 2 1
3 7 3 8
3 8 417 1
3 10 42 1
3 11 381 1
3 12 110 26
3 13 36 8
3 15 1 18
3 16 105 17
3 17 18 25
3 18 1 23
3 19 8 1
3 20 4 25
3 24 447 13
3 25 38 7
4 0 146 1
4 1 16 1
4 3 153 2
4 5 371 1
4 6 276 1
4 8 2 20
4 9 1 12
4 10 1 12
4 16 171 3
4 17 1 19
4 18 50 1
4 19 142 9
4 20 158 1
4 22 1 6
4 26 47 25
5 0 33 5
5 1 10 1
5 3 21 1
5 4 206 1
5 6 19 1
5 7 1 9
5 8 27 29
5 10 4 6
5 11 1 10
5 12 4 8
5 15 23 7
5 16 9 2
5 18 99 2
5 24 17 17
6 0 6 12
6 1 149 1
6 2 300 1
6 3 3 21
6 4 221 29
6 5 222 1
6 7 375 1
6 8 32 13
6 9 8 1
6 10 126 6
6 11 331 1
6 14 1 16
6 16 8 25
6 18 1 10
6 20 1 14
6 21 54 7
6 22 11 1
6 24 36 5
6 25 153 1
7 0 314 1
7 1 1 12
7 2 2 19
7 3 7 2
7 5 1 26
7 6 62 1
7 8 4 15
7 10 84 1
7 11 12 24
7 12 80 3
7 13 1 19
7 15 140 1
7 17 1 21
7 18 2 10
7 24 123 1
7 26 119 1
8 0 16 1
8 1 32 5
8 2 153 1
8 3 59 11
8 4 34 1
8 5 36 1
8 6 119 1
8 7 87 1
8 9 104 1
8 10 133 1
8 11 208 1
8 14 3 5
8 16 74 12
8 17 1 2
8 20 146 24
8 24 234 23
8 24 220 17
8 25 1 17
8 26 1 11
9 2 99 2
9 3 35 2
9 4 2 23
9 5 353 1
9 6 7 2
9 7 172 1
9 8 294 1
9 10 306 1
9 11 1 10
9 12 2 24
9 15 132 1
9 18 82 1
9 24 80 14
9 25 13 6
10 1 18 3
10 2 307 1
10 3 33 1
10 4 404 3
10 5 4 11
10 6 4 8
10 7 32 1
10 8 3 20
10 9 5 25
10 11 124 1
10 13 1 21
10 24 4 29
11 1 305 1
11 3 2 1
11 6 399 8
11 7 232 1
11 8 2 11
11 9 2 2
11 10 1 11
11 12 233 2
11 13 1 3
11 14 403 20
11 15 267 1
11 16 1 23
11 17 1 19
11 21 1 14
11 23 3 22
11 24 432 1
11 25 350 1
11 27 156 1
12 0 39 6
12 1 2 26
12 2 96 2
12 4 1 9
12 5 214 1
12 6 263 22
12 8 264 1
12 9 2 2
12 10 214 1
12 11 180 2
12 13 1 18
12 14 1 28
12 15 1 29
12 18 2 24
12 20 42 3
12 21 1 15
12 23 108 5
12 24 1 9
13 4 59 3
13 7 37 3
13 8 2 13
13 9 1 3
13 10 205 20
13 11 6 26
13 12 1 5
13 14 72 1
13 17 5 20
13 27 9 4
14 6 4 26
14 7 1 25
14 10 3 1
14 12 2 18
14 13 67 1
14 15 23 1
15 0 44 13
15 2 15 3
15 4 98 2
15 7 2 15
15 10 191 1
15 11 345 1
15 14 4 12
15 27 3 20
16 3 355 1
16 4 2 6
16 5 436 18
16 6 46 1
16 8 414 1
16 10 1 15
16 17 38 1
16 18 193 1
16 22 22 29
16 24 35 10
17 0 283 1
17 1 95 1
17 4 355 3
17 7 277 12
17 8 218 12
17 9 27 2
17 16 1 12
17 18 1 14
18 0 3 2
18 3 1 24
18 4 424 1
18 5 1 29
18 7 165 1
18 8 4 1
18 9 2 2
18 11 40 1
18 14 1 6
18 16 1 13
18 27 4 14
19 1 220 1
19 3 1 5
19 6 7 1
19 7 1 7
19 8 1 27
19 9 16 3
19 11 1 13
19 12 67 5
19 14 16 1
19 18 56 14
19 20 7 17
19 26 10 26
20 0 1 24
20 1 1 5
20 3 261 3
20 5 1 11
20 7 1 28
20 10 132 2
20 11 1 17
20 12 14 21
20 13 1 25
20 19 292 1
20 22 1 9
20 24 88 29
21 6 90 2
21 14 1 2
21 16 30 10
21 23 19 13
22 7 1 22
22 8 127 1
22 10 7 2
22 11 81 2
22 13 11 13
22 23 18 5
22 25 2 2
23 6 109 3
23 10 98 2
23 20 2 14
23 26 2 23
24 5 8 1
24 6 108 4
24 9 36 2
24 10 2 27
24 11 4 24
24 16 383 5
24 17 49 1
24 20 57 12
24 22 16 1
25 1 1 27
25 4 25 5
25 6 90 3
25 7 4 28
25 13 18 12
25 24 2 5
25 26 1 1
25 27 7 4
26 10 1 21
26 11 1 11
26 14 24 26
26 21 2 4
27 7 9 13
27 9 1 29
27 10 2 13
27 11 229 8
27 19 1 23
27 25 94 1
