0 1 3 6
0 2 129 1
0 3 158 1
0 4 29 20
0 5 58 1
0 6 7 18
0 7 2 8
0 8 6 21
0 10 276 2
0 12 4 13
0 16 24 14
0 17 32 1
0 18 69 3
0 19 262 1
0 24 80 1
1 0 173 1
1 2 13 4
1 4 11 1
1 5 125 5
1 6 3 11
1 7 377 18
1 8 63 1
1 9 11 19
1 10 29 2
1 11 236 1
1 15 12 29
1 16 44 1
1 17 4 1
1 20 110 2
1 24 27 21
1 25 46 5
1 26 53 17
2 0 92 1
2 1 128 1
2 3 1 1
2 4 1 15
2 5 63 3
2 6 29 1
2 7 5 27
2 8 7 27
2 10 30 26
2 11 198 6
2 16 1 10
3 1 90 1
3 2 22 1
3 5 83 13
3 7 173 1
3 8 1 4
3 9 1 21
3 10 3 6
3 11 64 1
3 14 2 6
3 16 78 15
3 17 1 23
3 19 1 27
3 22 3 17
3 24 11 19
3 25 12 24
4 1 6 5
4 2 1 26
4 5 4 8
4 6 3 29
4 7 283 2
4 9 218 29
4 10 31 12
4 11 73 2
4 12 197 2
4 17 5 1
4 18 10 4
4 19 91 1
4 22 62 28
4 23 20 7
4 26 2 10
5 0 22 15
5 1 62 1
5 2 69 1
5 3 10 18
5 4 7 28
5 6 133 28
5 7 198 1
5 8 67 1
5 9 30 11
5 11 7 5
5 12 178 1
5 14 1 7
5 16 6 1
5 17 154 9
5 24 3 2
6 1 4 5
6 2 1 13
6 3 247 2
6 4 210 1
6 5 12 1
6 7 69 1
6 8 418 1
6 9 1 18
6 11 54 1
6 12 163 1
6 16 41 10
6 17 15 1
6 18 3 12
7 1 352 1
7 2 21 1
7 3 21 1
7 4 304 1
7 6 3 16
7 8 14 1
7 9 10 20
7 10 35 1
7 11 198 1
7 13 3 9
7 14 3 17
7 15 1 6
7 17 1 18
7 22 1 15
7 23 2 18
7 25 67 1
7 26 62 3
8 0 42 21
8 1 16 1
8 2 2 21
8 3 66 1
8 4 16 17
8 5 1 26
8 6 205 1
8 7 10 1
8 9 53 1
8 10 9 11
8 11 169 10
8 13 24 29
8 15 210 1
8 16 52 28
8 17 4 29
8 19 25 14
8 20 1 8
8 21 2 11
8 25 15 26
8 26 10 1
8 27 68 2
9 0 2 8
9 1 22 5
9 4 348 1
9 5 158 3
9 6 3 2
9 8 10 12
9 10 7 4
9 12 68 1
9 13 1 16
9 14 185 2
9 22 36 2
10 0 253 1
10 1 1 23
10 2 16 1
10 3 10 29
10 4 230 1
10 6 163 1
10 7 2 16
10 8 3 15
10 9 53 1
10 11 1 4
10 12 8 19
10 13 2 8
10 14 1 8
10 15 78 1
10 16 7 15
10 17 1 24
10 18 85 3
10 23 56 1
10 25 77 16
10 27 118 1
11 0 257 1
11 1 134 1
11 3 137 19
11 4 2 3
11 5 19 28
11 6 369 1
11 7 13 14
11 8 32 1
11 9 282 1
11 10 106 1
11 13 3 16
11 14 148 1
11 15 28 29
11 19 1 7
11 20 75 1
11 22 7 28
11 23 10 15
11 25 31 19
12 4 262 3
12 5 48 1
12 6 14 2
12 7 3 1
12 8 97 1
12 9 2 23
12 10 7 3
12 11 76 1
12 13 79 2
12 15 102 3
12 16 85 13
12 19 1 23
12 22 11 21
12 25 1 20
13 4 21 1
13 5 18 10
13 8 1 27
13 11 12 18
13 12 1 5
13 14 9 18
13 19 1 17
13 22 2 2
14 7 1 17
14 8 45 1
14 10 4 4
14 11 35 10
14 12 175 3
14 13 30 12
14 15 18 15
14 16 1 7
14 19 3 21
14 23 1 28
15 3 7 21
15 5 1 23
15 7 193 1
15 8 55 1
15 10 1 4
15 11 5 19
15 18 1 28
15 19 1 9
15 20 1 28
15 21 2 26
15 23 10 3
16 0 4 24
16 1 182 24
16 3 4 1
16 5 9 1
16 6 4 1
16 8 3 1
16 11 12 12
16 12 2 9
16 17 2 29
16 21 15 16
16 24 4 22
16 26 33 8
17 0 53 1
17 1 28 17
17 4 171 1
17 5 136 1
17 7 256 1
17 15 16 18
17 16 199 1
17 22 3 5
17 25 19 12
17 26 7 29
18 1 1 23
18 2 58 1
18 4 15 1
18 6 9 29
18 7 112 1
18 9 3 1
18 12 10 5
18 16 245 1
18 17 92 1
18 25 1 22
19 0 1 10
19 1 107 1
19 4 6 1
19 8 155 24
19 11 1 3
19 16 47 6
19 20 1 23
19 22 4 11
20 1 2 19
20 2 98 1
20 3 78 1
20 7 17 28
20 8 2 6
20 10 49 1
20 13 23 17
20 14 1 5
20 19 74 17
20 25 67 1
20 27 58 2
21 0 33 2
21 9 2 3
21 10 43 1
21 12 6 14
21 14 2 22
21 17 65 15
22 0 1 2
22 3 2 28
22 6 3 1
22 10 3 11
22 12 5 5
22 15 1 23
22 17 1 9
22 18 2 11
22 20 1 11
22 23 9 23
22 24 27 2
23 2 3 20
23 6 82 6
23 7 188 5
23 8 1 26
23 10 10 1
23 11 1 18
24 0 103 1
24 1 104 23
24 3 55 1
24 5 9 1
24 6 50 1
24 7 43 4
24 8 73 25
24 9 4 1
24 10 8 9
24 11 186 1
24 16 23 1
25 0 7 6
25 2 38 4
25 4 3 1
25 5 1 21
25 6 22 4
25 9 100 1
25 11 1 2
25 15 24 8
25 23 15 26
25 24 8 27
25 27 3 1
26 2 17 1
26 3 1 2
26 6 1 3
26 7 5 12
26 8 3 11
26 11 52 22
26 12 1 2
26 15 14 4
26 17 1 2
26 20 2 2
26 24 11 7
26 27 1 5
27 7 1 27
27 10 1 16
27 11 249 1
27 14 22 15
27 17 3 28
27 18 4 16
