0 1 35 11
0 2 102 1
0 3 18 10
0 4 1 2
0 5 57 24
0 7 1 1
0 8 19 4
0 12 1 18
0 16 31 20
0 17 21 2
0 19 230 1
0 22 68 3
0 23 1 24
0 24 18 29
0 25 65 3
1 0 13 29
1 2 16 23
1 3 35 6
1 4 4 9
1 5 19 6
1 6 8 28
1 7 372 1
1 8 22 27
1 9 1 21
1 10 19 2
1 11 221 1
1 13 1 27
1 16 18 9
1 18 33 21
1 19 172 1
1 22 7 1
1 24 19 20
1 27 1 13
2 0 68 1
2 1 161 1
2 3 2 29
2 4 1 7
2 6 35 25
2 7 1 17
2 8 82 16
2 9 136 2
2 10 40 29
2 11 91 1
2 17 86 16
2 26 7 3
2 27 1 3
3 0 21 7
3 1 375 6
3 2 63 1
3 4 10 10
3 5 68 9
3 7 105 1
3 8 21 15
3 9 2 24
3 11 44 1
3 12 106 3
3 16 41 14
3 17 3 5
3 19 1 9
3 24 19 10
3 25 44 24
4 1 116 28
4 2 4 18
4 5 3 10
4 6 3 5
4 7 271 1
4 8 380 1
4 9 89 1
4 10 1 28
4 12 186 1
4 18 4 9
4 22 2 23
4 25 90 5
4 27 83 11
5 0 19 19
5 1 31 11
5 3 19 22
5 4 4 8
5 6 186 4
5 7 177 1
5 8 18 29
5 9 29 20
5 10 83 4
5 11 1 16
5 12 6 1
5 14 29 24
5 16 36 13
5 17 5 28
5 24 63 10
6 0 297 11
6 1 4 14
6 4 153 1
6 5 5 15
6 7 40 1
6 8 16 1
6 9 237 2
6 10 2 22
6 11 38 2
6 12 144 1
6 16 2 20
6 19 131 1
6 26 1 2
7 1 329 1
7 2 83 1
7 3 70 2
7 4 293 2
7 6 6 6
7 9 22 27
7 10 19 1
7 11 50 1
7 13 11 24
7 14 1 3
7 15 1 23
7 16 1 1
7 17 4 6
7 19 2 25
7 25 47 1
7 26 58 1
8 0 36 10
8 1 57 29
8 2 1 23
8 3 20 15
8 4 2 15
8 5 22 2
8 6 29 1
8 7 5 3
8 9 28 1
8 10 70 20
8 11 1 24
8 12 64 1
8 13 7 16
8 15 201 3
8 16 69 13
8 17 23 13
8 20 261 19
8 21 11 17
8 22 125 4
8 23 1 29
8 24 19 26
9 0 7 12
9 1 1 24
9 2 3 1
9 4 306 1
9 5 30 1
9 8 2 28
9 10 7 23
9 12 275 1
9 13 78 2
9 14 176 2
9 17 217 13
9 20 138 2
9 21 2 11
9 22 33 2
9 25 1 29
10 0 243 2
10 1 19 10
10 2 7 1
10 3 1 7
10 4 209 1
10 5 127 7
10 6 144 1
10 7 1 11
10 8 5 15
10 9 100 1
10 11 3 29
10 12 9 25
10 14 14 22
10 15 57 1
10 17 13 14
10 18 79 3
10 20 1 23
10 24 2 19
10 25 1 7
10 26 2 24
11 0 241 2
11 1 119 2
11 5 2 17
11 6 350 1
11 7 70 22
11 8 18 1
11 9 263 1
11 10 131 1
11 12 141 2
11 13 1 8
11 14 114 1
11 15 4 21
11 16 1 14
11 17 4 2
11 19 4 3
11 20 67 2
11 21 1 18
11 23 9 16
11 24 13 2
11 25 3 2
11 27 4 1
12 1 3 28
12 3 6 14
12 5 36 2
12 8 84 1
12 9 10 18
12 10 2 2
12 11 68 3
12 13 9 2
12 15 97 4
12 16 4 7
12 17 1 25
12 18 35 16
12 23 90 2
13 6 3 9
13 8 2 4
13 11 2 15
13 12 60 5
13 16 1 9
13 18 1 10
13 24 15 1
14 0 62 1
14 1 2 27
14 4 1 15
14 5 2 12
14 6 1 9
14 7 1 1
14 8 30 1
14 9 3 13
14 10 14 1
14 11 5 2
14 12 170 1
14 13 3 15
14 15 20 1
14 16 5 11
14 20 41 1
14 23 5 10
14 24 1 27
14 25 41 1
14 27 2 17
15 3 1 3
15 5 1 4
15 6 6 18
15 7 159 1
15 11 21 4
15 12 1 22
15 13 17 10
15 21 2 10
15 23 7 1
15 25 3 7
16 0 19 22
16 1 19 27
16 3 35 28
16 4 237 20
16 5 28 12
16 8 19 17
16 9 40 25
16 11 4 12
16 12 2 1
16 17 2 27
16 18 2 24
16 19 2 9
16 22 2 13
16 24 22 17
17 0 40 1
17 1 9 4
17 3 88 1
17 4 152 1
17 5 128 1
17 7 249 1
17 10 234 15
17 14 66 1
17 15 1 5
17 16 163 1
18 1 2 7
18 2 55 1
18 4 4 1
18 7 106 5
18 16 216 1
18 17 82 1
18 20 46 20
18 25 1 12
19 1 94 1
19 4 4 26
19 6 1 23
19 7 3 3
19 20 4 22
19 24 20 14
19 26 11 7
20 0 341 1
20 2 88 1
20 3 62 1
20 4 161 15
20 7 96 25
20 8 1 19
20 13 1 11
20 15 1 28
20 18 1 4
20 19 2 4
20 23 2 26
21 0 31 20
21 1 5 19
21 4 3 16
21 6 65 2
21 9 1 1
21 10 40 1
21 11 3 14
21 14 2 25
21 18 16 28
21 20 3 13
22 1 55 1
22 3 1 28
22 5 1 19
22 6 1 23
22 7 47 18
22 8 54 1
22 10 1 15
22 11 2 2
22 14 2 4
22 15 2 16
23 3 6 24
23 6 79 2
23 7 182 1
23 9 8 18
23 10 7 2
23 11 1 27
23 14 32 8
23 15 10 2
23 17 40 14
24 0 45 23
24 1 19 15
24 3 18 17
24 5 36 10
24 6 45 1
24 7 239 1
24 8 31 12
24 10 11 7
24 11 147 1
24 12 7 24
24 16 19 8
24 23 9 7
24 25 1 19
24 26 7 2
25 6 18 3
25 7 38 1
25 10 1 23
25 12 3 7
25 13 10 1
25 14 1 8
25 15 4 25
25 21 1 10
25 23 5 20
25 24 1 8
25 26 34 27
25 27 15 28
26 1 50 2
26 4 2 18
26 7 47 10
26 8 1 8
26 11 52 16
26 20 2 1
26 21 1 21
26 23 1 18
26 27 31 8
27 7 68 29
27 9 2 8
27 11 239 1
27 20 1 9
