0 1 206 21
0 2 47 2
0 3 70 1
0 4 1 26
0 5 140 1
0 6 400 2
0 7 1 16
0 8 270 1
0 10 249 2
0 12 23 15
0 16 248 1
0 17 5 1
0 19 150 1
0 20 366 3
0 23 1 2
0 24 67 1
0 25 56 1
0 26 1 20
1 0 38 6
1 2 28 18
1 3 95 1
1 4 174 10
1 5 112 1
1 7 324 1
1 8 322 1
1 9 11 20
1 10 3 5
1 11 187 1
1 12 175 2
1 14 41 5
1 15 7 21
1 16 42 1
1 17 1 10
1 18 1 8
1 19 145 2
1 20 74 2
1 24 138 19
1 24 379 1
1 26 1 17
2 0 23 2
2 1 5 1
2 3 24 6
2 5 39 1
2 6 1 15
2 7 7 10
2 8 255 14
2 10 1 22
2 11 86 1
2 12 2 4
2 14 1 14
2 16 2 13
2 20 1 12
2 27 1 9
3 0 23 21
3 1 325 1
3 2 6 15
3 4 10 8
3 5 96 1
3 7 8 1
3 8 175 1
3 9 2 6
3 10 1 13
3 11 10 1
3 12 102 1
3 13 26 1
3 16 185 3
3 17 1 8
3 19 6 10
3 20 69 3
3 24 4 16
4 0 6 20
4 1 1 23
4 2 100 25
4 5 13 13
4 6 6 15
4 7 240 2
4 8 94 1
4 9 169 1
4 10 9 6
4 12 158 1
4 13 2 20
4 17 315 1
4 18 5 3
4 19 72 2
4 22 1 25
4 26 1 8
5 0 122 1
5 1 191 1
5 3 187 1
5 4 212 26
5 6 70 21
5 7 127 2
5 8 46 1
5 9 3 14
5 10 246 1
5 12 165 1
5 16 135 1
5 17 164 16
5 18 3 8
5 19 3 7
5 20 27 1
5 24 6 23
6 0 100 13
6 1 4 17
6 2 10 2
6 3 180 1
6 4 49 1
6 5 135 13
6 7 3 1
6 8 19 1
6 9 8 1
6 10 13 17
6 11 12 2
6 12 102 1
6 13 1 3
6 14 98 1
6 15 2 13
6 16 7 19
6 19 121 1
6 26 3 22
6 27 112 7
7 1 271 1
7 2 237 1
7 3 2 1
7 4 265 2
7 6 2 3
7 8 21 18
7 11 6 25
7 13 36 10
7 14 1 15
7 15 2 8
7 16 1 24
7 19 2 4
7 24 1 3
7 25 13 1
8 0 54 1
8 1 132 2
8 2 81 14
8 3 16 1
8 4 5 7
8 5 146 1
8 6 19 15
8 7 6 15
8 10 5 12
8 11 71 1
8 12 39 2
8 13 11 16
8 15 179 1
8 16 31 23
8 18 58 1
8 19 2 1
8 20 1 13
8 24 77 8
8 27 52 3
9 0 2 2
9 1 54 23
9 4 207 1
9 5 30 1
9 6 9 24
9 8 8 3
9 10 27 4
9 12 190 1
9 14 150 2
9 15 36 1
9 17 211 1
9 20 131 4
9 22 26 2
9 23 1 7
10 0 219 2
10 1 28 8
10 3 1 4
10 4 161 1
10 5 379 1
10 6 50 1
10 7 4 2
10 8 90 5
10 11 20 9
10 12 57 8
10 14 9 14
10 15 19 2
10 16 1 20
10 17 114 6
10 24 23 24
10 25 1 12
10 26 2 20
11 0 204 1
11 1 87 1
11 2 248 2
11 3 4 8
11 4 6 16
11 5 2 7
11 6 299 1
11 7 387 5
11 8 213 1
11 9 216 1
11 10 65 1
11 13 1 28
11 14 48 1
11 15 66 8
11 19 20 21
11 21 1 29
11 22 3 3
11 23 2 12
11 25 5 23
11 26 1 10
12 2 38 4
12 5 14 2
12 6 287 1
12 8 56 1
12 11 51 3
12 13 133 2
12 16 8 19
12 18 45 23
12 19 7 24
12 25 1 26
12 27 1 6
13 7 2 19
13 9 5 16
13 10 9 1
13 11 247 1
13 12 133 1
13 23 1 24
13 27 2 20
14 0 54 2
14 3 49 21
14 5 2 23
14 8 6 2
14 9 1 12
14 10 143 1
14 11 1 28
14 15 20 1
14 27 1 28
15 0 6 6
15 4 47 1
15 5 3 16
15 7 85 1
15 11 4 6
15 12 2 7
15 13 1 12
15 14 2 5
15 16 36 17
15 18 1 17
15 23 1 3
15 24 25 2
16 0 138 9
16 1 36 1
16 3 37 18
16 5 45 5
16 7 38 20
16 8 18 19
16 9 1 27
16 10 110 15
16 11 1 21
16 12 1 5
16 13 2 25
16 17 20 23
16 18 6 9
16 24 338 1
17 1 13 9
17 3 63 2
17 4 110 1
17 6 23 4
17 9 1 1
17 14 59 4
17 15 1 23
17 16 86 1
17 20 1 19
17 27 8 14
18 1 2 8
18 3 89 1
18 4 1 20
18 6 1 4
18 7 94 3
18 8 2 3
18 9 14 2
18 10 4 20
18 15 35 2
18 16 146 1
18 17 61 1
19 1 66 2
19 11 3 26
19 20 3 24
20 0 22 9
20 1 25 5
20 2 64 2
20 7 4 27
20 8 9 19
20 9 137 2
20 10 31 2
20 19 24 3
20 27 53 5
21 11 1 27
21 12 2 8
21 19 2 15
21 22 1 4
22 3 1 17
22 4 77 10
22 8 42 2
22 12 9 19
22 14 24 6
23 0 1 5
23 1 90 4
23 5 21 3
23 7 163 1
23 11 1 15
23 14 8 13
23 20 1 4
24 0 88 1
24 1 234 1
24 3 178 1
24 5 62 1
24 7 24 2
24 8 44 19
24 11 69 1
24 13 1 23
24 16 68 15
24 23 37 1
24 27 1 15
25 2 34 1
25 7 209 1
25 9 88 1
25 11 15 29
25 14 1 5
25 16 1 14
25 21 2 22
25 24 1 27
25 27 1 10
26 0 31 1
26 1 46 3
26 3 1 29
26 7 3 17
26 8 3 4
26 11 3 9
26 15 4 29
27 0 1 13
27 6 1 19
27 7 1 1
27 9 1 1
27 10 14 28
27 11 212 2
27 13 1 17
27 15 1 1
27 26 5 1
