0 1 64 1
0 2 35 2
0 3 160 1
0 4 34 1
0 5 176 4
0 6 393 1
0 7 1 4
0 8 57 1
0 12 1 21
0 15 107 1
0 16 18 14
0 18 45 3
0 19 129 1
0 20 363 2
0 23 1 23
0 24 84 1
1 0 233 1
1 2 10 21
1 3 120 1
1 4 29 21
1 6 329 1
1 7 309 1
1 8 116 1
1 9 1 22
1 11 177 1
1 12 171 1
1 14 38 4
1 15 22 10
1 16 145 3
1 17 8 29
1 18 1 11
1 19 138 1
1 20 68 1
1 24 141 1
1 25 3 2
1 26 1 2
2 3 118 29
2 4 3 8
2 5 34 1
2 6 1 5
2 7 21 20
2 8 177 8
2 8 350 1
2 9 110 1
2 10 1 22
2 14 1 6
2 15 2 14
2 17 163 1
2 20 1 14
2 27 2 21
3 0 214 1
3 1 169 1
3 2 10 4
3 5 54 1
3 6 11 1
3 10 1 16
3 12 100 6
3 14 3 14
3 15 60 12
3 16 150 1
3 17 1 22
3 21 1 13
3 24 3 22
3 25 12 18
4 0 12 6
4 1 382 4
4 2 1 4
4 5 4 6
4 6 15 12
4 7 231 2
4 8 366 1
4 9 143 1
4 10 44 11
4 16 18 4
4 18 13 24
4 19 68 3
4 24 90 12
4 25 1 26
5 0 72 17
5 1 72 1
5 3 75 1
5 4 8 1
5 6 302 1
5 7 114 1
5 8 82 1
5 9 183 1
5 10 77 1
5 12 156 2
5 14 1 7
5 16 8 15
5 17 2 26
5 20 26 1
5 24 82 1
6 0 98 1
6 1 46 17
6 2 2 9
6 3 166 1
6 4 30 1
6 5 242 21
6 8 3 1
6 9 183 25
6 10 12 10
6 12 92 1
6 13 2 12
6 14 91 1
6 15 4 7
6 16 1 16
6 18 54 8
6 20 1 8
6 22 1 14
7 1 255 1
7 2 35 1
7 4 257 1
7 6 17 29
7 8 6 12
7 9 1 18
7 11 9 26
7 13 5 8
7 14 11 16
7 15 15 27
7 16 18 12
7 17 2 24
7 18 172 7
7 19 2 17
7 20 2 26
7 24 1 12
7 25 7 1
8 0 54 2
8 1 82 2
8 2 78 1
8 3 164 22
8 4 89 2
8 5 15 10
8 6 74 20
8 7 39 7
8 10 16 25
8 11 54 1
8 12 33 1
8 13 4 1
8 14 288 1
8 15 172 1
8 16 248 1
8 17 1 16
8 18 53 1
8 22 111 2
8 24 142 1
8 27 49 5
9 1 3 5
9 4 180 1
9 5 260 1
9 6 3 14
9 8 2 22
9 10 57 6
9 12 160 1
9 14 142 1
9 15 33 1
9 19 20 4
9 20 130 1
10 0 212 1
10 1 2 20
10 3 1 8
10 4 148 1
10 5 391 1
10 6 30 1
10 7 2 26
10 8 9 21
10 9 1 9
10 11 3 26
10 12 1 19
10 13 118 8
10 14 13 28
10 15 12 1
10 17 5 20
10 19 1 21
10 20 6 9
10 21 1 10
10 22 170 1
10 24 60 29
10 25 1 20
11 0 193 1
11 1 79 1
11 2 240 2
11 3 1 7
11 5 2 22
11 6 284 1
11 7 26 17
11 8 187 1
11 9 203 1
11 10 42 1
11 14 34 1
11 15 21 1
11 17 1 24
11 19 1 8
11 20 45 1
11 21 1 2
11 23 1 29
11 25 2 19
11 26 9 27
12 4 232 1
12 5 10 1
12 6 278 1
12 7 1 21
12 8 50 1
12 13 49 1
12 14 137 2
12 15 81 1
12 17 1 10
12 21 105 2
12 23 79 2
12 25 11 3
12 27 3 13
13 2 2 27
13 7 1 22
13 8 16 19
13 10 222 1
13 12 11 9
13 17 10 25
13 22 3 4
14 6 204 2
14 7 1 12
14 8 3 1
14 9 111 9
14 10 398 1
14 11 11 11
14 12 147 1
14 13 5 16
14 15 32 1
14 17 1 7
14 18 4 8
14 20 34 4
14 24 6 18
14 25 35 1
14 26 23 23
15 3 2 27
15 4 45 1
15 7 67 1
15 8 21 1
15 10 1 23
15 11 7 13
15 14 1 11
15 16 1 11
15 17 13 3
15 24 23 4
16 0 267 1
16 1 323 1
16 3 120 1
16 5 230 1
16 7 1 15
16 8 202 1
16 11 1 11
16 17 121 19
16 18 5 21
16 24 216 1
17 0 11 1
17 1 270 17
17 2 1 19
17 3 57 1
17 4 99 2
17 5 103 2
17 6 333 4
17 9 2 1
17 16 68 1
17 19 127 1
17 25 13 2
17 27 8 21
18 0 164 1
18 1 1 11
18 3 88 3
18 6 1 21
18 8 3 10
18 9 1 10
18 10 2 12
18 16 127 1
18 26 33 3
19 3 48 1
19 5 2 3
19 11 12 17
19 15 6 3
19 17 122 16
19 20 3 14
20 1 1 1
20 2 58 2
20 4 162 4
20 7 1 18
20 8 15 14
20 10 28 2
20 13 27 22
20 15 1 2
20 17 1 3
20 18 1 7
20 19 71 13
20 21 43 6
20 23 74 26
21 1 5 29
21 2 19 19
21 4 88 16
21 6 58 7
21 11 7 15
21 12 4 4
22 10 3 5
22 14 23 2
22 16 2 21
22 24 20 9
23 2 1 26
23 9 11 28
23 11 5 25
23 14 3 5
23 24 1 7
24 0 340 1
24 1 80 10
24 3 224 1
24 5 181 1
24 7 223 2
24 8 212 1
24 10 1 20
24 11 51 1
24 16 42 10
24 17 17 2
24 25 1 15
25 5 1 14
25 7 200 1
25 9 85 3
25 10 1 29
25 11 8 3
25 14 8 16
25 16 1 22
25 26 22 9
25 27 26 12
26 0 29 10
26 1 45 2
26 4 1 23
26 15 1 15
26 18 1 6
26 24 6 19
27 1 88 12
27 4 28 3
27 6 1 22
27 10 1 4
27 11 204 1
27 17 24 5
27 18 1 14
27 24 1 24
27 26 1 4
