0 1 318 1
0 2 1 19
0 3 15 1
0 4 2 13
0 5 295 1
0 6 2 18
0 7 16 2
0 8 71 2
0 9 1 21
0 10 2 25
0 11 174 2
0 16 13 1
0 17 244 1
0 19 2 22
0 20 3 4
0 24 17 25
0 25 112 2
1 0 32 23
1 2 7 10
1 3 287 1
1 4 366 1
1 5 27 5
1 6 11 1
1 10 251 2
1 12 1 4
1 15 2 14
1 16 77 1
1 17 39 1
1 18 1 1
1 19 2 25
1 23 1 26
1 24 379 1
2 1 9 16
2 3 2 1
2 6 15 2
2 7 183 1
2 8 33 1
2 9 1 15
2 11 3 14
2 12 4 1
2 14 6 7
2 16 1 22
2 17 5 6
2 18 35 3
2 20 14 2
2 25 13 2
3 0 8 1
3 1 63 1
3 2 407 1
3 4 83 24
3 5 242 2
3 6 1 2
3 7 12 13
3 8 9 17
3 11 374 1
3 16 20 1
3 17 2 14
3 20 1 29
3 24 4 1
3 25 1 4
4 0 134 1
4 1 5 1
4 3 146 1
4 5 333 1
4 6 245 1
4 8 2 11
4 9 7 14
4 10 1 6
4 11 186 2
4 13 1 14
4 14 26 4
4 15 1 5
4 16 167 1
4 18 38 1
4 26 2 23
5 0 387 1
5 1 19 1
5 3 24 18
5 4 282 1
5 6 2 1
5 8 12 8
5 9 11 1
5 10 2 25
5 11 1 10
5 14 9 11
5 15 23 1
5 16 10 21
5 17 1 27
5 20 80 6
5 22 1 6
5 24 19 24
5 25 15 1
5 27 10 1
6 0 1 10
6 1 332 1
6 2 284 1
6 3 2 5
6 4 1 4
6 5 169 1
6 7 218 1
6 8 69 26
6 10 350 1
6 11 320 1
6 12 333 2
6 15 1 6
6 16 1 6
6 17 192 1
6 18 1 22
6 19 1 19
6 22 9 8
6 23 1 13
7 0 299 1
7 1 1 3
7 2 4 27
7 3 12 6
7 5 124 5
7 6 48 1
7 10 67 8
7 11 90 3
7 12 77 1
7 13 3 15
7 15 123 1
7 17 1 29
7 18 1 11
7 20 52 1
7 22 1 15
7 24 114 1
7 25 345 2
7 27 52 2
8 0 412 1
8 1 5 28
8 2 111 1
8 3 145 1
8 5 19 1
8 6 67 1
8 7 32 1
8 9 171 1
8 10 89 1
8 11 202 25
8 12 239 1
8 14 4 15
8 15 2 9
8 16 36 1
8 17 2 24
8 18 191 2
8 20 2 28
8 24 33 1
8 25 2 29
8 26 66 14
9 0 1 23
9 2 95 1
9 3 32 4
9 4 2 6
9 5 63 6
9 6 1 5
9 7 163 1
9 8 268 1
9 10 217 1
9 11 1 3
9 12 2 8
9 14 2 11
9 18 78 1
9 20 1 25
9 23 2 4
9 25 12 1
9 27 1 2
10 2 296 1
10 3 27 2
10 4 402 2
10 5 6 9
10 6 7 27
10 7 24 1
10 8 1 18
10 9 398 1
10 11 364 1
10 12 10 1
10 13 2 23
10 14 27 1
10 15 345 2
10 18 158 4
10 21 4 1
10 22 1 6
10 26 4 8
11 1 299 1
11 2 2 20
11 3 4 6
11 6 2 6
11 7 80 1
11 8 2 22
11 9 2 11
11 10 5 1
11 13 1 7
11 14 1 9
11 15 205 1
11 17 1 3
11 18 1 4
11 20 180 1
11 22 1 5
11 24 423 1
11 25 310 1
11 26 1 1
11 27 148 2
12 0 37 3
12 1 3 12
12 2 94 6
12 3 1 20
12 5 209 2
12 6 6 26
12 8 259 1
12 10 203 1
12 11 176 1
12 13 4 24
12 22 1 12
12 24 1 10
12 26 9 2
13 4 57 2
13 7 34 1
13 9 1 15
13 10 2 23
13 11 1 12
13 12 1 15
13 14 64 1
13 16 19 1
13 17 1 3
13 18 1 17
14 1 5 10
14 3 1 13
14 6 4 9
14 7 1 5
14 8 298 1
14 11 3 3
14 13 59 1
14 15 14 1
14 22 18 1
15 0 1 5
15 1 100 25
15 6 1 2
15 7 1 29
15 8 189 1
15 10 178 1
15 11 176 1
15 12 1 2
15 14 3 8
15 19 12 15
15 23 40 5
15 24 1 10
16 0 17 19
16 1 87 4
16 2 2 22
16 3 1 16
16 4 3 20
16 5 101 1
16 6 43 2
16 18 178 1
16 24 41 8
17 0 274 1
17 1 74 1
17 5 193 5
17 8 1 18
17 11 58 1
17 12 1 21
17 16 418 9
17 18 1 13
17 19 120 6
17 20 2 2
17 23 59 2
17 27 1 2
18 1 25 2
18 2 92 1
18 4 411 1
18 6 1 1
18 9 1 3
18 11 38 3
18 16 5 16
18 17 202 3
19 2 37 1
19 3 2 12
19 4 4 7
19 8 2 29
19 20 1 12
19 21 9 9
19 22 4 5
20 0 2 3
20 1 5 17
20 2 192 4
20 3 258 1
20 4 1 6
20 5 2 29
20 6 20 5
20 10 129 1
20 11 1 12
20 13 12 1
20 14 1 17
20 17 21 5
20 19 253 1
20 22 1 10
21 4 81 6
21 7 99 25
21 9 4 16
21 10 79 5
21 12 7 2
21 24 27 24
22 7 57 1
22 10 6 1
22 12 6 1
22 14 1 8
22 23 16 2
23 1 1 7
23 7 1 23
23 8 2 24
23 10 94 1
23 20 1 27
23 21 1 13
23 22 2 8
24 0 59 1
24 1 7 2
24 3 19 1
24 5 42 3
24 6 106 3
24 7 3 3
24 8 5 19
24 10 1 18
24 11 3 27
24 13 1 10
24 16 5 27
24 17 47 2
24 20 1 19
25 0 1 1
25 2 42 28
25 6 87 4
25 7 5 26
25 8 78 2
25 11 1 16
25 21 1 9
25 27 5 2
26 0 55 6
26 9 20 2
26 11 1 17
26 17 1 5
26 25 47 4
26 27 9 2
27 2 19 2
27 3 14 2
27 5 12 7
27 10 2 16
27 15 18 1
27 26 1 9
