0 1 164 1
0 2 24 2
0 3 33 1
0 5 5 18
0 6 384 1
0 7 114 1
0 8 96 1
0 10 236 2
0 15 105 1
0 16 69 1
0 19 106 1
0 20 4 1
0 24 34 1
0 25 50 1
0 27 4 1
1 0 54 1
1 2 128 22
1 3 19 1
1 4 26 3
1 5 157 1
1 6 7 1
1 7 292 1
1 8 48 1
1 9 4 28
1 12 165 2
1 16 23 1
1 17 6 2
1 18 77 11
1 19 129 1
1 24 5 25
1 26 2 12
2 1 2 24
2 3 4 21
2 5 29 2
2 7 1 22
2 8 305 1
2 9 104 1
2 10 143 8
2 11 75 1
2 12 11 28
2 15 1 7
2 17 159 1
2 20 29 8
2 21 18 12
2 26 5 2
3 0 74 1
3 1 123 1
3 4 3 5
3 5 53 2
3 8 19 21
3 9 1 12
3 10 2 23
3 12 99 2
3 14 22 16
3 16 22 1
3 18 1 28
3 20 62 1
3 24 66 1
4 0 1 7
4 1 212 1
4 2 1 4
4 5 2 14
4 6 9 19
4 7 221 2
4 8 345 1
4 9 15 1
4 11 37 2
4 12 141 2
4 16 15 1
4 17 296 1
4 18 2 5
4 19 64 4
4 20 56 3
4 25 3 4
4 27 89 14
5 0 32 1
5 1 35 1
5 3 30 1
5 4 3 13
5 6 182 19
5 7 101 1
5 8 84 26
5 9 155 1
5 10 242 1
5 12 146 2
5 14 1 5
5 16 35 1
5 17 1 13
5 23 2 10
5 24 32 1
6 1 8 5
6 2 3 5
6 3 151 1
6 4 14 1
6 5 287 28
6 8 6 24
6 9 56 1
6 10 14 29
6 11 4 2
6 15 1 11
6 16 8 5
6 18 3 7
6 19 115 4
6 20 1 14
6 21 16 3
6 22 2 22
6 25 106 3
7 0 1 2
7 1 237 1
7 2 217 1
7 3 1 29
7 6 4 23
7 8 28 3
7 9 1 21
7 11 11 6
7 12 1 9
7 14 25 18
7 15 21 3
7 17 29 20
7 20 2 14
7 21 1 25
7 24 5 1
7 25 3 2
7 26 41 1
7 27 2 24
8 0 41 1
8 1 20 1
8 2 205 1
8 3 38 13
8 4 1 13
8 5 59 1
8 6 273 9
8 7 6 7
8 10 1 24
8 11 38 1
8 12 28 1
8 14 275 1
8 15 165 1
8 16 39 1
8 17 256 14
8 18 47 2
8 20 6 16
8 21 14 18
8 22 107 3
8 23 2 10
8 24 55 1
8 25 4 28
8 27 46 3
9 0 3 21
9 1 207 4
9 4 153 1
9 5 72 1
9 6 9 8
9 7 1 2
9 8 2 7
9 10 6 5
9 11 253 20
9 12 130 1
9 13 2 25
9 14 134 1
9 15 29 1
9 17 204 2
9 19 19 5
9 20 127 7
10 1 1 9
10 3 4 16
10 4 135 1
10 5 377 1
10 6 14 1
10 7 23 23
10 8 55 28
10 9 4 12
10 11 3 28
10 12 1 3
10 13 13 1
10 14 14 17
10 15 6 3
10 20 1 19
10 21 1 17
10 22 167 2
10 25 86 11
10 26 31 11
11 0 182 1
11 1 70 2
11 2 231 1
11 3 41 27
11 4 3 27
11 5 4 16
11 6 268 1
11 8 159 1
11 9 189 1
11 10 22 1
11 14 21 1
11 15 284 1
11 20 40 2
11 21 54 5
11 22 166 1
11 25 2 14
11 26 21 20
12 2 34 1
12 3 1 20
12 6 268 1
12 9 359 28
12 11 42 2
12 13 164 1
12 16 1 8
12 17 1 1
12 19 1 5
12 22 119 1
12 25 1 21
12 27 1 26
13 1 6 8
13 7 1 22
13 9 13 1
13 10 207 1
13 12 11 1
13 14 29 1
14 0 49 3
14 5 1 4
14 9 2 20
14 10 84 1
14 11 1 20
14 12 141 2
14 15 17 11
14 21 12 1
14 22 1 26
15 7 51 1
15 10 11 7
15 11 16 25
15 12 70 14
15 14 2 11
15 20 4 24
15 24 21 3
16 0 44 1
16 1 17 1
16 3 18 5
16 5 40 1
16 7 1 1
16 8 51 1
16 11 1 4
16 13 2 17
16 17 163 25
16 18 3 20
16 19 1 9
16 24 61 1
16 25 1 15
16 27 36 24
17 0 6 2
17 1 2 20
17 3 50 1
17 4 88 1
17 5 97 3
17 6 328 1
17 7 222 1
17 12 163 2
17 13 3 11
17 16 51 1
17 18 35 1
17 25 12 1
17 27 21 8
18 1 1 1
18 2 41 5
18 4 2 17
18 6 2 29
18 7 87 4
18 8 3 7
18 16 107 1
18 17 49 2
18 26 33 13
19 1 51 1
19 2 7 2
19 5 2 23
19 8 151 3
19 20 72 2
19 23 1 3
20 0 22 3
20 2 52 1
20 3 18 2
20 7 1 14
20 8 3 12
20 10 25 2
20 12 33 14
20 18 1 23
20 19 71 1
20 24 90 13
20 25 54 9
20 27 51 6
21 11 64 24
21 12 1 8
21 16 1 19
21 18 20 23
21 20 5 2
21 22 2 4
22 5 1 13
22 7 54 26
22 12 1 3
23 4 26 2
23 7 151 2
23 11 2 18
23 15 17 27
23 20 1 5
23 24 1 19
24 0 144 1
24 1 22 1
24 3 51 1
24 5 68 1
24 6 30 2
24 7 15 2
24 8 55 1
24 11 35 1
24 15 37 2
24 16 4 10
24 18 40 4
24 25 2 20
24 27 1 6
25 2 32 1
25 3 11 27
25 5 1 18
25 7 181 1
25 9 82 3
25 11 21 28
25 15 40 2
25 22 1 22
25 27 1 9
26 1 43 9
26 3 1 8
26 5 28 26
26 7 2 26
26 8 3 1
26 9 2 5
26 11 1 20
26 15 5 4
26 17 5 22
26 25 4 1
27 0 1 6
27 6 1 18
27 7 1 25
27 8 149 7
27 11 195 1
27 17 3 8
27 20 1 7
27 22 1 3
27 26 121 1
