0 1 21 18
0 2 9 2
0 3 29 23
0 4 338 1
0 5 25 5
0 6 365 2
0 7 2 4
0 8 17 4
0 13 82 2
0 14 4 4
0 15 100 6
0 16 20 12
0 18 35 2
0 19 70 1
0 21 1 6
0 24 34 17
0 26 2 18
0 27 2 12
1 0 15 4
1 2 14 16
1 3 19 10
1 4 5 17
1 5 16 21
1 6 125 1
1 7 261 1
1 8 17 14
1 9 1 13
1 11 149 1
1 12 156 2
1 14 30 1
1 15 8 29
1 16 23 12
1 17 20 23
1 18 1 8
1 19 114 1
1 24 17 21
1 25 3 14
2 1 3 21
2 3 35 5
2 4 13 25
2 6 1 19
2 7 11 1
2 8 106 1
2 11 63 1
2 12 1 29
2 15 1 6
2 17 151 21
3 0 20 23
3 1 26 26
3 2 9 16
3 5 22 18
3 6 271 2
3 7 4 15
3 8 22 11
3 10 5 6
3 15 59 5
3 16 22 2
3 19 1 25
3 20 216 2
3 22 1 16
3 23 21 14
3 24 17 13
4 0 16 23
4 1 171 1
4 2 1 10
4 6 30 8
4 7 204 1
4 8 309 1
4 9 106 1
4 11 30 1
4 15 2 25
4 16 9 3
4 17 277 2
4 18 30 3
4 19 58 1
4 20 50 1
4 22 1 3
4 26 2 18
5 0 26 11
5 1 17 21
5 3 60 18
5 4 2 8
5 6 104 18
5 7 78 1
5 8 149 16
5 9 303 1
5 10 72 1
5 11 3 2
5 13 1 12
5 16 32 17
5 23 1 16
5 24 17 19
6 0 81 1
6 1 3 13
6 2 2 14
6 3 126 1
6 5 24 1
6 8 18 20
6 9 111 1
6 10 105 9
6 13 1 20
6 14 69 1
6 15 53 25
6 18 56 1
6 20 29 7
6 27 110 3
7 0 1 15
7 1 206 1
7 2 12 1
7 3 2 4
7 4 231 1
7 6 2 28
7 8 41 10
7 9 11 15
7 11 50 9
7 14 1 27
7 15 5 21
7 16 21 7
7 19 1 21
7 20 2 11
7 21 1 5
7 22 39 15
7 23 1 3
7 26 36 2
7 27 2 14
8 0 16 4
8 1 27 3
8 2 136 1
8 3 18 2
8 4 4 22
8 5 52 19
8 6 19 23
8 7 85 12
8 9 1 5
8 10 3 1
8 14 251 1
8 15 152 1
8 16 35 12
8 17 1 4
8 20 1 14
8 22 101 2
8 24 17 24
8 25 39 19
8 26 1 22
9 0 8 18
9 1 1 10
9 3 2 3
9 4 109 1
9 5 18 1
9 6 8 21
9 8 134 7
9 10 11 21
9 11 8 1
9 12 82 1
9 15 22 2
9 19 17 1
9 20 124 1
9 27 15 29
10 1 1 7
10 2 6 13
10 3 35 1
10 4 112 1
10 5 348 1
10 7 5 14
10 8 43 11
10 9 5 19
10 11 10 19
10 12 61 16
10 13 10 1
10 14 4 21
10 16 2 19
10 17 2 21
10 18 50 2
10 19 10 7
10 25 17 24
10 26 1 10
11 0 162 1
11 1 57 1
11 2 214 1
11 5 4 2
11 6 239 1
11 7 320 23
11 8 116 1
11 9 164 1
11 10 2 2
11 12 99 3
11 13 38 15
11 14 6 1
11 15 78 1
11 16 2 11
11 17 1 19
11 19 1 18
11 21 5 18
11 23 1 6
11 24 3 22
11 25 1 23
11 26 25 21
12 2 29 6
12 3 1 22
12 4 214 1
12 5 1 1
12 6 249 1
12 10 2 29
12 13 139 1
12 17 2 29
12 18 48 23
12 25 1 7
12 27 1 15
13 7 2 17
13 8 2 4
13 10 179 1
13 11 233 2
13 12 89 1
13 17 18 11
14 0 45 2
14 1 4 9
14 4 2 19
14 5 3 28
14 6 195 2
14 7 1 17
14 9 2 12
14 10 25 1
14 11 2 17
14 21 11 2
14 22 4 27
14 27 1 26
15 1 1 5
15 6 153 5
15 7 26 1
15 8 10 1
15 10 1 3
15 11 15 8
15 13 19 1
15 14 3 3
15 17 10 13
15 18 1 14
15 19 12 16
15 26 22 13
16 0 20 1
16 1 17 26
16 3 18 1
16 5 53 3
16 7 1 20
16 8 17 5
16 14 1 24
16 15 40 4
16 17 1 3
16 18 4 9
16 19 1 16
16 24 17 3
17 0 1 8
17 1 1 26
17 2 1 16
17 4 70 1
17 5 87 1
17 6 13 1
17 7 212 2
17 15 69 18
17 16 27 1
17 18 188 3
17 19 122 2
17 20 12 8
17 24 78 10
17 27 1 27
18 1 11 8
18 4 19 22
18 5 2 3
18 6 14 17
18 7 81 2
18 8 2 29
18 9 1 7
18 10 1 5
18 13 15 12
18 16 75 1
18 17 40 1
18 21 1 23
18 26 32 13
19 0 12 3
19 1 39 2
19 3 40 1
19 4 3 3
19 6 14 4
19 20 47 19
20 0 347 1
20 2 41 1
20 5 2 1
20 6 1 28
20 7 1 19
20 8 8 11
20 9 130 6
20 12 14 8
20 13 27 1
20 14 1 23
20 17 1 22
20 19 4 7
20 21 42 1
21 9 5 20
21 16 32 2
22 0 4 11
22 3 1 18
22 7 55 9
22 8 30 3
22 9 5 1
22 10 1 13
22 12 11 5
22 14 17 2
22 23 25 4
22 24 17 2
23 0 22 22
23 4 23 12
23 7 140 1
23 8 1 4
23 11 4 14
23 14 7 2
23 22 3 23
23 27 21 11
24 0 18 6
24 1 18 18
24 2 1 2
24 3 33 21
24 5 17 6
24 6 25 4
24 7 216 1
24 8 17 20
24 11 14 1
24 16 31 18
24 18 39 8
25 3 3 27
25 7 150 1
25 8 1 29
25 10 1 24
25 11 4 23
25 16 14 13
25 20 10 24
25 24 1 1
25 27 10 11
26 1 41 10
26 3 7 25
26 5 28 23
26 6 1 25
26 7 2 12
26 10 17 13
26 11 85 2
26 15 5 17
26 24 19 29
27 11 178 2
27 17 1 17
27 20 2 4
27 26 105 2
