0 1 200 9
0 3 93 12
0 4 337 2
0 5 54 20
0 7 7 22
0 8 18 29
0 9 227 2
0 10 223 2
0 11 1 24
0 12 4 22
0 16 32 7
0 19 69 1
0 20 351 1
0 21 1 25
0 23 3 4
0 24 25 25
1 0 16 28
1 2 8 10
1 3 48 29
1 4 18 29
1 5 20 4
1 6 123 1
1 7 260 1
1 8 22 15
1 9 10 6
1 11 148 1
1 13 1 1
1 14 29 3
1 16 17 19
1 17 2 27
1 18 1 27
1 19 113 1
1 20 49 3
1 22 1 9
1 24 22 18
2 1 13 20
2 3 1 11
2 4 206 24
2 5 21 3
2 7 12 26
2 8 101 1
2 9 92 1
2 10 15 27
2 11 63 1
2 13 3 4
2 14 2 18
2 15 12 5
2 17 79 1
2 19 1 4
2 20 23 25
3 0 40 15
3 1 36 21
3 2 3 17
3 4 241 1
3 5 18 3
3 7 2 21
3 8 18 3
3 9 1 16
3 10 7 2
3 12 96 1
3 16 34 1
3 18 3 4
3 19 1 28
3 24 18 19
4 0 1 14
4 1 167 1
4 2 1 27
4 6 23 19
4 7 203 2
4 8 307 1
4 9 104 1
4 11 29 2
4 12 126 1
4 18 2 6
4 19 57 3
4 20 49 2
5 0 18 17
5 1 18 12
5 3 18 17
5 4 9 7
5 6 222 1
5 7 77 2
5 8 22 4
5 9 296 1
5 10 72 1
5 12 128 1
5 13 32 2
5 16 18 29
5 17 1 22
5 19 4 14
5 21 1 14
5 24 21 11
6 0 80 7
6 1 6 17
6 2 12 18
6 3 125 1
6 5 20 28
6 7 1 27
6 8 18 18
6 9 107 1
6 10 3 16
6 12 62 1
6 13 5 9
6 14 68 2
6 15 2 14
6 18 55 27
6 19 109 4
6 25 99 1
6 26 3 10
7 0 1 18
7 1 204 1
7 2 11 1
7 3 4 29
7 4 230 2
7 5 53 1
7 6 2 9
7 8 5 8
7 9 33 3
7 10 2 21
7 11 13 28
7 14 1 4
7 15 1 28
7 16 4 17
7 17 3 25
7 19 1 14
7 22 38 3
7 24 1 28
8 0 17 23
8 1 18 28
8 2 131 1
8 3 18 4
8 4 1 4
8 5 41 12
8 6 41 27
8 7 20 23
8 9 2 2
8 10 1 11
8 11 16 1
8 12 18 4
8 13 1 13
8 14 250 1
8 15 151 2
8 16 18 9
8 17 3 29
8 19 21 1
8 23 1 21
8 24 18 23
8 25 3 23
8 26 1 11
9 0 1 21
9 1 208 6
9 4 107 1
9 5 13 1
9 6 10 5
9 7 1 24
9 8 2 25
9 10 70 25
9 11 8 2
9 12 81 1
9 13 1 5
9 14 117 1
9 19 16 6
9 20 123 5
9 21 1 27
10 0 190 2
10 1 1 14
10 2 1 26
10 3 41 17
10 4 111 1
10 5 347 1
10 7 2 24
10 8 8 27
10 9 3 23
10 11 7 16
10 12 1 2
10 13 10 1
10 14 14 26
10 19 1 8
10 23 17 2
10 24 1 3
10 25 1 8
10 26 1 15
11 0 161 1
11 1 56 2
11 2 213 1
11 3 41 1
11 4 3 26
11 5 142 17
11 6 238 1
11 7 104 1
11 8 114 1
11 9 163 1
11 13 1 5
11 14 6 1
11 15 72 1
11 17 1 15
11 18 2 3
11 19 3 9
11 22 159 2
11 24 3 28
11 25 2 2
11 26 2 22
12 1 1 14
12 4 213 2
12 5 1 2
12 6 248 1
12 7 1 11
12 8 31 1
12 11 34 4
12 13 139 1
12 14 128 21
12 15 70 4
12 17 1 26
12 19 53 14
12 20 7 13
12 21 7 21
12 25 35 14
13 4 8 3
13 7 1 20
13 10 178 1
13 12 88 19
13 14 19 1
13 23 1 27
14 5 3 10
14 7 3 6
14 9 2 8
14 10 21 1
14 11 1 29
14 12 129 1
14 13 55 1
14 15 6 2
14 17 2 9
14 23 1 3
15 1 17 2
15 3 3 23
15 7 26 1
15 8 9 4
15 10 3 18
15 11 119 5
15 12 1 4
15 13 18 9
15 14 1 14
15 16 37 21
15 24 18 1
15 26 5 28
16 0 38 18
16 1 34 14
16 3 36 20
16 5 18 12
16 7 5 23
16 8 18 1
16 9 3 2
16 10 12 5
16 17 3 26
16 18 6 5
16 19 9 23
16 22 27 5
16 24 18 19
16 25 1 24
17 1 127 22
17 3 39 2
17 4 69 1
17 5 87 1
17 6 12 2
17 8 284 2
17 12 162 9
17 14 52 2
17 16 26 1
17 20 4 1
17 27 6 17
18 1 1 7
18 4 1 20
18 6 24 25
18 8 28 14
18 16 74 1
18 17 39 1
18 20 55 10
18 21 21 13
19 0 11 1
19 3 40 1
19 10 57 3
19 18 42 1
19 20 4 6
19 23 1 8
20 0 347 1
20 2 41 1
20 3 9 1
20 5 3 1
20 8 15 19
20 12 1 22
20 13 27 8
20 14 2 21
20 15 1 24
20 19 190 1
20 21 42 2
20 22 1 2
20 27 49 1
21 8 1 15
21 9 2 27
21 11 1 8
21 14 27 23
21 20 26 5
21 26 4 26
22 4 74 3
22 7 1 4
22 9 5 1
22 13 1 8
22 21 1 20
23 3 1 13
23 7 140 1
23 11 1 17
23 15 17 22
23 19 9 8
24 0 32 3
24 1 17 3
24 3 18 5
24 4 92 1
24 5 18 20
24 7 215 1
24 8 18 8
24 10 14 1
24 11 13 1
24 12 1 22
24 16 18 17
25 0 3 27
25 2 30 3
25 3 11 29
25 7 148 1
25 10 4 9
25 11 4 15
25 14 1 12
25 17 71 2
25 18 1 13
25 20 1 26
25 24 2 5
26 0 26 6
26 3 1 19
26 6 12 20
26 10 1 6
26 15 15 20
26 24 2 12
26 27 7 4
27 0 1 8
27 4 25 1
27 6 1 26
27 7 2 22
27 9 1 20
27 25 1 24
