0 1 45 15
0 3 9 10
0 4 22 6
0 5 113 16
0 6 339 1
0 7 15 1
0 8 27 23
0 10 208 2
0 11 1 9
0 12 1 4
0 16 305 10
0 18 28 1
0 19 35 1
0 20 332 1
0 22 71 3
0 24 7 18
0 25 39 2
1 0 7 21
1 2 223 1
1 3 9 20
1 4 12 2
1 5 11 17
1 6 113 1
1 7 224 1
1 8 161 29
1 9 13 13
1 11 128 1
1 12 144 3
1 13 1 16
1 14 23 6
1 16 57 3
1 17 18 9
1 19 96 2
1 20 38 2
1 24 45 13
1 25 1 7
2 1 10 11
2 3 85 1
2 4 54 29
2 5 14 1
2 7 4 27
2 8 163 1
2 11 182 1
2 12 1 2
2 15 2 23
2 17 146 1
2 20 1 18
2 25 1 4
3 0 9 9
3 1 15 25
3 2 25 9
3 5 251 13
3 6 250 1
3 7 7 21
3 8 53 29
3 9 6 28
3 10 2 22
3 13 21 2
3 14 4 13
3 16 45 16
3 17 1 18
3 19 3 13
3 20 195 1
3 22 5 27
3 23 19 7
3 24 36 5
3 25 10 21
4 0 1 27
4 1 110 1
4 2 11 6
4 3 1 16
4 5 1 1
4 6 2 5
4 8 284 1
4 9 62 1
4 12 109 1
4 14 5 23
4 17 253 2
4 20 42 1
4 22 1 28
4 26 1 20
5 0 36 7
5 1 80 6
5 2 18 2
5 3 7 14
5 4 1 18
5 6 34 4
5 7 54 1
5 8 265 9
5 9 171 1
5 10 235 18
5 11 1 26
5 12 107 1
5 13 31 29
5 16 97 9
5 19 1 17
5 20 16 8
5 22 1 1
5 23 3 27
5 24 127 21
6 0 62 1
6 1 4 17
6 2 2 9
6 3 96 2
6 5 144 25
6 5 319 1
6 7 4 2
6 8 24 21
6 9 368 1
6 10 4 22
6 12 43 2
6 13 53 17
6 14 53 1
6 15 85 29
6 16 1 9
6 17 1 6
6 19 102 5
6 20 29 10
6 25 91 3
7 0 1 3
7 1 169 1
7 2 154 1
7 3 6 3
7 4 211 1
7 5 45 1
7 6 24 28
7 8 21 6
7 9 2 12
7 11 101 8
7 14 5 26
7 15 1 11
7 16 6 10
7 17 156 26
7 19 16 2
7 20 1 4
7 23 200 4
7 24 19 11
7 27 4 20
8 0 25 28
8 1 7 16
8 2 349 1
8 3 25 17
8 4 2 22
8 5 402 1
8 5 104 16
8 6 206 5
8 7 8 2
8 9 2 27
8 10 288 10
8 13 1 5
8 14 220 1
8 15 135 1
8 16 26 16
8 18 30 1
8 20 17 29
8 23 6 11
8 24 7 25
8 25 4 6
8 27 35 1
9 1 13 5
9 3 3 20
9 4 64 1
9 5 16 1
9 6 75 18
9 7 1 13
9 8 2 2
9 10 29 21
9 12 38 1
9 14 98 1
9 17 190 1
9 19 14 2
9 25 1 28
10 0 174 2
10 1 2 6
10 2 12 1
10 3 2 28
10 4 87 1
10 5 306 1
10 6 2 2
10 7 3 4
10 8 25 28
10 9 9 18
10 11 4 7
10 12 11 6
10 13 260 1
10 14 10 15
10 17 1 28
10 18 42 2
10 20 8 4
10 22 23 2
10 27 76 1
11 0 139 1
11 1 42 1
11 2 191 2
11 5 1 4
11 6 204 1
11 7 79 1
11 8 71 1
11 9 135 1
11 15 208 1
11 16 97 27
11 22 149 2
11 23 5 1
11 24 1 22
11 26 2 28
12 2 25 1
12 4 198 2
12 6 224 1
12 7 1 6
12 8 20 4
12 9 108 1
12 10 3 1
12 11 27 1
12 13 109 1
12 14 124 1
12 15 62 1
12 16 86 7
12 20 6 2
12 21 2 11
12 22 112 1
12 23 66 2
12 25 1 17
13 2 23 16
13 3 22 7
13 4 5 4
13 6 18 28
13 7 12 11
13 10 144 1
13 11 219 2
13 14 12 1
13 15 2 24
13 16 27 13
13 17 18 16
13 19 1 1
13 24 9 7
13 26 1 20
14 0 41 1
14 1 1 7
14 3 57 3
14 4 1 7
14 6 183 2
14 9 4 23
14 10 253 1
14 11 1 5
14 12 115 1
14 17 1 11
14 23 2 20
14 27 1 2
15 1 110 12
15 2 1 10
15 3 13 27
15 4 33 2
15 7 7 2
15 10 12 21
15 11 21 1
15 12 1 9
15 14 10 20
16 0 7 20
16 1 75 19
16 3 48 16
16 4 231 5
16 5 75 23
16 8 197 16
16 10 3 22
16 17 5 6
16 18 1 3
16 19 9 15
16 24 172 29
16 27 36 7
17 2 1 28
17 3 28 3
17 4 50 1
17 5 75 3
17 7 200 1
17 9 1 28
17 10 3 1
17 13 2 21
17 15 1 5
17 16 7 1
17 18 184 2
17 23 31 6
17 27 30 6
18 0 151 4
18 1 10 25
18 4 6 24
18 5 135 3
18 6 1 25
18 8 6 20
18 14 30 17
18 16 43 1
18 17 29 4
18 20 2 23
18 25 3 27
19 0 31 1
19 1 26 1
19 6 1 19
19 20 5 29
20 1 1 4
20 2 30 3
20 6 1 9
20 8 2 27
20 10 14 2
20 11 36 4
20 13 38 28
20 14 1 28
20 15 23 15
20 17 1 20
20 19 161 1
20 25 48 1
20 26 2 9
20 27 47 3
21 0 25 1
21 6 50 4
21 11 71 8
21 12 6 19
21 20 1 29
22 0 3 23
22 3 1 24
22 4 72 1
22 5 1 18
22 10 17 10
22 11 1 28
22 12 2 29
22 14 13 8
22 17 4 18
22 23 6 2
23 0 1 6
23 7 126 2
23 14 5 7
23 22 1 12
23 24 3 21
24 0 106 10
24 1 80 2
24 3 72 4
24 5 155 1
24 7 192 1
24 8 159 16
24 10 1 12
24 12 1 19
24 16 256 19
24 19 11 4
25 1 3 3
25 2 28 1
25 6 1 6
25 7 113 1
25 8 2 20
25 11 56 5
26 6 1 7
26 7 5 15
26 8 1 18
26 11 1 15
26 12 1 3
26 15 5 15
26 21 1 25
26 22 17 16
26 27 4 1
27 2 3 1
27 7 2 29
27 10 2 29
27 11 157 2
27 14 14 3
27 17 1 21
27 18 5 23
27 22 2 16
27 25 1 21
27 26 84 1
