0 1 51 24
0 3 284 1
0 5 210 1
0 6 314 1
0 7 5 18
0 8 37 1
0 10 195 2
0 11 3 10
0 15 90 3
0 16 192 1
0 17 1 7
0 19 15 1
0 20 314 1
0 24 106 1
1 0 266 1
1 2 358 1
1 3 31 1
1 4 10 4
1 5 41 22
1 6 171 1
1 7 194 1
1 8 40 1
1 9 1 25
1 11 111 2
1 14 19 3
1 15 3 16
1 16 274 1
1 17 82 1
1 20 29 2
1 22 58 21
1 24 136 13
1 25 2 25
2 1 12 1
2 3 9 4
2 4 1 7
2 5 8 2
2 7 1 20
2 8 93 1
2 9 68 2
2 10 109 6
2 11 172 1
2 12 10 13
2 15 2 26
2 16 69 2
2 17 63 13
2 20 30 27
2 21 18 26
3 0 94 1
3 1 33 1
3 2 49 14
3 5 294 1
3 6 229 1
3 7 6 19
3 8 28 23
3 10 1 7
3 11 1 1
3 15 55 1
3 16 186 1
3 17 1 16
3 18 54 23
3 20 176 1
3 24 84 1
4 0 1 20
4 1 85 1
4 2 2 13
4 5 26 1
4 6 2 5
4 7 165 1
4 8 274 1
4 9 35 1
4 11 16 1
4 12 96 1
4 17 233 1
4 18 1 18
5 0 180 1
5 1 204 14
5 2 12 2
5 3 26 8
5 6 11 5
5 7 37 2
5 8 38 17
5 9 55 1
5 10 50 1
5 12 90 1
5 16 20 2
5 20 14 1
5 21 28 1
5 23 4 12
5 24 73 1
6 0 254 1
6 1 130 19
6 2 1 6
6 3 74 2
6 4 1 25
6 5 231 2
6 5 247 1
6 7 19 29
6 8 20 14
6 9 260 1
6 10 4 3
6 11 1 29
6 12 30 2
6 13 56 13
6 14 42 1
6 17 6 21
6 19 96 1
6 20 32 22
6 21 10 3
6 22 1 7
6 23 4 25
6 25 85 1
6 26 3 2
7 0 11 2
7 1 141 1
7 2 116 1
7 3 20 19
7 4 194 1
7 5 40 1
7 6 194 9
7 8 101 20
7 10 1 12
7 11 382 13
7 13 184 2
7 15 16 18
7 16 2 4
7 19 2 11
7 25 1 13
7 26 27 1
7 27 5 11
8 0 184 1
8 1 101 1
8 2 234 1
8 3 17 1
8 4 2 23
8 5 316 1
8 6 273 15
8 7 416 17
8 9 10 18
8 10 8 1
8 13 8 19
8 14 193 1
8 15 121 2
8 16 248 16
8 20 7 13
8 21 1 13
8 23 3 29
8 24 28 1
8 25 40 7
8 27 31 3
9 1 4 19
9 2 2 9
9 4 35 1
9 5 1 2
9 6 5 24
9 7 1 13
9 8 3 1
9 10 2 26
9 12 14 1
9 14 83 1
9 15 11 3
9 17 182 2
9 19 12 1
9 22 13 1
9 23 3 9
10 0 160 2
10 1 34 22
10 2 2 26
10 3 12 28
10 4 68 2
10 5 269 1
10 6 4 9
10 7 320 20
10 8 3 26
10 9 5 8
10 11 6 17
10 12 4 11
10 13 253 1
10 14 96 12
10 17 67 13
10 18 36 2
10 20 2 26
10 21 2 8
10 24 120 24
10 25 3 13
10 27 69 3
11 0 120 1
11 2 173 1
11 3 343 1
11 5 1 21
11 6 176 1
11 7 189 1
11 8 42 1
11 9 113 1
11 10 2 10
11 12 78 1
11 13 2 23
11 14 1 12
11 15 8 1
11 16 2 7
11 17 2 22
11 21 1 29
11 24 2 10
11 25 137 16
11 27 2 14
12 2 21 1
12 4 185 1
12 6 204 1
12 7 1 24
12 8 13 2
12 9 348 1
12 10 6 6
12 13 85 1
12 17 1 13
12 20 4 11
12 23 62 2
13 7 2 22
13 10 117 1
13 11 206 1
13 12 66 1
13 14 26 6
13 17 1 7
13 20 4 26
14 4 2 9
14 5 1 25
14 6 172 2
14 8 4 19
14 9 7 29
14 10 167 1
14 11 1 19
14 12 103 1
14 13 26 1
14 21 8 3
14 22 2 8
14 23 28 29
15 0 6 26
15 3 1 14
15 8 1 3
15 10 4 6
15 11 116 1
15 14 1 3
15 18 3 22
15 20 1 6
15 21 9 15
15 22 1 23
16 0 6 9
16 1 53 7
16 3 161 1
16 5 22 7
16 8 44 1
16 9 18 28
16 10 13 3
16 11 1 26
16 18 2 24
16 24 107 1
17 3 20 3
17 4 36 2
17 5 66 1
17 6 307 1
17 8 40 1
17 12 159 4
17 13 1 10
17 14 45 1
17 20 1 28
17 27 32 13
18 0 145 4
18 1 11 8
18 2 28 1
18 4 13 1
18 6 1 4
18 8 1 25
18 9 54 24
18 10 28 7
18 15 30 5
18 16 22 1
18 20 1 25
18 25 6 9
19 0 249 1
19 1 18 1
19 4 1 27
19 6 5 17
19 9 1 10
19 12 50 10
19 17 8 27
19 20 8 27
20 0 339 2
20 1 239 18
20 6 1 19
20 8 48 1
20 9 122 4
20 11 218 4
20 16 71 3
20 19 193 1
20 25 44 7
21 11 7 13
21 17 63 2
21 18 6 9
21 20 31 14
21 22 1 25
21 24 20 16
22 4 70 1
22 5 2 13
22 8 20 2
22 9 2 1
22 12 2 16
22 13 1 7
22 14 10 1
22 18 2 20
22 21 1 25
22 23 18 5
22 26 19 3
23 0 31 11
23 1 83 7
23 6 55 4
23 11 72 11
23 20 2 16
23 22 1 1
24 0 6 3
24 1 43 1
24 3 103 1
24 5 17 17
24 6 16 6
24 7 172 1
24 8 38 1
24 11 1 27
24 15 38 6
24 16 26 1
24 18 37 6
24 21 24 20
25 3 5 21
25 7 85 1
25 10 2 28
25 11 17 27
25 14 1 12
25 15 5 4
25 16 2 19
25 18 1 1
25 24 1 17
26 1 37 6
26 3 8 25
26 7 2 28
26 10 1 20
26 13 10 26
26 15 1 29
26 21 9 8
26 22 17 14
26 27 122 1
27 0 1 16
27 6 1 8
27 7 5 26
27 8 145 3
27 11 140 2
27 13 1 10
27 20 1 2
27 25 7 5
27 26 65 2
