0 1 397 22
0 3 23 9
0 4 21 1
0 5 301 1
0 6 310 1
0 7 8 13
0 8 335 1
0 9 210 1
0 10 193 1
0 16 29 1
0 17 1 13
0 19 13 1
0 23 8 25
0 24 177 1
1 0 198 1
1 2 308 1
1 3 51 16
1 4 10 25
1 5 179 1
1 6 154 1
1 7 189 1
1 8 194 1
1 9 1 24
1 11 109 1
1 12 133 2
1 16 202 1
1 17 3 20
1 24 40 1
1 25 3 21
2 1 12 22
2 3 4 1
2 4 55 12
2 6 3 1
2 7 2 19
2 8 79 1
2 11 169 2
2 17 137 2
2 20 1 26
3 0 367 17
3 1 149 1
3 2 28 20
3 5 56 2
3 6 225 1
3 7 29 20
3 8 45 1
3 9 2 18
3 10 1 1
3 16 121 1
3 17 45 28
3 18 1 18
3 20 173 1
3 22 10 28
3 23 18 1
3 24 40 22
4 0 24 14
4 1 67 1
4 3 1 28
4 5 16 1
4 6 325 3
4 8 267 1
4 9 31 1
4 12 94 1
4 14 5 19
4 15 1 11
4 18 2 28
4 19 43 3
4 22 1 3
5 0 277 1
5 1 177 1
5 2 11 4
5 3 122 1
5 6 8 27
5 7 35 1
5 8 34 22
5 9 38 6
5 10 45 1
5 11 241 2
5 12 87 1
5 13 31 1
5 14 1 27
5 16 39 1
5 24 31 2
6 0 51 1
6 1 1 27
6 2 2 26
6 3 71 1
6 4 1 19
6 5 173 1
6 7 3 6
6 8 19 17
6 9 243 1
6 10 33 17
6 11 1 14
6 12 28 2
6 14 40 1
6 15 85 21
6 17 1 19
6 18 1 26
6 19 95 1
6 23 3 13
6 25 83 1
6 26 1 4
7 0 2 29
7 1 136 1
7 2 110 1
7 3 3 27
7 4 191 1
7 5 223 1
7 6 8 21
7 8 43 4
7 9 1 9
7 10 6 25
7 11 10 6
7 13 184 2
7 15 2 5
7 16 2 3
7 17 1 7
7 18 176 5
7 19 1 9
7 20 11 19
7 21 13 12
7 25 2 3
7 27 5 20
8 0 388 7
8 1 29 1
8 2 216 1
8 3 9 3
8 4 1 14
8 5 374 1
8 6 47 4
8 6 93 29
8 6 27 2
8 6 432 1
8 7 9 20
8 9 2 20
8 10 116 1
8 12 4 4
8 13 1 18
8 14 189 1
8 15 119 2
8 16 116 3
8 17 4 27
8 20 17 4
8 22 86 1
8 23 10 24
8 24 12 2
8 26 36 22
9 0 1 3
9 1 1 24
9 2 1 8
9 4 31 2
9 5 2 14
9 6 8 3
9 7 1 12
9 8 22 1
9 10 140 3
9 11 114 1
9 12 11 1
9 13 1 19
9 15 10 4
9 21 1 2
9 22 12 3
9 23 1 28
9 25 2 22
9 26 1 3
9 27 1 29
10 0 158 2
10 1 1 11
10 2 1 11
10 3 44 3
10 5 263 1
10 6 2 6
10 7 14 21
10 8 7 15
10 9 5 21
10 11 36 28
10 13 249 1
10 14 10 23
10 15 1 12
10 17 1 13
10 20 158 17
10 22 16 1
10 24 2 29
11 1 29 3
11 2 170 1
11 3 340 27
11 6 172 1
11 7 32 1
11 8 38 1
11 9 110 1
11 10 1 6
11 14 1 12
11 15 112 1
11 16 1 10
11 17 2 18
11 22 139 2
11 24 3 21
11 25 28 1
11 26 1 1
11 27 3 2
12 0 1 19
12 2 20 7
12 4 183 1
12 8 12 1
12 9 342 12
12 11 20 1
12 13 81 1
12 18 6 22
12 24 71 12
12 25 1 26
13 1 99 1
13 6 2 28
13 7 1 13
13 8 2 1
13 10 113 1
13 12 63 1
13 16 2 5
13 20 1 11
13 25 2 13
14 0 36 2
14 2 1 27
14 4 1 11
14 6 170 1
14 8 5 8
14 10 154 1
14 12 101 1
14 13 24 1
14 15 5 24
14 16 7 19
14 17 2 9
14 22 5 6
14 23 7 16
14 25 23 4
15 6 152 4
15 10 16 6
15 11 98 1
15 12 31 21
15 14 3 19
15 17 7 1
15 18 35 13
15 23 1 17
15 25 16 10
16 0 252 1
16 1 190 4
16 3 84 1
16 4 225 1
16 5 266 1
16 7 2 17
16 8 39 1
16 9 1 15
16 12 8 7
16 18 88 14
16 19 1 20
16 24 152 10
17 1 5 27
17 2 17 24
17 3 19 2
17 4 34 2
17 5 64 2
17 7 187 2
17 10 259 1
17 12 159 3
17 13 2 28
17 19 112 4
17 20 1 18
17 24 74 6
17 25 6 1
18 0 144 3
18 1 6 26
18 3 78 1
18 4 2 14
18 6 2 13
18 8 2 20
18 9 6 5
18 14 1 2
18 16 19 1
18 17 21 3
18 20 62 15
19 0 244 1
19 1 16 1
19 2 2 6
19 3 28 2
19 4 1 19
19 5 2 19
19 7 166 2
19 8 151 2
19 10 47 5
19 20 6 10
19 21 8 27
19 24 19 2
20 0 337 10
20 4 42 1
20 7 1 5
20 9 122 1
20 11 218 1
20 15 10 19
20 16 70 7
20 17 2 14
20 19 179 5
21 9 1 25
21 10 19 5
21 17 63 2
21 20 3 19
21 22 6 1
21 23 16 6
22 6 1 19
22 11 1 14
22 12 3 16
22 18 33 22
22 20 1 21
22 24 12 2
23 3 1 26
23 6 55 1
23 9 13 29
23 11 2 21
23 12 1 12
23 14 4 3
23 24 1 7
24 0 38 1
24 1 46 1
24 3 17 3
24 4 86 10
24 5 121 18
24 7 169 1
24 8 35 1
24 9 1 3
24 16 69 1
24 25 15 1
25 1 123 1
25 5 4 23
25 7 81 1
25 9 65 1
25 10 5 21
25 11 3 7
25 12 76 23
25 15 5 1
25 16 14 14
25 18 1 18
26 3 1 21
26 5 1 20
26 24 10 29
26 27 120 1
27 0 1 11
27 4 20 8
27 6 1 2
27 7 9 28
27 8 144 1
27 10 2 10
27 17 38 4
27 19 2 10
