0 1 215 1
0 3 136 1
0 4 15 1
0 5 157 5
0 6 303 1
0 7 5 17
0 8 287 1
0 9 208 1
0 10 189 1
0 12 13 24
0 14 1 28
0 15 88 4
0 16 170 1
0 18 20 5
0 20 305 1
0 24 96 1
1 0 97 1
1 2 282 1
1 3 51 1
1 4 26 21
1 5 48 1
1 6 71 1
1 7 181 1
1 8 112 7
1 9 12 15
1 10 1 29
1 11 104 1
1 12 131 1
1 13 3 20
1 15 59 18
1 16 121 1
1 17 3 19
1 18 2 5
1 21 7 8
1 24 21 1
2 0 2 23
2 1 6 12
2 3 212 1
2 5 6 3
2 6 33 1
2 7 1 17
2 8 9 20
2 9 64 1
2 10 2 5
2 11 165 1
2 16 1 22
2 17 133 1
2 20 11 23
2 24 2 17
3 0 36 1
3 1 146 1
3 2 5 16
3 4 4 1
3 5 193 1
3 6 219 1
3 7 50 24
3 8 104 1
3 10 4 20
3 11 5 4
3 12 87 1
3 16 100 1
3 17 1 26
3 18 3 9
3 20 167 2
3 24 52 3
3 25 54 2
4 0 1 9
4 1 37 1
4 2 1 25
4 3 1 26
4 5 82 28
4 6 21 11
4 7 158 1
4 8 258 1
4 9 26 1
4 11 14 2
4 12 90 1
4 15 18 20
4 16 1 1
4 17 224 1
4 19 41 4
4 25 1 10
5 0 179 1
5 1 42 1
5 2 10 2
5 3 42 1
5 4 9 2
5 6 11 3
5 7 31 1
5 8 19 1
5 9 31 1
5 10 222 1
5 16 198 4
5 20 13 1
5 24 22 2
6 0 43 1
6 2 7 25
6 3 65 2
6 4 4 1
6 5 272 1
6 7 16 28
6 8 39 1
6 9 221 1
6 10 4 1
6 11 2 4
6 12 25 2
6 13 1 13
6 14 37 3
6 15 1 27
6 16 1 4
7 0 15 15
7 1 129 1
7 2 100 1
7 3 7 7
7 4 186 1
7 5 217 1
7 8 5 21
7 9 4 10
7 10 1 10
7 11 8 6
7 14 4 2
7 15 2 26
7 17 2 24
7 19 3 27
7 20 1 10
7 24 1 17
7 27 5 2
8 0 423 1
8 1 103 1
8 2 186 1
8 3 85 12
8 4 4 11
8 5 373 1
8 6 429 6
8 6 56 1
8 7 2 15
8 9 14 29
8 10 59 1
8 12 3 1
8 13 95 4
8 14 181 1
8 15 115 1
8 16 156 1
8 18 20 1
8 19 135 1
8 24 63 1
9 0 223 29
9 4 25 1
9 5 2 18
9 6 112 14
9 8 2 21
9 10 2 2
9 11 110 1
9 14 76 1
9 16 8 2
9 19 11 2
9 22 11 1
10 0 154 1
10 1 5 7
10 2 1 21
10 3 1 15
10 4 61 1
10 5 252 1
10 6 14 19
10 7 1 28
10 8 2 28
10 9 10 2
10 11 3 3
10 12 13 13
10 14 4 11
10 15 2 10
10 19 12 10
10 20 1 15
10 21 2 15
10 27 66 3
11 0 113 1
11 2 164 1
11 3 30 1
11 4 10 29
11 6 164 1
11 7 336 1
11 8 32 1
11 9 104 1
11 10 1 26
11 12 74 2
11 14 1 3
11 15 85 1
11 17 1 14
11 20 17 2
11 21 27 8
11 24 12 14
11 25 15 1
11 26 1 23
11 27 6 14
12 1 2 4
12 2 20 1
12 3 7 29
12 8 10 4
12 9 8 1
12 10 5 26
12 11 18 4
12 13 75 1
12 14 120 2
12 15 53 2
12 20 4 7
13 2 1 13
13 10 105 1
13 12 57 1
13 15 4 14
13 22 1 8
14 0 35 2
14 1 3 8
14 5 1 13
14 7 270 2
14 9 1 5
14 10 132 1
14 11 174 1
14 13 19 2
14 16 1 6
14 17 1 3
14 18 3 6
14 19 14 14
14 25 23 2
15 5 2 18
15 10 1 6
15 11 188 1
15 12 73 19
15 13 10 7
15 14 1 2
15 25 6 25
15 27 3 6
16 0 212 1
16 1 155 1
16 3 31 1
16 5 224 1
16 7 1 25
16 8 192 1
16 9 1 14
16 10 13 3
16 12 9 15
16 17 200 20
16 18 2 20
16 19 1 18
16 24 41 1
16 26 1 1
17 0 1 24
17 2 11 23
17 3 17 3
17 6 300 1
17 7 184 2
17 8 274 3
17 9 2 23
17 18 25 1
17 19 111 2
17 26 15 25
17 27 2 13
18 1 16 20
18 4 2 16
18 6 1 6
18 7 65 1
18 8 2 12
18 13 13 6
18 16 15 1
18 17 19 1
18 25 1 22
19 0 17 1
19 1 14 1
19 6 4 15
19 12 50 6
19 20 1 15
19 22 5 9
19 24 18 6
20 0 12 1
20 6 3 12
20 8 5 1
20 9 120 4
20 15 2 19
20 16 70 4
20 19 169 1
20 21 40 12
21 6 46 3
21 8 1 11
21 12 8 26
21 13 1 23
21 19 1 1
21 23 15 26
22 1 37 4
22 10 1 11
22 12 7 2
22 13 1 29
22 14 9 4
22 16 6 28
22 17 4 5
22 21 1 8
22 26 18 5
23 0 31 9
23 5 16 1
23 9 1 15
23 10 1 5
23 11 73 5
23 21 1 17
23 22 1 29
23 24 2 15
24 0 351 1
24 1 138 1
24 3 58 1
24 5 149 1
24 7 163 1
24 8 79 1
24 10 6 1
24 13 2 21
24 16 208 1
24 18 36 13
24 23 42 3
24 25 19 6
24 27 2 2
25 0 94 25
25 7 74 1
25 10 1 9
25 11 6 20
25 13 4 1
25 14 1 9
25 17 65 1
26 1 36 5
26 6 5 6
26 10 99 27
26 19 2 13
26 27 116 1
27 0 2 5
27 1 79 6
27 7 1 19
27 18 10 28
27 24 1 7
27 25 1 18
27 26 57 2
