0 1 364 1
0 2 1 14
0 3 41 1
0 4 317 1
0 5 64 1
0 6 285 1
0 7 6 24
0 8 216 1
0 9 202 2
0 10 180 1
0 14 5 23
0 15 85 1
0 16 14 14
0 19 2 2
0 20 290 1
0 21 15 18
0 24 24 1
1 0 18 1
1 2 222 1
1 3 187 1
1 4 124 4
1 5 127 1
1 6 276 1
1 7 161 1
1 8 42 1
1 9 2 13
1 10 7 9
1 14 14 3
1 16 26 1
1 17 18 28
1 19 67 1
1 24 3 15
2 0 1 8
2 1 15 20
2 3 122 1
2 6 334 1
2 7 122 20
2 8 28 1
2 9 57 1
2 10 178 11
2 11 158 1
2 12 13 4
2 14 1 18
2 15 2 24
2 17 132 1
2 18 2 10
2 20 12 4
2 24 2 19
3 0 51 1
3 1 26 1
3 2 65 11
3 5 15 1
3 6 203 1
3 7 10 25
3 8 28 16
3 9 100 17
3 10 1 10
3 11 5 5
3 16 45 1
3 19 16 29
3 20 154 1
3 22 2 29
3 24 27 1
4 0 1 21
4 1 259 1
4 2 13 1
4 5 373 1
4 6 1 17
4 7 146 2
4 8 236 1
4 9 13 1
4 10 391 2
4 12 81 2
4 14 2 11
4 15 1 27
4 17 209 2
4 18 55 22
4 19 37 4
4 26 2 21
5 0 135 1
5 1 44 1
5 3 11 1
5 4 19 1
5 6 35 7
5 7 22 1
5 8 22 1
5 9 3 1
5 10 243 1
5 12 71 2
5 16 26 1
5 24 17 1
5 26 23 2
6 0 34 1
6 1 286 28
6 2 40 5
6 3 52 1
6 4 7 11
6 5 108 1
6 7 4 24
6 8 75 23
6 9 155 1
6 10 6 7
6 11 3 1
6 13 4 11
6 16 5 18
6 17 2 17
6 19 89 3
6 25 77 2
7 0 2 12
7 1 111 1
7 2 77 1
7 3 4 17
7 4 174 2
7 5 31 1
7 6 1 28
7 8 5 24
7 9 6 4
7 10 5 12
7 11 5 1
7 13 6 2
7 14 2 3
7 15 10 26
7 16 1 22
7 17 163 9
7 18 5 5
7 19 1 20
7 20 7 18
7 22 2 17
7 23 185 1
7 24 6 12
8 0 179 1
8 1 70 1
8 2 119 1
8 3 52 1
8 4 9 7
8 5 270 1
8 6 192 13
8 7 6 27
8 9 5 26
8 10 194 1
8 11 1 18
8 14 163 1
8 15 106 1
8 16 74 1
8 18 17 1
8 19 132 2
8 20 273 2
8 22 79 4
8 23 11 22
8 24 7 5
8 25 45 4
8 26 76 11
9 1 67 16
9 3 1 22
9 4 13 1
9 5 26 6
9 6 4 12
9 8 4 28
9 10 10 21
9 11 234 18
9 12 1 1
9 13 100 29
9 14 66 2
9 16 6 7
9 17 173 1
9 19 9 5
9 20 110 3
9 25 1 17
9 26 1 14
9 27 4 2
10 1 1 29
10 2 1 12
10 3 20 20
10 5 226 1
10 6 2 4
10 7 45 15
10 8 415 17
10 9 6 27
10 11 8 19
10 12 2 8
10 13 233 1
10 14 23 3
10 17 4 23
10 18 30 2
10 20 1 27
10 22 167 1
10 24 1 15
10 26 1 16
10 27 62 2
11 2 151 1
11 3 16 1
11 4 6 26
11 6 146 1
11 7 91 1
11 8 18 1
11 9 90 1
11 10 2 15
11 15 45 1
11 19 7 20
11 20 13 2
11 22 130 1
11 23 4 2
11 24 2 5
11 25 251 1
11 26 4 11
11 27 1 14
12 1 5 3
12 4 170 2
12 6 180 1
12 8 7 1
12 9 88 1
12 10 10 17
12 13 60 1
12 14 115 2
12 16 2 2
12 18 1 26
12 23 56 2
13 6 19 14
13 10 88 1
13 12 53 1
13 15 1 25
13 17 3 27
13 20 1 23
13 26 1 11
14 1 1 9
14 5 1 15
14 8 1 5
14 9 1 26
14 10 84 1
14 11 166 1
14 12 89 1
14 13 10 1
14 15 6 17
14 16 1 27
14 17 1 7
14 23 4 14
14 27 4 19
15 10 1 2
15 11 127 1
15 20 6 3
15 23 1 27
15 27 4 25
16 0 80 1
16 1 256 1
16 3 30 1
16 4 219 1
16 5 29 1
16 7 1 16
16 8 24 1
16 9 18 7
16 15 38 29
16 18 1 19
16 19 2 15
16 21 11 1
16 24 55 1
16 25 29 4
17 1 23 18
17 2 19 1
17 4 23 1
17 5 56 1
17 7 177 1
17 8 268 3
17 9 1 28
17 16 1 11
17 18 178 2
17 19 108 1
17 20 3 13
18 0 138 3
18 1 1 11
18 4 33 20
18 6 56 1
18 7 61 4
18 8 1 9
18 9 39 7
18 10 2 19
18 13 12 1
18 15 28 14
18 17 15 2
18 20 1 16
18 25 3 19
19 0 235 1
19 1 10 2
19 4 1 26
19 6 1 4
19 7 15 1
19 11 1 10
19 17 8 3
19 20 11 1
20 0 328 1
20 1 1 18
20 2 14 2
20 6 2 22
20 9 118 2
20 10 7 6
20 11 31 25
20 12 21 28
20 13 1 13
20 18 7 28
20 19 81 1
20 27 43 3
21 8 2 6
21 9 1 20
21 10 17 3
21 11 1 28
21 14 26 25
21 17 62 6
22 7 150 15
22 9 1 1
22 10 1 7
22 12 3 2
22 23 4 1
22 25 1 18
23 8 152 7
23 9 1 17
23 10 1 24
23 11 81 29
23 15 7 5
23 21 1 7
23 22 17 17
24 0 130 1
24 1 121 1
24 3 41 1
24 5 53 1
24 7 149 1
24 8 14 1
24 10 6 24
24 12 13 4
24 15 35 2
24 16 7 1
24 25 16 17
25 0 22 25
25 2 23 11
25 3 1 15
25 7 57 1
25 9 60 2
25 10 3 24
25 11 3 26
25 15 4 1
26 1 35 5
26 3 2 23
26 4 3 26
26 7 2 6
26 11 9 13
26 24 1 4
27 0 2 5
27 1 78 4
27 8 141 3
27 11 121 1
27 13 1 2
27 17 1 26
27 20 1 22
27 22 1 28
27 25 22 28
27 26 46 1
