0 1 263 1
0 2 1 21
0 3 2 21
0 4 311 1
0 5 36 1
0 6 278 1
0 7 4 7
0 8 185 1
0 10 177 1
0 11 4 18
0 12 5 23
0 13 78 6
0 14 2 15
0 15 84 2
0 16 1 1
0 17 4 21
0 20 285 1
0 22 73 1
0 23 69 28
0 24 19 29
1 0 3 15
1 2 190 1
1 3 165 22
1 4 146 1
1 5 92 1
1 6 250 28
1 7 155 1
1 9 1 28
1 10 1 9
1 11 90 1
1 14 14 1
1 15 6 19
1 17 24 11
1 18 138 10
1 19 63 1
1 23 1 1
1 24 23 16
2 0 3 5
2 1 121 8
2 3 24 1
2 4 226 1
2 7 1 21
2 8 18 1
2 9 54 2
2 10 108 18
2 11 153 2
2 12 1 14
2 16 4 2
2 17 128 1
2 18 1 27
2 20 11 14
2 25 2 10
3 1 2 22
3 2 13 20
3 5 4 3
3 6 197 1
3 7 3 16
3 8 70 1
3 9 23 4
3 10 9 19
3 11 10 7
3 16 37 12
3 19 2 18
3 20 149 1
4 0 2 27
4 1 243 1
4 3 3 4
4 5 353 1
4 6 2 15
4 7 142 1
4 8 225 1
4 11 10 1
4 12 78 1
4 15 2 17
4 17 204 1
4 18 344 16
4 20 29 5
5 0 116 15
5 1 22 1
5 2 6 2
5 3 5 24
5 4 3 16
5 6 95 3
5 7 19 1
5 8 2 25
5 10 234 10
5 11 235 3
5 12 68 1
5 14 7 2
5 22 1 7
5 23 6 26
5 24 1 1
6 0 27 1
6 1 4 1
6 2 11 16
6 3 48 1
6 4 2 27
6 5 52 1
6 7 39 10
6 8 5 16
6 9 134 1
6 10 55 9
6 13 1 14
6 14 28 3
6 15 1 15
6 16 2 11
6 17 5 17
6 18 54 1
6 19 88 2
6 21 7 16
6 25 75 1
6 26 1 22
7 0 20 11
7 1 105 1
7 2 69 1
7 3 113 21
7 4 170 1
7 5 25 1
7 8 10 15
7 10 1 17
7 11 13 18
7 13 6 1
7 15 1 7
7 16 3 23
7 17 9 19
7 20 28 3
7 22 50 1
7 23 183 3
7 24 1 27
7 26 21 2
7 27 4 9
8 0 147 1
8 2 98 1
8 3 173 1
8 4 3 27
8 5 240 1
8 6 50 1
8 7 6 9
8 9 2 12
8 10 15 23
8 12 1 1
8 13 1 25
8 14 156 1
8 15 103 1
8 16 76 1
8 17 272 4
8 23 3 7
8 24 3 11
8 26 1 27
8 27 25 4
9 1 10 20
9 3 2 24
9 4 9 1
9 5 31 8
9 6 7 3
9 7 5 11
9 8 2 29
9 10 2 2
9 11 105 1
9 14 63 1
9 15 6 3
9 17 171 1
9 21 1 25
9 23 1 17
9 24 105 8
10 1 2 10
10 2 5 22
10 3 10 3
10 4 46 1
10 5 216 1
10 6 52 8
10 7 3 21
10 8 366 23
10 9 49 28
10 11 4 27
10 12 1 22
10 13 227 1
10 14 3 6
10 15 6 19
10 16 6 14
10 17 1 9
10 22 165 1
10 24 3 1
10 27 60 3
11 2 146 2
11 3 336 1
11 4 2 14
11 5 2 16
11 6 140 1
11 7 236 1
11 8 14 2
11 9 85 1
11 10 7 4
11 13 1 14
11 14 1 14
11 15 29 1
11 18 1 8
11 19 4 7
11 20 12 6
11 22 128 2
11 23 268 2
11 24 22 11
11 25 235 1
11 26 3 21
11 27 1 3
12 2 16 8
12 4 167 1
12 6 175 1
12 7 19 27
12 9 325 1
12 10 2 6
12 13 55 1
12 14 113 1
12 15 47 3
12 23 55 2
12 25 1 7
13 0 70 2
13 1 95 9
13 7 1 18
13 10 82 1
13 11 186 1
13 12 50 1
13 14 10 1
13 15 4 10
14 0 32 1
14 6 156 1
14 8 4 29
14 9 1 3
14 10 70 1
14 11 240 1
14 12 86 2
14 13 7 2
14 15 1 27
14 16 7 10
14 25 20 1
15 0 107 25
15 10 18 10
15 11 64 16
15 14 22 1
15 18 5 20
15 20 7 9
15 24 8 1
15 25 2 28
16 0 3 1
16 1 237 6
16 2 70 1
16 3 5 1
16 4 217 1
16 5 2 14
16 8 2 22
16 11 1 26
16 14 2 26
16 17 1 4
16 18 1 17
16 19 1 22
16 24 28 23
16 26 32 23
17 0 2 20
17 1 303 24
17 2 25 11
17 3 11 3
17 4 20 3
17 5 54 1
17 6 284 2
17 7 174 2
17 9 2 9
17 18 176 1
17 20 2 2
17 26 8 7
17 27 2 11
18 1 13 15
18 2 23 3
18 4 2 13
18 5 131 2
18 9 1 17
18 16 4 1
19 0 226 1
19 1 8 4
19 2 1 4
19 4 4 27
19 20 22 2
19 23 3 1
19 24 18 25
20 0 10 1
20 1 239 21
20 7 1 21
20 8 2 9
20 10 6 9
20 11 215 1
20 12 37 24
20 14 13 4
20 15 1 25
20 19 60 1
20 23 74 13
20 25 40 5
21 8 2 27
21 9 8 18
21 11 3 24
21 12 41 23
21 13 1 7
21 16 31 15
21 17 62 13
21 18 1 24
21 22 1 21
22 3 1 7
22 12 17 22
22 13 3 20
22 15 3 2
22 16 5 10
22 17 2 6
22 20 3 9
23 0 24 17
23 2 1 3
23 3 16 10
23 7 99 1
23 15 21 1
23 20 19 15
23 24 1 29
24 0 105 4
24 1 2 28
24 3 14 27
24 4 84 1
24 5 27 19
24 7 144 1
24 8 2 9
24 10 1 16
24 11 1 13
24 12 1 3
24 13 2 8
24 15 34 2
24 16 15 24
24 17 9 1
24 20 1 19
24 27 8 26
25 3 34 26
25 7 52 1
25 8 3 2
25 10 1 22
25 11 3 24
25 12 9 15
25 14 1 27
25 16 1 1
25 18 1 15
25 24 40 28
25 27 29 2
26 7 5 20
26 11 17 24
26 15 1 29
26 21 1 7
26 27 102 1
27 6 1 14
27 7 135 3
27 10 3 19
27 11 117 1
27 12 47 2
27 14 11 1
27 22 1 12
27 24 1 4
27 25 1 8
27 26 42 1
