0 1 5 13
0 2 2 14
0 3 11 5
0 4 6 1
0 5 8 6
0 6 269 1
0 7 7 19
0 8 12 16
0 9 197 1
0 10 172 2
0 11 5 27
0 12 67 13
0 16 22 26
0 18 15 1
0 20 278 1
0 24 8 22
0 25 28 1
0 26 1 18
1 0 12 11
1 2 146 1
1 3 9 5
1 4 43 1
1 5 7 11
1 6 103 1
1 7 146 1
1 8 9 13
1 9 5 16
1 10 9 24
1 11 85 2
1 14 12 3
1 16 8 23
1 17 3 17
1 18 1 23
1 19 59 1
1 21 80 13
1 22 13 5
1 24 8 13
1 26 1 28
2 0 1 19
2 1 148 21
2 3 75 1
2 6 24 4
2 7 1 22
2 8 6 1
2 9 51 2
2 10 176 2
2 12 1 12
2 14 1 20
2 19 1 15
2 27 7 15
3 0 8 13
3 1 11 18
3 2 27 7
3 4 227 2
3 5 7 8
3 6 189 1
3 7 56 24
3 8 6 27
3 10 6 10
3 11 3 10
3 13 18 3
3 15 50 8
3 16 14 17
3 18 56 7
3 20 143 1
3 21 16 18
3 24 8 27
3 25 60 1
4 0 27 11
4 1 209 1
4 2 8 1
4 5 68 1
4 6 331 21
4 7 137 1
4 8 211 1
4 12 74 1
4 14 1 25
4 17 197 1
4 19 34 2
4 22 84 13
4 23 6 2
5 0 8 4
5 1 8 27
5 2 4 8
5 3 8 24
5 4 85 1
5 6 44 10
5 7 16 1
5 8 167 13
5 9 1 27
5 10 29 1
5 11 233 2
5 12 62 1
5 13 29 15
5 16 7 13
5 24 8 24
6 0 18 1
6 1 149 1
6 2 91 29
6 3 42 2
6 4 4 1
6 5 9 1
6 7 20 29
6 9 108 1
6 10 32 19
6 11 1 13
6 14 25 3
6 19 86 2
6 24 2 7
6 26 9 22
6 27 102 4
7 0 2 12
7 1 97 1
7 2 60 1
7 3 45 6
7 5 205 1
7 8 5 19
7 9 1 27
7 10 8 7
7 11 2 7
7 14 8 2
7 15 174 26
7 16 3 28
7 17 1 3
7 20 13 5
7 21 2 7
7 22 2 11
7 24 32 24
7 25 3 26
8 0 7 18
8 1 10 23
8 2 73 1
8 3 7 4
8 4 1 14
8 5 7 20
8 6 404 1
8 7 1 17
8 9 7 18
8 10 51 5
8 11 2 7
8 14 147 1
8 15 98 1
8 16 8 9
8 18 14 1
8 20 15 3
8 24 7 1
9 0 12 18
9 1 2 21
9 3 1 4
9 4 5 1
9 5 57 7
9 6 3 6
9 7 1 27
9 8 279 28
9 10 14 15
9 14 58 1
9 22 9 1
9 23 1 2
9 24 105 1
9 26 1 17
9 27 2 4
10 0 137 1
10 1 1 2
10 2 1 10
10 3 1 3
10 4 41 1
10 5 204 1
10 6 57 26
10 7 401 14
10 8 162 1
10 9 24 6
10 11 246 29
10 13 218 1
10 14 8 15
10 15 1 28
10 16 5 29
10 18 27 4
10 19 1 10
10 22 162 3
10 25 2 17
10 26 3 1
10 27 58 3
11 0 91 2
11 1 16 2
11 2 140 1
11 3 329 1
11 4 3 17
11 5 1 8
11 6 131 1
11 7 81 1
11 9 79 1
11 10 2 15
11 12 63 1
11 14 2 2
11 15 16 1
11 18 2 1
11 20 11 1
11 22 125 1
11 24 2 2
11 25 214 1
11 26 11 4
11 27 1 27
12 2 15 6
12 6 168 1
12 7 1 7
12 8 4 2
12 9 310 1
12 10 23 2
12 11 12 1
12 13 49 1
12 15 45 2
12 16 1 5
12 17 1 23
12 18 2 6
13 2 1 5
13 6 19 24
13 8 215 1
13 11 181 1
13 12 42 1
13 14 1 1
13 15 4 10
13 16 2 2
14 0 31 1
14 5 1 19
14 7 273 3
14 8 1 2
14 10 52 1
14 11 162 1
14 12 82 1
14 13 4 3
14 15 1 27
14 16 5 14
14 21 7 2
14 22 1 20
14 23 4 24
15 1 109 1
15 3 23 19
15 4 24 1
15 6 146 1
15 7 2 15
15 10 5 25
15 11 192 1
15 14 18 1
15 17 5 1
15 19 2 27
15 21 9 24
15 23 2 28
15 25 18 13
15 26 5 5
16 0 8 18
16 1 8 3
16 3 7 1
16 5 9 24
16 7 1 21
16 8 8 4
16 12 1 5
16 17 188 8
16 18 1 23
16 24 8 28
16 25 1 26
17 0 1 28
17 1 22 2
17 2 2 20
17 3 10 1
17 4 17 3
17 5 51 2
17 6 279 1
17 8 34 8
17 13 1 25
17 15 1 23
17 18 18 1
17 19 106 2
17 22 60 5
18 0 135 1
18 1 10 13
18 2 22 2
18 4 2 9
18 6 2 22
18 8 1 9
18 9 3 26
18 10 1 23
18 13 11 25
18 15 28 1
18 16 2 2
18 20 1 27
19 0 214 1
19 1 7 1
19 3 21 1
19 5 1 18
19 7 165 1
19 9 2 6
19 16 1 3
19 20 5 1
19 26 2 10
20 0 4 7
20 5 94 4
20 8 1 26
20 9 116 1
20 11 214 1
20 13 2 14
20 14 6 18
20 15 1 5
20 19 33 1
20 21 39 4
20 24 84 2
20 25 39 6
21 3 1 2
21 11 1 11
21 16 1 27
21 18 1 10
21 22 1 4
22 1 34 9
22 5 1 6
22 6 2 9
22 10 1 1
22 11 1 23
22 21 2 5
23 7 95 2
23 9 3 24
23 10 2 10
23 11 76 10
23 15 4 5
23 21 1 6
23 24 2 24
24 0 13 6
24 1 8 16
24 3 7 4
24 5 8 25
24 6 11 2
24 7 137 2
24 8 69 17
24 10 1 1
24 11 3 16
24 13 2 5
24 16 14 28
24 21 24 2
24 23 34 2
25 3 1 26
25 7 45 1
25 11 43 23
25 13 3 3
25 14 1 8
25 17 61 10
25 18 2 12
26 1 34 7
26 3 1 2
26 4 11 12
26 7 11 21
26 8 4 2
26 10 1 9
26 18 1 15
26 24 46 27
26 27 96 1
27 1 77 1
27 7 17 18
27 8 140 1
27 10 164 1
27 17 8 29
27 18 1 12
27 19 1 9
27 20 18 4
27 24 2 23
27 25 2 12
27 26 36 2
