0 1 286 1
0 3 296 24
0 4 2 7
0 5 350 1
0 6 2 12
0 7 9 2
0 8 180 1
0 9 1 20
0 10 1 26
0 11 163 1
0 12 7 12
0 13 1 2
0 16 221 9
0 19 2 11
0 20 2 27
0 24 95 1
0 27 30 9
1 0 346 28
1 2 5 21
1 3 108 1
1 4 301 1
1 5 166 1
1 6 1 1
1 7 4 8
1 8 99 8
1 10 237 1
1 14 119 1
1 16 131 1
1 17 93 1
1 18 35 1
1 22 1 12
1 24 293 1
1 25 1 15
2 1 10 28
2 3 1 20
2 4 1 20
2 6 7 2
2 7 158 1
2 8 9 1
2 9 1 19
2 11 3 13
2 16 1 17
2 17 1 16
2 18 33 1
3 0 38 28
3 1 155 1
3 2 348 1
3 4 11 2
3 5 146 1
3 6 1 15
3 7 9 23
3 8 321 1
3 10 28 1
3 12 111 11
3 13 35 20
3 16 283 1
3 17 1 28
3 20 1 26
3 23 40 7
3 24 260 1
3 27 46 15
4 0 117 1
4 2 1 29
4 3 137 1
4 5 277 1
4 6 203 1
4 7 342 22
4 8 306 16
4 9 2 28
4 10 1 15
4 18 24 1
4 19 140 1
4 27 79 17
5 0 305 1
5 1 296 1
5 3 364 1
5 4 234 1
5 6 10 3
5 7 1 22
5 8 49 1
5 9 354 3
5 10 2 14
5 11 5 18
5 14 1 21
5 15 21 2
5 16 336 1
5 17 80 2
5 24 362 1
6 0 2 6
6 1 140 1
6 2 261 1
6 4 414 23
6 5 249 1
6 7 197 1
6 8 97 1
6 10 236 1
6 11 304 1
6 12 329 1
6 13 2 15
6 17 179 1
6 22 8 1
6 24 31 4
7 0 279 1
7 2 1 27
7 3 112 11
7 5 5 12
7 6 31 1
7 8 372 1
7 10 57 1
7 11 78 14
7 13 7 3
7 14 1 7
7 15 102 1
7 22 1 6
7 23 6 27
7 24 102 1
7 25 336 1
8 0 252 1
8 1 331 1
8 2 64 1
8 3 210 1
8 5 19 11
8 6 12 1
8 7 283 1
8 9 89 1
8 10 15 8
8 11 403 1
8 12 230 1
8 14 5 16
8 15 4 14
8 16 364 1
8 17 1 8
8 19 1 1
8 20 1 9
8 21 7 22
8 24 160 1
8 26 67 7
9 0 1 6
9 2 88 2
9 3 28 4
9 4 11 28
9 5 79 1
9 6 3 1
9 7 151 1
9 8 234 1
9 10 356 1
9 11 1 21
9 12 2 2
9 13 1 7
9 16 71 1
9 17 2 3
9 18 72 1
9 27 32 29
10 2 280 1
10 4 398 2
10 5 3 29
10 6 1 3
10 7 14 2
10 8 290 25
10 9 407 10
10 11 57 1
10 13 2 25
10 14 289 1
10 17 2 23
10 18 155 1
10 20 52 26
10 23 151 2
10 24 1 21
11 0 355 2
11 2 1 19
11 3 2 19
11 4 19 5
11 5 4 27
11 6 2 27
11 7 381 11
11 8 188 16
11 9 3 15
11 10 2 6
11 15 50 1
11 17 1 13
11 18 1 21
11 19 1 28
11 24 408 1
11 25 256 1
11 27 138 1
12 1 3 15
12 3 1 17
12 5 203 1
12 6 4 13
12 8 251 1
12 10 188 1
12 11 171 2
12 13 12 24
12 14 1 9
12 18 2 22
12 21 1 10
12 24 71 21
13 0 80 11
13 1 1 21
13 3 36 7
13 6 2 4
13 8 1 17
13 9 1 19
13 10 1 17
13 11 7 1
13 12 7 29
13 14 53 1
13 18 27 23
13 22 1 19
14 0 98 2
14 2 19 1
14 6 9 26
14 7 1 1
14 8 286 1
14 10 1 2
14 12 1 16
14 15 5 2
14 21 24 9
15 1 2 27
15 4 95 1
15 6 4 22
15 7 368 23
15 10 159 1
15 11 409 1
15 13 6 27
15 14 10 16
15 19 12 9
15 25 14 2
16 0 271 1
16 1 324 1
16 3 6 1
16 4 5 24
16 6 40 1
16 8 77 1
16 10 1 8
16 11 2 5
16 17 17 2
16 18 157 1
16 19 1 8
16 24 368 1
16 25 1 13
17 0 262 1
17 1 50 1
17 2 109 2
17 6 1 1
17 8 1 17
17 9 21 1
17 10 1 2
17 14 95 2
17 15 2 24
17 16 1 25
17 18 4 7
17 25 43 5
17 26 5 7
17 27 12 23
18 4 392 1
18 5 47 24
18 12 44 5
18 16 2 29
18 17 197 1
18 19 44 4
18 24 2 23
18 25 1 27
19 0 1 10
19 7 2 15
19 9 13 11
19 16 44 2
19 26 10 6
20 0 1 5
20 1 6 26
20 3 251 3
20 6 17 4
20 11 1 9
20 12 1 27
20 19 200 1
20 23 62 10
20 26 18 2
21 2 19 19
21 8 8 3
21 10 77 2
21 11 1 10
21 12 6 1
21 13 1 11
21 22 1 7
22 10 4 1
22 11 71 2
22 14 1 7
22 16 1 6
22 21 7 8
22 26 1 17
23 0 9 20
23 7 1 3
23 8 102 6
23 11 4 1
24 0 203 10
24 1 311 1
24 3 230 1
24 5 299 1
24 6 103 2
24 7 8 2
24 8 38 13
24 10 1 26
24 11 12 11
24 23 2 4
25 1 4 20
25 4 22 7
25 6 83 1
25 7 2 13
25 10 3 2
25 16 9 17
25 26 1 19
25 27 2 2
26 4 1 17
26 5 1 16
26 7 1 17
26 14 26 17
26 21 2 10
26 27 5 1
27 3 13 10
27 8 1 12
27 9 2 1
27 13 1 10
27 21 1 24
27 26 1 14
