0 1 29 11
0 2 1 8
0 3 23 18
0 4 285 1
0 5 33 17
0 6 245 1
0 7 107 10
0 8 229 10
0 9 189 1
0 12 1 21
0 14 3 9
0 16 20 20
0 17 8 25
0 18 11 1
0 20 258 1
0 21 2 4
0 24 104 15
0 25 24 3
1 0 38 17
1 2 66 1
1 3 43 8
1 4 39 1
1 5 48 3
1 6 242 1
1 7 123 1
1 8 71 22
1 10 2 11
1 11 73 1
1 12 110 1
1 15 1 17
1 16 20 6
1 17 45 24
1 19 49 1
1 24 78 9
1 25 1 20
2 0 1 2
2 1 151 17
2 3 18 1
2 6 321 1
2 7 197 26
2 9 43 1
2 10 105 1
2 11 36 1
2 14 3 27
2 15 5 2
2 17 121 1
2 20 1 17
3 0 20 6
3 1 28 5
3 2 89 1
3 4 218 1
3 5 88 21
3 6 168 1
3 7 4 18
3 8 26 5
3 10 14 8
3 11 20 19
3 12 80 4
3 13 17 1
3 16 20 14
3 17 1 25
3 19 2 18
3 20 126 1
3 24 20 8
3 25 57 8
4 0 103 23
4 1 20 1
4 2 5 1
4 3 2 13
4 5 326 1
4 6 331 27
4 8 178 1
4 10 376 1
4 12 64 1
4 13 109 18
4 14 3 25
4 17 179 1
4 18 48 2
4 20 24 1
4 27 86 22
5 0 20 12
5 1 21 18
5 3 58 2
5 4 399 1
5 6 94 21
5 8 27 26
5 9 9 1
5 10 203 1
5 11 228 2
5 12 50 1
5 16 51 24
5 18 1 16
5 19 5 25
5 24 20 15
6 0 237 1
6 1 283 1
6 2 4 9
6 3 29 1
6 4 32 20
6 5 8 6
6 7 4 11
6 8 209 1
6 9 51 1
6 10 5 27
6 11 1 5
6 14 18 2
6 15 1 11
6 17 1 6
6 20 33 13
6 22 1 15
6 25 67 2
7 0 1 29
7 1 77 1
7 2 37 1
7 3 7 15
7 4 150 1
7 5 18 1
7 8 8 29
7 9 26 2
7 10 4 13
7 11 120 1
7 12 1 23
7 14 1 5
7 15 9 18
7 17 2 10
7 18 5 6
7 19 1 19
7 20 39 11
7 21 7 12
7 22 61 15
7 25 1 15
8 0 22 16
8 1 60 2
8 2 23 1
8 3 74 20
8 4 14 28
8 5 21 9
8 6 178 1
8 7 6 29
8 9 14 14
8 10 206 20
8 11 1 20
8 13 2 7
8 14 125 1
8 15 87 1
8 16 21 29
8 19 11 3
8 22 70 2
8 23 4 13
8 24 47 12
8 27 21 1
9 1 4 10
9 2 2 17
9 5 19 8
9 6 2 12
9 7 2 19
9 8 4 13
9 10 249 1
9 11 221 1
9 12 1 28
9 14 47 2
9 18 3 6
10 1 2 10
10 2 17 11
10 4 30 1
10 5 171 1
10 6 22 23
10 7 10 26
10 8 26 1
10 9 11 22
10 11 227 10
10 12 1 21
10 13 198 1
10 14 1 5
10 15 1 22
10 16 1 21
10 20 163 28
10 22 154 3
10 25 53 13
10 26 1 28
10 27 53 2
11 1 11 1
11 2 124 1
11 3 311 1
11 4 1 1
11 5 21 8
11 6 110 1
11 7 75 11
11 9 63 1
11 10 47 27
11 13 7 29
11 14 1 24
11 16 1 1
11 22 117 1
11 23 7 1
11 24 2 12
11 25 222 1
11 26 1 24
11 27 10 9
12 1 4 1
12 3 104 12
12 4 151 1
12 5 1 18
12 8 1 12
12 9 60 1
12 10 9 21
12 13 33 2
12 14 9 1
12 19 11 20
12 22 85 3
12 23 50 2
12 24 70 29
13 1 92 4
13 7 1 19
13 8 210 2
13 9 113 2
13 10 56 1
13 11 168 1
13 12 100 1
13 20 5 7
13 23 1 8
14 1 2 3
14 2 2 10
14 4 6 23
14 6 140 2
14 7 265 1
14 8 5 10
14 9 1 17
14 10 17 1
14 11 238 1
14 15 1 4
14 27 2 21
15 3 2 5
15 4 21 7
15 6 141 3
15 7 1 12
15 8 1 22
15 9 1 1
15 10 1 6
15 11 54 1
15 14 8 20
15 23 4 3
16 0 42 26
16 1 40 24
16 2 66 5
16 3 50 7
16 5 33 6
16 7 1 29
16 8 20 9
16 9 2 16
16 10 1 24
16 17 1 16
16 18 55 19
16 20 96 1
16 22 29 8
16 24 67 3
17 0 1 24
17 1 297 24
17 2 1 26
17 4 10 3
17 6 263 1
17 7 161 1
17 8 28 1
17 13 5 2
17 16 2 21
17 18 173 1
17 20 3 23
17 22 9 5
17 24 69 7
17 27 3 5
18 1 1 1
18 3 70 4
18 4 6 19
18 5 125 2
18 8 1 13
18 9 5 7
18 17 8 3
19 0 181 1
19 10 38 1
19 12 47 2
19 20 7 1
19 25 1 21
20 0 311 1
20 3 1 15
20 6 1 10
20 7 1 15
20 8 80 24
20 11 29 2
20 17 1 13
20 19 92 1
20 23 74 3
20 27 40 5
21 1 79 5
21 9 1 3
21 23 13 8
22 1 32 4
22 4 64 6
22 6 1 11
22 7 4 2
22 10 3 25
22 11 2 26
22 12 1 9
22 13 1 28
22 21 1 19
23 2 2 26
23 6 46 1
23 9 1 28
23 10 1 20
23 11 50 17
23 24 1 3
24 0 40 2
24 1 20 1
24 3 20 23
24 5 20 14
24 7 120 1
24 8 20 19
24 11 2 19
24 12 1 17
24 15 31 1
24 16 20 22
24 19 9 3
24 20 91 12
24 25 22 10
25 0 95 26
25 1 118 1
25 7 29 2
25 8 7 25
25 9 53 2
25 10 1 13
25 11 2 17
25 14 19 5
25 15 36 2
25 20 97 9
26 0 18 15
26 1 32 9
26 3 3 14
26 4 32 10
26 5 1 2
26 6 1 15
26 7 12 19
26 8 1 19
26 10 7 24
26 14 30 1
26 15 1 6
26 19 2 6
26 24 1 18
26 27 81 1
27 6 1 10
27 7 1 8
27 11 98 1
27 24 1 22
27 25 5 6
