0 1 3 22
0 2 1 4
0 3 11 25
0 4 264 1
0 5 21 5
0 6 221 1
0 7 2 27
0 8 19 29
0 9 181 2
0 11 5 8
0 12 7 8
0 16 28 2
0 17 1 21
0 19 1 20
0 20 238 1
0 23 1 7
0 24 189 2
0 25 21 4
1 0 155 6
1 2 234 1
1 3 9 15
1 4 21 1
1 5 34 20
1 6 188 1
1 7 102 1
1 8 78 5
1 10 4 1
1 11 62 2
1 12 102 2
1 16 8 14
1 17 2 23
1 19 40 1
1 24 28 22
1 25 1 15
2 0 2 7
2 1 2 26
2 4 44 23
2 6 10 1
2 7 2 14
2 8 1 20
2 10 75 1
2 11 136 1
2 17 107 2
2 19 1 23
2 20 4 15
3 0 35 23
3 1 9 6
3 2 33 1
3 4 209 1
3 5 37 12
3 6 149 1
3 7 4 9
3 8 6 9
3 10 24 25
3 11 24 16
3 14 1 10
3 15 46 1
3 16 8 1
3 18 1 21
3 19 17 8
3 20 110 1
3 24 7 25
4 0 19 19
4 1 147 1
4 2 264 1
4 3 6 4
4 5 259 1
4 6 27 1
4 8 146 1
4 9 1 16
4 12 55 1
4 15 1 14
4 17 162 1
4 18 397 1
4 19 26 1
5 0 17 18
5 1 9 24
5 3 8 13
5 4 48 1
5 6 234 24
5 8 9 15
5 9 18 19
5 10 3 1
5 12 39 1
5 14 5 1
5 16 35 5
5 17 182 3
5 24 117 24
6 0 214 1
6 1 233 1
6 2 145 26
6 3 19 1
6 4 58 6
6 5 33 10
6 7 47 7
6 8 287 1
6 9 15 1
6 10 447 28
6 11 1 6
6 12 3 1
6 13 1 26
6 14 13 1
6 17 8 26
6 18 165 2
6 19 75 3
6 21 5 2
6 24 1 22
6 25 62 1
6 26 2 26
7 0 43 4
7 1 60 1
7 2 21 1
7 3 12 7
7 4 137 1
7 5 191 1
7 8 3 3
7 9 5 8
7 10 31 15
7 11 149 14
7 12 2 22
7 14 2 28
7 15 2 29
7 16 1 20
7 17 3 15
7 20 1 11
7 21 8 15
7 22 5 9
7 23 165 2
7 24 6 2
7 25 3 14
7 26 14 8
7 27 2 21
8 0 84 25
8 1 128 17
8 2 1 1
8 3 80 14
8 5 5 20
8 6 276 1
8 7 60 1
8 9 2 1
8 10 198 1
8 11 2 27
8 14 104 1
8 15 77 1
8 16 64 28
8 17 272 1
8 19 127 6
8 23 3 17
8 24 7 4
9 0 4 18
9 1 1 14
9 2 1 12
9 4 1 12
9 5 40 11
9 6 1 10
9 7 1 6
9 8 1 5
9 10 337 1
9 11 211 1
9 12 1 10
9 14 37 1
9 18 2 29
9 20 101 1
9 21 1 19
9 25 1 16
10 1 1 21
10 2 18 18
10 3 2 3
10 4 21 1
10 5 140 1
10 6 15 2
10 7 18 13
10 8 364 12
10 9 4 15
10 11 16 23
10 12 1 18
10 13 179 1
10 14 49 10
10 15 3 26
10 16 1 11
10 17 75 16
10 18 20 1
10 20 1 16
10 22 146 1
10 25 10 22
11 0 65 1
11 1 6 4
11 2 109 1
11 3 295 1
11 4 1 20
11 6 92 1
11 7 36 1
11 9 50 1
11 10 3 19
11 13 207 3
11 14 5 13
11 15 2 24
11 17 2 1
11 19 3 10
11 21 1 3
11 22 109 1
11 23 268 2
11 24 2 19
11 25 163 1
11 27 1 25
12 6 134 1
12 7 6 7
12 9 277 1
12 10 1 13
12 13 21 1
12 14 101 1
12 16 98 8
12 19 11 22
12 22 79 1
12 24 1 1
12 25 3 12
12 27 1 6
13 0 67 1
13 1 90 3
13 2 23 14
13 6 3 13
13 7 11 29
13 9 109 2
13 10 40 1
13 11 154 1
13 12 21 1
13 16 1 20
13 17 1 15
13 18 41 28
14 0 25 1
14 2 1 26
14 3 48 2
14 4 2 3
14 6 130 1
14 7 256 2
14 8 1 21
14 9 2 17
14 11 215 1
14 12 62 1
14 15 17 4
14 20 17 13
14 25 15 2
15 0 117 20
15 7 1 25
15 9 1 23
15 10 12 14
15 11 22 1
15 14 7 1
15 18 1 18
15 22 1 13
15 23 1 24
15 25 6 5
16 0 8 12
16 1 38 13
16 3 28 14
16 4 202 1
16 5 7 12
16 8 8 9
16 12 3 4
16 14 2 14
16 18 2 28
16 19 3 10
16 24 7 29
16 27 2 24
17 0 1 10
17 1 302 1
17 4 5 2
17 6 247 1
17 7 152 2
17 8 256 1
17 9 6 3
17 10 249 2
17 12 151 6
17 16 6 6
17 18 13 1
17 20 1 27
17 21 5 4
18 0 124 1
18 1 1 22
18 4 2 10
18 5 121 2
18 6 33 12
18 9 42 17
18 14 1 9
18 16 1 11
18 20 3 8
19 0 149 1
19 3 15 2
19 4 1 17
19 6 1 12
19 8 137 2
19 16 51 2
19 17 4 1
19 18 32 6
19 20 307 1
19 21 8 23
20 0 297 1
20 1 1 29
20 2 4 3
20 3 2 1
20 5 94 11
20 12 21 21
20 13 1 17
20 16 63 1
20 17 4 22
20 19 54 1
20 21 38 4
20 27 38 2
21 6 38 9
21 7 94 9
21 9 5 3
21 20 32 15
21 22 1 14
21 24 17 26
22 7 2 15
22 10 7 5
22 11 1 20
22 12 86 11
22 14 2 9
22 16 1 17
23 7 77 1
23 10 1 21
24 0 37 3
24 1 107 5
24 2 1 6
24 3 139 3
24 4 79 1
24 5 8 13
24 7 104 1
24 8 7 25
24 10 60 23
24 11 8 7
24 15 28 2
24 16 53 27
24 17 6 5
24 23 24 3
24 27 2 6
25 3 36 12
25 7 17 1
25 8 1 16
25 9 49 2
25 10 2 19
25 11 7 9
25 15 34 1
25 18 1 13
25 24 2 23
25 26 49 2
25 27 30 1
26 1 31 6
26 2 8 29
26 3 13 13
26 4 1 19
26 6 22 29
26 7 9 12
26 12 59 24
26 19 1 10
27 1 73 1
27 3 1 21
27 8 134 1
27 17 9 26
27 19 1 21
27 20 1 27
27 21 6 11
27 25 1 16
27 26 14 2
