0 1 267 1
0 2 16 13
0 3 85 4
0 4 256 1
0 5 19 6
0 6 213 1
0 7 4 22
0 8 48 8
0 9 178 3
0 10 146 1
0 11 2 27
0 15 73 1
0 17 1 18
0 18 8 1
0 19 2 8
0 20 231 1
0 23 1 24
0 24 40 16
0 25 20 7
1 0 323 13
1 2 2 7
1 3 35 24
1 4 327 1
1 5 24 1
1 6 164 1
1 7 95 1
1 8 1 5
1 10 1 4
1 11 58 2
1 15 2 16
1 17 5 2
1 18 107 8
1 19 36 1
1 24 17 1
1 26 1 14
1 27 79 2
2 0 4 28
2 1 112 18
2 3 1 15
2 6 304 1
2 7 1 24
2 8 1 14
2 9 33 1
2 11 130 1
2 14 4 14
2 15 2 27
2 17 38 2
2 19 1 3
2 20 1 5
3 0 56 28
3 1 1 21
3 2 75 21
3 4 205 2
3 5 11 1
3 6 142 1
3 7 3 13
3 8 229 3
3 9 1 2
3 10 10 11
3 11 2 16
3 12 76 5
3 16 118 1
3 17 1 22
3 19 6 19
3 20 104 2
4 0 2 14
4 1 125 1
4 2 260 1
4 3 1 25
4 5 233 1
4 6 331 1
4 7 105 2
4 8 136 1
4 12 51 1
4 17 156 1
4 18 5 1
4 19 24 4
4 20 19 3
4 21 4 20
4 23 4 1
4 26 1 5
5 1 87 12
5 3 39 1
5 4 23 2
5 6 13 4
5 8 21 1
5 9 12 23
5 10 187 1
5 11 219 1
5 12 35 1
5 16 228 2
5 17 181 1
5 18 1 4
5 20 6 1
5 24 10 26
6 0 206 1
6 1 355 1
6 2 1 20
6 3 15 2
6 4 29 9
6 5 35 20
6 7 60 29
6 8 164 12
6 9 8 1
6 10 71 24
6 11 6 12
6 12 2 1
6 13 2 20
6 16 3 1
6 17 5 23
6 19 74 1
6 20 1 7
6 22 1 2
7 0 6 29
7 1 54 2
7 2 16 1
7 3 15 15
7 4 132 1
7 5 184 1
7 6 9 10
7 8 10 2
7 9 1 16
7 10 1 16
7 11 168 1
7 13 3 1
7 20 16 25
7 22 1 17
7 24 1 4
7 25 24 1
8 1 16 15
8 3 1 25
8 4 3 3
8 5 306 10
8 6 56 16
8 7 186 1
8 9 2 26
8 10 85 1
8 11 6 3
8 14 97 1
8 15 73 2
8 16 21 1
8 17 271 2
8 18 6 1
8 19 127 1
8 22 63 4
8 23 6 24
8 24 20 1
8 25 168 27
8 26 2 24
9 2 3 13
9 5 38 23
9 6 104 9
9 7 4 24
9 8 3 23
9 10 292 1
9 11 91 1
9 12 1 1
9 15 1 4
9 16 2 4
9 17 152 1
9 19 5 6
9 20 99 3
10 0 111 2
10 1 1 8
10 2 2 6
10 3 79 8
10 4 18 1
10 5 130 1
10 6 11 23
10 7 79 11
10 8 282 1
10 9 13 23
10 11 2 14
10 12 1 29
10 13 171 1
10 14 71 1
10 15 2 28
10 18 18 1
10 19 1 26
10 22 144 1
10 26 2 26
10 27 46 1
11 0 61 1
11 2 104 1
11 3 289 1
11 5 2 4
11 6 85 1
11 7 13 1
11 9 46 1
11 10 77 3
11 12 47 1
11 13 4 11
11 14 5 12
11 15 4 4
11 18 152 1
11 19 6 13
11 23 265 1
11 24 23 21
11 25 191 1
11 27 1 6
12 2 10 2
12 3 103 2
12 5 1 3
12 6 128 1
12 7 6 8
12 9 262 1
12 10 1 4
12 13 17 1
12 14 98 1
12 15 33 2
12 17 15 6
12 22 76 2
12 27 22 6
13 7 1 23
13 8 203 1
13 9 108 3
13 10 35 1
13 12 14 2
13 17 1 28
13 25 16 1
14 0 24 2
14 2 2 7
14 4 1 25
14 7 253 1
14 8 8 22
14 11 139 1
14 12 59 2
14 15 10 12
14 17 1 13
14 24 6 1
14 25 14 1
15 0 6 10
15 1 105 4
15 3 10 20
15 5 5 19
15 6 136 1
15 7 17 10
15 10 3 9
15 11 111 1
15 14 30 1
15 17 2 12
15 22 1 10
15 23 4 16
15 27 1 3
16 0 64 1
16 1 20 14
16 3 45 1
16 4 199 2
16 5 37 1
16 6 2 13
16 8 65 1
16 11 20 2
16 12 1 1
16 17 188 1
16 18 1 7
16 25 35 10
17 0 1 25
17 1 290 1
17 2 11 24
17 5 35 2
17 6 241 2
17 8 252 1
17 9 2 10
17 13 7 15
17 15 20 10
17 16 1 2
17 18 10 1
17 19 97 1
17 26 1 8
18 0 122 1
18 1 1 18
18 4 9 16
18 6 2 18
18 7 48 2
18 8 1 24
18 14 34 18
18 16 1 13
18 24 1 20
19 0 138 1
19 3 14 1
19 6 43 23
19 7 10 7
19 8 135 2
19 10 33 4
19 11 1 2
19 12 45 2
19 15 2 2
19 17 109 6
19 20 116 1
19 23 1 23
20 0 291 1
20 1 1 1
20 2 3 4
20 4 192 3
20 6 1 1
20 7 1 25
20 8 2 18
20 9 108 1
20 11 208 2
20 13 1 24
20 14 12 5
20 15 1 27
20 17 1 16
20 19 40 1
20 21 38 2
20 24 80 7
21 8 3 28
21 22 6 19
22 3 2 14
22 5 1 18
22 11 1 12
22 12 6 14
22 16 8 17
22 21 4 18
22 23 4 5
23 0 1 17
23 6 42 1
23 10 1 29
23 11 1 22
23 16 29 6
23 22 2 3
23 26 10 5
24 0 53 29
24 1 295 9
24 3 88 1
24 7 99 1
24 10 5 7
24 11 20 2
24 12 4 26
24 21 22 26
24 23 22 3
25 1 114 1
25 2 19 1
25 3 1 18
25 5 12 9
25 8 3 24
25 9 47 3
25 11 11 17
25 13 2 1
25 15 33 1
25 17 56 6
25 21 1 6
25 24 1 19
26 1 30 2
26 7 2 5
26 11 102 27
26 15 4 3
26 25 1 27
26 27 61 2
27 7 3 3
27 8 133 1
27 9 87 15
27 11 80 1
27 25 7 13
27 26 11 1
