0 1 245 26
0 2 1 27
0 3 19 5
0 4 252 1
0 5 203 11
0 6 210 1
0 7 1 16
0 8 3 25
0 9 177 2
0 10 144 1
0 11 1 11
0 16 65 29
0 17 3 7
0 18 7 1
0 19 2 3
0 20 228 1
0 24 27 1
1 0 54 7
1 2 186 1
1 3 123 1
1 4 317 1
1 5 12 2
1 6 154 1
1 7 92 1
1 8 195 1
1 9 255 10
1 10 2 15
1 11 57 1
1 12 99 1
1 15 46 29
1 16 12 1
1 17 2 18
1 19 35 1
1 20 6 4
1 24 32 2
1 25 4 27
1 26 2 9
1 27 79 6
2 0 1 15
2 3 1 23
2 4 219 1
2 6 300 1
2 7 1 21
2 8 2 22
2 9 32 3
2 10 96 2
2 11 128 1
2 12 1 25
2 14 3 6
2 17 36 2
2 18 3 21
2 19 1 8
2 21 19 1
3 0 10 7
3 1 337 1
3 2 57 25
3 4 204 1
3 5 8 25
3 6 139 1
3 7 4 11
3 8 223 1
3 10 4 2
3 11 1 3
3 14 1 11
3 16 99 1
3 18 84 29
3 20 102 1
3 24 32 1
4 0 68 7
4 1 115 1
4 2 3 2
4 3 1 10
4 5 222 1
4 6 23 6
4 7 103 2
4 8 131 1
4 10 359 1
4 12 50 1
4 16 1 5
4 17 154 1
4 18 395 1
4 20 19 1
5 0 9 18
5 1 18 1
5 3 32 1
5 4 18 1
5 6 3 16
5 8 144 25
5 9 12 18
5 10 183 1
5 11 218 2
5 16 49 1
5 17 180 3
5 19 1 3
5 24 25 1
6 0 202 1
6 1 347 9
6 2 2 26
6 3 14 2
6 4 3 22
6 5 79 9
6 7 3 24
6 8 380 1
6 9 5 1
6 10 18 9
6 11 3 14
6 15 1 26
6 16 1 12
6 25 59 1
6 27 98 2
7 0 1 5
7 1 52 1
7 2 14 1
7 3 3 28
7 4 130 1
7 5 181 1
7 6 115 1
7 8 2 5
7 10 2 7
7 11 142 3
7 13 3 1
7 17 1 4
7 18 175 6
7 20 1 1
7 23 161 1
7 24 68 19
7 25 1 2
8 0 287 1
8 1 138 16
8 3 26 1
8 4 3 15
8 5 336 1
8 6 133 1
8 7 56 3
8 9 2 12
8 10 64 7
8 11 7 28
8 12 1 23
8 14 94 2
8 16 17 10
8 19 126 2
8 24 45 14
9 2 7 28
9 3 1 22
9 5 7 11
9 6 52 25
9 7 1 4
9 8 1 10
9 10 240 1
9 11 89 1
9 12 2 2
9 14 32 2
9 18 5 11
9 20 99 3
9 21 1 12
9 22 5 1
9 25 1 24
9 27 1 24
10 1 1 26
10 2 3 14
10 4 17 1
10 5 125 1
10 6 3 13
10 7 2 5
10 8 50 1
10 9 4 23
10 11 4 15
10 12 1 23
10 13 167 1
10 14 47 1
10 15 2 19
10 16 1 12
10 20 165 26
10 21 8 14
10 22 142 1
10 25 12 1
10 26 53 20
11 0 60 1
11 2 101 2
11 3 285 1
11 4 1 29
11 5 8 5
11 6 83 1
11 7 6 1
11 9 44 1
11 10 80 16
11 12 46 1
11 13 246 1
11 14 2 28
11 15 6 8
11 17 1 22
11 18 151 25
11 19 3 28
11 24 2 12
11 25 180 1
11 27 2 21
12 0 1 16
12 4 134 1
12 5 4 19
12 6 125 1
12 7 2 22
12 9 255 1
12 10 1 22
12 11 5 1
12 13 16 1
12 14 1 2
12 15 33 1
12 17 2 8
12 20 1 18
12 21 126 5
12 22 75 1
12 25 16 12
13 0 66 2
13 1 89 1
13 5 4 1
13 7 1 5
13 9 107 1
13 10 33 1
13 11 147 1
13 12 12 1
13 20 1 23
13 23 1 3
14 1 2 9
14 4 1 4
14 6 124 2
14 7 251 2
14 8 2 27
14 11 135 1
14 15 6 17
14 16 7 12
14 19 1 17
14 22 2 21
14 27 1 29
15 4 18 1
15 6 135 1
15 7 2 24
15 8 1 19
15 10 1 2
15 11 99 1
15 14 27 1
15 20 1 25
15 23 6 18
15 25 1 23
15 27 1 4
16 0 124 17
16 1 50 2
16 3 103 9
16 5 58 14
16 6 3 29
16 7 1 23
16 8 102 1
16 9 78 24
16 11 2 5
16 12 7 29
16 17 196 1
16 18 32 11
16 19 3 19
16 20 94 2
16 24 182 21
17 0 1 12
17 1 285 1
17 2 1 13
17 4 3 2
17 5 35 1
17 6 239 1
17 8 250 1
17 9 1 28
17 11 4 1
17 16 1 29
17 24 67 3
18 0 121 1
18 1 13 24
18 2 15 1
18 4 31 12
18 5 118 3
18 6 1 22
18 7 47 1
18 8 36 11
18 9 2 25
18 10 10 16
18 16 1 2
18 17 4 1
18 19 11 1
18 20 7 1
18 21 3 15
19 0 134 1
19 4 15 10
19 9 2 28
19 20 107 1
19 25 1 20
20 0 288 1
20 3 1 8
20 4 192 2
20 5 1 17
20 9 107 3
20 11 208 1
20 14 2 14
20 16 62 1
20 18 4 29
20 19 35 1
20 25 33 7
21 5 14 2
21 8 1 26
21 9 1 21
21 11 3 29
21 12 4 7
21 18 1 27
22 0 66 21
22 10 61 23
22 11 5 15
22 12 8 19
23 0 2 11
23 3 1 20
23 4 12 7
23 7 72 1
23 10 5 9
23 11 1 1
23 12 1 4
23 15 14 1
23 20 2 28
23 22 2 19
24 0 15 4
24 1 124 1
24 3 18 4
24 3 438 1
24 4 78 1
24 5 12 2
24 6 5 7
24 8 81 1
24 9 1 17
24 11 2 15
24 15 26 7
24 16 31 12
24 17 6 1
24 18 33 3
24 23 22 1
25 4 1 14
25 7 12 2
25 9 47 2
25 10 162 21
25 11 185 9
25 24 12 5
26 0 17 2
26 3 1 3
26 7 1 4
26 10 101 6
26 15 4 26
26 17 1 11
26 19 1 27
26 21 1 17
26 24 1 9
26 27 59 2
27 4 14 5
27 7 6 5
27 8 132 1
27 11 78 2
27 17 2 18
27 20 1 9
27 22 2 15
27 25 4 11
27 26 10 1
