0 1 12 24
0 2 19 24
0 3 159 4
0 4 149 1
0 5 38 22
0 6 108 1
0 8 34 7
0 9 137 1
0 11 2 7
0 12 1 2
0 16 16 8
0 17 1 4
0 19 52 21
0 20 135 1
0 21 15 7
0 22 71 5
0 24 35 18
1 0 193 28
1 2 3 17
1 3 15 25
1 4 94 1
1 5 76 13
1 7 24 1
1 8 122 26
1 9 367 1
1 10 1 25
1 15 1 26
1 16 47 20
1 18 13 2
1 19 6 4
1 22 1 29
1 24 16 9
1 25 2 2
1 27 70 1
2 0 4 18
2 1 119 1
2 3 11 4
2 4 11 1
2 5 1 8
2 6 162 1
2 7 249 1
2 8 42 20
2 10 40 1
2 12 1 16
2 14 9 14
2 15 1 10
2 17 75 1
2 18 1 9
2 20 6 29
2 24 1 29
2 25 1 7
3 0 13 22
3 1 59 15
3 5 35 19
3 6 58 1
3 7 419 4
3 8 14 24
3 10 1 22
3 11 28 6
3 12 62 3
3 15 31 1
3 16 39 23
3 18 1 14
3 19 2 2
3 20 40 1
3 22 1 6
3 24 16 22
4 0 2 11
4 1 3 6
4 5 5 2
4 6 135 11
4 7 52 2
4 8 27 1
4 9 10 1
4 10 292 1
4 12 18 1
4 17 82 1
4 18 314 1
4 27 82 3
5 0 105 9
5 1 17 19
5 3 36 28
5 4 67 1
5 6 72 1
5 8 239 25
5 9 7 14
5 10 58 1
5 11 181 1
5 13 22 10
5 16 73 26
5 17 157 1
5 21 22 2
5 23 7 9
5 24 45 23
6 0 101 1
6 1 235 9
6 2 185 1
6 4 3 18
6 5 143 4
6 7 8 17
6 8 3 14
6 9 31 12
6 11 1 23
6 17 74 20
6 18 32 1
6 20 1 25
6 22 2 23
6 23 106 6
6 25 37 1
6 27 87 5
7 0 66 19
7 1 5 1
7 3 65 8
7 5 95 2
7 6 171 1
7 8 100 1
7 9 1 10
7 10 4 24
7 11 285 1
7 13 151 1
7 15 332 1
7 19 1 3
7 20 3 19
7 21 2 11
7 23 122 2
7 24 1 4
7 25 4 1
7 27 3 25
8 0 15 6
8 1 326 8
8 2 36 12
8 3 46 6
8 4 9 1
8 5 24 25
8 6 24 6
8 7 65 1
8 9 217 28
8 10 8 20
8 11 50 18
8 13 1 4
8 14 24 1
8 15 32 1
8 16 16 14
8 17 42 19
8 20 252 1
8 24 17 25
8 25 164 5
9 0 229 1
9 1 334 3
9 2 6 9
9 3 7 10
9 4 8 18
9 5 204 1
9 6 20 1
9 7 1 29
9 8 383 2
9 10 176 1
9 11 36 1
9 12 2 8
9 13 117 4
9 17 117 2
9 18 3 7
9 20 82 3
9 24 89 5
9 25 1 11
9 26 1 20
9 27 1 16
10 0 65 1
10 2 1 13
10 5 24 1
10 6 73 7
10 7 1 1
10 8 54 1
10 9 315 13
10 11 8 1
10 13 72 1
10 14 42 1
10 15 87 12
10 16 6 20
10 17 230 6
10 19 28 24
10 20 17 27
10 21 1 28
10 22 103 1
10 23 2 29
10 24 131 2
10 26 59 5
11 0 18 2
11 2 42 1
11 3 164 1
11 4 2 24
11 7 26 28
11 8 1 23
11 9 5 3
11 10 3 20
11 13 229 2
11 14 1 5
11 15 58 18
11 19 18 14
11 22 69 1
11 23 220 1
11 24 192 19
11 25 46 1
11 26 3 19
11 27 1 20
12 0 4 20
12 1 209 1
12 2 2 4
12 4 85 1
12 6 58 1
12 7 3 29
12 9 91 1
12 10 1 13
12 15 14 3
12 17 1 9
13 2 20 2
13 3 11 3
13 6 121 1
13 7 43 8
13 8 169 1
13 12 29 1
13 14 7 25
13 15 1 14
13 20 1 5
13 22 3 2
13 26 1 28
14 0 14 1
14 1 1 10
14 2 7 10
14 4 1 25
14 5 25 18
14 6 75 1
14 7 194 1
14 8 1 5
14 9 183 2
14 10 3 26
14 11 203 1
14 13 10 13
14 15 55 8
14 17 6 29
14 19 16 19
14 25 5 10
14 27 1 5
15 1 2 15
15 2 5 22
15 3 3 15
15 4 8 1
15 5 11 4
15 6 111 1
15 7 2 29
15 8 3 26
15 9 1 24
15 10 1 21
15 11 5 11
15 14 3 2
15 20 1 27
15 23 9 3
15 25 3 26
15 26 29 14
16 0 16 28
16 1 16 12
16 3 29 29
16 4 160 2
16 5 105 21
16 7 2 18
16 8 35 6
16 11 26 12
16 12 5 19
16 14 1 7
16 17 148 1
16 18 45 2
16 24 16 14
17 0 2 19
17 1 209 1
17 5 12 4
17 6 163 1
17 7 107 1
17 12 138 1
17 13 3 4
17 16 90 1
17 18 135 1
17 20 1 28
17 22 9 7
17 26 2 11
17 27 9 10
18 1 1 28
18 2 5 3
18 3 53 1
18 4 35 27
18 5 92 1
18 7 30 1
18 8 18 1
18 9 1 24
18 16 1 4
18 21 27 7
18 22 1 21
18 24 1 19
19 7 152 3
19 8 114 2
19 10 20 8
19 20 103 1
19 25 1 13
19 27 12 1
20 0 199 1
20 1 270 1
20 3 1 6
20 4 176 1
20 5 2 18
20 8 1 16
20 13 8 28
20 14 2 25
20 15 6 20
20 17 1 1
20 18 1 20
20 19 3 22
20 24 72 5
20 25 23 9
21 0 15 1
21 4 76 2
21 7 87 6
21 9 3 7
21 10 5 2
21 11 12 1
21 12 1 27
21 17 58 3
21 18 7 21
21 20 32 16
22 0 66 3
22 1 21 6
22 3 1 16
22 12 1 24
22 20 4 9
22 21 6 2
23 2 6 20
23 3 2 16
23 7 36 3
23 8 136 1
23 14 14 1
23 20 11 27
23 22 21 1
23 26 10 4
24 0 46 16
24 1 117 11
24 3 16 19
24 4 68 1
24 5 79 5
24 7 37 1
24 8 92 3
24 10 17 11
24 11 57 5
24 14 2 23
24 16 36 6
24 18 30 6
24 26 2 19
24 27 5 1
25 0 23 1
25 3 5 11
25 4 1 25
25 7 1 24
25 8 9 5
25 9 29 2
25 11 339 1
25 12 5 2
25 14 2 12
25 22 15 1
25 27 9 2
26 1 24 2
26 6 8 14
26 10 1 4
26 16 1 21
26 23 1 1
26 25 2 11
27 0 19 15
27 8 117 1
27 9 85 1
27 10 156 1
27 11 30 1
27 15 1 24
27 20 1 13
27 21 1 5
27 22 3 11
27 24 2 21
