0 1 10 4
0 2 5 16
0 3 14 20
0 4 147 1
0 5 81 22
0 6 106 1
0 8 99 20
0 9 137 1
0 11 16 10
0 12 76 20
0 14 7 3
0 15 53 1
0 16 62 27
0 17 18 3
0 19 6 28
0 20 133 1
0 24 14 9
1 0 99 3
1 2 3 3
1 3 13 19
1 4 85 1
1 5 15 18
1 7 22 1
1 8 40 21
1 10 1 2
1 11 18 3
1 12 64 1
1 13 59 7
1 16 14 24
1 17 11 2
1 18 13 1
1 22 1 15
1 24 14 19
1 25 2 25
2 0 14 29
2 1 108 14
2 3 50 28
2 6 159 1
2 7 248 1
2 8 14 25
2 10 37 1
2 11 85 1
2 16 77 26
2 18 2 18
2 24 1 22
3 0 11 21
3 1 17 17
3 2 2 24
3 4 150 1
3 5 14 19
3 6 56 1
3 7 135 3
3 8 12 22
3 10 46 29
3 11 4 5
3 15 30 2
3 16 32 5
3 17 206 1
3 19 10 12
3 20 39 1
3 24 32 4
3 25 41 3
4 0 134 23
4 2 199 1
4 3 1 22
4 5 4 1
4 6 309 1
4 7 51 2
4 9 26 10
4 10 290 1
4 15 1 24
4 16 4 20
4 17 80 2
4 18 310 1
4 22 85 10
4 26 1 7
5 0 15 6
5 1 181 20
5 3 57 7
5 4 63 1
5 6 47 1
5 7 1 15
5 8 10 9
5 9 8 4
5 10 56 1
5 12 3 2
5 15 1 26
5 16 65 27
5 17 157 1
5 18 1 8
5 19 7 24
5 21 22 3
5 24 15 19
5 27 1 19
6 0 99 1
6 1 117 1
6 2 199 1
6 4 8 21
6 5 331 1
6 7 118 13
6 8 4 21
6 9 6 19
6 10 39 3
6 11 1 14
6 12 2 10
6 16 3 9
6 17 10 4
6 20 1 22
7 0 1 6
7 1 5 1
7 3 9 1
7 4 73 1
7 5 94 1
7 6 167 1
7 8 94 16
7 10 4 10
7 11 264 1
7 12 1 24
7 14 274 6
7 18 172 2
7 19 40 4
7 20 1 14
7 21 1 18
7 23 121 2
7 24 64 11
7 25 6 9
7 27 1 16
8 0 40 6
8 1 16 6
8 2 5 25
8 3 57 15
8 4 122 1
8 5 11 1
8 6 223 2
8 7 55 1
8 9 2 6
8 10 6 28
8 11 10 5
8 12 5 10
8 14 22 2
8 15 31 2
8 16 83 13
8 17 257 2
8 20 251 2
8 21 1 18
8 22 40 4
8 24 115 16
8 26 121 14
9 0 229 1
9 2 1 23
9 4 4 16
9 5 197 14
9 6 13 1
9 8 382 4
9 10 165 1
9 11 34 15
9 12 8 17
9 17 117 1
9 18 2 23
10 1 198 10
10 2 4 14
10 3 120 18
10 5 22 1
10 6 3 14
10 8 40 14
10 9 175 1
10 11 6 25
10 13 70 1
10 14 34 1
10 15 43 12
10 16 1 17
10 18 5 1
10 19 18 11
10 22 103 1
10 24 131 1
10 26 19 11
11 0 18 1
11 2 41 2
11 3 162 1
11 4 20 10
11 7 45 23
11 8 3 5
11 10 3 2
11 12 22 1
11 13 228 2
11 14 4 9
11 15 28 5
11 17 1 19
11 18 151 2
11 22 69 1
11 23 218 1
11 24 7 20
11 25 42 1
11 26 1 28
11 27 25 17
12 0 5 16
12 3 99 2
12 4 84 1
12 5 1 1
12 6 57 1
12 7 46 13
12 9 88 1
12 10 23 20
12 17 35 6
12 22 45 1
13 2 20 2
13 7 1 9
13 9 84 2
13 11 85 1
13 12 28 1
13 14 17 16
13 15 2 14
13 18 41 24
13 20 3 4
13 22 3 8
13 25 12 18
14 1 4 28
14 2 2 16
14 4 6 8
14 5 1 10
14 6 74 1
14 7 193 1
14 8 17 12
14 9 182 2
14 10 3 16
14 11 200 1
14 12 21 3
14 13 12 29
14 15 6 5
14 16 1 23
14 27 3 6
15 1 96 1
15 2 1 7
15 3 11 24
15 7 2 26
15 8 1 16
15 9 8 23
15 11 4 10
15 14 2 1
15 20 19 17
15 21 12 28
15 22 1 21
15 23 9 8
15 25 1 18
16 0 34 7
16 1 33 15
16 3 15 9
16 4 159 2
16 5 15 10
16 6 3 20
16 7 2 21
16 8 59 7
16 17 145 1
16 18 44 1
16 20 87 1
16 21 7 2
16 24 15 22
16 25 37 6
17 0 9 3
17 1 204 1
17 2 11 10
17 4 1 23
17 6 161 1
17 7 106 1
17 8 218 2
17 10 224 1
17 11 2 24
17 13 9 5
17 14 22 7
17 16 32 1
17 19 76 3
17 27 1 6
18 1 1 18
18 4 1 10
18 7 29 1
18 10 2 15
18 16 2 14
19 0 21 1
19 1 1 9
19 3 3 1
19 4 5 8
19 6 1 28
19 8 114 1
19 11 13 22
19 18 25 3
19 20 97 1
19 21 7 23
20 0 197 1
20 3 3 10
20 7 184 1
20 8 168 29
20 9 91 1
20 11 191 2
20 12 1 17
20 13 45 9
20 14 1 5
20 18 1 8
20 19 3 2
20 22 62 8
21 4 76 14
21 6 28 2
21 9 5 12
21 10 4 10
21 11 89 1
21 12 2 8
21 18 1 17
21 20 4 18
21 24 14 1
22 6 2 6
22 10 17 25
22 11 1 28
22 13 5 14
22 15 3 19
22 16 1 5
22 18 1 1
22 20 1 9
22 21 6 12
23 3 5 28
23 8 135 5
23 10 13 9
23 12 3 4
23 18 1 12
23 20 2 21
23 22 20 2
23 26 17 7
24 0 60 10
24 1 14 4
24 2 3 8
24 3 29 29
24 5 53 13
24 8 66 14
24 9 2 8
24 11 33 14
24 12 74 14
24 13 23 27
24 14 1 8
24 16 37 19
24 17 2 2
24 25 27 26
25 0 22 22
25 4 3 18
25 6 1 27
25 8 2 17
25 9 29 3
25 10 175 23
25 11 333 1
25 12 5 15
25 17 46 7
25 20 92 1
25 21 6 25
25 22 14 21
25 27 8 1
26 1 24 1
26 10 3 27
26 11 1 1
26 16 2 26
26 22 13 2
26 27 7 2
27 3 1 24
27 6 6 7
27 8 116 4
27 11 29 1
27 14 4 5
27 15 1 22
27 17 2 14
27 18 11 26
27 22 3 14
