0 1 18 9
0 2 50 13
0 3 14 29
0 4 133 1
0 5 165 19
0 6 94 1
0 7 236 25
0 8 1 1
0 10 89 1
0 11 1 5
0 15 50 1
0 16 30 23
0 17 2 25
0 19 1 10
0 20 121 1
0 23 15 3
0 24 212 7
0 25 7 10
1 0 5 1
1 2 5 14
1 3 24 23
1 4 179 1
1 5 2 6
1 6 1 29
1 8 4 15
1 9 361 2
1 10 67 28
1 12 60 2
1 16 13 26
1 17 1 29
1 24 40 11
2 0 8 12
2 1 113 1
2 3 29 23
2 4 183 1
2 6 139 1
2 7 242 1
2 8 20 28
2 10 189 1
2 11 77 1
2 14 9 13
2 15 1 21
2 17 68 2
2 25 1 10
2 27 1 26
3 0 293 18
3 1 79 8
3 2 5 21
3 5 2 23
3 6 47 1
3 8 201 10
3 11 1 2
3 13 10 1
3 15 28 4
3 16 21 16
3 17 11 1
3 18 2 10
3 19 10 26
3 20 32 1
3 24 2 9
4 0 1 20
4 1 2 5
4 2 188 1
4 3 2 29
4 6 124 1
4 7 45 2
4 8 17 2
4 9 2 4
4 10 280 1
4 13 103 3
4 14 1 21
4 17 72 1
4 18 289 1
4 19 8 1
4 20 5 1
5 0 106 18
5 1 24 23
5 3 199 5
5 4 38 1
5 6 30 1
5 8 258 21
5 9 10 2
5 10 44 1
5 11 174 1
5 13 22 1
5 14 57 2
5 16 53 11
5 17 153 2
5 18 4 11
5 19 1 29
5 24 2 21
6 0 87 1
6 1 210 1
6 2 184 3
6 4 107 8
6 5 41 19
6 7 6 10
6 8 13 13
6 9 11 11
6 10 156 1
6 11 38 2
6 13 2 9
6 17 5 2
6 18 140 1
6 21 1 2
6 22 5 16
6 24 17 7
6 25 33 2
6 26 3 24
6 27 86 1
7 0 3 18
7 1 2 3
7 2 1 10
7 3 431 23
7 4 66 2
7 5 83 2
7 6 323 1
7 8 77 24
7 10 91 11
7 11 196 1
7 13 146 1
7 14 272 2
7 15 30 1
7 17 1 23
7 20 87 5
7 24 2 18
7 25 1 7
7 27 3 28
8 0 137 6
8 1 5 1
8 1 277 16
8 1 190 25
8 2 10 8
8 4 402 1
8 5 29 12
8 6 24 21
8 7 224 1
8 9 5 8
8 10 13 28
8 11 20 21
8 12 1 17
8 13 1 20
8 14 16 1
8 15 27 1
8 16 143 21
8 17 252 1
8 20 247 2
8 21 5 11
8 23 5 17
8 24 113 1
9 0 226 1
9 2 11 28
9 4 3 15
9 5 131 1
9 6 256 25
9 8 124 26
9 10 181 1
9 11 170 1
9 12 2 1
9 14 2 1
9 18 1 17
9 19 1 1
9 21 4 21
9 23 17 7
9 24 87 7
9 25 16 13
9 27 6 4
10 1 1 16
10 2 35 2
10 5 15 1
10 6 3 2
10 7 431 1
10 8 129 1
10 9 204 1
10 11 2 28
10 13 60 1
10 14 288 1
10 15 44 1
10 17 4 14
10 19 18 5
10 20 175 11
10 21 4 3
10 22 97 2
10 23 2 17
10 25 69 1
10 27 23 6
11 0 14 1
11 2 35 2
11 3 146 1
11 6 14 1
11 7 13 6
11 8 2 27
11 9 3 1
11 10 13 16
11 14 72 2
11 15 17 8
11 16 4 18
11 17 165 2
11 19 20 20
11 21 9 16
11 23 209 1
11 24 1 23
11 25 23 1
11 26 10 5
11 27 12 28
12 1 205 2
12 3 1 25
12 4 77 2
12 5 1 21
12 6 50 1
12 7 13 12
12 8 1 19
12 9 68 1
12 10 1 8
12 13 1 2
12 17 1 17
12 22 41 1
13 0 57 4
13 1 74 4
13 3 11 6
13 7 3 6
13 8 162 2
13 12 21 2
13 14 1 8
13 15 1 15
13 16 2 12
13 20 4 21
14 1 1 16
14 5 1 6
14 7 184 1
14 8 18 2
14 9 177 2
14 10 3 7
14 11 180 1
14 12 18 1
14 13 20 10
14 15 1 16
14 17 3 3
14 25 4 13
15 0 5 5
15 1 93 7
15 6 107 1
15 7 4 27
15 8 14 20
15 11 4 6
15 12 114 2
15 20 19 13
15 26 29 13
16 0 2 20
16 1 85 11
16 3 2 5
16 5 2 18
16 8 23 22
16 9 3 16
16 12 3 13
16 14 1 13
16 17 131 1
16 18 3 2
16 19 1 10
16 24 45 14
17 0 7 7
17 1 131 8
17 3 1 11
17 5 10 1
17 6 151 1
17 7 101 1
17 8 211 1
17 9 1 19
17 11 1 9
17 15 25 15
17 16 102 16
17 18 128 2
17 20 8 8
17 27 1 6
18 3 50 7
18 4 1 23
18 5 88 1
18 7 27 3
18 8 1 21
18 16 16 14
18 19 5 23
18 20 2 20
19 0 13 1
19 6 1 11
19 7 2 2
19 11 123 1
19 13 1 25
19 14 4 13
19 20 66 1
19 24 15 26
20 0 185 1
20 3 2 5
20 4 173 2
20 7 183 1
20 9 88 2
20 11 10 3
20 12 1 3
20 15 4 3
20 16 51 1
20 17 3 6
20 19 26 28
21 1 75 3
21 2 16 2
21 6 26 2
21 9 6 9
21 12 90 29
21 16 1 1
22 6 1 27
22 10 3 4
22 11 1 19
22 12 7 21
22 21 6 12
22 23 1 8
23 1 65 1
23 11 2 2
23 17 17 3
23 18 1 25
23 26 17 14
24 0 121 12
24 1 156 25
24 3 2 17
24 5 58 25
24 7 29 2
24 8 1 17
24 9 2 5
24 11 4 12
24 14 4 8
24 16 29 17
24 22 1 17
24 23 2 1
24 26 7 14
25 1 99 2
25 3 41 23
25 7 1 5
25 10 1 23
25 11 294 28
25 14 42 26
25 15 15 1
25 26 35 2
25 27 30 2
26 3 15 10
26 4 20 21
26 6 8 19
26 10 1 1
26 12 57 5
27 0 2 27
27 1 61 1
27 3 2 4
27 6 7 22
27 11 24 2
27 20 2 12
27 21 1 26
27 24 1 4
27 26 1 25
