0 1 157 1
0 2 10 10
0 3 169 1
0 4 170 14
0 5 27 18
0 6 5 16
0 7 4 2
0 8 90 1
0 9 1 29
0 10 3 6
0 16 143 1
0 17 217 1
0 18 136 2
0 19 1 29
0 20 1 2
0 23 1 16
0 24 181 1
1 0 53 1
1 2 2 1
1 3 227 1
1 4 258 1
1 5 147 1
1 6 1 15
1 7 1 20
1 8 182 1
1 10 222 1
1 11 341 4
1 12 229 7
1 14 116 1
1 15 1 17
1 16 111 1
1 17 26 16
1 19 4 12
1 20 225 1
1 24 62 1
1 25 1 3
1 26 1 28
2 1 6 2
2 3 6 26
2 4 4 14
2 6 2 2
2 7 134 1
2 10 1 7
2 11 1 22
2 12 2 1
2 17 1 26
3 0 88 5
3 1 206 1
3 2 274 1
3 4 3 10
3 5 78 15
3 6 2 10
3 7 2 16
3 8 97 1
3 9 3 12
3 10 21 2
3 11 348 1
3 15 1 15
3 16 105 1
3 17 1 29
3 18 2 15
3 20 161 15
3 24 125 1
3 25 1 19
3 27 46 23
4 0 102 1
4 1 1 12
4 3 127 1
4 5 222 1
4 6 164 1
4 8 3 4
4 9 7 29
4 10 10 24
4 11 173 3
4 12 275 2
4 16 153 1
4 17 5 20
4 18 13 2
4 21 42 1
4 22 1 23
4 24 1 13
5 0 88 1
5 1 156 5
5 3 156 1
5 4 154 1
5 6 42 12
5 8 273 1
5 9 301 1
5 10 1 12
5 11 3 4
5 12 4 11
5 14 1 29
5 16 121 1
5 17 1 20
5 24 112 1
5 26 31 6
5 27 8 23
6 0 23 27
6 1 76 1
6 2 238 1
6 3 1 7
6 4 2 7
6 5 40 1
6 7 442 1
6 8 357 1
6 9 1 11
6 10 191 1
6 11 288 1
6 12 323 2
6 13 2 26
6 14 221 1
6 15 4 5
6 17 167 1
6 18 6 6
6 22 7 6
6 23 68 8
6 25 1 21
7 0 258 1
7 2 2 26
7 3 36 21
7 4 3 19
7 5 11 17
7 6 18 1
7 8 218 1
7 10 32 1
7 11 87 3
7 12 67 1
7 13 1 10
7 14 2 7
7 15 82 1
7 17 3 28
7 20 38 2
7 22 3 11
7 23 1 24
7 24 91 1
8 0 125 1
8 1 196 18
8 2 29 1
8 3 92 1
8 5 210 1
8 6 4 25
8 7 16 1
8 9 238 1
8 10 396 1
8 11 197 1
8 12 221 1
8 14 7 26
8 16 115 1
8 17 1 23
8 18 180 1
8 19 1 25
8 20 8 11
8 24 175 1
8 25 27 27
8 26 1 24
8 27 116 1
9 0 7 13
9 2 82 1
9 3 25 1
9 5 281 1
9 6 1 1
9 7 140 1
9 8 200 1
9 10 261 12
9 10 337 1
9 11 1 11
9 12 11 13
9 13 2 18
9 14 4 7
9 15 124 2
9 17 1 6
9 18 67 1
9 19 56 4
9 21 1 12
9 22 69 4
9 23 1 1
9 24 81 23
10 0 1 11
10 2 262 1
10 3 15 1
10 4 393 2
10 5 14 12
10 7 7 2
10 8 374 1
10 9 20 1
10 11 344 1
10 12 2 5
10 13 1 28
10 14 277 1
10 15 328 1
10 16 2 1
10 20 1 1
10 22 1 24
10 24 2 7
10 25 1 28
11 1 284 1
11 2 211 17
11 3 7 3
11 5 1 15
11 6 5 29
11 7 320 1
11 8 1 11
11 9 4 7
11 10 375 25
11 12 225 1
11 13 1 15
11 15 80 7
11 18 1 20
11 22 5 2
11 23 1 15
11 24 391 1
11 25 203 1
12 1 7 1
12 3 1 7
12 4 2 25
12 6 7 7
12 8 242 2
12 10 173 1
12 11 165 1
12 13 1 17
12 20 38 1
12 24 1 27
13 7 25 1
13 10 1 9
13 12 1 4
13 14 42 1
13 15 24 8
13 19 4 28
13 24 24 23
13 27 9 1
14 1 3 3
14 2 18 2
14 6 2 19
14 7 10 26
14 8 273 2
14 10 1 20
14 13 36 1
14 19 9 9
14 21 24 1
14 24 1 25
15 1 1 3
15 7 8 5
15 9 84 2
15 10 141 1
15 11 177 1
15 12 1 20
15 13 1 27
15 14 15 11
15 18 1 6
15 21 1 1
15 23 43 27
15 25 12 1
16 0 49 1
16 1 121 1
16 2 1 11
16 3 77 1
16 5 122 1
16 7 6 20
16 8 74 1
16 9 18 27
16 17 9 1
16 18 137 1
16 24 131 1
16 26 1 19
17 0 249 1
17 1 30 1
17 2 99 1
17 5 191 3
17 6 1 11
17 8 2 7
17 10 1 5
17 15 62 27
17 16 421 6
17 21 26 1
18 1 15 3
18 3 1 27
18 4 370 1
18 7 158 3
18 12 42 2
18 16 209 15
18 17 192 1
18 20 1 2
18 22 1 17
18 25 9 5
19 0 1 29
19 2 34 8
19 6 3 3
19 7 3 29
19 11 2 18
19 16 44 10
19 20 269 1
19 27 17 6
20 0 1 3
20 1 1 14
20 4 1 18
20 5 3 21
20 7 4 14
20 9 154 3
20 11 4 10
20 13 1 6
20 15 1 9
20 17 17 3
20 19 150 1
20 23 2 26
20 25 88 4
21 4 1 16
21 11 2 26
21 12 4 2
21 14 19 18
21 18 11 9
22 0 2 27
22 8 118 1
22 11 66 1
22 14 30 8
22 23 10 2
22 25 1 23
23 0 1 2
23 8 103 9
23 10 82 1
23 22 3 21
23 24 41 4
23 27 20 1
24 0 59 1
24 1 119 1
24 3 145 1
24 4 1 2
24 5 113 1
24 6 100 5
24 8 223 1
24 9 29 2
24 10 1 11
24 12 1 23
24 13 1 26
24 15 1 6
24 16 121 1
24 18 47 12
24 19 18 7
24 20 59 20
24 22 13 1
25 6 79 3
25 7 10 3
25 8 65 2
25 10 1 8
25 11 166 1
25 15 1 10
25 19 17 8
25 26 3 6
26 3 1 10
26 6 1 21
26 8 2 12
26 10 1 1
26 15 11 17
26 18 34 25
26 23 11 1
27 3 12 16
27 5 11 2
27 7 2 16
27 10 1 18
27 11 1 26
27 25 83 1
27 26 3 12
