0 1 89 1
0 2 1 2
0 3 12 26
0 4 6 27
0 5 223 1
0 6 1 12
0 7 3 1
0 8 47 1
0 14 6 7
0 15 118 12
0 16 97 1
0 17 213 1
0 19 12 13
0 20 4 17
0 21 1 16
0 24 159 1
0 27 28 4
1 0 31 1
1 2 390 1
1 3 207 4
1 4 242 1
1 5 106 1
1 6 1 2
1 7 29 18
1 8 131 1
1 10 218 1
1 11 340 1
1 15 1 4
1 16 83 1
1 17 63 1
1 20 223 2
1 22 28 9
1 24 39 1
1 25 4 29
2 0 322 6
2 1 12 26
2 3 5 22
2 4 2 26
2 7 128 1
2 9 1 2
2 10 1 11
2 11 2 25
2 17 1 6
2 18 30 1
2 19 1 22
2 20 7 2
3 0 40 10
3 1 209 1
3 2 252 1
3 4 1 10
3 5 48 1
3 6 2 8
3 7 443 14
3 8 52 1
3 10 20 1
3 11 344 1
3 16 87 1
3 17 24 10
3 20 1 10
3 24 78 1
4 0 98 1
4 1 1 23
4 2 1 16
4 5 208 1
4 6 154 1
4 8 16 1
4 9 1 27
4 10 2 21
4 11 172 1
4 12 275 2
4 13 1 2
4 17 2 27
4 18 11 1
4 20 147 2
4 25 1 14
4 26 1 9
5 0 47 1
5 1 230 28
5 3 108 1
5 4 210 1
5 6 36 2
5 7 3 11
5 8 234 1
5 9 282 2
5 10 9 6
5 11 14 6
5 12 4 5
5 16 73 1
5 24 65 1
6 0 1 4
6 1 260 1
6 2 231 1
6 4 3 23
6 5 20 4
6 7 435 1
6 8 146 11
6 9 2 5
6 10 179 1
6 11 284 1
6 12 322 1
6 15 1 1
6 16 1 29
6 17 163 1
6 18 1 9
6 19 1 16
6 20 1 8
6 21 49 3
6 23 6 25
6 25 154 28
7 0 253 1
7 2 2 21
7 3 1 23
7 5 2 23
7 8 208 21
7 10 343 1
7 11 12 3
7 12 66 1
7 13 1 15
7 15 77 1
7 18 1 10
7 23 3 21
7 24 88 1
7 25 321 1
7 26 110 2
7 27 41 1
8 0 122 20
8 1 58 6
8 2 22 1
8 3 44 1
8 4 6 1
8 5 151 1
8 6 7 11
8 7 369 1
8 9 231 1
8 10 359 1
8 11 193 1
8 12 219 1
8 14 11 25
8 15 4 14
8 16 68 1
8 17 1 16
8 18 179 2
8 19 1 12
8 20 1 29
8 23 3 1
8 24 127 1
8 25 1 18
9 3 24 2
9 4 1 28
9 5 36 1
9 6 408 1
9 7 137 1
9 8 191 1
9 10 320 1
9 11 1 4
9 12 2 23
9 13 1 3
9 18 65 2
9 19 56 3
9 22 68 5
10 2 258 1
10 3 13 3
10 5 2 22
10 6 321 14
10 8 366 1
10 9 7 17
10 11 330 1
10 13 1 10
10 14 268 1
10 16 2 20
10 17 1 13
10 20 1 16
10 24 1 25
10 27 162 2
11 1 282 1
11 2 1 25
11 3 16 3
11 4 15 4
11 5 1 19
11 6 3 20
11 7 150 1
11 8 3 14
11 12 224 1
11 15 28 1
11 18 2 15
11 20 166 1
11 21 40 24
11 23 1 20
11 24 386 1
11 25 190 1
11 27 125 1
12 1 1 23
12 2 90 1
12 5 193 2
12 6 1 22
12 8 240 2
12 9 2 9
12 10 169 1
12 11 164 1
12 13 2 11
12 18 1 29
12 19 44 6
12 22 106 21
13 1 1 28
13 2 18 29
13 4 52 2
13 7 24 4
13 8 6 21
13 9 1 7
13 10 6 9
13 11 1 12
13 12 1 17
13 14 39 1
13 17 1 12
13 22 1 24
14 2 17 4
14 3 1 5
14 6 1 9
14 8 270 1
14 10 2 16
14 12 1 5
14 13 33 2
14 22 13 6
15 2 11 11
15 6 2 19
15 10 136 1
15 11 213 1
15 12 2 23
15 14 1 4
15 16 1 8
16 0 26 1
16 1 76 1
16 3 30 1
16 5 75 1
16 7 1 1
16 8 26 1
16 9 1 18
16 10 2 19
16 15 1 19
16 18 131 1
16 24 84 1
17 0 246 1
17 1 26 1
17 2 96 1
17 3 202 2
17 4 338 1
17 5 190 6
17 6 1 20
17 8 1 2
17 10 7 7
17 12 1 3
17 18 2 23
17 21 25 3
17 25 41 1
18 4 364 1
18 5 1 5
18 7 158 2
18 11 33 2
18 16 9 8
18 17 191 1
18 23 15 2
19 0 2 4
19 1 212 2
19 4 2 1
19 6 2 8
19 7 101 3
19 10 115 1
19 11 1 3
19 20 7 3
20 0 109 8
20 1 82 17
20 4 1 13
20 7 1 27
20 10 118 1
20 11 192 21
20 12 1 9
20 15 1 11
20 19 138 1
20 25 88 3
21 0 44 4
21 2 19 5
21 6 88 1
21 12 3 9
22 3 2 20
22 8 117 1
22 12 2 2
22 23 9 3
23 1 93 11
23 7 2 4
23 11 1 3
23 12 10 3
23 14 4 13
23 17 57 1
23 24 40 2
24 0 127 1
24 1 84 1
24 3 98 1
24 5 77 1
24 7 1 27
24 8 176 1
24 11 4 13
24 12 1 25
24 15 30 5
24 16 74 1
25 1 1 17
25 4 20 4
25 7 2 7
25 8 63 2
25 11 161 1
25 15 2 19
25 26 2 1
26 9 18 12
26 12 2 25
27 6 2 14
27 11 241 15
