0 1 11 16
0 2 1 26
0 3 9 5
0 4 67 1
0 5 11 29
0 6 38 1
0 7 19 1
0 8 16 27
0 11 6 18
0 13 61 8
0 14 20 9
0 16 13 23
0 17 65 14
0 19 7 26
0 20 63 1
0 24 10 5
1 0 9 24
1 2 12 27
1 3 9 10
1 4 30 1
1 5 12 19
1 6 8 23
1 8 12 29
1 9 322 1
1 10 16 9
1 13 68 24
1 16 11 14
1 17 156 1
1 18 3 1
1 24 11 5
1 25 42 12
2 0 7 15
2 1 40 1
2 3 152 1
2 4 127 1
2 6 49 1
2 7 228 1
2 8 16 11
2 10 1 1
2 11 37 2
2 12 1 24
2 16 9 2
2 18 1 26
2 25 6 8
3 0 14 9
3 1 15 18
3 2 10 4
3 4 99 1
3 5 11 27
3 6 11 2
3 7 250 1
3 8 23 20
3 11 2 20
3 13 7 1
3 14 1 28
3 15 19 1
3 16 10 17
3 20 6 2
3 24 11 25
3 25 30 1
3 26 6 3
4 0 6 16
4 1 3 9
4 2 127 1
4 3 2 6
4 5 18 13
4 6 294 1
4 7 19 3
4 9 4 15
4 10 219 1
4 15 1 22
4 16 1 2
4 18 168 1
4 19 2 1
4 22 1 26
4 24 92 10
4 26 1 7
5 0 10 26
5 1 12 12
5 2 1 29
5 3 14 17
5 4 1 5
5 6 37 16
5 7 1 9
5 8 7 16
5 9 247 1
5 11 140 1
5 12 2 18
5 14 51 1
5 16 11 4
5 17 130 1
5 18 16 28
5 23 7 17
5 24 11 25
5 25 1 22
5 27 1 28
6 1 74 1
6 2 172 1
6 3 6 16
6 4 6 3
6 5 1 1
6 7 4 17
6 8 267 19
6 9 5 20
6 10 120 3
6 11 1 11
6 12 3 24
6 14 2 10
6 15 145 2
6 17 1 8
6 19 32 1
6 20 112 11
6 22 1 13
6 23 100 3
6 24 2 2
7 0 46 8
7 1 2 18
7 2 3 29
7 3 76 1
7 4 34 3
7 5 35 1
7 6 255 1
7 8 297 11
7 10 167 6
7 11 5 5
7 12 1 2
7 13 122 1
7 14 241 1
7 15 269 1
7 19 77 2
7 20 2 28
7 23 85 2
7 24 27 15
7 25 1 18
7 27 13 20
8 0 10 7
8 1 12 27
8 2 16 29
8 3 9 18
8 4 396 1
8 5 10 8
8 6 48 1
8 7 181 1
8 9 32 10
8 10 145 12
8 11 2 6
8 12 14 18
8 16 11 11
8 17 260 1
8 19 93 1
8 20 220 1
8 23 62 20
8 24 11 7
9 0 207 1
9 1 13 1
9 2 3 26
9 3 1 22
9 4 17 8
9 5 159 1
9 6 130 1
9 7 10 9
9 8 48 22
9 10 44 1
9 11 7 1
9 12 14 24
9 17 87 2
9 18 1 1
9 20 67 5
9 25 3 19
9 26 6 12
9 27 6 22
10 2 38 5
10 4 2 5
10 6 2 8
10 7 403 1
10 8 4 9
10 9 27 1
10 11 339 1
10 12 9 1
10 13 15 1
10 14 92 1
10 15 1 10
10 17 1 7
10 20 2 22
10 21 27 7
10 26 2 18
11 1 4 4
11 2 9 2
11 3 67 1
11 4 4 23
11 7 7 19
11 8 3 27
11 10 24 11
11 12 7 7
11 13 186 1
11 14 2 20
11 15 29 25
11 18 148 3
11 22 41 1
11 23 156 1
11 24 38 18
11 25 4 26
11 26 12 1
11 27 2 12
12 0 1 27
12 4 47 1
12 5 6 1
12 6 17 2
12 9 3 1
12 10 1 17
12 13 1 12
12 17 2 24
12 18 1 9
12 21 94 1
12 22 23 1
12 26 1 18
13 1 65 1
13 9 63 1
13 10 1 29
13 11 40 2
13 14 17 5
13 15 1 12
13 17 1 7
13 18 1 22
13 21 1 20
13 22 1 21
14 0 6 8
14 3 29 4
14 6 37 1
14 7 133 1
14 8 1 16
14 9 143 1
14 10 4 17
14 11 79 1
14 13 27 14
14 15 5 6
14 17 7 25
14 19 1 11
14 24 38 3
15 0 115 1
15 1 83 1
15 2 2 12
15 3 24 1
15 7 11 14
15 8 1 20
15 9 2 25
15 10 200 21
15 11 12 27
15 12 100 1
15 13 2 9
15 14 3 7
16 0 11 25
16 1 196 24
16 3 11 10
16 4 122 2
16 5 32 17
16 8 11 1
16 10 148 8
16 12 14 1
16 17 202 1
16 18 13 1
16 24 11 26
17 0 69 7
17 1 87 1
17 2 1 3
17 4 2 28
17 5 1 6
17 6 98 1
17 8 167 1
17 9 2 12
17 10 198 2
17 11 2 7
17 16 23 7
17 19 59 3
17 20 1 12
17 21 1 17
17 22 67 23
17 24 51 10
17 26 4 10
17 27 1 4
18 0 70 2
18 1 1 26
18 3 41 1
18 5 65 3
18 6 1 2
18 10 2 14
18 16 1 6
19 1 3 3
19 2 2 21
19 5 1 10
19 7 133 1
19 8 94 1
19 9 2 3
19 20 1 12
20 0 118 1
20 1 248 3
20 2 6 10
20 3 1 8
20 5 4 11
20 6 10 23
20 8 19 12
20 11 176 1
20 12 1 26
20 16 44 5
20 18 2 27
20 19 4 14
20 25 16 2
21 1 72 1
21 11 1 3
21 13 16 26
21 23 5 23
22 6 1 3
22 7 147 2
22 12 13 5
22 17 1 1
22 23 5 16
23 0 2 10
23 3 6 6
23 5 8 1
23 7 13 1
23 10 1 10
23 11 212 6
23 12 3 20
23 15 1 11
23 18 1 5
23 21 3 23
23 22 4 7
24 0 25 3
24 1 15 9
24 3 10 23
24 5 11 15
24 7 5 4
24 8 10 2
24 9 3 8
24 11 2 3
24 12 1 26
24 13 23 5
24 14 9 24
24 16 12 22
24 25 25 28
24 27 3 15
25 0 116 1
25 4 5 17
25 5 1 5
25 7 1 6
25 8 3 18
25 9 16 2
25 10 1 16
25 11 195 1
25 24 45 1
25 26 26 1
25 27 8 3
26 4 1 13
26 7 1 2
26 11 1 17
26 16 2 21
26 21 1 23
26 24 46 1
27 0 7 10
27 6 27 7
27 9 81 1
27 10 141 3
27 12 31 7
27 18 1 3
27 20 6 21
27 22 1 16
27 26 1 9
