0 1 41 26
0 2 117 14
0 3 16 18
0 5 41 14
0 7 10 29
0 8 91 9
0 9 96 1
0 10 53 1
0 11 1 23
0 12 117 24
0 16 19 23
0 17 1 11
0 19 1 24
0 20 55 1
0 21 1 19
0 24 98 12
1 0 28 9
1 2 6 25
1 3 326 14
1 4 14 1
1 5 36 24
1 6 18 27
1 8 243 17
1 9 314 1
1 10 16 26
1 12 36 1
1 13 3 10
1 16 37 16
1 17 276 14
1 18 214 2
1 20 1 21
1 21 75 22
1 24 27 5
1 26 1 28
2 0 1 14
2 1 15 1
2 3 99 1
2 4 116 1
2 6 37 1
2 7 213 1
2 8 25 20
2 10 128 1
2 12 1 9
2 17 29 1
2 18 16 20
2 19 39 1
2 25 1 27
2 27 2 27
3 0 27 3
3 1 31 23
3 2 9 11
3 4 93 1
3 5 33 28
3 6 7 2
3 7 294 1
3 8 22 15
3 11 1 28
3 16 19 4
3 20 4 2
3 24 34 19
3 25 28 5
4 0 149 17
4 1 11 10
4 2 117 1
4 3 1 10
4 5 23 29
4 6 265 1
4 7 16 2
4 8 1 16
4 9 2 9
4 10 209 1
4 14 2 4
4 17 27 3
4 18 148 1
4 25 6 2
4 26 74 15
5 0 132 4
5 1 36 19
5 2 1 22
5 3 19 10
5 4 4 14
5 6 258 6
5 7 9 8
5 8 15 4
5 9 233 1
5 11 134 2
5 12 1 17
5 13 17 5
5 16 19 11
5 17 126 3
5 18 2 29
5 19 1 16
5 22 1 9
5 24 19 13
5 26 16 3
6 0 27 1
6 1 49 1
6 2 155 1
6 3 2 11
6 4 3 7
6 5 5 9
6 7 13 16
6 8 84 21
6 9 73 26
6 10 326 1
6 11 23 26
6 12 2 28
6 15 143 4
6 17 3 13
6 18 116 1
6 19 29 3
6 20 112 23
6 22 1 15
6 24 1 21
6 25 18 2
7 0 218 1
7 2 1 16
7 3 15 1
7 4 30 1
7 6 334 1
7 8 292 1
7 9 1 29
7 10 4 8
7 11 32 20
7 12 7 12
7 15 253 1
7 17 272 28
7 23 80 1
7 24 111 18
7 25 5 6
8 0 25 16
8 1 20 11
8 2 136 23
8 3 17 3
8 4 381 1
8 5 20 23
8 6 297 28
8 6 274 1
8 7 156 1
8 9 14 4
8 10 19 27
8 11 2 15
8 12 4 29
8 16 36 21
8 17 253 2
8 21 28 27
8 23 2 28
8 24 19 21
8 27 1 1
9 1 4 8
9 2 1 28
9 4 2 3
9 5 96 3
9 6 95 1
9 7 1 27
9 8 89 1
9 10 25 1
9 11 132 1
9 12 10 6
9 17 83 2
9 18 42 29
9 20 65 6
9 21 29 7
9 23 2 21
9 26 1 17
10 1 1 5
10 2 4 29
10 4 1 23
10 6 178 23
10 7 111 1
10 8 4 4
10 9 217 1
10 11 250 1
10 12 315 3
10 13 10 2
10 14 65 1
10 15 63 20
10 16 88 11
10 21 6 5
10 22 64 2
10 23 1 7
10 24 190 2
11 3 57 1
11 4 7 26
11 7 19 24
11 8 83 9
11 10 39 13
11 12 6 3
11 13 180 1
11 14 9 21
11 15 106 4
11 16 4 28
11 18 1 4
11 20 2 14
11 22 37 1
11 25 2 13
11 26 2 27
12 1 183 1
12 3 91 1
12 4 42 2
12 5 9 16
12 6 13 3
12 7 1 17
12 8 2 27
12 10 6 9
12 13 1 6
12 18 32 10
12 25 8 3
12 27 1 1
13 0 49 8
13 7 34 17
13 8 125 2
13 10 4 16
13 11 35 2
13 16 28 10
13 19 6 8
14 0 6 2
14 2 2 4
14 6 32 3
14 7 125 1
14 8 8 4
14 9 137 1
14 10 4 16
14 11 65 1
14 15 21 1
14 19 1 14
14 24 38 1
14 26 11 1
15 1 80 2
15 5 2 26
15 7 9 9
15 8 3 11
15 9 1 6
15 11 6 14
15 14 3 25
15 22 1 2
15 26 28 15
16 0 19 11
16 1 28 2
16 2 38 6
16 3 19 1
16 4 117 1
16 5 97 29
16 7 1 26
16 8 110 11
16 12 15 25
16 14 1 22
16 17 183 1
16 18 231 1
16 19 1 3
16 24 51 21
17 0 1 7
17 1 62 1
17 2 1 23
17 3 3 4
17 6 90 1
17 7 68 3
17 8 160 1
17 9 2 18
17 10 194 1
17 11 31 8
17 13 4 21
17 15 69 1
17 16 4 9
17 20 2 5
18 1 66 17
18 4 65 29
18 9 164 8
18 10 1 24
18 12 10 12
18 15 16 19
18 16 1 2
18 21 33 6
18 25 25 12
18 26 26 1
19 0 1 6
19 1 1 1
19 4 1 9
19 5 1 8
19 8 91 1
19 11 124 1
19 20 2 29
19 24 13 22
20 0 108 1
20 1 245 1
20 3 2 14
20 4 155 4
20 5 4 21
20 6 43 15
20 7 121 1
20 8 189 21
20 11 171 2
20 13 1 3
20 14 1 1
20 17 1 14
20 18 1 8
20 19 15 11
20 21 32 8
20 25 15 2
21 6 19 4
21 8 7 17
21 9 3 11
21 12 12 27
21 15 1 1
21 16 31 22
21 20 36 2
21 24 11 10
22 6 1 20
22 7 145 1
22 8 1 28
22 10 3 28
22 11 1 9
22 13 3 2
22 16 9 29
22 23 1 5
23 0 2 22
23 8 119 1
23 10 56 4
23 11 217 1
23 12 17 10
23 13 3 21
23 15 2 4
23 19 9 29
23 24 65 2
24 0 19 10
24 1 21 10
24 2 1 25
24 3 19 2
24 4 57 2
24 5 62 3
24 8 19 10
24 10 137 3
24 11 1 26
24 12 9 4
24 13 24 6
24 15 5 2
24 16 34 13
24 22 1 26
24 26 16 17
25 3 1 27
25 6 12 29
25 7 23 17
25 8 4 3
25 10 255 3
25 11 159 1
25 15 5 4
25 24 44 6
25 27 6 2
26 1 18 2
26 8 94 29
26 10 124 12
26 16 1 3
26 18 36 4
26 24 45 1
26 25 4 11
26 27 1 6
27 0 57 13
27 4 4 18
27 8 99 1
27 9 80 10
27 11 3 3
27 12 31 3
27 15 1 9
27 17 3 6
27 24 21 4
27 25 43 1
27 26 2 2
