0 1 12 26
0 2 23 11
0 3 54 1
0 4 24 1
0 5 61 1
0 7 218 1
0 8 135 1
0 9 74 1
0 10 34 3
0 11 43 1
0 15 26 1
0 16 318 1
0 17 1 14
0 18 1 11
0 19 1 20
0 24 268 1
1 0 329 12
1 2 3 17
1 3 32 1
1 4 1 4
1 5 26 18
1 6 9 10
1 7 3 19
1 8 7 2
1 9 273 1
1 10 2 24
1 12 23 2
1 16 279 1
1 17 250 1
1 18 190 1
1 27 55 7
2 1 3 22
2 3 16 1
2 4 74 2
2 6 5 1
2 7 258 1
2 8 406 1
2 10 74 1
2 11 12 2
2 12 1 22
2 17 11 1
2 24 4 14
2 25 1 6
3 0 328 1
3 1 50 29
3 2 28 18
3 4 64 2
3 5 29 13
3 7 196 1
3 8 202 3
3 10 231 2
3 11 7 1
3 14 59 16
3 16 80 1
3 21 20 24
3 24 176 1
4 1 13 24
4 2 75 1
4 3 1 7
4 5 46 19
4 6 137 1
4 8 1 28
4 9 8 28
4 10 164 1
4 11 7 23
4 13 92 1
4 16 1 15
4 18 74 1
4 24 87 10
5 0 54 1
5 1 27 7
5 2 2 14
5 3 141 6
5 4 33 21
5 6 4 15
5 7 1 28
5 8 152 1
5 9 56 1
5 11 109 1
5 12 1 2
5 14 43 2
5 16 230 1
5 18 35 20
5 20 1 5
5 24 168 10
6 2 122 1
6 3 9 26
6 5 38 24
6 7 322 19
6 7 202 6
6 8 368 17
6 9 3 16
6 10 257 1
6 11 1 26
6 12 20 7
6 14 1 22
6 17 1 27
6 19 20 1
6 20 1 14
7 0 3 5
7 1 1 24
7 2 5 25
7 3 307 1
7 5 8 2
7 6 223 1
7 8 90 1
7 10 18 14
7 11 13 28
7 14 203 1
7 15 177 1
7 19 2 25
7 20 191 14
7 21 1 12
7 23 59 1
7 24 1 26
7 25 1 21
7 27 7 25
8 0 154 1
8 1 195 20
8 1 260 10
8 3 37 8
8 4 339 1
8 5 108 1
8 6 256 1
8 7 21 1
8 9 258 1
8 10 15 12
8 11 28 23
8 14 1 27
8 16 56 28
8 17 224 1
8 20 193 1
8 23 16 23
8 24 193 1
9 1 272 1
9 2 1 24
9 4 58 15
9 5 1 21
9 6 50 1
9 7 34 27
9 8 322 1
9 10 1 16
9 11 91 1
9 12 37 15
9 14 1 25
9 18 1 2
9 21 1 12
9 23 2 14
9 25 1 26
9 27 11 2
10 0 15 1
10 1 8 20
10 2 1 6
10 4 1 3
10 5 4 4
10 7 339 1
10 8 30 26
10 9 84 1
10 11 165 1
10 12 38 2
10 15 5 16
10 16 8 14
10 20 229 27
10 22 46 1
10 23 1 3
10 24 172 1
10 25 212 1
10 26 1 12
11 1 1 17
11 3 19 2
11 4 1 21
11 5 228 3
11 6 1 7
11 7 73 1
11 8 4 1
11 9 1 22
11 10 2 14
11 13 148 1
11 14 3 14
11 15 333 27
11 18 143 8
11 19 9 22
11 22 24 1
11 23 106 1
11 24 41 22
11 25 4 25
11 27 3 25
12 3 84 2
12 5 94 19
12 7 73 15
12 8 1 29
12 9 2 8
12 10 18 27
12 13 1 10
12 14 7 1
12 17 1 7
12 23 9 2
12 24 66 1
13 1 55 1
13 7 2 26
13 8 101 1
13 10 1 19
13 11 16 1
13 14 18 1
14 4 3 16
14 7 89 1
14 8 69 2
14 9 107 2
14 10 2 4
14 11 19 1
14 13 26 1
14 16 24 10
14 17 7 18
14 23 25 5
14 26 9 12
15 1 70 5
15 2 13 26
15 5 6 26
15 7 2 12
15 9 2 17
15 10 122 1
15 11 140 18
15 12 86 2
15 13 1 14
15 14 3 16
15 20 2 2
15 23 11 21
15 24 1 19
16 0 141 1
16 1 25 1
16 3 62 25
16 4 94 1
16 5 121 1
16 8 15 1
16 9 1 27
16 11 12 8
16 14 1 8
16 17 108 1
16 18 170 1
16 24 125 1
16 25 2 20
17 0 32 24
17 1 21 1
17 2 1 28
17 3 1 21
17 4 15 23
17 6 57 1
17 8 128 1
17 9 44 25
17 11 1 21
17 16 76 17
17 26 2 18
17 27 1 26
18 0 53 2
18 1 1 27
18 4 383 1
18 8 1 18
18 10 1 28
18 12 1 24
18 16 7 16
18 17 1 28
18 22 1 15
19 0 1 25
19 1 28 13
19 9 1 25
19 17 65 3
19 20 7 15
20 0 66 1
20 1 226 2
20 2 4 15
20 3 1 3
20 6 49 26
20 8 5 1
20 10 1 11
20 11 152 2
20 17 3 29
20 18 3 20
20 19 108 9
21 4 67 1
21 9 1 19
21 12 12 3
21 17 52 18
21 20 1 19
22 11 1 26
22 13 1 1
22 14 1 1
22 17 1 16
22 23 2 11
23 1 51 2
23 2 2 3
23 8 108 2
23 9 1 1
23 10 14 26
23 11 233 1
23 14 1 3
23 15 1 13
23 20 1 20
23 21 10 13
23 25 3 15
23 27 12 4
24 0 404 3
24 1 12 1
24 3 3 2
24 5 117 1
24 8 3 9
24 10 5 14
24 11 112 3
24 16 38 3
24 26 1 4
24 27 1 23
25 1 76 3
25 2 3 8
25 4 1 8
25 7 27 23
25 8 3 17
25 9 9 1
25 10 1 1
25 11 38 1
25 18 11 24
25 22 12 29
26 3 1 27
26 4 60 7
26 6 38 2
26 10 128 15
26 11 1 22
26 17 1 10
26 19 1 6
26 24 20 6
26 25 9 17
26 27 3 11
27 0 19 15
27 3 3 10
27 6 1 10
27 7 2 1
27 8 88 1
27 10 128 2
27 22 8 18
27 25 41 1
