0 1 12 1
0 3 71 1
0 5 46 6
0 6 2 15
0 7 259 1
0 8 123 14
0 9 34 1
0 10 7 2
0 12 1 17
0 16 52 1
0 18 8 9
0 21 33 1
0 24 76 6
1 0 220 1
1 2 261 28
1 3 33 1
1 4 15 7
1 5 122 1
1 6 119 9
1 7 4 7
1 8 194 2
1 9 167 1
1 10 251 5
1 11 8 22
1 15 124 7
1 16 6 11
1 17 89 1
1 20 1 20
1 24 57 16
1 27 44 2
2 0 12 2
2 1 70 29
2 3 102 16
2 4 10 3
2 5 3 10
2 6 3 25
2 7 90 1
2 8 324 1
2 10 4 1
2 13 2 29
2 20 19 3
2 21 15 4
3 0 37 21
3 1 418 1
3 2 6 1
3 4 17 1
3 5 16 10
3 6 3 12
3 7 24 1
3 8 162 1
3 10 273 1
3 11 304 4
3 16 55 1
3 17 120 1
3 19 16 1
3 24 15 2
4 0 384 1
4 1 2 3
4 2 11 1
4 5 1 11
4 8 2 19
4 9 1 9
4 10 75 1
4 11 1 20
4 12 1 19
4 16 7 15
4 20 2 7
4 27 66 10
5 0 22 20
5 1 107 1
5 2 28 16
5 3 72 11
5 4 3 9
5 7 1 10
5 8 91 4
5 9 24 6
5 10 6 25
5 11 57 1
5 12 23 25
5 14 27 3
5 16 146 1
5 17 68 1
5 18 1 7
5 19 1 9
5 23 19 15
5 24 145 1
6 0 1 11
6 1 12 9
6 2 45 1
6 3 1 24
6 4 2 19
6 5 49 11
6 7 345 1
6 8 127 1
6 9 131 15
6 10 94 1
6 11 84 19
6 12 1 10
6 13 114 1
6 14 21 1
6 15 104 2
6 17 1 16
6 18 56 1
6 20 1 15
6 22 1 19
6 23 80 6
6 25 1 1
7 1 2 7
7 2 8 11
7 3 12 1
7 5 1 2
7 6 39 1
7 10 4 2
7 11 10 10
7 14 124 1
7 15 37 1
7 16 20 13
7 17 5 2
7 18 131 1
7 20 1 15
7 21 3 19
7 26 1 22
7 27 1 28
8 0 33 5
8 1 31 7
8 2 122 1
8 3 138 1
8 4 183 1
8 5 5 27
8 6 26 12
8 7 18 18
8 9 257 1
8 10 201 1
8 11 12 29
8 12 67 8
8 14 2 2
8 15 1 5
8 16 99 2
8 17 155 1
8 20 140 1
8 21 58 27
8 22 3 1
8 24 30 28
8 25 10 2
9 0 139 2
9 1 166 1
9 2 34 5
9 4 1 23
9 5 23 21
9 6 7 10
9 7 15 13
9 8 148 1
9 10 6 5
9 11 23 2
9 12 9 1
9 13 56 1
9 15 30 4
9 16 2 12
9 17 33 4
9 20 39 1
9 24 50 3
9 27 76 14
10 1 336 7
10 2 15 1
10 3 263 1
10 4 57 27
10 5 3 13
10 6 52 11
10 7 263 1
10 8 6 20
10 9 1 7
10 11 60 1
10 12 314 1
10 13 3 22
10 14 4 3
10 16 1 15
10 20 228 1
10 22 14 1
10 23 2 23
10 24 126 2
10 25 153 1
10 26 1 15
11 0 5 18
11 1 6 11
11 2 2 22
11 5 189 1
11 6 5 22
11 7 112 1
11 8 1 19
11 9 16 12
11 10 270 1
11 13 78 1
11 14 393 1
11 15 106 1
11 20 4 11
11 21 114 7
11 22 4 1
11 23 33 1
11 24 290 1
11 25 103 2
11 26 3 8
11 27 8 22
12 0 3 6
12 5 1 10
12 7 4 12
12 8 9 4
12 9 2 1
12 10 4 18
12 11 4 19
12 13 1 23
12 17 1 17
12 19 62 1
12 21 46 3
12 26 2 28
13 1 39 3
13 4 1 17
13 6 79 1
13 7 53 13
13 8 51 2
13 9 21 1
13 10 1 12
13 12 9 25
13 14 14 2
13 15 17 2
13 22 1 8
13 25 4 5
14 1 2 21
14 2 4 13
14 4 4 29
14 7 26 2
14 9 46 1
14 10 388 1
14 11 5 13
14 12 4 12
14 13 1 1
14 15 1 13
14 16 2 15
14 23 12 1
15 6 38 1
15 7 30 3
15 8 10 5
15 9 3 16
15 10 141 1
15 11 238 1
15 12 59 1
15 14 35 2
15 21 2 8
15 25 31 1
16 0 36 18
16 1 352 12
16 3 62 1
16 5 120 1
16 6 1 17
16 7 115 16
16 8 17 1
16 10 140 2
16 17 6 1
16 18 41 1
16 21 3 26
16 24 19 4
17 1 1 13
17 3 22 22
17 4 13 2
17 5 2 23
17 6 9 1
17 9 13 3
17 10 134 2
17 12 95 1
17 14 3 3
17 18 32 2
17 20 1 16
17 27 2 26
18 0 27 1
18 2 1 17
18 4 290 1
18 8 121 28
18 16 55 6
18 17 1 24
18 24 1 15
19 0 1 5
19 1 24 5
19 2 1 16
19 3 1 25
19 4 31 28
19 10 1 1
19 11 95 2
19 16 36 4
19 20 2 27
20 0 7 1
20 1 177 1
20 2 1 5
20 3 213 11
20 6 2 9
20 7 143 1
20 9 46 5
20 10 1 7
20 14 10 10
20 15 6 22
20 18 1 21
20 19 144 1
21 11 2 18
21 16 29 17
21 17 48 2
21 20 1 9
22 1 5 2
22 5 7 18
22 8 7 12
22 11 2 28
22 14 2 13
22 16 2 8
23 7 1 22
23 11 150 1
23 12 1 23
23 15 2 10
23 17 6 1
23 18 1 6
23 22 2 14
24 0 12 24
24 1 3 14
24 3 24 1
24 4 38 4
24 5 36 16
24 7 2 1
24 8 74 1
24 9 1 8
24 10 140 1
24 11 112 1
24 12 76 8
24 13 20 19
24 16 1 10
24 22 3 8
25 0 94 1
25 4 1 23
25 7 1 19
25 8 3 16
25 10 224 1
25 11 9 1
25 16 1 15
25 22 10 6
26 1 9 10
26 3 31 7
26 7 1 16
26 12 49 2
26 16 7 25
26 17 1 20
26 27 2 12
27 5 1 12
27 7 177 18
27 8 65 4
27 10 102 1
27 11 1 21
27 16 2 21
27 26 4 11
