0 1 169 20
0 2 1 1
0 3 40 24
0 5 411 1
0 6 1 26
0 7 248 1
0 8 146 1
0 10 5 3
0 11 13 22
0 14 5 18
0 16 86 1
0 17 1 1
0 18 5 27
0 19 9 2
0 21 2 7
0 24 193 1
1 0 357 1
1 2 109 1
1 3 82 1
1 4 38 16
1 5 121 1
1 6 2 13
1 7 2 25
1 8 386 14
1 9 158 1
1 10 1 9
1 11 1 29
1 16 115 1
1 17 99 1
1 18 123 1
1 19 1 10
1 20 1 21
1 24 8 14
1 27 43 1
2 0 7 1
2 1 92 21
2 3 20 23
2 6 15 16
2 7 80 1
2 8 286 1
2 9 2 24
2 12 7 8
2 20 15 4
2 22 1 10
2 23 14 2
2 25 1 23
3 0 254 29
3 1 80 1
3 5 32 2
3 7 14 1
3 8 108 1
3 10 268 1
3 16 5 8
3 17 116 1
3 19 65 5
3 20 5 19
3 21 22 24
3 24 43 23
3 27 17 4
4 0 379 1
4 1 222 20
4 2 8 1
4 5 1 7
4 8 11 17
4 9 1 18
4 10 69 1
4 11 18 16
4 12 1 26
4 13 77 7
4 14 1 25
4 15 2 26
4 25 88 2
5 0 31 1
5 1 76 1
5 3 298 4
5 4 2 5
5 6 5 20
5 7 2 5
5 8 46 1
5 9 7 9
5 10 3 26
5 16 168 1
5 18 5 5
5 24 98 1
5 25 1 2
6 1 4 21
6 2 38 1
6 3 2 18
6 4 330 1
6 5 29 1
6 7 334 1
6 8 51 1
6 9 13 1
6 10 55 1
6 11 31 21
6 12 1 27
6 13 112 1
6 17 14 26
6 19 4 6
6 20 143 13
6 23 79 4
6 24 13 9
6 26 1 28
7 0 64 1
7 1 1 23
7 2 27 19
7 3 5 1
7 6 30 1
7 9 302 1
7 10 204 12
7 11 10 17
7 12 28 12
7 14 118 1
7 15 30 1
7 17 3 8
7 18 130 1
7 19 6 7
7 22 155 6
7 23 20 2
7 24 37 2
7 25 339 3
7 27 4 8
8 0 168 3
8 1 71 1
8 2 83 1
8 3 96 1
8 4 170 1
8 5 73 6
8 6 57 17
8 7 4 10
8 9 241 10
8 10 168 25
8 11 2 20
8 12 89 10
8 13 175 2
8 14 5 28
8 15 7 2
8 16 196 1
8 17 149 1
8 18 13 29
8 20 136 1
8 24 49 6
8 25 7 1
9 0 135 1
9 1 157 1
9 2 1 23
9 3 92 23
9 5 37 18
9 6 13 15
9 7 4 28
9 8 132 1
9 10 122 26
9 11 20 1
9 12 427 1
9 14 1 28
9 15 3 3
9 17 31 1
9 20 37 1
9 25 3 10
9 26 1 24
10 1 334 1
10 2 10 1
10 4 3 7
10 5 2 21
10 6 395 1
10 7 249 1
10 8 21 22
10 9 1 5
10 11 47 1
10 12 307 1
10 14 13 3
10 15 24 3
10 19 1 22
10 24 122 1
11 0 16 2
11 1 34 28
11 2 1 21
11 3 1 11
11 4 2 29
11 5 185 1
11 6 20 18
11 7 132 1
11 8 2 11
11 9 1 11
11 10 40 1
11 14 387 1
11 15 74 1
11 18 130 4
11 20 1 6
11 24 275 1
11 25 6 3
11 26 3 18
11 27 3 15
12 0 7 23
12 1 125 1
12 2 1 10
12 3 67 2
12 5 4 12
12 6 1 23
12 8 2 26
12 9 3 21
12 10 1 19
12 11 16 2
12 13 10 4
12 21 44 1
12 23 1 1
12 24 55 2
13 0 34 1
13 4 9 21
13 6 76 2
13 7 6 29
13 9 19 1
13 10 3 28
13 12 11 29
13 14 10 2
13 15 16 2
14 3 12 1
14 4 3 1
14 9 42 1
14 10 65 1
14 12 4 8
14 13 7 1
14 15 21 3
14 17 59 3
14 18 32 3
14 23 11 3
14 24 23 1
15 1 47 1
15 2 5 28
15 8 51 15
15 9 78 7
15 10 76 1
15 11 196 1
15 12 57 1
15 14 30 2
15 21 2 13
15 24 1 12
15 25 29 4
15 27 5 22
16 0 105 9
16 1 113 1
16 3 36 1
16 5 19 1
16 8 162 13
16 12 46 20
16 18 34 1
16 19 10 3
16 20 64 1
16 24 189 1
17 0 1 18
17 1 1 9
17 2 10 11
17 3 19 18
17 4 2 1
17 5 1 4
17 8 61 2
17 15 60 8
17 16 108 6
17 18 29 1
17 20 5 23
17 25 1 5
17 27 1 26
18 0 26 1
18 4 275 1
18 6 90 3
18 7 1 6
18 8 2 17
18 10 2 16
18 12 1 9
18 16 1 18
18 17 2 9
18 20 24 26
19 0 5 14
19 1 2 25
19 4 81 1
19 5 1 18
19 7 79 2
19 12 22 1
19 14 1 28
19 20 5 16
20 1 173 1
20 2 37 9
20 3 1 19
20 6 63 25
20 7 138 1
20 8 1 14
20 10 1 21
20 11 106 1
20 12 1 1
20 14 59 4
20 17 1 20
20 19 279 1
20 25 4 1
21 0 5 2
21 8 2 5
21 14 13 9
21 20 4 12
22 7 114 4
22 9 9 21
22 10 203 1
22 12 26 4
22 16 2 5
22 23 4 2
22 24 1 8
22 25 1 7
22 26 11 1
23 0 1 17
23 6 4 1
23 8 82 2
23 9 1 9
23 10 114 22
23 11 143 1
23 12 4 9
23 13 1 17
23 15 2 2
23 21 6 16
23 22 7 26
23 25 12 23
24 0 10 13
24 1 24 1
24 3 14 21
24 4 37 2
24 5 29 22
24 7 1 10
24 8 69 1
24 9 5 2
24 10 137 1
24 11 164 12
24 12 76 5
24 16 275 1
24 21 12 1
24 22 3 2
24 23 1 22
24 26 10 9
24 27 1 14
25 6 2 14
25 7 8 18
25 8 3 12
25 10 220 1
25 11 2 13
25 15 1 16
25 16 1 8
25 17 22 1
25 18 3 2
25 23 13 1
25 24 24 1
25 26 5 1
26 6 44 5
26 10 4 2
26 20 1 16
26 25 2 7
26 27 1 13
27 8 64 1
27 11 2 10
27 24 1 27
27 25 14 2
27 26 31 16
