0 1 159 1
0 3 210 2
0 5 26 1
0 6 2 21
0 7 241 1
0 8 132 9
0 9 30 3
0 10 5 2
0 11 1 13
0 13 45 3
0 14 1 9
0 15 9 7
0 16 4 14
0 17 1 23
0 18 1 15
0 19 91 17
0 20 1 3
0 24 127 16
0 26 1 10
1 0 245 1
1 2 81 1
1 3 334 1
1 4 9 1
1 5 358 1
1 6 4 13
1 7 1 23
1 8 282 1
1 9 153 1
1 10 1 27
1 14 4 9
1 16 133 1
1 17 36 1
1 19 10 24
1 21 68 6
1 24 46 1
1 25 124 1
2 0 151 1
2 1 8 28
2 3 3 9
2 4 6 4
2 6 2 3
2 7 73 1
2 8 262 1
2 9 9 7
2 10 1 2
2 11 1 27
2 12 1 3
2 15 29 3
2 17 1 1
2 18 1 22
2 24 1 18
2 25 1 4
3 0 275 1
3 1 356 1
3 5 53 1
3 6 2 27
3 7 9 1
3 8 92 1
3 10 265 1
3 12 24 1
3 16 209 1
3 17 113 1
3 19 64 4
3 20 3 6
3 22 1 14
3 24 52 1
4 0 375 1
4 1 1 29
4 2 6 1
4 3 1 15
4 7 1 19
4 8 2 2
4 9 5 22
4 10 65 1
4 11 1 5
4 14 36 5
4 15 5 22
4 16 26 24
4 24 76 2
4 27 65 4
5 1 73 1
5 3 259 1
5 4 4 26
5 6 8 27
5 7 91 27
5 8 181 1
5 9 18 21
5 10 42 21
5 12 1 25
5 13 8 1
5 14 26 1
5 16 24 17
5 18 5 2
5 19 1 14
5 22 2 16
5 24 121 1
5 27 3 27
6 0 1 17
6 1 21 1
6 2 31 1
6 3 3 8
6 4 317 14
6 5 39 7
6 7 326 1
6 8 21 1
6 9 181 26
6 10 43 1
6 11 1 2
6 12 5 5
6 13 110 2
6 14 4 6
6 15 100 3
6 17 156 1
6 18 51 1
6 22 2 2
6 23 79 2
7 0 28 1
7 1 2 29
7 2 4 8
7 3 2 1
7 5 1 21
7 6 25 1
7 8 1 29
7 10 1 21
7 14 114 1
7 15 26 1
7 16 23 21
7 17 1 1
7 19 89 3
7 23 19 1
7 24 36 1
8 0 120 1
8 1 75 4
8 2 59 1
8 3 100 14
8 4 162 1
8 5 66 3
8 6 56 25
8 7 5 5
8 9 209 1
8 10 276 20
8 11 2 26
8 12 1 1
8 14 43 27
8 16 275 1
8 17 146 1
8 19 47 2
8 21 32 12
8 23 1 22
8 24 5 5
8 25 4 2
9 0 133 2
9 1 152 1
9 2 10 5
9 3 25 2
9 4 1 22
9 5 11 19
9 6 10 9
9 7 17 18
9 8 122 1
9 10 11 2
9 11 18 1
9 12 69 1
9 14 1 23
9 15 1 14
9 18 1 24
10 1 331 7
10 3 254 1
10 4 5 7
10 5 4 29
10 6 118 1
10 7 241 1
10 8 5 26
10 9 3 8
10 11 39 1
10 12 304 1
10 13 6 23
10 14 11 5
10 16 2 23
10 19 5 8
10 21 1 11
10 23 2 2
10 24 120 1
10 26 8 16
11 2 1 21
11 3 2 9
11 4 1 16
11 6 3 23
11 7 87 1
11 8 9 22
11 9 8 18
11 10 259 1
11 14 383 1
11 15 66 1
11 16 1 12
11 23 26 1
11 24 267 1
11 25 239 22
11 26 2 18
12 0 1 17
12 1 123 1
12 4 1 3
12 5 1 9
12 9 20 27
12 11 17 23
12 13 1 19
12 17 4 4
12 21 42 1
12 24 55 3
12 27 51 13
13 1 37 1
13 2 9 2
13 4 2 29
13 7 53 11
13 9 18 3
13 10 2 18
13 12 28 13
13 17 3 29
13 27 1 4
14 2 4 21
14 4 131 22
14 5 59 8
14 9 39 2
14 10 71 1
14 11 5 19
14 12 1 28
14 15 14 2
14 18 31 4
14 22 9 20
15 1 46 3
15 7 19 1
15 8 4 25
15 10 69 1
15 11 118 1
15 12 55 3
15 14 12 1
15 20 1 11
16 0 15 11
16 1 62 1
16 3 241 4
16 5 89 2
16 6 34 5
16 8 230 5
16 11 1 5
16 12 1 2
16 14 5 23
16 20 63 3
16 24 110 1
16 25 3 1
17 0 2 7
17 1 4 25
17 2 189 1
17 3 1 6
17 4 1 24
17 5 1 5
17 7 17 1
17 9 2 9
17 11 1 20
17 18 28 1
17 24 35 2
17 25 1 25
18 0 25 1
18 1 1 1
18 3 17 1
18 4 266 1
18 6 148 2
18 8 5 21
18 9 8 4
18 10 74 19
18 11 3 1
18 12 15 6
18 22 1 7
18 25 1 7
19 0 26 8
19 1 3 11
19 3 1 8
19 4 4 9
19 6 119 18
19 7 78 1
19 9 1 26
19 18 9 18
19 20 11 3
20 0 4 2
20 1 170 2
20 2 1 13
20 3 6 23
20 4 110 3
20 5 4 3
20 7 78 2
20 10 2 6
20 12 1 26
20 17 3 9
20 19 264 1
20 23 58 1
21 0 5 19
21 1 62 1
21 8 2 16
21 11 117 9
22 4 29 3
22 6 4 15
22 11 1 18
22 12 25 27
22 14 2 20
22 15 5 5
22 16 2 23
22 17 1 4
22 20 2 13
23 11 139 1
23 15 1 1
23 20 3 10
23 24 32 2
23 25 6 16
24 0 31 2
24 1 266 1
24 3 45 1
24 5 152 4
24 8 2 23
24 10 134 2
24 11 148 1
24 12 75 16
24 16 29 1
24 23 1 28
24 25 44 1
24 26 2 26
24 27 26 3
25 0 91 5
25 7 8 10
25 8 1 13
25 10 218 1
25 11 11 23
25 21 2 10
25 27 2 1
26 4 6 7
26 6 44 20
26 7 31 25
26 17 35 17
26 22 6 10
26 23 3 1
26 27 5 12
27 1 34 2
27 5 1 16
27 7 2 1
27 12 20 4
27 13 16 14
27 15 8 3
27 16 6 27
27 17 7 2
27 18 1 27
27 22 1 28
27 25 12 2
27 26 1 10
