0 1 76 1
0 3 4 2
0 4 1 8
0 5 76 1
0 6 2 27
0 7 209 1
0 8 49 1
0 9 24 1
0 11 1 17
0 13 42 9
0 16 10 1
0 17 4 28
0 19 88 1
0 23 85 2
0 24 51 1
1 0 57 1
1 2 57 1
1 3 1 5
1 4 9 13
1 5 166 1
1 6 1 7
1 7 21 22
1 8 90 1
1 9 130 1
1 14 10 16
1 16 22 1
1 17 59 1
1 18 106 1
1 19 6 7
1 20 1 28
1 24 142 1
1 25 122 1
2 0 145 1
2 1 108 20
2 3 33 2
2 4 1 1
2 5 1 18
2 6 5 4
2 7 47 1
2 8 161 1
2 9 2 17
2 20 10 4
3 0 49 14
3 1 114 1
3 2 3 3
3 5 8 27
3 6 8 19
3 8 59 1
3 11 299 22
3 16 99 1
3 17 101 1
3 18 84 4
3 19 61 4
3 20 1 11
3 21 22 29
3 24 24 1
3 27 16 1
4 1 3 19
4 2 1 8
4 3 198 14
4 5 115 2
4 6 2 18
4 8 4 28
4 9 1 5
4 10 50 1
4 11 1 7
4 13 74 1
4 14 1 4
4 16 1 12
4 17 2 21
4 18 1 7
4 19 2 22
4 27 64 1
5 0 186 1
5 1 343 1
5 2 6 17
5 3 56 15
5 4 1 4
5 6 18 9
5 7 7 10
5 8 60 1
5 9 60 3
5 10 2 26
5 11 41 2
5 14 22 4
5 15 5 13
5 16 12 2
5 17 55 1
5 19 1 17
5 21 11 4
5 24 22 1
5 25 7 24
6 1 13 24
6 2 13 1
6 3 2 15
6 4 42 1
6 5 66 1
6 7 310 1
6 8 8 18
6 9 142 1
6 10 17 2
6 11 264 16
6 12 3 22
6 13 105 1
6 14 1 14
6 15 93 1
6 17 1 1
6 18 41 3
6 22 3 26
6 23 75 4
6 26 1 14
6 27 49 2
7 0 62 3
7 1 5 7
7 2 272 16
7 3 1 28
7 6 8 2
7 8 8 8
7 10 2 1
7 11 354 1
7 14 97 1
7 18 124 1
7 21 1 25
7 24 101 3
7 25 2 1
7 26 1 17
8 0 66 1
8 1 105 1
8 2 71 1
8 3 89 1
8 4 127 1
8 5 91 4
8 6 220 12
8 7 13 14
8 9 210 1
8 10 412 1
8 11 1 20
8 12 4 21
8 13 7 2
8 14 6 26
8 15 1 16
8 16 96 1
8 17 131 1
8 18 8 29
8 19 41 3
8 20 122 2
8 21 4 24
8 22 1 1
8 24 78 1
8 26 114 8
9 1 129 1
9 2 2 24
9 3 99 9
9 4 14 26
9 5 2 13
9 6 4 17
9 7 17 28
9 8 82 1
9 10 6 5
9 11 10 1
9 12 421 2
9 13 46 1
9 14 3 27
9 15 2 1
9 16 2 18
9 21 1 20
9 22 1 6
9 23 22 21
9 27 85 2
10 1 35 1
10 2 2 19
10 3 238 1
10 4 3 3
10 5 2 15
10 6 107 1
10 7 202 1
10 8 26 20
10 9 3 28
10 11 43 1
10 12 284 1
10 13 7 20
10 14 4 25
10 15 152 2
10 16 2 10
10 17 259 1
10 20 224 1
10 24 109 2
10 25 130 1
11 1 49 29
11 2 1 29
11 3 4 11
11 4 3 27
11 5 172 1
11 6 6 24
11 7 42 1
11 8 3 9
11 10 382 1
11 13 56 2
11 14 363 2
11 15 14 1
11 20 5 4
11 23 16 2
11 24 225 1
11 25 9 27
12 0 1 28
12 7 1 18
12 8 12 22
12 9 2 19
12 10 1 26
12 11 17 15
12 13 57 3
12 14 1 23
12 21 36 4
12 24 52 10
12 25 12 23
13 3 1 4
13 4 9 21
13 6 68 4
13 7 1 10
13 8 37 1
13 9 14 1
13 10 4 18
13 12 43 21
13 20 2 9
13 26 2 15
14 1 3 27
14 7 12 2
14 8 121 1
14 10 38 27
14 11 1 13
14 12 1 24
14 15 2 1
14 16 1 23
14 17 1 12
14 19 17 28
14 23 8 2
15 2 5 17
15 7 345 21
15 9 2 6
15 10 59 1
15 11 218 1
15 12 49 2
15 14 65 1
15 19 7 4
15 20 63 27
15 23 14 2
15 24 3 12
15 27 26 26
16 0 181 1
16 1 48 14
16 3 9 2
16 5 53 1
16 6 1 8
16 7 1 2
16 8 102 1
16 11 5 3
16 12 1 27
16 14 5 16
16 18 14 1
16 20 61 1
16 24 21 1
17 0 43 27
17 1 2 12
17 4 6 19
17 5 1 2
17 7 12 1
17 11 1 16
17 12 87 2
17 13 1 29
17 18 21 3
17 20 3 11
17 24 33 1
17 25 1 21
17 27 2 3
18 1 2 3
18 4 228 1
18 5 9 3
18 10 3 10
18 16 103 8
18 17 2 25
19 0 7 1
19 1 2 8
19 2 3 23
19 3 5 20
19 7 70 3
19 14 1 7
19 16 34 1
19 17 35 2
19 20 53 23
19 26 1 14
20 1 159 1
20 2 3 9
20 3 28 23
20 7 133 2
20 8 6 27
20 10 4 21
20 11 94 3
20 14 1 21
20 19 61 1
20 21 25 9
20 24 44 3
21 1 60 13
21 2 12 1
21 5 2 14
21 6 5 5
22 5 1 12
22 6 6 17
22 9 1 19
22 10 1 3
22 11 21 8
22 16 2 9
22 18 33 4
22 23 6 1
22 26 10 11
23 5 2 9
23 10 9 25
23 11 120 1
23 12 4 12
23 15 2 23
23 18 1 23
23 19 8 26
23 20 1 2
23 21 12 8
23 25 1 25
24 0 73 1
24 1 10 1
24 3 19 1
24 5 35 1
24 7 2 8
24 8 17 1
24 11 133 1
24 16 15 3
24 23 3 17
24 26 1 8
24 27 1 26
25 0 87 1
25 1 49 2
25 7 53 11
25 8 12 3
25 10 207 1
25 11 60 7
25 12 58 1
25 15 1 12
25 26 3 2
25 27 3 19
26 8 26 5
26 9 1 28
26 24 38 3
26 27 20 6
27 3 2 27
27 5 1 11
27 8 58 1
27 15 1 8
27 20 3 19
27 21 14 9
27 24 3 4
27 25 4 3
