0 1 286 1
0 3 7 1
0 5 51 1
0 6 1 5
0 7 203 1
0 8 21 1
0 9 22 4
0 11 1 20
0 15 7 2
0 16 104 1
0 17 1 16
0 19 186 1
0 24 25 1
0 26 1 7
1 0 23 1
1 2 213 1
1 3 7 1
1 4 4 24
1 5 145 1
1 6 100 11
1 7 8 11
1 8 345 28
1 9 126 1
1 10 1 2
1 11 6 16
1 16 74 18
1 17 52 1
1 19 3 22
1 20 5 4
1 24 122 1
1 27 39 7
2 0 130 1
2 1 234 16
2 5 1 8
2 6 6 2
2 7 43 1
2 8 145 1
2 11 2 12
2 12 1 26
2 18 4 21
2 19 24 2
2 20 9 27
2 21 14 28
3 0 240 1
3 1 79 1
3 2 5 25
3 5 10 1
3 6 7 15
3 8 42 21
3 10 247 1
3 11 75 1
3 16 72 1
3 17 99 1
3 18 83 3
3 19 61 1
3 20 3 11
3 24 9 1
4 0 353 1
4 5 96 4
4 6 1 28
4 7 1 19
4 8 46 20
4 11 2 9
4 14 1 29
4 16 20 16
4 17 1 24
4 18 4 9
4 20 1 1
5 0 158 1
5 1 318 1
5 2 1 22
5 3 14 1
5 4 22 22
5 6 52 15
5 7 92 25
5 8 16 24
5 9 14 18
5 10 2 7
5 12 2 2
5 14 22 1
5 15 1 1
5 16 7 1
5 17 53 1
5 18 6 28
5 21 11 5
5 23 20 14
5 24 16 1
5 25 1 27
5 27 3 26
6 0 1 20
6 1 59 16
6 2 9 10
6 3 2 1
6 4 30 1
6 5 75 1
6 7 303 1
6 8 18 12
6 9 173 1
6 10 12 1
6 11 1 3
6 12 10 4
6 13 103 2
6 15 92 1
6 17 24 13
6 20 1 19
6 21 1 9
6 23 75 3
7 0 27 22
7 1 3 29
7 2 47 9
7 5 5 5
7 6 6 1
7 8 2 6
7 9 283 1
7 10 176 1
7 11 192 1
7 12 30 18
7 13 45 1
7 14 94 1
7 16 92 20
7 18 123 1
7 26 1 9
7 27 4 8
8 0 42 1
8 1 114 1
8 2 52 22
8 3 69 26
8 4 121 1
8 5 192 18
8 5 300 1
8 6 23 1
8 7 62 19
8 9 201 1
8 10 266 1
8 11 1 10
8 12 2 20
8 13 5 3
8 14 44 4
8 16 70 1
8 17 128 1
8 18 2 22
8 19 41 1
8 20 120 2
8 21 1 17
8 23 4 18
8 24 59 1
8 25 118 1
9 1 125 1
9 4 186 10
9 5 2 19
9 6 31 6
9 8 76 1
9 10 23 28
9 11 8 3
9 12 417 1
9 14 50 15
9 15 1 17
9 17 23 3
9 20 32 1
9 22 1 28
9 23 1 21
9 24 43 4
9 25 80 16
9 27 84 14
10 1 32 1
10 2 313 1
10 3 235 1
10 4 9 24
10 5 36 7
10 6 31 1
10 7 195 1
10 8 2 29
10 9 3 28
10 11 37 1
10 12 280 1
10 13 7 6
10 14 200 5
10 19 1 6
10 21 8 15
10 22 6 3
10 23 1 26
10 24 107 2
11 1 1 21
11 2 1 4
11 3 6 6
11 4 1 10
11 5 170 1
11 6 18 21
11 7 27 1
11 8 392 18
11 9 1 26
11 10 370 14
11 13 54 1
11 14 359 1
11 15 8 1
11 16 1 20
11 20 6 5
11 23 15 1
11 24 217 1
11 25 27 5
12 0 1 26
12 1 112 2
12 3 62 5
12 6 1 10
12 8 1 26
12 9 22 25
12 11 9 28
12 14 1 27
12 18 1 3
12 21 35 2
13 0 30 10
13 1 34 1
13 3 1 9
13 5 1 1
13 6 67 3
13 8 35 2
13 10 3 13
13 12 2 13
14 1 75 25
14 2 1 6
14 7 11 2
14 9 27 1
14 10 344 1
14 11 9 5
14 12 2 1
14 15 6 18
14 16 1 25
14 18 30 2
14 24 19 8
14 26 4 12
14 27 33 2
15 2 1 2
15 3 25 12
15 6 28 4
15 7 15 2
15 8 1 25
15 10 54 1
15 11 195 1
15 12 48 2
15 13 1 22
15 14 61 1
15 17 1 26
15 19 7 2
15 25 24 4
15 27 5 29
16 0 154 1
16 1 16 1
16 3 65 1
16 4 33 2
16 5 27 1
16 6 35 4
16 8 96 1
16 18 12 1
16 19 29 18
16 24 11 1
17 0 1 3
17 1 5 18
17 3 1 7
17 4 48 28
17 8 46 1
17 9 2 5
17 10 118 2
17 13 2 9
17 14 2 2
17 16 107 1
17 20 1 19
17 24 32 4
18 1 2 1
18 3 14 2
18 4 221 1
18 6 86 3
18 8 121 28
18 10 1 24
18 22 1 5
18 27 4 8
19 0 3 10
19 1 1 9
19 4 24 2
19 5 3 21
19 11 86 1
19 12 19 15
19 17 35 1
19 20 16 7
20 1 156 2
20 3 216 22
20 6 1 21
20 7 131 1
20 10 10 8
20 12 3 25
20 16 24 10
20 17 2 7
20 19 47 21
20 23 56 1
20 24 43 7
21 2 12 6
21 12 5 1
21 17 46 4
22 12 25 2
22 18 33 1
22 23 5 2
22 25 7 20
23 2 16 15
23 7 1 5
23 10 2 10
23 12 1 17
23 18 1 10
23 20 2 19
23 22 1 8
23 26 17 7
24 0 47 1
24 1 103 1
24 5 8 1
24 6 1 14
24 8 16 1
24 9 1 11
24 11 106 1
24 16 4 3
24 17 1 25
24 18 18 5
24 21 11 1
24 23 1 18
24 25 40 7
25 0 87 1
25 3 63 1
25 4 3 13
25 7 1 5
25 11 92 29
25 27 4 29
26 2 1 2
26 18 34 3
26 24 37 3
26 25 12 28
26 27 15 12
27 1 31 3
27 7 170 3
27 11 9 14
27 12 18 3
27 13 15 2
27 15 8 15
27 16 6 18
27 18 1 24
27 23 1 15
27 24 35 19
