0 1 49 23
0 2 255 1
0 3 16 24
0 4 1 1
0 5 14 8
0 7 144 1
0 8 15 7
0 11 1 2
0 16 142 14
0 17 3 7
0 18 1 23
0 19 87 1
0 20 5 18
0 24 33 18
0 25 2 6
0 26 6 9
0 27 1 7
1 0 47 18
1 2 67 1
1 3 33 19
1 4 4 19
1 5 99 29
1 6 91 26
1 7 36 13
1 8 38 21
1 9 84 2
1 11 3 2
1 16 15 29
1 17 57 1
1 19 1 24
1 20 1 11
1 21 64 1
1 23 63 4
1 24 15 15
2 0 88 1
2 1 9 1
2 3 132 1
2 5 3 17
2 6 1 10
2 8 18 1
2 9 1 12
2 10 1 27
2 11 8 25
2 15 7 6
2 19 20 1
2 20 161 2
2 24 35 2
2 26 1 11
2 27 25 13
3 0 172 11
3 1 12 10
3 2 22 12
3 5 14 15
3 6 3 16
3 7 6 13
3 8 32 14
3 10 213 1
3 11 68 1
3 16 93 2
3 17 77 2
3 20 2 16
3 24 33 9
4 0 309 1
4 1 417 1
4 5 96 19
4 6 2 22
4 7 2 15
4 8 4 10
4 9 1 8
4 13 66 28
4 14 38 22
4 16 2 7
4 18 8 26
4 19 1 13
4 20 1 3
4 24 68 1
4 27 60 2
5 0 62 17
5 1 14 20
5 2 1 2
5 3 53 16
5 4 45 22
5 6 141 20
5 8 235 26
5 9 194 3
5 10 1 24
5 11 24 1
5 16 51 3
5 17 38 3
5 20 5 2
5 24 57 14
5 25 1 18
6 0 11 1
6 1 94 11
6 2 6 2
6 3 3 4
6 4 33 1
6 5 21 23
6 7 225 1
6 8 24 14
6 9 53 1
6 10 7 1
6 11 10 11
6 12 9 6
6 14 46 1
6 15 78 1
6 17 2 28
6 18 24 2
6 21 1 20
6 24 93 17
7 0 19 1
7 1 3 27
7 3 4 9
7 4 1 16
7 5 1 1
7 8 18 12
7 9 253 2
7 10 163 1
7 11 256 1
7 12 14 5
7 14 63 2
7 18 112 2
7 21 53 5
7 24 27 1
7 25 320 2
7 26 2 14
8 0 15 7
8 1 12 4
8 2 85 1
8 3 37 28
8 4 63 1
8 5 14 16
8 6 250 4
8 7 5 11
8 9 145 1
8 10 310 1
8 12 44 27
8 13 157 1
8 14 2 21
8 15 1 8
8 16 15 20
8 17 100 1
8 18 1 12
8 23 1 24
8 24 15 29
8 25 97 2
9 1 84 1
9 3 4 7
9 5 47 10
9 6 14 8
9 8 21 1
9 10 356 20
9 12 378 1
9 13 33 6
9 14 1 2
9 15 31 19
9 16 1 22
9 18 7 19
9 21 40 9
9 25 80 18
9 26 1 20
10 0 1 29
10 1 18 1
10 2 267 1
10 3 200 1
10 4 2 16
10 5 5 23
10 6 283 1
10 7 125 1
10 8 16 1
10 9 10 29
10 12 237 1
10 13 57 11
10 14 3 27
10 15 174 1
10 17 251 1
10 18 2 11
10 20 216 11
10 21 3 22
10 23 1 21
10 24 87 1
10 25 100 1
11 0 1 3
11 1 1 11
11 2 1 27
11 3 1 7
11 4 1 2
11 6 7 9
11 7 6 8
11 8 399 17
11 9 1 16
11 10 164 1
11 13 31 2
11 14 309 1
11 15 2 19
11 17 231 22
11 19 3 11
11 20 1 5
11 23 2 9
11 24 137 1
11 25 112 13
12 0 1 20
12 1 95 1
12 3 55 20
12 6 5 10
12 8 15 27
12 9 4 5
12 10 10 29
12 11 12 20
12 13 50 22
12 14 1 19
12 15 2 2
12 21 24 2
12 22 1 2
12 27 58 18
13 2 6 24
13 4 2 21
13 10 2 27
13 12 1 28
13 21 1 22
14 1 4 14
14 2 38 25
14 6 2 29
14 7 1 16
14 8 207 1
14 10 244 1
14 11 6 18
14 12 1 2
14 15 16 26
14 17 66 6
15 1 33 1
15 4 1 5
15 6 18 13
15 7 345 1
15 8 23 18
15 10 122 1
15 11 101 1
15 14 5 1
15 21 15 3
15 23 6 2
15 25 17 1
16 0 35 21
16 1 14 8
16 3 30 29
16 4 20 1
16 5 32 9
16 6 2 10
16 8 75 7
16 13 32 1
16 17 2 5
16 19 16 1
16 23 1 8
16 24 36 27
17 0 1 24
17 1 7 8
17 2 231 1
17 3 1 22
17 4 1 15
17 7 4 13
17 8 27 3
17 11 13 16
17 13 1 1
17 16 282 1
17 20 14 6
17 25 1 12
17 26 2 26
18 0 12 1
18 1 249 1
18 4 140 1
18 5 3 1
18 6 137 1
18 9 8 1
18 14 6 3
18 16 97 1
18 17 6 15
18 25 44 10
19 0 1 25
19 1 17 24
19 3 2 10
19 4 4 28
19 7 55 2
19 11 77 1
19 17 26 27
19 20 6 1
19 25 15 7
20 1 133 1
20 2 1 24
20 3 219 26
20 6 1 4
20 9 33 1
20 10 5 8
20 11 75 2
20 12 1 18
20 13 1 27
20 14 14 27
20 16 21 1
20 19 114 1
21 10 1 23
21 15 1 24
21 16 28 1
22 4 22 19
22 5 1 26
22 6 1 25
22 7 95 2
22 8 4 26
22 9 1 2
22 11 12 22
22 12 84 1
22 23 14 16
22 24 2 5
22 26 8 17
23 1 29 20
23 2 17 25
23 9 1 28
23 10 5 22
23 15 30 15
23 19 8 11
23 20 55 24
23 24 15 1
24 0 52 8
24 1 142 6
24 3 55 21
24 5 15 11
24 7 25 23
24 8 14 9
24 10 101 1
24 11 127 1
24 14 5 22
24 16 14 10
24 25 35 3
24 26 54 11
24 27 1 5
25 0 78 23
25 4 3 16
25 5 3 11
25 6 1 23
25 7 109 20
25 8 1 17
25 11 3 16
25 12 52 9
25 20 61 1
25 27 1 12
26 4 1 20
26 8 24 1
26 19 7 19
26 25 1 7
27 0 1 17
27 3 8 5
27 6 13 4
27 7 155 1
27 8 48 1
27 9 60 1
27 11 5 17
27 15 1 24
27 16 1 1
27 20 1 13
27 26 1 1
