0 1 12 14
0 2 252 1
0 3 33 22
0 4 1 28
0 5 94 20
0 6 4 29
0 7 140 1
0 8 31 2
0 11 107 4
0 14 12 3
0 16 30 9
0 17 8 5
0 19 83 1
0 20 1 1
0 24 12 3
0 25 1 7
0 26 5 20
1 0 65 18
1 2 3 7
1 3 90 12
1 4 12 1
1 5 12 24
1 6 158 1
1 7 2 10
1 8 197 4
1 9 82 1
1 16 13 13
1 17 52 1
1 18 76 1
1 20 2 9
1 21 64 1
1 24 87 6
2 0 131 1
2 1 6 1
2 3 117 1
2 5 1 23
2 6 22 26
2 7 7 10
2 8 14 1
2 9 11 9
2 11 3 7
2 12 1 23
2 16 60 4
2 20 160 12
2 21 13 10
2 24 1 15
2 27 1 10
3 0 148 17
3 1 104 2
3 2 5 20
3 5 55 24
3 6 3 3
3 7 2 4
3 8 33 24
3 10 211 1
3 11 65 1
3 14 56 8
3 16 11 12
3 18 78 26
3 20 1 13
3 21 1 4
3 24 12 23
4 0 306 1
4 1 86 1
4 2 1 1
4 5 79 1
4 6 2 18
4 8 8 11
4 10 23 1
4 12 3 14
4 15 2 5
4 16 1 19
4 17 1 23
4 18 10 3
4 20 2 28
4 22 76 29
4 25 78 7
4 27 60 1
5 0 46 19
5 1 30 15
5 2 1 26
5 3 12 7
5 4 181 1
5 6 30 19
5 8 291 23
5 9 198 21
5 10 9 28
5 11 23 1
5 12 35 4
5 16 63 20
5 17 37 21
5 18 114 10
5 19 1 10
5 22 1 3
5 24 12 24
5 25 8 3
6 1 4 13
6 2 5 19
6 3 4 14
6 4 24 1
6 5 31 12
6 7 218 1
6 8 85 1
6 9 90 1
6 10 5 23
6 11 1 8
6 12 1 6
6 13 90 11
6 14 25 15
6 15 77 7
6 16 4 20
6 17 2 14
6 18 24 1
6 21 2 19
6 26 81 24
6 27 41 7
7 0 17 25
7 1 135 6
7 2 1 16
7 3 10 26
7 4 1 20
7 5 1 20
7 6 1 26
7 8 19 1
7 9 251 9
7 11 218 1
7 14 61 16
7 17 254 26
7 22 154 23
7 24 25 10
7 25 318 1
8 0 62 27
8 1 10 28
8 2 76 1
8 3 136 24
8 4 60 1
8 5 115 13
8 6 305 24
8 7 79 29
8 9 139 1
8 10 283 1
8 12 1 9
8 13 155 29
8 14 79 3
8 15 9 10
8 16 11 17
8 17 98 13
8 18 4 27
8 20 96 25
8 21 3 29
8 24 38 13
8 27 2 7
9 1 81 1
9 5 312 1
9 6 10 26
9 8 19 1
9 10 12 13
9 12 373 1
9 14 1 28
9 17 13 8
9 18 4 16
9 20 25 16
9 23 42 13
9 26 1 12
10 1 299 1
10 2 264 1
10 3 197 27
10 4 4 13
10 5 114 9
10 6 274 1
10 7 121 1
10 8 54 1
10 9 19 23
10 12 234 29
10 13 22 20
10 14 6 3
10 15 171 8
10 16 103 21
10 18 1 24
10 24 85 24
10 27 1 3
11 0 2 16
11 1 57 29
11 2 3 2
11 3 1 16
11 5 145 25
11 6 8 12
11 7 10 11
11 8 2 14
11 9 2 25
11 10 157 1
11 13 30 1
11 14 305 1
11 15 15 14
11 24 132 1
11 25 32 1
11 26 2 22
12 0 1 29
12 1 94 1
12 2 5 1
12 4 1 17
12 5 106 13
12 6 1 7
12 7 1 2
12 8 7 12
12 9 9 12
12 17 8 4
12 24 47 28
12 27 3 13
13 5 1 29
13 7 1 14
13 8 19 24
13 10 1 12
13 12 26 8
13 14 1 21
13 17 1 14
14 6 1 1
14 8 205 8
14 10 233 1
14 11 1 3
14 12 2 29
14 13 1 20
14 15 1 14
14 25 3 16
15 3 42 5
15 5 39 14
15 7 342 1
15 8 85 17
15 9 6 25
15 10 118 1
15 11 88 2
15 12 36 4
15 13 5 17
15 14 1 1
15 17 1 2
15 21 16 15
15 24 8 3
15 27 28 21
16 0 39 3
16 1 117 20
16 3 50 20
16 5 32 13
16 8 12 20
16 14 8 9
16 17 1 24
16 24 73 16
17 0 2 29
17 1 13 12
17 2 230 4
17 4 13 8
17 8 26 7
17 10 99 1
17 11 2 7
17 13 3 29
17 15 74 26
17 16 279 1
17 18 9 24
17 20 1 10
17 25 1 17
18 2 1 5
18 4 135 1
18 10 4 24
18 11 4 15
18 12 24 24
18 14 5 8
18 16 94 4
18 17 1 18
18 20 1 9
18 21 33 21
18 26 19 15
18 27 2 2
19 0 53 7
19 2 1 11
19 3 13 29
19 5 2 6
19 6 10 19
19 7 54 23
19 8 31 1
19 9 2 1
19 12 17 1
19 16 31 11
19 20 1 1
19 24 8 5
20 1 131 10
20 2 73 29
20 8 1 18
20 10 2 21
20 11 74 12
20 13 58 7
20 15 7 12
20 19 105 1
20 23 52 1
20 24 38 14
20 26 1 5
21 10 1 21
21 16 27 25
21 17 44 1
22 0 45 19
22 8 4 11
22 9 1 23
22 12 83 1
22 14 7 24
22 20 6 26
22 21 20 1
23 7 1 13
23 8 63 1
23 10 10 12
23 11 78 10
23 13 1 3
23 15 1 19
23 22 9 18
23 25 6 5
24 0 12 8
24 1 34 16
24 3 12 27
24 4 28 25
24 5 27 21
24 6 1 28
24 7 34 21
24 8 55 2
24 10 99 15
24 11 122 1
24 16 12 29
24 23 1 8
24 25 34 6
24 26 1 20
25 7 1 16
25 10 178 1
25 11 63 29
25 15 1 14
25 18 2 12
25 27 21 13
26 9 1 8
26 11 169 12
26 21 1 15
26 25 8 28
26 27 51 7
27 5 3 27
27 11 1 28
27 13 14 14
27 20 3 25
27 23 2 26
