0 1 13 29
0 2 78 1
0 3 34 29
0 4 256 1
0 5 14 29
0 6 5 8
0 7 24 19
0 8 15 21
0 9 7 13
0 10 48 2
0 15 1 24
0 16 28 4
0 17 116 1
0 19 6 3
0 24 15 25
0 25 85 18
1 0 13 21
1 2 16 28
1 3 56 5
1 4 6 20
1 5 14 29
1 6 180 17
1 8 26 11
1 9 238 21
1 11 3 13
1 12 82 1
1 16 26 2
1 17 7 24
1 18 186 9
1 19 3 22
1 22 1 13
1 24 31 26
1 27 4 10
2 1 7 17
2 3 3 1
2 6 1 14
2 7 16 1
2 8 2 22
2 10 132 1
2 12 58 1
2 17 1 11
2 18 3 28
2 20 17 3
3 0 14 13
3 1 16 2
3 2 7 29
3 4 7 21
3 5 14 8
3 6 1 28
3 7 171 1
3 8 245 1
3 10 185 2
3 11 11 12
3 16 15 13
3 17 1 12
3 21 18 6
3 24 15 1
4 0 42 1
4 1 35 17
4 2 96 1
4 5 2 7
4 6 360 8
4 9 178 1
4 10 242 2
4 14 1 13
4 15 1 26
4 16 2 28
4 17 1 2
4 18 2 17
4 20 61 5
4 24 1 26
5 0 15 27
5 1 22 4
5 3 53 26
5 4 2 3
5 6 258 4
5 7 135 1
5 8 19 10
5 9 13 1
5 10 46 1
5 12 144 3
5 15 1 4
5 16 14 6
5 17 102 3
5 19 1 18
5 24 32 15
6 0 23 1
6 1 61 4
6 4 8 29
6 5 3 18
6 7 2 3
6 8 7 27
6 9 132 1
6 10 166 1
6 12 7 1
6 14 121 1
6 20 4 25
6 22 73 2
7 1 315 4
7 2 2 4
7 3 82 1
7 5 13 5
7 6 190 1
7 8 185 1
7 10 8 2
7 11 1 24
7 12 1 8
7 13 13 3
7 15 20 2
7 18 30 4
7 23 42 2
7 25 217 1
7 27 1 8
8 0 21 2
8 1 28 6
8 2 6 6
8 3 14 15
8 4 213 1
8 5 56 24
8 6 180 1
8 7 258 1
8 9 398 1
8 10 5 10
8 11 12 29
8 16 32 8
8 24 14 9
8 25 21 9
9 1 109 1
9 2 1 22
9 3 5 2
9 5 19 3
9 6 57 1
9 7 1 9
9 8 2 27
9 10 335 1
9 11 234 2
9 12 2 28
9 13 73 6
9 14 15 2
9 15 1 8
9 17 6 25
9 18 135 1
10 5 2 3
10 6 3 17
10 7 4 27
10 8 6 24
10 12 130 1
10 13 4 10
10 14 2 6
10 15 34 1
10 16 2 28
10 17 37 3
10 18 63 2
10 19 40 4
10 20 1 21
10 23 35 1
10 26 1 5
10 27 64 5
11 0 1 16
11 1 220 1
11 2 36 3
11 5 1 12
11 6 293 2
11 7 96 1
11 8 3 24
11 10 144 1
11 13 12 25
11 14 34 1
11 15 96 1
11 18 1 16
11 20 1 10
11 21 26 3
11 23 4 19
11 24 60 1
11 25 2 28
11 26 1 1
11 27 184 5
12 1 1 19
12 4 1 10
12 5 1 15
12 6 172 1
12 7 102 4
12 8 24 23
12 9 1 11
12 10 3 8
12 13 4 1
12 14 1 7
12 22 22 1
12 23 64 1
12 25 50 1
12 27 34 8
13 0 1 15
13 1 1 28
13 4 1 24
13 7 82 2
13 8 4 13
13 10 4 11
13 12 1 5
13 14 14 1
13 22 1 21
13 26 3 8
13 27 1 3
14 4 59 1
14 8 28 8
14 9 6 22
14 10 1 13
14 11 25 2
14 15 14 1
14 19 12 4
14 25 1 3
15 3 1 24
15 4 3 12
15 7 1 2
15 9 1 24
15 14 1 9
15 23 5 4
16 0 15 21
16 1 14 20
16 3 15 25
16 5 14 2
16 8 15 25
16 17 1 21
16 18 134 1
16 21 1 26
16 24 48 29
17 0 250 2
17 1 194 1
17 2 2 17
17 3 3 19
17 4 247 4
17 8 3 8
17 10 5 2
17 11 57 28
17 16 2 22
17 26 1 29
18 1 61 1
18 3 44 2
18 4 10 17
18 7 87 2
18 8 130 4
18 10 129 3
18 13 29 9
18 16 21 20
18 19 1 10
18 26 26 25
19 0 1 8
19 3 5 15
19 4 1 7
19 9 59 5
19 12 1 13
19 20 10 2
20 0 1 14
20 1 12 1
20 2 1 15
20 3 11 2
20 8 20 1
20 13 1 19
20 17 19 1
20 19 6 17
20 24 3 23
21 8 52 1
21 9 1 12
21 26 13 13
22 6 1 11
22 8 3 2
22 10 1 16
22 11 1 29
23 7 93 1
23 10 3 17
23 11 196 1
23 14 5 6
23 20 3 1
23 22 8 1
24 0 51 2
24 1 38 6
24 2 3 4
24 3 14 2
24 5 31 26
24 6 1 10
24 8 20 23
24 11 4 1
24 16 14 29
24 21 12 25
24 23 46 1
24 25 29 5
24 27 16 22
25 0 1 14
25 5 15 1
25 10 151 2
25 11 398 1
25 20 30 1
25 27 2 24
26 17 43 2
27 0 1 4
27 3 1 28
27 4 1 11
27 7 132 1
27 8 2 16
27 24 16 11
27 26 11 3
