0 1 22 6
0 2 73 1
0 3 22 27
0 4 252 1
0 5 44 4
0 6 16 23
0 7 1 23
0 8 28 10
0 13 23 2
0 15 3 23
0 16 66 18
0 17 113 1
0 18 2 14
0 19 1 18
0 23 5 5
0 24 14 27
0 27 28 29
1 0 56 29
1 2 65 17
1 3 61 4
1 4 3 18
1 5 14 10
1 7 3 5
1 8 60 17
1 10 280 3
1 16 14 24
1 17 3 17
1 18 2 4
1 22 2 11
1 24 17 7
1 26 18 4
2 1 2 2
2 6 1 2
2 7 13 2
2 8 7 24
2 10 127 1
2 11 200 2
2 20 16 1
2 25 1 9
2 27 1 9
3 0 14 5
3 1 15 19
3 2 18 4
3 4 9 28
3 5 50 14
3 6 129 8
3 7 156 1
3 8 51 13
3 11 1 5
3 15 4 17
3 16 14 13
3 20 43 1
3 21 18 4
3 24 30 24
4 0 38 1
4 1 3 13
4 2 92 1
4 3 1 4
4 5 2 7
4 6 73 1
4 7 116 1
4 8 357 1
4 9 170 1
4 10 239 1
4 16 1 26
4 18 10 6
4 23 24 2
5 0 14 10
5 1 14 7
5 3 30 18
5 4 5 19
5 6 68 10
5 7 130 2
5 8 11 6
5 9 329 1
5 10 41 1
5 11 4 2
5 12 142 2
5 16 28 6
5 20 78 1
5 22 7 27
5 24 39 29
6 1 13 27
6 2 10 2
6 4 4 28
6 5 5 28
6 7 42 16
6 8 12 2
6 9 113 1
6 10 154 1
6 11 2 10
6 12 5 2
6 14 119 1
6 20 4 15
6 27 42 4
7 0 5 1
7 3 70 1
7 4 241 2
7 5 1 8
7 6 180 1
7 8 170 1
7 9 24 27
7 10 6 2
7 11 2 20
7 13 12 1
7 14 146 2
7 19 1 12
7 20 121 1
8 0 23 11
8 1 72 9
8 2 17 13
8 3 30 14
8 4 206 1
8 5 61 2
8 6 372 4
8 7 237 1
8 9 393 1
8 10 5 16
8 11 6 19
8 14 198 1
8 15 162 4
8 16 14 5
8 20 4 16
8 22 72 6
8 24 87 22
9 0 2 4
9 1 105 1
9 2 1 28
9 4 1 27
9 5 4 9
9 6 44 1
9 8 4 23
9 10 163 1
9 12 2 21
9 13 72 6
9 15 1 1
9 16 1 9
9 23 1 14
10 1 242 1
10 2 1 27
10 4 280 9
10 5 1 25
10 6 1 3
10 7 3 7
10 8 350 7
10 11 1 24
10 12 126 1
10 14 4 11
10 15 30 2
10 17 36 1
10 18 62 1
10 22 14 1
10 24 3 19
10 25 163 3
10 26 1 1
11 0 2 15
11 2 34 1
11 7 44 3
11 8 2 22
11 9 10 4
11 10 394 1
11 13 1 1
11 14 29 2
11 15 78 1
11 16 3 1
11 20 2 7
11 21 26 1
11 22 1 11
11 23 36 10
11 24 54 1
11 25 7 15
11 27 183 1
12 1 2 3
12 2 74 8
12 4 1 27
12 6 169 1
12 8 1 1
12 9 2 17
12 10 2 7
12 11 2 28
12 13 160 18
12 16 69 10
12 17 116 17
12 20 39 4
12 22 20 2
12 26 1 7
13 3 21 14
13 7 80 1
13 8 7 1
13 10 1 4
13 12 1 25
13 23 1 25
14 0 41 7
14 3 22 10
14 5 28 1
14 6 1 29
14 8 1 15
14 9 2 13
14 10 17 1
14 11 21 1
14 12 107 1
14 13 1 6
14 15 11 1
14 17 73 22
14 18 1 1
15 0 82 11
15 1 2 24
15 4 1 4
15 5 1 5
15 6 112 5
15 7 1 16
15 11 1 12
15 12 1 5
15 14 1 3
15 23 4 6
15 24 2 9
16 0 27 24
16 1 13 24
16 2 48 1
16 3 35 11
16 5 34 28
16 8 14 14
16 11 36 25
16 17 1 11
16 18 128 1
16 24 26 24
17 0 249 2
17 1 183 1
17 2 1 17
17 3 1 7
17 4 246 1
17 6 233 2
17 8 3 25
17 10 131 26
17 13 55 2
17 16 2 25
17 18 41 2
17 20 60 1
17 21 1 4
17 26 25 26
18 0 101 26
18 2 2 20
18 4 5 21
18 8 8 18
18 10 128 3
18 16 4 1
18 20 23 13
18 25 1 19
19 0 1 16
19 1 1 28
19 2 1 29
19 16 1 24
19 20 6 1
20 1 11 1
20 2 1 21
20 3 9 3
20 5 33 2
20 6 115 1
20 8 18 4
20 10 143 3
20 13 45 6
20 17 18 2
20 19 1 22
20 23 1 1
20 24 1 20
21 4 13 2
21 5 22 1
21 11 53 1
21 25 8 17
22 6 2 21
22 7 65 7
22 8 3 4
22 12 7 22
22 23 4 4
23 4 7 12
23 7 91 2
23 10 1 7
23 11 195 2
23 14 5 1
23 24 2 26
24 0 37 14
24 1 91 28
24 3 63 5
24 5 14 29
24 6 2 17
24 8 30 28
24 11 3 1
24 16 27 18
24 17 1 23
24 22 1 8
24 27 1 11
25 1 1 21
25 2 3 3
25 7 248 21
25 8 37 2
25 9 1 13
25 10 149 3
25 11 390 1
25 27 2 1
26 1 2 29
26 6 19 15
26 8 1 1
26 10 77 8
26 11 73 3
26 14 1 5
26 24 7 1
26 27 1 29
27 3 1 12
27 7 130 2
27 11 139 1
27 12 1 3
27 18 28 15
27 25 1 15
27 26 9 1
