0 1 270 1
0 3 443 1
0 4 219 1
0 5 199 1
0 6 2 28
0 7 1 14
0 8 248 14
0 9 155 26
0 11 1 26
0 12 1 7
0 14 40 1
0 15 57 18
0 16 159 1
0 17 81 2
0 18 2 14
0 19 19 11
0 20 230 19
0 23 1 6
0 24 77 1
0 26 8 14
1 0 119 1
1 2 2 15
1 3 49 1
1 4 13 24
1 5 5 1
1 6 175 1
1 7 308 2
1 8 7 7
1 10 262 1
1 12 66 4
1 16 65 1
1 17 7 16
1 20 187 1
1 24 30 1
2 0 1 18
2 1 7 1
2 3 3 21
2 6 1 11
2 8 15 28
2 10 83 1
2 15 12 4
2 17 1 19
2 18 6 8
2 20 7 3
2 21 13 24
3 0 151 1
3 1 6 3
3 2 6 11
3 4 1 25
3 5 65 1
3 6 6 9
3 7 55 1
3 8 196 1
3 10 158 1
3 11 1 5
3 16 31 10
3 17 15 14
3 24 130 1
3 25 31 25
3 27 35 4
4 1 23 1
4 2 60 1
4 5 5 1
4 6 48 1
4 7 92 2
4 8 314 1
4 9 103 1
4 10 212 1
4 11 1 20
4 14 59 10
4 15 4 8
4 16 134 6
4 18 2 2
4 20 50 4
5 0 9 10
5 1 4 23
5 3 194 1
5 4 35 4
5 6 50 1
5 7 96 2
5 8 165 1
5 9 96 1
5 14 1 1
5 16 109 1
5 17 88 2
5 22 8 2
5 25 2 18
6 1 62 1
6 4 3 3
6 5 28 12
6 7 40 14
6 8 31 21
6 9 178 1
6 10 62 1
6 17 2 5
6 18 165 1
6 20 1 14
6 25 4 1
7 2 7 3
7 4 236 1
7 5 1 9
7 6 104 1
7 8 345 1
7 9 3 2
7 11 24 17
7 14 120 1
7 16 1 14
7 18 22 3
7 20 99 1
7 22 17 3
7 23 27 3
7 24 204 2
7 25 175 1
7 27 9 17
8 0 262 1
8 1 229 1
8 2 4 27
8 3 38 15
8 4 145 1
8 5 38 26
8 6 359 1
8 7 182 1
8 9 338 1
8 10 61 25
8 11 1 15
8 13 67 1
8 14 165 2
8 16 21 3
8 18 6 9
8 20 174 10
8 22 64 1
8 24 75 1
8 25 2 21
9 1 70 2
9 4 323 3
9 5 23 1
9 6 172 1
9 10 57 1
9 11 205 1
9 12 1 13
9 17 1 17
9 23 3 21
9 24 5 1
10 1 213 2
10 2 1 3
10 4 1 1
10 5 1 29
10 6 2 29
10 7 382 2
10 8 28 5
10 9 306 1
10 11 168 1
10 12 91 2
10 13 1 19
10 16 88 8
10 17 25 4
10 18 51 2
10 19 33 6
10 20 3 12
10 23 22 1
10 24 1 17
10 27 54 2
11 0 1 12
11 2 16 1
11 3 1 6
11 6 267 1
11 7 30 1
11 8 2 17
11 10 345 1
11 13 12 28
11 19 47 6
11 22 25 18
11 23 1 21
11 24 15 2
11 27 170 1
12 0 1 16
12 2 71 1
12 4 1 14
12 6 140 1
12 8 25 27
12 9 1 23
12 11 2 13
12 13 150 2
12 14 8 3
12 15 19 6
12 17 115 20
12 19 1 15
12 23 57 2
12 24 43 14
12 27 1 17
13 4 7 26
13 7 66 3
13 8 1 24
13 10 1 28
13 11 1 15
13 12 1 8
13 14 28 23
13 17 1 20
13 22 1 27
13 23 4 26
14 2 2 2
14 7 1 5
14 8 1 13
14 10 329 1
14 11 1 5
14 12 92 1
14 13 1 29
14 16 21 28
14 20 46 1
14 22 27 8
14 23 1 18
14 25 1 19
15 1 12 20
15 3 1 28
15 7 91 20
15 10 2 13
15 11 21 28
15 13 6 6
15 14 7 18
16 0 16 1
16 1 56 1
16 3 217 1
16 5 95 2
16 8 6 1
16 17 1 29
16 18 79 2
16 21 14 26
16 24 118 1
17 0 232 2
17 1 94 1
17 2 2 4
17 4 229 2
17 7 2 28
17 10 1 27
17 11 6 22
17 16 12 27
17 18 28 1
17 25 7 5
18 0 4 26
18 1 40 2
18 3 38 6
18 4 2 25
18 7 1 1
18 8 2 14
18 11 110 8
18 19 1 8
19 0 7 9
19 1 4 22
19 6 84 2
19 8 2 27
19 10 48 7
19 11 5 10
19 20 1 21
19 27 10 3
20 0 2 3
20 2 1 22
20 3 1 2
20 5 28 2
20 6 104 2
20 7 1 24
20 8 9 6
20 9 65 4
20 10 135 1
20 19 7 17
20 27 2 17
21 6 57 1
21 12 1 24
21 27 11 1
22 0 11 6
22 4 1 20
22 11 1 13
22 14 25 4
22 21 12 2
22 24 1 18
23 1 20 8
23 3 1 29
23 6 1 11
23 10 3 24
23 11 178 1
24 0 133 1
24 1 168 1
24 2 3 14
24 3 61 1
24 4 19 2
24 5 23 1
24 8 26 1
24 10 157 1
24 11 2 11
24 15 1 4
24 16 29 1
24 17 4 22
24 25 25 1
25 0 1 18
25 1 86 21
25 9 79 11
25 10 131 1
25 11 296 1
25 17 55 1
25 27 1 23
26 5 15 2
26 6 16 15
26 11 62 1
26 20 48 1
26 24 3 1
26 27 1 20
27 0 34 9
27 1 1 21
27 8 3 18
27 10 50 1
27 11 116 2
27 17 3 13
27 22 9 7
