0 1 145 1
0 2 28 1
0 3 338 1
0 5 19 2
0 7 1 14
0 8 23 1
0 12 2 17
0 14 39 1
0 16 126 1
0 17 75 1
0 18 2 25
0 19 24 8
0 20 27 3
0 24 109 1
1 0 119 1
1 2 30 17
1 3 26 22
1 4 47 18
1 5 296 1
1 6 39 1
1 7 304 2
1 8 35 1
1 12 63 3
1 14 3 1
1 15 49 6
1 16 85 1
1 17 3 13
1 18 180 2
1 19 1 29
1 20 186 1
1 22 2 23
1 24 50 1
1 26 15 14
2 0 1 15
2 1 215 1
2 3 32 18
2 4 4 3
2 6 9 29
2 8 4 21
2 9 11 11
2 10 74 1
2 12 50 2
2 13 1 6
2 17 8 13
2 19 20 9
3 0 386 1
3 1 398 1
3 2 10 10
3 5 121 1
3 7 37 1
3 8 348 1
3 10 152 1
3 11 26 8
3 13 1 22
3 16 11 15
3 17 2 28
3 24 47 1
3 25 1 19
4 1 28 1
4 2 53 1
4 3 6 12
4 5 30 1
4 6 28 1
4 7 87 1
4 8 303 1
4 9 90 1
4 10 205 2
4 12 160 1
4 13 2 27
4 14 6 25
4 16 7 1
4 18 2 23
4 20 48 1
5 0 43 1
5 1 12 21
5 3 86 1
5 4 2 18
5 6 82 1
5 7 89 1
5 8 138 1
5 9 57 1
5 12 119 1
5 16 48 4
5 18 1 2
5 22 3 14
5 24 109 1
5 25 2 25
6 1 22 7
6 4 2 18
6 5 12 28
6 7 140 11
6 8 16 8
6 9 146 1
6 10 47 1
6 11 1 18
6 14 97 1
6 15 89 20
6 17 1 17
6 19 95 1
6 22 68 3
6 24 1 8
7 1 289 2
7 2 1 2
7 6 90 1
7 8 304 1
7 9 1 8
7 11 9 7
7 14 114 2
7 19 1 5
7 20 94 1
7 23 24 4
7 24 4 1
7 25 166 1
8 0 73 1
8 1 35 1
8 2 1 2
8 3 48 1
8 4 132 1
8 5 90 1
8 6 260 1
8 7 140 1
8 9 323 1
8 10 13 17
8 11 2 7
8 13 63 1
8 14 157 2
8 15 151 1
8 16 48 1
8 22 62 1
8 24 49 1
8 25 3 16
8 26 87 21
9 1 63 1
9 4 15 1
9 5 141 1
9 6 140 1
9 7 17 7
9 10 209 1
9 11 199 1
9 12 1 27
9 14 2 5
9 15 76 10
9 21 1 18
9 22 2 11
10 1 206 1
10 2 11 18
10 5 3 17
10 6 2 14
10 7 6 1
10 8 127 17
10 9 287 14
10 11 321 1
10 12 84 1
10 13 35 25
10 14 1 11
10 24 26 22
10 27 52 1
11 0 6 27
11 1 197 1
11 4 2 22
11 5 4 10
11 6 260 1
11 7 6 1
11 8 14 17
11 10 325 1
11 13 3 19
11 14 1 1
11 15 1 23
11 17 147 1
11 20 87 11
11 23 3 2
11 25 1 23
11 27 166 1
12 0 9 12
12 1 6 18
12 4 1 4
12 5 1 19
12 6 134 1
12 7 86 1
12 9 6 1
12 10 38 8
12 11 3 9
12 13 145 2
12 15 18 1
12 18 35 1
12 19 46 25
12 22 10 4
12 23 56 6
12 24 1 4
13 2 2 20
13 3 2 13
13 6 22 1
13 7 63 4
13 8 1 24
13 11 1 17
13 12 1 10
13 14 24 3
13 17 1 29
14 0 35 2
14 1 2 20
14 3 17 1
14 6 5 7
14 8 228 2
14 10 305 1
14 25 2 23
14 26 1 18
15 1 1 4
15 3 1 3
15 4 3 1
15 8 1 3
15 10 3 28
15 11 20 2
15 14 1 12
15 16 2 29
15 17 3 3
15 18 1 25
15 20 1 6
16 0 77 1
16 1 72 1
16 3 116 1
16 5 73 1
16 8 79 18
16 11 37 15
16 17 2 16
16 18 69 1
16 24 39 1
17 1 77 1
17 2 1 23
17 3 1 1
17 4 225 2
17 6 208 1
17 7 2 2
17 10 1 10
17 18 25 4
18 1 36 3
18 4 3 10
18 5 1 20
18 9 131 2
18 10 120 2
18 16 1 27
18 17 154 3
19 0 1 29
19 1 16 25
19 3 37 17
19 20 1 25
20 0 1 6
20 5 27 1
20 6 101 3
20 7 1 13
20 8 8 2
20 9 63 6
20 19 2 1
21 4 10 1
21 8 47 1
21 9 1 3
21 10 3 26
21 15 1 8
22 2 8 1
22 8 5 11
22 16 20 2
22 19 4 17
22 24 1 19
23 3 11 18
23 6 2 14
23 7 71 3
23 10 3 9
23 11 173 1
24 0 35 6
24 1 94 1
24 2 2 2
24 3 43 1
24 4 19 1
24 5 5 2
24 7 2 21
24 8 87 1
24 10 155 1
24 11 2 17
24 12 2 1
24 16 66 3
24 18 19 9
24 22 1 13
24 23 39 1
24 25 24 1
24 26 3 27
24 27 1 4
25 7 2 4
25 8 21 1
25 9 79 2
25 10 126 2
25 11 269 1
25 12 1 20
25 15 26 1
25 20 24 1
25 27 10 15
26 9 51 2
26 14 2 3
27 3 1 20
27 6 2 1
27 12 2 7
27 18 29 19
27 24 12 3
27 25 13 2
