0 1 5 15
0 3 8 2
0 4 188 1
0 5 10 9
0 7 1 28
0 8 13 1
0 9 156 2
0 10 21 1
0 14 35 9
0 15 1 9
0 16 18 10
0 17 58 1
0 19 7 10
0 20 229 1
0 24 10 11
1 0 6 17
1 3 10 12
1 4 18 25
1 5 12 26
1 6 9 1
1 7 292 1
1 8 27 10
1 9 237 16
1 10 242 2
1 12 56 1
1 16 15 11
1 17 53 2
1 18 174 1
1 19 1 18
1 24 12 21
2 0 2 3
2 1 194 1
2 3 101 9
2 5 68 24
2 6 10 5
2 8 3 6
2 10 52 1
2 11 173 1
2 17 3 9
2 22 1 15
3 0 7 13
3 1 12 16
3 5 11 4
3 6 16 14
3 7 69 1
3 8 339 24
3 10 135 1
3 11 2 24
3 14 1 15
3 15 1 21
3 16 15 27
3 20 10 1
3 23 1 14
3 24 10 4
4 0 3 6
4 1 13 1
4 3 1 17
4 5 10 1
4 6 16 1
4 7 74 1
4 8 272 1
4 9 58 1
4 10 188 1
4 14 2 14
4 17 56 24
4 18 2 25
4 19 1 17
4 25 1 19
4 27 34 16
5 0 10 24
5 1 10 28
5 2 57 1
5 3 9 10
5 4 62 21
5 6 3 13
5 7 70 1
5 8 33 17
5 9 1 1
5 16 23 24
5 17 78 2
5 24 9 23
5 25 2 6
6 1 433 1
6 2 1 26
6 3 2 7
6 5 17 1
6 7 1 4
6 8 240 10
6 9 73 1
6 10 16 1
6 11 2 13
6 14 86 1
6 17 1 21
6 19 91 1
6 20 1 3
6 22 65 11
6 24 1 19
6 26 62 7
7 0 1 14
7 3 2 20
7 5 2 17
7 6 55 1
7 8 39 1
7 10 1 28
7 11 9 27
7 12 7 24
7 14 99 1
7 15 2 18
7 18 17 5
7 19 4 6
7 20 82 1
7 21 1 9
7 22 12 2
7 24 197 1
7 25 141 1
7 27 1 15
8 0 10 19
8 1 12 6
8 3 9 9
8 4 99 1
8 5 12 29
8 6 189 1
8 7 84 1
8 9 280 1
8 10 18 26
8 11 3 18
8 12 2 14
8 13 53 1
8 15 144 1
8 16 10 19
8 17 1 6
8 18 14 1
8 21 42 1
8 22 56 4
8 24 9 4
8 27 87 1
9 0 21 26
9 1 46 2
9 4 311 1
9 5 132 1
9 6 68 1
9 8 73 1
9 10 146 1
9 11 181 2
9 13 56 1
9 21 1 18
9 24 2 15
10 1 187 2
10 2 1 21
10 4 267 2
10 5 5 28
10 6 3 4
10 7 364 2
10 8 214 1
10 9 191 1
10 11 292 1
10 12 66 1
10 13 33 17
10 14 3 23
10 18 44 1
10 19 29 1
10 23 15 2
10 24 1 12
10 27 46 5
11 0 1 11
11 1 185 1
11 2 6 5
11 3 6 26
11 4 3 17
11 6 242 1
11 7 3 25
11 8 1 4
11 10 281 1
11 13 1 13
11 15 11 10
11 19 41 2
11 20 11 11
11 21 18 3
11 22 7 13
11 23 30 19
11 27 156 1
12 0 6 13
12 1 13 17
12 4 134 3
12 5 11 20
12 6 117 1
12 7 79 2
12 8 2 2
12 9 5 8
12 13 129 2
12 14 6 29
13 3 21 18
13 4 9 3
13 6 18 1
13 7 55 1
13 8 10 11
13 10 1 24
13 11 1 24
13 17 1 19
13 22 2 24
14 5 1 11
14 6 1 14
14 7 1 5
14 10 232 1
14 11 1 8
14 12 78 2
14 13 1 25
14 15 1 1
14 24 2 29
15 0 74 8
15 1 1 10
15 2 1 18
15 4 1 4
15 7 1 26
15 8 2 28
15 10 2 16
15 11 4 2
15 14 1 26
15 16 2 10
15 18 1 4
15 25 33 1
16 0 11 5
16 1 15 25
16 3 9 23
16 5 18 7
16 6 31 4
16 8 10 18
16 11 10 11
16 12 29 6
16 13 1 5
16 15 24 15
16 17 1 4
16 18 45 1
16 24 10 10
16 27 18 10
17 0 214 1
17 1 40 1
17 3 15 12
17 4 212 2
17 6 193 1
17 10 11 2
18 4 1 1
18 8 9 24
18 9 127 7
18 20 1 26
18 25 10 14
19 0 10 14
19 6 79 1
19 7 2 12
19 10 44 1
19 17 95 6
19 18 3 22
19 20 4 15
19 27 9 25
20 0 5 16
20 4 114 2
20 5 23 8
20 6 95 1
20 7 1 21
20 9 60 2
20 10 127 3
20 12 79 1
20 15 55 3
20 17 8 7
20 19 1 28
20 22 43 9
21 1 3 20
21 6 54 5
21 8 44 10
21 9 1 2
21 12 1 23
21 14 6 25
21 26 1 14
22 0 10 3
22 10 1 7
22 11 24 27
22 13 4 2
22 17 29 13
22 24 2 29
23 0 1 8
23 1 17 6
23 3 12 9
23 6 1 21
23 7 62 1
23 9 1 15
23 10 19 23
23 11 160 1
23 17 12 1
23 24 2 3
24 0 10 11
24 1 22 16
24 2 3 15
24 3 10 14
24 4 17 1
24 5 13 21
24 7 2 16
24 8 9 12
24 10 152 1
24 11 1 27
24 12 6 17
24 16 11 11
24 25 21 3
24 26 6 18
25 7 240 1
25 8 15 2
25 9 77 1
25 10 114 1
25 11 196 1
25 12 1 26
25 15 22 3
25 16 20 29
25 24 32 3
25 27 8 1
26 1 4 1
26 9 50 22
26 10 69 4
26 11 54 1
26 25 2 22
26 27 3 9
27 5 7 6
27 11 97 2
27 15 8 19
27 17 1 23
