0 1 103 1
0 3 10 2
0 4 150 1
0 5 10 1
0 6 4 15
0 7 1 8
0 8 428 2
0 10 11 5
0 12 1 7
0 14 30 5
0 16 50 1
0 17 35 3
0 18 1 9
0 23 49 23
0 24 159 24
0 27 2 24
1 2 23 1
1 3 11 17
1 4 6 1
1 5 13 23
1 6 372 1
1 7 266 1
1 8 15 1
1 9 6 1
1 15 38 7
1 16 161 9
1 17 61 12
1 20 169 2
1 22 1 10
1 24 81 13
2 0 23 9
2 1 84 1
2 3 9 20
2 4 1 25
2 6 3 6
2 7 1 11
2 8 2 13
2 9 2 20
2 10 24 1
2 12 40 6
2 18 2 16
2 25 1 19
2 27 2 25
3 0 30 2
3 1 28 13
3 2 18 1
3 4 2 25
3 5 36 24
3 6 1 6
3 7 7 2
3 8 24 1
3 9 3 23
3 10 108 1
3 13 2 1
3 15 2 17
3 16 264 16
3 17 7 19
3 19 43 1
3 24 16 1
3 25 32 5
4 1 356 1
4 2 17 2
4 3 9 2
4 5 242 1
4 6 183 1
4 8 217 1
4 9 20 1
4 10 158 1
4 12 134 2
4 13 3 26
4 18 6 6
4 19 1 1
4 20 35 1
4 23 16 1
4 25 1 24
4 27 32 2
5 0 75 1
5 1 5 28
5 3 61 14
5 4 6 7
5 6 14 26
5 7 43 2
5 8 14 1
5 9 16 23
5 12 83 3
5 16 51 1
5 17 65 2
5 24 3 7
6 0 1 21
6 1 332 1
6 2 8 13
6 3 7 3
6 4 103 8
6 5 93 1
6 7 3 18
6 8 38 1
6 11 1 12
6 16 5 6
6 17 1 23
6 18 160 4
6 19 86 1
6 24 2 24
7 2 17 13
7 3 4 21
7 4 214 1
7 5 2 16
7 6 16 1
7 8 153 1
7 9 1 21
7 10 8 22
7 11 22 29
7 14 74 1
7 15 1 23
7 18 12 6
7 19 2 12
7 20 63 1
7 25 101 1
7 27 7 28
8 0 349 1
8 1 188 1
8 2 7 7
8 3 57 5
8 4 54 1
8 5 223 6
8 6 5 21
8 7 15 1
8 9 206 1
8 10 16 29
8 11 12 18
8 12 1 13
8 13 38 2
8 14 100 2
8 16 75 1
8 17 2 14
8 18 5 13
8 20 1 5
8 21 38 5
8 22 48 2
8 24 52 1
8 25 5 6
8 27 81 1
9 0 1 19
9 1 24 1
9 4 268 1
9 5 163 14
9 6 4 2
9 7 1 2
9 8 36 1
9 10 32 1
9 11 151 1
9 13 47 1
9 17 8 9
9 18 119 5
9 19 20 2
9 27 53 1
10 2 2 12
10 3 1 24
10 4 249 1
10 5 22 5
10 6 46 29
10 7 326 1
10 8 110 9
10 9 168 1
10 11 408 1
10 12 40 2
10 14 94 1
10 15 1 8
10 20 7 14
10 24 1 27
10 25 114 1
11 0 1 25
11 1 165 1
11 3 1 25
11 5 17 22
11 7 33 28
11 8 53 28
11 10 85 1
11 14 3 6
11 15 4 6
11 19 35 1
11 20 16 18
11 22 2 29
11 23 3 5
11 25 133 1
11 27 137 1
12 1 13 23
12 3 1 1
12 6 89 2
12 7 68 3
12 8 1 9
12 9 1 8
12 10 1 10
12 13 99 2
12 14 2 23
12 23 47 1
12 25 40 12
13 1 1 13
13 8 1 25
13 10 9 22
13 11 1 8
13 14 7 1
13 15 1 28
13 17 6 26
13 19 1 4
13 21 6 9
13 22 2 10
13 23 2 25
14 0 27 3
14 1 3 10
14 5 1 21
14 10 115 1
14 11 1 5
14 12 62 1
14 13 4 12
14 15 18 24
14 25 10 2
14 27 8 1
15 2 1 10
15 3 5 26
15 7 45 29
15 11 68 3
15 12 4 4
15 22 1 22
15 24 1 18
16 0 94 27
16 1 29 1
16 3 5 1
16 4 1 26
16 5 9 27
16 6 25 1
16 8 10 14
16 17 3 28
16 18 16 1
16 21 1 15
16 24 43 11
16 26 13 26
17 1 5 1
17 2 1 28
17 3 2 29
17 4 189 1
17 5 1 1
17 6 168 1
17 7 5 28
17 8 1 17
17 11 3 11
17 12 105 3
17 16 6 5
17 20 37 3
17 23 42 2
17 25 4 1
18 0 7 8
18 1 15 1
18 2 2 26
18 4 7 12
18 7 1 27
18 10 107 5
18 15 17 19
18 16 21 1
18 19 1 28
18 23 1 10
19 0 11 2
19 1 2 4
19 5 5 3
19 6 71 4
19 8 114 10
19 14 12 9
19 18 1 4
19 20 2 14
19 27 9 11
20 0 16 18
20 2 1 17
20 4 107 1
20 8 1 1
20 9 54 2
20 10 118 4
20 15 51 4
20 16 7 11
20 19 222 1
20 27 1 29
21 3 4 5
21 6 51 14
21 11 40 3
21 12 1 20
21 14 3 7
22 6 45 7
22 8 4 4
22 10 1 10
22 14 19 2
22 24 5 8
23 4 15 21
23 6 2 19
23 7 47 4
23 10 1 13
23 11 135 2
23 21 1 7
23 22 1 4
23 26 1 2
24 0 107 1
24 1 5 1
24 3 60 19
24 5 2 27
24 7 6 18
24 8 31 1
24 11 2 10
24 12 50 27
24 16 160 1
24 21 15 7
24 23 27 3
24 25 17 1
24 26 5 27
24 27 20 3
25 7 214 1
25 9 72 10
25 10 94 1
25 11 87 1
25 12 1 1
25 15 17 4
25 27 53 20
26 7 63 3
26 20 48 22
26 22 8 17
26 27 18 2
27 2 23 13
27 3 3 3
27 4 1 12
27 11 75 2
27 16 23 14
27 26 2 18
