0 1 240 1
0 3 38 1
0 4 135 1
0 5 4 20
0 6 258 2
0 7 1 6
0 8 353 10
0 11 1 8
0 16 66 4
0 19 7 16
0 24 100 1
0 26 4 17
0 27 2 24
1 0 235 1
1 2 197 1
1 3 109 1
1 5 68 2
1 6 318 1
1 7 254 1
1 8 182 1
1 10 204 2
1 11 229 1
1 13 49 3
1 16 56 1
1 17 2 5
1 18 157 1
1 24 164 2
2 0 35 24
2 1 112 1
2 3 89 1
2 4 2 18
2 5 62 2
2 6 1 7
2 7 6 5
2 8 9 8
2 10 15 1
2 11 144 1
2 17 42 3
2 18 1 3
3 0 331 1
3 1 52 22
3 2 91 1
3 4 13 24
3 5 47 1
3 8 38 25
3 10 97 2
3 11 1 7
3 12 1 7
3 16 224 1
3 19 41 1
3 24 43 1
3 26 20 22
4 1 301 1
4 5 195 1
4 6 148 1
4 7 47 1
4 8 195 1
4 10 146 1
4 12 128 1
4 16 10 4
4 18 1 19
4 20 32 1
4 23 14 2
4 27 31 1
5 0 160 1
5 1 297 1
5 2 43 1
5 3 77 1
5 4 1 29
5 6 27 20
5 8 65 1
5 9 17 9
5 16 31 8
5 17 60 1
5 18 4 24
5 24 110 1
6 0 1 8
6 1 278 1
6 2 1 28
6 3 7 28
6 4 103 3
6 5 112 12
6 7 6 16
6 8 2 15
6 10 1 21
6 11 4 10
6 12 1 27
6 17 1 7
6 20 118 20
6 26 59 12
7 0 4 27
7 1 228 1
7 2 14 1
7 3 2 26
7 4 207 1
7 6 6 1
7 8 105 1
7 10 5 1
7 11 3 18
7 15 5 11
7 17 1 14
7 18 11 2
7 19 3 6
7 23 7 1
7 24 175 2
7 25 86 1
7 27 3 18
8 0 395 1
8 1 149 1
8 2 395 1
8 3 25 14
8 5 246 15
8 6 23 26
8 7 23 1
8 9 176 1
8 10 236 22
8 11 14 10
8 14 87 1
8 15 124 2
8 16 10 25
8 17 1 17
8 21 36 10
8 24 31 1
8 26 86 1
9 0 2 3
9 1 17 1
9 4 246 1
9 5 142 1
9 8 32 1
9 10 8 1
9 11 139 1
9 13 43 1
9 18 116 1
9 23 1 9
9 27 52 2
10 1 143 1
10 2 33 16
10 3 2 12
10 5 1 10
10 6 6 3
10 7 308 1
10 8 5 5
10 9 64 1
10 11 12 1
10 14 35 1
10 15 2 4
10 16 3 14
10 18 32 2
10 23 5 8
10 24 30 24
10 25 106 2
11 0 9 4
11 1 156 2
11 3 4 17
11 6 196 1
11 7 9 16
11 8 2 8
11 9 1 25
11 10 179 1
11 12 168 1
11 13 2 20
11 14 5 25
11 15 32 20
11 19 32 3
11 20 16 27
11 21 13 9
11 22 9 23
11 25 243 1
12 5 1 9
12 6 79 1
12 9 2 6
12 10 205 15
12 11 1 13
12 13 87 1
12 27 2 20
13 4 12 12
13 10 2 20
13 11 1 16
13 12 59 23
13 14 14 2
13 24 16 27
13 27 11 26
14 1 5 20
14 4 31 1
14 6 142 20
14 7 2 26
14 8 227 2
14 10 76 1
14 11 6 16
14 12 56 3
14 15 2 9
14 23 3 23
14 24 2 25
15 0 67 1
15 1 2 6
15 3 32 24
15 4 2 25
15 5 3 23
15 6 99 3
15 7 1 6
15 10 5 12
15 11 2 4
15 12 7 13
15 17 36 19
15 18 1 21
15 24 7 18
15 25 30 4
15 27 1 23
16 0 46 1
16 1 31 1
16 3 81 5
16 5 90 1
16 6 22 5
16 7 21 1
16 8 45 1
16 12 1 26
16 17 11 13
16 18 8 1
16 21 1 1
16 24 59 1
16 25 9 28
17 0 179 2
17 2 147 5
17 3 1 5
17 4 179 1
17 5 1 21
17 6 157 1
17 8 1 3
17 10 3 9
17 11 9 25
17 14 58 10
17 15 1 1
17 20 34 4
18 1 11 2
18 3 27 6
18 4 1 26
18 16 18 1
18 19 1 17
18 20 2 13
18 21 26 16
18 27 22 26
19 0 6 1
19 1 6 1
19 4 95 1
19 14 12 29
19 20 78 8
20 0 16 14
20 4 103 3
20 6 79 4
20 7 3 3
20 12 75 1
20 15 50 3
20 19 178 1
20 26 5 9
21 6 50 5
21 12 1 11
21 14 4 7
21 25 10 5
22 8 1 3
22 9 1 21
22 10 40 13
22 11 1 23
23 1 13 6
23 3 1 3
23 10 2 6
23 11 125 2
23 12 3 6
23 13 4 11
23 16 1 15
24 0 31 1
24 1 232 1
24 3 6 17
24 5 122 1
24 7 7 24
24 8 28 1
24 11 2 29
24 14 1 17
24 16 55 2
24 17 20 22
24 20 1 12
24 22 6 28
25 1 90 16
25 7 202 1
25 8 5 4
25 9 71 1
25 11 54 1
26 1 1 8
26 7 61 1
26 8 7 11
26 9 49 1
26 14 13 15
26 16 1 20
26 21 10 6
26 25 1 23
27 0 3 7
27 11 67 1
27 14 1 1
27 25 32 24
27 26 3 2
