0 1 28 1
0 2 1 9
0 3 41 1
0 4 112 1
0 5 78 1
0 6 13 1
0 7 3 27
0 8 248 1
0 10 5 1
0 11 2 25
0 16 49 1
0 18 1 3
0 19 27 2
0 20 18 1
0 21 41 1
0 22 26 5
0 24 24 1
1 0 31 1
1 2 77 1
1 3 19 1
1 4 370 1
1 5 86 1
1 6 237 1
1 7 234 1
1 8 20 26
1 9 222 2
1 11 222 1
1 12 33 3
1 16 9 1
1 17 4 5
1 18 147 2
1 19 1 12
1 20 157 1
1 21 3 11
1 22 50 6
1 24 58 1
1 27 7 23
2 0 1 17
2 1 29 1
2 3 80 1
2 4 2 13
2 6 60 2
2 7 1 11
2 8 1 10
2 10 6 1
2 11 130 1
2 18 25 11
2 19 13 2
3 0 97 1
3 1 24 1
3 2 21 1
3 4 134 16
3 5 82 1
3 7 1 29
3 8 20 1
3 9 1 2
3 12 70 8
3 16 34 1
3 17 1 16
3 19 37 2
3 23 2 15
3 24 19 1
3 27 33 17
4 0 1 17
4 1 218 1
4 2 4 5
4 3 16 7
4 5 127 1
4 6 99 1
4 8 162 1
4 11 3 6
4 12 117 2
4 17 30 13
4 18 1 4
4 19 85 2
4 21 47 1
4 24 61 3
5 0 90 1
5 1 10 1
5 2 36 3
5 3 9 1
5 4 169 3
5 6 163 2
5 7 22 1
5 8 3 1
5 9 42 7
5 10 1 26
5 11 1 1
5 12 62 1
5 16 15 1
5 23 7 13
5 24 24 1
5 25 1 22
5 26 1 1
6 0 1 13
6 1 198 1
6 2 20 20
6 3 1 1
6 4 23 1
6 5 110 1
6 8 32 1
6 9 2 11
6 10 2 23
6 11 33 4
6 12 2 14
6 14 51 1
6 17 2 22
6 27 24 1
7 0 5 6
7 1 207 1
7 3 5 7
7 5 172 20
7 8 43 1
7 9 25 8
7 11 2 22
7 12 2 9
7 14 51 1
7 15 7 17
7 17 13 18
7 24 163 1
7 25 64 1
7 26 102 11
7 27 76 27
8 0 19 1
8 1 67 1
8 2 318 1
8 3 44 1
8 5 141 1
8 6 17 29
8 9 134 1
8 10 40 1
8 11 1 3
8 12 16 21
8 13 25 3
8 14 67 2
8 15 115 1
8 16 21 1
8 17 1 8
8 18 8 4
8 22 40 2
8 23 100 4
8 24 27 1
8 25 8 11
9 1 8 1
9 4 210 1
9 5 42 1
9 6 1 16
9 7 238 3
9 8 303 1
9 11 121 1
9 12 118 1
9 14 3 2
9 15 22 18
9 16 92 16
9 20 1 2
9 21 5 5
10 1 124 2
10 2 1 4
10 5 112 27
10 6 27 24
10 7 278 1
10 8 365 1
10 9 83 1
10 11 4 1
10 12 21 1
10 13 168 1
10 14 27 1
10 19 19 2
10 20 1 23
10 24 5 23
10 25 94 1
10 27 30 6
11 0 1 24
11 1 143 1
11 3 70 11
11 5 1 10
11 6 175 1
11 7 63 6
11 8 1 10
11 10 46 1
11 13 9 4
11 14 2 8
11 15 7 27
11 17 127 1
11 18 1 2
11 20 16 13
11 21 12 1
11 22 111 8
11 24 1 13
11 25 211 1
11 27 116 2
12 1 98 10
12 3 76 1
12 5 157 27
12 6 64 1
12 8 5 24
12 9 3 7
12 10 205 1
12 11 1 29
12 15 4 4
12 17 110 1
12 21 73 4
12 23 41 2
12 24 1 17
12 27 39 21
13 2 3 1
13 6 6 5
13 7 32 1
13 10 1 20
13 11 11 20
13 14 4 2
13 15 1 19
13 17 1 29
13 19 1 16
13 21 5 15
13 24 16 2
14 1 1 10
14 7 1 2
14 10 31 1
14 11 2 29
14 15 1 26
15 0 63 6
15 7 1 8
15 9 94 1
15 10 2 21
15 11 240 20
15 14 12 29
15 17 8 21
15 19 6 3
15 23 1 9
15 24 1 10
15 27 1 8
16 0 58 1
16 1 16 1
16 3 54 1
16 4 5 12
16 5 40 1
16 8 66 1
16 17 40 1
16 24 36 1
17 1 1 23
17 4 164 1
17 5 2 14
17 6 141 2
17 7 18 24
17 8 1 27
17 11 91 22
17 16 2 1
17 20 30 2
17 21 1 18
18 2 7 4
18 6 154 4
18 9 113 2
18 12 42 1
18 16 14 1
19 0 163 1
19 1 1 2
19 2 1 5
19 3 2 17
19 11 2 20
19 17 90 8
19 20 12 29
19 21 4 29
20 1 1 16
20 3 2 18
20 6 73 1
20 7 28 22
20 13 2 19
20 16 9 13
20 19 112 1
21 4 5 1
21 7 1 24
21 11 35 8
21 13 4 11
21 24 2 23
22 4 3 14
22 6 1 27
22 7 86 23
22 8 12 23
22 10 1 6
22 11 21 12
22 15 1 3
22 18 2 20
23 4 1 7
23 6 33 12
23 7 34 2
23 11 109 1
23 13 1 10
24 0 42 5
24 1 15 1
24 3 17 1
24 4 10 15
24 5 10 1
24 6 1 26
24 7 8 28
24 8 9 1
24 9 74 2
24 10 133 2
24 11 1 19
24 13 1 18
24 16 17 1
24 21 1 5
24 22 2 15
24 25 12 4
24 26 1 20
25 0 1 13
25 7 181 1
25 10 74 1
25 11 17 1
25 15 12 3
25 20 15 4
25 22 1 7
26 2 8 3
26 6 9 19
26 10 59 3
26 11 35 1
26 16 2 11
26 22 1 5
26 27 2 20
27 7 86 1
27 9 39 3
27 11 55 1
27 16 23 2
27 25 54 5
27 26 1 3
