0 1 13 23
0 3 12 4
0 4 91 1
0 5 59 7
0 6 10 12
0 8 13 16
0 9 5 1
0 11 2 7
0 15 4 17
0 16 13 23
0 18 1 17
0 20 13 1
0 24 32 25
0 27 2 10
1 0 12 9
1 2 89 1
1 3 12 3
1 4 47 1
1 5 12 29
1 6 162 1
1 7 214 1
1 8 139 6
1 10 169 1
1 15 28 1
1 16 21 8
1 17 5 16
1 18 138 1
1 20 149 1
1 22 1 22
1 24 97 11
1 27 1 11
2 0 2 16
2 1 5 2
2 3 27 1
2 4 1 24
2 6 59 1
2 7 24 20
2 8 284 7
2 11 116 1
2 12 32 1
2 13 1 2
2 17 6 25
2 22 1 7
3 0 24 10
3 1 12 22
3 4 13 28
3 5 13 18
3 7 7 14
3 8 21 24
3 10 67 1
3 12 1 16
3 13 2 6
3 15 14 6
3 16 15 8
3 22 1 1
3 24 13 20
4 1 144 1
4 3 3 1
4 5 70 1
4 6 59 1
4 7 28 1
4 8 131 1
4 10 111 1
4 11 4 2
4 12 107 1
4 13 5 10
4 14 8 9
4 15 2 10
4 18 1 24
4 23 12 2
4 24 61 1
5 0 131 18
5 1 15 5
5 3 13 9
5 6 52 1
5 8 26 28
5 9 4 17
5 10 5 20
5 14 1 26
5 16 46 9
5 17 46 3
5 18 9 2
5 20 59 10
5 22 1 15
5 24 13 29
5 27 3 14
6 0 2 29
6 1 127 1
6 2 1 27
6 3 1 10
6 4 307 1
6 5 1 15
6 8 39 28
6 9 8 15
6 10 1 29
6 11 27 1
6 12 1 24
6 14 41 3
6 17 4 8
6 24 1 23
7 0 1 9
7 1 185 1
7 2 43 1
7 3 2 22
7 4 187 2
7 5 1 20
7 6 1 23
7 8 8 1
7 10 2 14
7 11 173 23
7 13 1 2
7 15 7 5
7 16 6 22
7 17 1 27
7 22 2 4
7 25 45 2
7 26 3 3
8 0 13 6
8 1 25 19
8 2 228 1
8 3 27 26
8 4 9 3
8 5 11 29
8 6 16 16
8 7 1 6
8 9 96 1
8 10 237 1
8 11 1 12
8 12 1 19
8 14 50 2
8 16 14 8
8 19 1 2
8 22 35 6
8 24 13 16
8 25 4 5
8 27 70 2
9 0 1 8
9 1 3 1
9 4 174 1
9 6 3 28
9 7 233 1
9 8 264 1
9 10 2 3
9 11 104 2
9 12 44 1
9 14 1 2
9 18 106 2
9 19 14 10
10 0 1 23
10 1 107 1
10 2 2 2
10 3 1 17
10 4 212 1
10 5 9 15
10 6 6 25
10 7 247 1
10 8 104 1
10 9 18 1
10 11 262 1
10 12 12 1
10 13 6 1
10 14 126 1
10 21 77 1
10 24 1 19
10 25 83 1
10 27 26 2
11 0 3 29
11 1 131 1
11 3 3 22
11 4 170 26
11 5 3 28
11 6 155 1
11 7 7 18
11 8 9 6
11 10 10 1
11 13 1 11
11 14 1 1
11 15 3 19
11 17 121 5
11 19 25 1
11 24 3 15
11 25 189 1
11 26 2 5
11 27 104 1
12 0 22 13
12 1 18 3
12 2 55 1
12 4 37 18
12 8 6 17
12 9 6 6
12 10 204 13
12 11 1 11
12 13 51 1
12 14 117 5
12 17 108 3
12 21 69 1
12 23 37 2
12 25 35 7
13 4 6 9
13 7 26 1
13 10 4 15
13 11 1 16
13 17 1 2
13 22 5 26
14 0 20 1
14 1 1 16
14 6 2 4
14 7 1 24
14 8 213 1
14 9 112 5
14 10 5 1
14 11 6 7
14 13 4 1
14 15 3 8
14 22 18 2
14 27 5 20
15 3 1 28
15 4 1 17
15 6 91 3
15 7 1 18
15 10 6 11
15 11 2 21
15 14 2 1
15 16 25 6
15 18 1 15
15 21 9 12
15 22 1 12
15 25 25 2
16 0 28 2
16 1 13 18
16 2 28 11
16 3 13 12
16 5 81 11
16 8 19 9
16 15 24 17
16 17 8 1
16 24 71 2
17 0 146 1
17 1 2 29
17 4 148 2
17 5 4 14
17 6 126 1
17 8 1 6
17 9 3 20
17 10 24 17
17 11 1 26
17 16 253 1
17 19 1 19
18 1 3 1
18 5 2 10
18 7 2 16
18 9 108 1
18 10 94 3
18 16 170 1
18 17 120 3
18 19 3 10
18 20 11 11
19 0 155 1
19 1 142 1
19 4 2 26
19 6 59 1
19 8 112 1
19 10 29 9
19 11 4 13
19 18 29 19
19 20 1 26
20 0 11 20
20 2 13 23
20 4 93 1
20 6 67 1
20 9 44 4
20 11 1 19
20 15 45 2
20 19 58 1
20 24 1 21
20 27 6 19
21 4 4 6
21 8 35 6
21 11 33 3
21 15 8 2
22 5 1 1
22 8 1 27
22 10 1 8
22 12 3 2
22 20 5 24
23 1 10 7
23 6 33 5
23 9 15 5
23 11 94 1
23 13 3 7
23 15 2 4
23 22 3 22
23 26 1 23
24 0 13 13
24 1 13 16
24 3 14 2
24 5 13 17
24 6 2 16
24 7 2 1
24 8 23 29
24 9 1 22
24 10 127 1
24 11 2 25
24 12 2 22
24 16 13 27
24 17 7 17
24 23 14 5
24 26 1 11
25 7 160 1
25 10 63 1
25 15 9 3
25 27 39 3
26 2 8 12
26 7 53 1
26 11 30 1
26 14 13 27
26 25 4 26
26 27 1 9
27 8 1 1
27 12 1 18
27 20 52 2
27 26 3 13
