0 1 34 28
0 2 2 10
0 3 99 7
0 5 14 11
0 8 13 5
0 9 151 1
0 11 2 6
0 14 22 3
0 16 63 14
0 18 62 12
0 19 9 20
0 24 27 20
0 27 43 29
1 0 12 4
1 2 62 1
1 3 58 22
1 4 31 1
1 5 73 28
1 6 128 1
1 7 204 1
1 8 255 3
1 9 199 1
1 10 160 1
1 11 209 1
1 16 35 9
1 17 1 17
1 20 145 1
1 21 1 4
1 24 40 27
1 27 10 10
2 0 2 28
2 1 1 2
2 3 67 1
2 4 1 21
2 6 51 2
2 7 30 21
2 8 10 1
2 9 97 7
2 11 109 1
2 17 37 15
2 19 10 16
2 20 1 28
2 22 1 29
3 0 12 24
3 1 12 23
3 2 3 18
3 4 1 15
3 5 48 28
3 7 2 14
3 8 12 22
3 9 2 19
3 10 60 2
3 15 11 9
3 16 13 4
3 19 32 1
3 20 2 26
3 24 13 19
3 25 32 17
4 0 2 8
4 1 111 1
4 3 45 4
4 5 46 1
4 6 42 1
4 7 25 1
4 8 116 1
4 10 102 1
4 11 1 7
4 15 17 26
4 17 6 2
4 25 6 27
5 0 66 28
5 1 22 7
5 3 43 4
5 4 161 14
5 6 331 1
5 8 22 6
5 9 12 8
5 10 5 24
5 11 5 17
5 12 44 1
5 14 29 14
5 16 53 13
5 19 1 2
5 21 1 20
5 23 7 1
5 24 27 15
6 0 3 16
6 1 96 1
6 2 35 22
6 3 1 13
6 4 111 1
6 5 6 5
6 7 153 1
6 8 114 1
6 9 22 11
6 10 7 25
6 11 1 16
6 12 5 17
6 16 6 4
6 18 141 1
6 19 73 1
6 20 1 23
6 22 53 2
6 26 57 1
7 0 18 24
7 1 174 2
7 2 31 2
7 3 12 22
7 4 182 1
7 5 3 2
7 6 2 24
7 8 1 1
7 9 25 16
7 10 1 5
7 11 116 24
7 14 34 2
7 15 22 21
7 19 2 13
7 24 143 1
7 25 37 1
8 0 34 4
8 1 44 25
8 2 185 1
8 3 117 29
8 5 11 26
8 6 220 9
8 7 2 2
8 9 79 1
8 10 150 1
8 11 21 28
8 14 42 2
8 15 100 1
8 16 43 27
8 17 1 13
8 18 2 23
8 21 31 4
8 23 96 1
8 24 23 11
8 25 5 2
9 0 14 10
9 4 156 1
9 5 1 9
9 6 2 25
9 7 229 2
9 8 243 1
9 10 3 17
9 11 96 1
9 12 144 1
9 13 31 1
9 14 1 29
9 15 22 1
9 17 5 1
9 22 1 28
9 27 47 7
10 1 98 1
10 2 6 29
10 3 14 29
10 4 204 2
10 5 113 14
10 6 68 10
10 7 231 1
10 8 251 1
10 9 29 1
10 11 231 1
10 12 8 2
10 13 159 2
10 14 22 16
10 20 24 27
10 21 76 1
10 24 2 17
11 0 12 26
11 1 124 1
11 3 6 25
11 5 1 24
11 6 144 1
11 7 93 23
11 8 17 26
11 10 96 1
11 13 1 20
11 14 16 1
11 15 85 19
11 17 119 2
11 18 109 15
11 20 43 25
11 23 18 7
11 24 5 4
11 25 156 1
11 27 97 1
12 0 23 17
12 1 99 26
12 8 2 4
12 9 89 7
12 10 203 5
12 13 43 1
12 14 2 26
12 20 22 6
12 21 66 1
12 24 9 17
12 27 3 15
13 3 1 14
13 7 23 1
13 8 11 13
13 10 154 21
13 11 1 18
14 0 18 3
14 1 3 24
14 4 21 4
14 8 206 2
14 9 108 2
14 11 1 17
14 12 34 1
14 13 36 1
14 15 3 18
14 20 34 8
14 22 17 3
14 23 1 1
14 25 1 13
15 1 1 18
15 2 4 24
15 4 51 13
15 6 89 1
15 7 66 1
15 8 42 23
15 11 175 1
15 14 44 1
15 24 1 29
15 27 7 2
16 0 13 1
16 1 75 5
16 3 21 23
16 5 13 29
16 6 14 4
16 7 15 1
16 8 14 12
16 10 1 17
16 17 70 1
16 21 17 22
16 24 13 16
17 0 138 1
17 1 2 1
17 2 167 3
17 3 1 27
17 4 141 1
17 7 4 15
17 8 1 23
17 9 3 11
17 10 7 1
17 12 97 6
17 16 240 1
17 19 1 20
17 20 24 3
18 2 1 2
18 10 91 5
18 16 1 1
18 17 117 1
18 23 1 25
19 0 142 1
19 1 139 4
19 2 1 17
19 3 1 6
19 4 93 7
19 6 56 1
19 8 111 12
19 11 5 23
19 20 4 19
19 24 7 9
20 1 2 22
20 2 3 7
20 3 4 7
20 4 91 1
20 6 64 1
20 10 100 3
20 19 37 1
20 24 2 23
21 0 5 24
21 6 45 1
21 11 32 3
21 15 2 27
21 17 29 10
22 7 2 28
22 9 4 4
22 10 1 19
22 14 11 1
22 19 4 17
22 27 10 5
23 3 1 13
23 6 2 12
23 7 24 3
23 11 86 2
23 15 1 11
23 16 16 9
23 18 17 1
23 22 5 29
23 24 2 20
23 26 2 11
24 0 35 26
24 1 39 14
24 3 37 29
24 5 66 20
24 7 1 7
24 8 13 6
24 10 123 3
24 11 78 26
24 13 18 24
24 16 26 7
24 23 12 3
24 26 1 21
25 0 26 15
25 1 89 3
25 7 148 1
25 10 57 1
25 12 1 19
25 24 20 5
25 26 35 3
25 27 35 3
26 4 45 25
26 7 51 1
26 8 1 5
26 25 8 7
26 27 1 16
27 1 2 8
27 7 75 1
27 11 38 1
27 25 5 2
27 26 13 25
