0 1 38 11
0 2 1 24
0 3 12 18
0 4 80 1
0 5 13 23
0 8 50 8
0 11 1 6
0 15 1 5
0 16 13 13
0 19 199 1
0 20 8 1
0 24 37 22
1 0 70 23
1 2 55 1
1 3 11 5
1 4 92 1
1 5 34 18
1 6 123 1
1 7 202 1
1 8 14 21
1 9 198 1
1 10 158 1
1 13 41 2
1 15 26 8
1 16 68 9
1 17 101 27
1 18 132 1
1 19 1 4
1 20 144 2
1 21 1 10
1 22 1 11
1 24 36 25
2 0 1 23
2 3 61 1
2 4 10 22
2 5 48 5
2 6 50 1
2 7 2 7
2 8 7 12
2 9 1 15
2 11 108 1
2 12 30 1
2 15 4 7
2 17 46 2
2 18 3 8
2 21 12 12
2 24 22 3
2 27 21 10
3 0 12 21
3 1 18 1
3 2 2 3
3 4 1 25
3 5 20 17
3 6 27 3
3 7 15 9
3 8 44 23
3 10 59 1
3 11 7 11
3 12 1 19
3 13 22 16
3 14 39 3
3 16 13 4
3 17 12 9
3 18 2 25
3 24 13 7
3 25 1 5
4 1 106 1
4 3 1 5
4 5 43 1
4 6 40 1
4 7 24 1
4 8 114 1
4 10 101 1
4 11 3 7
4 12 101 1
4 14 1 16
4 17 7 17
4 18 96 18
4 19 1 25
4 21 44 2
4 27 26 9
5 0 13 8
5 1 56 23
5 2 26 2
5 3 34 12
5 4 90 1
5 6 309 1
5 7 8 2
5 8 14 26
5 9 4 23
5 10 1 17
5 11 2 8
5 15 1 9
5 16 35 29
5 17 42 2
5 19 14 29
5 22 1 29
5 23 6 29
5 24 22 2
6 0 1 15
6 1 92 1
6 2 1 3
6 3 10 12
6 4 108 1
6 5 9 9
6 7 152 1
6 8 94 1
6 9 10 11
6 10 11 14
6 11 1 27
6 14 36 3
6 17 9 14
6 19 72 1
6 20 1 15
6 22 53 1
6 26 56 12
7 0 3 10
7 1 173 1
7 2 30 1
7 3 2 10
7 5 197 2
7 9 6 20
7 10 2 2
7 11 371 17
7 14 33 2
7 15 2 21
7 17 17 3
7 18 5 2
7 21 3 12
7 24 142 1
7 27 5 22
8 0 30 5
8 1 57 15
8 2 178 1
8 3 29 16
8 4 4 4
8 5 421 16
8 6 13 19
8 7 3 12
8 9 76 1
8 10 1 16
8 11 1 28
8 12 22 25
8 14 41 1
8 15 99 2
8 16 13 19
8 17 2 2
8 18 6 1
8 23 95 6
8 24 12 6
8 25 22 4
9 0 3 22
9 2 111 3
9 3 1 11
9 4 153 1
9 5 1 7
9 6 15 14
9 7 228 2
9 8 240 1
9 10 4 4
9 12 142 7
9 17 57 2
9 18 102 5
9 21 7 6
9 23 4 28
10 0 2 16
10 2 3 6
10 3 2 5
10 4 203 1
10 5 14 9
10 6 4 25
10 7 228 1
10 8 238 16
10 9 25 1
10 11 227 1
10 12 8 2
10 13 158 1
10 14 18 3
10 15 1 11
10 20 1 22
10 21 76 1
10 24 3 13
11 0 31 17
11 1 123 2
11 2 1 8
11 3 2 5
11 4 16 11
11 7 6 26
11 8 161 8
11 10 92 1
11 12 159 1
11 14 1 28
11 15 3 27
11 17 118 3
11 19 23 1
11 23 1 21
11 24 10 14
11 25 151 1
11 26 1 6
11 27 96 1
12 5 3 1
12 6 44 1
12 9 121 3
12 11 3 23
12 13 42 2
12 17 107 1
12 18 17 4
12 24 1 29
12 26 1 7
12 27 39 26
13 5 1 24
13 6 3 3
13 10 5 8
13 11 18 17
13 12 65 4
13 15 1 16
13 17 1 3
13 20 5 3
13 21 5 2
14 1 2 20
14 7 8 21
14 8 205 2
14 9 108 1
14 11 1 27
14 12 34 1
14 15 1 18
14 18 37 17
15 6 88 4
15 7 206 17
15 10 1 28
15 11 172 1
15 12 11 5
15 14 9 1
15 18 1 27
15 26 10 23
15 27 7 1
16 0 134 25
16 1 20 16
16 3 29 15
16 4 10 10
16 5 33 29
16 8 203 28
16 12 13 8
16 13 22 26
16 15 1 15
16 17 68 28
16 23 20 6
16 24 12 24
17 0 136 2
17 1 1 27
17 4 139 1
17 6 117 1
17 7 24 5
17 8 5 25
17 16 238 1
17 19 1 29
17 24 53 25
17 27 1 1
18 2 1 2
18 3 21 1
18 4 46 18
18 6 151 2
18 9 104 4
18 12 37 1
18 19 4 26
19 0 140 1
19 2 1 5
19 7 7 10
19 11 11 23
19 16 36 1
19 17 87 1
19 18 6 16
19 20 1 12
19 27 8 21
20 0 242 1
20 4 90 4
20 7 5 13
20 9 42 6
20 16 1 17
20 19 34 1
21 1 46 23
21 2 10 1
21 24 2 16
22 1 43 5
22 6 1 26
22 8 16 16
22 10 7 16
22 12 2 20
23 10 2 28
23 11 85 1
23 16 1 18
23 18 16 16
24 0 97 16
24 1 12 6
24 3 25 9
24 5 12 22
24 7 2 9
24 8 18 27
24 9 73 2
24 11 1 26
24 12 3 28
24 16 26 21
24 18 14 2
24 25 9 6
25 0 2 17
25 7 147 1
25 10 56 2
25 23 16 9
26 1 1 14
26 8 2 14
26 10 55 1
26 22 4 5
26 23 13 2
26 27 3 17
27 4 2 14
27 7 75 1
27 12 44 25
27 25 5 1
