0 1 8 8
0 3 114 4
0 4 68 2
0 5 3 13
0 6 254 8
0 8 32 21
0 11 1 19
0 16 30 3
0 17 4 1
0 18 1 24
0 19 185 1
0 22 27 10
0 24 96 17
1 0 19 14
1 2 11 1
1 3 24 10
1 4 58 1
1 5 2 15
1 6 86 1
1 7 189 1
1 8 16 20
1 9 188 1
1 10 147 1
1 15 24 6
1 16 17 1
1 17 15 7
1 18 125 1
1 20 139 1
1 24 3 12
2 0 1 13
2 1 1 8
2 3 25 1
2 4 2 18
2 7 2 21
2 8 111 14
2 11 99 2
2 17 123 13
2 18 1 11
2 20 1 19
2 22 1 12
2 23 7 12
2 25 2 27
3 0 7 10
3 1 1 20
3 2 16 15
3 4 2 29
3 5 11 16
3 7 23 6
3 8 1 3
3 9 3 1
3 13 22 13
3 16 97 5
3 20 1 5
3 24 2 22
4 1 71 1
4 3 5 9
4 5 21 1
4 6 23 2
4 7 19 3
4 8 96 1
4 9 1 22
4 10 91 1
4 13 5 23
4 14 2 28
4 16 136 5
4 23 10 8
4 25 1 29
4 27 25 8
5 0 16 21
5 1 2 13
5 2 23 2
5 3 39 9
5 4 46 1
5 6 258 1
5 7 5 1
5 8 58 12
5 9 281 24
5 10 1 1
5 11 1 16
5 12 36 2
5 15 3 12
5 16 2 22
5 17 38 1
5 20 56 1
5 22 4 10
5 24 81 22
5 27 2 6
6 1 59 1
6 2 11 22
6 3 1 27
6 4 6 1
6 5 20 27
6 7 153 1
6 8 19 1
6 9 3 20
6 10 9 25
6 11 1 14
6 12 4 17
6 14 31 1
6 17 1 15
6 24 23 9
6 25 1 4
7 0 1 6
7 1 159 1
7 2 207 1
7 3 6 7
7 4 174 2
7 5 1 15
7 6 1 10
7 8 1 21
7 10 1 3
7 11 46 3
7 12 1 24
7 15 5 5
7 17 1 11
7 19 1 1
7 25 27 1
7 26 2 2
7 27 2 28
8 0 17 3
8 1 153 3
8 2 128 1
8 3 125 14
8 5 440 22
8 6 7 3
8 7 2 13
8 9 57 1
8 10 196 9
8 11 21 29
8 13 12 3
8 14 32 1
8 15 93 1
8 16 29 22
8 17 4 21
8 18 1 29
8 21 30 4
8 22 30 2
8 24 108 1
8 25 1 8
8 26 83 1
8 27 66 2
9 0 29 22
9 3 4 11
9 4 132 1
9 5 13 27
9 6 10 27
9 7 224 1
9 8 214 1
9 10 3 26
9 12 132 1
9 14 11 25
9 18 99 2
9 21 1 20
9 25 76 1
10 0 3 11
10 1 86 2
10 2 2 21
10 3 1 25
10 4 193 2
10 6 1 4
10 7 209 1
10 8 232 1
10 9 6 2
10 11 190 1
10 12 4 2
10 13 146 1
10 14 10 1
10 15 9 7
10 18 19 1
10 21 74 4
10 25 69 2
10 27 22 1
11 0 3 29
11 1 116 1
11 3 5 13
11 4 4 3
11 5 5 27
11 6 130 1
11 7 90 22
11 8 2 23
11 9 1 24
11 10 67 1
11 14 1 11
11 15 2 10
11 19 21 2
11 20 2 25
11 22 114 13
11 24 1 2
11 25 126 1
11 26 2 26
11 27 89 1
12 1 1 16
12 5 156 5
12 6 37 1
12 8 1 23
12 9 1 10
12 11 1 24
12 13 33 2
12 16 60 8
12 21 62 4
13 4 15 26
13 9 68 3
13 10 4 27
13 11 3 15
13 12 96 2
13 14 1 21
13 15 2 12
13 22 3 2
14 1 1 11
14 8 196 2
14 9 1 25
14 10 1 25
14 11 13 18
14 13 31 2
14 15 3 16
14 17 61 3
14 20 33 2
14 23 5 22
14 24 29 5
15 0 56 1
15 1 1 2
15 3 9 25
15 4 1 18
15 7 64 12
15 9 86 3
15 10 1 21
15 11 153 1
15 14 38 2
16 0 15 5
16 1 122 10
16 2 25 8
16 3 2 18
16 4 5 17
16 5 3 21
16 8 6 27
16 11 11 27
16 15 24 2
16 17 196 1
16 19 27 17
16 24 2 28
17 0 126 1
17 1 3 21
17 2 162 3
17 4 130 1
17 5 2 6
17 6 107 2
17 9 4 29
17 10 7 5
17 12 96 1
17 13 44 4
17 16 221 1
18 6 2 2
18 7 113 29
18 9 101 1
18 14 2 13
18 16 144 1
18 20 34 11
19 0 30 1
19 1 135 1
19 2 8 20
19 4 6 2
19 5 2 7
19 9 58 6
19 18 6 3
19 20 84 21
20 1 1 7
20 2 1 29
20 6 59 4
20 8 1 4
20 9 40 3
20 10 96 1
20 12 71 2
20 15 43 3
20 16 1 6
20 19 14 1
21 8 32 9
21 24 2 4
21 25 10 21
22 2 5 3
22 5 1 13
22 6 3 24
22 8 16 14
22 9 2 19
22 10 8 27
22 14 9 4
22 18 1 15
22 27 10 5
23 6 2 21
23 18 16 19
23 21 1 23
24 0 130 14
24 1 18 21
24 3 3 20
24 5 2 15
24 7 1 13
24 8 18 18
24 11 2 16
24 16 16 8
24 20 2 14
24 23 9 2
24 26 2 28
25 0 1 18
25 7 133 1
25 11 2 7
25 16 1 22
25 17 42 3
25 19 1 2
25 26 34 2
25 27 30 1
26 20 47 1
27 0 1 16
27 8 102 9
27 10 18 5
27 13 10 3
27 17 54 24
27 25 4 25
27 26 6 22
