0 1 40 1
0 3 11 1
0 4 65 1
0 5 63 1
0 6 3 1
0 7 90 1
0 8 10 27
0 16 12 1
0 18 1 18
0 19 7 1
0 24 37 14
0 27 1 17
1 0 52 25
1 3 72 1
1 4 44 1
1 5 5 2
1 6 75 1
1 8 13 27
1 9 184 1
1 10 144 1
1 12 21 2
1 14 1 14
1 16 40 19
1 17 1 17
1 18 123 2
1 21 1 14
1 22 1 23
1 24 51 11
1 26 8 3
1 27 1 19
2 1 1 18
2 3 15 1
2 4 1 6
2 5 44 1
2 6 41 2
2 7 13 16
2 8 54 1
2 11 96 2
2 13 16 19
2 18 26 4
2 20 1 10
2 24 21 4
3 0 9 15
3 1 336 1
3 2 6 20
3 5 78 27
3 7 4 4
3 8 46 3
3 10 48 2
3 11 22 1
3 16 100 1
3 17 22 2
3 20 2 25
3 24 67 2
3 27 32 3
4 0 4 5
4 1 61 1
4 3 5 10
4 5 16 1
4 6 19 1
4 8 91 1
4 9 1 2
4 10 88 1
4 11 1 14
4 12 93 1
4 16 136 1
4 24 61 5
5 0 46 1
5 1 9 26
5 3 52 4
5 4 72 1
5 6 202 1
5 8 1 12
5 9 19 21
5 10 5 12
5 11 1 2
5 16 73 1
5 18 1 1
5 20 56 1
5 24 26 27
6 0 2 10
6 1 50 1
6 2 11 3
6 3 1 4
6 4 292 1
6 5 12 18
6 7 149 1
6 8 6 1
6 9 3 18
6 10 2 10
6 11 4 11
6 12 1 20
6 14 30 1
6 16 1 4
6 17 28 3
6 20 1 1
6 23 1 2
6 24 1 29
6 26 55 15
6 27 19 2
7 0 1 13
7 1 155 1
7 2 202 1
7 3 14 18
7 5 1 1
7 6 2 14
7 9 1 14
7 10 1 12
7 11 22 5
7 14 25 1
7 15 8 15
7 17 18 9
7 19 69 7
7 25 24 1
7 27 4 16
8 0 19 16
8 1 22 1
8 2 113 1
8 3 2 1
8 5 19 28
8 6 34 6
8 7 5 28
8 9 52 1
8 10 127 14
8 11 2 16
8 12 1 27
8 13 11 2
8 14 30 1
8 15 91 2
8 16 18 8
8 17 1 1
8 18 15 26
8 24 76 7
9 3 3 27
9 4 125 1
9 5 3 27
9 6 6 20
9 7 222 1
9 8 205 1
9 10 3 4
9 12 129 1
9 14 1 17
9 15 21 1
9 17 69 25
9 18 98 1
9 21 36 8
9 23 9 21
9 25 75 6
10 0 1 14
10 1 83 1
10 2 1 9
10 3 1 15
10 4 190 1
10 6 4 29
10 7 203 1
10 8 216 1
10 9 3 1
10 11 179 1
10 13 143 1
10 14 96 1
10 15 8 6
10 21 74 2
10 22 2 27
11 0 16 1
11 1 113 2
11 3 2 8
11 5 3 10
11 6 126 1
11 7 107 13
11 8 1 5
11 9 1 9
11 10 59 1
11 12 155 4
11 13 11 19
11 14 2 3
11 15 1 25
11 23 2 18
11 24 5 14
11 25 114 1
11 27 86 2
12 2 50 2
12 5 155 11
12 6 34 3
12 9 2 25
12 10 15 1
12 13 30 1
12 21 61 5
12 23 32 7
12 27 4 15
13 0 58 1
13 4 3 28
13 5 1 4
13 6 1 1
13 10 1 2
13 11 4 2
13 12 96 1
13 14 1 2
13 24 2 20
14 1 2 9
14 3 5 3
14 7 21 17
14 8 193 1
14 9 100 2
14 10 1 18
14 11 3 24
14 13 29 1
14 15 27 1
14 17 61 2
14 19 10 22
14 24 29 13
15 1 1 23
15 7 203 2
15 8 148 10
15 11 294 1
15 14 34 2
15 23 5 10
15 25 21 7
16 0 35 23
16 1 107 1
16 3 19 26
16 5 220 1
16 7 13 2
16 8 26 1
16 10 1 5
16 17 193 1
16 24 12 5
17 1 1 22
17 2 161 1
17 4 127 1
17 5 2 23
17 6 104 1
17 7 1 2
17 8 50 1
17 10 17 26
17 16 216 1
18 2 1 7
18 3 19 1
18 5 1 4
18 8 13 2
18 9 100 1
18 10 87 2
18 12 34 3
18 16 139 1
18 17 110 1
18 24 16 2
18 25 15 9
19 0 25 1
19 1 133 1
19 8 110 1
19 10 25 7
19 11 7 20
19 15 1 4
19 20 5 26
19 27 8 1
20 0 240 1
20 3 2 9
20 4 86 1
20 5 9 1
20 7 1 29
20 8 2 7
20 10 95 3
20 11 1 6
20 12 70 7
20 19 10 1
20 24 3 5
21 6 44 3
21 9 2 16
21 11 30 2
21 17 28 16
21 26 13 13
21 27 10 1
22 5 6 28
22 7 4 6
22 10 2 18
22 11 1 20
22 21 4 3
22 27 10 11
23 4 4 16
23 9 15 15
23 11 73 1
23 24 41 1
24 0 16 1
24 1 39 1
24 3 131 1
24 5 13 23
24 7 49 17
24 8 90 9
24 11 1 18
24 14 1 16
24 15 10 24
24 16 24 1
24 26 11 13
25 0 1 22
25 1 87 6
25 7 128 1
25 11 1 9
25 15 5 12
25 20 11 2
25 26 34 5
25 27 28 3
26 7 47 5
26 9 46 4
26 10 53 1
26 27 3 4
27 2 1 15
27 3 1 18
27 4 27 10
27 10 18 2
27 11 30 1
27 20 50 8
27 25 49 1
