0 1 26 1
0 2 11 16
0 3 19 1
0 4 50 2
0 5 7 15
0 6 243 1
0 7 195 1
0 8 263 1
0 11 4 20
0 14 17 10
0 16 46 1
0 18 1 21
0 19 169 1
0 20 1 1
0 23 9 29
0 24 14 10
0 27 1 4
1 0 51 25
1 2 3 2
1 3 47 27
1 4 9 3
1 5 4 18
1 6 36 1
1 7 166 1
1 8 392 1
1 9 169 1
1 10 128 2
1 11 192 2
1 16 253 1
1 18 114 1
1 20 129 2
1 21 1 25
1 24 29 13
2 0 13 7
2 1 2 21
2 4 20 17
2 5 38 3
2 6 187 1
2 7 1 17
2 8 255 1
2 9 2 8
2 11 85 1
2 12 25 1
2 15 2 17
2 18 1 12
2 25 2 9
3 0 58 1
3 1 443 2
3 1 27 1
3 2 11 28
3 5 2 29
3 7 9 9
3 8 232 1
3 10 38 2
3 11 232 29
3 14 38 14
3 15 2 14
3 16 80 1
3 20 4 17
3 24 42 1
4 0 3 28
4 1 26 1
4 3 3 11
4 6 5 1
4 8 69 1
4 9 1 12
4 11 1 29
4 17 3 11
5 0 59 1
5 1 190 1
5 3 143 1
5 4 49 20
5 6 172 3
5 8 66 2
5 9 15 1
5 10 16 29
5 12 26 1
5 14 1 3
5 16 44 1
5 22 14 4
5 23 5 15
5 24 179 1
6 0 27 6
6 1 19 1
6 2 1 1
6 3 1 28
6 4 81 1
6 5 48 26
6 7 90 2
6 8 6 6
6 9 73 2
6 10 6 17
6 11 3 15
6 14 23 2
6 16 2 17
6 18 127 3
7 0 28 17
7 2 177 1
7 3 58 14
7 4 162 1
7 5 7 23
7 6 2 28
7 8 2 17
7 9 168 23
7 10 1 14
7 11 123 14
7 15 1 2
7 17 3 17
7 18 2 17
7 24 117 2
7 25 14 1
7 27 2 16
8 0 243 1
8 1 267 1
8 2 58 1
8 3 50 1
8 5 380 1
8 6 48 1
8 7 3 5
8 9 30 1
8 10 367 1
8 11 3 5
8 13 8 1
8 14 20 1
8 15 83 1
8 16 166 1
8 19 3 12
8 24 178 6
9 3 1 22
9 4 97 1
9 5 25 23
9 6 21 11
9 7 214 2
9 8 170 1
9 10 6 28
9 11 68 2
9 12 101 23
9 13 22 1
9 17 1 22
9 18 92 1
9 19 11 1
9 23 4 17
10 0 11 16
10 2 2 1
10 3 8 9
10 4 176 1
10 6 1 23
10 7 176 1
10 8 115 1
10 9 1 14
10 11 133 1
10 13 126 1
10 14 26 1
10 15 11 18
10 16 5 22
10 24 1 5
10 27 18 2
11 0 1 14
11 1 103 1
11 5 5 27
11 6 109 2
11 8 1 14
11 9 1 7
11 10 36 1
11 14 9 3
11 15 5 1
11 17 109 3
11 19 17 8
11 22 1 3
11 23 31 7
11 24 4 1
11 25 11 1
11 26 4 11
12 1 1 19
12 2 48 1
12 7 39 1
12 9 3 19
12 10 45 1
12 21 57 2
13 1 1 17
13 4 1 25
13 7 15 1
13 8 21 1
13 10 4 26
13 11 15 29
13 12 90 3
13 15 1 6
13 17 35 4
13 27 1 4
14 4 15 6
14 5 31 14
14 8 179 1
14 9 92 3
14 10 2 18
14 11 1 20
14 17 59 7
14 18 1 12
14 19 10 17
14 24 28 3
14 27 3 20
15 1 1 23
15 3 1 1
15 4 1 29
15 6 80 2
15 7 198 1
15 9 81 2
15 11 224 21
15 14 18 1
15 17 2 27
15 20 61 6
15 23 2 16
15 24 2 16
15 27 2 18
16 0 47 18
16 1 60 1
16 3 73 1
16 4 1 10
16 5 195 5
16 6 9 8
16 8 138 1
16 10 1 2
16 11 11 20
16 17 178 1
16 18 6 3
16 24 72 1
17 0 108 2
17 1 4 23
17 2 154 1
17 4 113 1
17 6 91 1
17 7 27 26
17 8 5 9
17 9 2 9
17 11 11 9
17 12 93 1
17 16 191 1
18 2 2 12
18 3 16 9
18 4 151 1
18 5 2 8
18 8 11 5
18 9 94 3
18 10 82 2
18 16 118 1
18 19 1 22
18 20 36 29
19 0 124 1
19 2 5 8
19 3 9 17
19 8 107 3
19 10 23 5
19 17 83 1
19 20 310 1
19 23 6 8
20 1 1 8
20 2 18 29
20 3 1 29
20 4 82 1
20 7 30 20
20 11 1 3
20 27 2 5
21 1 1 20
21 10 4 12
21 12 30 6
22 6 1 19
22 8 11 1
22 10 8 28
22 18 1 7
22 27 9 1
23 3 1 3
23 6 1 15
23 7 15 1
23 9 1 13
23 10 1 1
23 14 1 5
23 15 1 20
23 22 1 13
24 0 172 1
24 1 37 1
24 3 69 2
24 4 6 2
24 5 166 1
24 7 2 29
24 10 110 2
24 11 1 25
24 14 1 8
24 16 27 8
25 0 2 7
25 7 109 1
25 11 6 16
25 15 4 2
26 3 3 8
26 4 44 9
26 14 1 21
26 17 35 1
26 27 1 5
27 4 3 27
27 5 3 9
27 8 100 7
27 10 15 1
27 11 23 1
27 22 7 6
27 26 8 15
