0 1 23 3
0 2 2 20
0 3 148 1
0 4 48 1
0 5 147 1
0 6 241 1
0 7 194 1
0 8 229 1
0 9 147 2
0 15 4 19
0 16 26 1
0 19 165 1
0 20 182 1
0 24 42 29
0 26 2 6
0 27 44 14
1 0 26 8
1 2 1 1
1 3 59 5
1 4 2 29
1 5 74 1
1 6 30 1
1 7 163 1
1 8 366 12
1 9 166 1
1 12 16 2
1 15 20 8
1 16 206 1
1 17 1 5
1 18 113 1
1 19 138 17
1 20 128 2
1 21 39 11
1 24 74 1
1 27 19 8
2 0 2 24
2 1 3 14
2 3 1 27
2 5 37 5
2 6 28 1
2 7 1 18
2 8 91 1
2 9 16 25
2 11 82 2
2 12 24 5
2 18 8 19
2 24 19 15
3 0 106 1
3 1 395 1
3 2 4 27
3 5 12 12
3 6 205 3
3 7 45 16
3 8 112 1
3 9 3 10
3 10 36 1
3 11 25 2
3 12 1 22
3 16 23 1
3 24 97 1
4 0 1 25
4 1 21 1
4 3 5 23
4 6 3 3
4 8 65 1
4 10 72 2
4 11 1 14
4 12 82 2
4 14 16 29
4 15 25 24
4 16 133 16
4 17 2 23
4 18 1 15
4 20 15 1
4 23 8 19
5 0 275 1
5 1 138 1
5 3 52 1
5 4 35 1
5 6 150 1
5 8 34 1
5 9 12 1
5 10 3 21
5 11 3 15
5 12 24 1
5 16 78 1
5 17 31 2
5 22 14 28
5 24 122 2
5 25 1 24
5 27 1 5
6 0 1 9
6 1 15 1
6 2 4 9
6 3 1 18
6 4 75 1
6 5 13 18
6 7 141 19
6 8 8 8
6 9 3 2
6 10 4 9
6 11 6 17
6 12 9 25
6 13 1 23
6 14 22 1
6 16 7 15
6 17 3 11
6 19 64 3
6 22 47 1
6 25 2 18
7 0 19 2
7 1 133 1
7 2 172 1
7 3 4 2
7 4 160 1
7 6 2 6
7 8 2 19
7 9 28 25
7 10 5 10
7 11 129 1
7 13 1 18
7 15 7 27
7 17 2 2
7 24 115 1
7 25 12 2
8 0 199 1
8 1 400 1
8 2 49 1
8 5 314 1
8 6 34 6
8 7 3 1
8 9 27 1
8 10 233 1
8 11 221 12
8 12 1 1
8 15 81 3
8 16 95 1
8 18 16 15
8 19 1 18
8 20 199 1
8 22 25 3
8 24 39 1
8 25 10 22
9 0 2 9
9 2 108 2
9 4 92 1
9 5 4 6
9 6 3 18
9 8 163 1
9 10 14 25
9 11 66 2
9 12 98 1
9 13 22 2
9 18 91 3
10 0 1 10
10 1 67 2
10 2 2 7
10 3 1 1
10 4 173 1
10 6 3 1
10 7 171 1
10 8 99 1
10 9 2 9
10 11 125 1
10 13 123 1
10 14 18 25
10 15 10 6
10 16 1 29
10 18 14 2
10 19 11 5
10 20 31 12
10 22 2 8
10 24 68 8
11 3 1 27
11 5 20 6
11 6 106 1
11 7 372 21
11 8 67 17
11 9 1 29
11 10 31 1
11 12 150 4
11 14 1 4
11 15 1 1
11 23 17 1
11 24 24 5
11 25 3 9
12 0 1 29
12 1 5 9
12 6 24 3
12 7 38 2
12 8 66 12
12 9 2 22
12 10 199 2
12 18 12 1
12 20 19 1
12 22 1 21
12 25 31 2
13 9 62 1
13 14 1 22
13 15 1 7
13 17 35 24
13 27 1 7
14 2 1 27
14 7 16 10
14 8 176 2
14 9 91 1
14 10 1 24
14 11 1 20
14 15 33 1
15 1 1 24
15 9 81 1
15 10 74 1
15 11 168 1
15 14 16 1
15 18 1 15
15 27 2 4
16 0 37 1
16 1 50 1
16 3 71 1
16 4 2 19
16 5 5 11
16 8 85 2
16 11 53 16
16 12 1 6
16 17 60 1
16 21 1 15
16 24 17 16
17 0 106 1
17 1 2 7
17 2 152 2
17 4 111 1
17 6 89 1
17 7 1 28
17 8 1 7
17 10 17 2
17 13 43 6
17 16 186 1
17 24 1 20
18 2 1 4
18 5 3 9
18 6 141 2
18 9 93 1
18 10 82 1
18 16 114 1
18 17 102 1
18 20 1 21
18 25 15 27
19 0 119 1
19 1 125 1
19 6 47 2
19 7 10 10
19 15 1 18
19 20 5 1
20 1 1 22
20 2 1 19
20 3 12 21
20 7 4 28
20 10 89 1
20 11 1 14
20 27 1 1
21 3 7 23
21 7 2 2
22 6 2 25
22 7 88 6
22 8 1 3
22 10 1 17
22 11 1 3
22 23 1 20
23 0 3 6
23 5 1 16
23 6 1 1
23 7 14 2
23 10 3 25
23 11 58 2
23 22 5 2
24 0 120 1
24 1 220 1
24 3 83 10
24 5 157 1
24 7 2 11
24 8 164 1
24 10 109 1
24 11 1 15
24 13 17 17
24 16 37 1
24 20 1 12
24 25 5 8
24 27 1 9
25 0 1 2
25 3 1 8
25 10 38 2
25 11 9 29
25 14 32 16
25 17 40 5
26 25 1 16
27 7 61 3
27 11 21 2
27 25 2 1
