0 1 56 2
0 2 3 23
0 3 49 4
0 4 41 1
0 5 118 1
0 6 234 1
0 8 151 1
0 16 60 1
0 19 153 1
0 20 175 1
0 24 108 1
0 25 77 1
1 0 49 1
1 3 151 1
1 4 301 1
1 5 79 1
1 6 17 1
1 7 153 1
1 8 48 22
1 9 159 1
1 10 118 1
1 11 186 2
1 12 14 1
1 13 35 6
1 16 87 1
1 18 108 2
1 21 39 15
1 23 57 4
1 24 141 1
2 0 6 17
2 1 10 14
2 3 3 10
2 5 35 2
2 6 17 1
2 7 5 5
2 8 29 17
2 11 77 1
2 19 7 8
2 23 6 20
3 0 2 16
3 1 265 1
3 2 4 16
3 5 70 5
3 6 201 1
3 7 5 27
3 8 44 1
3 9 3 21
3 10 32 1
3 11 5 2
3 15 29 21
3 16 135 1
3 18 4 29
3 20 1 28
3 23 2 19
3 24 4 15
4 0 23 15
4 1 10 1
4 2 1 5
4 3 1 12
4 8 55 1
4 9 3 16
4 10 66 1
4 11 6 11
4 12 78 2
4 15 2 14
4 17 32 16
4 18 67 29
4 22 1 15
4 26 10 1
5 0 153 1
5 1 98 1
5 3 27 1
5 4 15 1
5 6 8 11
5 8 238 1
5 9 9 1
5 10 1 9
5 11 1 18
5 12 21 1
5 14 6 10
5 16 45 1
5 17 28 5
5 19 16 24
5 20 51 7
5 23 5 26
5 24 31 1
6 0 5 12
6 1 6 1
6 2 21 25
6 3 19 12
6 4 53 1
6 5 26 9
6 7 33 13
6 8 17 15
6 9 3 16
6 10 25 9
6 11 5 11
6 14 19 2
6 17 11 6
6 18 122 2
6 19 62 1
6 21 1 8
7 0 4 17
7 1 124 1
7 2 159 1
7 3 15 27
7 5 1 11
7 6 10 8
7 8 17 19
7 10 13 17
7 11 104 1
7 13 1 13
7 14 13 4
7 15 3 13
7 17 2 26
7 25 8 3
8 0 61 1
8 1 287 1
8 2 29 1
8 3 136 1
8 6 215 16
8 7 30 28
8 9 19 1
8 10 163 1
8 11 1 16
8 13 5 6
8 15 77 2
8 16 91 1
8 17 10 13
8 18 9 1
8 24 89 1
8 25 4 25
8 27 59 6
9 3 1 3
9 4 80 1
9 5 5 1
9 6 17 23
9 7 209 1
9 8 146 1
9 10 8 19
9 12 17 1
9 14 2 7
9 16 89 8
9 17 11 17
9 22 63 5
10 1 61 1
10 2 18 29
10 3 3 17
10 4 166 1
10 6 1 23
10 7 157 1
10 8 59 1
10 9 2 7
10 11 104 1
10 13 114 1
10 14 33 1
10 15 12 7
10 18 13 5
10 20 1 20
10 21 71 2
10 22 1 23
10 24 1 19
10 25 51 3
11 0 1 17
11 1 95 2
11 2 2 19
11 3 19 15
11 4 187 4
11 5 1 25
11 6 98 1
11 7 52 1
11 8 2 16
11 9 18 7
11 10 20 1
11 13 1 7
11 14 1 19
11 15 164 25
11 20 1 2
11 22 1 9
11 24 1 5
11 25 59 1
11 26 1 26
12 6 20 3
12 9 1 11
12 10 54 1
12 11 7 19
12 13 13 3
12 17 102 1
12 19 45 1
13 1 21 3
13 4 15 22
13 7 12 2
13 8 18 3
13 10 168 13
13 12 58 1
13 14 1 13
13 22 1 26
13 27 1 8
14 4 14 1
14 5 4 1
14 6 139 2
14 7 23 18
14 8 169 1
14 10 5 9
14 11 4 11
14 21 1 24
14 23 1 5
15 0 50 1
15 7 56 2
15 8 13 19
15 9 79 2
15 10 1 5
15 11 126 1
15 12 30 7
15 17 1 14
15 18 17 8
15 23 1 5
16 0 63 1
16 1 82 1
16 2 21 4
16 3 25 1
16 5 99 1
16 8 142 1
16 9 3 28
16 14 9 1
16 17 173 1
16 18 1 28
16 19 26 1
16 24 34 1
17 0 99 1
17 1 1 29
17 2 148 1
17 3 129 5
17 4 104 1
17 5 1 18
17 6 83 1
17 7 2 1
17 8 2 12
17 9 2 7
17 12 91 3
17 16 173 1
17 19 3 1
17 24 4 28
17 26 1 18
18 2 9 17
18 3 15 5
18 4 156 1
18 7 10 2
18 8 10 1
18 10 79 5
18 16 103 1
18 17 98 2
18 27 20 13
19 0 111 1
19 6 45 2
19 7 7 27
19 10 21 3
19 15 2 5
19 25 1 18
20 0 226 1
20 1 1 9
20 2 6 14
20 3 1 9
20 4 79 2
20 6 50 1
20 8 1 24
20 10 87 1
20 11 2 14
20 18 64 6
21 0 6 6
21 6 41 3
21 7 6 14
21 9 11 17
21 15 9 15
22 5 1 5
22 7 4 1
22 8 2 19
22 10 1 8
23 6 1 28
23 17 5 10
23 21 1 7
23 22 1 28
24 0 102 1
24 1 78 1
24 2 1 5
24 3 1 23
24 5 11 9
24 6 1 1
24 7 2 8
24 8 90 1
24 10 105 1
24 11 10 29
24 15 3 7
24 16 72 1
24 17 1 22
25 0 2 2
25 7 96 1
25 10 34 1
25 11 5 10
25 15 3 1
25 17 39 3
25 27 18 1
26 1 1 2
26 3 3 3
26 4 43 4
26 7 42 1
26 8 1 20
26 10 48 8
26 21 9 10
26 25 2 28
26 27 4 2
27 0 4 8
27 7 58 1
27 12 1 11
27 16 2 19
27 20 49 13
27 25 42 3
27 26 8 11
