0 1 40 1
0 3 16 1
0 5 35 1
0 6 173 1
0 7 73 1
0 8 13 1
0 9 122 1
0 16 22 3
0 18 1 17
0 19 64 1
0 20 115 1
0 24 78 28
0 27 49 25
1 0 176 18
1 2 14 3
1 3 93 10
1 4 74 1
1 5 39 1
1 6 1 26
1 7 86 2
1 8 56 1
1 9 98 1
1 11 149 1
1 14 1 24
1 16 11 1
1 17 318 1
1 21 3 11
1 24 14 2
1 26 4 2
2 0 108 24
2 1 123 26
2 3 2 17
2 4 1 7
2 6 108 1
2 7 1 19
2 8 75 1
2 10 1 11
2 11 37 1
2 14 4 24
2 17 3 3
2 18 1 24
2 20 1 17
3 0 90 1
3 1 17 16
3 2 1 27
3 4 152 4
3 5 189 8
3 6 156 1
3 7 13 23
3 8 95 2
3 11 206 1
3 16 39 8
3 17 144 2
3 19 14 1
3 23 1 14
3 24 131 1
3 26 14 2
4 0 1 3
4 1 4 15
4 2 1 25
4 5 2 24
4 6 1 13
4 8 6 1
4 9 3 28
4 10 26 1
4 16 20 1
4 17 82 22
4 18 249 1
4 19 101 1
4 24 2 27
5 0 15 4
5 1 31 1
5 3 124 1
5 4 2 1
5 6 164 10
5 8 54 2
5 9 25 1
5 10 3 6
5 11 17 8
5 12 2 3
5 16 50 4
5 19 2 1
5 24 111 1
5 25 5 29
5 27 1 17
6 0 3 28
6 1 5 6
6 3 1 1
6 4 149 1
6 5 118 1
6 7 245 1
6 8 240 24
6 8 220 1
6 9 3 11
6 10 11 10
6 12 12 14
6 16 3 7
6 17 3 28
6 18 94 1
6 19 47 5
6 25 1 23
7 0 42 2
7 1 61 1
7 2 66 1
7 4 115 1
7 6 32 1
7 8 12 17
7 10 1 14
7 11 3 1
7 15 83 8
7 17 3 14
7 23 2 1
7 25 1 29
7 27 3 20
8 0 47 1
8 1 32 4
8 2 2 2
8 3 204 6
8 4 1 29
8 5 49 1
8 6 163 1
8 7 19 27
8 10 59 1
8 12 1 1
8 15 46 2
8 16 59 1
8 17 1 11
8 18 1 21
8 21 20 5
8 24 91 1
8 25 11 17
8 26 76 3
9 0 1 13
9 1 3 3
9 2 97 1
9 4 10 1
9 5 1 27
9 6 33 17
9 7 171 1
9 8 38 1
9 10 3 21
9 11 21 1
9 12 46 1
9 14 5 23
9 18 67 3
9 21 5 8
10 0 4 20
10 1 21 2
10 4 111 1
10 5 129 1
10 6 422 24
10 7 68 1
10 8 13 9
10 9 3 23
10 12 1 27
10 13 52 2
10 14 2 17
10 15 1 23
10 19 5 1
10 21 65 2
10 22 1 16
10 24 1 29
10 25 22 2
11 0 8 9
11 1 58 1
11 2 1 1
11 3 21 11
11 5 17 21
11 6 44 1
11 7 102 1
11 8 301 20
11 10 2 27
11 12 130 1
11 13 144 11
11 14 2 15
11 15 131 1
11 17 88 1
11 18 109 1
11 23 9 1
11 24 2 14
11 25 1 28
11 27 34 1
12 0 1 20
12 2 35 8
12 4 141 3
12 5 119 1
12 8 3 28
12 9 223 9
12 10 208 1
12 14 119 2
12 15 1 14
12 16 53 7
12 18 5 10
12 19 42 5
12 23 17 7
13 8 8 2
13 10 208 28
13 11 6 15
13 12 25 1
13 14 1 27
13 19 1 12
14 1 1 2
14 6 126 1
14 7 2 26
14 8 106 1
14 9 50 2
14 10 19 12
14 11 3 9
14 15 17 4
14 24 31 1
15 1 19 25
15 6 59 2
15 7 160 1
15 8 148 4
15 10 10 25
15 11 50 1
15 12 1 6
15 14 2 13
15 22 1 28
15 23 1 18
15 27 3 2
16 0 48 1
16 1 176 1
16 3 18 22
16 5 11 2
16 7 5 1
16 8 46 12
16 10 1 19
16 17 121 1
16 18 14 24
16 21 1 26
16 24 66 1
17 0 51 1
17 1 4 10
17 2 112 2
17 8 1 7
17 9 4 26
17 13 37 5
17 16 78 1
17 26 32 9
18 3 8 14
18 4 109 1
18 5 1 15
18 6 111 3
18 8 155 1
18 9 69 1
18 11 91 7
18 16 32 2
18 25 18 18
19 0 30 1
19 1 91 1
19 2 6 15
19 4 87 7
19 10 13 9
19 11 1 22
19 14 12 20
19 17 70 2
19 20 190 1
19 21 4 6
20 0 181 1
20 1 1 14
20 7 67 16
20 8 5 16
20 9 25 8
20 11 2 5
20 12 62 8
20 19 9 16
20 23 1 13
21 1 1 11
21 15 2 5
22 1 33 5
22 6 1 12
22 8 6 26
22 9 1 15
22 11 1 25
22 15 2 28
22 24 15 7
22 25 8 9
23 6 1 9
23 8 1 21
23 12 1 16
24 0 75 10
24 1 11 25
24 3 51 1
24 5 190 2
24 7 2 21
24 8 24 1
24 10 78 3
24 11 3 9
24 16 53 1
24 26 2 23
25 0 1 14
25 6 4 28
25 7 34 1
25 8 1 26
25 11 40 2
25 27 2 1
26 4 40 22
26 6 3 2
26 8 1 6
26 10 39 1
26 25 1 5
27 0 50 23
27 6 1 15
27 7 36 3
27 8 91 1
27 9 25 1
27 10 5 3
27 16 23 6
27 17 55 3
