0 1 7 17
0 2 2 24
0 3 6 25
0 5 4 8
0 6 135 1
0 7 21 1
0 8 3 5
0 9 108 2
0 10 1 21
0 11 7 21
0 16 4 21
0 19 25 1
0 20 82 2
0 22 2 15
0 24 4 12
1 0 7 15
1 2 4 26
1 3 4 16
1 4 8 1
1 5 5 28
1 6 8 5
1 7 54 2
1 8 4 1
1 9 67 2
1 10 40 2
1 14 6 14
1 16 5 8
1 17 269 1
1 19 102 2
1 22 1 21
1 24 4 4
1 26 3 2
1 27 28 11
2 1 10 26
2 3 47 21
2 4 1 16
2 5 8 2
2 6 60 1
2 7 28 26
2 8 3 1
2 10 1 28
2 11 20 1
2 20 1 2
3 0 6 20
3 1 18 19
3 2 42 1
3 4 4 27
3 5 4 11
3 7 4 29
3 8 3 27
3 9 1 18
3 11 166 1
3 16 4 3
3 17 133 1
3 19 8 7
3 20 1 3
3 21 17 1
3 24 6 3
4 0 60 25
4 1 6 5
4 5 16 19
4 6 8 19
4 9 34 24
4 16 15 1
4 18 206 1
4 22 1 14
4 25 1 9
5 0 4 2
5 1 3 4
5 3 7 21
5 8 4 7
5 9 9 1
5 10 11 17
5 11 6 7
5 16 4 18
5 17 6 3
5 18 71 2
5 20 36 3
5 23 2 7
5 24 4 27
5 25 16 24
6 0 3 22
6 1 3 5
6 3 11 23
6 4 70 1
6 5 37 1
6 7 1 5
6 9 1 8
6 10 62 14
6 11 1 12
6 12 1 13
6 13 1 3
6 15 91 4
6 16 1 15
6 17 4 16
6 18 77 1
6 20 154 2
7 0 2 16
7 1 34 1
7 2 28 1
7 3 111 1
7 5 199 4
7 6 44 22
7 8 4 11
7 9 192 1
7 10 4 28
7 11 5 8
7 12 2 13
7 13 4 13
7 15 11 20
7 17 40 14
7 19 7 12
7 22 1 13
7 24 39 2
7 25 1 1
7 27 79 9
8 0 96 16
8 1 3 12
8 2 3 16
8 3 4 17
8 4 1 5
8 5 6 24
8 6 6 28
8 7 16 17
8 9 1 15
8 11 27 1
8 14 1 11
8 15 31 3
8 16 4 20
8 17 1 12
8 19 4 27
8 20 177 1
8 22 8 1
8 23 69 1
8 24 4 4
8 25 2 15
9 0 113 21
9 1 16 11
9 3 6 19
9 5 276 1
9 6 6 10
9 8 7 1
9 10 191 28
9 11 8 1
9 12 24 1
9 13 4 1
9 14 1 28
9 18 55 4
9 21 2 20
10 3 1 14
10 4 82 2
10 6 58 1
10 7 31 1
10 8 93 14
10 9 119 15
10 12 1 3
10 13 25 2
10 14 5 5
10 15 1 23
10 17 1 23
10 21 60 11
10 22 1 9
10 23 2 25
10 24 1 11
10 25 11 1
11 1 40 2
11 2 1 26
11 4 192 5
11 5 2 23
11 6 22 1
11 7 119 1
11 9 2 17
11 10 4 13
11 13 2 23
11 14 64 15
11 15 37 1
11 20 2 17
11 22 116 1
11 23 10 2
11 24 46 8
11 25 5 19
11 26 12 5
12 0 4 29
12 4 138 1
12 5 98 1
12 9 93 1
12 10 178 1
12 11 166 2
12 14 2 1
12 16 51 1
12 17 88 1
12 21 28 1
12 22 1 6
13 8 110 2
13 12 64 2
13 14 36 29
13 15 17 2
13 27 1 2
14 1 2 19
14 2 1 26
14 5 35 1
14 6 113 1
14 7 1 5
14 8 72 1
14 10 4 10
14 16 11 5
14 22 2 2
14 23 5 12
15 7 114 1
15 8 10 7
15 14 4 8
15 27 3 7
16 0 4 28
16 1 4 6
16 2 10 4
16 3 3 20
16 5 4 14
16 7 2 22
16 8 53 10
16 9 1 27
16 11 3 27
16 17 76 1
16 18 1 17
16 24 6 9
17 0 29 1
17 1 14 27
17 4 36 3
17 5 10 1
17 6 23 1
17 8 1 28
17 10 36 7
17 11 1 10
17 12 74 8
17 14 36 1
17 16 36 2
17 19 1 20
17 20 5 1
17 23 30 1
18 1 1 3
18 2 1 27
18 4 80 1
18 6 95 1
18 7 114 20
18 8 146 1
18 9 57 1
18 14 6 7
18 16 8 2
18 17 56 4
18 20 44 11
19 0 5 1
19 1 72 1
19 2 11 8
19 6 24 1
19 17 64 3
19 20 81 1
19 23 6 15
20 0 149 1
20 3 1 1
20 4 53 3
20 6 24 2
20 7 2 21
20 8 9 25
20 9 20 3
20 15 27 5
20 17 2 24
20 19 3 18
20 24 56 27
21 3 1 18
21 5 13 17
21 9 1 21
21 10 25 19
21 15 2 15
21 16 19 25
22 1 30 1
22 13 1 14
22 20 1 3
22 25 1 4
23 2 11 16
23 6 1 23
23 10 39 10
23 13 11 1
23 14 12 23
23 22 2 1
24 0 4 26
24 1 4 4
24 3 4 26
24 5 4 24
24 7 105 15
24 8 4 21
24 10 63 1
24 11 99 2
24 12 2 7
24 14 18 8
24 15 1 23
24 16 4 22
24 18 9 4
24 20 3 20
25 1 74 1
25 6 4 6
25 7 12 1
25 8 6 23
25 10 3 3
25 11 4 14
25 12 2 20
25 17 29 10
25 26 19 3
26 10 34 2
26 13 1 9
26 15 7 25
26 16 2 22
26 17 30 1
26 24 9 13
27 5 1 1
27 6 1 26
27 7 26 1
