0 1 16 24
0 2 1 20
0 3 198 19
0 5 27 16
0 6 126 2
0 7 152 25
0 8 10 10
0 9 105 1
0 10 1 6
0 11 1 19
0 16 11 9
0 19 19 1
0 24 18 4
1 0 14 27
1 2 3 5
1 3 26 13
1 4 2 2
1 5 11 28
1 6 5 9
1 7 48 2
1 8 21 1
1 9 61 1
1 11 122 1
1 14 3 14
1 16 11 13
1 17 57 1
1 18 50 1
1 19 98 2
1 21 1 17
1 24 21 24
2 0 106 1
2 1 2 5
2 3 69 1
2 4 1 12
2 5 6 1
2 6 50 1
2 7 18 29
2 10 1 11
2 11 16 3
2 14 6 21
2 16 1 9
2 20 3 4
3 0 26 15
3 1 10 13
3 2 20 1
3 5 16 18
3 6 118 1
3 7 41 14
3 8 9 2
3 9 1 24
3 16 10 16
3 18 1 6
3 19 7 5
3 20 1 25
3 23 10 23
3 24 11 28
4 0 1 2
4 1 3 9
4 2 8 24
4 3 1 13
4 5 2 15
4 6 2 11
4 8 1 21
4 9 4 10
4 10 9 1
4 15 1 27
4 16 12 1
4 17 85 15
4 18 37 1
4 22 5 22
5 0 10 7
5 1 10 8
5 3 10 3
5 6 19 1
5 7 1 13
5 8 11 6
5 10 12 11
5 11 11 26
5 16 17 29
5 22 15 2
5 24 11 7
6 0 1 19
6 1 3 7
6 2 244 3
6 4 56 1
6 5 2 1
6 7 198 1
6 8 202 21
6 9 1 11
6 10 16 23
6 11 1 15
6 12 1 11
6 13 1 14
6 17 3 22
6 18 74 1
6 19 37 2
6 23 7 2
7 0 1 17
7 1 29 1
7 2 21 1
7 3 135 1
7 4 88 2
7 5 196 2
7 6 2 5
7 8 38 28
7 9 189 3
7 10 1 3
7 11 13 3
7 12 3 22
7 13 14 18
7 15 135 6
7 21 71 21
7 22 1 5
7 23 1 13
7 24 35 1
7 27 1 12
8 0 10 26
8 1 21 6
8 2 41 14
8 3 20 9
8 4 1 1
8 5 22 13
8 6 15 18
8 7 2 9
8 9 1 9
8 10 3 7
8 12 1 22
8 14 1 21
8 15 28 3
8 16 10 23
8 17 1 13
8 18 1 20
8 21 17 2
8 24 39 16
9 0 1 13
9 1 1 24
9 3 5 13
9 5 255 1
9 6 238 5
9 7 141 2
9 8 3 1
9 10 1 21
9 11 6 1
9 17 104 22
9 18 53 1
9 19 3 6
9 24 1 29
9 25 55 1
10 2 198 19
10 3 22 11
10 4 76 1
10 5 115 1
10 6 42 1
10 8 25 27
10 9 4 27
10 11 1 11
10 12 1 17
10 14 9 11
10 17 2 13
10 20 1 7
10 22 1 9
10 25 9 1
11 0 2 4
11 2 21 18
11 5 1 25
11 7 77 1
11 9 2 3
11 10 2 9
11 15 6 1
11 20 1 10
11 23 130 1
11 25 2 25
12 0 1 13
12 1 24 2
12 5 93 2
12 9 12 7
12 10 171 1
12 13 2 2
12 15 1 24
12 17 86 7
12 18 2 20
12 22 1 13
12 25 20 1
13 4 1 25
13 6 1 7
13 10 14 1
13 11 8 7
13 14 4 2
13 25 3 8
14 1 1 28
14 2 2 15
14 7 1 26
14 8 65 1
14 9 28 2
14 10 23 6
14 11 4 27
14 13 1 24
14 17 46 3
14 20 20 8
14 24 28 1
15 4 8 23
15 7 103 1
15 8 140 3
15 10 11 1
15 11 1 5
15 12 2 29
15 14 4 12
15 18 1 29
15 23 2 23
15 24 1 23
15 25 3 5
16 0 11 25
16 1 11 22
16 3 33 7
16 5 14 11
16 8 162 1
16 17 66 1
16 18 3 26
16 21 1 12
16 23 17 19
16 24 10 6
17 0 25 1
17 1 87 3
17 2 85 1
17 4 32 1
17 5 1 29
17 6 19 3
17 7 13 2
17 8 5 4
17 9 15 10
17 11 1 1
17 14 35 3
17 16 29 1
17 19 2 13
17 24 5 23
18 0 114 1
18 2 3 29
18 4 67 27
18 5 1 3
18 7 12 7
18 8 144 1
18 9 55 2
18 12 15 3
18 16 5 1
18 17 53 3
18 19 8 5
18 21 27 14
19 0 2 1
19 2 3 8
19 7 3 3
19 8 86 3
19 10 9 7
19 11 30 21
19 14 11 1
19 17 62 5
19 20 62 1
20 0 141 1
20 1 1 27
20 2 79 1
20 3 1 28
20 6 22 4
20 8 1 14
20 9 19 5
20 10 55 3
20 13 1 17
20 19 2 28
20 24 2 20
21 9 1 26
21 15 9 1
22 6 3 17
22 9 2 21
22 17 15 2
23 3 2 8
23 4 2 2
23 6 40 19
23 10 39 6
23 11 3 2
23 12 1 21
23 15 15 1
23 21 1 26
23 25 1 24
23 27 1 24
24 0 10 27
24 1 18 14
24 3 14 8
24 5 10 29
24 8 11 4
24 10 60 1
24 12 2 22
24 14 1 2
24 16 17 15
24 17 46 22
24 22 19 1
24 26 2 25
25 6 1 25
25 7 8 3
25 8 1 13
25 10 2 2
25 11 3 3
25 12 1 21
25 17 29 4
25 24 4 1
26 1 2 16
26 3 1 1
26 4 38 17
26 10 33 3
26 22 10 27
26 24 5 12
26 27 45 1
27 0 1 13
27 8 84 1
27 9 20 9
27 16 26 12
