0 1 52 16
0 2 11 5
0 3 32 20
0 5 20 1
0 6 99 1
0 7 49 1
0 8 17 14
0 9 94 1
0 10 1 8
0 11 7 21
0 14 4 3
0 16 13 21
0 17 6 8
0 18 1 16
0 19 3 3
0 20 54 2
0 22 1 19
0 24 23 1
0 27 1 27
1 0 85 2
1 2 151 11
1 3 5 29
1 4 1 25
1 5 20 21
1 6 8 12
1 7 29 2
1 8 71 23
1 9 41 1
1 10 21 2
1 11 105 2
1 13 17 5
1 16 20 29
1 17 235 1
1 19 85 1
1 20 61 2
1 22 1 14
1 24 48 17
2 0 6 19
2 1 35 1
2 3 10 1
2 5 2 8
2 6 24 1
2 8 3 10
2 9 11 4
2 10 1 10
2 16 1 12
2 25 21 9
3 0 7 21
3 1 5 7
3 2 3 1
3 4 148 1
3 5 24 2
3 6 94 1
3 7 263 25
3 8 12 2
3 9 21 22
3 10 1 10
3 11 124 1
3 16 31 11
3 19 4 12
3 20 1 28
3 24 65 1
3 27 23 2
4 1 81 5
4 2 3 6
4 3 35 27
4 5 46 12
4 6 2 28
4 9 78 17
4 10 2 5
4 11 1 21
4 14 84 7
4 16 8 4
4 17 4 14
4 18 177 1
5 0 25 1
5 1 13 22
5 3 5 2
5 4 2 8
5 6 306 11
5 7 6 8
5 8 3 7
5 9 7 6
5 10 27 9
5 11 7 10
5 13 1 25
5 16 42 20
5 17 2 4
5 20 31 9
5 21 3 17
5 24 14 19
6 0 2 12
6 1 6 17
6 3 11 20
6 4 19 1
6 5 22 22
6 7 144 1
6 8 108 1
6 9 3 2
6 10 1 27
6 11 1 9
6 13 1 3
6 15 83 2
6 16 1 29
6 17 45 22
7 0 47 1
7 2 5 2
7 3 191 1
7 6 41 23
7 8 108 11
7 10 1 23
7 11 55 4
7 17 1 6
7 19 39 9
7 21 71 3
7 23 4 3
7 24 22 1
7 25 13 23
8 0 29 1
8 1 24 28
8 2 3 26
8 3 5 15
8 4 1 9
8 5 101 16
8 6 77 1
8 7 11 15
8 9 1 3
8 10 12 19
8 11 393 1
8 13 1 6
8 15 19 2
8 16 188 16
8 20 165 1
8 24 31 25
8 25 1 13
8 26 69 7
9 0 3 10
9 1 9 4
9 2 71 2
9 3 9 27
9 4 1 28
9 5 49 1
9 6 48 1
9 10 222 1
9 11 1 3
9 12 2 1
9 13 1 3
9 14 2 7
9 15 2 1
9 17 1 4
9 19 2 3
10 0 1 27
10 2 196 5
10 3 1 12
10 4 57 1
10 5 90 1
10 6 14 1
10 7 9 1
10 8 6 28
10 9 36 1
10 11 3 14
10 12 14 18
10 14 9 26
11 2 1 6
11 4 187 1
11 6 7 1
11 8 424 1
11 9 33 16
11 10 2 25
11 12 106 1
11 14 1 21
11 15 10 1
11 16 1 18
11 20 1 23
11 23 119 2
11 24 3 8
11 25 5 16
11 26 1 20
11 27 8 1
12 3 53 7
12 4 31 3
12 5 76 1
12 6 1 17
12 9 188 1
12 10 147 2
12 13 3 2
12 15 1 4
13 1 1 29
13 3 20 8
13 6 2 9
13 8 100 1
13 9 27 1
13 10 193 1
13 12 37 1
13 18 30 3
13 21 1 1
13 24 13 1
14 1 13 8
14 2 1 9
14 6 96 2
14 7 1 3
14 8 43 1
14 9 18 1
14 10 21 18
14 13 1 28
14 15 1 11
14 16 10 1
14 20 18 1
14 23 1 26
15 6 40 2
15 7 69 1
15 8 7 1
15 9 42 3
15 11 3 14
15 14 9 13
15 20 47 2
15 23 18 18
15 27 7 22
16 0 33 3
16 1 5 29
16 3 19 10
16 4 76 27
16 5 4 27
16 8 67 18
16 11 1 2
16 17 37 1
16 18 21 5
16 24 4 14
17 0 14 1
17 1 1 22
17 2 68 2
17 3 19 2
17 12 68 7
17 16 10 2
17 18 2 5
17 19 5 13
18 2 10 20
18 4 57 3
18 5 1 27
18 6 79 2
18 11 82 2
18 12 12 1
18 14 1 7
18 17 43 1
18 20 44 28
19 1 54 2
19 2 2 29
19 3 28 7
19 11 2 11
19 16 30 2
19 17 57 4
19 18 8 25
19 20 13 1
19 24 3 2
20 0 116 2
20 3 64 10
20 4 45 1
20 6 17 1
20 7 6 21
20 8 9 2
20 17 1 20
20 19 7 23
20 25 1 13
21 7 1 16
21 9 1 27
21 11 12 5
22 3 2 27
22 8 2 27
22 9 14 12
22 10 7 24
23 6 1 21
23 7 1 28
23 8 1 27
23 9 1 12
23 12 3 22
23 17 1 19
23 21 6 25
23 22 10 3
23 26 1 25
23 27 1 21
24 0 64 23
24 1 128 5
24 3 41 1
24 5 5 6
24 6 2 9
24 7 88 3
24 8 5 17
24 9 53 2
24 10 50 1
24 14 1 10
24 16 5 5
24 20 1 26
24 21 1 6
25 0 25 26
25 6 13 10
25 8 2 3
25 11 1 22
26 8 5 17
26 15 6 21
26 27 28 1
27 0 55 4
27 1 65 17
27 4 2 6
27 23 1 13
27 26 63 1
