0 1 244 13
0 2 119 1
0 3 62 21
0 4 278 2
0 5 155 1
0 6 2 7
0 7 2 18
0 8 247 1
0 9 1 6
0 10 64 1
0 11 1 24
0 15 1 10
0 16 162 1
0 17 146 1
0 19 1 27
0 21 44 11
0 24 205 1
0 27 27 24
1 0 297 1
1 2 18 12
1 3 282 1
1 4 3 6
1 5 254 26
1 6 7 4
1 7 3 18
1 8 153 1
1 9 4 4
1 10 291 4
1 12 94 4
1 14 13 1
1 16 108 1
1 17 1 19
1 19 7 5
1 20 1 2
1 21 1 5
1 24 182 1
1 26 21 4
2 1 4 26
2 3 119 1
2 4 6 1
2 5 1 10
2 6 71 5
2 7 49 1
2 9 39 26
2 10 173 1
2 14 3 5
2 16 6 3
2 17 1 23
3 0 317 1
3 1 281 1
3 5 160 1
3 6 1 1
3 7 202 6
3 8 12 1
3 9 1 13
3 11 2 27
3 15 1 19
3 16 175 1
3 17 2 19
3 24 52 1
4 0 72 1
4 1 7 21
4 5 15 12
4 6 1 24
4 7 141 1
4 8 384 1
4 9 240 1
4 12 187 4
4 15 1 3
4 17 1 21
4 18 1 1
4 19 1 13
4 23 27 6
4 27 43 7
5 0 136 1
5 1 320 1
5 3 140 1
5 4 3 7
5 6 19 13
5 7 165 1
5 8 187 1
5 9 10 21
5 10 88 1
5 14 1 27
5 16 171 1
5 17 113 1
5 18 4 16
5 20 80 4
5 24 105 1
6 0 47 1
6 1 4 16
6 4 2 23
6 5 201 1
6 7 12 12
6 8 149 1
6 9 304 1
6 10 270 1
6 14 134 3
6 20 1 6
6 22 75 10
6 26 65 28
6 27 48 2
7 0 24 2
7 2 4 14
7 3 194 1
7 4 1 12
7 5 20 26
7 6 265 1
7 9 7 10
7 11 74 1
7 12 1 6
7 14 169 3
7 15 54 1
7 18 37 1
7 19 1 21
7 20 144 1
7 22 32 4
7 23 56 3
7 25 241 1
7 27 1 2
8 0 305 1
8 1 145 1
8 2 4 26
8 3 44 1
8 4 268 1
8 5 147 1
8 6 29 25
8 7 345 1
8 9 3 1
8 11 1 19
8 14 224 2
8 16 145 1
8 20 3 14
8 21 52 11
8 24 185 1
8 25 1 22
9 1 142 1
9 2 2 24
9 4 3 14
9 5 5 21
9 6 130 1
9 7 1 28
9 8 2 28
9 10 188 2
9 11 253 1
9 12 1 12
9 16 1 21
9 17 2 18
9 20 15 1
10 1 267 1
10 8 36 14
10 9 30 23
10 11 11 22
10 12 162 2
10 14 3 12
10 15 65 1
10 16 1 15
10 17 48 4
10 18 72 2
10 19 46 2
10 22 25 1
10 24 1 29
10 25 175 4
11 0 2 5
11 1 232 1
11 2 57 1
11 4 2 13
11 7 260 1
11 8 2 15
11 12 1 13
11 14 75 1
11 15 217 1
11 20 58 16
11 21 31 2
11 22 1 19
11 23 1 22
11 24 113 1
11 25 15 25
11 27 192 1
12 0 1 22
12 4 3 20
12 8 36 27
12 9 1 1
12 10 1 24
12 11 6 29
12 14 1 3
12 15 37 1
13 3 1 21
13 7 94 1
13 10 2 11
13 12 5 29
13 25 1 11
13 27 9 3
14 4 66 4
14 6 3 4
14 7 4 5
14 8 1 14
14 9 1 1
14 10 14 3
14 11 63 1
14 18 2 1
15 0 86 1
15 5 2 22
15 6 111 1
15 7 4 5
15 8 2 23
15 9 1 27
15 11 39 1
15 20 1 10
15 24 1 7
16 0 110 1
16 1 192 1
16 2 51 2
16 3 200 1
16 5 183 1
16 8 198 1
16 11 1 11
16 17 2 17
16 18 176 1
16 24 133 1
17 0 257 6
17 1 283 1
17 2 5 24
17 7 1 22
17 10 6 12
17 12 115 6
17 16 180 26
17 18 57 1
18 1 80 2
18 3 49 3
18 4 6 14
18 6 1 4
18 7 1 24
18 8 1 27
18 11 109 7
18 16 126 16
19 0 24 26
19 1 2 9
19 4 89 6
19 6 97 1
19 8 1 27
19 9 58 19
19 12 2 23
19 20 79 1
19 23 6 19
20 0 4 7
20 3 26 2
20 6 126 1
20 8 31 1
20 11 7 1
20 13 45 14
20 18 78 24
20 19 15 17
20 24 26 20
20 27 1 8
21 1 36 1
21 2 12 28
21 4 15 1
21 11 57 5
21 12 1 27
21 17 38 3
22 7 65 21
22 10 1 22
22 11 1 22
22 12 1 16
22 17 35 12
22 26 14 18
23 7 107 1
23 18 22 13
23 22 15 1
24 0 168 1
24 1 166 1
24 3 159 1
24 5 150 1
24 6 2 21
24 8 136 1
24 11 29 1
24 16 157 1
25 4 25 4
25 6 14 7
25 7 2 29
25 8 52 2
25 10 165 1
25 16 1 26
25 23 15 3
25 24 39 1
26 2 13 20
26 16 1 13
26 18 9 3
27 1 63 22
27 3 22 21
27 8 104 20
27 25 3 27
27 26 30 1
