0 1 2 9
0 3 5 28
0 4 6 29
0 5 5 8
0 8 4 19
0 10 1 20
0 11 4 29
0 14 1 15
0 15 77 3
0 16 12 29
0 19 2 1
0 20 21 1
0 24 4 6
0 25 48 4
1 0 4 19
1 2 138 1
1 3 5 14
1 4 15 22
1 5 7 9
1 6 60 21
1 8 4 19
1 9 13 1
1 10 4 2
1 11 74 2
1 13 12 1
1 14 26 24
1 16 4 26
1 17 127 1
1 19 58 2
1 20 40 1
1 24 8 24
2 0 146 1
2 1 282 1
2 8 15 29
2 10 10 16
2 12 2 2
2 18 48 14
2 20 1 1
3 0 5 26
3 1 5 4
3 2 4 11
3 4 127 1
3 5 8 16
3 6 51 2
3 7 142 1
3 8 5 18
3 9 3 29
3 10 2 5
3 11 65 1
3 14 22 1
3 15 36 22
3 16 4 12
3 19 1 3
3 23 13 6
3 24 5 9
3 26 8 27
4 1 42 3
4 5 132 21
4 6 6 19
4 7 3 9
4 8 8 1
4 9 1 23
4 11 2 29
4 12 7 5
4 13 5 25
4 15 5 16
4 16 2 1
4 17 3 19
4 18 112 1
4 21 26 1
4 22 6 13
4 24 2 15
5 0 5 22
5 1 5 20
5 3 4 17
5 4 22 5
5 8 4 2
5 9 10 5
5 10 1 26
5 11 2 19
5 12 1 26
5 13 1 5
5 16 5 11
5 24 5 6
6 0 1 23
6 1 4 24
6 2 229 1
6 3 17 5
6 5 102 3
6 7 56 1
6 9 299 1
6 12 76 15
6 14 2 5
6 16 1 3
6 18 40 3
6 20 152 1
6 21 1 10
6 23 1 11
6 26 39 5
7 2 1 23
7 3 63 1
7 4 45 1
7 6 1 29
7 8 3 29
7 9 167 2
7 11 189 4
7 13 1 20
7 14 1 6
7 15 1 16
7 17 1 1
7 20 2 25
7 23 20 25
7 24 4 2
7 25 1 13
7 26 85 2
8 0 4 27
8 1 58 28
8 2 10 7
8 3 4 4
8 4 5 6
8 5 60 13
8 6 112 26
8 7 104 1
8 9 37 16
8 10 6 28
8 11 340 1
8 12 100 8
8 13 1 21
8 16 23 28
8 17 71 13
8 20 144 1
8 21 10 10
8 22 1 2
8 24 5 29
8 26 64 1
9 1 1 16
9 4 12 11
9 5 17 1
9 6 200 1
9 7 87 1
9 8 3 15
9 10 209 1
9 14 59 23
9 17 1 11
9 22 45 2
9 24 1 2
10 0 2 4
10 2 31 1
10 5 49 1
10 6 234 1
10 8 6 17
10 11 2 13
10 12 1 14
10 14 30 9
10 15 1 12
10 17 2 3
10 20 1 5
10 22 1 25
10 23 2 15
10 24 14 13
11 3 257 1
11 7 8 19
11 8 382 1
11 9 1 28
11 10 4 13
11 13 1 23
11 15 12 14
11 16 1 8
11 17 53 2
11 22 110 2
11 23 80 1
11 25 23 7
12 0 5 7
12 2 17 7
12 5 45 1
12 9 29 13
12 10 101 1
12 11 160 23
12 13 18 16
12 14 84 3
12 17 74 1
12 22 1 5
13 0 50 9
13 4 10 7
13 6 1 14
13 8 77 1
13 9 16 1
13 10 147 1
13 12 8 1
13 25 5 1
14 2 2 29
14 8 12 2
14 10 30 1
14 11 1 4
14 13 40 24
14 15 1 18
14 17 37 1
14 25 10 8
15 0 16 5
15 3 28 8
15 8 121 1
15 9 28 1
15 10 92 2
15 11 55 1
15 20 42 3
15 22 1 1
16 0 5 16
16 1 5 15
16 3 7 10
16 4 2 14
16 5 4 7
16 8 4 14
16 9 1 21
16 17 3 1
16 18 2 13
16 20 4 23
16 21 21 1
16 24 5 3
16 27 10 14
17 1 10 16
17 2 38 3
17 5 1 3
17 7 11 1
17 9 5 11
17 11 113 22
17 14 26 5
17 15 1 14
17 16 1 25
17 18 9 16
18 4 39 1
18 6 56 3
18 8 119 1
18 9 31 1
18 10 32 2
18 14 1 11
18 16 1 21
18 19 12 7
18 20 1 18
18 23 10 26
19 0 9 8
19 1 30 2
19 4 62 3
19 12 1 1
19 20 2 12
19 25 1 14
20 3 4 10
20 4 33 2
20 7 2 13
20 8 7 24
20 11 9 4
20 14 2 20
20 19 12 12
20 27 1 10
21 8 12 7
21 9 17 27
21 12 92 3
21 14 2 14
21 15 3 7
21 17 18 16
21 22 1 13
21 23 6 2
22 1 22 15
22 2 1 7
22 11 13 8
23 4 4 28
23 5 1 25
23 6 45 3
23 10 98 1
23 11 1 29
23 12 2 19
23 14 2 20
23 15 19 5
23 21 8 1
23 22 2 1
24 0 4 18
24 1 5 13
24 3 4 20
24 5 5 19
24 8 25 13
24 11 169 1
24 13 12 28
24 14 1 28
24 16 5 2
24 22 13 2
24 23 1 20
24 27 30 4
25 1 61 1
25 7 1 2
25 9 21 3
25 11 57 1
25 14 16 8
25 15 1 19
25 17 22 1
25 18 31 1
25 27 3 1
26 5 22 11
26 10 23 2
26 15 4 9
26 17 25 4
26 24 1 10
26 27 4 1
27 1 62 14
27 3 33 3
27 4 19 24
27 6 2 29
27 7 7 1
27 9 14 1
27 11 2 12
27 15 1 9
27 26 5 2
