0 1 5 1
0 3 7 23
0 4 1 7
0 5 7 16
0 7 13 1
0 8 6 29
0 9 72 1
0 11 117 19
0 12 96 2
0 15 77 4
0 16 7 29
0 17 1 22
0 18 3 12
0 21 31 18
0 24 7 12
1 0 6 16
1 2 129 23
1 3 8 28
1 4 21 5
1 5 9 15
1 6 3 24
1 8 9 11
1 11 73 2
1 13 12 1
1 16 7 2
1 17 122 1
1 23 40 2
1 24 7 24
2 0 143 1
2 1 269 1
2 4 1 1
2 8 9 5
2 9 88 3
2 10 5 26
2 16 1 4
2 17 17 1
2 20 1 13
3 0 7 21
3 1 8 5
3 2 9 4
3 5 7 22
3 6 49 2
3 7 2 1
3 8 8 17
3 9 25 2
3 11 62 2
3 13 21 1
3 14 21 4
3 15 9 8
3 16 7 6
3 17 97 1
3 20 1 19
3 24 7 3
4 1 44 25
4 2 1 20
4 3 1 19
4 6 2 12
4 8 3 10
4 9 1 8
4 18 109 1
5 0 7 13
5 1 7 18
5 3 8 8
5 4 20 18
5 6 2 1
5 7 1 21
5 8 4 28
5 9 5 29
5 10 3 9
5 12 1 20
5 16 7 26
5 18 45 1
5 23 1 5
5 24 7 9
5 27 1 6
6 0 59 24
6 1 2 14
6 2 226 1
6 3 11 28
6 5 146 19
6 7 53 1
6 8 1 25
6 9 291 1
6 10 258 1
6 12 1 2
6 16 4 20
6 18 40 1
6 21 1 11
7 0 1 6
7 3 55 1
7 4 44 2
7 5 171 1
7 6 1 3
7 10 6 9
7 11 17 5
7 14 4 4
7 15 255 1
7 24 4 1
7 25 1 28
7 26 84 2
8 0 7 8
8 1 240 5
8 2 3 19
8 3 8 8
8 4 4 2
8 5 13 1
8 6 24 8
8 7 7 13
8 9 1 4
8 10 7 9
8 11 336 1
8 12 2 6
8 14 5 5
8 15 6 1
8 16 7 1
8 20 144 1
8 23 49 4
8 24 7 11
9 0 1 8
9 1 1 10
9 3 1 23
9 4 1 10
9 5 12 1
9 6 192 1
9 7 85 1
9 8 1 7
9 10 199 1
9 12 1 14
9 15 42 1
9 16 70 6
9 24 1 2
9 26 2 12
10 0 25 26
10 3 38 24
10 4 25 2
10 5 45 1
10 6 227 1
10 8 3 8
10 11 2 13
10 12 43 8
10 14 2 14
10 17 2 4
10 22 1 9
11 2 5 17
11 3 255 2
11 5 4 24
11 7 35 24
11 8 379 1
11 9 4 6
11 10 2 12
11 12 87 1
11 13 169 1
11 14 11 26
11 15 5 24
11 17 53 1
11 22 110 1
11 25 21 2
11 26 1 19
12 4 121 2
12 5 44 2
12 6 1 11
12 8 220 2
12 9 121 1
12 10 99 1
12 13 1 20
12 14 83 2
12 21 10 2
12 22 6 12
12 27 1 28
13 4 14 5
13 5 2 26
13 8 75 1
13 10 145 1
13 14 25 2
13 17 7 29
13 19 2 11
14 5 25 2
14 6 70 1
14 7 3 6
14 10 27 1
14 12 2 5
14 15 1 16
14 16 8 7
14 20 13 15
15 4 3 12
15 7 16 2
15 8 120 2
15 10 90 1
15 11 4 13
15 12 1 16
15 13 5 22
15 18 3 13
15 20 42 1
15 23 16 2
16 0 7 10
16 1 7 10
16 2 3 8
16 3 7 24
16 4 3 11
16 5 6 20
16 8 7 29
16 9 7 13
16 11 72 8
16 18 4 12
16 20 1 23
16 24 12 12
17 1 1 6
17 2 37 1
17 3 119 1
17 4 3 4
17 5 2 5
17 9 1 1
17 10 26 3
17 18 10 24
18 0 97 1
18 2 4 19
18 3 1 1
18 4 37 1
18 6 55 1
18 8 118 1
18 10 31 4
18 11 74 3
18 12 7 1
18 16 2 15
18 19 1 20
18 27 15 1
19 0 3 5
19 1 29 3
19 2 1 6
19 4 62 1
19 7 1 3
19 8 68 5
19 11 4 4
19 12 2 12
19 17 47 1
19 20 4 13
20 0 69 1
20 4 32 3
20 6 8 2
20 8 3 18
20 10 34 1
20 11 1 12
20 19 38 1
20 25 4 12
21 3 5 18
21 6 22 1
21 12 92 1
21 14 16 3
21 15 10 13
21 20 1 5
21 22 2 24
21 26 12 18
22 18 1 12
23 0 47 7
23 4 35 9
23 6 45 24
23 26 1 1
23 27 2 13
24 0 7 6
24 1 7 13
24 3 7 29
24 5 14 2
24 6 66 11
24 8 16 7
24 10 30 2
24 11 166 1
24 15 12 17
24 16 8 25
24 20 10 19
24 22 12 11
24 25 1 10
24 26 17 6
25 0 25 23
25 6 1 7
25 7 1 24
25 8 3 18
25 9 21 5
25 11 54 1
25 12 4 11
25 26 8 10
25 27 2 18
26 1 1 20
26 18 1 6
26 24 3 19
26 27 4 2
27 3 33 22
27 11 2 26
27 26 51 1
