0 1 92 26
0 2 24 2
0 3 64 1
0 4 1 5
0 5 98 1
0 7 56 1
0 8 84 1
0 11 12 11
0 16 123 1
0 18 2 3
0 19 12 11
0 24 115 1
0 25 37 2
0 27 60 18
1 0 195 1
1 2 91 1
1 3 45 1
1 4 9 6
1 5 145 1
1 6 2 24
1 8 71 1
1 10 1 7
1 11 39 3
1 16 95 10
1 17 16 1
1 18 2 5
1 19 27 1
1 20 17 4
1 24 22 1
1 27 30 25
2 0 70 1
2 1 10 1
2 3 7 5
2 5 1 26
2 6 1 18
2 7 132 1
2 8 2 27
2 10 1 2
2 11 1 28
2 14 23 5
2 15 1 5
2 16 1 28
2 17 117 1
2 21 8 6
2 27 21 5
3 0 411 1
3 1 58 2
3 2 208 1
3 4 89 1
3 5 88 1
3 6 11 3
3 7 116 1
3 8 46 1
3 9 2 21
3 10 3 9
3 11 12 1
3 12 61 9
3 13 18 6
3 14 15 7
3 15 40 3
3 16 51 1
3 17 67 1
3 20 126 8
3 24 18 19
4 0 88 17
4 2 3 15
4 5 115 1
4 6 1 3
4 8 20 29
4 9 1 3
4 10 2 19
4 11 1 26
4 15 3 10
4 17 106 1
4 18 25 2
4 22 20 2
5 0 95 1
5 1 86 1
5 2 1 19
5 3 7 23
5 4 2 28
5 6 31 7
5 7 1 2
5 8 30 1
5 9 57 1
5 11 68 26
5 12 5 28
5 14 25 1
5 16 40 1
5 24 24 1
6 1 1 1
6 2 138 1
6 3 10 2
6 4 2 26
6 5 44 1
6 8 51 24
6 9 145 1
6 10 234 1
6 12 2 11
6 13 6 19
6 18 18 1
6 19 10 1
6 20 142 7
6 23 22 26
6 26 34 1
7 1 1 27
7 2 1 25
7 3 3 2
7 4 18 1
7 5 116 1
7 8 233 1
7 9 143 2
7 11 116 1
7 12 153 1
7 13 1 26
7 15 207 1
7 16 93 2
7 19 80 24
7 20 5 29
7 22 9 20
7 23 6 22
7 25 1 25
7 27 139 5
8 0 29 1
8 1 188 1
8 2 93 1
8 3 165 15
8 4 3 10
8 5 76 1
8 6 257 1
8 7 23 1
8 9 2 7
8 10 137 18
8 11 223 1
8 14 2 21
8 16 34 3
8 17 2 28
8 20 115 1
8 24 7 9
8 27 14 8
9 1 1 16
9 4 1 3
9 5 37 29
9 6 143 1
9 7 45 2
9 8 4 22
9 10 176 1
9 12 13 17
9 14 7 6
9 17 143 29
9 23 6 21
9 24 1 4
9 25 28 2
9 27 19 1
10 0 22 28
10 1 1 4
10 2 155 1
10 3 1 3
10 5 50 1
10 6 63 1
10 7 1 27
10 8 360 1
10 9 235 1
10 11 262 15
10 12 11 26
10 13 1 27
10 22 2 18
10 23 4 5
10 25 1 4
11 0 220 1
11 2 1 16
11 3 191 1
11 6 1 7
11 7 114 29
11 8 278 1
11 10 2 12
11 12 64 4
11 14 49 1
11 15 47 6
11 16 3 17
11 18 97 9
11 23 35 2
11 24 142 1
11 25 4 28
11 26 1 23
12 2 9 4
12 6 1 6
12 9 3 1
12 10 48 1
12 13 53 23
12 15 15 2
12 25 8 5
13 4 15 3
13 10 80 2
13 24 8 7
14 2 13 17
14 10 270 1
14 11 215 1
14 12 1 6
14 13 8 2
14 17 29 3
15 0 8 3
15 2 1 10
15 6 12 6
15 8 89 2
15 9 13 3
15 10 63 15
15 11 2 22
15 14 38 1
15 22 12 11
15 23 13 3
15 24 29 4
15 25 1 5
16 0 33 2
16 1 97 1
16 3 87 1
16 4 33 18
16 5 104 1
16 8 136 6
16 24 23 1
17 1 179 1
17 5 89 13
17 6 2 25
17 9 2 24
17 10 14 2
17 11 1 17
17 15 8 27
17 16 1 29
17 18 2 7
17 19 1 16
17 24 65 9
18 0 81 2
18 1 8 14
18 7 116 3
18 16 1 15
18 21 27 1
18 24 6 3
19 0 12 4
19 8 53 2
19 11 1 4
19 17 34 1
19 20 4 6
19 23 5 7
19 25 1 29
20 1 11 4
20 4 19 1
20 7 2 3
20 8 2 18
20 11 1 28
20 15 12 3
20 17 6 9
20 19 87 1
20 25 4 25
21 7 1 10
21 10 31 2
21 17 16 1
21 18 1 29
22 1 17 5
22 4 53 1
22 6 2 7
22 24 1 28
22 25 1 18
23 2 14 7
23 7 1 9
23 9 57 13
23 11 1 16
23 12 10 20
23 14 25 6
23 15 7 2
24 0 31 1
24 1 59 1
24 3 85 1
24 5 36 1
24 6 33 24
24 8 87 1
24 11 66 1
24 13 10 12
24 16 20 1
24 22 7 14
24 23 5 5
24 26 13 1
25 3 1 14
25 6 9 20
25 7 8 5
25 8 4 16
25 9 12 1
25 11 122 1
25 14 9 5
25 15 1 15
25 17 16 5
25 23 6 4
26 7 4 11
26 13 2 23
26 14 4 20
26 16 1 7
26 20 38 4
27 1 58 3
27 8 57 1
27 12 48 20
27 14 13 1
27 17 53 8
27 20 35 1
27 25 3 2
27 26 16 1
