0 1 299 1
0 2 109 1
0 3 331 1
0 5 59 1
0 6 194 12
0 8 154 1
0 16 25 1
0 17 139 1
0 18 5 25
0 19 7 9
0 21 43 27
0 22 17 7
0 24 107 1
0 25 1 23
1 0 236 1
1 2 21 25
1 3 198 1
1 4 3 9
1 5 35 1
1 6 2 21
1 8 35 1
1 12 91 1
1 13 67 1
1 14 11 6
1 15 64 2
1 16 33 1
1 17 2 18
1 24 88 1
2 1 4 7
2 3 80 1
2 4 3 6
2 6 3 7
2 7 40 1
2 9 1 4
2 10 163 2
2 12 62 1
2 14 3 1
2 17 1 11
2 20 26 1
2 25 25 22
3 0 219 10
3 1 190 1
3 2 5 5
3 5 55 1
3 7 189 1
3 8 219 1
3 11 1 24
3 16 63 1
3 21 18 14
3 24 2 29
4 0 64 1
4 1 6 18
4 5 15 25
4 6 2 1
4 7 136 1
4 9 226 1
4 10 258 1
4 17 2 10
4 18 5 11
4 20 68 5
5 0 26 1
5 1 224 1
5 2 73 4
5 3 50 1
5 4 7 6
5 6 6 7
5 7 158 1
5 8 60 1
5 9 432 1
5 10 77 1
5 16 57 1
5 17 110 1
5 24 41 1
6 0 40 2
6 1 1 19
6 2 36 1
6 3 2 4
6 4 10 29
6 5 75 1
6 7 2 10
6 8 52 1
6 9 157 1
6 10 245 1
6 12 15 1
6 13 11 4
6 14 131 3
6 15 1 5
6 18 2 6
6 21 1 2
6 24 1 24
6 25 13 1
7 1 1 27
7 2 1 26
7 3 164 1
7 6 247 1
7 8 1 8
7 11 58 1
7 12 1 17
7 13 20 2
7 15 45 1
7 20 139 1
7 24 2 28
7 25 236 2
8 0 200 1
8 1 48 1
8 2 7 3
8 3 107 1
8 4 255 1
8 5 2 3
8 6 10 29
8 7 319 1
8 9 412 2
8 10 1 26
8 11 3 9
8 13 99 1
8 15 166 5
8 16 32 1
8 18 1 15
8 20 4 28
8 21 52 2
8 22 79 6
8 24 81 1
8 25 4 26
9 0 1 7
9 1 134 2
9 4 2 2
9 5 20 9
9 6 327 1
9 8 20 15
9 10 428 1
9 12 4 5
9 13 79 2
9 14 26 2
9 15 1 7
9 17 1 16
9 22 2 23
9 23 1 20
9 25 1 19
10 1 262 2
10 3 6 2
10 4 1 28
10 5 1 2
10 7 1 19
10 8 54 6
10 9 32 19
10 11 1 24
10 14 2 15
10 15 57 1
10 16 1 17
10 20 1 6
11 0 6 4
11 1 229 2
11 2 52 2
11 4 2 3
11 6 304 3
11 7 421 1
11 9 24 1
11 14 64 1
11 15 223 1
11 18 1 7
11 19 61 1
11 20 1 20
11 22 1 8
11 23 5 25
11 24 99 1
11 25 3 21
12 0 39 24
12 6 190 1
12 7 110 3
12 8 1 17
12 11 90 22
12 13 161 7
12 14 2 26
12 18 47 6
12 22 29 1
13 1 1 20
13 4 3 14
13 7 91 2
13 10 5 29
13 12 1 2
13 14 12 21
13 18 1 7
13 22 1 23
13 23 1 22
13 25 1 4
14 3 25 13
14 4 65 1
14 8 22 28
14 10 8 26
14 11 53 1
14 17 74 27
14 18 31 23
15 3 1 18
15 6 2 27
15 7 3 23
15 8 3 1
15 11 19 1
15 12 2 5
15 17 26 24
15 23 10 2
15 27 1 22
16 0 20 1
16 1 95 1
16 3 88 1
16 5 81 1
16 6 53 3
16 8 97 1
16 11 5 20
16 13 1 18
16 17 8 25
16 18 166 1
16 24 32 1
17 0 256 11
17 1 262 1
17 3 3 10
17 4 254 6
17 5 2 12
17 7 6 16
17 9 4 4
17 14 71 1
17 16 1 11
17 18 53 2
18 1 76 1
18 4 4 22
18 7 86 19
18 11 110 12
18 16 7 14
19 0 5 3
19 1 3 8
19 4 89 5
19 6 95 8
19 10 60 1
19 11 1 26
19 20 58 1
20 0 1 27
20 1 19 1
20 2 1 29
20 6 123 5
20 8 28 2
20 9 76 6
20 11 5 7
20 17 23 1
20 19 3 1
21 0 1 24
21 10 1 23
21 12 3 20
21 14 4 22
21 22 2 2
21 23 13 3
22 4 1 14
22 7 2 14
22 8 2 5
22 10 4 27
22 11 1 14
22 20 27 9
22 23 10 1
23 0 59 15
23 3 1 22
23 6 18 19
23 7 104 1
23 14 8 1
23 22 13 3
23 24 1 28
24 0 83 1
24 1 56 1
24 3 47 1
24 5 43 1
24 7 1 29
24 8 33 1
24 11 22 1
24 16 44 1
24 17 16 5
24 27 2 18
25 1 2 1
25 7 1 16
25 12 2 28
25 14 21 14
25 17 59 2
25 26 37 19
26 8 1 24
26 11 82 3
27 2 21 28
27 3 1 22
27 6 6 6
27 7 137 5
27 8 2 9
27 10 67 2
27 25 1 29
27 26 25 2
