0 1 24 12
0 2 82 1
0 3 43 8
0 4 9 2
0 5 19 14
0 7 24 1
0 8 124 29
0 10 6 27
0 16 13 13
0 19 2 12
0 24 13 1
0 27 61 8
1 0 84 17
1 2 5 1
1 3 14 20
1 4 105 25
1 5 26 2
1 6 17 1
1 7 1 2
1 8 12 21
1 10 4 21
1 11 23 1
1 16 21 12
1 21 1 22
1 24 14 2
1 25 5 25
2 1 4 2
2 3 31 13
2 6 1 11
2 7 110 1
2 9 50 3
2 14 2 14
2 17 92 1
2 20 1 11
2 22 9 16
3 0 43 19
3 1 62 14
3 2 128 1
3 5 13 10
3 6 1 2
3 7 44 1
3 8 26 5
3 9 92 7
3 12 56 1
3 15 36 3
3 16 18 13
3 17 49 1
3 19 1 11
3 20 1 16
3 24 26 27
3 25 16 1
4 1 1 5
4 2 5 23
4 3 161 1
4 5 54 1
4 7 8 14
4 8 20 22
4 9 61 28
4 10 2 28
4 14 81 2
4 16 52 2
4 17 99 2
4 18 2 1
4 19 67 2
5 0 45 14
5 1 65 8
5 2 1 20
5 3 109 20
5 4 6 27
5 6 289 1
5 7 1 11
5 8 70 24
5 9 4 1
5 10 64 15
5 12 4 4
5 16 13 10
5 24 14 18
6 1 30 1
6 2 80 1
6 3 172 1
6 4 2 23
6 5 6 2
6 9 33 1
6 10 116 1
6 11 56 1
6 12 120 23
6 13 1 16
6 14 16 6
6 16 1 20
6 17 236 17
6 20 134 2
7 0 226 2
7 1 1 18
7 2 49 23
7 3 2 26
7 4 7 3
7 5 81 1
7 6 6 19
7 8 6 14
7 9 115 1
7 10 6 1
7 11 80 1
7 13 2 11
7 14 1 14
7 15 152 1
7 19 79 26
7 20 1 26
7 22 1 8
7 26 65 3
8 0 41 14
8 1 12 2
8 2 271 1
8 3 22 20
8 4 1 17
8 5 23 12
8 6 10 1
8 7 11 1
8 9 7 18
8 10 148 19
8 10 337 1
8 11 151 1
8 12 16 29
8 13 5 16
8 14 18 23
8 16 28 19
8 17 52 21
8 18 127 20
8 19 2 10
8 20 97 1
8 24 56 13
9 1 19 23
9 3 1 15
9 4 2 21
9 5 3 29
9 6 30 1
9 8 5 22
9 10 35 1
9 12 13 2
9 16 55 4
9 20 7 1
9 23 1 9
10 0 126 19
10 2 110 1
10 5 16 1
10 6 9 1
10 7 7 5
10 8 76 1
10 9 192 3
10 11 62 3
10 13 10 12
10 14 18 27
10 15 224 1
10 18 1 5
10 20 26 24
10 22 1 24
10 23 1 22
10 24 67 1
10 25 1 15
11 0 200 2
11 2 1 16
11 3 143 1
11 7 174 1
11 8 205 1
11 10 1 12
11 13 122 2
11 14 34 1
11 15 7 4
11 16 1 28
11 22 75 1
11 23 15 2
11 24 79 1
11 25 57 22
11 26 2 27
12 8 189 1
12 9 4 1
12 13 2 1
12 15 1 27
12 17 54 5
12 22 23 7
13 3 14 1
13 4 1 24
13 6 1 6
13 10 45 1
13 12 2 1
14 1 51 26
14 3 1 29
14 8 3 10
14 10 149 1
14 11 162 1
14 12 1 16
14 13 2 4
14 15 5 1
14 17 25 6
14 18 36 17
14 22 2 22
14 24 12 15
14 27 1 9
15 1 75 2
15 7 3 3
15 8 70 1
15 10 58 1
15 11 268 1
15 12 86 5
15 14 10 1
15 22 11 5
15 26 1 1
16 0 38 12
16 1 14 11
16 3 40 5
16 4 1 13
16 5 37 14
16 6 1 10
16 8 13 10
16 9 1 21
16 17 2 16
16 18 93 1
16 24 13 16
17 0 2 18
17 1 134 1
17 3 72 1
17 4 1 18
17 5 1 27
17 6 4 1
17 9 5 12
17 16 1 20
17 21 29 10
18 1 1 26
18 4 2 13
18 6 17 4
18 16 1 26
19 0 3 14
19 3 5 1
19 8 43 3
19 15 2 7
19 16 22 6
19 17 27 2
19 20 50 28
20 0 7 2
20 1 1 28
20 3 134 27
20 8 31 27
20 15 8 15
20 19 34 1
20 25 7 4
21 3 5 22
22 3 8 9
22 4 50 3
22 7 82 2
22 8 15 25
22 10 126 2
22 19 2 14
23 6 1 6
23 7 23 8
23 11 17 24
23 20 1 7
23 25 2 19
23 26 1 26
24 0 27 14
24 1 13 20
24 3 13 11
24 5 64 1
24 8 14 20
24 10 4 1
24 11 7 1
24 14 4 5
24 16 27 22
25 0 1 10
25 2 8 29
25 6 2 13
25 7 7 6
25 10 1 18
25 11 100 1
25 12 2 22
25 17 13 3
26 7 2 6
26 11 2 23
26 15 2 7
26 16 7 8
26 17 20 21
26 24 1 20
27 1 54 4
27 3 1 1
27 6 1 16
27 16 26 11
27 26 2 3
