0 1 34 1
0 2 74 1
0 3 5 5
0 4 1 13
0 5 34 19
0 7 18 2
0 8 19 4
0 10 2 3
0 11 119 18
0 12 75 3
0 16 168 21
0 17 3 26
0 18 120 7
0 19 5 20
0 21 27 1
0 24 7 19
0 25 28 6
1 0 3 17
1 3 68 20
1 4 10 29
1 5 7 23
1 6 5 1
1 7 1 16
1 8 35 22
1 13 3 1
1 14 6 12
1 16 106 1
1 19 11 1
1 20 6 1
1 24 6 17
2 1 3 3
2 3 27 15
2 4 151 1
2 5 4 19
2 6 2 23
2 7 42 1
2 8 8 1
2 9 47 1
2 10 117 13
2 17 86 1
2 18 53 1
2 25 9 13
3 0 5 8
3 1 17 16
3 2 105 1
3 4 61 1
3 5 28 4
3 7 27 1
3 8 54 22
3 10 26 22
3 16 7 20
3 17 45 2
3 18 2 19
3 23 15 25
3 24 45 22
3 25 14 3
4 0 97 27
4 1 39 1
4 2 6 2
4 5 134 1
4 6 10 14
4 8 10 19
4 9 19 1
4 10 1 10
4 11 10 28
4 13 28 28
4 15 1 9
4 20 2 6
4 21 16 11
4 25 12 4
5 0 7 13
5 1 112 17
5 2 1 20
5 3 34 8
5 6 223 1
5 7 12 22
5 8 109 8
5 9 110 1
5 10 163 1
5 12 10 16
5 13 7 18
5 16 41 16
5 21 8 4
5 24 33 24
6 0 9 3
6 1 8 1
6 2 68 1
6 3 165 1
6 4 2 9
6 5 18 3
6 8 232 1
6 9 17 1
6 10 179 1
6 11 229 11
6 12 4 4
6 14 5 7
6 15 38 1
6 16 2 13
6 17 12 2
6 22 7 14
6 24 87 2
7 0 78 1
7 2 2 29
7 3 5 26
7 5 74 1
7 6 9 25
7 8 44 1
7 9 109 1
7 10 4 1
7 11 149 1
7 12 144 1
7 13 4 25
7 15 138 1
7 16 88 1
7 17 80 17
7 22 1 13
7 23 1 19
7 24 1 24
7 25 3 23
7 26 64 1
8 0 74 17
8 1 18 2
8 2 36 1
8 3 135 22
8 4 1 2
8 5 37 29
8 6 1 16
8 7 225 1
8 9 1 12
8 10 328 1
8 11 135 1
8 13 14 27
8 14 7 10
8 16 7 14
8 17 41 20
8 18 1 26
8 20 92 3
8 24 16 28
9 1 1 18
9 4 3 4
9 5 121 1
9 6 15 1
9 8 2 21
9 10 17 1
9 11 3 20
9 12 66 22
9 15 14 3
9 23 1 11
9 24 20 8
9 26 1 20
10 1 1 20
10 2 100 1
10 3 40 6
10 5 11 1
10 7 9 25
10 8 151 1
10 9 153 1
10 11 11 26
10 12 10 12
10 13 13 20
10 14 356 1
10 15 217 1
10 16 92 3
10 17 10 24
10 21 35 4
10 24 77 5
11 0 195 1
11 2 178 3
11 3 132 1
11 5 157 3
11 6 1 15
11 7 121 18
11 7 361 27
11 8 188 1
11 10 2 26
11 13 117 1
11 14 19 12
11 15 10 11
11 16 1 18
11 20 169 2
11 24 117 8
11 25 97 1
12 2 5 2
12 3 30 2
12 5 1 2
12 6 8 25
12 7 1 5
12 8 185 2
12 9 1 2
12 10 19 2
12 11 140 1
12 13 2 5
12 16 32 9
12 24 56 21
13 0 41 10
13 5 15 6
13 7 13 18
13 11 6 1
13 12 8 7
13 17 1 16
13 19 3 27
13 25 6 16
14 10 120 1
14 11 148 1
14 12 1 17
14 13 34 1
14 15 49 1
15 5 14 1
15 7 1 17
15 10 87 1
15 11 204 1
15 12 85 4
15 18 29 23
15 20 28 2
15 23 4 7
16 0 60 5
16 1 7 22
16 3 7 19
16 4 86 22
16 5 77 28
16 8 34 20
16 17 1 21
16 18 120 2
16 23 14 1
16 24 39 17
17 1 333 1
17 3 68 2
17 8 2 1
17 9 31 7
17 12 39 1
17 15 1 25
17 16 27 24
17 18 1 12
18 0 68 1
18 1 5 4
18 2 51 16
18 4 2 8
18 5 10 1
18 8 75 1
18 10 10 3
18 11 56 4
18 16 1 28
18 19 14 4
18 22 1 15
18 24 4 5
18 25 8 13
18 26 22 9
19 0 2 17
19 2 1 29
19 4 35 6
19 7 1 23
19 11 1 8
19 12 8 26
19 20 1 23
20 0 4 5
20 1 1 1
20 5 2 10
20 11 6 23
20 16 2 11
20 19 45 1
20 23 3 2
20 25 2 14
21 10 1 15
21 11 2 2
21 12 69 1
21 20 1 11
21 23 3 2
22 8 1 28
22 9 46 25
22 10 125 1
22 11 3 29
22 18 3 26
22 21 1 17
23 2 1 9
23 4 5 26
23 6 1 11
23 7 2 15
23 8 1 23
23 11 1 26
23 12 7 27
23 14 25 22
23 22 2 1
23 25 9 5
24 0 6 26
24 1 40 18
24 3 6 12
24 5 222 3
24 6 32 2
24 7 162 1
24 8 20 27
24 11 77 1
24 16 81 23
24 18 3 3
25 1 41 1
25 3 12 29
25 6 1 3
25 7 1 1
25 8 1 9
25 10 2 11
25 11 73 1
25 16 4 5
25 27 2 23
26 9 26 7
26 19 12 27
26 23 1 5
26 24 1 3
26 25 32 3
26 27 1 19
27 0 2 18
27 6 1 16
27 11 7 29
