0 1 4 1
0 2 77 1
0 3 76 1
0 5 34 1
0 6 1 23
0 8 36 1
0 9 16 1
0 10 52 2
0 13 1 16
0 16 4 1
0 17 150 24
0 19 33 28
0 20 5 23
0 24 19 1
1 0 11 1
1 2 13 14
1 3 56 1
1 4 258 6
1 5 78 7
1 6 261 1
1 7 1 8
1 8 9 1
1 9 2 16
1 10 1 9
1 13 1 1
1 14 1 15
1 16 116 1
1 17 1 23
1 19 1 4
1 20 1 2
1 23 24 2
1 24 12 1
2 0 2 1
2 1 4 28
2 3 17 1
2 4 113 1
2 5 2 29
2 6 1 29
2 7 19 1
2 8 121 1
2 9 30 1
2 10 117 2
2 11 13 5
2 13 4 27
2 16 4 21
2 25 7 1
3 0 77 1
3 1 32 1
3 2 1 7
3 4 37 1
3 5 3 1
3 6 2 3
3 8 40 1
3 10 1 13
3 14 7 1
3 15 28 7
3 16 5 1
3 19 1 7
3 20 33 15
3 24 44 1
3 25 9 3
4 0 4 18
4 1 14 1
4 2 15 23
4 3 137 1
4 5 40 1
4 6 170 1
4 7 1 25
4 8 3 21
4 9 46 1
4 10 9 21
4 11 1 3
4 13 10 4
4 14 70 6
4 15 7 28
4 18 2 24
4 19 54 5
4 20 2 28
5 0 5 1
5 1 70 6
5 3 8 1
5 4 146 7
5 6 11 1
5 7 27 26
5 9 23 1
5 10 37 1
5 12 81 12
5 16 6 23
5 24 17 1
5 25 29 22
6 0 277 1
6 1 100 1
6 2 19 1
6 3 125 1
6 4 2 24
6 5 18 18
6 7 1 15
6 8 31 6
6 9 1 24
6 10 39 7
6 11 34 2
6 14 15 18
6 15 26 1
6 16 1 11
6 17 228 2
6 20 121 1
6 21 1 3
6 22 4 5
7 0 74 1
7 1 11 2
7 2 3 3
7 3 3 15
7 6 385 1
7 8 159 1
7 10 322 1
7 11 38 1
7 12 134 3
7 14 4 19
7 15 74 1
7 18 1 25
7 19 42 1
7 20 25 16
7 24 2 13
7 26 54 3
8 0 3 1
8 1 12 1
8 2 77 1
8 3 52 1
8 4 1 16
8 5 129 1
8 6 29 10
8 7 53 1
8 9 2 27
8 10 28 1
8 11 64 1
8 13 1 5
8 16 4 12
8 17 1 2
8 20 71 1
8 22 1 27
8 23 18 2
8 24 8 1
8 26 45 1
9 1 2 7
9 4 1 21
9 5 330 1
9 6 2 3
9 7 7 1
9 8 7 16
9 10 5 14
9 11 13 22
9 12 1 17
9 14 136 1
9 24 1 10
9 27 10 16
10 0 9 9
10 1 1 6
10 2 52 1
10 3 30 5
10 4 1 16
10 6 1 22
10 7 4 3
10 8 79 1
10 9 52 1
10 11 347 26
10 12 48 22
10 13 18 20
10 14 254 1
10 15 174 1
10 16 88 2
10 19 1 8
10 22 2 27
10 25 1 19
11 0 166 2
11 1 2 1
11 2 8 22
11 3 77 1
11 4 121 1
11 5 7 1
11 6 2 26
11 7 250 1
11 8 108 1
11 10 27 1
11 13 88 2
11 14 91 1
11 15 60 1
11 22 54 3
11 24 24 1
11 25 23 1
11 26 63 24
12 1 100 1
12 6 1 22
12 9 1 17
12 10 3 3
12 11 126 2
12 13 47 17
12 16 28 3
12 17 44 1
12 18 1 14
12 22 28 10
12 26 40 1
13 8 13 4
13 10 10 1
13 11 131 2
13 17 8 16
14 1 14 28
14 4 1 25
14 7 141 1
14 8 1 26
14 10 16 1
14 11 80 1
14 13 6 2
14 15 22 1
14 16 3 23
14 23 19 7
14 25 10 4
15 3 7 3
15 5 10 2
15 7 8 26
15 8 43 3
15 10 42 1
15 11 137 1
15 12 78 2
15 14 2 22
15 18 1 23
15 25 3 8
16 0 6 1
16 1 30 1
16 3 33 1
16 5 8 1
16 6 4 3
16 7 1 14
16 8 20 1
16 9 2 7
16 10 87 5
16 17 24 17
16 18 68 1
16 19 7 17
16 23 12 11
16 24 8 1
17 0 1 28
17 1 219 1
17 3 47 2
17 4 1 15
17 10 110 1
17 16 1 20
17 18 6 29
17 20 1 20
18 1 1 26
18 4 1 7
18 5 72 3
18 7 101 4
18 15 1 10
18 16 1 27
18 20 6 9
19 0 1 29
19 4 25 2
19 5 2 13
19 7 20 15
19 9 24 2
19 17 17 4
19 20 6 2
19 21 2 6
20 1 3 13
20 2 90 1
20 3 29 2
20 7 12 28
20 8 32 20
20 11 2 25
20 12 34 1
20 23 1 11
20 27 53 16
21 7 36 3
21 10 6 6
21 17 12 1
21 27 6 2
22 4 46 4
22 7 70 2
22 9 47 2
22 14 1 25
22 23 1 8
23 7 1 14
23 8 10 6
23 10 37 3
23 11 1 27
23 22 2 21
23 25 1 24
24 0 3 1
24 1 19 1
24 3 21 1
24 5 7 1
24 6 29 2
24 7 130 1
24 8 36 1
24 11 26 1
24 16 3 1
24 17 1 28
24 20 8 2
24 22 2 5
24 23 15 7
25 6 5 6
25 7 2 13
25 10 14 27
25 11 11 1
25 27 9 22
26 8 75 12
27 1 49 14
27 24 1 2
27 25 2 16
27 26 1 27
