0 1 2 1
0 2 76 1
0 3 73 1
0 4 2 18
0 5 32 24
0 8 34 1
0 9 16 1
0 12 65 1
0 15 51 4
0 16 2 1
0 17 1 21
0 19 1 16
0 20 1 27
0 24 17 1
1 0 8 1
1 2 4 14
1 3 54 25
1 4 182 8
1 5 1 1
1 6 258 1
1 8 6 8
1 9 2 26
1 10 1 20
1 11 6 6
1 13 1 1
1 16 114 1
1 17 1 14
1 21 1 29
1 22 60 1
1 24 10 1
2 0 2 1
2 1 4 28
2 3 13 14
2 4 112 2
2 6 24 16
2 7 18 1
2 8 118 1
2 9 30 1
2 11 1 27
2 16 2 7
2 17 56 2
2 25 6 19
3 0 74 1
3 1 31 1
3 2 1 13
3 4 36 2
3 5 1 1
3 7 1 28
3 8 39 1
3 10 3 3
3 11 2 24
3 14 7 1
3 16 3 23
3 17 27 2
3 18 1 25
3 20 1 1
3 24 42 1
4 1 11 1
4 3 137 1
4 5 38 1
4 6 168 1
4 7 12 16
4 8 2 26
4 9 45 1
4 10 1 18
4 16 31 1
4 17 74 1
4 22 25 2
5 0 3 1
5 2 1 29
5 3 7 1
5 4 125 1
5 6 8 1
5 7 1 27
5 8 1 3
5 9 21 1
5 10 36 1
5 11 151 21
5 13 3 7
5 15 28 8
5 16 6 1
5 17 1 17
5 24 16 1
6 0 276 1
6 1 97 1
6 2 18 2
6 3 124 1
6 4 2 21
6 5 8 12
6 7 6 21
6 8 80 1
6 9 1 29
6 10 110 1
6 14 18 6
6 15 26 2
6 20 121 1
6 23 7 18
6 24 84 1
6 25 62 14
7 0 73 1
7 1 3 10
7 2 1 6
7 3 18 14
7 5 38 2
7 6 383 1
7 8 156 1
7 9 76 1
7 10 321 1
7 11 35 1
7 13 1 22
7 14 101 26
7 15 73 1
7 18 1 19
7 19 41 3
7 22 7 24
7 23 1 21
7 24 7 5
7 25 29 26
7 27 116 1
8 0 1 1
8 1 10 1
8 2 74 1
8 3 49 1
8 5 124 1
8 6 59 29
8 7 51 1
8 10 22 1
8 11 63 1
8 14 7 5
8 15 1 29
8 16 86 1
8 17 82 14
8 20 71 1
8 22 1 12
8 24 6 1
8 26 45 1
9 4 1 8
9 5 328 1
9 6 1 14
9 7 6 2
9 8 1 1
9 10 1 29
9 11 4 10
9 12 3 24
9 13 7 14
9 14 135 3
9 15 6 2
10 0 1 5
10 1 14 14
10 2 51 1
10 3 176 2
10 4 2 11
10 6 3 17
10 7 1 15
10 8 75 1
10 9 49 1
10 11 3 26
10 12 3 11
10 13 46 18
10 14 251 1
10 15 174 1
10 17 1 17
10 18 2 1
10 20 5 9
10 24 68 4
10 25 1 22
11 1 2 28
11 3 76 1
11 4 120 2
11 5 6 3
11 6 2 18
11 7 241 16
11 8 106 1
11 10 26 22
11 14 89 1
11 15 59 1
11 18 86 1
11 19 2 8
11 20 164 2
11 21 1 1
11 24 22 1
11 25 21 1
11 26 1 19
11 27 6 26
12 1 100 3
12 3 23 1
12 4 60 1
12 6 3 27
12 9 1 15
12 14 17 3
12 15 1 7
12 17 44 4
12 22 25 18
12 25 3 1
12 26 39 24
13 0 37 12
13 1 74 5
13 3 11 2
13 5 15 9
13 6 2 3
13 10 10 1
13 12 6 19
13 14 2 3
14 3 1 28
14 4 1 14
14 5 5 5
14 6 7 1
14 7 141 2
14 8 3 8
14 9 1 8
14 10 15 1
14 11 78 1
14 15 22 1
14 20 3 9
15 1 66 1
15 4 77 1
15 7 1 19
15 10 42 1
15 11 133 1
16 0 5 1
16 1 28 15
16 3 31 1
16 5 6 2
16 8 18 1
16 11 9 7
16 15 28 1
16 17 1 27
16 18 67 19
16 20 4 13
16 24 6 1
16 27 7 11
17 1 217 1
17 4 1 14
17 6 1 8
17 7 141 1
17 10 110 1
17 15 1 8
17 16 1 13
17 18 4 13
17 25 3 24
17 26 4 17
18 4 2 16
18 8 57 1
18 9 1 5
18 10 5 1
18 16 59 28
18 22 1 28
19 8 31 1
19 11 90 27
19 12 9 27
19 14 8 27
19 15 6 10
20 1 2 27
20 2 89 2
20 8 3 12
20 10 5 10
20 11 107 24
20 12 34 3
20 17 1 22
20 26 1 8
21 2 4 1
21 6 9 4
21 10 1 21
21 17 11 19
21 19 3 8
21 26 11 2
22 3 1 2
22 10 118 1
22 11 111 4
22 12 1 1
22 14 6 24
22 24 20 2
23 0 32 5
23 1 1 6
23 7 2 29
23 8 1 5
23 9 48 2
23 11 25 25
23 27 1 21
24 0 1 1
24 1 17 1
24 3 19 1
24 5 5 1
24 7 129 1
24 8 35 1
24 11 25 1
24 12 52 1
24 16 1 1
24 20 21 2
24 23 28 28
25 3 17 21
25 6 6 17
25 7 4 17
25 8 33 14
25 10 13 17
25 11 10 1
25 24 3 2
26 1 59 7
26 4 25 11
26 13 1 17
26 24 1 5
26 27 2 6
27 6 3 24
27 8 38 2
27 11 1 20
27 16 26 18
27 22 2 1
27 23 1 18
27 25 1 23
