0 1 10 28
0 2 62 1
0 3 9 2
0 4 67 16
0 5 10 22
0 6 1 16
0 8 10 26
0 10 1 2
0 11 113 1
0 12 63 2
0 14 1 21
0 16 10 25
0 17 1 12
0 19 2 22
0 23 48 6
0 24 19 11
1 0 17 29
1 2 33 14
1 3 10 19
1 5 10 1
1 6 107 1
1 8 9 23
1 9 1 12
1 10 2 7
1 16 10 25
1 17 1 25
1 18 1 23
1 24 20 28
1 25 1 9
2 1 16 15
2 3 15 1
2 4 102 1
2 5 2 10
2 6 25 23
2 7 51 1
2 8 196 1
2 9 25 1
2 10 3 12
2 11 1 15
2 12 1 3
2 16 1 16
2 17 49 1
3 0 9 27
3 1 10 12
3 2 3 7
3 5 10 23
3 6 1 7
3 7 1 29
3 8 11 25
3 10 1 16
3 11 1 15
3 14 6 1
3 15 27 2
3 16 10 19
3 17 23 1
3 20 140 17
3 24 10 2
3 25 8 3
4 0 258 16
4 1 221 1
4 2 1 4
4 3 130 1
4 5 18 1
4 6 239 1
4 7 16 22
4 8 1 15
4 9 243 1
4 10 1 25
4 11 1 19
4 12 1 27
4 13 22 9
4 15 2 5
4 16 26 3
4 17 72 1
4 18 1 19
4 19 51 2
4 25 14 14
5 0 9 26
5 1 11 29
5 2 15 9
5 3 18 3
5 4 126 1
5 6 4 29
5 7 2 23
5 8 13 27
5 10 109 1
5 11 2 19
5 13 1 26
5 14 11 1
5 16 11 23
5 18 3 6
5 24 10 29
6 0 271 2
6 1 229 1
6 2 10 1
6 3 113 1
6 4 2 19
6 5 169 26
6 7 1 14
6 8 133 1
6 9 3 12
6 10 17 1
6 11 215 2
6 13 1 12
6 14 1 11
6 15 23 1
6 23 1 15
6 24 9 4
6 25 5 14
7 0 70 1
7 1 1 13
7 2 1 10
7 3 20 8
7 6 364 1
7 8 108 1
7 9 68 1
7 10 305 1
7 11 2 1
7 14 5 13
7 15 58 1
7 16 79 4
7 20 1 28
7 21 57 5
7 22 4 16
7 24 1 8
7 25 6 19
8 0 11 18
8 1 9 1
8 2 38 1
8 3 9 11
8 5 264 10
8 6 16 3
8 7 24 1
8 10 223 1
8 11 48 1
8 13 1 21
8 15 1 10
8 16 10 28
8 18 32 10
8 19 59 7
8 20 65 3
8 24 11 16
9 0 41 2
9 1 2 7
9 2 2 7
9 4 13 7
9 5 58 5
9 6 3 18
9 7 4 1
9 8 2 10
9 10 14 14
9 12 4 7
9 14 131 3
9 15 4 8
9 20 1 27
9 22 22 1
9 24 1 20
9 27 9 5
10 1 20 26
10 2 40 1
10 3 174 1
10 4 1 8
10 6 1 26
10 7 7 1
10 8 34 1
10 9 22 1
10 11 16 16
10 13 1 15
10 14 209 1
10 15 160 1
10 17 1 23
10 19 1 28
10 20 138 9
10 23 1 4
10 24 65 3
11 1 1 26
11 2 1 1
11 3 62 2
11 4 115 3
11 5 151 1
11 6 1 16
11 7 448 1
11 7 41 23
11 8 87 1
11 9 225 25
11 10 104 22
11 12 30 1
11 13 80 1
11 14 74 1
11 15 19 1
11 20 162 1
11 24 86 1
11 25 211 1
11 26 1 21
11 27 2 20
12 3 22 3
12 4 54 1
12 5 1 25
12 8 155 1
12 9 5 23
12 13 47 16
12 18 2 26
13 4 17 10
13 6 2 8
13 10 5 2
13 12 3 28
13 14 19 2
13 19 3 2
14 1 1 15
14 3 2 17
14 4 3 10
14 6 4 2
14 8 1 25
14 9 2 4
14 10 3 2
14 11 62 1
14 15 2 1
14 20 3 6
15 2 4 16
15 7 6 21
15 10 32 1
15 11 53 1
15 12 75 6
15 14 1 28
15 18 29 6
15 24 17 1
16 0 10 9
16 1 11 1
16 3 10 23
16 4 1 5
16 5 10 10
16 8 40 26
16 17 26 9
16 18 75 1
16 19 7 4
16 24 15 13
17 0 1 21
17 1 186 1
17 3 42 1
17 4 1 26
17 5 4 1
17 6 1 9
17 7 136 1
17 9 2 10
17 10 106 1
17 13 15 2
17 16 1 28
17 18 1 22
17 19 25 5
17 26 43 19
18 1 2 10
18 3 1 21
18 4 18 4
18 5 6 2
18 6 3 5
18 8 53 1
18 10 3 10
18 16 9 14
18 26 21 20
19 2 11 10
19 7 1 21
19 10 1 1
19 17 15 1
19 20 61 12
20 1 2 17
20 2 84 1
20 4 4 5
20 5 1 29
20 23 15 26
20 24 2 9
20 26 30 1
21 0 43 27
21 2 3 10
21 5 5 1
21 12 53 3
21 14 18 23
21 20 1 2
22 3 2 6
22 4 45 3
22 8 2 18
22 10 114 3
22 18 2 8
23 8 54 12
23 10 35 1
23 11 3 27
23 12 20 18
23 13 1 2
23 14 24 1
23 19 2 1
23 20 3 7
24 0 23 10
24 1 20 22
24 3 10 20
24 5 12 26
24 6 63 4
24 7 120 1
24 8 11 6
24 9 19 9
24 14 29 24
24 15 17 1
24 16 10 29
24 17 61 6
24 18 2 1
24 20 1 18
24 26 17 6
25 1 30 7
25 6 1 27
25 7 1 14
25 11 1 1
25 14 1 20
25 15 1 24
25 20 1 18
25 27 1 16
26 9 22 20
26 11 4 8
26 12 26 4
26 14 1 6
26 25 26 2
26 27 1 27
27 0 2 10
27 2 14 23
27 8 35 6
27 11 1 9
27 18 24 1
27 24 1 23
27 25 1 5
