0 1 8 10
0 2 45 1
0 3 101 21
0 4 3 16
0 5 25 5
0 6 7 10
0 8 76 26
0 9 8 1
0 10 3 7
0 11 121 3
0 12 57 3
0 14 1 21
0 15 44 1
0 16 5 16
0 17 8 20
0 18 107 1
0 19 1 26
0 21 23 2
0 22 1 14
0 23 46 5
0 24 6 27
1 0 20 2
1 2 4 12
1 3 185 27
1 4 233 10
1 5 5 22
1 6 243 1
1 7 1 3
1 8 5 11
1 9 13 25
1 10 5 24
1 16 97 10
1 17 2 11
1 18 4 15
1 24 14 15
2 1 2 5
2 4 79 2
2 5 1 19
2 6 2 9
2 8 163 1
2 10 112 1
2 11 43 12
2 13 3 17
2 15 3 25
3 0 28 6
3 1 5 8
3 2 4 1
3 5 18 11
3 6 1 20
3 7 2 20
3 8 40 22
3 9 111 15
3 10 5 9
3 16 22 26
3 17 15 1
3 19 3 7
3 20 11 1
3 24 78 16
3 27 7 1
4 1 198 1
4 3 116 1
4 6 131 1
4 7 74 17
4 8 5 29
4 9 234 1
4 10 2 4
4 11 1 5
4 13 32 22
4 15 2 15
4 16 18 1
4 17 55 2
4 21 11 1
5 0 18 23
5 1 45 1
5 2 16 20
5 3 5 9
5 4 89 1
5 6 13 5
5 7 3 2
5 8 77 20
5 9 3 29
5 10 97 1
5 16 30 9
5 17 1 13
5 22 2 4
5 24 5 15
5 25 1 6
6 1 145 9
6 3 89 1
6 4 31 4
6 5 53 1
6 7 25 24
6 8 25 1
6 9 2 19
6 10 2 8
6 12 3 1
6 14 1 22
6 15 17 4
6 17 210 2
6 21 28 1
6 22 2 2
6 23 1 29
6 25 1 12
7 0 192 1
7 1 9 6
7 2 3 25
7 3 76 17
7 5 17 1
7 6 316 1
7 8 33 1
7 10 266 1
7 11 8 28
7 13 5 10
7 14 1 14
7 15 30 2
7 20 14 28
7 25 2 14
7 27 103 3
8 0 5 8
8 1 13 29
8 2 2 2
8 3 136 7
8 5 2 8
8 6 60 27
8 9 11 3
8 10 179 1
8 11 22 1
8 12 218 2
8 14 84 14
8 15 5 21
8 16 34 16
8 20 54 2
8 22 3 18
8 23 12 3
8 24 14 13
9 1 1 4
9 3 1 6
9 4 1 16
9 5 267 1
9 6 6 29
9 8 1 18
9 10 62 25
9 11 1 17
9 12 1 20
9 16 41 1
9 20 1 23
9 23 1 20
9 24 3 28
10 1 4 13
10 2 21 1
10 5 1 9
10 6 1 15
10 7 3 3
10 11 3 22
10 12 1 14
10 13 1 7
10 14 123 1
10 15 131 1
10 17 42 24
10 18 1 15
10 20 139 17
10 24 54 16
10 27 2 21
11 3 38 1
11 5 145 1
11 6 1 28
11 7 203 1
11 8 52 1
11 10 18 1
11 12 23 3
11 13 64 2
11 15 288 1
11 16 3 8
11 20 155 1
11 22 41 1
11 24 51 1
11 25 146 1
11 27 7 20
12 1 86 3
12 4 42 3
12 5 1 26
12 6 2 5
12 8 140 1
12 9 5 27
12 11 113 2
12 13 89 20
12 22 3 11
12 24 51 5
12 26 38 23
13 6 45 18
13 8 5 1
13 11 108 1
13 12 8 2
13 14 6 19
14 1 6 25
14 4 2 13
14 7 134 1
14 8 1 9
14 9 3 13
14 10 1 4
14 11 33 1
14 19 4 1
14 22 1 21
15 3 3 5
15 7 2 11
15 8 27 3
15 10 15 1
15 11 60 1
15 13 2 2
15 19 9 21
15 20 19 7
16 0 28 23
16 1 6 22
16 3 20 26
16 4 50 22
16 5 32 23
16 8 43 21
16 17 20 2
16 18 37 1
16 24 46 10
17 0 2 21
17 1 124 1
17 2 1 24
17 3 31 4
17 4 2 17
17 7 126 1
17 13 13 7
17 15 4 4
17 16 42 28
17 25 1 26
18 0 45 1
18 1 2 25
18 4 2 22
18 5 68 1
18 8 44 1
18 10 1 19
18 11 43 1
18 14 19 8
18 16 1 9
19 1 1 25
19 7 1 19
19 11 2 13
19 12 1 12
19 17 12 1
19 20 134 1
19 25 1 16
20 1 1 9
20 3 127 1
20 5 1 9
20 6 1 5
20 8 1 17
20 11 1 5
20 16 42 6
20 17 1 4
20 19 1 5
20 23 2 26
20 24 64 1
21 1 55 2
21 15 12 21
21 24 2 11
22 0 2 5
22 11 99 5
22 14 14 20
22 15 1 13
22 23 2 25
22 26 2 2
23 1 1 2
23 6 75 13
23 11 31 20
23 15 1 24
23 26 1 16
23 27 3 20
24 0 31 24
24 1 5 23
24 3 18 24
24 5 5 28
24 7 100 1
24 8 127 4
24 15 13 4
24 16 19 22
24 17 61 11
24 23 28 28
24 25 1 3
25 2 2 14
25 7 139 19
25 10 2 1
25 11 1 2
25 27 6 18
26 12 24 27
26 13 4 1
26 20 31 26
26 24 13 27
26 25 22 8
26 27 16 6
27 1 46 1
27 6 1 29
27 7 3 5
27 11 82 17
27 25 3 6
27 26 2 25
