0 1 55 1
0 2 29 2
0 3 34 12
0 4 76 25
0 5 133 2
0 6 4 4
0 7 2 19
0 8 30 1
0 10 30 10
0 16 140 1
0 17 1 11
0 18 100 1
0 19 161 25
0 20 2 1
0 23 43 7
0 24 166 1
0 26 2 17
1 0 128 1
1 2 6 13
1 3 81 1
1 4 208 1
1 5 141 1
1 6 128 1
1 7 1 23
1 8 95 2
1 10 1 29
1 14 1 21
1 16 124 1
1 17 11 1
1 18 1 17
1 21 1 25
1 24 116 1
1 25 1 7
2 0 2 22
2 3 4 20
2 4 54 2
2 5 2 20
2 8 27 11
2 9 10 1
2 10 101 1
2 12 3 1
2 14 1 19
2 15 7 5
2 17 20 2
2 26 8 15
3 0 13 8
3 1 271 1
3 2 9 21
3 5 72 1
3 7 24 23
3 8 169 1
3 10 1 21
3 11 21 23
3 15 18 8
3 16 114 4
3 23 16 10
3 24 121 1
4 0 15 1
4 1 97 1
4 2 9 1
4 5 3 3
4 6 106 1
4 7 1 19
4 8 5 18
4 9 186 1
4 10 1 1
4 12 1 3
4 16 11 1
4 17 97 1
4 18 23 8
4 20 2 24
4 25 55 5
5 0 135 1
5 1 194 1
5 3 5 14
5 4 23 1
5 6 9 5
5 8 70 1
5 9 12 25
5 10 64 1
5 12 3 27
5 14 5 1
5 16 133 1
5 17 1 2
5 20 2 1
5 24 35 1
6 0 233 1
6 1 96 1
6 2 1 12
6 3 62 2
6 4 5 15
6 5 102 1
6 7 2 22
6 8 10 26
6 9 3 18
6 10 14 1
6 12 218 2
6 13 2 28
6 14 67 13
6 15 11 3
6 17 190 1
6 20 101 1
6 24 6 1
6 26 20 1
7 0 163 1
7 1 2 20
7 2 2 25
7 3 7 16
7 6 251 1
7 10 216 1
7 11 16 25
7 12 115 5
7 14 149 22
7 20 1 15
7 22 1 11
7 24 1 28
7 25 30 1
7 26 40 1
7 27 92 3
8 0 67 2
8 1 93 1
8 2 1 20
8 3 2 20
8 4 198 1
8 5 229 1
8 6 377 22
8 7 2 7
8 9 274 1
8 10 29 6
8 11 3 2
8 14 8 27
8 16 28 13
8 24 112 1
8 25 92 2
8 26 36 3
9 0 149 1
9 3 1 9
9 5 92 1
9 6 23 16
9 8 1 11
9 10 12 11
9 11 2 12
9 14 106 1
9 17 150 6
9 20 29 18
9 22 15 1
9 23 15 3
10 1 7 7
10 2 5 1
10 3 154 1
10 5 1 16
10 6 4 14
10 7 1 28
10 8 12 14
10 9 2 13
10 11 361 1
10 13 1 5
10 14 41 1
10 15 96 1
10 16 79 5
10 18 2 24
10 21 21 1
10 22 1 9
10 23 1 15
10 25 9 2
10 27 5 12
11 3 15 1
11 4 92 1
11 5 132 3
11 6 1 24
11 7 11 1
11 8 20 2
11 9 221 1
11 10 246 1
11 13 46 2
11 15 141 1
11 16 1 15
11 18 76 1
11 19 4 14
11 20 146 1
11 24 18 2
11 25 59 1
11 26 65 7
11 27 11 22
12 1 75 3
12 5 2 27
12 7 3 12
12 8 121 1
12 9 32 6
12 10 1 14
12 15 1 12
12 17 32 6
12 22 30 12
13 1 68 11
13 6 7 21
13 7 1 29
13 11 88 3
13 12 6 18
13 15 1 24
14 0 1 17
14 4 1 22
14 7 14 1
14 8 1 16
14 10 6 3
14 11 9 1
14 12 6 10
14 13 1 5
14 16 1 14
14 17 12 8
14 18 30 1
14 22 2 24
15 3 1 8
15 7 2 28
15 8 17 1
15 10 2 1
15 12 63 6
15 14 3 18
15 20 16 4
15 23 1 3
15 25 2 5
16 0 31 2
16 1 24 1
16 3 159 1
16 5 14 26
16 6 1 5
16 8 24 1
16 12 4 26
16 13 19 3
16 17 1 26
16 18 7 25
16 24 36 1
17 1 61 1
17 3 21 1
17 4 12 10
17 12 20 4
17 15 2 5
17 16 3 28
17 18 1 8
17 19 46 12
17 20 1 2
17 23 10 19
18 1 1 10
18 4 1 7
18 5 58 1
18 7 88 1
18 8 33 4
18 16 153 18
18 20 1 27
18 24 1 25
19 0 105 2
19 2 17 2
19 7 11 10
19 15 1 6
19 17 8 2
19 20 103 1
20 0 1 24
20 3 10 1
20 11 1 17
20 14 1 20
20 17 6 3
20 19 2 10
20 25 1 3
21 7 4 6
21 9 60 3
21 16 1 11
21 18 3 12
21 19 2 6
22 10 93 3
22 11 90 1
22 13 1 13
22 16 14 24
22 21 7 29
22 23 8 28
22 24 14 5
23 1 1 21
23 6 75 1
23 11 2 7
23 14 22 3
23 15 1 11
23 26 17 12
24 0 19 8
24 1 107 1
24 3 101 1
24 5 13 10
24 6 59 1
24 7 77 1
24 8 179 1
24 11 1 25
24 12 46 10
24 16 93 1
24 17 62 19
25 6 78 3
25 7 4 29
25 11 5 27
25 12 5 29
25 13 3 20
25 17 5 2
25 21 3 23
25 26 1 6
25 27 4 4
26 1 58 4
26 24 24 9
26 25 18 6
27 6 12 24
27 24 7 12
27 26 1 21
