0 1 13 27
0 2 33 1
0 3 10 14
0 4 1 21
0 5 9 10
0 6 9 17
0 7 2 24
0 8 8 5
0 9 1 2
0 10 4 6
0 11 104 1
0 14 2 10
0 15 33 3
0 16 9 3
0 18 94 1
0 20 2 1
0 23 41 2
0 24 36 26
1 0 12 13
1 2 5 9
1 3 74 12
1 4 181 1
1 5 8 26
1 6 58 1
1 7 1 24
1 8 14 29
1 9 1 9
1 10 66 7
1 12 2 23
1 16 9 18
1 17 2 22
1 23 15 1
1 24 9 5
2 0 2 14
2 1 14 6
2 3 28 10
2 4 37 1
2 6 97 26
2 8 43 1
2 10 194 1
2 11 2 26
2 15 2 7
2 17 11 2
2 18 9 26
2 20 4 3
2 22 9 9
3 0 10 1
3 1 8 11
3 5 9 10
3 6 11 26
3 7 5 10
3 8 9 29
3 9 4 4
3 10 2 15
3 11 2 23
3 13 9 5
3 16 14 4
3 18 1 13
3 19 3 29
3 20 32 1
3 24 9 1
4 0 228 1
4 1 35 1
4 3 83 1
4 5 2 9
4 6 202 1
4 7 57 1
4 8 1 22
4 9 145 1
4 10 6 4
4 11 1 29
4 12 2 18
4 15 1 21
4 17 25 1
4 18 1 23
4 20 1 28
5 0 17 26
5 1 9 7
5 2 8 7
5 3 9 18
5 4 89 1
5 6 282 1
5 8 21 28
5 9 23 7
5 10 38 1
5 12 1 29
5 13 9 5
5 16 9 24
5 19 24 4
5 24 9 22
6 1 36 1
6 2 1 16
6 3 43 1
6 4 295 11
6 5 9 1
6 7 4 16
6 8 17 2
6 9 6 24
6 11 160 2
6 12 206 1
6 13 61 19
6 14 2 9
6 17 172 1
6 21 1 22
6 23 1 5
6 27 2 14
7 0 36 1
7 1 3 17
7 2 1 5
7 3 11 24
7 4 1 14
7 6 198 1
7 8 2 7
7 9 23 1
7 10 177 1
7 11 25 13
7 12 108 3
7 13 3 24
7 14 2 6
7 20 1 4
7 24 2 16
7 27 83 4
8 0 20 19
8 1 15 22
8 2 22 12
8 3 9 4
8 4 165 1
8 5 14 24
8 6 303 1
8 7 5 14
8 9 265 1
8 13 39 22
8 15 2 11
8 16 9 3
8 17 239 22
8 24 9 26
9 0 141 4
9 4 261 8
9 5 8 1
9 6 11 23
9 8 18 16
9 10 8 2
9 11 128 27
9 13 3 23
9 14 93 1
9 16 32 3
9 20 8 2
9 25 3 1
10 1 1 5
10 3 146 1
10 4 1 7
10 5 1 18
10 6 7 16
10 7 1 22
10 8 10 8
10 9 3 28
10 11 356 1
10 14 6 1
10 15 70 1
10 17 2 16
10 21 18 3
10 22 4 3
10 24 50 1
11 1 1 18
11 2 192 2
11 3 4 1
11 4 82 1
11 5 122 1
11 6 5 3
11 7 3 12
11 8 5 1
11 9 216 1
11 10 150 1
11 13 33 3
11 14 2 3
11 15 47 1
11 16 3 10
11 20 138 2
11 22 24 1
11 23 1 19
11 24 4 1
11 25 15 1
11 26 1 15
11 27 18 3
12 1 66 4
12 5 2 18
12 6 20 29
12 7 1 11
12 8 106 1
12 9 5 7
12 11 93 3
12 13 49 1
12 21 3 17
12 26 37 3
13 2 10 6
13 4 43 20
13 6 1 8
13 7 12 29
13 9 1 12
13 11 73 1
13 12 1 6
13 14 14 26
13 15 1 3
13 19 1 25
13 21 1 14
13 26 1 8
14 3 8 8
14 4 14 3
14 7 115 2
14 8 50 15
14 9 8 8
14 10 2 27
14 12 2 29
14 13 1 24
14 15 1 11
14 21 11 22
14 22 3 2
15 1 48 5
15 7 14 16
15 11 2 6
15 14 7 11
15 19 9 21
15 20 13 12
15 22 4 2
15 25 1 19
16 0 9 1
16 1 10 2
16 3 9 7
16 5 9 23
16 6 19 14
16 7 4 11
16 8 108 17
16 15 26 8
16 17 1 6
16 18 43 1
16 19 4 4
16 24 9 13
17 0 3 10
17 1 25 1
17 3 13 4
17 4 7 29
17 6 1 4
17 7 102 1
17 8 219 3
17 9 116 25
17 10 75 2
17 14 4 4
17 16 8 22
17 25 2 4
18 0 31 1
18 1 117 4
18 4 38 26
18 5 50 5
18 11 34 4
18 13 16 6
18 16 45 26
18 21 23 15
18 25 9 5
19 0 120 1
19 3 1 2
19 6 3 5
19 9 14 8
19 18 32 4
19 20 48 1
20 1 1 17
20 3 104 2
20 6 1 17
20 7 220 1
20 11 1 12
20 16 43 1
20 17 33 29
20 19 8 22
20 22 32 1
20 23 1 8
21 3 1 23
21 4 1 27
21 12 31 2
21 17 8 11
21 19 2 2
21 27 4 15
22 0 1 26
22 4 38 5
22 7 47 1
22 11 81 1
22 12 1 26
22 20 2 29
22 24 12 12
22 27 3 21
23 4 1 1
23 7 1 14
23 8 77 17
23 10 79 7
23 19 2 5
23 25 1 11
24 0 16 8
24 1 9 8
24 3 16 7
24 5 9 12
24 6 57 2
24 7 60 1
24 8 9 2
24 10 1 9
24 11 1 15
24 16 9 19
24 20 5 12
24 23 26 19
24 26 8 2
25 2 1 26
25 6 1 5
25 7 27 27
25 8 1 27
25 11 4 21
25 15 2 6
25 16 3 1
26 0 1 25
26 4 20 2
26 6 3 16
26 17 14 3
26 19 11 25
26 27 15 11
27 0 63 17
27 5 1 25
27 7 1 14
27 10 19 29
27 23 3 23
27 25 67 1
27 26 7 2
