0 1 17 21
0 2 27 1
0 3 60 19
0 4 2 16
0 5 43 18
0 6 38 20
0 8 13 24
0 10 45 7
0 11 100 1
0 12 45 1
0 16 13 7
0 17 1 21
0 18 93 1
0 19 159 23
0 20 1 5
0 24 14 27
1 0 17 29
1 2 5 6
1 3 167 9
1 4 154 1
1 5 13 25
1 6 42 1
1 7 7 25
1 8 18 1
1 9 3 20
1 10 11 17
1 12 1 28
1 15 4 16
1 16 13 1
1 17 9 12
1 19 2 8
1 20 1 10
1 24 13 3
1 25 33 24
1 26 1 18
1 27 1 11
2 0 1 4
2 1 113 1
2 3 15 13
2 4 32 2
2 6 55 9
2 8 27 1
2 10 187 1
2 11 84 5
2 12 2 19
2 20 3 3
2 22 9 11
3 0 22 1
3 1 199 11
3 2 70 4
3 4 3 3
3 5 14 5
3 6 1 4
3 7 12 21
3 8 13 15
3 9 3 5
3 11 18 7
3 13 8 23
3 15 14 5
3 16 26 28
3 18 1 6
3 20 123 1
3 24 13 23
3 27 3 3
4 0 3 1
4 1 23 1
4 2 169 2
4 3 79 2
4 5 6 18
4 6 183 1
4 7 59 20
4 8 2 7
4 9 133 1
4 10 19 11
4 12 7 14
4 17 91 1
4 18 2 6
4 24 63 2
5 0 30 11
5 1 14 6
5 2 9 22
5 3 13 11
5 4 2 4
5 6 117 1
5 7 219 5
5 8 15 6
5 9 4 20
5 10 33 1
5 11 9 4
5 16 28 9
5 17 1 25
5 21 1 18
5 24 18 15
6 0 203 1
6 1 24 1
6 2 2 24
6 3 38 1
6 4 73 19
6 5 1 10
6 7 21 9
6 8 54 29
6 9 100 25
6 11 153 1
6 12 202 2
6 14 2 13
6 17 167 1
6 21 1 4
6 24 76 1
6 25 9 25
7 0 27 1
7 1 3 14
7 2 80 26
7 3 1 15
7 6 184 1
7 8 7 21
7 9 21 1
7 10 166 1
7 11 90 18
7 12 106 2
7 13 1 9
7 14 2 14
7 17 73 12
7 19 63 5
7 20 1 12
7 22 2 3
7 23 17 25
7 24 1 7
7 26 35 1
8 0 35 17
8 1 24 1
8 2 7 5
8 3 14 10
8 4 189 1
8 5 11 29
8 6 228 1
8 7 3 24
8 9 253 1
8 10 1 12
8 12 199 2
8 15 1 21
8 16 32 10
8 23 5 1
8 24 52 13
9 6 3 18
9 8 272 1
9 10 4 21
9 11 1 11
9 12 6 9
9 14 89 2
9 16 31 3
9 17 144 2
9 20 1 18
10 1 5 10
10 4 1 26
10 5 1 2
10 6 3 4
10 7 1 17
10 8 73 13
10 9 16 9
10 11 11 1
10 12 1 16
10 14 2 1
10 15 63 1
10 18 1 24
10 22 1 18
10 23 16 19
10 24 47 1
10 25 2 24
10 27 1 13
11 0 96 2
11 3 2 2
11 4 79 2
11 5 118 2
11 6 3 19
11 7 6 10
11 10 216 1
11 14 1 1
11 15 28 1
11 16 5 16
11 20 135 1
11 21 2 15
11 23 2 20
11 25 8 1
11 26 2 17
11 27 19 28
12 3 11 5
12 5 1 5
12 6 2 16
12 7 2 1
12 8 102 2
12 9 20 2
12 10 1 17
12 13 44 1
12 15 58 20
12 18 1 21
12 21 1 26
12 22 1 18
12 24 47 1
13 11 69 1
13 12 6 9
13 14 4 3
13 17 3 18
13 25 2 22
14 1 6 1
14 7 4 1
14 9 2 16
14 10 2 19
14 13 1 19
14 15 1 14
14 17 9 10
14 21 1 23
14 24 2 3
15 7 1 12
15 9 1 1
15 11 3 5
15 13 4 1
15 22 3 22
15 23 1 19
16 0 42 17
16 1 14 25
16 3 31 22
16 5 14 29
16 6 2 27
16 8 31 21
16 9 1 22
16 17 3 12
16 18 36 1
16 24 13 11
17 0 1 16
17 1 18 1
17 2 10 18
17 4 2 21
17 6 2 19
17 9 27 27
17 10 73 1
17 16 3 29
17 18 11 29
17 19 46 10
17 20 1 25
17 22 19 3
17 25 1 7
18 0 29 2
18 4 2 17
18 5 48 2
18 9 1 16
18 16 154 1
18 26 19 2
19 0 102 1
19 1 1 14
19 8 12 3
19 9 14 4
19 11 2 25
19 15 2 15
19 17 4 11
19 20 27 1
20 0 3 28
20 2 46 3
20 3 105 1
20 8 1 23
20 11 1 29
20 16 2 1
20 17 25 25
20 19 17 15
21 4 1 25
21 7 1 11
21 12 30 1
21 13 2 14
21 16 2 8
22 5 1 18
22 8 102 1
22 11 78 2
22 12 1 16
22 16 13 22
23 3 21 4
23 11 125 26
23 19 2 13
23 22 4 4
23 27 6 6
24 0 22 18
24 1 13 25
24 3 18 26
24 5 21 28
24 7 55 2
24 8 18 29
24 9 9 3
24 10 1 23
24 11 2 11
24 12 44 3
24 14 27 7
24 16 13 11
24 23 15 2
25 2 1 27
25 3 10 26
25 6 1 20
25 7 1 25
25 10 1 22
25 11 23 19
25 15 1 19
25 19 2 18
25 24 1 21
26 8 65 3
26 10 1 3
26 13 1 13
26 25 14 4
27 0 1 2
27 6 1 14
27 7 1 25
27 11 9 2
27 17 45 3
27 24 1 17
27 26 1 29
