0 1 31 17
0 3 158 5
0 4 1 28
0 5 93 14
0 6 1 27
0 7 1 1
0 8 22 12
0 10 1 4
0 16 22 2
0 17 4 19
0 18 89 3
0 19 3 1
0 20 1 20
0 23 39 1
0 24 23 7
1 0 76 18
1 2 37 1
1 3 9 9
1 4 149 1
1 5 22 13
1 6 17 1
1 7 2 27
1 8 11 17
1 9 1 23
1 10 1 6
1 11 1 22
1 12 1 13
1 16 25 8
1 17 2 15
1 20 1 24
1 24 11 12
2 0 4 3
2 1 112 1
2 3 6 22
2 4 24 1
2 8 5 1
2 10 171 1
2 11 1 14
2 12 3 4
2 17 5 23
3 0 146 7
3 1 28 16
3 2 80 6
3 5 10 25
3 6 29 15
3 7 201 15
3 8 24 16
3 9 110 4
3 11 1 15
3 16 25 21
3 22 1 23
3 24 11 17
4 0 214 1
4 2 159 2
4 3 71 1
4 5 2 19
4 6 146 1
4 8 10 2
4 9 108 1
4 10 1 15
4 12 7 13
4 13 35 16
4 14 44 12
4 18 2 6
4 19 28 1
4 20 1 20
4 22 1 11
4 25 65 3
5 0 10 5
5 1 25 18
5 2 7 14
5 3 22 26
5 4 42 1
5 6 247 1
5 7 218 29
5 8 113 5
5 9 11 27
5 11 160 2
5 12 8 28
5 16 40 7
5 17 1 17
5 24 11 17
6 0 188 1
6 1 6 1
6 2 7 20
6 3 29 1
6 4 73 1
6 5 8 8
6 7 37 29
6 8 14 7
6 9 11 22
6 11 138 1
6 12 194 1
6 15 4 23
6 20 86 4
6 25 2 28
7 0 16 1
7 1 2 22
7 3 1 16
7 4 1 2
7 6 153 1
7 8 10 12
7 10 143 1
7 11 133 17
7 15 1 2
7 16 64 1
7 17 76 22
7 19 60 1
7 20 6 13
7 22 1 24
7 25 184 2
7 26 32 2
7 27 75 3
8 0 120 5
8 1 24 9
8 2 52 4
8 3 145 9
8 4 157 1
8 5 10 8
8 6 154 1
8 7 3 8
8 9 245 1
8 10 2 16
8 12 193 2
8 14 116 27
8 15 1 11
8 16 91 17
8 20 26 2
8 24 11 13
9 5 1 3
9 6 3 12
9 8 7 1
9 10 4 14
9 11 3 27
9 12 83 2
9 18 1 27
10 1 1 13
10 3 134 1
10 4 1 3
10 5 5 14
10 6 3 26
10 7 1 7
10 8 7 9
10 9 7 18
10 11 331 1
10 12 114 6
10 15 49 2
10 17 45 16
10 18 7 9
10 21 16 1
10 23 17 8
10 24 41 1
10 25 2 4
10 27 1 24
11 0 86 1
11 1 29 14
11 4 73 2
11 6 4 22
11 7 19 21
11 9 24 1
11 10 111 1
11 13 23 1
11 15 4 1
11 19 5 9
11 20 131 1
11 21 1 18
11 22 18 2
11 23 2 20
11 27 1 26
12 5 15 17
12 6 1 2
12 8 93 3
12 9 1 26
12 10 1 1
12 11 85 1
12 13 7 1
12 15 1 29
12 21 1 5
12 23 1 9
13 1 64 3
13 5 23 8
13 10 2 27
13 11 60 1
13 12 1 29
13 15 1 23
13 17 3 8
13 20 1 27
13 21 1 16
14 7 106 2
14 8 1 29
14 9 4 3
14 10 7 8
14 11 1 5
14 12 2 26
14 13 5 19
14 15 1 13
14 25 2 1
15 0 1 11
15 4 67 1
15 5 4 2
15 7 4 20
15 11 10 4
15 14 2 8
15 19 8 6
15 20 11 14
15 23 2 15
16 0 11 28
16 1 11 14
16 3 11 23
16 4 5 4
16 5 61 20
16 7 1 28
16 8 10 10
16 17 2 6
16 18 24 2
16 24 73 15
17 0 5 24
17 4 36 7
17 5 123 2
17 6 3 25
17 7 93 1
17 8 212 1
17 10 67 1
17 14 3 1
17 15 1 18
17 16 1 28
17 19 1 27
17 26 1 6
18 1 2 3
18 2 7 3
18 4 1 20
18 5 44 2
18 11 31 1
18 14 25 20
18 16 150 11
18 17 4 25
18 24 1 20
18 26 19 20
19 0 115 1
19 1 7 13
19 2 15 17
19 9 13 1
19 13 1 11
19 15 6 24
19 18 31 3
19 20 56 1
19 26 1 9
20 0 5 25
20 2 40 2
20 3 95 1
20 6 1 3
20 8 1 28
20 13 30 19
20 19 10 12
20 26 2 27
21 1 52 11
21 7 1 3
21 22 13 7
21 24 1 25
22 1 3 29
22 3 1 1
22 7 42 2
22 12 1 7
22 23 7 1
22 27 3 2
23 2 2 12
23 8 1 26
23 11 13 3
23 17 2 20
23 20 11 11
23 21 4 5
24 0 31 23
24 1 50 1
24 3 145 24
24 5 11 19
24 7 46 1
24 8 62 5
24 11 6 29
24 16 23 10
24 20 1 16
24 25 1 1
24 26 6 1
24 27 13 6
25 4 1 2
25 8 5 7
25 10 1 19
25 11 54 29
25 15 4 10
25 26 1 18
25 27 1 3
26 4 19 1
26 5 19 15
26 11 27 25
27 10 2 13
27 12 42 7
27 26 4 16
