0 1 14 20
0 2 3 27
0 3 25 14
0 4 30 1
0 5 15 13
0 7 4 27
0 8 15 22
0 10 7 18
0 12 85 11
0 16 25 3
0 17 151 1
0 19 3 13
0 24 51 6
0 26 1 24
1 0 22 15
1 2 7 29
1 3 22 13
1 4 1 26
1 5 16 19
1 6 45 28
1 7 5 26
1 8 17 5
1 9 142 1
1 10 101 2
1 11 1 23
1 16 25 21
1 18 13 4
1 19 148 3
1 20 6 1
1 24 16 29
1 27 75 8
2 0 23 23
2 1 5 13
2 3 158 1
2 4 103 1
2 6 146 1
2 7 8 6
2 8 35 1
2 10 41 1
2 20 1 13
3 0 44 25
3 1 31 16
3 4 129 1
3 5 43 5
3 6 27 1
3 7 14 24
3 8 35 21
3 11 135 1
3 12 82 2
3 14 4 13
3 16 46 10
3 23 1 22
3 24 52 13
3 25 1 2
3 27 11 6
4 0 171 1
4 1 54 28
4 2 206 12
4 5 8 6
4 6 1 24
4 8 4 16
4 9 6 1
4 11 33 3
4 16 16 25
4 17 1 15
4 18 23 2
4 20 55 2
4 26 33 24
5 0 36 8
5 1 36 18
5 3 31 10
5 4 1 4
5 6 16 16
5 7 5 29
5 8 83 25
5 9 95 28
5 10 106 1
5 11 1 9
5 12 6 15
5 16 16 23
5 24 20 25
6 0 5 12
6 1 14 2
6 2 9 7
6 4 5 9
6 5 15 5
6 7 87 1
6 8 77 1
6 9 109 1
6 10 8 15
6 11 5 1
6 12 135 1
6 14 1 27
6 17 3 1
6 18 84 2
6 20 87 2
6 21 7 6
6 24 2 17
6 25 3 18
6 26 11 8
6 27 33 4
7 1 1 22
7 2 2 20
7 4 1 29
7 5 12 19
7 11 1 10
7 15 175 1
7 16 94 7
7 19 100 1
7 20 16 1
7 22 1 10
7 25 82 2
7 26 116 7
7 27 1 4
8 0 60 3
8 1 358 26
8 2 56 1
8 3 39 19
8 4 259 1
8 5 18 23
8 6 133 21
8 7 55 1
8 9 8 1
8 10 3 26
8 11 3 29
8 12 21 4
8 14 204 1
8 16 15 7
8 17 5 20
8 20 229 26
8 22 7 6
8 23 50 1
8 24 34 24
9 0 68 2
9 1 34 1
9 4 7 3
9 5 51 1
9 6 5 16
9 8 6 18
9 10 35 9
9 11 2 27
9 12 392 1
9 13 3 8
9 16 1 7
9 20 1 24
9 24 1 24
10 3 2 2
10 5 2 20
10 6 59 4
10 8 6 29
10 9 3 13
10 11 2 29
10 12 18 5
10 14 30 1
10 15 219 18
10 17 47 1
10 18 2 4
10 19 79 7
10 22 80 1
10 23 45 3
10 24 77 1
10 25 123 2
10 27 2 13
11 2 1 11
11 3 1 10
11 6 57 1
11 7 10 21
11 8 12 5
11 9 73 1
11 10 271 1
11 13 118 2
11 15 188 1
11 16 1 18
11 18 2 6
11 23 23 1
11 24 40 1
11 27 22 2
12 0 2 2
12 3 75 6
12 5 39 2
12 8 136 2
12 9 148 1
12 10 1 21
12 13 52 1
13 4 53 4
13 7 1 4
13 8 58 1
13 9 4 8
13 10 91 1
13 11 144 1
13 15 1 27
13 16 6 1
13 18 1 2
14 0 56 2
14 3 1 19
14 10 2 14
14 11 262 1
14 13 58 2
14 15 1 28
14 18 1 10
14 23 1 25
14 25 5 2
15 1 2 20
15 4 83 28
15 7 101 1
15 8 105 1
15 10 1 21
15 11 353 1
15 12 7 1
15 14 9 2
15 23 9 3
15 24 28 6
16 0 37 12
16 1 21 9
16 3 22 7
16 4 5 8
16 5 119 22
16 8 66 5
16 10 3 10
16 17 270 1
16 18 23 3
16 19 39 1
16 24 21 7
17 0 1 14
17 3 34 1
17 4 1 14
17 5 88 2
17 6 1 29
17 7 34 1
17 8 2 17
17 9 1 18
17 11 3 22
17 12 91 4
17 16 335 1
17 21 12 24
17 23 11 1
17 27 1 23
18 1 15 3
18 2 1 6
18 3 47 2
18 5 1 28
18 6 64 3
18 9 1 28
18 10 8 25
18 12 16 14
18 14 3 20
18 26 17 22
19 5 1 27
19 8 2 7
19 20 3 2
20 0 289 2
20 1 125 2
20 2 16 2
20 3 1 12
20 4 59 2
20 5 1 29
20 6 1 1
20 11 1 13
20 14 1 28
20 17 104 1
20 19 2 22
21 9 16 6
21 16 17 4
21 20 2 25
22 6 4 17
22 8 1 12
22 10 10 1
22 11 57 2
23 0 2 8
23 3 32 29
23 7 2 28
23 12 3 16
23 15 5 9
23 17 1 27
23 26 6 1
24 0 15 6
24 1 25 18
24 2 25 5
24 3 16 5
24 4 1 4
24 5 36 7
24 8 123 11
24 11 3 2
24 16 16 10
24 21 17 1
25 0 26 1
25 8 1 14
25 9 2 20
25 10 40 2
25 11 4 10
25 12 67 1
25 15 1 13
25 19 3 1
26 0 1 16
26 7 70 3
26 8 1 13
26 14 22 1
26 16 17 6
26 19 12 4
26 25 2 3
26 27 1 17
27 7 2 19
27 8 2 2
27 10 1 29
27 15 27 20
