0 1 4 17
0 2 1 17
0 3 310 6
0 4 14 1
0 5 172 6
0 6 1 19
0 7 3 29
0 8 101 3
0 10 231 21
0 13 47 5
0 16 25 8
0 17 126 2
0 19 35 22
0 20 5 4
0 24 44 11
0 26 1 19
0 27 1 14
1 0 174 1
1 3 9 2
1 4 30 1
1 5 82 1
1 6 51 29
1 7 1 14
1 8 309 1
1 9 114 1
1 10 78 1
1 13 1 24
1 14 81 2
1 15 43 4
1 16 21 1
1 17 62 1
1 18 92 17
1 24 65 3
2 0 35 18
2 1 4 3
2 3 34 1
2 5 2 17
2 6 102 1
2 7 1 22
2 9 10 17
2 10 20 1
2 11 1 21
2 20 7 8
2 23 1 19
3 0 68 1
3 1 32 1
3 2 121 1
3 5 1 2
3 6 12 1
3 7 3 15
3 8 10 27
3 10 245 2
3 11 100 1
3 14 4 28
3 16 7 3
3 17 18 2
3 18 1 2
3 24 126 1
3 26 1 14
4 0 139 1
4 1 2 13
4 5 5 17
4 6 3 19
4 7 260 3
4 8 14 14
4 12 1 2
4 15 1 22
4 16 1 8
4 17 15 28
4 19 98 3
4 20 48 1
4 21 1 13
4 25 1 17
4 26 1 29
5 0 265 1
5 1 319 1
5 2 3 2
5 3 30 1
5 4 5 12
5 6 233 1
5 7 6 20
5 8 126 1
5 9 6 5
5 10 68 1
5 11 1 3
5 12 1 20
5 16 9 10
5 17 10 9
5 18 74 1
5 24 2 7
6 0 12 20
6 1 62 12
6 2 69 27
6 3 2 25
6 4 34 24
6 5 50 18
6 7 45 1
6 9 87 1
6 10 1 1
6 11 8 9
6 12 112 1
6 13 4 26
6 19 36 2
6 20 78 1
6 21 5 2
6 23 1 2
6 24 1 27
7 1 1 6
7 2 19 13
7 3 27 1
7 6 243 1
7 8 9 1
7 9 268 5
7 11 7 8
7 12 7 13
7 15 131 1
7 17 14 2
7 19 91 1
7 20 2 26
7 21 1 1
7 23 16 2
7 25 54 1
8 0 285 1
8 1 102 1
8 2 185 1
8 3 56 2
8 4 212 1
8 5 44 1
8 6 265 1
8 7 174 1
8 9 289 7
8 10 23 8
8 11 1 29
8 12 12 3
8 14 176 1
8 16 43 29
8 17 10 18
8 20 228 1
8 21 78 7
8 22 4 7
8 24 33 1
9 0 56 3
9 1 18 1
9 3 3 5
9 6 6 3
9 8 1 18
9 10 110 19
9 12 366 1
9 16 1 11
9 25 1 6
10 2 1 11
10 4 1 2
10 5 1 21
10 6 3 10
10 7 390 1
10 8 6 6
10 9 7 10
10 11 2 9
10 12 31 16
10 13 248 2
10 14 398 1
10 15 3 7
10 18 154 6
10 20 1 12
10 22 68 2
10 25 106 1
10 27 1 11
11 0 4 16
11 1 262 1
11 2 2 3
11 3 9 17
11 6 36 2
11 7 10 21
11 8 93 28
11 9 52 2
11 10 198 14
11 13 100 1
11 14 1 14
11 15 94 1
11 17 10 9
11 20 1 4
11 21 89 5
11 24 14 1
11 25 2 1
11 27 12 1
12 0 111 2
12 6 1 8
12 8 119 1
12 9 92 1
12 10 1 20
12 13 30 1
12 15 97 1
12 17 50 1
12 25 1 3
13 4 1 23
13 6 80 2
13 7 4 12
13 10 63 2
13 16 5 1
14 2 2 22
14 4 1 20
14 5 1 29
14 7 213 1
14 8 1 14
14 10 4 25
14 11 220 1
14 15 46 19
14 22 4 7
14 25 19 23
14 26 1 29
15 1 1 4
15 6 1 16
15 7 63 1
15 11 248 1
15 17 1 6
15 18 2 21
15 23 5 1
15 25 2 8
15 27 1 17
16 0 4 19
16 1 103 28
16 3 21 1
16 5 106 1
16 8 31 14
16 10 1 10
16 17 227 1
16 18 2 20
16 24 238 1
17 3 24 1
17 4 2 2
17 5 1 2
17 7 25 2
17 9 8 4
17 11 2 24
17 16 307 1
17 20 28 2
17 25 7 10
18 2 55 15
18 3 43 2
18 5 1 27
18 7 34 1
18 10 2 25
18 12 1 1
18 16 1 1
18 17 1 5
18 26 1 9
19 0 1 2
19 1 43 1
19 4 1 1
19 8 2 27
19 10 38 11
19 20 2 23
20 2 9 1
20 4 52 1
20 6 8 19
20 10 125 1
20 12 51 4
20 13 3 14
20 14 11 7
20 15 1 7
20 16 2 24
20 18 1 17
20 19 61 13
20 21 40 2
20 23 39 3
20 24 56 22
20 25 1 15
20 27 2 3
21 0 1 27
21 2 5 5
21 3 20 23
21 4 1 15
21 10 3 11
21 17 46 8
21 27 9 15
22 4 28 5
22 6 2 15
22 10 5 1
22 17 1 24
22 19 4 8
22 24 1 18
23 0 66 19
23 7 3 12
23 8 3 9
23 12 8 24
23 17 1 16
23 25 19 12
24 0 114 1
24 1 4 29
24 2 26 15
24 3 22 1
24 5 16 1
24 6 109 6
24 8 26 1
24 11 1 21
24 13 1 7
24 16 6 1
25 2 7 10
25 4 41 5
25 6 1 1
25 9 2 12
25 10 27 1
25 17 38 12
25 27 43 1
26 1 1 19
26 6 1 29
26 20 49 1
27 4 1 12
27 7 1 11
27 9 2 5
27 11 209 3
27 19 7 1
27 21 5 29
27 24 2 28
27 26 30 10
