0 1 73 1
0 2 1 12
0 3 69 1
0 4 4 1
0 5 63 1
0 7 5 23
0 8 8 12
0 9 2 3
0 11 1 20
0 12 3 15
0 16 44 1
0 17 105 1
0 19 1 3
0 20 29 6
0 24 90 1
0 27 1 25
1 0 60 1
1 2 1 22
1 3 335 1
1 4 32 1
1 5 347 1
1 6 70 25
1 7 1 9
1 8 136 1
1 9 91 1
1 10 58 2
1 13 1 12
1 15 39 1
1 16 51 2
1 17 43 1
1 19 123 2
1 24 124 1
1 25 1 25
2 0 1 13
2 1 12 6
2 4 58 1
2 6 67 1
2 7 23 16
2 8 2 24
2 11 2 5
2 17 1 7
2 19 2 1
2 24 1 28
2 25 1 3
3 0 39 1
3 1 171 3
3 2 23 1
3 5 53 1
3 6 4 3
3 7 12 2
3 8 113 1
3 10 236 2
3 11 71 1
3 16 29 2
3 17 11 2
3 22 2 18
3 23 1 7
3 24 63 1
3 25 1 26
4 0 111 1
4 1 1 18
4 2 10 4
4 3 3 1
4 5 38 18
4 6 6 16
4 7 251 1
4 8 1 4
4 9 1 18
4 10 309 1
4 12 4 5
4 14 1 10
4 16 20 8
4 17 3 26
4 20 41 3
4 21 1 10
4 22 5 20
5 0 30 1
5 1 65 1
5 3 46 1
5 4 11 7
5 6 173 1
5 7 1 3
5 8 185 1
5 10 40 2
5 12 2 26
5 16 5 24
5 17 1 2
5 24 28 1
5 26 4 5
5 27 5 1
6 1 66 4
6 2 1 28
6 4 2 8
6 5 146 29
6 7 18 1
6 8 19 21
6 9 37 1
6 10 94 1
6 11 43 25
6 12 92 1
6 13 3 25
6 18 59 1
6 19 31 1
6 25 1 7
7 0 1 26
7 1 7 11
7 2 6 7
7 3 251 1
7 4 5 3
7 5 1 2
7 6 237 1
7 8 353 1
7 9 2 20
7 10 2 2
7 11 17 19
7 13 1 11
7 14 2 22
7 15 95 1
7 17 23 3
7 22 1 23
7 25 33 1
7 27 1 29
8 0 57 1
8 1 47 1
8 2 89 1
8 3 80 1
8 4 170 1
8 5 102 20
8 6 223 1
8 7 84 1
8 9 6 1
8 10 13 5
8 11 6 24
8 12 6 2
8 14 150 1
8 16 154 1
8 18 1 16
8 19 46 1
8 24 164 1
9 0 46 1
9 4 1 13
9 5 7 7
9 6 11 27
9 8 1 1
9 10 5 26
9 12 326 1
9 13 9 16
9 15 60 3
9 16 1 28
9 18 61 2
9 20 1 10
9 24 2 24
9 27 2 16
10 0 3 21
10 1 304 2
10 2 1 16
10 5 2 16
10 6 3 19
10 7 356 1
10 9 5 12
10 11 2 3
10 12 1 19
10 13 232 2
10 14 318 1
10 16 74 4
10 24 54 3
11 0 2 10
11 3 1 25
11 6 22 1
11 7 8 13
11 8 8 14
11 9 36 1
11 10 156 1
11 13 83 2
11 14 5 14
11 15 217 1
11 17 2 9
11 18 1 6
11 20 146 27
11 22 4 18
11 23 4 2
11 24 2 2
11 25 2 9
11 27 6 1
12 6 3 29
12 8 103 1
12 9 51 1
12 10 1 25
12 13 15 2
12 19 3 15
12 23 73 27
13 4 2 28
13 8 36 1
13 10 42 1
13 11 110 1
13 12 1 1
13 14 2 24
13 27 2 23
14 3 1 17
14 5 49 24
14 7 201 2
14 8 3 9
14 9 1 21
14 10 3 4
14 11 180 1
14 12 3 8
14 13 21 1
14 15 18 5
14 17 79 20
14 20 2 7
14 27 2 6
15 1 1 17
15 6 1 14
15 7 36 1
15 9 1 28
15 10 259 1
15 11 122 1
15 13 15 1
15 14 1 2
15 18 2 10
15 20 1 14
15 25 4 16
16 0 89 19
16 1 69 1
16 3 37 1
16 4 2 3
16 5 95 1
16 7 85 1
16 8 32 1
16 11 21 1
16 13 22 14
16 17 187 1
16 18 15 5
16 24 84 1
16 25 17 1
17 1 427 1
17 3 16 2
17 10 174 1
17 12 82 2
17 13 15 1
17 14 61 1
17 16 276 1
17 18 181 7
17 20 23 1
18 0 1 17
18 5 2 15
18 6 41 2
18 7 30 2
18 9 1 1
18 10 2 3
18 25 33 24
19 0 2 21
19 1 31 3
19 6 2 5
19 8 118 4
19 18 6 1
19 20 3 20
19 24 16 8
20 0 259 2
20 1 98 2
20 7 5 25
20 8 224 2
20 9 3 12
20 11 1 25
20 19 7 1
20 25 3 20
20 26 54 24
21 9 11 2
21 10 2 19
21 14 19 14
22 11 38 2
22 13 6 4
22 17 3 26
23 7 3 22
23 17 1 23
23 18 29 4
23 20 54 14
23 24 2 23
23 26 1 24
23 27 1 11
24 0 62 1
24 1 93 1
24 3 25 24
24 5 4 1
24 8 135 1
24 9 48 1
24 11 2 14
24 16 27 1
24 18 1 15
25 5 1 17
25 6 1 22
25 7 7 2
26 0 2 25
26 3 1 18
26 4 1 22
26 8 4 10
26 27 1 29
27 3 3 9
27 7 1 21
27 10 4 27
27 11 201 2
27 22 2 27
27 26 9 8
