0 1 6 22
0 3 317 26
0 4 100 1
0 5 18 23
0 7 1 22
0 8 8 1
0 15 4 1
0 16 23 8
0 17 220 1
0 18 130 5
0 19 1 10
0 20 1 22
0 21 11 9
0 23 1 23
0 24 9 3
1 0 308 21
1 2 4 14
1 3 26 2
1 4 3 29
1 5 10 13
1 6 2 15
1 8 434 22
1 9 220 2
1 10 177 1
1 11 1 7
1 14 103 4
1 16 8 13
1 17 2 27
1 18 2 14
1 24 9 7
1 25 1 19
2 0 2 13
2 1 1 23
2 3 10 25
2 4 174 1
2 6 263 1
2 8 358 1
2 9 1 1
2 10 127 1
2 17 191 15
2 27 23 1
3 0 19 4
3 1 11 22
3 2 4 28
3 4 172 2
3 5 51 21
3 6 90 1
3 7 2 19
3 8 27 7
3 9 3 3
3 10 3 13
3 11 239 1
3 16 347 1
3 17 61 1
3 22 1 24
3 24 9 8
3 27 17 2
4 0 259 1
4 1 3 24
4 2 1 24
4 5 28 1
4 6 61 1
4 8 245 28
4 9 93 1
4 11 61 3
4 17 1 8
4 18 133 1
4 19 114 3
5 0 8 11
5 1 8 17
5 2 30 1
5 3 24 27
5 4 109 1
5 6 90 1
5 8 29 23
5 10 226 1
5 11 2 16
5 16 21 8
5 24 22 22
6 0 2 29
6 2 2 6
6 3 4 3
6 4 13 1
6 5 142 1
6 7 254 1
6 8 440 5
6 9 2 21
6 10 442 19
6 11 2 6
6 12 199 1
6 15 1 13
6 16 134 2
6 17 30 1
6 18 123 2
6 20 114 1
6 24 1 17
7 1 2 1
7 3 7 9
7 4 1 12
7 5 230 18
7 6 1 23
7 8 10 11
7 10 46 1
7 11 205 28
7 14 5 5
7 15 283 1
7 19 121 1
7 24 10 1
7 25 177 1
7 27 1 20
8 0 8 8
8 1 43 28
8 2 78 1
8 3 26 24
8 4 379 1
8 5 8 29
8 6 13 6
8 7 404 1
8 9 1 6
8 10 225 1
8 11 12 1
8 12 58 1
8 14 261 1
8 15 2 2
8 16 431 28
8 24 22 15
8 25 1 10
9 0 104 1
9 2 21 1
9 4 97 1
9 5 112 1
9 6 47 1
9 7 11 3
9 8 3 23
9 12 1 5
9 13 1 27
9 14 149 28
9 15 97 1
9 16 1 27
9 18 108 1
9 20 42 28
9 27 1 29
10 3 32 1
10 5 2 9
10 6 1 6
10 8 17 13
10 9 77 1
10 11 2 20
10 14 4 6
10 15 2 24
10 23 75 2
10 24 113 1
10 25 167 3
11 0 3 18
11 2 1 11
11 3 2 27
11 6 133 1
11 7 25 1
11 8 1 11
11 9 142 2
11 10 154 1
11 12 12 4
11 13 167 1
11 14 24 1
11 15 3 3
11 17 72 10
11 20 1 21
11 21 95 1
11 23 75 1
11 24 162 1
11 25 133 1
11 26 30 1
11 27 64 1
12 2 6 4
12 3 83 2
12 4 19 3
12 5 90 2
12 6 1 9
12 7 1 11
12 8 186 1
12 9 317 1
12 10 1 28
12 11 1 3
12 13 126 1
12 14 110 14
12 25 16 6
13 4 1 2
13 5 1 13
13 8 97 2
13 10 177 1
13 12 1 10
13 14 39 1
13 16 7 28
13 18 5 22
13 20 7 7
13 22 10 1
14 2 1 26
14 6 32 1
14 8 1 22
14 10 35 1
14 11 338 1
14 13 1 29
14 15 1 26
14 20 1 1
14 25 1 4
15 0 4 1
15 1 1 18
15 2 14 20
15 4 1 21
15 6 1 8
15 7 222 1
15 8 145 1
15 10 2 4
15 11 212 1
15 14 90 1
15 23 25 6
16 0 24 19
16 1 9 28
16 3 23 23
16 4 1 22
16 5 8 28
16 6 1 24
16 8 9 23
16 14 34 14
16 15 17 25
16 18 1 16
16 20 52 11
16 24 9 14
17 0 2 12
17 1 2 25
17 3 69 2
17 4 1 10
17 20 51 1
17 25 15 2
17 27 1 26
18 1 48 2
18 2 47 25
18 4 90 1
18 6 103 1
18 7 58 2
18 8 1 7
18 11 16 1
18 16 1 7
19 0 46 1
19 1 101 2
19 6 2 21
19 7 6 7
19 8 1 13
19 10 1 10
19 20 109 1
19 26 1 16
20 1 164 2
20 3 1 11
20 4 81 2
20 10 155 1
20 14 1 29
20 18 1 19
20 19 3 17
21 6 46 2
22 1 59 2
22 8 1 16
22 17 2 28
22 23 1 17
23 7 3 14
23 10 25 1
23 11 8 1
23 15 23 25
23 22 6 3
23 25 20 13
24 0 306 24
24 1 9 11
24 3 25 24
24 5 9 9
24 8 8 6
24 10 91 1
24 16 327 10
24 21 19 2
25 0 40 1
25 5 26 18
25 7 1 6
25 8 83 16
25 9 1 23
25 10 84 1
25 11 3 2
25 13 8 8
25 24 1 19
26 3 1 2
26 8 1 1
26 11 16 3
26 22 16 9
26 23 9 1
26 27 1 21
27 1 8 2
27 3 10 1
27 6 74 1
27 10 99 27
27 11 1 29
27 17 32 1
27 26 1 19
