0 1 23 1
0 2 1 25
0 3 7 1
0 4 2 2
0 5 1 1
0 7 1 4
0 8 15 1
0 9 1 10
0 12 87 26
0 13 45 1
0 16 1 1
0 18 97 3
0 19 4 10
0 20 2 19
0 24 35 1
1 0 11 1
1 2 255 3
1 4 271 1
1 5 3 1
1 6 258 18
1 7 10 5
1 8 44 19
1 9 83 1
1 10 52 1
1 16 2 1
1 17 405 1
1 18 105 21
1 21 16 22
1 24 62 1
2 0 153 13
2 1 1 15
2 3 1 29
2 5 78 9
2 6 57 1
2 7 1 5
2 8 2 8
2 9 1 24
2 10 5 1
2 11 1 5
2 18 57 8
2 19 1 13
3 0 34 7
3 1 152 14
3 2 6 1
3 4 91 1
3 5 2 1
3 7 185 15
3 8 22 21
3 11 62 1
3 12 75 6
3 14 1 1
3 16 1 1
3 20 1 11
3 24 4 1
3 25 1 1
4 0 102 1
4 1 1 13
4 2 7 3
4 3 9 26
4 5 3 10
4 6 1 11
4 9 1 17
4 10 307 2
4 14 2 13
4 16 12 19
4 17 3 10
4 20 39 6
4 21 59 1
4 25 29 3
4 26 2 6
5 0 13 1
5 1 6 10
5 3 5 1
5 4 9 14
5 6 41 1
5 7 4 14
5 8 124 1
5 9 18 2
5 10 33 1
5 11 1 28
5 12 15 21
5 15 8 13
5 16 19 1
5 24 20 1
6 0 212 16
6 1 7 18
6 2 50 29
6 3 6 11
6 4 2 15
6 5 155 1
6 7 12 1
6 8 51 9
6 9 311 1
6 10 179 1
6 14 167 2
6 18 55 2
6 23 83 11
6 25 1 24
6 26 6 26
7 0 1 20
7 1 13 22
7 2 1 16
7 3 225 1
7 6 226 1
7 8 310 1
7 10 2 28
7 11 37 19
7 15 84 1
7 19 81 3
7 20 1 17
7 25 26 2
7 27 16 12
8 0 2 1
8 1 161 1
8 2 63 1
8 3 21 1
8 4 156 1
8 5 3 15
8 6 143 1
8 7 59 1
8 9 278 1
8 10 32 23
8 11 1 9
8 14 142 1
8 15 1 14
8 16 93 1
8 17 9 14
8 19 44 1
8 24 6 1
8 26 13 11
9 0 43 2
9 1 6 1
9 3 5 20
9 4 2 6
9 5 5 12
9 6 20 15
9 8 2 26
9 10 4 6
9 12 311 1
9 13 4 18
9 15 57 4
9 16 82 28
9 20 2 23
10 0 6 6
10 2 20 13
10 3 1 17
10 5 3 20
10 6 2 10
10 7 344 1
10 8 443 23
10 9 43 17
10 11 3 17
10 13 226 1
10 14 288 1
10 17 28 1
10 20 169 22
10 22 55 1
10 24 51 2
10 27 1 1
11 0 2 21
11 1 249 1
11 2 4 16
11 3 31 19
11 7 356 22
11 8 6 7
11 9 31 1
11 10 134 1
11 13 78 1
11 14 1 17
11 15 208 1
11 16 1 10
11 17 1 16
11 19 116 1
11 22 2 15
11 25 4 26
11 26 4 7
12 7 2 25
12 9 40 1
12 10 3 6
12 11 1 7
12 13 11 1
12 17 44 2
12 20 72 1
12 21 1 20
12 22 107 5
12 25 6 12
13 6 71 2
13 7 9 14
13 8 32 1
13 10 36 1
13 11 104 1
13 12 16 2
13 14 3 3
14 0 47 2
14 7 197 1
14 8 1 28
14 10 13 8
14 11 167 1
14 12 135 16
14 13 16 1
14 18 21 21
14 19 1 19
14 21 2 11
14 23 4 5
14 25 29 24
15 3 23 1
15 5 13 1
15 6 1 29
15 7 28 1
15 8 72 2
15 10 254 6
15 11 87 1
15 14 2 27
15 18 4 28
15 20 1 13
16 0 3 10
16 1 6 1
16 3 13 1
16 5 10 1
16 7 83 4
16 8 6 1
16 10 1 7
16 11 20 3
16 17 174 1
16 18 2 2
16 24 26 1
17 1 424 1
17 3 14 1
17 5 3 14
17 6 2 5
17 8 266 4
17 10 171 1
17 14 60 1
17 16 264 1
17 18 180 1
17 22 2 20
18 2 55 24
18 4 1 26
18 5 4 29
18 10 1 16
18 12 2 28
18 13 1 25
18 16 237 1
18 20 88 18
19 0 6 29
19 1 28 2
19 5 22 22
19 7 1 5
19 8 2 16
19 20 9 20
20 0 253 1
20 1 94 1
20 7 2 10
20 10 115 3
20 11 6 25
20 14 12 22
20 16 33 19
20 19 251 17
20 23 37 1
20 24 1 9
21 0 1 27
21 6 30 6
21 7 1 21
21 10 1 10
21 12 5 10
21 15 11 2
21 25 2 29
22 7 3 7
22 11 36 1
22 15 14 10
23 9 1 5
23 11 1 17
23 12 1 8
23 24 1 6
23 27 6 12
24 0 1 1
24 1 46 1
24 2 28 3
24 3 4 1
24 5 3 1
24 8 3 14
24 11 1 5
24 16 3 1
24 23 3 29
25 3 46 1
25 11 145 1
25 16 1 3
25 27 29 2
26 3 4 2
26 8 5 28
26 24 46 1
26 25 2 10
26 27 5 8
27 4 70 28
27 7 33 16
27 10 1 14
27 11 198 1
27 17 22 5
27 19 6 8
27 26 1 8
