0 1 426 11
0 3 5 29
0 4 99 1
0 5 74 6
0 6 1 21
0 7 2 24
0 8 21 7
0 10 1 8
0 16 6 18
0 17 219 1
0 19 3 22
0 20 1 27
0 24 33 8
1 0 18 21
1 2 69 18
1 3 365 4
1 4 116 5
1 5 443 17
1 6 19 22
1 8 9 15
1 9 219 1
1 10 175 2
1 11 1 19
1 13 39 5
1 16 15 17
1 17 3 17
1 18 3 28
1 19 172 1
1 24 7 11
2 0 2 19
2 1 2 24
2 3 7 7
2 4 173 1
2 6 261 1
2 8 350 1
2 10 125 1
2 15 29 2
2 17 2 16
2 25 6 2
3 0 5 5
3 1 370 11
3 2 4 28
3 4 172 1
3 5 6 6
3 6 88 1
3 7 3 11
3 8 51 10
3 11 237 1
3 14 1 5
3 16 23 13
3 24 7 18
3 27 16 16
4 0 258 1
4 1 3 14
4 2 4 12
4 5 25 1
4 6 58 1
4 8 3 22
4 9 91 1
4 16 1 1
4 18 130 1
5 0 6 12
5 1 20 3
5 3 7 12
5 4 104 1
5 6 60 1
5 7 2 10
5 8 43 13
5 9 1 18
5 10 224 1
5 16 7 27
5 24 7 4
6 0 3 17
6 1 1 18
6 2 2 20
6 4 11 1
6 5 115 1
6 7 250 1
6 8 147 1
6 9 370 11
6 10 2 15
6 11 1 19
6 12 198 1
6 13 1 21
6 16 134 1
6 17 29 1
6 18 123 1
6 23 1 9
7 1 1 15
7 3 2 14
7 5 1 20
7 6 1 26
7 8 252 1
7 9 2 12
7 10 44 1
7 11 222 1
7 24 9 4
7 25 175 1
8 0 6 5
8 1 9 28
8 2 77 1
8 3 69 5
8 4 377 1
8 5 6 11
8 6 45 6
8 7 398 1
8 9 1 19
8 10 213 1
8 11 11 1
8 12 57 1
8 15 2 2
8 16 46 27
8 22 20 1
8 24 7 13
9 1 98 1
9 2 20 2
9 4 94 1
9 5 105 1
9 6 43 1
9 8 4 6
9 11 1 16
9 12 2 19
9 14 1 17
9 15 96 1
9 17 10 1
9 18 107 3
9 19 1 29
9 23 19 1
10 1 1 5
10 2 5 3
10 5 1 9
10 6 3 24
10 7 443 6
10 8 6 2
10 9 72 1
10 11 3 21
10 12 1 18
10 13 1 6
10 14 2 25
10 15 1 7
10 17 74 2
10 20 1 25
10 21 93 6
10 22 113 1
10 23 75 1
10 24 113 1
10 27 2 23
11 2 2 15
11 3 1 24
11 4 12 2
11 5 12 1
11 6 131 1
11 7 20 1
11 8 1 27
11 9 141 1
11 10 151 6
11 13 166 1
11 15 3 24
11 17 1 10
11 18 113 7
11 22 1 17
11 23 73 1
11 24 159 1
11 25 128 1
11 27 63 1
12 0 2 14
12 3 83 4
12 5 89 2
12 6 3 23
12 9 314 1
12 11 1 11
12 13 125 1
12 14 1 8
12 16 80 3
12 17 70 6
12 18 6 14
12 19 1 22
12 20 84 2
12 22 1 27
12 23 1 11
13 1 68 1
13 4 1 4
13 6 104 7
13 7 1 26
13 8 96 2
13 10 175 1
13 12 152 3
13 14 38 1
13 22 9 4
13 24 10 6
14 1 1 5
14 5 1 4
14 10 32 1
14 12 2 16
14 15 4 3
15 6 2 17
15 7 220 1
15 9 1 3
15 10 1 24
15 11 6 21
15 13 24 18
15 14 88 2
15 16 24 4
15 17 60 16
15 21 1 22
15 27 8 16
16 0 8 3
16 1 16 5
16 3 28 15
16 5 7 3
16 6 1 11
16 8 7 9
16 11 36 1
16 12 4 3
16 13 22 6
16 17 350 1
16 18 1 15
16 24 7 12
17 0 1 2
17 1 2 2
17 2 13 2
17 3 69 1
17 4 2 3
17 5 1 14
17 7 62 2
17 12 105 1
17 16 1 9
17 19 88 15
17 25 15 2
18 1 47 2
18 4 87 1
18 6 102 2
18 7 57 1
18 11 15 1
18 16 2 9
19 0 44 2
19 1 100 2
19 4 1 10
19 6 1 23
19 8 1 8
19 14 5 1
19 20 104 1
19 23 1 22
20 1 164 1
20 2 43 1
20 3 137 2
20 4 81 2
20 12 63 1
20 15 1 20
20 17 121 1
20 19 5 5
20 24 1 1
21 6 45 11
21 12 96 26
21 20 24 11
22 1 59 2
22 11 87 3
22 12 28 1
22 23 1 20
22 27 2 21
23 3 32 19
23 13 5 2
23 27 6 22
24 0 23 19
24 1 7 27
24 3 7 27
24 5 7 20
24 8 7 23
24 16 7 9
24 21 18 6
24 25 30 6
25 0 39 1
25 10 83 2
25 11 6 2
25 17 49 4
26 3 1 25
26 7 86 2
26 23 9 4
27 1 8 1
27 6 73 3
27 9 2 21
27 10 1 9
27 14 29 28
27 17 31 7
27 22 2 10
27 25 38 1
