0 1 11 9
0 2 71 8
0 3 11 15
0 5 15 10
0 7 1 7
0 8 49 8
0 11 8 12
0 16 39 28
0 19 6 23
0 20 7 2
0 24 11 5
0 27 1 7
1 0 11 3
1 2 102 1
1 3 13 24
1 4 255 1
1 5 303 7
1 6 32 23
1 7 1 15
1 8 124 29
1 9 71 1
1 10 43 1
1 11 277 28
1 12 1 15
1 13 2 9
1 14 70 1
1 15 34 6
1 16 11 3
1 17 29 1
1 18 3 14
1 22 1 24
1 24 12 11
2 0 6 26
2 1 360 24
2 3 3 2
2 4 42 2
2 6 41 1
2 7 6 14
2 8 4 5
2 9 2 27
2 13 1 20
2 15 21 2
2 16 7 1
2 18 55 8
2 20 1 24
2 27 26 6
3 0 72 23
3 1 50 1
3 2 1 2
3 5 12 1
3 7 2 15
3 8 13 17
3 11 49 1
3 16 20 7
3 20 1 12
3 23 1 8
3 24 12 10
3 25 1 18
3 27 7 5
4 1 186 6
4 2 9 1
4 3 3 7
4 5 3 1
4 6 19 6
4 8 6 13
4 9 1 24
4 14 2 13
4 17 6 28
4 19 88 1
4 20 36 2
4 25 1 4
4 26 2 19
5 0 21 15
5 1 12 9
5 3 20 12
5 4 9 23
5 6 143 28
5 7 37 19
5 8 14 7
5 9 73 1
5 10 22 1
5 11 21 9
5 12 34 27
5 16 12 26
5 17 1 20
5 18 59 1
5 24 11 29
6 0 212 12
6 1 4 10
6 2 3 28
6 3 1 4
6 4 2 8
6 5 196 15
6 7 4 1
6 8 31 17
6 9 45 23
6 10 120 1
6 12 76 1
6 24 4 14
7 0 7 9
7 1 2 18
7 2 6 24
7 3 102 1
7 4 1 8
7 6 210 1
7 8 286 1
7 11 10 12
7 12 4 21
7 15 66 1
7 17 13 25
7 20 134 24
7 22 1 18
7 24 1 8
8 0 19 3
8 1 11 2
8 2 29 1
8 3 10 21
8 4 135 1
8 5 15 5
8 6 195 3
8 7 28 1
8 9 123 1
8 10 15 16
8 11 3 11
8 13 2 15
8 14 128 1
8 15 2 13
8 16 11 20
8 19 40 4
8 22 1 8
8 24 12 27
8 25 15 16
9 0 38 3
9 1 2 1
9 4 1 6
9 5 5 25
9 6 3 29
9 7 1 21
9 8 2 11
9 10 8 24
9 11 284 1
9 12 285 1
9 13 1 6
9 14 152 12
9 15 53 3
9 18 53 1
9 19 1 4
9 20 58 14
9 24 1 13
10 1 291 2
10 5 1 20
10 6 20 16
10 7 324 1
10 8 175 1
10 9 23 22
10 11 1 16
10 12 3 14
10 13 215 1
10 14 240 1
10 16 71 4
10 17 25 1
10 20 7 23
10 23 22 1
10 24 46 1
10 26 2 5
10 27 1 7
11 1 244 1
11 2 6 19
11 3 75 16
11 5 1 4
11 6 12 1
11 7 4 2
11 8 4 15
11 9 24 1
11 10 98 1
11 14 10 4
11 15 13 1
11 17 1 12
11 20 2 22
11 25 10 1
12 5 8 1
12 7 1 25
12 9 25 1
12 10 2 28
12 11 195 1
12 17 41 5
12 21 1 29
12 22 105 5
12 26 1 3
13 4 1 2
13 7 23 21
13 8 27 3
13 10 26 2
13 11 95 1
13 12 5 1
13 14 8 29
13 15 1 5
14 1 43 22
14 4 1 3
14 7 189 2
14 8 1 19
14 9 1 19
14 10 3 3
14 11 145 1
14 12 135 1
14 15 7 1
14 22 13 20
14 23 5 24
14 26 1 8
15 3 21 1
15 6 2 16
15 11 42 1
15 14 6 10
15 16 19 1
15 17 5 29
15 18 1 5
16 0 11 19
16 1 11 13
16 3 12 20
16 5 12 7
16 6 12 2
16 7 81 3
16 8 18 10
16 10 4 27
16 17 152 1
16 18 1 8
16 24 11 13
17 0 16 27
17 1 22 1
17 3 10 3
17 4 1 26
17 5 1 11
17 9 1 5
17 11 6 5
17 14 58 5
17 16 244 1
17 18 1 3
17 19 1 8
18 0 1 14
18 4 1 27
18 8 183 2
18 10 5 3
18 17 4 29
18 20 1 29
18 26 1 28
19 0 2 29
19 6 83 27
19 8 2 5
19 10 5 16
19 20 24 22
20 1 87 1
20 4 40 5
20 5 2 3
20 7 1 28
20 10 111 4
20 11 2 7
20 13 1 10
20 19 46 21
20 21 1 1
20 24 4 13
20 27 1 24
21 2 4 12
21 6 29 7
22 1 47 1
22 2 15 1
22 17 3 11
22 23 17 1
22 24 1 19
23 5 19 18
23 6 5 18
23 7 8 7
23 8 1 26
23 15 32 4
23 20 54 1
23 22 1 22
24 0 19 22
24 1 23 7
24 3 12 28
24 5 21 15
24 8 11 24
24 9 44 2
24 10 27 2
24 11 12 3
24 12 1 15
24 16 35 20
24 25 2 22
25 2 5 2
25 5 2 28
25 6 1 1
25 8 3 4
25 9 5 25
25 10 11 4
25 11 137 1
25 15 29 8
25 21 12 28
25 27 24 2
26 3 4 6
26 4 1 12
26 10 3 3
26 14 20 3
26 16 15 8
26 19 12 19
26 25 9 5
26 27 1 28
27 7 41 6
27 10 1 17
27 11 192 2
27 12 23 3
27 24 32 21
27 26 1 7
