0 1 11 15
0 2 1 20
0 3 13 17
0 5 23 13
0 6 286 2
0 7 1 20
0 8 11 12
0 10 8 5
0 11 2 18
0 16 12 17
0 17 86 1
0 18 93 4
0 19 2 11
0 20 37 12
0 24 31 8
0 27 1 8
1 0 11 18
1 2 99 1
1 3 21 5
1 4 252 1
1 5 12 12
1 6 33 18
1 7 3 11
1 8 14 20
1 9 71 1
1 10 43 1
1 14 69 5
1 16 24 23
1 17 28 1
1 18 5 18
1 19 111 2
1 21 1 23
1 24 12 4
1 25 97 9
2 1 2 1
2 3 3 26
2 6 40 1
2 7 10 26
2 8 2 14
2 11 2 19
2 16 6 3
2 20 101 25
2 26 1 19
3 0 15 8
3 1 63 27
3 4 82 1
3 5 42 18
3 7 5 27
3 8 24 5
3 11 48 1
3 15 2 24
3 16 15 23
3 17 7 1
3 18 1 14
3 19 1 28
3 20 1 20
3 24 17 4
4 0 88 1
4 1 1 10
4 2 8 8
4 3 3 23
4 5 5 9
4 6 2 24
4 8 2 6
4 9 6 7
4 10 301 1
4 11 14 1
4 12 8 29
4 14 11 8
4 15 1 24
4 16 2 23
4 17 16 5
4 18 1 8
4 19 88 1
4 22 1 14
5 0 12 22
5 1 13 18
5 3 12 7
5 4 3 23
5 6 140 1
5 7 14 9
5 8 9 29
5 9 70 1
5 10 21 1
5 11 1 17
5 12 2 9
5 16 19 13
5 18 58 2
5 24 12 17
6 0 1 20
6 1 217 5
6 2 74 12
6 3 6 2
6 4 5 18
6 5 69 1
6 7 4 1
6 8 44 22
6 9 281 1
6 10 118 13
6 11 1 26
6 12 75 2
6 13 3 1
6 14 3 1
6 18 49 2
7 0 6 8
7 1 1 21
7 2 37 8
7 3 99 1
7 6 208 23
7 8 282 1
7 9 264 1
7 10 2 10
7 11 11 21
7 12 1 10
7 14 1 28
7 15 65 1
7 20 1 27
7 25 17 1
7 26 4 5
8 0 12 2
8 1 11 21
8 2 28 1
8 3 10 20
8 4 134 1
8 5 15 18
8 6 20 1
8 7 26 1
8 9 122 1
8 10 7 17
8 11 1 10
8 13 1 23
8 14 127 1
8 15 5 7
8 16 53 13
8 23 33 3
8 24 12 8
9 1 2 1
9 3 1 18
9 4 2 12
9 5 6 23
9 6 28 15
9 8 6 20
9 10 4 2
9 11 284 2
9 12 283 1
9 13 1 2
9 14 3 3
9 18 53 2
9 24 9 26
10 2 6 25
10 3 1 3
10 5 1 16
10 6 24 3
10 7 322 1
10 8 172 1
10 9 64 4
10 11 98 3
10 12 1 20
10 13 214 1
10 14 237 1
10 15 254 20
10 17 25 1
10 21 79 4
10 22 49 3
10 23 22 1
10 24 45 1
10 25 77 1
11 1 243 3
11 2 4 12
11 6 11 1
11 7 3 13
11 8 8 20
11 9 24 1
11 10 95 1
11 13 69 1
11 14 2 17
11 15 9 1
11 20 146 7
11 22 3 19
11 25 28 12
12 1 182 2
12 5 7 4
12 6 1 23
12 8 89 1
12 9 24 1
12 11 195 1
12 23 73 13
13 0 59 2
13 4 62 29
13 7 1 11
13 11 95 1
13 12 4 21
13 14 1 13
13 15 1 27
13 16 4 11
13 17 1 15
13 21 2 5
14 3 1 6
14 5 1 3
14 8 9 28
14 10 57 24
14 11 144 1
14 12 134 24
14 13 8 1
14 15 7 1
14 17 79 10
14 21 3 12
14 22 2 21
15 2 4 12
15 3 21 1
15 4 2 16
15 7 17 1
15 8 65 1
15 10 253 1
15 11 40 1
15 12 1 27
15 13 12 4
15 14 2 14
15 16 19 2
15 17 1 20
15 18 25 16
15 19 10 25
15 20 50 6
15 22 1 2
15 27 11 29
16 0 13 9
16 1 12 16
16 3 12 22
16 5 12 22
16 6 93 15
16 8 12 2
16 17 151 1
16 18 8 8
16 24 12 19
17 0 10 26
17 1 21 27
17 6 1 16
17 7 14 1
17 10 167 1
17 12 77 7
17 16 243 1
17 20 19 3
17 21 13 11
17 24 1 26
18 0 1 11
18 1 1 1
18 2 7 4
18 3 36 3
18 6 33 1
18 7 26 1
18 12 3 4
18 13 1 17
18 15 1 12
18 16 232 1
18 25 1 18
19 0 4 3
19 1 22 2
19 16 9 1
19 20 6 7
20 0 242 1
20 1 87 2
20 2 1 2
20 11 26 2
20 14 1 15
20 15 6 27
20 17 86 2
20 19 249 1
20 21 1 20
20 23 35 7
21 16 1 4
22 1 47 2
22 2 15 11
22 7 109 25
22 8 2 25
22 11 31 1
22 14 28 1
22 20 1 23
22 23 17 2
22 24 4 16
23 3 1 13
23 7 1 8
23 9 1 1
23 11 2 11
23 12 6 22
23 17 1 23
23 20 54 1
23 22 1 25
23 27 1 13
24 0 12 17
24 1 12 22
24 3 12 16
24 5 13 6
24 6 104 2
24 8 25 7
24 11 1 29
24 16 12 13
25 6 1 8
25 7 2 1
25 8 1 26
25 9 3 16
25 11 135 1
25 15 1 3
25 19 1 6
26 0 1 4
26 1 33 16
26 6 1 20
26 8 1 29
26 27 5 18
27 5 23 3
27 9 1 17
27 10 4 4
27 22 2 28
