0 1 25 25
0 2 2 3
0 3 15 11
0 5 15 25
0 6 284 8
0 7 3 7
0 8 16 9
0 10 234 6
0 11 1 9
0 12 1 27
0 13 43 2
0 14 28 3
0 16 28 12
0 17 82 1
0 20 75 26
0 21 5 11
0 24 36 2
0 26 1 3
0 27 3 4
1 0 36 17
1 2 77 2
1 3 351 29
1 4 233 1
1 5 352 3
1 6 5 16
1 7 1 26
1 8 37 17
1 9 66 1
1 10 40 1
1 11 1 2
1 13 1 6
1 16 15 26
1 17 16 12
1 18 1 29
1 19 109 1
1 24 39 15
2 0 1 5
2 1 4 12
2 3 4 26
2 4 38 2
2 5 76 3
2 6 35 1
2 7 3 5
2 8 6 13
2 9 1 21
2 11 1 5
2 20 13 16
3 0 29 8
3 1 16 15
3 2 2 12
3 4 79 1
3 5 30 5
3 7 2 1
3 8 144 2
3 11 43 2
3 14 1 24
3 16 44 27
3 17 6 2
3 19 1 5
3 20 1 16
3 23 8 18
3 24 52 27
4 0 83 1
4 1 336 27
4 3 3 8
4 5 14 19
4 6 9 7
4 7 239 2
4 8 2 17
4 9 1 27
4 10 298 2
4 11 12 5
4 12 1 9
4 16 3 2
4 17 30 1
4 18 1 16
4 20 35 3
4 25 1 3
4 27 22 5
5 0 26 16
5 1 16 16
5 3 58 25
5 4 50 3
5 6 54 1
5 8 134 22
5 9 260 1
5 10 17 2
5 12 4 22
5 16 17 8
5 17 1 16
5 18 57 1
5 21 15 9
5 24 38 28
6 1 9 17
6 2 1 3
6 3 6 4
6 4 3 8
6 5 377 1
6 7 2 2
6 8 19 16
6 9 259 1
6 10 171 1
6 11 12 15
6 13 4 27
6 14 1 13
6 17 1 18
6 18 47 2
6 26 12 7
7 0 2 5
7 1 4 25
7 2 16 14
7 3 80 1
7 5 246 1
7 6 219 1
7 8 4 7
7 9 262 1
7 10 1 15
7 11 31 12
7 14 3 14
7 15 59 1
7 19 75 1
7 20 1 22
7 21 1 26
7 22 1 29
7 24 4 23
8 0 15 18
8 1 23 15
8 2 18 1
8 3 27 7
8 4 126 1
8 5 21 19
8 6 184 1
8 7 18 1
8 9 113 17
8 10 40 19
8 11 21 8
8 13 1 19
8 14 122 1
8 15 1 1
8 16 16 24
8 19 39 2
8 20 217 1
8 23 32 1
8 24 36 7
8 25 6 21
9 0 36 2
9 1 1 2
9 4 1 17
9 5 6 3
9 6 4 12
9 8 2 20
9 10 8 19
9 12 273 1
9 14 1 4
9 18 51 1
9 19 1 1
9 20 6 17
9 23 4 3
10 1 288 1
10 2 11 1
10 4 306 2
10 5 1 10
10 6 6 26
10 7 315 1
10 8 439 1
10 9 5 14
10 12 1 5
10 13 210 1
10 14 219 1
10 15 28 1
10 17 23 3
10 19 67 1
10 20 1 8
10 22 47 2
10 23 20 2
10 24 43 1
10 27 1 15
11 2 135 14
11 3 1 25
11 7 38 2
11 8 3 6
11 10 20 1
11 13 66 1
11 14 2 11
11 15 128 1
11 17 2 24
11 18 6 3
11 22 69 20
11 25 43 26
12 6 2 12
12 8 86 2
12 9 19 1
12 10 2 1
12 11 194 3
12 13 4 1
12 20 70 2
12 22 2 4
12 25 1 27
12 26 2 29
13 4 1 21
13 5 1 2
13 8 25 1
13 9 2 11
13 10 23 1
13 11 91 1
13 12 12 1
13 17 10 4
13 27 1 16
14 1 3 8
14 3 1 6
14 7 186 2
14 8 1 6
14 9 1 20
14 10 3 6
14 11 136 1
14 15 6 18
14 18 1 18
14 21 8 5
15 3 20 3
15 10 249 2
15 11 27 1
15 13 11 4
15 14 1 12
15 16 19 1
15 20 51 20
16 0 15 16
16 1 50 18
16 2 40 10
16 3 28 10
16 4 9 26
16 5 28 8
16 8 24 16
16 17 143 1
16 18 1 12
16 24 21 19
16 25 16 1
17 1 418 22
17 5 99 24
17 6 1 2
17 8 261 4
17 9 1 28
17 11 1 16
17 16 235 1
17 24 59 7
17 27 1 29
18 8 182 2
18 9 4 3
18 10 6 29
18 13 1 17
18 19 1 2
18 27 19 3
19 0 1 8
19 1 21 1
19 2 27 8
19 4 10 6
19 6 12 23
19 8 118 27
19 10 1 24
19 20 3 12
20 7 3 12
20 11 3 6
20 12 45 2
20 14 1 11
20 17 85 1
20 19 237 2
20 25 4 23
21 6 28 4
21 10 1 27
21 11 1 8
21 16 17 3
21 22 8 1
21 24 11 1
22 4 24 1
22 6 2 18
22 7 4 14
22 8 8 10
22 9 1 23
22 23 16 6
22 24 1 5
23 7 8 15
23 11 20 7
23 12 3 3
23 17 1 24
24 0 15 18
24 1 38 16
24 2 31 29
24 3 15 2
24 5 37 19
24 8 154 6
24 9 43 4
24 10 25 1
24 11 2 26
24 14 2 16
24 16 15 8
24 25 1 16
24 26 1 24
25 0 14 1
25 1 4 4
25 4 35 1
25 7 261 1
25 8 1 16
25 11 278 6
25 12 63 1
25 15 5 17
25 19 1 1
25 27 22 1
27 5 22 5
27 7 2 2
27 11 189 3
27 15 25 3
27 21 5 26
27 23 1 2
27 26 1 12
