0 1 198 1
0 2 21 23
0 3 123 1
0 4 1 9
0 6 14 27
0 7 1 9
0 8 42 1
0 10 237 1
0 11 4 11
0 12 5 22
0 13 39 3
0 16 94 3
0 17 52 1
0 18 80 4
0 19 4 9
0 20 1 2
0 24 193 4
1 0 196 1
1 2 255 1
1 3 386 26
1 4 164 1
1 5 69 1
1 7 1 11
1 8 154 26
1 9 36 1
1 12 1 10
1 13 1 11
1 16 190 1
1 17 295 1
1 19 86 2
1 24 229 1
2 1 149 9
2 3 25 8
2 4 15 2
2 6 5 1
2 7 2 1
2 8 4 14
2 9 7 2
2 10 1 6
2 13 1 2
2 16 3 16
2 17 166 1
2 18 48 2
2 26 6 18
3 0 78 19
3 1 153 2
3 2 9 2
3 4 55 2
3 5 43 1
3 7 11 8
3 8 41 29
3 10 198 1
3 11 14 1
3 13 28 4
3 16 149 1
3 24 41 4
3 25 1 19
4 0 46 1
4 1 321 1
4 3 1 24
4 5 95 1
4 6 2 8
4 9 3 10
4 12 4 13
4 14 1 25
4 16 8 1
4 17 41 16
4 18 5 22
4 22 6 16
4 23 65 10
4 25 36 13
5 0 62 1
5 1 60 1
5 3 71 9
5 4 106 5
5 6 43 1
5 8 145 1
5 9 45 1
5 18 43 4
5 24 228 2
6 1 7 26
6 2 147 28
6 3 2 20
6 4 25 16
6 5 5 1
6 8 33 28
6 8 423 22
6 9 14 1
6 10 88 1
6 11 28 11
6 12 44 1
6 13 7 29
6 14 153 2
6 15 120 5
6 18 31 1
6 20 49 1
6 24 3 10
6 25 5 14
6 27 18 1
7 0 1 20
7 1 104 8
7 2 3 26
7 3 143 1
7 4 37 26
7 5 235 1
7 6 161 8
7 8 329 1
7 9 247 1
7 10 1 5
7 11 36 3
7 14 2 6
7 15 19 2
7 20 4 25
7 24 2 10
7 25 1 2
8 0 88 1
8 1 36 1
8 2 1 25
8 3 56 1
8 4 70 1
8 5 73 1
8 6 3 26
8 7 1 28
8 9 216 18
8 10 46 15
8 11 5 29
8 13 2 12
8 14 80 2
8 16 37 1
8 17 1 8
8 24 1 11
8 26 8 3
9 0 23 2
9 3 1 13
9 4 5 13
9 5 15 18
9 6 3 8
9 7 1 21
9 8 1 28
9 10 1 23
9 11 279 1
9 12 185 1
9 14 137 1
9 18 38 1
9 19 17 23
9 26 1 10
9 27 1 15
10 0 1 14
10 1 257 1
10 2 22 27
10 3 5 10
10 5 2 21
10 6 40 20
10 7 247 1
10 8 91 1
10 9 7 26
10 12 96 20
10 13 170 2
10 14 87 1
10 18 4 14
10 19 60 4
10 22 32 1
10 23 11 1
10 26 2 10
11 0 1 1
11 1 220 1
11 2 1 25
11 3 263 9
11 7 369 1
11 8 2 14
11 9 6 4
11 10 33 1
11 13 42 3
11 14 1 15
11 15 7 1
11 17 100 25
11 19 109 2
11 22 1 12
11 23 1 27
11 24 1 12
11 25 9 18
12 3 59 1
12 4 1 8
12 7 125 23
12 16 73 3
12 17 33 2
12 22 98 5
12 23 2 23
12 25 1 15
13 0 56 1
13 6 54 4
13 7 4 29
13 9 4 13
13 11 65 2
13 12 144 1
13 14 4 14
13 17 3 9
13 24 3 3
14 0 38 2
14 1 8 3
14 4 5 27
14 8 2 18
14 9 3 10
14 10 21 8
14 11 75 1
14 15 48 1
14 17 4 8
14 19 2 5
14 20 29 18
14 22 1 12
14 24 1 11
15 0 1 10
15 4 86 20
15 6 1 16
15 10 211 1
15 11 1 10
15 12 90 8
15 14 8 14
15 20 1 3
15 25 5 22
16 0 22 1
16 1 109 1
16 2 35 5
16 3 57 1
16 5 4 9
16 6 116 5
16 8 210 1
16 14 28 2
16 17 82 1
16 22 23 4
16 24 113 17
16 25 14 16
16 27 30 28
17 1 15 1
17 2 1 9
17 5 1 18
17 6 24 11
17 7 6 1
17 8 248 2
17 12 69 2
17 14 52 4
17 16 170 1
17 18 172 1
17 19 2 29
17 20 13 1
17 21 1 7
18 0 4 3
18 3 29 6
18 4 13 18
18 5 2 21
18 8 173 1
18 10 23 23
18 12 27 28
18 16 188 1
18 23 26 1
18 25 1 27
19 0 1 21
19 1 8 4
19 6 1 15
19 20 44 7
20 0 201 1
20 7 1 14
20 11 17 18
20 12 41 1
20 14 2 6
20 19 10 1
20 22 28 3
20 25 2 2
21 20 1 4
21 24 1 8
22 6 2 19
22 8 9 23
22 11 18 1
22 14 25 1
22 17 5 4
22 26 1 9
23 6 1 25
23 7 21 4
23 8 1 7
23 9 69 25
23 11 1 25
23 12 16 11
23 17 1 26
24 0 197 2
24 1 61 1
24 3 205 2
24 4 1 16
24 5 158 1
24 8 101 1
24 9 36 3
24 11 1 14
24 14 1 11
24 16 84 1
24 17 72 2
24 23 2 4
25 7 224 1
25 11 130 1
25 18 3 3
25 20 2 24
26 0 5 24
26 1 34 8
26 7 45 1
26 10 1 29
26 18 26 19
26 24 35 3
26 27 1 19
27 7 11 5
27 25 2 22
