0 1 29 1
0 2 1 14
0 3 16 5
0 5 44 3
0 7 1 18
0 8 40 1
0 9 1 2
0 11 1 6
0 12 88 19
0 16 104 1
0 17 49 2
0 19 43 28
0 20 23 29
0 24 163 1
0 25 1 24
1 0 149 1
1 2 232 1
1 3 43 1
1 4 146 3
1 5 17 5
1 7 1 3
1 8 37 10
1 9 33 2
1 10 16 3
1 13 52 7
1 16 20 1
1 17 284 1
1 18 131 3
1 20 1 4
1 23 63 1
1 24 142 1
1 27 77 19
2 1 317 1
2 3 3 26
2 4 13 2
2 6 4 1
2 7 4 1
2 8 31 15
2 10 1 19
2 11 7 8
2 23 9 16
2 24 1 27
2 26 1 15
3 0 91 1
3 1 114 1
3 2 5 2
3 5 36 25
3 7 2 24
3 8 233 1
3 10 195 1
3 11 12 1
3 12 67 2
3 14 5 28
3 16 96 3
3 19 1 17
3 20 4 19
3 24 12 19
3 26 14 10
4 0 43 1
4 1 90 1
4 2 6 1
4 5 82 22
4 6 15 29
4 7 216 3
4 9 3 13
4 11 5 3
4 12 1 5
4 14 3 28
4 15 34 23
4 16 1 7
4 17 5 9
4 18 2 29
4 20 25 4
4 21 1 1
4 25 1 12
4 26 1 21
5 0 5 1
5 1 22 18
5 3 107 1
5 4 129 4
5 6 7 1
5 8 65 1
5 9 207 1
5 11 1 8
5 12 7 19
5 16 240 1
5 17 9 29
5 18 42 3
5 24 266 2
5 27 3 1
6 1 265 18
6 3 1 23
6 4 2 10
6 5 4 1
6 8 93 20
6 9 120 1
6 10 76 28
6 11 1 17
6 12 42 1
6 14 152 1
6 15 119 19
6 17 1 19
6 18 30 1
6 19 16 4
6 20 48 1
6 25 1 10
6 26 1 26
6 27 17 11
7 0 1 18
7 1 1 18
7 2 12 7
7 3 129 1
7 4 2 24
7 5 232 1
7 6 179 1
7 8 307 1
7 9 245 1
7 10 8 3
7 11 6 27
7 17 1 3
7 19 61 4
7 20 1 14
7 21 2 23
7 22 31 11
7 24 1 3
8 0 52 21
8 1 361 3
8 2 1 12
8 3 77 1
8 4 65 1
8 5 122 1
8 6 12 17
8 7 1 22
8 9 77 1
8 10 5 14
8 11 26 15
8 13 1 9
8 14 76 2
8 15 2 20
8 16 43 1
8 17 240 25
8 19 29 2
8 20 203 4
8 21 71 2
8 24 32 1
8 25 16 18
9 2 1 13
9 4 5 20
9 5 83 9
9 6 122 4
9 8 1 3
9 10 3 27
9 11 277 1
9 12 176 1
9 13 22 21
9 14 135 1
9 15 38 1
9 16 82 28
9 17 1 20
9 19 1 1
9 22 7 7
9 25 2 14
9 26 10 16
10 1 254 1
10 2 1 21
10 3 3 24
10 4 291 1
10 5 6 17
10 6 29 27
10 7 240 1
10 8 57 1
10 9 20 21
10 11 3 18
10 12 5 10
10 13 166 1
10 14 76 1
10 17 13 5
10 20 11 29
10 21 74 2
10 22 31 1
10 24 27 1
10 25 50 1
10 27 7 16
11 0 5 1
11 1 218 1
11 3 2 25
11 5 3 14
11 7 124 14
11 8 30 14
11 9 5 3
11 10 27 1
11 12 1 7
11 13 40 1
11 14 3 29
11 15 3 1
11 18 1 6
11 20 7 4
11 22 101 2
11 23 1 21
11 25 3 20
12 1 174 6
12 8 60 2
12 10 44 22
12 11 187 3
12 16 72 3
12 17 33 1
12 21 7 6
12 22 97 4
12 23 73 6
12 25 1 19
12 26 3 14
12 27 32 1
13 4 4 8
13 8 12 2
13 9 1 22
13 12 142 1
13 14 1 1
14 0 37 5
14 1 2 25
14 4 7 10
14 7 157 1
14 8 1 13
14 9 1 3
14 10 7 19
14 11 69 1
14 15 43 1
14 19 2 8
14 21 1 5
14 22 2 19
15 1 2 4
15 3 14 1
15 6 2 10
15 10 207 1
15 11 2 26
15 12 1 9
15 14 6 19
15 18 1 22
15 20 1 27
15 23 1 8
15 24 12 1
15 25 2 9
16 0 235 1
16 1 76 3
16 2 35 1
16 3 100 1
16 5 90 1
16 6 116 7
16 8 152 1
16 13 2 5
16 14 28 1
16 17 76 1
16 18 2 14
16 20 32 6
16 24 44 1
17 1 6 1
17 2 10 23
17 3 2 1
17 6 1 4
17 8 246 2
17 9 10 24
17 16 163 1
17 27 1 3
18 2 2 6
18 4 2 4
18 5 6 3
18 6 17 1
18 8 171 1
18 10 3 21
18 13 1 4
18 16 183 1
18 17 1 21
18 21 1 9
19 0 2 20
19 20 2 19
19 23 1 12
20 0 197 1
20 3 28 3
20 7 1 3
20 8 204 2
20 10 96 1
20 14 14 2
20 15 1 5
20 16 3 8
20 19 24 1
20 27 1 21
21 0 10 29
21 4 1 25
21 6 24 2
21 10 10 7
21 17 1 16
22 8 1 25
22 9 1 3
22 11 17 1
22 16 10 12
22 17 1 3
23 0 3 9
23 4 48 4
23 7 7 6
23 11 5 25
23 12 2 29
23 15 24 3
23 17 1 18
23 22 1 19
23 27 8 13
24 0 137 9
24 1 147 1
24 3 152 7
24 5 60 1
24 8 396 1
24 10 13 2
24 11 1 19
24 15 23 3
24 16 146 2
24 23 16 3
24 25 32 16
25 7 220 1
25 11 117 1
25 15 5 1
25 17 29 1
25 24 1 23
25 26 38 2
25 27 8 1
26 2 9 1
26 3 1 29
26 5 15 1
26 7 44 2
26 9 2 20
26 10 10 24
26 25 1 4
27 7 12 13
27 9 1 3
27 10 9 20
27 11 166 2
27 13 10 16
27 20 50 13
27 22 1 11
27 23 5 12
