0 1 35 1
0 2 1 25
0 3 231 1
0 4 1 27
0 5 120 1
0 6 1 1
0 7 9 2
0 8 94 1
0 11 1 28
0 13 38 1
0 14 21 5
0 16 66 5
0 18 76 1
0 19 4 15
0 20 89 4
0 22 1 2
0 24 157 1
1 0 153 1
1 2 178 1
1 3 24 1
1 4 111 1
1 5 334 6
1 6 81 26
1 7 2 29
1 8 268 1
1 9 27 1
1 10 12 2
1 14 55 1
1 16 117 1
1 17 257 1
1 19 78 2
1 24 182 3
1 25 1 24
2 0 73 16
2 1 115 1
2 3 15 11
2 4 9 1
2 7 12 14
2 8 4 7
2 11 1 7
2 12 1 1
2 17 158 1
2 18 46 5
2 27 1 9
3 0 63 1
3 1 84 1
3 2 46 13
3 5 31 1
3 7 69 14
3 8 56 1
3 9 1 1
3 10 188 1
3 11 7 1
3 12 66 2
3 16 31 1
3 19 2 8
3 20 5 16
3 24 43 1
3 25 1 12
4 0 35 1
4 1 62 1
4 2 1 1
4 5 4 6
4 6 51 23
4 9 1 15
4 10 264 1
4 12 56 18
4 17 5 21
4 18 4 24
4 19 74 4
4 20 23 1
4 24 76 5
4 25 41 27
5 0 73 1
5 1 17 1
5 3 77 1
5 4 5 5
5 8 25 3
5 9 175 1
5 11 1 22
5 12 3 23
5 16 176 1
5 24 93 1
6 0 268 22
6 1 94 8
6 2 12 12
6 3 3 20
6 4 67 10
6 5 3 12
6 7 1 18
6 8 3 4
6 9 92 1
6 10 335 1
6 11 1 21
6 12 36 1
6 16 102 2
6 17 2 5
6 18 26 1
6 19 15 2
6 22 1 6
6 25 1 8
7 0 1 19
7 1 1 26
7 2 26 26
7 3 98 1
7 4 2 29
7 5 225 1
7 6 143 1
7 8 256 1
7 9 239 1
7 10 3 17
7 11 4 8
7 14 6 16
7 15 10 1
7 17 1 23
7 19 58 4
7 20 5 1
7 22 1 27
7 24 1 12
7 27 1 22
8 0 44 1
8 1 84 3
8 2 5 16
8 3 283 1
8 4 53 1
8 5 34 1
8 6 10 5
8 7 2 27
8 9 54 8
8 10 9 19
8 11 2 10
8 14 67 1
8 15 1 27
8 16 181 1
8 18 1 10
8 19 27 1
8 20 200 1
8 23 21 2
8 24 110 1
8 26 7 2
9 0 19 4
9 1 1 5
9 4 9 27
9 5 93 24
9 6 98 20
9 7 2 15
9 8 1 16
9 11 271 1
9 12 155 1
9 14 131 1
9 15 36 1
9 22 1 24
9 24 9 20
10 0 5 9
10 2 5 12
10 3 3 28
10 5 6 24
10 6 2 22
10 7 223 1
10 8 258 3
10 9 168 26
10 11 108 1
10 12 1 10
10 14 52 1
10 15 242 21
10 16 62 2
10 19 58 1
10 27 3 13
11 7 339 1
11 8 1 6
11 9 3 1
11 10 15 1
11 13 35 2
11 14 37 11
11 16 1 22
11 21 81 5
11 24 4 17
11 25 82 26
12 4 1 13
12 6 27 24
12 7 8 13
12 8 55 1
12 9 1 12
12 14 125 3
12 21 3 9
12 23 1 23
12 27 31 2
13 4 2 25
13 6 51 1
13 7 2 2
13 12 133 1
13 14 16 3
13 18 2 23
13 21 2 15
13 25 13 3
14 0 36 1
14 1 8 10
14 2 6 16
14 3 1 14
14 4 1 29
14 5 47 1
14 8 1 29
14 9 1 11
14 10 6 17
14 11 57 1
14 12 132 1
14 15 35 1
14 18 1 25
14 25 1 21
15 6 1 23
15 8 37 1
15 9 2 1
15 10 196 1
15 11 2 8
15 14 6 18
15 19 1 1
15 24 11 6
15 25 1 4
15 26 1 27
15 27 4 5
16 0 160 1
16 1 81 1
16 2 33 7
16 3 46 1
16 5 18 1
16 6 4 15
16 8 74 1
16 10 1 22
16 17 63 1
16 24 101 1
17 1 382 1
17 2 1 19
17 6 3 14
17 8 242 3
17 11 1 10
17 16 147 1
17 18 168 2
17 19 3 19
17 22 1 5
17 23 5 1
17 24 59 10
18 4 15 18
18 5 1 2
18 8 169 2
18 12 1 14
18 16 170 1
18 19 3 15
18 24 20 8
18 27 1 7
19 0 1 13
19 3 54 1
19 8 9 3
19 10 6 17
19 11 3 24
19 20 18 25
19 21 6 29
19 23 1 7
20 1 59 1
20 7 1 10
20 8 201 2
20 9 124 24
20 10 92 3
20 13 1 4
20 15 1 9
20 16 1 1
20 19 156 4
20 27 1 10
21 10 1 5
21 20 4 6
21 25 1 6
21 27 9 20
22 0 4 29
22 8 1 2
22 16 10 2
22 23 5 6
22 24 1 18
23 4 48 2
23 7 1 29
23 11 2 1
23 15 22 4
23 16 9 23
24 0 57 1
24 1 225 1
24 2 1 7
24 3 17 1
24 5 30 1
24 7 206 3
24 8 20 1
24 11 4 27
24 14 3 22
24 16 18 1
24 23 4 4
25 4 28 1
25 7 209 1
25 8 27 25
25 9 2 26
25 11 331 1
25 19 1 8
25 24 1 16
25 26 37 1
26 0 1 14
26 1 34 2
26 10 1 2
26 15 21 10
26 20 45 1
27 5 21 1
27 6 46 1
27 7 4 27
27 11 160 2
27 14 26 2
27 17 17 1
27 23 5 10
27 25 2 2
27 26 50 10
