0 1 119 1
0 2 2 29
0 3 98 1
0 4 3 25
0 5 18 1
0 6 11 2
0 8 20 1
0 10 231 4
0 11 1 5
0 13 37 2
0 16 35 1
0 17 36 1
0 20 1 11
0 24 9 1
0 25 2 9
0 27 4 18
1 0 89 20
1 2 124 1
1 3 339 1
1 4 124 1
1 5 252 1
1 7 1 5
1 8 137 15
1 9 21 1
1 10 9 1
1 12 1 10
1 13 1 6
1 16 7 3
1 17 229 1
1 18 30 21
1 19 72 1
1 22 1 9
1 24 77 1
1 26 13 12
2 0 4 2
2 1 61 1
2 3 1 27
2 7 1 29
2 8 14 12
2 9 13 19
2 11 3 17
2 14 1 14
2 18 44 2
2 23 11 14
3 0 82 1
3 1 26 1
3 2 67 21
3 5 28 2
3 6 1 19
3 7 1 22
3 8 41 1
3 9 1 10
3 10 180 2
3 11 3 2
3 12 65 2
3 14 22 8
3 15 51 4
3 16 29 1
3 20 1 3
3 21 1 5
3 24 60 1
4 0 28 2
4 1 36 6
4 2 198 2
4 3 1 8
4 5 7 2
4 6 11 19
4 7 205 1
4 8 101 18
4 9 4 15
4 11 3 1
4 12 9 10
4 14 2 5
4 17 28 18
4 18 11 25
4 20 21 5
4 22 1 22
5 0 38 1
5 1 57 1
5 3 38 1
5 4 2 11
5 6 5 3
5 7 3 12
5 8 27 1
5 9 112 1
5 11 11 10
5 12 7 16
5 14 47 13
5 16 35 1
5 17 5 20
5 24 34 1
6 1 1 22
6 2 1 1
6 4 5 8
6 5 26 3
6 7 3 9
6 8 417 16
6 9 61 1
6 10 303 1
6 12 30 1
6 13 1 19
6 14 143 2
6 17 1 26
6 25 2 10
7 0 1 24
7 2 102 13
7 3 77 1
7 6 119 27
7 8 224 1
7 9 233 1
7 10 1 24
7 11 342 23
7 14 1 13
7 15 5 1
7 17 3 10
7 19 55 1
7 20 5 9
7 24 18 21
7 27 2 28
8 0 15 4
8 1 87 1
8 2 3 5
8 3 137 1
8 4 42 1
8 5 246 1
8 6 15 28
8 7 6 12
8 9 43 1
8 10 203 26
8 11 2 19
8 12 1 3
8 14 58 1
8 16 146 1
8 17 240 2
8 23 20 1
8 24 31 1
8 25 134 23
8 27 1 12
9 2 3 3
9 3 2 21
9 4 1 22
9 5 91 21
9 6 2 19
9 10 12 26
9 11 264 2
9 12 132 1
9 14 125 1
9 15 33 1
9 17 1 24
9 19 1 4
9 23 1 2
9 24 23 24
9 25 2 3
10 0 3 4
10 1 236 1
10 2 49 21
10 3 1 17
10 4 279 2
10 5 67 6
10 6 4 13
10 7 205 1
10 8 220 1
10 9 2 6
10 11 341 1
10 12 1 26
10 13 144 1
10 14 31 1
10 15 10 2
10 22 24 3
10 23 7 1
10 24 21 1
10 25 39 2
10 26 104 26
10 27 3 16
11 0 2 1
11 1 206 1
11 2 2 13
11 3 4 20
11 5 1 23
11 7 194 1
11 8 35 17
11 10 6 1
11 12 1 3
11 14 4 26
11 15 1 12
11 16 2 7
11 17 2 16
11 19 106 1
11 22 2 16
11 23 1 9
11 24 5 9
11 25 3 7
12 1 170 1
12 4 6 1
12 7 30 25
12 11 183 1
12 13 2 22
12 21 1 27
12 22 92 4
12 23 73 1
12 25 14 8
13 5 1 9
13 6 48 1
13 7 5 10
13 8 7 3
13 12 123 1
13 14 2 9
13 17 5 2
14 0 34 5
14 1 3 3
14 7 142 1
14 8 1 11
14 9 1 15
14 10 1 19
14 11 44 1
14 12 128 2
14 15 4 1
14 17 4 1
14 20 2 10
14 21 9 20
14 23 3 18
14 26 12 10
15 6 2 13
15 7 2 16
15 10 184 1
15 11 20 18
15 12 2 8
15 14 6 21
15 25 1 26
16 0 17 4
16 1 28 1
16 3 9 1
16 5 87 1
16 7 69 1
16 8 52 4
16 13 4 15
16 17 50 1
16 18 216 23
16 24 21 1
17 1 356 1
17 2 1 26
17 4 273 1
17 5 2 13
17 6 1 1
17 7 2 7
17 8 238 1
17 10 142 2
17 11 1 5
17 16 130 1
17 18 165 2
17 20 9 10
17 21 2 27
17 25 1 19
17 27 14 23
18 0 133 19
18 2 9 14
18 4 23 19
18 13 2 25
18 16 156 1
18 25 1 8
19 0 2 5
19 4 1 18
19 6 1 2
19 17 1 9
19 20 1 15
20 0 177 1
20 1 54 1
20 3 186 2
20 4 25 1
20 7 1 14
20 8 197 1
20 11 1 27
20 14 19 3
20 19 2 27
20 22 26 22
20 25 1 5
21 4 1 4
21 8 70 2
21 9 4 1
21 10 10 16
21 12 108 7
21 14 20 5
21 16 1 2
21 18 9 6
22 2 14 18
22 7 4 2
22 8 3 9
22 23 4 1
23 7 1 20
23 8 9 20
23 11 6 7
23 24 13 21
23 25 15 14
23 26 2 10
24 0 17 1
24 1 106 3
24 3 26 1
24 4 1 5
24 5 12 1
24 7 12 2
24 8 176 1
24 10 8 4
24 11 6 5
24 16 18 1
24 26 1 24
25 5 3 22
25 7 197 1
25 9 1 4
25 11 294 1
25 21 1 4
25 24 1 12
26 0 6 12
26 4 2 7
26 6 1 1
27 7 1 1
27 11 154 1
27 15 21 13
27 24 4 2
