0 1 13 4
0 2 1 13
0 3 12 13
0 4 1 10
0 5 11 2
0 7 1 4
0 8 15 8
0 11 1 15
0 12 1 7
0 15 2 18
0 16 10 5
0 17 27 2
0 18 68 3
0 19 2 1
0 20 4 5
0 24 9 1
0 25 2 5
1 0 122 15
1 2 57 1
1 3 9 1
1 4 85 1
1 5 8 13
1 6 4 27
1 7 1 2
1 8 142 16
1 14 48 2
1 16 18 15
1 17 185 1
1 18 1 24
1 19 63 1
1 20 1 16
1 21 1 2
1 23 59 10
1 24 9 9
1 26 12 18
2 0 72 2
2 1 37 1
2 3 4 1
2 4 2 1
2 5 59 2
2 7 3 24
2 8 55 23
2 9 1 20
2 10 1 18
2 11 2 20
2 17 142 1
3 0 11 15
3 1 11 24
3 2 60 10
3 4 34 2
3 5 19 13
3 6 1 12
3 7 290 1
3 8 9 23
3 9 12 9
3 10 168 1
3 14 5 21
3 16 10 10
3 20 1 9
3 22 2 13
3 24 9 19
3 25 1 2
3 26 14 19
4 0 18 3
4 1 100 1
4 2 190 1
4 5 2 24
4 6 23 14
4 8 318 1
4 9 1 1
4 10 243 1
4 11 1 2
4 12 1 7
4 14 1 1
4 16 10 18
4 18 2 8
4 21 65 15
4 24 75 1
4 25 2 17
5 0 9 24
5 1 10 14
5 3 9 19
5 4 1 19
5 6 12 16
5 7 4 18
5 8 10 2
5 9 38 1
5 10 1 1
5 11 1 8
5 12 2 19
5 16 18 25
5 17 6 4
5 18 31 1
5 24 9 16
5 27 2 3
6 0 65 1
6 1 23 18
6 2 146 25
6 3 1 11
6 4 22 1
6 5 37 6
6 7 4 23
6 8 303 1
6 9 25 1
6 10 291 1
6 11 1 4
6 12 22 2
6 14 136 1
6 15 124 1
6 16 96 1
6 18 18 1
6 19 10 2
6 25 10 9
6 27 14 1
7 0 1 15
7 1 115 16
7 2 1 26
7 3 39 1
7 4 202 18
7 5 205 1
7 6 138 1
7 8 153 1
7 10 33 27
7 11 18 1
7 14 1 29
7 18 102 1
7 19 50 2
7 24 14 13
8 0 15 6
8 1 8 20
8 2 3 7
8 3 8 23
8 4 27 1
8 5 9 7
8 6 64 8
8 7 6 17
8 9 194 1
8 10 3 24
8 11 2 26
8 13 2 15
8 14 44 1
8 15 11 2
8 16 9 19
8 17 32 15
8 19 21 2
8 24 104 10
9 1 1 26
9 3 7 16
9 4 6 3
9 6 1 18
9 7 1 12
9 8 107 26
9 10 28 1
9 11 253 1
9 12 100 1
9 13 22 23
9 14 116 1
9 16 15 17
9 18 26 2
9 20 8 23
9 21 1 17
10 0 1 14
10 1 221 2
10 2 14 5
10 3 1 23
10 4 268 1
10 5 219 21
10 6 1 15
10 7 177 1
10 8 267 1
10 9 1 27
10 12 1 25
10 13 126 1
10 14 8 2
10 15 3 1
10 16 57 8
10 18 3 4
10 22 20 1
10 24 16 1
10 25 32 1
11 1 196 2
11 3 4 8
11 4 1 23
11 7 3 12
11 8 183 21
11 13 23 1
11 14 18 26
11 15 4 29
11 17 2 11
11 20 185 9
11 22 1 15
11 24 1 27
11 25 8 16
11 27 2 21
12 4 1 14
12 5 1 6
12 7 1 12
12 9 2 14
12 10 263 22
12 13 1 12
12 14 17 2
12 20 61 3
12 21 1 16
12 23 78 4
13 6 43 3
13 7 1 13
13 8 4 2
13 9 1 15
13 12 108 1
13 18 2 10
13 19 3 2
13 22 1 14
13 27 1 9
14 0 32 1
14 1 2 17
14 3 2 10
14 4 1 24
14 6 3 6
14 7 130 1
14 8 4 14
14 9 1 5
14 10 173 24
14 12 122 3
14 13 1 12
14 15 14 1
14 20 1 8
14 21 9 10
15 0 1 3
15 4 6 3
15 7 1 21
15 11 15 21
15 12 91 23
15 13 3 4
15 14 38 12
15 17 1 17
15 20 52 9
15 23 1 26
15 24 8 5
16 0 87 25
16 1 10 25
16 3 9 15
16 5 10 22
16 6 1 26
16 7 67 1
16 8 10 27
16 10 1 10
16 11 10 1
16 13 22 16
16 17 33 1
16 18 14 1
16 24 9 29
16 26 1 18
17 0 35 4
17 1 321 1
17 2 1 24
17 4 280 3
17 5 1 11
17 6 4 25
17 8 230 1
17 10 136 1
17 16 104 1
17 18 160 1
17 20 8 1
17 21 1 14
18 1 1 14
18 4 6 15
18 5 19 2
18 16 134 1
18 17 1 21
18 20 2 10
18 25 35 18
19 0 9 18
19 6 87 14
19 11 111 7
19 18 2 1
19 20 1 17
20 0 160 2
20 2 1 24
20 3 181 1
20 4 21 1
20 7 4 8
20 8 191 1
20 10 84 2
20 13 23 8
20 19 84 1
20 23 29 9
20 27 1 7
21 0 1 29
21 4 54 27
21 7 1 12
21 9 3 3
21 10 76 13
21 12 106 3
21 14 1 22
21 27 1 26
22 7 1 25
22 11 9 3
22 14 20 1
22 23 1 12
23 6 11 3
23 7 30 18
23 8 9 8
23 11 9 23
23 12 12 21
23 14 1 28
23 15 16 1
23 19 1 16
24 0 10 20
24 1 10 20
24 2 32 9
24 3 10 20
24 5 10 4
24 6 91 6
24 7 3 15
24 8 10 10
24 9 30 2
24 10 5 6
24 11 1 19
24 12 1 12
24 14 1 8
24 15 19 1
24 16 10 11
24 26 1 10
25 3 32 1
25 7 178 1
25 11 236 1
25 17 25 4
25 21 12 26
25 27 1 4
26 7 36 1
26 8 1 18
26 27 1 15
27 5 20 4
27 6 42 3
27 9 1 6
27 11 144 1
27 25 1 26
