0 1 89 4
0 2 1 7
0 3 23 12
0 4 4 10
0 5 13 17
0 6 263 1
0 7 2 15
0 8 19 19
0 10 226 4
0 11 1 16
0 12 94 8
0 16 13 28
0 17 25 2
0 18 67 2
0 24 13 24
0 27 2 28
1 0 61 24
1 2 46 1
1 3 11 20
1 4 74 1
1 5 219 14
1 6 122 1
1 7 4 2
1 8 13 16
1 9 12 3
1 10 3 5
1 16 12 1
1 17 177 1
1 19 61 2
1 20 1 7
1 24 24 10
2 1 225 1
2 3 33 5
2 5 58 2
2 7 1 21
2 8 3 13
2 9 1 16
2 11 17 16
2 17 140 1
2 20 1 10
2 24 2 24
3 0 14 11
3 1 18 18
3 2 1 22
3 4 32 2
3 5 15 10
3 6 2 24
3 7 8 1
3 8 108 5
3 9 2 15
3 10 165 1
3 13 27 1
3 16 12 28
3 20 1 3
3 23 1 4
3 24 13 16
3 26 1 11
3 27 2 2
4 0 17 1
4 1 88 13
4 5 113 1
4 6 62 8
4 7 193 1
4 8 315 25
4 9 3 14
4 10 240 1
4 16 1 12
4 17 1 3
4 18 1 22
4 21 4 13
4 25 41 16
4 27 15 8
5 0 21 21
5 1 13 23
5 2 1 20
5 3 13 27
5 4 2 24
5 6 24 11
5 7 3 25
5 8 13 8
5 9 27 1
5 12 5 26
5 16 12 5
5 17 7 16
5 19 6 3
5 24 12 10
5 26 2 3
6 0 65 2
6 4 3 3
6 5 15 25
6 7 8 9
6 8 279 1
6 9 19 1
6 10 27 1
6 11 3 23
6 12 21 1
6 13 1 25
6 14 135 1
6 17 4 18
6 18 17 1
7 0 3 16
7 2 11 11
7 3 33 1
7 5 202 1
7 6 131 1
7 8 139 1
7 10 14 17
7 11 25 1
7 13 2 7
7 14 2 23
7 18 101 1
7 20 1 8
7 21 6 7
7 24 4 28
7 27 40 25
8 0 13 14
8 1 11 21
8 2 37 12
8 3 11 3
8 4 24 1
8 5 26 9
8 6 19 21
8 7 11 27
8 9 187 1
8 10 38 15
8 11 2 17
8 13 8 1
8 14 41 2
8 16 12 17
8 17 241 1
8 20 189 1
8 24 31 12
9 1 4 21
9 3 26 14
9 4 1 8
9 5 7 15
9 6 245 22
9 7 1 6
9 10 20 1
9 12 94 1
9 14 114 2
9 17 1 29
9 22 1 14
9 24 23 21
10 0 1 24
10 1 218 2
10 2 80 10
10 6 1 8
10 7 172 1
10 8 239 1
10 9 2 21
10 11 342 1
10 12 2 6
10 13 122 1
10 18 3 16
10 19 52 5
10 22 19 1
10 24 15 1
10 25 30 2
10 26 1 22
10 27 8 17
11 0 264 2
11 1 194 1
11 7 208 1
11 8 1 6
11 12 1 12
11 13 21 3
11 14 36 28
11 15 11 2
11 17 28 3
11 20 1 3
11 22 1 18
11 23 6 27
11 24 6 24
11 25 7 5
12 6 1 25
12 7 10 14
12 8 40 2
12 9 3 5
12 11 178 3
12 14 16 1
12 15 70 2
12 18 1 7
12 23 78 1
12 25 1 5
13 5 21 28
13 7 1 22
13 9 1 18
13 11 40 1
13 12 105 1
13 15 19 1
14 7 127 1
14 8 5 1
14 9 4 19
14 10 1 12
14 11 25 1
14 12 121 2
14 13 4 15
14 24 1 22
15 0 1 17
15 8 25 2
15 9 1 20
15 10 161 1
15 11 24 9
15 13 3 1
15 16 16 2
15 17 3 1
15 20 1 22
16 0 12 29
16 1 13 3
16 3 13 15
16 4 186 1
16 5 12 24
16 7 66 3
16 8 23 18
16 17 30 1
16 18 13 1
16 24 39 13
17 0 35 1
17 1 313 1
17 2 2 11
17 5 125 4
17 6 1 13
17 8 228 2
17 10 135 1
17 11 6 24
17 16 99 1
17 20 7 2
17 24 60 5
18 0 1 4
18 1 1 18
18 4 2 6
18 5 1 20
18 6 7 3
18 10 3 11
18 12 28 25
18 16 129 1
18 19 1 10
18 24 19 1
19 0 34 26
19 4 3 9
19 6 5 23
19 7 4 3
19 11 1 4
19 17 1 14
19 20 29 12
20 0 157 1
20 1 45 2
20 7 1 18
20 11 30 8
20 12 36 1
20 19 75 1
20 21 39 10
20 24 9 15
21 2 3 17
21 4 1 4
21 7 4 25
21 9 2 12
21 12 106 2
22 0 1 16
22 2 14 4
22 3 4 1
22 8 2 22
22 10 1 9
22 11 9 2
22 14 19 5
22 15 10 1
22 18 1 22
22 21 16 2
23 2 1 23
23 3 30 4
23 7 2 19
23 11 51 16
23 15 16 1
23 22 4 26
24 0 12 27
24 1 96 13
24 3 12 19
24 5 23 28
24 7 200 2
24 8 12 12
24 9 29 1
24 11 135 19
24 13 1 25
24 14 1 16
24 16 12 25
24 23 5 11
24 26 2 26
25 1 98 8
25 3 32 5
25 6 16 5
25 7 174 1
25 8 129 20
25 11 225 1
25 13 1 3
25 14 1 4
25 15 3 2
25 16 28 20
25 17 25 3
26 7 36 3
26 8 1 17
26 10 4 21
26 24 26 6
26 25 12 24
27 5 20 1
27 7 65 22
27 10 6 2
27 11 141 1
27 15 20 18
27 19 4 23
27 25 1 14
