0 1 52 6
0 3 62 1
0 4 1 28
0 5 153 1
0 8 86 1
0 9 1 26
0 10 210 1
0 12 114 20
0 14 11 12
0 16 44 1
0 17 6 1
0 18 53 1
0 19 183 1
0 20 1 4
0 22 1 16
0 24 122 1
0 25 2 29
1 0 328 1
1 2 2 18
1 3 152 1
1 4 12 1
1 5 90 2
1 6 337 1
1 7 11 15
1 8 31 1
1 11 240 2
1 12 8 17
1 13 3 22
1 16 33 1
1 17 64 1
1 18 158 18
1 20 3 2
1 24 160 1
2 0 166 1
2 1 25 1
2 3 14 1
2 5 42 2
2 6 1 16
2 8 1 11
2 9 1 5
2 10 7 3
2 11 11 19
2 14 32 9
2 26 7 7
3 0 25 1
3 1 361 1
3 2 28 1
3 5 83 1
3 6 1 13
3 7 233 1
3 8 339 1
3 10 124 1
3 14 7 1
3 16 148 1
3 20 1 8
3 24 98 1
3 27 1 13
4 1 257 1
4 5 36 1
4 6 185 26
4 8 71 1
4 9 7 11
4 10 196 1
4 15 1 18
4 16 11 29
4 17 1 13
4 18 2 12
4 20 10 2
4 22 1 20
4 26 2 1
5 0 13 1
5 1 1 29
5 2 1 15
5 3 112 1
5 4 19 2
5 6 76 29
5 7 2 5
5 8 66 6
5 9 10 26
5 10 1 1
5 11 1 10
5 12 1 12
5 16 20 1
5 17 15 21
5 18 16 1
5 20 1 18
5 24 54 1
6 0 53 1
6 1 45 1
6 2 128 1
6 3 1 3
6 4 218 26
6 5 13 9
6 7 23 18
6 8 141 1
6 9 6 19
6 10 154 1
6 11 3 4
6 12 4 2
6 14 109 2
6 17 3 2
6 26 1 2
7 0 3 16
7 1 128 22
7 2 9 26
7 6 70 1
7 8 7 1
7 9 187 1
7 10 2 25
7 11 69 1
7 12 4 8
7 13 3 28
7 14 5 26
7 15 1 16
7 17 1 23
7 19 35 1
7 22 80 7
7 24 1 10
7 25 2 14
7 27 2 24
8 0 35 8
8 1 301 1
8 2 11 7
8 3 177 1
8 5 226 17
8 6 182 22
8 7 4 11
8 9 96 1
8 10 324 1
8 11 1 14
8 13 40 13
8 14 11 1
8 16 71 1
8 24 103 1
8 27 1 24
9 1 1 29
9 2 2 1
9 4 12 27
9 5 4 9
9 6 174 6
9 8 3 1
9 10 312 1
9 11 210 1
9 12 20 1
9 13 1 15
9 14 84 2
9 16 2 19
9 19 12 18
9 25 10 13
9 26 1 22
10 0 1 2
10 1 170 1
10 2 58 1
10 3 1 16
10 4 225 1
10 5 20 4
10 6 23 1
10 7 94 1
10 8 45 1
10 9 75 1
10 11 205 1
10 12 44 26
10 13 69 1
10 14 1 26
10 15 182 1
10 18 147 1
10 20 8 22
10 22 7 2
10 25 12 1
10 26 104 10
10 27 10 15
11 0 240 2
11 1 161 1
11 3 31 1
11 5 1 10
11 6 1 24
11 7 25 1
11 8 4 29
11 10 1 26
11 12 4 27
11 14 1 21
11 15 42 7
11 17 1 29
11 18 124 26
11 20 190 28
11 21 72 7
11 24 31 11
12 0 128 19
12 1 152 3
12 2 1 3
12 4 1 12
12 6 219 2
12 8 19 3
12 9 23 7
12 10 3 1
12 13 5 14
12 18 1 9
12 19 38 5
12 21 1 1
12 24 64 4
12 27 25 12
13 1 26 2
13 4 80 21
13 7 1 23
13 9 1 25
13 10 2 25
13 12 57 1
13 14 56 2
13 17 3 22
14 0 24 4
14 1 18 27
14 3 8 27
14 4 5 1
14 5 38 1
14 7 89 1
14 8 2 6
14 10 162 27
14 13 1 12
14 15 1 9
14 16 1 26
14 18 2 28
14 22 27 2
14 24 1 1
15 4 6 29
15 7 20 18
15 10 100 1
15 11 10 23
15 14 42 19
15 25 1 15
16 0 114 2
16 1 48 1
16 2 22 5
16 3 23 1
16 5 33 1
16 8 71 1
16 15 8 2
16 18 225 1
16 24 44 1
17 0 22 1
17 1 176 1
17 6 71 8
17 8 201 2
17 9 167 2
17 10 115 1
17 11 7 2
17 14 40 4
17 16 35 1
17 20 3 1
18 2 1 26
18 4 7 3
18 5 1 10
18 10 4 21
18 16 64 1
18 26 2 21
19 0 1 24
19 10 1 24
19 11 111 16
19 15 1 28
19 20 7 1
19 24 14 29
20 0 106 1
20 1 26 3
20 2 2 22
20 3 178 2
20 4 12 3
20 7 3 17
20 10 67 3
20 11 4 4
20 15 1 23
20 22 23 3
20 25 16 26
20 27 2 2
21 7 5 24
21 12 97 2
21 15 7 12
22 0 2 28
22 1 33 3
22 2 13 11
22 4 12 13
22 7 1 24
22 9 66 3
22 14 13 6
22 17 13 18
23 3 27 5
23 4 40 13
23 6 1 29
23 10 2 21
23 11 21 6
23 12 19 25
23 21 12 1
23 24 2 19
24 0 98 14
24 1 75 1
24 3 119 1
24 4 1 23
24 5 1 2
24 7 169 2
24 8 256 1
24 11 2 7
24 14 1 10
24 15 12 1
24 16 73 1
24 25 2 10
25 1 96 4
25 7 112 1
25 9 1 20
25 11 66 1
25 12 52 4
25 14 3 4
25 15 33 8
26 7 26 3
26 10 19 24
26 11 2 15
26 15 19 8
26 20 41 9
26 27 19 1
27 5 18 3
27 7 13 28
27 11 108 1
27 14 22 17
27 20 1 26
27 22 4 21
27 26 1 1
