0 1 72 1
0 3 49 15
0 4 2 22
0 5 137 1
0 6 210 1
0 8 70 1
0 10 209 3
0 11 7 10
0 15 1 22
0 16 28 10
0 17 5 5
0 18 52 3
0 19 182 1
0 24 106 1
0 27 1 27
1 0 317 1
1 2 2 2
1 3 134 1
1 4 11 1
1 5 93 2
1 6 334 1
1 7 7 1
1 8 14 8
1 15 11 4
1 16 24 21
1 17 62 1
1 23 54 7
1 24 144 1
1 25 100 5
2 0 165 9
2 1 23 1
2 3 10 4
2 6 1 15
2 7 1 26
2 8 112 4
2 10 2 7
2 11 1 24
2 17 105 1
2 23 1 3
2 27 27 14
3 0 9 27
3 1 344 1
3 2 24 1
3 4 12 4
3 5 67 1
3 6 11 6
3 7 231 1
3 8 322 1
3 10 123 1
3 14 7 22
3 16 132 1
3 17 2 14
3 18 74 11
3 19 2 25
3 22 3 16
3 23 1 23
3 24 82 1
4 1 253 1
4 2 145 1
4 3 1 16
4 5 34 1
4 6 1 27
4 7 159 1
4 8 70 1
4 9 2 25
4 10 195 1
4 12 13 21
4 13 2 28
4 14 3 24
4 15 1 5
4 17 113 8
4 18 54 25
4 25 50 22
4 26 40 22
5 0 13 3
5 1 219 15
5 3 96 1
5 4 1 22
5 6 73 7
5 7 1 1
5 8 16 2
5 9 17 25
5 10 6 11
5 12 106 28
5 16 8 29
5 18 16 1
5 24 38 1
6 0 53 1
6 1 42 1
6 2 127 1
6 3 16 8
6 4 3 23
6 5 51 19
6 7 2 18
6 8 125 1
6 9 1 15
6 10 151 1
6 11 143 5
6 13 89 23
6 15 115 1
6 17 5 28
6 20 23 1
6 22 1 8
6 24 22 18
6 25 1 21
6 27 8 3
7 0 1 13
7 1 1 16
7 2 1 13
7 3 1 9
7 5 156 1
7 6 69 1
7 8 6 1
7 9 187 1
7 10 52 8
7 11 59 1
7 12 1 7
7 13 2 12
7 16 59 2
7 17 4 14
7 19 34 2
7 21 2 3
7 22 3 18
7 23 2 6
7 25 4 3
7 26 122 20
7 27 2 6
8 0 4 28
8 1 376 1
8 2 19 27
8 3 160 1
8 5 383 1
8 6 5 19
8 7 9 14
8 9 95 1
8 10 318 1
8 11 5 24
8 14 10 1
8 15 2 18
8 16 55 1
8 18 1 8
8 20 167 1
8 21 62 2
8 24 87 1
9 1 4 18
9 2 2 18
9 3 8 18
9 4 19 8
9 5 159 8
9 6 283 14
9 7 2 4
9 8 2 8
9 10 308 1
9 11 209 1
9 12 19 1
9 15 15 2
9 17 1 1
9 18 13 2
9 22 6 23
9 24 1 8
9 25 2 24
9 27 60 21
10 0 1 15
10 1 169 1
10 2 59 4
10 3 2 5
10 4 224 1
10 5 234 1
10 6 22 1
10 7 93 1
10 8 42 1
10 9 73 1
10 11 202 1
10 12 9 8
10 13 69 1
10 14 4 29
10 15 181 1
10 16 49 1
10 18 147 1
10 25 11 1
11 1 161 1
11 3 30 2
11 4 5 25
11 5 2 8
11 7 18 1
11 8 7 21
11 10 2 27
11 12 1 21
11 14 55 12
11 15 40 21
11 19 94 3
11 20 1 2
11 22 25 3
11 23 6 21
11 24 2 12
11 25 92 3
12 0 8 24
12 4 1 9
12 5 3 5
12 7 134 29
12 9 4 1
12 10 3 3
12 13 4 27
12 15 57 1
12 17 18 8
12 21 17 1
12 23 77 6
12 26 2 3
13 12 56 2
13 15 19 1
13 16 2 1
13 17 6 13
13 22 3 29
13 27 1 15
14 1 51 10
14 4 5 20
14 5 37 1
14 6 2 9
14 7 89 1
14 9 1 9
14 10 272 1
14 13 9 3
14 18 3 8
14 24 1 12
15 0 4 15
15 1 1 27
15 3 4 1
15 6 2 4
15 7 1 26
15 8 10 1
15 10 99 1
15 11 114 18
15 14 15 1
15 18 2 14
15 23 2 25
15 26 22 26
16 0 5 9
16 1 32 7
16 3 7 23
16 5 17 3
16 6 1 9
16 8 55 1
16 10 1 25
16 11 6 3
16 18 225 1
16 21 2 20
16 23 1 21
16 24 28 20
17 0 22 1
17 1 174 1
17 2 3 2
17 4 254 2
17 10 114 3
17 11 2 20
17 16 34 1
17 18 140 1
17 20 3 1
17 26 55 23
17 27 16 13
18 1 3 18
18 3 16 9
18 4 2 25
18 8 142 2
18 10 89 8
18 12 3 4
18 13 1 29
18 16 63 1
18 17 2 24
19 0 1 8
19 3 41 2
19 5 25 20
19 7 16 3
19 10 1 2
19 13 5 11
19 17 1 18
19 20 5 7
19 22 3 3
19 25 9 19
20 0 105 1
20 2 2 4
20 5 92 4
20 6 176 4
20 7 3 5
20 8 168 1
20 11 1 29
20 12 30 6
20 15 2 1
20 16 1 26
20 17 52 1
21 0 16 2
21 5 2 12
21 10 6 29
21 17 47 22
21 24 1 21
22 0 1 27
22 10 1 29
22 11 2 3
22 12 1 27
22 26 1 13
23 6 15 9
23 9 6 1
23 11 1 13
23 12 1 17
23 21 11 24
23 22 16 2
24 0 45 1
24 1 59 1
24 3 119 1
24 5 231 1
24 8 241 1
24 9 21 7
24 11 2 8
24 14 5 20
24 15 12 1
24 16 57 9
24 18 1 18
24 19 1 13
24 22 1 2
24 25 4 2
25 3 24 9
25 7 111 1
25 11 64 1
25 14 3 5
25 27 1 17
26 1 1 15
26 4 4 12
26 27 19 1
27 7 76 21
27 8 1 9
27 11 107 2
27 17 13 3
27 25 1 21
27 26 1 29
