0 1 7 20
0 3 6 26
0 4 1 25
0 5 4 5
0 6 176 1
0 7 26 11
0 8 5 20
0 10 197 1
0 11 7 7
0 16 5 19
0 18 44 1
0 19 161 1
0 20 6 18
0 24 4 18
1 0 11 26
1 2 4 15
1 3 203 4
1 5 3 14
1 6 46 1
1 7 1 11
1 8 3 4
1 9 1 19
1 11 225 2
1 12 1 3
1 13 1 12
1 14 28 5
1 15 8 1
1 16 5 18
1 17 20 1
1 19 23 2
1 20 1 26
1 24 4 7
1 26 8 7
2 0 149 1
2 1 1 18
2 3 19 1
2 5 32 1
2 6 7 22
2 8 137 1
2 10 2 10
2 11 41 18
2 14 29 3
2 27 27 10
3 0 3 4
3 1 3 8
3 2 97 1
3 5 5 28
3 6 4 4
3 7 123 1
3 8 3 19
3 9 34 28
3 10 99 1
3 11 1 28
3 14 1 4
3 16 4 5
3 19 1 8
3 20 22 22
3 23 2 1
3 24 5 14
3 25 2 12
3 26 14 18
4 1 149 1
4 2 118 1
4 3 198 2
4 5 102 1
4 6 116 4
4 7 139 2
4 8 43 1
4 9 6 10
4 10 168 1
4 12 1 13
4 15 5 12
4 17 92 6
4 18 11 18
4 19 46 2
4 22 12 21
4 23 5 26
5 0 7 10
5 1 5 2
5 3 4 12
5 4 412 1
5 6 96 1
5 7 1 13
5 8 8 27
5 9 30 5
5 10 36 8
5 11 1 4
5 12 1 17
5 16 4 5
5 18 10 1
5 24 4 9
6 0 42 1
6 1 231 1
6 2 106 1
6 3 7 13
6 5 114 1
6 7 2 10
6 8 5 1
6 9 7 1
6 10 82 1
6 13 16 23
6 15 109 1
6 16 77 1
6 17 2 28
6 19 1 1
6 20 17 1
6 25 1 14
7 0 47 29
7 2 68 2
7 3 1 2
7 4 238 1
7 5 128 1
7 6 57 1
7 8 1 3
7 9 165 1
7 10 2 18
7 11 153 1
7 13 2 8
7 14 3 12
7 15 1 11
7 17 1 4
7 19 27 1
7 20 188 23
7 22 1 28
7 23 2 22
7 24 1 11
7 25 1 15
8 0 11 25
8 1 3 1
8 2 9 9
8 3 4 6
8 6 363 1
8 7 9 21
8 9 48 1
8 10 245 1
8 11 2 29
8 15 20 25
8 16 4 5
8 17 25 24
8 23 6 1
8 24 4 8
9 1 17 21
9 3 17 7
9 4 102 1
9 5 119 1
9 6 96 1
9 7 1 1
9 8 143 1
9 10 263 1
9 11 183 1
9 13 1 2
9 14 66 1
9 16 103 21
9 18 7 1
9 21 1 24
9 22 10 9
9 25 5 2
9 27 60 6
10 0 2 22
10 1 140 1
10 2 1 13
10 3 1 2
10 4 198 2
10 5 16 2
10 6 299 1
10 7 56 1
10 8 1 13
10 9 346 1
10 11 237 1
10 13 42 1
10 14 22 25
10 15 145 1
10 21 58 3
10 22 3 1
10 25 4 5
10 26 102 5
10 27 10 15
11 1 141 1
11 3 256 12
11 6 1 27
11 8 190 6
11 9 1 18
11 10 2 15
11 14 2 20
11 15 12 28
11 16 1 4
11 20 1 16
11 21 69 1
11 23 3 23
11 24 6 13
11 25 178 1
11 26 1 25
11 27 1 26
12 5 1 26
12 6 251 1
12 9 16 5
12 13 2 18
12 19 39 23
12 22 62 1
12 27 23 8
13 0 45 4
13 2 1 28
13 4 1 2
13 7 1 23
13 9 9 15
13 10 12 12
13 11 7 2
13 14 41 2
14 1 1 12
14 3 11 8
14 5 33 9
14 6 2 15
14 7 68 1
14 8 190 10
14 9 5 1
14 10 239 1
14 12 86 1
14 13 1 13
14 15 1 20
14 18 30 24
14 19 1 18
14 20 3 1
14 22 27 23
15 3 1 20
15 4 84 10
15 7 11 8
15 9 106 2
15 10 67 1
15 11 2 23
15 14 30 1
15 20 52 18
15 23 1 17
15 24 1 12
16 0 4 27
16 1 4 9
16 3 48 20
16 4 170 3
16 5 4 16
16 8 5 11
16 18 191 1
16 24 4 28
16 27 30 18
17 0 236 1
17 1 104 1
17 2 26 26
17 4 236 1
17 6 4 11
17 8 183 2
17 10 103 1
17 13 4 1
17 14 37 1
17 16 11 2
18 3 13 6
18 4 6 5
18 9 144 7
18 12 25 11
18 16 33 1
18 17 2 23
18 20 87 3
19 0 1 17
19 2 14 1
19 4 5 15
19 15 1 26
19 20 150 1
19 22 2 8
20 0 78 1
20 1 17 1
20 2 10 8
20 3 158 1
20 6 172 7
20 7 1 13
20 8 155 1
20 15 1 9
20 16 1 25
20 17 45 2
20 19 2 18
20 24 14 2
20 25 1 7
20 26 51 2
21 12 90 4
21 15 6 18
21 18 7 1
21 26 2 14
22 8 16 5
22 9 63 2
22 18 2 5
23 0 70 2
23 7 1 9
23 11 1 29
23 13 2 10
23 25 11 1
24 0 4 19
24 1 4 25
24 2 1 11
24 3 5 11
24 4 2 10
24 5 4 16
24 6 75 2
24 7 146 1
24 8 5 19
24 11 227 1
24 12 1 1
24 14 1 14
24 16 4 9
24 17 67 2
24 26 2 22
25 6 1 5
25 7 77 2
25 11 12 1
25 12 50 3
25 14 2 21
25 24 43 1
26 4 1 4
26 8 65 28
26 14 14 4
26 25 2 7
26 27 79 1
27 1 1 26
27 7 1 27
27 8 1 10
27 11 88 1
27 20 1 13
27 22 4 2
27 23 3 26
27 25 5 20
27 26 37 23
