0 1 22 22
0 2 132 1
0 3 18 16
0 4 2 18
0 5 17 13
0 6 152 1
0 7 2 1
0 8 35 2
0 10 188 1
0 11 15 11
0 15 2 14
0 16 17 17
0 19 129 1
0 20 1 19
0 24 34 5
0 25 1 18
1 0 18 25
1 2 10 15
1 3 14 17
1 4 2 3
1 5 70 15
1 6 16 1
1 7 1 28
1 8 14 25
1 16 48 29
1 17 4 2
1 20 1 18
1 24 16 26
2 0 44 1
2 1 3 3
2 3 1 19
2 4 1 25
2 5 25 3
2 6 1 11
2 8 378 1
2 9 2 27
2 10 1 7
2 11 5 24
2 17 71 2
2 18 25 1
2 20 127 2
2 23 1 15
3 0 25 2
3 1 201 12
3 2 20 1
3 4 2 1
3 5 16 5
3 6 2 14
3 7 99 1
3 8 43 7
3 10 83 1
3 11 9 19
3 12 47 1
3 16 49 7
3 17 1 24
3 18 70 1
3 19 4 27
3 24 16 19
4 0 1 3
4 1 83 1
4 2 99 1
4 5 70 1
4 7 125 2
4 8 261 1
4 9 1 3
4 10 149 1
4 12 17 9
4 13 1 4
4 18 51 24
4 22 4 7
4 27 9 8
5 0 32 26
5 1 29 11
5 2 8 22
5 3 32 6
5 4 353 1
5 6 187 1
5 8 51 12
5 9 69 22
5 10 14 7
5 11 6 20
5 16 16 9
5 20 1 16
5 23 1 25
5 24 22 18
6 0 241 1
6 1 71 1
6 2 104 1
6 3 141 16
6 4 238 1
6 5 116 1
6 7 61 13
6 8 9 4
6 9 6 3
6 10 42 1
6 11 151 14
6 13 2 15
6 16 72 1
6 22 1 3
6 25 22 22
6 26 1 15
7 0 1 10
7 1 25 9
7 3 3 2
7 5 108 1
7 6 18 1
7 8 5 26
7 9 149 1
7 10 2 23
7 11 136 1
7 13 1 1
7 15 4 26
7 19 22 2
7 23 1 22
7 24 27 28
8 0 54 19
8 1 61 21
8 2 7 2
8 3 33 14
8 4 1 27
8 5 151 8
8 6 144 1
8 7 99 17
8 10 193 1
8 11 8 21
8 12 1 12
8 13 1 4
8 15 21 28
8 16 72 18
8 17 24 2
8 18 1 29
8 20 143 1
8 24 16 17
8 25 1 1
8 27 1 21
9 1 2 20
9 2 1 24
9 3 1 20
9 4 2 12
9 5 55 1
9 6 136 1
9 7 3 15
9 8 134 1
9 10 37 1
9 11 164 1
9 13 1 22
9 14 54 1
9 16 103 1
9 17 3 16
9 18 4 10
9 22 13 21
9 24 56 13
9 25 3 1
10 0 4 3
10 1 121 1
10 2 1 29
10 3 18 20
10 4 180 1
10 5 227 1
10 6 209 1
10 7 35 1
10 8 5 12
10 9 294 1
10 11 127 1
10 12 27 5
10 13 27 1
10 14 37 26
10 15 121 1
10 22 1 1
11 0 209 2
11 1 127 1
11 3 246 1
11 4 4 15
11 5 1 27
11 6 8 12
11 7 9 26
11 8 68 1
11 10 7 13
11 12 17 20
11 14 3 19
11 15 3 2
11 18 122 11
11 20 1 29
11 21 66 8
11 22 1 19
11 23 1 14
11 24 6 24
11 25 296 1
11 26 1 15
11 27 2 26
12 4 1 26
12 5 7 4
12 7 1 18
12 8 6 1
12 9 4 17
12 10 250 1
12 11 149 1
12 13 3 19
12 14 99 1
12 15 44 3
12 21 1 10
12 22 55 2
13 2 1 3
13 3 10 4
13 5 1 15
13 7 1 4
13 9 3 5
13 11 3 3
13 12 19 2
13 14 26 1
13 21 13 4
14 0 17 5
14 1 1 21
14 2 36 12
14 6 13 18
14 10 115 1
14 15 2 29
14 21 15 5
14 23 14 1
14 26 1 16
15 0 6 11
15 7 20 18
15 9 103 2
15 10 47 1
15 11 1 2
15 14 23 1
15 20 5 11
15 23 1 4
15 25 11 7
16 0 23 14
16 1 54 25
16 3 17 22
16 5 32 15
16 7 49 2
16 8 42 15
16 17 2 12
16 18 165 1
16 19 26 3
16 21 2 20
16 24 17 20
16 26 1 29
17 0 6 1
17 1 64 1
17 2 1 15
17 4 221 2
17 6 1 8
17 7 1 13
17 8 170 1
17 10 95 1
17 12 41 1
17 19 1 14
17 21 2 11
18 0 1 4
18 1 12 10
18 4 39 13
18 5 1 13
18 8 123 1
18 10 143 13
18 12 4 9
18 19 10 9
19 1 1 3
19 4 1 15
19 8 125 1
19 12 1 8
19 15 3 18
19 20 71 25
20 0 60 1
20 2 9 5
20 3 143 1
20 6 169 5
20 11 52 15
20 14 1 20
20 16 1 8
20 19 6 29
20 23 21 15
20 25 7 18
21 4 1 25
21 5 3 27
21 8 59 1
21 12 85 3
21 20 8 28
21 24 5 8
21 27 1 14
22 0 9 10
22 2 12 4
22 4 9 3
22 7 109 4
22 8 16 19
22 10 1 9
22 13 2 13
22 17 1 3
23 7 5 13
23 8 27 15
23 9 67 1
23 10 1 27
23 12 1 19
23 13 1 20
23 14 3 6
23 21 10 2
24 0 46 8
24 1 20 21
24 3 34 20
24 4 1 26
24 5 48 27
24 6 71 2
24 7 130 1
24 8 17 5
24 11 61 1
24 12 1 13
24 16 40 11
24 22 1 20
24 26 1 27
25 3 17 5
25 6 39 27
25 7 56 2
25 9 1 23
25 15 26 3
25 17 15 2
25 21 12 19
25 24 41 9
25 26 19 1
26 1 47 25
26 4 1 16
26 5 10 4
26 6 1 6
26 10 1 9
26 11 2 7
26 17 5 5
26 18 24 1
26 24 9 1
26 25 14 21
26 27 67 1
27 0 2 14
27 4 65 10
27 5 16 2
27 6 27 7
27 10 134 29
27 11 74 2
27 23 4 26
27 24 31 5
27 25 20 10
27 26 35 1
