0 1 122 2
0 2 116 1
0 3 35 1
0 4 1 18
0 5 48 1
0 6 104 1
0 8 130 6
0 10 168 1
0 11 3 2
0 16 58 1
0 18 28 2
0 19 65 1
0 24 129 1
0 25 1 17
1 0 264 7
1 2 3 29
1 3 83 1
1 4 37 19
1 5 58 1
1 6 103 1
1 7 192 17
1 8 283 1
1 9 4 18
1 10 6 23
1 11 187 1
1 12 1 14
1 13 1 1
1 16 85 1
1 18 56 2
1 21 33 11
1 24 16 1
2 0 98 1
2 1 17 10
2 3 10 20
2 4 7 8
2 5 13 2
2 6 14 4
2 7 325 1
2 8 313 1
2 10 6 16
2 11 10 10
2 17 44 1
2 20 18 3
3 0 77 1
3 1 91 1
3 2 6 6
3 5 130 1
3 6 19 4
3 7 16 1
3 8 332 1
3 11 1 11
3 14 16 12
3 16 56 1
3 23 12 25
3 24 11 12
4 0 4 12
4 1 4 1
4 2 62 1
4 3 181 3
4 5 70 1
4 6 29 2
4 7 97 1
4 8 210 1
4 9 3 16
4 10 110 1
4 12 1 5
4 14 1 13
4 16 16 19
4 18 82 10
4 22 13 24
4 23 68 29
4 25 1 2
4 26 1 13
4 27 7 1
5 0 191 1
5 1 38 1
5 3 128 1
5 4 200 1
5 6 7 1
5 8 107 1
5 9 50 19
5 10 1 8
5 11 1 1
5 12 1 2
5 14 27 8
5 16 72 4
5 17 8 22
5 18 1 6
5 19 1 4
5 24 133 1
6 0 18 1
6 1 13 29
6 2 72 1
6 3 1 13
6 4 64 1
6 5 1 14
6 7 2 10
6 8 128 28
6 9 39 25
6 13 96 16
6 16 61 1
6 17 1 27
6 20 7 1
6 23 83 9
6 24 2 22
6 25 23 23
6 26 4 19
7 0 178 21
7 1 3 2
7 2 55 1
7 3 24 9
7 4 34 2
7 6 2 1
7 8 7 27
7 9 116 2
7 10 40 3
7 12 1 27
7 13 1 23
7 14 1 5
7 15 6 17
7 16 43 5
7 20 27 4
7 23 1 23
7 25 6 4
7 26 114 4
8 0 163 1
8 1 156 5
8 3 173 1
8 4 1 16
8 5 29 1
8 6 93 2
8 7 29 22
8 10 56 1
8 11 12 19
8 12 1 23
8 13 16 4
8 14 1 3
8 15 4 14
8 16 75 1
8 17 222 2
8 20 122 1
8 24 254 1
8 25 164 3
9 1 15 23
9 2 1 7
9 3 56 15
9 4 9 23
9 5 2 8
9 6 191 1
9 7 1 7
9 8 123 1
9 10 6 9
9 11 124 1
9 12 4 5
9 13 85 18
9 14 31 1
9 21 4 19
10 0 1 14
10 1 82 1
10 2 48 24
10 3 2 5
10 4 140 1
10 5 43 1
10 6 195 1
10 7 6 1
10 8 42 23
10 9 182 1
10 11 124 1
10 13 5 3
10 14 43 26
10 15 71 2
10 16 35 2
10 19 28 5
11 0 179 2
11 1 98 1
11 2 199 15
11 3 196 1
11 4 6 20
11 5 1 4
11 7 10 2
11 8 272 1
11 10 22 4
11 12 1 9
11 13 1 21
11 15 186 2
11 19 76 3
11 20 207 19
11 22 111 19
11 23 2 19
11 24 4 10
11 25 247 1
11 26 5 17
11 27 2 27
12 2 1 29
12 4 2 29
12 5 1 27
12 7 134 7
12 9 2 26
12 10 247 1
12 11 134 1
12 13 1 23
12 14 79 2
12 15 34 1
12 16 58 7
12 19 1 25
12 22 41 2
13 3 8 3
13 7 1 11
13 10 4 6
13 14 3 1
13 15 8 3
13 17 3 23
13 27 1 1
14 0 12 5
14 3 2 11
14 4 15 17
14 7 29 2
14 9 1 29
14 10 147 1
14 11 3 25
14 15 1 9
14 16 1 20
14 19 1 7
14 24 1 26
15 0 2 29
15 1 61 22
15 6 1 7
15 7 12 21
15 9 93 2
15 10 15 1
15 11 88 1
15 19 12 2
15 25 1 23
15 26 21 13
16 0 111 1
16 1 87 1
16 2 11 13
16 3 10 7
16 5 36 1
16 7 41 2
16 8 80 1
16 10 1 21
16 17 9 9
16 18 106 1
16 24 143 1
16 26 1 19
17 0 204 1
17 2 50 5
17 4 187 1
17 6 99 8
17 8 142 1
17 18 99 1
17 19 99 3
17 27 1 25
18 0 6 25
18 1 12 4
18 3 7 1
18 4 47 23
18 5 1 15
18 6 1 11
18 8 105 1
18 9 132 2
18 10 148 28
18 12 2 26
18 17 1 6
18 19 10 20
18 22 25 20
19 7 2 11
19 16 1 1
19 17 5 8
19 20 49 1
20 0 29 2
20 2 1 19
20 3 109 2
20 4 2 8
20 5 84 1
20 7 1 3
20 8 123 1
20 9 115 11
20 13 1 7
20 14 1 25
20 19 3 4
21 4 55 1
21 5 5 10
21 7 5 22
21 11 1 25
21 26 1 25
22 0 6 18
22 8 1 17
22 10 1 4
22 11 1 29
22 12 1 17
22 15 3 3
23 0 66 14
23 2 1 21
23 3 22 13
23 7 2 2
23 8 2 15
23 10 3 19
23 11 1 3
23 13 1 1
23 14 1 3
23 17 58 4
23 20 40 1
23 24 2 1
24 0 6 17
24 1 107 1
24 3 70 1
24 5 34 1
24 6 61 1
24 7 95 1
24 8 18 1
24 9 10 2
24 11 44 1
24 14 4 25
24 16 64 1
24 18 1 4
25 7 21 2
25 9 4 21
25 10 1 26
25 11 10 21
25 12 43 4
25 14 1 4
25 26 14 1
26 2 4 4
26 3 5 28
26 4 2 3
26 6 5 9
26 11 3 6
26 15 16 27
26 16 10 22
26 25 31 7
26 27 41 1
27 7 40 16
27 9 1 10
27 11 48 2
27 26 21 1
