0 1 88 1
0 2 114 1
0 3 73 3
0 4 1 18
0 5 1 3
0 6 101 1
0 7 371 1
0 8 33 2
0 9 1 4
0 10 166 2
0 16 10 11
0 17 1 5
0 18 27 1
0 19 62 1
0 20 1 20
0 24 81 10
1 0 96 1
1 2 4 29
1 3 32 1
1 4 6 13
1 5 8 7
1 6 96 1
1 7 1 11
1 8 235 1
1 9 2 7
1 10 1 1
1 11 186 1
1 12 14 5
1 13 3 3
1 16 190 1
1 17 1 28
1 22 4 7
1 24 21 1
1 27 72 17
2 0 95 1
2 1 5 26
2 3 4 16
2 4 9 14
2 5 13 1
2 6 1 18
2 7 323 1
2 8 302 1
2 10 5 9
2 11 1 10
2 12 1 1
2 13 6 28
2 14 22 2
2 17 43 1
2 20 18 1
2 23 14 2
2 26 2 5
3 0 94 1
3 1 210 1
3 2 30 20
3 5 86 1
3 6 3 17
3 7 11 1
3 8 279 1
3 9 2 5
3 11 14 16
3 12 39 4
3 14 28 28
3 16 9 21
3 17 7 2
3 19 6 2
3 20 28 11
3 22 7 20
3 24 15 6
3 25 2 12
4 0 2 17
4 1 2 1
4 3 180 3
4 5 63 1
4 6 27 1
4 7 95 1
4 8 206 1
4 10 108 1
4 11 4 20
4 12 1 20
4 16 3 7
4 18 2 6
4 19 31 1
4 22 1 13
4 25 1 16
5 0 144 1
5 1 5 26
5 2 31 26
5 3 96 1
5 4 192 1
5 6 1 1
5 8 32 1
5 9 1 14
5 10 1 26
5 11 4 16
5 16 11 5
5 17 109 10
5 20 1 3
5 24 61 1
6 0 15 1
6 1 133 1
6 2 68 1
6 3 1 21
6 4 59 1
6 5 3 27
6 7 1 6
6 8 94 6
6 9 61 7
6 14 57 2
6 16 61 1
6 17 82 16
6 24 1 21
6 25 4 9
6 26 13 16
7 0 1 9
7 1 2 13
7 2 266 22
7 3 13 4
7 4 34 1
7 5 67 2
7 8 4 1
7 9 114 1
7 10 41 6
7 11 2 1
7 12 1 26
7 13 8 16
7 14 9 9
7 15 1 16
7 17 26 12
7 18 67 3
7 19 12 2
7 22 4 29
7 23 2 19
7 24 1 14
7 25 1 4
8 0 177 1
8 1 53 1
8 2 22 1
8 3 28 1
8 4 11 8
8 5 142 1
8 6 92 1
8 7 7 16
8 10 7 1
8 11 3 26
8 12 1 9
8 13 1 28
8 14 2 16
8 16 36 29
8 19 1 14
8 20 120 3
8 22 2 13
8 24 210 1
8 25 163 1
8 27 4 14
9 1 1 17
9 4 1 12
9 5 3 13
9 6 46 1
9 7 11 26
9 8 118 1
9 10 45 1
9 11 122 1
9 12 1 7
9 24 60 17
9 26 7 16
10 0 2 29
10 1 80 2
10 2 2 27
10 3 1 7
10 4 137 2
10 5 40 1
10 6 188 1
10 7 5 1
10 8 7 19
10 9 169 1
10 11 117 1
10 12 5 1
10 13 5 1
10 14 14 23
10 15 69 1
10 21 49 1
11 1 97 1
11 3 193 1
11 4 2 13
11 6 1 27
11 7 36 23
11 8 269 1
11 9 1 4
11 10 12 25
11 12 14 17
11 19 76 3
11 23 2 2
11 24 1 19
11 25 238 1
11 27 1 28
12 0 127 5
12 2 1 29
12 5 4 1
12 6 212 1
12 9 4 18
12 10 245 1
12 11 133 1
12 13 18 13
12 14 78 2
12 17 7 11
12 21 13 24
12 22 41 1
13 3 8 1
13 6 10 1
13 12 1 2
13 14 2 4
13 15 8 1
13 17 1 8
13 19 4 11
14 1 2 17
14 5 24 1
14 6 29 18
14 7 28 1
14 8 229 2
14 9 1 24
14 10 138 1
14 11 5 18
14 13 19 1
14 15 5 6
14 19 1 25
14 21 2 8
15 2 30 14
15 7 2 22
15 11 80 1
15 12 88 1
15 20 53 17
15 23 9 13
16 0 85 1
16 1 44 1
16 3 83 1
16 4 147 1
16 5 163 1
16 8 32 1
16 9 2 15
16 10 76 12
16 11 2 1
16 13 26 29
16 17 1 7
16 18 103 1
16 23 1 6
16 24 95 1
17 0 202 1
17 1 7 2
17 2 3 27
17 4 185 2
17 5 124 7
17 6 9 23
17 7 1 13
17 8 141 1
17 9 1 28
17 10 77 1
17 11 1 29
17 15 50 3
17 16 1 21
17 18 98 3
17 19 99 4
17 21 22 29
17 27 11 7
18 1 2 4
18 2 74 1
18 3 6 13
18 4 1 29
18 8 104 1
18 15 6 25
18 17 1 24
18 24 12 18
19 7 1 20
19 8 118 1
19 9 58 2
19 10 2 17
19 11 114 1
19 13 5 28
19 15 1 5
19 20 42 1
19 21 5 11
20 0 28 1
20 2 3 1
20 3 107 1
20 5 83 11
20 7 1 13
20 10 39 2
20 14 36 23
20 15 1 10
20 17 31 1
20 18 82 8
20 19 3 7
20 22 18 1
20 25 1 8
21 5 4 18
21 12 73 4
21 13 1 11
21 17 4 11
22 6 5 19
22 12 2 29
22 14 3 1
22 15 3 1
22 17 1 13
22 23 5 20
23 1 1 13
23 4 32 1
23 5 21 2
23 6 1 12
23 10 4 21
23 11 105 6
23 14 3 4
23 24 8 19
24 0 74 1
24 1 74 1
24 3 22 1
24 5 76 10
24 6 61 2
24 7 93 1
24 8 111 1
24 10 1 10
24 11 41 1
24 16 131 1
24 21 6 23
24 22 1 28
25 1 84 2
25 3 12 1
25 5 32 19
25 6 1 8
25 8 11 5
25 11 2 2
25 20 1 7
25 23 1 29
25 26 13 4
25 27 1 23
26 4 2 4
26 7 12 2
26 10 23 28
26 11 10 4
26 12 1 8
26 13 2 23
26 24 3 1
26 27 40 1
27 4 63 1
27 7 21 21
27 8 6 29
27 10 131 11
27 11 47 1
27 13 6 1
27 20 55 6
27 26 19 2
