0 1 44 16
0 2 112 1
0 3 81 1
0 4 19 19
0 5 96 10
0 6 99 1
0 7 369 2
0 8 116 1
0 10 165 1
0 11 2 20
0 12 16 18
0 13 20 9
0 16 100 1
0 17 1 19
0 19 59 1
0 24 81 1
0 27 2 15
1 0 47 19
1 2 234 5
1 3 20 1
1 4 23 4
1 5 111 3
1 6 89 1
1 7 18 2
1 8 272 1
1 9 11 28
1 10 7 5
1 11 184 2
1 13 3 9
1 14 15 1
1 16 145 1
1 17 1 4
1 19 4 2
1 20 1 18
1 23 44 2
1 24 160 1
1 25 89 1
2 0 92 1
2 1 12 16
2 3 19 14
2 4 2 6
2 5 12 3
2 6 44 9
2 7 321 1
2 8 290 1
2 10 1 20
2 11 1 22
2 12 2 11
2 17 42 1
2 18 17 1
2 19 1 5
2 20 17 1
2 27 26 8
3 0 41 1
3 1 160 1
3 2 10 22
3 5 51 1
3 6 1 10
3 7 37 1
3 8 228 2
3 10 48 1
3 11 2 28
3 16 64 1
3 17 5 13
3 18 66 1
3 19 24 19
3 20 1 18
3 21 1 7
3 24 102 1
3 25 1 28
4 3 179 3
4 5 56 1
4 6 321 1
4 8 202 1
4 9 15 21
4 10 106 1
4 11 1 8
4 12 19 17
4 15 2 1
4 16 2 15
4 18 16 23
4 21 71 13
5 0 99 1
5 1 228 1
5 2 1 17
5 3 51 1
5 4 183 1
5 8 68 1
5 10 2 16
5 11 85 20
5 16 26 3
5 17 2 16
5 18 1 2
5 20 1 11
5 22 1 21
5 24 15 10
6 0 12 2
6 1 124 11
6 2 64 1
6 3 1 15
6 4 55 1
6 5 4 1
6 7 94 9
6 8 36 2
6 9 91 7
6 11 5 1
6 12 3 18
6 14 56 1
6 17 1 1
6 22 6 5
7 0 7 29
7 1 335 8
7 2 50 1
7 3 3 15
7 4 234 3
7 5 65 2
7 6 5 2
7 8 34 26
7 9 112 1
7 10 5 17
7 11 1 5
7 13 2 14
7 14 1 12
7 15 1 7
7 18 67 2
7 20 26 9
7 21 14 20
7 22 3 25
7 23 2 11
7 24 1 17
7 25 2 13
7 26 113 5
8 0 133 1
8 1 167 1
8 2 19 10
8 3 129 1
8 4 3 12
8 5 177 1
8 6 58 1
8 7 141 20
8 10 37 1
8 11 1 26
8 13 1 25
8 15 27 15
8 16 12 28
8 18 7 21
8 20 119 1
8 21 52 2
8 24 16 1
9 1 13 14
9 4 3 19
9 5 3 14
9 6 35 1
9 7 2 14
9 8 112 1
9 10 38 1
9 11 119 2
9 12 2 14
9 14 29 1
9 16 101 15
9 17 1 20
9 19 2 18
9 20 3 6
9 26 1 17
10 0 8 3
10 1 78 1
10 2 9 1
10 3 15 13
10 4 135 1
10 5 204 1
10 6 180 1
10 7 4 2
10 8 53 20
10 9 157 1
10 11 110 1
10 12 6 7
10 14 3 16
10 15 66 1
10 24 1 19
11 0 176 1
11 1 95 1
11 2 15 2
11 3 190 1
11 4 1 13
11 5 7 10
11 6 44 27
11 7 10 5
11 8 266 1
11 9 7 15
11 10 2 10
11 12 2 26
11 15 2 17
11 19 75 5
11 23 2 7
11 24 1 18
11 25 70 1
11 27 40 1
12 4 2 14
12 5 13 12
12 6 210 1
12 7 1 14
12 9 5 11
12 10 243 1
12 13 1 26
12 14 77 1
12 15 32 2
12 18 1 8
12 21 1 28
12 22 40 1
12 23 70 8
13 1 13 2
13 7 2 9
13 9 5 3
13 10 22 28
13 18 1 9
13 22 2 28
13 25 6 18
14 1 1 10
14 2 32 9
14 6 12 2
14 7 26 3
14 9 1 9
14 10 130 1
14 11 2 24
14 12 53 1
14 13 17 3
14 15 1 9
14 17 84 1
14 24 3 26
14 26 2 19
15 7 2 24
15 10 13 1
15 11 71 1
15 14 6 2
15 18 26 10
15 20 9 27
15 23 3 1
15 25 12 10
16 0 39 1
16 1 74 1
16 3 84 5
16 5 134 1
16 7 41 1
16 8 63 1
16 17 1 14
16 18 100 1
16 24 10 26
16 27 30 19
17 0 200 1
17 1 6 1
17 2 27 17
17 4 183 1
17 8 139 1
17 9 165 2
17 10 76 1
17 12 32 4
17 15 50 6
17 18 97 2
18 0 2 1
18 1 2 6
18 4 1 19
18 5 7 21
18 9 130 3
18 11 1 21
18 15 5 19
18 17 3 5
18 19 2 5
18 23 21 6
18 25 1 4
18 27 5 10
19 0 235 2
19 1 4 6
19 2 8 2
19 5 24 26
19 7 9 19
19 9 58 1
19 15 2 28
19 17 1 9
19 20 36 1
19 25 1 2
20 0 26 1
20 2 19 15
20 3 105 1
20 7 54 19
20 11 1 24
20 12 21 1
20 15 3 20
20 19 14 20
20 25 1 5
21 0 2 1
21 1 56 23
21 4 56 15
21 7 1 24
21 8 54 2
21 10 8 21
21 13 1 10
21 16 2 20
21 17 2 21
21 23 4 13
22 6 12 28
22 13 2 6
22 14 2 7
22 17 1 9
22 24 22 8
23 1 10 23
23 6 3 10
23 10 11 15
23 12 1 28
23 14 1 18
23 19 2 11
23 24 40 8
24 0 37 1
24 1 149 1
24 3 141 1
24 5 33 1
24 6 60 2
24 7 91 1
24 8 65 1
24 11 247 1
24 14 1 10
24 16 94 1
24 20 73 29
24 23 32 3
25 1 83 4
25 6 5 20
25 7 18 2
25 10 3 15
25 11 9 7
26 3 1 13
26 7 11 8
26 10 9 26
26 11 9 10
26 14 12 3
26 19 9 22
26 27 38 1
27 4 63 1
27 6 21 3
27 9 1 13
27 17 8 1
27 22 1 3
27 23 1 2
27 26 18 1
