0 1 15 1
0 2 93 1
0 3 59 11
0 4 1 5
0 5 4 2
0 6 44 1
0 7 324 1
0 8 21 27
0 14 1 1
0 15 5 3
0 16 3 8
0 17 1 13
0 19 6 3
0 22 2 9
0 23 53 10
0 24 3 7
0 25 1 8
0 27 2 11
1 0 246 1
1 2 280 3
1 3 68 2
1 4 41 4
1 5 4 6
1 7 1 20
1 8 2 19
1 9 1 3
1 10 20 9
1 11 146 1
1 16 50 21
1 17 11 16
1 18 190 1
1 20 30 29
1 22 1 6
1 24 4 18
1 27 71 2
2 0 46 1
2 1 282 6
2 3 4 24
2 4 4 7
2 5 2 1
2 6 3 21
2 7 252 1
2 8 81 1
2 12 1 3
2 14 16 1
2 15 2 1
2 18 10 4
2 20 6 1
3 0 85 25
3 1 70 5
3 2 71 26
3 5 125 25
3 7 1 3
3 8 88 21
3 9 1 24
3 10 17 2
3 11 60 27
3 12 30 5
3 14 28 2
3 16 150 6
3 17 3 17
3 20 1 12
3 21 19 16
3 24 37 25
3 25 1 1
4 0 1 6
4 1 2 1
4 2 19 3
4 3 151 1
4 6 295 1
4 8 108 1
4 10 59 1
4 11 3 3
4 12 1 27
4 13 1 27
4 14 1 12
4 17 144 8
4 21 70 6
5 0 3 7
5 1 203 14
5 3 4 22
5 4 24 1
5 6 15 29
5 7 256 2
5 8 2 13
5 9 180 1
5 10 1 21
5 11 17 6
5 16 110 12
5 17 1 24
5 22 1 17
5 24 87 3
6 0 160 2
6 1 31 1
6 2 42 1
6 4 157 1
6 5 12 5
6 7 7 11
6 8 317 1
6 9 17 11
6 10 2 27
6 12 1 24
6 14 29 2
6 16 46 2
6 17 1 22
6 18 1 3
6 20 1 3
6 21 2 15
6 22 1 3
6 25 71 10
7 0 6 12
7 1 340 1
7 2 244 1
7 3 2 8
7 4 221 3
7 5 25 1
7 8 208 14
7 9 71 1
7 10 177 11
7 11 56 7
7 14 1 4
7 15 31 4
7 16 33 5
7 17 26 2
7 18 53 4
7 20 245 1
7 22 1 19
7 24 1 18
7 25 120 15
7 27 1 15
8 0 63 25
8 1 3 24
8 2 158 1
8 3 182 18
8 4 2 27
8 5 43 7
8 6 32 11
8 7 275 1
8 9 1 19
8 10 7 4
8 11 43 21
8 12 6 25
8 13 25 20
8 14 2 4
8 15 83 27
8 16 4 26
8 17 198 1
8 18 11 25
8 20 90 1
8 24 50 12
8 25 145 1
9 0 3 29
9 1 97 16
9 2 1 14
9 4 60 29
9 5 67 5
9 6 36 1
9 7 15 15
9 8 123 1
9 10 1 29
9 11 70 1
9 12 18 5
9 14 7 3
9 20 1 5
9 24 10 2
9 25 1 11
9 26 1 13
10 1 36 1
10 3 3 7
10 4 84 1
10 5 134 1
10 6 63 1
10 8 19 4
10 9 17 1
10 11 29 1
10 12 265 1
10 14 1 15
10 15 18 2
10 19 19 8
10 20 155 6
10 22 1 23
10 25 4 10
10 27 30 14
11 2 181 2
11 3 113 1
11 4 31 25
11 5 4 26
11 6 12 14
11 7 240 7
11 8 143 1
11 9 5 6
11 10 35 8
11 12 19 11
11 13 1 25
11 14 68 1
11 15 273 1
11 17 2 9
11 18 113 12
11 23 1 18
11 25 106 1
11 27 78 28
12 2 1 12
12 4 91 17
12 6 166 1
12 7 30 5
12 9 2 16
12 11 110 2
12 15 19 6
12 16 53 2
12 18 1 17
12 21 1 20
12 23 2 9
13 7 5 9
13 10 2 23
13 14 3 23
13 23 1 5
13 25 4 18
14 0 6 14
14 1 4 9
14 3 9 28
14 5 15 1
14 6 3 6
14 7 5 2
14 8 229 1
14 10 6 1
14 11 14 18
14 15 29 1
14 16 1 13
14 17 81 1
14 18 1 24
14 19 1 29
14 24 1 28
14 27 1 11
15 6 119 4
15 7 1 1
15 8 2 13
15 11 248 1
15 14 2 12
16 0 4 22
16 1 4 18
16 3 127 20
16 4 120 2
16 5 3 19
16 7 32 1
16 8 244 19
16 9 5 29
16 14 18 1
16 17 50 1
16 18 33 2
16 24 112 6
17 0 148 2
17 1 3 15
17 3 5 15
17 5 122 1
17 6 76 10
17 8 101 1
17 10 54 4
17 16 1 2
17 18 71 1
17 24 1 4
18 1 8 18
18 5 14 18
18 9 113 3
18 16 1 13
18 26 25 4
19 0 211 1
19 1 6 13
19 8 106 3
19 11 110 1
20 2 1 12
20 3 61 1
20 15 60 25
20 19 1 12
21 1 53 2
21 5 4 2
21 18 3 10
22 0 1 28
22 1 18 7
22 7 103 1
22 8 22 13
22 9 46 5
22 10 25 11
22 11 1 26
22 18 1 24
22 23 1 12
22 24 21 11
22 26 3 16
23 6 1 13
23 7 87 9
23 8 1 4
23 25 5 1
24 0 3 14
24 1 52 8
24 3 15 6
24 4 12 16
24 5 3 2
24 6 48 1
24 8 60 16
24 10 3 28
24 11 179 1
24 14 8 19
24 16 72 1
24 26 1 11
24 27 1 18
25 1 74 3
25 3 5 7
25 6 1 2
25 8 157 3
25 9 88 20
25 10 2 24
25 11 20 12
25 12 37 4
25 14 1 12
25 20 12 21
25 27 13 20
26 0 2 17
26 5 8 1
26 11 1 14
26 13 2 5
26 19 9 3
27 0 1 28
27 8 1 25
27 11 18 1
27 21 8 2
