0 1 324 1
0 2 81 1
0 3 50 1
0 4 1 15
0 5 2 12
0 6 37 1
0 7 314 1
0 8 63 1
0 10 130 1
0 13 15 3
0 15 9 5
0 16 77 1
0 17 2 23
0 18 13 6
0 20 15 1
0 23 53 2
0 24 32 9
0 25 16 6
0 27 2 7
1 0 307 1
1 2 26 1
1 3 24 1
1 4 200 23
1 5 22 1
1 8 119 9
1 9 7 28
1 11 139 1
1 16 38 2
1 17 2 29
1 18 186 3
1 20 1 15
1 24 117 18
2 0 38 1
2 1 4 29
2 3 1 15
2 4 63 10
2 6 8 13
2 7 239 1
2 8 54 1
2 10 4 7
2 14 15 1
2 16 1 21
2 17 11 4
2 20 112 1
2 23 1 5
2 25 6 14
3 0 12 24
3 1 45 22
3 2 2 11
3 4 1 11
3 5 83 1
3 6 1 26
3 7 2 10
3 8 47 19
3 9 17 27
3 10 13 3
3 11 1 2
3 16 16 1
3 20 2 4
3 24 101 1
4 0 23 4
4 1 10 1
4 5 2 21
4 6 273 1
4 7 54 1
4 8 95 1
4 9 1 9
4 10 53 1
4 12 1 21
4 16 6 14
4 18 99 17
4 19 16 3
4 24 53 2
5 0 36 1
5 1 131 1
5 2 5 18
5 3 366 1
5 4 11 1
5 6 111 28
5 7 252 1
5 8 55 1
5 9 173 1
5 11 5 15
5 12 105 1
5 13 1 23
5 14 17 5
5 16 12 15
5 17 8 4
5 20 1 16
5 22 1 6
5 24 101 21
6 0 150 1
6 1 16 1
6 2 33 1
6 3 47 10
6 4 161 1
6 5 8 17
6 7 53 26
6 8 347 1
6 9 21 28
6 10 19 5
6 11 135 2
6 12 2 6
6 16 44 2
6 17 4 20
6 19 1 16
6 24 1 23
6 26 19 22
7 0 1 14
7 1 334 1
7 2 230 1
7 3 23 20
7 4 217 10
7 8 4 9
7 9 65 1
7 10 180 21
7 11 106 13
7 12 4 28
7 13 5 2
7 14 1 8
7 15 115 5
7 18 51 3
7 23 1 6
7 24 75 25
7 25 4 4
8 0 20 1
8 1 70 1
8 2 217 1
8 3 25 1
8 4 2 21
8 5 86 1
8 6 62 23
8 7 267 1
8 9 4 22
8 10 4 13
8 11 97 3
8 13 3 26
8 14 1 15
8 16 119 14
8 24 37 18
9 0 1 28
9 1 1 27
9 5 5 2
9 6 19 1
9 7 5 14
9 8 105 1
9 10 4 19
9 11 63 1
9 12 75 22
9 17 3 11
9 20 1 4
9 21 1 14
9 22 1 7
9 24 1 20
9 25 2 1
9 26 9 8
10 0 2 19
10 1 31 1
10 2 1 2
10 3 1 3
10 4 77 1
10 5 140 1
10 6 108 1
10 8 11 3
10 9 5 1
10 11 18 1
10 14 1 18
10 15 13 1
10 17 1 8
10 18 109 4
10 23 1 24
10 24 1 11
11 0 126 1
11 2 177 1
11 3 101 1
11 4 1 24
11 5 26 5
11 6 1 14
11 7 187 4
11 8 126 1
11 9 7 24
11 10 40 6
11 12 19 21
11 13 9 20
11 14 66 1
11 15 230 1
11 22 152 11
11 23 102 9
11 25 81 1
11 27 11 6
12 1 94 1
12 3 21 2
12 4 11 3
12 6 158 1
12 8 1 23
12 9 2 10
12 10 198 1
12 11 106 3
12 13 2 5
12 18 5 3
12 22 20 3
12 24 52 7
13 3 4 9
13 4 1 5
13 6 2 3
13 8 2 17
13 9 22 14
13 10 15 29
13 11 1 9
13 12 1 18
13 17 3 13
13 23 2 21
14 6 2 14
14 7 3 6
14 8 222 1
14 10 3 1
14 11 1 23
14 12 24 3
14 13 1 28
14 18 36 3
14 24 1 14
14 25 28 6
14 26 20 21
14 27 1 20
15 0 1 27
15 4 80 4
15 7 64 11
15 8 2 12
15 9 74 1
15 11 199 1
15 12 72 4
15 13 6 21
15 14 2 29
15 21 1 2
15 25 10 1
15 27 28 17
16 0 203 1
16 1 19 28
16 3 131 6
16 4 116 1
16 5 188 12
16 6 8 1
16 7 30 1
16 8 87 2
16 10 1 28
16 17 2 24
16 24 51 17
17 0 140 1
17 1 5 27
17 2 1 8
17 3 1 29
17 4 127 1
17 5 11 3
17 6 138 17
17 7 1 3
17 10 51 3
17 16 15 12
17 18 67 1
17 19 88 5
17 25 1 16
17 27 30 9
18 1 1 16
18 2 68 5
18 4 23 19
18 5 1 23
18 6 1 17
18 9 110 2
18 11 2 16
18 12 1 9
18 16 1 1
18 20 79 2
18 22 24 1
18 27 1 9
19 0 198 1
19 1 4 19
19 3 12 2
19 5 3 14
19 6 17 4
19 7 26 29
19 8 104 3
19 17 1 4
19 20 2 4
19 21 5 28
20 2 1 2
20 7 3 7
20 8 88 1
20 10 23 1
20 11 1 15
20 15 1 1
20 19 1 14
20 23 14 1
20 24 60 23
20 25 1 14
20 27 3 29
21 7 2 14
21 12 53 2
21 26 1 12
22 0 1 24
22 7 101 5
22 9 45 5
22 10 33 3
22 24 21 1
23 0 62 1
23 6 32 22
23 7 55 3
23 8 1 2
23 9 63 7
23 10 1 19
23 11 2 22
23 14 3 16
23 15 3 14
24 0 237 1
24 1 39 1
24 3 244 6
24 5 38 1
24 7 43 2
24 8 293 24
24 11 166 1
24 16 33 22
24 17 57 14
24 22 3 8
24 25 22 1
24 26 1 13
25 0 1 2
25 1 72 5
25 6 60 27
25 8 154 4
25 10 19 20
25 11 3 29
25 14 18 3
26 0 17 8
26 3 8 11
26 6 8 26
26 7 4 10
26 11 15 12
26 25 29 1
26 27 4 1
27 0 1 24
27 4 59 1
27 6 14 2
27 16 1 8
