0 1 146 3
0 2 77 1
0 3 12 3
0 4 17 12
0 5 65 1
0 6 35 1
0 7 311 1
0 8 155 1
0 11 1 15
0 16 35 1
0 17 1 15
0 19 2 1
0 24 43 1
0 25 17 18
0 27 17 29
1 0 5 25
1 2 203 1
1 3 16 1
1 4 4 12
1 5 117 1
1 8 14 24
1 9 2 9
1 11 137 2
1 12 1 25
1 14 5 6
1 16 21 1
1 17 4 17
1 18 185 1
1 24 103 1
2 0 35 1
2 1 66 6
2 3 1 19
2 4 3 5
2 6 1 7
2 7 234 1
2 8 45 1
2 9 20 28
2 10 22 1
2 12 6 11
2 13 6 12
2 17 10 2
2 19 1 22
2 20 111 1
2 24 1 26
3 0 41 1
3 1 72 1
3 4 1 15
3 5 49 2
3 6 1 11
3 7 1 16
3 8 223 1
3 9 53 10
3 10 12 2
3 11 2 5
3 12 29 1
3 16 35 1
3 17 28 15
3 20 2 21
3 24 22 27
4 0 24 5
4 1 22 12
4 6 265 1
4 7 52 2
4 8 90 1
4 10 51 1
4 11 2 27
4 18 156 29
4 22 1 16
5 0 86 29
5 1 20 4
5 3 2 12
5 4 8 1
5 6 10 21
5 7 251 1
5 8 152 1
5 9 150 1
5 10 58 21
5 11 1 23
5 12 104 1
5 16 21 1
5 17 10 2
5 22 1 14
5 24 98 6
5 25 1 13
6 0 146 1
6 1 14 1
6 2 30 1
6 3 8 1
6 4 152 1
6 5 21 10
6 7 289 12
6 8 302 1
6 9 196 5
6 10 8 23
6 11 133 1
6 12 1 7
6 13 5 20
6 15 71 1
6 16 43 5
6 17 67 27
6 18 5 5
6 19 1 24
6 21 2 2
6 26 1 27
7 0 1 11
7 1 332 1
7 2 225 1
7 3 10 24
7 5 18 2
7 6 6 24
7 8 4 19
7 10 1 21
7 11 94 23
7 12 1 11
7 13 5 17
7 14 22 17
7 15 1 14
7 17 197 3
7 18 51 1
7 20 242 1
7 21 4 22
7 23 2 13
7 25 130 5
7 27 1 14
8 0 81 1
8 1 101 17
8 2 202 1
8 3 5 23
8 4 58 16
8 5 66 1
8 6 31 29
8 7 227 1
8 9 5 16
8 10 4 9
8 13 1 17
8 14 2 27
8 15 1 20
8 16 69 7
8 20 84 1
8 24 110 1
8 25 140 3
9 1 1 26
9 2 1 26
9 5 129 24
9 6 15 1
9 7 19 26
9 8 99 1
9 10 4 26
9 11 61 1
9 12 1 11
9 17 2 14
9 20 1 11
9 22 1 6
9 25 18 2
9 27 71 1
10 0 1 1
10 2 217 1
10 4 75 1
10 5 135 1
10 6 99 1
10 7 2 27
10 8 93 26
10 9 2 2
10 11 15 1
10 14 11 7
10 15 12 1
10 18 109 1
10 26 89 11
11 1 53 2
11 2 174 1
11 3 97 1
11 4 7 16
11 5 8 13
11 6 1 8
11 7 191 2
11 8 207 28
11 9 1 6
11 10 4 15
11 13 1 21
11 14 62 1
11 15 90 1
11 17 180 29
11 19 60 1
11 23 1 27
11 25 72 1
12 1 92 2
12 3 20 6
12 6 155 2
12 7 16 26
12 9 364 11
12 10 195 1
12 16 51 10
12 21 2 1
12 26 6 8
13 8 2 18
13 9 58 9
13 10 3 17
13 11 3 26
13 17 2 10
13 18 19 4
13 26 2 20
14 1 28 10
14 3 1 12
14 4 1 2
14 6 1 16
14 8 219 1
14 11 2 18
14 12 23 3
14 13 17 2
14 15 46 8
14 22 14 1
14 23 3 15
14 24 1 27
15 4 79 10
15 11 181 1
15 12 72 1
15 14 1 21
15 20 59 1
15 23 29 23
16 0 81 1
16 1 19 17
16 3 28 1
16 4 114 3
16 5 45 1
16 6 8 1
16 8 92 20
16 12 1 9
16 13 26 4
16 17 60 9
16 18 23 1
16 24 38 2
17 0 137 2
17 1 4 27
17 3 6 21
17 4 124 1
17 5 10 4
17 7 6 27
17 8 94 1
17 10 50 3
17 16 12 7
18 4 74 1
18 5 85 13
18 9 109 1
18 10 150 17
18 13 3 12
18 15 8 12
18 19 1 9
18 26 1 22
19 0 194 1
19 1 1 24
19 5 24 4
19 6 17 3
19 11 109 1
19 15 4 27
19 17 1 24
19 20 3 22
20 3 53 1
20 5 74 7
20 6 144 2
20 7 1 23
20 11 1 28
20 15 4 12
20 17 18 1
20 18 77 2
20 19 2 29
20 25 8 11
21 3 18 15
21 4 1 8
21 9 1 11
21 11 2 19
21 17 6 22
21 25 1 13
21 26 7 21
22 10 33 8
22 11 1 8
22 12 10 2
22 17 1 7
22 18 1 5
23 1 1 26
23 8 50 6
23 15 1 13
23 26 4 14
24 0 218 11
24 1 14 5
24 2 32 3
24 3 65 5
24 4 3 19
24 5 53 3
24 7 41 2
24 8 142 2
24 11 160 1
24 12 6 12
24 16 64 1
24 22 6 20
24 23 15 1
24 27 1 3
25 4 4 1
25 8 153 3
25 10 1 23
25 11 11 9
25 27 25 24
26 8 11 2
26 10 9 13
26 27 3 1
27 0 1 18
27 6 14 1
27 7 1 8
27 8 9 6
27 9 2 14
27 14 13 14
27 20 7 23
27 25 15 22
