0 1 257 8
0 2 75 1
0 3 40 25
0 4 2 28
0 5 44 1
0 7 309 1
0 8 134 1
0 9 4 26
0 10 127 1
0 11 3 7
0 15 5 20
0 16 43 8
0 17 5 23
0 18 12 2
0 24 9 24
0 25 17 17
0 27 1 7
1 0 279 1
1 2 198 1
1 3 3 14
1 4 36 21
1 5 95 14
1 6 1 10
1 7 2 23
1 8 2 2
1 9 1 12
1 10 1 25
1 11 136 2
1 16 57 1
1 17 2 7
1 19 1 6
1 21 1 13
1 22 9 19
1 24 81 1
2 1 1 16
2 3 6 1
2 4 2 9
2 5 1 1
2 6 13 7
2 7 231 1
2 8 41 1
2 11 217 6
2 16 1 29
2 17 10 1
2 18 8 6
2 19 3 26
2 20 110 1
2 22 1 14
2 25 1 18
3 0 19 15
3 1 35 1
3 2 36 25
3 5 38 1
3 6 1 6
3 7 1 20
3 8 199 1
3 9 1 15
3 10 12 1
3 11 1 6
3 12 28 3
3 15 20 2
3 16 24 1
3 17 7 10
3 19 1 17
3 22 1 11
3 24 10 24
3 26 16 10
4 0 2 19
4 1 11 15
4 3 143 1
4 5 1 22
4 6 261 21
4 7 51 2
4 8 88 1
4 10 50 1
4 11 1 29
4 12 1 12
4 14 47 3
4 16 1 10
4 17 1 10
4 22 1 26
5 0 57 12
5 1 12 1
5 2 8 29
5 3 342 1
5 4 6 2
5 6 9 7
5 8 374 1
5 9 139 1
5 10 2 2
5 11 3 19
5 12 127 1
5 13 1 25
5 14 16 9
5 16 42 1
5 17 12 24
5 20 1 26
5 22 2 26
5 23 1 11
5 24 20 1
6 0 144 1
6 1 12 1
6 2 28 1
6 4 147 2
6 5 19 22
6 7 10 5
6 8 277 1
6 9 1 2
6 10 7 2
6 11 132 1
6 12 14 22
6 13 96 28
6 14 24 2
6 17 2 27
6 18 1 2
6 21 2 11
6 23 76 2
6 24 33 18
6 26 1 25
7 0 2 7
7 1 331 1
7 2 223 1
7 3 107 26
7 5 18 1
7 6 1 19
7 8 91 15
7 10 3 12
7 11 10 16
7 12 2 5
7 13 1 21
7 15 1 12
7 21 2 27
7 23 2 23
7 25 22 15
8 0 61 1
8 1 152 6
8 2 194 1
8 3 14 2
8 4 4 23
8 5 242 14
8 6 19 28
8 7 223 1
8 9 3 22
8 10 16 8
8 11 95 7
8 12 10 29
8 13 5 15
8 14 2 25
8 15 1 15
8 16 27 5
8 18 2 26
8 20 84 1
8 24 96 17
9 1 1 4
9 3 3 10
9 4 23 1
9 5 5 21
9 6 12 1
9 7 2 9
9 8 96 1
9 10 2 2
9 11 59 1
9 12 17 5
9 19 36 19
9 21 1 26
9 22 4 24
9 25 34 27
9 26 1 26
10 1 28 1
10 3 3 29
10 4 73 2
10 5 132 1
10 6 95 1
10 7 1 24
10 8 31 20
10 9 1 1
10 11 13 1
10 12 9 1
10 14 2 15
10 15 11 1
10 17 1 3
10 20 152 3
10 23 1 11
10 24 3 28
10 25 2 9
11 0 122 2
11 1 52 2
11 2 173 2
11 3 95 1
11 4 1 6
11 6 1 3
11 7 195 12
11 8 122 1
11 9 1 4
11 10 44 26
11 12 1 15
11 13 1 29
11 14 61 1
11 15 80 1
11 20 206 2
11 23 1 26
11 25 68 1
11 26 3 1
11 27 24 29
12 0 127 6
12 1 92 1
12 2 1 26
12 4 91 21
12 5 3 24
12 6 154 1
12 9 2 23
12 10 193 2
12 11 104 3
12 13 1 25
12 14 43 1
12 15 17 1
12 18 1 3
12 21 1 6
12 25 1 21
12 27 15 2
13 0 32 1
13 1 7 1
13 4 1 13
13 7 130 17
13 8 1 1
13 10 6 21
13 14 1 8
13 17 13 7
13 21 11 1
14 4 1 21
14 7 2 4
14 10 2 1
14 11 1 14
14 13 16 2
14 15 1 2
14 20 3 15
14 24 1 1
14 25 28 2
15 0 1 28
15 3 1 1
15 7 1 4
15 8 2 23
15 9 72 2
15 11 173 1
15 14 3 2
15 18 38 4
15 23 6 14
16 0 69 1
16 1 47 1
16 3 120 1
16 5 24 27
16 6 7 1
16 7 29 6
16 8 22 1
16 12 2 27
16 17 4 5
16 24 27 1
17 0 136 1
17 1 2 25
17 4 123 1
17 6 9 20
17 7 3 7
17 9 1 18
17 11 161 6
17 16 1 24
17 25 1 5
17 27 8 25
18 0 3 16
18 1 14 15
18 2 67 10
18 3 2 2
18 4 73 1
18 6 1 4
18 14 2 27
18 16 1 17
18 17 1 1
19 0 191 1
19 4 1 23
19 8 103 5
19 9 51 2
19 10 21 27
19 15 1 10
19 20 2 13
20 2 1 7
20 3 52 1
20 6 143 4
20 7 1 4
20 8 85 2
20 9 107 4
20 11 1 5
20 14 46 22
20 17 17 5
20 18 77 1
20 19 1 15
20 25 1 14
20 26 45 22
21 7 3 13
21 11 1 28
21 24 15 20
22 6 4 29
22 7 100 5
22 8 1 8
22 9 44 4
22 10 1 6
22 11 2 12
22 12 10 3
22 20 1 22
22 21 4 1
22 23 18 21
22 26 1 10
23 3 18 1
23 4 25 4
23 7 147 29
23 10 1 9
23 11 176 4
23 12 1 25
23 13 6 14
23 20 34 5
23 24 34 1
24 0 65 4
24 1 17 1
24 3 233 1
24 4 1 13
24 5 10 16
24 6 45 1
24 7 40 2
24 8 131 8
24 10 1 1
24 11 157 1
24 14 2 4
24 16 43 1
24 23 15 1
25 1 72 1
25 6 1 18
25 10 1 25
25 11 50 12
25 12 35 7
25 14 1 26
25 15 7 10
25 24 30 1
25 27 1 28
26 0 2 17
26 6 1 4
26 8 11 17
26 10 1 1
26 11 1 21
26 12 1 1
26 15 14 3
26 27 3 2
27 5 11 7
27 8 2 12
27 11 14 1
27 15 6 12
27 16 1 9
27 25 38 20
