0 1 14 21
0 2 57 1
0 3 13 14
0 4 1 28
0 5 16 28
0 7 247 1
0 8 31 4
0 9 2 26
0 10 99 2
0 16 39 23
0 17 1 6
0 19 1 8
0 24 33 4
1 0 48 18
1 2 211 1
1 3 16 15
1 4 382 12
1 5 17 11
1 6 7 26
1 8 86 16
1 9 40 15
1 10 1 7
1 13 1 7
1 16 29 18
1 17 4 9
1 19 2 9
1 20 36 14
1 21 1 12
1 22 9 29
1 24 70 7
1 27 67 1
2 0 3 3
2 1 285 1
2 3 92 1
2 4 3 22
2 7 148 1
2 8 2 11
2 10 172 28
2 11 3 18
2 19 1 29
2 20 89 2
2 23 1 12
2 24 1 27
3 0 15 21
3 1 17 20
3 2 29 1
3 5 15 25
3 6 9 14
3 7 3 22
3 8 16 25
3 9 1 26
3 11 120 20
3 16 32 27
3 23 1 26
3 24 54 27
3 26 16 19
4 0 11 24
4 1 6 5
4 3 111 1
4 5 5 12
4 6 65 1
4 9 8 24
4 11 1 23
4 12 2 10
4 15 1 24
4 17 269 4
4 18 249 1
4 22 1 3
4 24 46 4
4 27 1 22
5 0 42 16
5 1 21 6
5 3 27 9
5 4 2 26
5 6 11 12
5 7 218 1
5 8 21 3
5 9 13 1
5 10 24 17
5 12 8 2
5 13 1 13
5 16 21 23
5 24 16 10
6 0 88 1
6 1 5 29
6 3 23 1
6 4 54 1
6 5 302 1
6 7 3 13
6 9 3 1
6 10 2 4
6 11 155 1
6 12 3 21
6 13 4 4
6 15 54 4
6 17 3 7
6 18 3 18
6 19 3 5
6 21 1 24
7 1 287 1
7 2 139 1
7 3 246 1
7 4 209 1
7 6 10 4
7 8 49 18
7 9 32 3
7 10 254 16
7 11 173 6
7 12 1 6
7 13 1 7
7 15 1 6
7 20 221 3
7 23 16 26
7 24 1 10
7 25 26 19
7 26 94 3
8 0 58 15
8 1 30 17
8 2 43 1
8 3 52 9
8 4 10 8
8 5 60 3
8 6 135 13
8 7 208 1
8 9 10 28
8 10 28 28
8 11 30 1
8 13 34 18
8 14 53 10
8 15 1 8
8 16 19 22
8 18 1 29
8 24 15 24
8 27 1 25
9 1 1 8
9 2 2 24
9 3 6 27
9 4 50 1
9 5 334 1
9 6 2 20
9 8 23 1
9 10 5 5
9 12 20 15
9 13 96 2
9 17 1 27
9 22 1 7
9 23 2 15
9 24 1 16
10 0 1 20
10 2 195 1
10 3 1 27
10 5 61 1
10 6 30 1
10 7 1 11
10 8 1 1
10 9 3 15
10 13 1 15
10 14 259 1
10 16 18 5
10 17 4 28
10 18 94 1
10 19 11 9
10 22 6 2
10 24 2 17
10 25 3 9
11 0 85 1
11 1 28 1
11 2 136 2
11 3 40 1
11 5 1 2
11 6 1 9
11 7 190 1
11 8 32 1
11 9 5 22
11 10 29 6
11 12 3 14
11 13 1 5
11 14 200 1
11 15 71 1
11 17 184 15
11 23 1 10
11 24 49 1
11 27 1 4
12 4 9 18
12 5 1 13
12 6 111 2
12 8 2 22
12 9 1 8
12 10 143 1
12 13 1 23
12 14 22 2
12 16 46 9
12 18 1 21
12 23 59 1
13 0 27 2
13 9 22 14
13 10 5 6
13 11 1 14
13 12 1 27
13 14 1 11
13 17 2 3
13 20 1 4
14 3 1 5
14 4 2 26
14 6 1 9
14 9 1 5
14 10 6 6
14 11 40 19
14 16 2 28
14 17 76 4
14 18 2 6
14 23 14 1
14 24 1 29
14 25 23 1
15 0 8 28
15 7 9 29
15 9 57 1
15 10 1 26
15 11 4 1
15 14 1 18
15 17 73 1
15 20 15 29
16 0 15 16
16 1 15 26
16 3 25 3
16 4 89 1
16 5 15 23
16 8 16 25
16 14 15 1
16 17 2 23
16 24 74 11
17 0 91 1
17 1 39 26
17 2 8 17
17 3 1 20
17 6 1 22
17 7 1 25
17 8 62 3
17 14 15 1
17 16 2 4
18 1 1 13
18 2 61 2
18 4 59 1
18 6 1 1
18 10 6 2
18 11 1 1
18 12 1 6
18 13 1 24
18 16 4 5
18 17 2 7
18 26 1 1
19 0 113 1
19 1 12 22
19 5 25 1
19 7 4 23
19 8 91 4
19 10 61 13
19 17 15 29
19 20 5 28
20 2 29 26
20 6 128 3
20 7 212 26
20 8 61 2
20 9 100 4
20 10 12 4
20 15 1 13
20 19 224 1
20 27 1 22
21 5 24 20
21 12 37 3
22 10 7 20
22 12 4 19
22 26 6 21
23 3 14 18
23 6 2 16
23 7 148 2
23 8 74 16
23 10 1 20
23 12 11 6
23 14 22 17
23 15 5 29
23 19 2 2
23 22 1 29
23 24 21 3
24 0 33 14
24 1 15 4
24 3 15 9
24 5 16 7
24 6 34 1
24 7 14 3
24 8 154 9
24 10 25 29
24 11 77 1
24 16 16 15
24 18 1 28
24 26 1 4
25 7 1 27
25 10 21 11
25 11 129 3
25 14 2 7
25 20 13 3
25 27 3 5
26 8 5 1
26 10 55 6
26 27 1 15
27 6 9 2
27 10 111 2
27 11 2 2
27 24 19 4
27 25 67 4
27 26 1 1
