0 1 62 3
0 2 43 1
0 3 11 4
0 5 14 14
0 7 230 1
0 8 74 20
0 9 2 11
0 11 2 23
0 13 9 11
0 15 2 13
0 16 14 11
0 17 1 8
0 20 103 1
0 24 14 18
1 0 16 11
1 2 178 1
1 3 66 1
1 4 2 21
1 5 14 18
1 6 2 22
1 7 3 2
1 8 12 14
1 9 66 6
1 11 94 1
1 12 12 18
1 16 14 25
1 17 3 6
1 18 153 2
1 19 1 26
1 23 29 2
1 24 28 4
2 1 240 1
2 3 42 1
2 4 1 24
2 7 128 1
2 8 2 25
2 11 8 16
2 16 1 20
2 19 6 15
3 0 51 2
3 1 46 4
3 2 50 1
3 5 61 4
3 6 1 15
3 7 8 4
3 8 61 28
3 9 6 20
3 11 1 16
3 13 14 11
3 15 11 10
3 16 60 17
3 17 4 1
3 20 82 13
3 24 52 12
3 26 2 4
4 0 1 7
4 1 9 12
4 3 104 1
4 5 6 13
4 6 30 8
4 7 22 3
4 8 20 1
4 9 11 1
4 10 15 3
4 11 1 25
4 13 5 6
4 16 3 19
4 18 28 1
5 0 76 6
5 1 27 24
5 3 76 20
5 4 10 7
5 6 105 1
5 7 208 1
5 8 10 14
5 13 1 17
5 14 8 7
5 15 1 14
5 16 13 10
5 20 1 3
5 22 1 22
5 23 1 16
5 24 48 18
6 0 76 1
6 1 2 23
6 3 38 2
6 4 82 1
6 5 160 1
6 7 1 9
6 8 142 1
6 9 207 1
6 10 20 25
6 11 119 1
6 13 112 1
6 14 6 1
6 16 29 6
6 17 1 25
6 21 1 16
6 25 114 16
7 0 40 16
7 1 274 1
7 2 120 1
7 3 73 15
7 4 202 1
7 6 1 23
7 8 1 17
7 11 97 19
7 13 2 26
7 14 5 25
7 15 1 16
7 18 37 1
7 25 138 19
8 0 103 28
8 1 37 5
8 2 28 1
8 3 102 16
8 4 88 16
8 5 48 4
8 6 243 1
8 7 188 1
8 9 1 4
8 10 112 12
8 11 24 22
8 12 1 28
8 14 2 10
8 15 90 7
8 16 14 13
8 18 1 5
8 24 22 21
8 25 114 1
8 27 5 5
9 0 2 6
9 1 1 6
9 2 8 9
9 4 312 1
9 5 26 1
9 6 2 26
9 7 1 15
9 8 12 1
9 10 8 28
9 11 21 1
9 12 53 20
9 16 91 3
9 17 1 2
9 18 1 11
9 21 18 27
9 22 9 2
9 23 2 12
9 24 2 29
10 0 96 19
10 1 4 1
10 2 13 1
10 3 1 16
10 5 47 1
10 6 15 1
10 7 3 29
10 8 67 11
10 9 6 10
10 11 4 5
10 12 248 1
10 13 12 20
10 14 186 1
10 16 17 1
10 17 1 19
10 20 135 2
10 27 132 5
11 0 77 1
11 1 23 2
11 2 127 1
11 3 30 1
11 4 5 6
11 7 155 1
11 8 178 1
11 9 7 20
11 10 1 22
11 12 33 1
11 13 1 22
11 14 180 1
11 15 33 1
11 17 184 23
11 19 46 5
11 21 42 9
11 23 1 23
11 24 8 1
11 27 1 11
12 5 1 18
12 6 101 1
12 8 2 10
12 9 383 1
12 10 131 1
12 11 80 1
12 21 1 4
12 26 1 10
13 2 8 8
13 7 7 19
13 8 13 14
13 10 4 6
13 11 1 19
13 12 5 25
13 14 30 28
13 17 1 12
14 0 2 1
14 1 25 29
14 2 18 1
14 3 9 9
14 6 30 23
14 7 1 26
14 10 17 15
14 11 1 9
14 12 5 2
14 13 1 23
14 15 33 1
14 18 2 24
14 24 22 25
15 0 1 13
15 1 60 18
15 8 1 28
15 10 1 14
15 12 55 2
15 14 33 24
15 23 26 1
15 26 18 2
16 0 154 2
16 1 14 27
16 3 73 19
16 4 83 2
16 5 40 26
16 7 21 2
16 8 25 13
16 10 2 3
16 17 1 15
16 21 5 6
16 24 14 2
17 0 81 1
17 1 2 29
17 2 2 18
17 3 1 10
17 4 73 1
17 7 1 8
17 8 56 1
17 11 159 2
17 16 13 1
17 18 39 3
17 20 3 29
17 21 1 18
17 27 1 9
18 1 2 2
18 4 3 1
18 6 9 17
18 8 48 4
18 10 6 7
18 11 9 4
18 16 1 1
18 17 3 16
18 20 73 3
18 23 17 1
18 25 36 6
18 26 1 17
19 0 94 1
19 1 45 18
19 8 88 1
19 11 99 1
19 15 1 7
19 20 3 23
19 27 1 9
20 1 3 2
20 2 1 24
20 3 16 2
20 6 125 1
20 8 56 2
20 10 10 8
20 11 2 9
20 12 10 1
20 14 1 15
20 16 1 25
20 17 9 1
20 19 204 1
20 25 1 22
20 26 43 6
20 27 39 18
21 12 34 3
21 13 1 9
21 27 13 12
22 4 1 3
22 7 8 1
22 11 2 19
23 1 1 16
23 5 17 10
23 8 1 8
23 12 11 7
23 15 2 10
23 16 3 3
23 22 2 4
23 26 19 23
24 0 39 3
24 1 30 29
24 2 28 19
24 3 62 1
24 5 14 4
24 7 10 3
24 8 14 23
24 10 7 14
24 11 60 1
24 16 48 28
24 18 2 1
24 22 3 13
24 23 3 4
24 26 49 7
25 6 1 1
25 7 2 5
25 8 130 1
25 9 5 1
25 10 13 23
25 11 66 8
25 14 25 26
25 20 2 4
25 27 1 11
26 0 19 23
26 5 5 7
26 8 79 29
26 11 1 23
26 27 1 15
27 3 1 22
27 10 108 3
27 17 3 3
27 22 4 20
27 25 63 3
27 26 1 6
