0 1 89 19
0 2 42 1
0 3 49 20
0 4 39 5
0 5 41 16
0 7 229 1
0 8 26 3
0 10 92 2
0 11 1 25
0 16 14 10
0 17 10 1
0 18 4 1
0 19 1 12
0 20 102 1
0 24 31 16
1 0 252 23
1 2 174 1
1 3 80 16
1 4 154 7
1 5 14 5
1 6 21 3
1 8 133 28
1 9 1 22
1 10 3 10
1 11 93 1
1 12 1 8
1 16 206 8
1 17 87 22
1 19 3 23
1 20 41 22
1 22 1 29
1 24 29 28
1 25 68 2
1 27 65 11
2 1 236 1
2 3 39 1
2 4 2 3
2 6 3 18
2 7 127 1
2 8 3 8
2 9 97 13
2 10 25 14
2 14 8 2
2 16 1 27
2 19 6 10
2 20 84 2
2 23 1 25
2 26 5 1
3 0 14 11
3 1 66 5
3 2 46 1
3 4 2 16
3 5 14 6
3 7 3 29
3 8 24 9
3 9 2 1
3 11 62 28
3 12 19 8
3 16 13 2
3 17 15 26
3 22 1 20
3 24 36 17
3 25 10 29
3 27 1 2
4 0 8 19
4 1 4 21
4 3 103 2
4 5 18 11
4 6 186 1
4 8 19 1
4 9 10 1
4 11 14 5
4 13 1 28
4 16 7 29
4 18 27 1
5 0 94 18
5 1 26 29
5 2 4 14
5 3 14 13
5 4 2 25
5 6 89 1
5 7 207 1
5 8 9 6
5 12 18 6
5 16 14 29
5 18 1 1
5 20 2 28
5 24 13 19
6 0 75 1
6 1 2 1
6 4 80 1
6 5 145 1
6 7 1 8
6 8 132 1
6 9 205 1
6 10 54 14
6 11 118 1
6 12 11 24
6 13 111 8
6 14 5 5
6 15 50 2
6 17 10 10
6 18 1 16
6 19 1 27
6 22 1 20
7 1 273 2
7 2 118 1
7 3 86 1
7 4 201 2
7 6 2 11
7 8 14 11
7 9 26 2
7 10 438 12
7 11 39 23
7 12 1 19
7 13 62 5
7 15 265 7
7 18 36 3
7 20 215 3
7 21 4 16
7 22 15 16
7 23 21 26
7 24 3 24
7 25 1 29
8 0 143 12
8 1 14 4
8 2 26 1
8 3 15 25
8 4 1 2
8 5 37 1
8 6 241 1
8 7 184 1
8 9 23 8
8 10 42 27
8 11 417 1
8 12 29 19
8 13 2 5
8 14 1 4
8 16 44 1
8 17 149 1
8 19 1 13
8 20 54 1
8 21 37 1
8 22 1 20
8 24 14 12
8 25 113 3
8 27 1 29
9 0 1 25
9 1 1 11
9 2 1 9
9 4 311 1
9 5 23 1
9 6 4 17
9 7 1 26
9 8 12 1
9 10 104 25
9 11 20 1
9 12 2 5
9 13 94 1
9 15 1 10
9 17 3 11
9 18 6 23
9 21 8 15
9 23 1 19
9 24 5 28
9 25 1 11
10 1 3 3
10 2 12 1
10 3 1 11
10 4 30 2
10 5 46 2
10 6 14 1
10 7 5 22
10 8 18 2
10 9 6 28
10 11 1 1
10 12 247 1
10 13 1 29
10 14 184 1
10 16 16 10
10 18 90 1
10 21 29 1
10 22 2 21
10 23 1 21
10 24 8 11
10 25 4 27
11 0 77 1
11 2 126 2
11 3 29 2
11 4 75 1
11 6 49 8
11 7 146 3
11 8 177 1
11 9 4 8
11 10 5 19
11 12 35 9
11 13 4 20
11 14 179 1
11 15 31 1
11 20 195 1
11 22 145 1
11 24 7 1
11 25 1 16
11 27 9 6
12 1 67 2
12 2 5 24
12 4 3 5
12 5 1 16
12 6 101 1
12 9 382 1
12 10 130 1
12 11 79 4
12 16 45 1
12 21 3 18
12 23 56 2
12 25 59 21
12 27 11 10
13 0 25 10
13 8 1 23
13 9 2 22
13 10 11 25
13 12 1 16
13 14 3 24
13 17 24 26
13 26 1 8
14 0 1 8
14 2 17 10
14 3 30 19
14 8 154 1
14 9 79 4
14 10 2 4
14 11 1 29
14 15 32 1
14 20 47 9
14 22 6 3
14 24 2 16
15 0 1 3
15 8 13 21
15 9 53 1
15 17 72 3
15 20 63 19
15 23 26 1
15 24 4 18
15 25 6 3
16 0 43 10
16 1 48 26
16 3 27 6
16 5 27 5
16 8 14 29
16 9 18 24
16 17 2 18
16 22 19 12
16 24 37 14
16 27 29 6
17 0 80 1
17 1 19 1
17 2 1 26
17 4 72 1
17 6 12 2
17 8 55 1
17 10 30 2
17 15 36 2
17 16 19 16
17 19 76 1
17 25 1 14
18 4 1 1
18 5 26 3
18 6 15 13
18 9 86 1
18 12 44 29
18 15 11 9
18 16 2 4
18 17 1 21
18 21 31 2
18 22 22 6
18 23 17 2
19 0 93 1
19 1 1 3
19 4 2 5
19 5 24 1
19 7 1 13
19 8 88 1
19 11 99 6
19 12 3 20
19 20 20 20
20 0 3 23
20 1 2 15
20 6 124 4
20 7 1 15
20 12 9 14
20 17 9 1
20 19 203 1
20 22 11 7
20 25 1 2
21 0 30 17
21 1 49 4
21 4 69 23
21 11 11 2
22 0 1 11
22 7 7 23
22 10 1 23
22 12 1 7
22 17 3 7
23 1 1 6
23 2 1 15
23 6 2 19
23 7 5 13
23 8 74 27
23 9 56 2
23 14 7 26
23 20 29 2
24 0 43 22
24 1 25 13
24 3 75 11
24 5 52 21
24 6 31 6
24 8 28 25
24 10 1 23
24 11 59 1
24 12 10 26
24 14 9 23
24 16 13 13
24 18 2 17
24 25 14 1
25 0 1 10
25 1 60 1
25 2 1 9
25 6 1 26
25 7 1 14
25 8 129 2
25 9 4 21
25 10 22 1
25 11 1 23
25 14 8 14
25 15 1 2
25 20 1 5
26 8 1 26
26 12 1 15
26 13 1 10
26 20 29 1
26 27 1 25
27 0 1 24
27 1 3 13
27 3 1 23
27 7 167 8
27 22 2 27
