0 3 2 2
0 4 1 16
0 5 18 9
0 7 215 1
0 8 115 6
0 16 3 14
0 17 1 18
0 19 4 1
0 20 129 1
0 22 7 21
0 23 44 12
0 24 20 8
0 25 27 29
0 26 3 15
1 0 18 1
1 2 131 1
1 3 92 14
1 4 1 13
1 5 54 20
1 6 7 22
1 7 237 1
1 8 15 6
1 9 1 13
1 10 3 19
1 11 86 2
1 16 15 29
1 17 63 21
1 19 2 13
1 20 2 19
1 22 10 6
1 24 34 1
2 1 178 1
2 3 11 1
2 4 2 14
2 6 243 13
2 7 110 1
2 8 4 22
2 9 96 3
2 16 5 28
2 19 1 13
2 20 80 1
2 25 1 21
2 26 11 23
3 0 52 17
3 1 5 10
3 2 4 1
3 5 4 12
3 6 1 14
3 7 54 3
3 8 19 7
3 11 1 13
3 16 4 28
3 17 6 16
3 20 1 9
3 24 58 13
3 26 18 11
4 0 1 2
4 1 20 29
4 3 96 1
4 5 12 18
4 6 15 1
4 7 18 3
4 8 13 1
4 9 4 1
4 11 1 19
4 12 60 5
4 16 144 25
4 18 14 1
4 22 3 12
5 0 4 19
5 1 296 29
5 3 34 17
5 4 2 1
5 6 246 1
5 7 199 1
5 8 10 15
5 9 2 11
5 10 1 23
5 11 161 29
5 12 14 1
5 15 1 27
5 16 27 24
5 18 3 19
5 20 1 6
5 24 4 4
6 0 65 1
6 1 9 24
6 2 1 3
6 3 174 1
6 4 34 1
6 5 43 1
6 7 314 1
6 8 30 1
6 9 195 1
6 10 3 18
6 11 113 2
6 12 5 12
6 13 3 1
6 14 3 6
6 17 1 29
6 18 6 11
6 19 2 7
7 0 3 1
7 1 262 1
7 2 102 1
7 3 132 4
7 4 2 1
7 6 23 11
7 8 50 20
7 9 22 1
7 11 4 28
7 16 20 4
7 20 210 1
7 22 1 1
7 23 1 1
7 26 90 1
8 0 4 15
8 1 4 20
8 2 23 1
8 3 32 24
8 4 3 7
8 5 8 17
8 6 364 1
8 7 166 1
8 9 22 6
8 10 15 20
8 11 403 1
8 12 3 23
8 13 11 14
8 14 2 1
8 15 90 7
8 16 3 19
8 17 142 2
8 18 2 16
8 19 1 5
8 22 1 7
8 24 4 9
8 27 10 21
9 1 1 29
9 2 71 10
9 4 297 1
9 5 343 1
9 6 7 8
9 7 4 29
9 8 5 2
9 10 4 18
9 11 16 1
9 12 88 10
9 16 90 2
9 17 82 29
9 19 58 15
9 20 17 27
9 24 77 14
10 1 2 1
10 2 7 1
10 5 36 1
10 7 19 2
10 9 3 24
10 11 2 8
10 13 1 16
10 14 241 1
10 17 8 18
10 19 9 3
10 22 1 14
10 24 17 8
10 25 2 16
11 2 118 2
11 4 1 17
11 5 2 15
11 6 63 7
11 7 127 1
11 8 20 28
11 9 110 26
11 10 27 6
11 12 4 19
11 13 2 9
11 14 10 1
11 15 10 1
11 18 103 2
11 19 44 2
11 20 193 2
11 23 14 11
11 24 276 1
11 25 1 15
11 27 2 25
12 0 117 5
12 1 63 1
12 4 1 29
12 6 92 2
12 7 152 3
12 9 372 1
12 10 120 1
12 11 75 3
12 13 2 1
12 14 15 1
12 18 20 5
12 21 13 25
12 23 54 4
12 26 2 21
13 0 24 2
13 8 14 19
13 9 78 29
13 11 20 9
13 12 8 7
13 14 1 1
13 17 2 11
13 22 3 1
14 5 5 6
14 7 1 6
14 8 142 1
14 10 3 7
14 11 1 29
14 16 2 6
14 19 1 23
14 24 3 10
14 25 20 1
14 26 2 14
14 27 2 28
15 1 6 2
15 6 100 1
15 7 82 1
15 9 49 4
15 10 3 26
15 11 1 27
15 14 7 18
15 20 15 1
15 23 3 1
16 0 3 29
16 1 100 3
16 3 4 25
16 4 78 2
16 5 19 13
16 8 19 26
16 12 2 6
16 17 80 12
16 18 1 14
16 24 109 4
16 25 4 12
16 26 1 21
17 0 72 1
17 1 6 21
17 3 1 6
17 4 64 2
17 5 107 1
17 6 250 24
17 9 136 3
17 11 157 20
17 12 11 8
17 15 34 2
17 16 51 26
17 19 73 5
17 21 27 1
17 27 1 14
18 0 124 3
18 1 101 9
18 2 58 3
18 4 234 1
18 6 15 8
18 7 1 14
18 8 44 3
18 9 82 1
18 11 10 28
18 12 1 10
18 13 1 22
18 14 1 9
18 15 11 25
18 16 4 4
18 17 10 5
18 19 1 12
18 20 72 2
18 22 22 4
18 24 7 11
18 26 1 25
19 0 78 1
19 1 5 2
19 7 2 18
19 8 86 1
19 9 42 7
19 11 97 6
19 17 15 19
19 20 2 3
19 23 7 17
20 2 2 14
20 6 121 3
20 7 4 25
20 9 97 1
20 14 3 23
20 19 188 1
21 1 48 8
21 6 1 3
21 7 2 24
21 8 37 8
21 12 31 3
21 16 3 2
21 20 28 18
22 0 1 7
22 9 33 6
22 10 24 13
22 12 3 20
22 23 18 1
23 0 55 4
23 7 5 16
23 8 6 16
23 10 30 9
23 15 5 6
23 16 3 1
23 22 1 14
24 0 3 1
24 1 192 10
24 3 23 23
24 5 4 6
24 7 7 1
24 8 3 8
24 10 32 3
24 11 45 1
24 16 76 10
24 27 2 16
25 2 2 29
25 7 1 1
25 9 85 20
25 10 1 8
25 11 6 9
25 12 28 1
26 0 2 9
26 3 1 23
26 10 1 29
26 24 1 28
27 0 1 6
27 1 3 26
27 17 2 8
27 25 59 4
27 26 1 18
