0 1 114 1
0 3 63 18
0 4 183 2
0 5 9 26
0 7 208 1
0 8 188 13
0 9 12 12
0 10 84 2
0 11 2 7
0 16 140 1
0 17 1 29
0 19 2 8
0 20 125 1
0 22 1 10
0 24 36 18
0 25 7 13
0 27 1 2
1 0 3 16
1 2 107 1
1 3 30 1
1 4 1 2
1 5 15 1
1 6 26 16
1 7 12 1
1 8 12 3
1 9 1 23
1 10 2 2
1 11 83 2
1 12 1 27
1 16 268 23
1 17 2 1
1 22 10 24
1 24 186 1
2 1 151 1
2 3 4 1
2 4 90 12
2 6 3 1
2 7 103 1
2 8 3 28
2 12 8 10
2 16 1 2
2 18 2 1
2 20 78 2
2 22 1 13
2 24 26 22
3 0 158 25
3 1 31 21
3 2 28 1
3 4 12 11
3 5 73 1
3 6 203 28
3 7 3 6
3 8 156 24
3 9 7 6
3 11 4 23
3 12 18 1
3 15 9 5
3 16 115 1
3 19 2 13
3 24 24 1
4 0 11 14
4 1 3 12
4 3 93 2
4 5 35 13
4 6 170 1
4 7 17 1
4 9 339 1
4 10 9 2
4 11 3 16
4 15 86 16
4 17 2 1
4 18 15 1
4 19 4 12
4 21 66 4
4 27 1 12
5 0 51 1
5 1 73 1
5 3 82 21
5 4 17 20
5 6 191 1
5 8 32 21
5 9 2 10
5 10 1 18
5 13 4 4
5 16 113 4
5 17 6 6
5 18 3 27
5 20 1 29
5 24 26 2
6 1 2 12
6 3 203 1
6 4 23 1
6 5 31 2
6 7 63 24
6 8 7 1
6 9 180 1
6 10 8 2
6 11 108 1
6 12 1 16
6 14 3 3
6 17 75 3
6 18 3 10
6 22 12 16
6 25 1 23
6 26 3 10
7 0 327 1
7 1 257 1
7 2 95 1
7 3 127 1
7 6 2 11
7 8 3 4
7 11 305 23
7 12 4 4
7 14 3 1
7 15 2 16
7 20 208 1
7 21 15 5
7 23 18 1
7 25 1 7
7 26 89 1
8 0 173 1
8 1 141 1
8 2 13 1
8 4 5 2
8 5 1 2
8 6 261 1
8 7 139 1
8 9 26 27
8 10 112 11
8 11 395 1
8 12 29 7
8 15 5 3
8 16 122 1
8 17 139 1
8 18 6 27
8 24 56 5
8 27 1 8
9 0 5 9
9 1 7 29
9 3 2 10
9 4 47 1
9 5 317 1
9 6 2 28
9 7 2 5
9 10 4 15
9 11 14 1
9 12 64 5
9 15 1 5
9 20 3 14
9 22 1 2
9 23 1 11
9 27 69 10
10 2 218 1
10 3 59 23
10 4 22 2
10 5 31 1
10 7 1 15
10 8 41 1
10 9 8 12
10 11 1 13
10 12 237 1
10 13 13 15
10 14 226 1
10 17 1 14
10 18 85 3
10 21 27 8
10 22 1 6
10 23 1 27
10 24 2 24
10 25 2 1
11 0 66 1
11 1 17 3
11 3 18 2
11 4 1 11
11 6 3 8
11 7 252 1
11 8 152 1
11 9 8 15
11 10 38 13
11 12 1 20
11 14 6 1
11 15 4 1
11 19 43 3
11 23 4 8
11 24 270 1
11 25 2 4
11 26 2 16
12 0 117 2
12 1 62 1
12 6 88 1
12 8 1 23
12 9 1 1
12 10 115 1
12 13 2 2
12 18 2 2
12 20 28 1
12 21 2 6
12 23 54 1
12 24 44 2
12 25 1 21
13 4 2 1
13 8 6 11
13 12 23 2
13 14 1 24
13 18 25 5
13 20 1 2
14 3 30 27
14 4 1 13
14 5 5 2
14 6 1 3
14 7 2 27
14 8 137 1
14 10 8 17
14 11 74 18
14 15 17 2
14 16 2 6
14 20 47 3
14 25 19 11
14 27 2 26
15 0 45 5
15 3 3 29
15 6 99 3
15 7 207 1
15 10 1 17
15 11 3 20
15 13 2 24
15 14 4 7
15 20 63 7
15 21 2 23
15 23 24 1
15 25 21 2
16 0 14 29
16 1 120 29
16 3 56 11
16 5 148 18
16 8 6 29
16 9 1 26
16 10 1 13
16 12 2 24
16 13 26 22
16 17 5 15
16 20 5 3
16 22 18 21
16 23 25 25
16 24 5 10
17 0 68 1
17 1 2 21
17 3 3 24
17 4 61 1
17 5 105 1
17 7 2 12
17 8 47 3
17 16 1 14
17 18 33 2
17 19 72 6
17 20 1 16
17 25 1 25
17 27 32 2
18 1 1 26
18 2 57 1
18 4 226 17
18 6 9 26
18 10 6 20
18 12 47 25
18 15 2 5
18 16 1 27
18 17 132 26
18 19 2 28
19 0 71 1
19 6 11 1
19 7 5 13
19 8 84 2
19 10 44 7
19 11 97 1
19 17 2 28
19 20 40 26
20 2 1 8
20 5 63 1
20 7 1 26
20 13 2 23
20 15 2 11
20 16 75 12
20 19 174 1
20 21 37 1
20 25 1 15
20 27 39 19
21 15 2 4
22 8 1 14
22 9 33 2
22 12 6 16
22 20 2 10
22 24 14 1
22 26 1 27
23 1 2 20
23 6 2 28
23 8 2 10
23 9 54 3
23 13 8 1
23 14 4 23
23 15 5 28
23 17 53 1
23 26 4 23
24 0 13 1
24 1 74 9
24 3 24 3
24 5 2 2
24 7 5 4
24 8 14 1
24 11 40 1
24 12 1 16
24 16 21 7
24 20 69 6
24 22 1 27
24 25 12 1
25 5 25 2
25 6 1 5
25 7 1 15
25 10 7 1
25 11 1 29
25 20 2 20
25 21 12 4
25 27 2 19
26 0 2 5
26 1 57 21
26 6 1 18
26 8 9 21
26 11 50 19
26 27 2 19
27 0 1 16
27 1 1 5
27 4 53 1
27 8 30 7
27 16 4 9
27 22 4 16
27 25 58 1
27 26 1 11
