0 1 88 1
0 2 22 1
0 3 99 1
0 4 209 27
0 5 183 1
0 6 1 22
0 7 167 1
0 8 85 1
0 9 1 3
0 13 6 1
0 16 145 1
0 17 1 7
0 19 3 15
0 20 89 1
0 24 96 1
0 25 27 1
1 0 60 1
1 2 14 1
1 3 58 1
1 4 10 1
1 5 43 1
1 6 143 29
1 7 230 2
1 8 7 4
1 9 1 12
1 10 1 27
1 11 65 2
1 15 1 10
1 16 1 10
1 17 65 24
1 20 1 29
1 22 11 29
1 24 45 1
2 1 71 1
2 3 4 17
2 4 8 29
2 5 1 28
2 6 238 2
2 7 61 1
2 8 4 29
2 9 6 1
2 11 213 22
2 16 1 3
2 19 2 15
2 24 1 22
3 0 84 5
3 1 173 1
3 4 5 19
3 5 103 1
3 6 19 2
3 7 19 3
3 8 22 1
3 11 6 28
3 12 14 4
3 14 28 1
3 16 51 7
3 18 41 9
3 19 1 10
3 24 69 1
4 0 22 24
4 1 42 1
4 3 74 1
4 5 47 29
4 6 97 1
4 7 8 4
4 9 290 1
4 10 2 4
4 12 1 7
4 13 1 12
4 16 4 28
4 17 261 1
4 18 3 1
5 0 13 1
5 1 36 1
5 3 66 1
5 4 6 1
5 6 2 15
5 7 167 2
5 8 99 3
5 9 9 17
5 10 76 2
5 12 107 2
5 13 11 4
5 16 56 1
5 18 1 16
5 22 1 15
5 24 30 3
6 0 36 1
6 1 3 12
6 2 1 10
6 3 185 1
6 4 26 4
6 5 6 12
6 7 304 25
6 8 30 7
6 9 299 1
6 10 2 8
6 11 220 1
6 12 21 24
6 13 105 1
6 18 16 15
6 23 62 9
6 24 33 14
7 0 24 1
7 1 223 1
7 2 54 1
7 3 61 1
7 4 176 2
7 5 3 3
7 6 2 4
7 8 245 1
7 9 9 2
7 10 11 1
7 11 210 1
7 13 20 4
7 14 4 18
7 17 16 8
7 18 27 4
7 20 192 1
7 22 1 20
7 24 1 9
7 26 83 1
8 0 142 1
8 1 1 4
8 3 6 26
8 4 3 23
8 5 194 1
8 6 391 1
8 7 105 1
8 9 2 6
8 10 58 21
8 11 359 1
8 14 80 7
8 16 150 1
8 17 119 2
8 18 9 9
8 21 32 1
8 22 6 15
8 24 14 1
8 25 93 1
9 1 2 7
9 2 2 21
9 4 20 1
9 5 229 1
9 6 3 21
9 10 7 27
9 12 3 17
9 13 85 1
9 15 2 7
9 16 86 1
9 18 2 2
9 21 2 10
9 23 1 29
9 24 1 6
9 25 1 23
10 2 189 1
10 4 10 3
10 6 1 25
10 7 25 6
10 8 322 1
10 9 9 14
10 11 11 1
10 12 228 1
10 13 1 6
10 14 174 1
10 15 4 27
10 21 24 3
10 22 2 17
10 24 1 26
11 0 48 1
11 1 9 1
11 2 92 1
11 5 147 24
11 6 6 3
11 7 54 9
11 8 101 1
11 9 17 14
11 10 3 1
11 13 2 15
11 14 119 2
11 15 2 6
11 19 37 1
11 20 184 3
11 22 134 1
11 23 2 12
11 24 247 1
11 25 8 28
11 26 5 12
11 27 140 26
12 1 51 1
12 2 18 22
12 7 9 2
12 8 3 18
12 9 342 1
12 10 87 2
12 11 62 3
12 13 162 1
12 14 6 1
12 15 2 1
12 21 1 22
12 23 48 1
12 24 41 11
13 2 1 24
13 8 1 6
13 10 10 3
13 11 6 12
13 12 12 8
13 15 1 10
13 20 2 8
14 2 13 1
14 4 4 27
14 8 105 1
14 9 75 9
14 10 3 20
14 11 15 18
14 13 3 23
14 15 1 1
14 17 70 1
14 20 12 15
14 24 25 11
15 0 3 26
15 5 1 26
15 6 91 1
15 7 201 23
15 10 2 13
15 11 10 29
15 14 45 1
15 27 25 5
16 0 61 1
16 1 23 9
16 3 24 1
16 4 62 1
16 5 41 5
16 9 1 24
16 10 89 7
16 12 1 22
16 17 1 1
16 24 50 1
17 0 46 2
17 1 15 2
17 3 2 27
17 5 94 2
17 8 33 2
17 9 125 1
17 16 3 15
17 18 23 4
17 20 1 10
17 25 2 8
17 27 2 21
18 0 116 5
18 1 6 29
18 2 52 7
18 4 223 1
18 5 80 10
18 6 17 25
18 7 2 17
18 11 4 7
18 13 8 19
18 14 7 4
18 16 4 2
19 0 35 1
19 1 14 12
19 7 7 15
19 8 77 1
19 17 5 10
19 20 3 6
20 0 1 1
20 1 3 21
20 8 37 2
20 9 91 3
20 10 5 1
20 14 3 17
20 16 1 6
20 19 125 1
20 26 40 23
21 12 22 3
21 13 5 8
21 25 13 4
22 9 28 2
22 11 7 9
22 12 1 5
22 14 1 29
22 23 10 4
23 0 51 4
23 7 11 2
23 10 7 7
23 11 42 2
23 13 2 4
23 22 1 17
23 24 8 2
24 0 137 1
24 1 72 8
24 3 53 1
24 5 71 1
24 8 123 1
24 11 12 1
24 16 48 4
25 0 4 9
25 2 2 26
25 12 24 4
25 16 1 18
25 17 2 1
25 22 10 7
26 3 18 14
26 10 1 14
26 14 5 27
26 24 1 25
26 25 7 5
26 27 3 28
27 6 4 8
27 25 45 2
27 26 1 7
