0 1 35 1
0 2 21 1
0 3 7 22
0 4 1 9
0 5 135 1
0 7 161 1
0 8 44 1
0 11 40 1
0 16 91 1
0 17 1 8
0 19 13 22
0 20 84 1
0 24 35 1
0 26 2 6
1 0 19 1
1 2 5 4
1 3 80 1
1 4 16 23
1 5 30 1
1 6 3 2
1 7 8 2
1 8 23 1
1 9 4 2
1 11 62 1
1 12 1 24
1 16 141 1
1 17 2 3
1 18 124 1
1 21 2 28
1 22 10 25
1 24 34 1
1 25 58 6
2 0 1 29
2 1 45 1
2 3 7 7
2 6 55 20
2 7 55 1
2 8 11 27
2 10 190 1
2 16 1 16
2 20 62 1
2 23 19 9
2 25 3 7
3 0 70 1
3 1 125 1
3 2 1 10
3 5 43 1
3 7 68 9
3 8 42 1
3 9 69 12
3 11 1 16
3 14 43 11
3 15 6 2
3 16 13 5
3 24 8 25
4 0 8 24
4 1 2 12
4 2 1 10
4 3 71 2
4 5 11 25
4 6 87 1
4 7 7 1
4 9 281 1
4 18 260 1
4 19 2 1
4 24 39 2
5 0 74 1
5 1 198 1
5 2 1 11
5 3 20 1
5 4 3 17
5 6 10 24
5 7 163 1
5 8 55 1
5 9 5 1
5 12 104 8
5 15 2 12
5 16 27 1
5 24 52 1
6 0 33 1
6 1 9 28
6 2 3 7
6 3 181 1
6 4 23 1
6 5 12 4
6 7 120 1
6 8 52 14
6 9 126 1
6 10 2 19
6 11 215 1
6 12 3 7
6 13 105 1
6 18 1 11
7 0 320 1
7 1 217 1
7 2 48 1
7 3 45 1
7 4 173 2
7 6 2 10
7 8 239 1
7 9 8 3
7 10 8 1
7 11 270 1
7 12 1 16
7 14 3 1
7 15 7 2
7 18 27 1
7 20 189 2
7 21 17 25
7 27 1 4
8 0 125 1
8 1 116 1
8 2 1 23
8 3 321 8
8 4 1 23
8 5 248 1
8 6 390 1
8 7 81 1
8 9 106 6
8 10 4 8
8 11 350 1
8 13 13 21
8 14 3 11
8 16 88 1
8 17 116 1
8 20 34 4
8 22 2 9
8 24 33 1
8 25 91 1
9 1 1 26
9 4 268 1
9 5 195 1
9 6 3 22
9 8 1 24
9 10 3 17
9 12 1 14
9 13 83 5
9 14 3 2
9 21 1 3
9 22 9 14
9 23 2 13
9 24 2 17
9 26 1 17
10 2 183 1
10 4 9 1
10 5 7 1
10 7 26 10
10 8 280 1
10 9 27 4
10 11 7 23
10 12 225 1
10 13 2 21
10 14 156 1
10 17 4 1
10 18 75 4
10 20 120 3
10 23 2 8
10 24 1 12
10 25 1 18
10 26 74 2
10 27 126 2
11 0 46 1
11 1 7 3
11 2 88 2
11 5 1 6
11 6 3 13
11 7 246 1
11 8 93 1
11 9 1 20
11 12 19 4
11 13 24 7
11 14 113 1
11 15 6 15
11 18 97 2
11 20 183 3
11 22 132 2
11 24 239 1
11 25 5 4
11 27 3 2
12 0 111 4
12 6 62 1
12 7 8 1
12 9 334 1
12 10 83 1
12 11 61 1
12 16 40 4
12 19 2 5
12 21 1 17
12 22 1 1
13 5 20 13
13 7 143 7
13 8 2 1
13 10 11 22
13 12 19 29
13 17 17 3
13 18 1 29
13 23 1 29
14 3 1 24
14 7 1 15
14 8 100 1
14 9 5 23
14 10 96 20
14 11 1 28
14 13 1 4
14 19 1 29
15 3 1 22
15 7 74 1
15 9 37 3
15 10 1 10
15 11 4 16
15 12 42 1
15 22 3 3
15 23 19 1
15 24 1 9
15 27 24 4
16 0 61 1
16 1 57 1
16 3 91 1
16 5 3 5
16 8 54 1
16 17 6 8
16 18 3 18
16 19 12 13
16 24 21 4
16 27 28 4
17 0 43 2
17 1 15 27
17 3 16 4
17 5 92 3
17 7 22 19
17 8 31 1
17 9 123 2
17 10 17 3
17 11 157 1
17 12 7 4
17 16 5 19
17 18 22 2
17 21 1 27
17 25 2 16
17 27 11 27
18 0 115 5
18 1 32 17
18 4 214 1
18 6 1 26
18 7 1 29
18 12 3 12
18 16 29 23
19 0 30 1
19 4 4 15
19 7 33 8
19 8 75 1
19 15 1 26
19 17 2 25
19 20 11 19
20 1 2 26
20 3 1 4
20 6 108 2
20 7 226 27
20 14 49 11
20 16 1 12
20 19 108 1
20 23 7 2
20 25 55 16
21 1 45 5
21 10 7 3
21 18 1 27
21 20 1 28
22 1 9 1
22 6 78 3
22 7 84 1
22 8 1 9
22 10 91 6
22 12 2 2
22 17 1 13
22 26 6 23
23 2 1 16
23 5 16 1
23 7 11 1
23 8 1 1
23 9 49 4
23 10 9 13
23 11 40 1
23 14 7 27
23 22 2 17
24 0 77 1
24 1 9 1
24 2 25 13
24 3 9 9
24 5 11 1
24 8 7 11
24 10 11 15
24 11 9 1
24 12 2 13
24 15 1 27
24 16 20 1
24 20 67 2
24 27 1 5
25 1 50 2
25 2 2 22
25 7 1 24
25 8 108 1
25 10 1 21
25 11 79 2
25 12 23 6
25 20 1 20
26 11 51 23
26 27 4 5
27 8 1 14
27 10 97 1
27 11 1 11
27 18 2 11
27 20 56 26
27 22 10 10
27 25 43 2
27 26 2 15
