0 1 8 29
0 2 12 1
0 3 7 12
0 4 45 24
0 5 8 20
0 7 142 1
0 8 8 28
0 16 14 20
0 17 1 21
0 19 1 24
0 20 102 2
0 23 39 1
0 24 7 29
1 0 13 4
1 3 15 21
1 4 396 1
1 5 8 19
1 6 6 3
1 8 7 15
1 9 4 22
1 10 1 7
1 11 55 1
1 16 9 10
1 17 2 23
1 18 115 2
1 19 2 24
1 24 7 21
1 25 56 1
2 1 81 1
2 3 15 9
2 4 9 27
2 6 225 1
2 7 39 1
2 8 4 19
2 9 85 1
2 10 29 1
2 11 212 2
2 12 1 24
3 0 17 24
3 1 20 28
3 2 3 21
3 4 1 16
3 5 7 17
3 6 203 18
3 7 9 22
3 8 9 20
3 9 2 26
3 10 1 5
3 11 2 8
3 16 13 6
3 17 7 17
3 24 7 4
4 0 16 14
4 1 31 5
4 2 1 18
4 3 63 2
4 5 2 17
4 6 60 1
4 9 256 1
4 11 12 24
4 16 145 8
4 17 258 2
4 18 236 1
4 26 6 24
5 0 8 23
5 1 9 12
5 2 66 6
5 3 7 24
5 4 9 23
5 6 23 28
5 7 150 1
5 8 12 29
5 9 71 3
5 12 99 1
5 16 7 16
5 21 1 10
5 24 7 20
6 0 24 1
6 1 3 27
6 2 3 16
6 3 5 1
6 4 11 1
6 5 34 2
6 7 54 1
6 8 18 1
6 9 65 1
6 10 2 13
6 12 1 28
6 16 17 4
6 18 4 27
6 19 1 13
6 21 1 10
7 0 19 1
7 1 201 1
7 2 34 1
7 3 7 1
7 4 164 2
7 6 2 20
7 8 202 13
7 11 331 1
7 12 28 21
7 13 2 25
7 14 202 2
7 15 3 20
7 21 1 20
7 24 137 3
7 26 79 2
8 0 12 17
8 1 9 10
8 2 2 26
8 3 8 11
8 4 15 8
8 5 9 18
8 6 195 1
8 7 73 1
8 9 11 9
8 10 3 6
8 11 330 1
8 12 5 1
8 14 1 7
8 15 1 12
8 16 7 28
8 17 107 1
8 20 30 1
8 21 30 1
8 24 7 24
8 25 84 3
8 26 1 28
8 27 42 17
9 0 8 26
9 2 6 26
9 4 243 1
9 5 125 1
9 6 26 12
9 8 1 29
9 10 23 22
9 12 2 21
9 15 6 23
9 18 1 16
9 23 4 24
9 24 2 5
9 25 1 1
9 26 1 3
10 0 1 2
10 1 1 2
10 2 166 1
10 4 5 1
10 6 1 19
10 7 11 24
10 8 221 1
10 9 5 29
10 11 2 11
10 13 1 5
10 14 84 1
10 16 10 3
10 17 3 6
10 18 71 2
10 19 4 10
10 21 21 6
10 23 30 24
10 24 1 29
10 27 123 1
11 0 38 1
11 2 78 1
11 6 89 7
11 7 35 1
11 8 4 1
11 9 1 17
11 10 341 1
11 13 1 10
11 14 92 1
11 15 5 11
11 17 184 17
11 22 128 1
11 24 10 1
11 25 3 9
11 26 1 1
12 0 109 1
12 1 45 1
12 2 1 18
12 4 1 26
12 6 53 1
12 9 308 1
12 10 71 1
12 11 56 2
12 16 38 5
12 21 1 5
12 23 44 2
12 26 1 23
13 0 19 7
13 4 80 5
13 9 80 20
13 11 2 26
13 12 19 17
13 15 1 4
13 26 2 12
14 2 11 1
14 6 2 28
14 7 1 21
14 8 86 1
14 10 9 21
14 11 8 22
14 13 4 22
14 18 1 28
14 20 2 14
15 0 1 19
15 3 1 27
15 4 62 2
15 6 86 1
15 7 200 1
15 8 12 20
15 9 33 5
15 10 1 23
15 11 4 4
15 19 10 14
15 20 63 2
15 23 16 1
16 0 7 22
16 1 7 3
16 3 7 23
16 5 11 17
16 8 7 4
16 12 4 22
16 17 1 28
16 18 3 1
16 24 12 21
17 1 41 27
17 2 190 1
17 4 31 1
17 5 87 1
17 6 35 8
17 9 118 1
17 16 60 3
18 0 112 1
18 1 32 14
18 4 189 1
18 9 63 1
18 10 1 1
18 14 1 2
18 16 1 10
18 20 66 2
19 0 18 1
19 1 1 6
19 6 6 1
19 8 72 1
19 10 44 12
19 12 2 5
19 15 8 23
19 20 28 4
19 25 1 1
20 0 1 11
20 1 1 23
20 6 104 1
20 7 4 23
20 8 31 1
20 9 88 4
20 12 6 1
20 16 2 29
20 19 77 1
20 26 40 1
20 27 5 9
21 1 45 1
21 7 2 29
21 9 1 14
21 13 1 29
21 14 14 12
21 22 1 24
22 1 8 3
22 6 77 2
22 10 1 28
22 11 2 23
22 17 1 11
22 20 2 18
22 24 9 11
23 1 1 24
23 5 15 11
23 6 4 20
23 7 12 1
23 9 47 2
23 10 33 12
23 22 2 28
24 0 7 23
24 1 7 4
24 2 25 3
24 3 7 26
24 4 1 5
24 5 10 24
24 8 7 4
24 10 5 17
24 16 7 17
24 20 66 3
24 22 9 26
24 25 6 4
24 26 1 19
25 7 1 20
25 8 101 3
25 11 72 1
25 12 22 1
25 21 11 3
25 27 4 1
26 0 1 9
26 4 1 20
26 9 1 11
26 27 1 21
27 0 1 17
27 1 1 28
27 10 93 5
27 14 7 6
27 25 37 1
27 26 1 28
