0 1 56 25
0 2 7 1
0 3 36 24
0 5 57 10
0 7 130 1
0 8 15 25
0 9 1 29
0 10 55 2
0 15 4 13
0 16 39 3
0 17 1 17
0 19 15 25
0 20 92 2
0 24 15 11
0 25 3 3
1 0 16 2
1 2 1 26
1 3 16 7
1 4 197 1
1 5 15 13
1 6 11 11
1 7 95 1
1 8 15 1
1 9 2 19
1 10 81 19
1 11 49 3
1 12 2 24
1 16 15 3
1 17 1 26
1 18 110 1
1 20 17 13
1 24 15 13
2 0 2 15
2 1 58 1
2 3 5 24
2 4 112 21
2 6 220 1
2 8 4 23
2 9 81 1
2 10 187 1
2 11 208 1
2 12 1 6
2 16 13 15
2 19 2 6
2 20 51 3
3 0 17 9
3 1 42 28
3 2 6 6
3 4 1 25
3 5 40 28
3 7 3 17
3 8 16 5
3 9 1 3
3 10 1 7
3 12 11 1
3 15 4 1
3 16 27 18
3 24 15 23
3 25 10 5
4 0 2 3
4 1 104 17
4 3 57 2
4 5 25 19
4 6 43 1
4 9 237 1
4 11 5 13
4 13 3 25
4 18 218 1
5 0 15 7
5 1 23 21
5 3 14 1
5 4 6 15
5 6 27 29
5 7 140 2
5 8 39 28
5 9 41 6
5 10 214 2
5 16 15 16
5 17 154 1
5 20 1 11
5 22 5 6
5 24 15 16
6 1 9 9
6 2 1 22
6 3 172 1
6 4 1 7
6 5 27 10
6 7 110 1
6 8 146 29
6 9 270 1
6 10 2 3
6 11 189 1
6 12 1 17
6 13 100 9
6 17 163 18
6 18 18 15
6 19 1 21
6 20 1 15
6 22 23 18
6 23 58 8
6 25 9 10
7 0 9 1
7 1 190 1
7 3 12 1
7 5 2 6
7 6 150 24
7 8 310 13
7 9 3 1
7 10 421 1
7 11 162 1
7 12 1 7
7 14 201 1
7 17 174 9
7 20 176 1
7 23 1 10
7 25 212 19
7 26 77 1
7 27 159 1
8 0 15 11
8 1 16 22
8 2 7 4
8 3 21 13
8 4 1 26
8 5 27 17
8 6 45 1
8 7 33 4
8 9 1 20
8 10 26 6
8 11 312 1
8 12 4 29
8 13 1 19
8 14 83 19
8 15 80 5
8 16 15 29
8 17 101 1
8 18 6 25
8 19 2 1
8 20 26 1
8 22 1 10
8 24 32 29
8 27 1 9
9 0 1 21
9 2 1 15
9 4 3 1
9 5 69 1
9 6 40 4
9 7 4 2
9 8 1 27
9 10 6 29
9 12 1 13
9 13 78 2
9 15 4 21
9 18 1 1
9 19 6 28
9 20 1 20
9 22 5 13
9 23 12 23
10 0 2 3
10 2 153 1
10 3 138 7
10 4 3 2
10 6 2 3
10 7 32 10
10 8 77 1
10 9 4 12
10 11 3 7
10 12 211 1
10 13 3 1
10 14 49 1
10 18 68 4
10 20 113 1
10 22 14 24
10 24 3 7
10 25 44 12
10 26 70 2
11 0 33 3
11 2 71 1
11 4 1 9
11 5 4 17
11 6 6 4
11 7 133 1
11 8 71 1
11 9 136 7
11 10 274 1
11 14 78 1
11 15 17 22
11 16 2 1
11 18 94 1
11 20 176 4
11 21 33 2
11 23 5 20
11 24 216 1
11 25 65 17
11 26 24 7
11 27 2 29
12 0 107 2
12 1 41 2
12 4 1 3
12 5 7 21
12 6 46 1
12 7 6 5
12 9 288 1
12 11 52 3
12 13 149 1
12 16 37 1
12 21 2 15
13 10 1 25
13 11 1 12
13 12 36 25
13 14 25 1
13 18 2 25
13 20 3 10
13 23 1 3
13 26 2 14
14 1 28 25
14 3 2 14
14 4 1 12
14 6 1 1
14 7 8 5
14 8 76 1
14 10 60 19
14 15 1 18
14 17 68 1
14 19 1 18
15 1 59 27
15 3 1 11
15 7 25 1
15 9 31 1
15 10 1 3
15 11 5 17
15 14 15 2
15 24 1 10
16 0 31 20
16 1 15 9
16 3 16 8
16 4 50 1
16 5 15 11
16 8 29 15
16 9 5 29
16 10 119 8
16 17 58 14
16 18 2 23
16 20 3 1
16 24 15 28
17 0 29 2
17 1 132 16
17 2 187 24
17 3 17 28
17 4 26 2
17 5 83 2
17 8 22 1
17 9 114 4
17 16 103 17
17 18 15 3
17 23 1 8
17 25 3 12
18 0 109 2
18 4 171 1
18 7 1 22
18 9 59 3
18 10 149 15
18 11 1 22
18 12 47 3
18 14 7 26
18 15 17 19
18 16 1 8
18 17 8 18
18 20 65 1
18 24 5 6
19 0 11 1
19 1 25 17
19 7 1 28
19 10 44 18
19 11 86 2
19 15 2 27
19 20 1 25
20 0 1 25
20 1 15 13
20 2 63 13
20 6 100 1
20 8 27 3
20 14 1 1
20 19 45 25
21 9 1 28
21 13 5 13
21 14 14 7
21 20 10 5
21 22 1 14
22 6 76 3
22 8 104 19
22 9 24 8
22 10 4 26
22 11 34 27
22 12 1 13
22 14 1 24
23 0 49 2
23 8 2 6
23 10 35 22
23 11 170 24
23 20 24 2
23 22 6 19
24 0 15 28
24 1 14 29
24 3 32 29
24 5 18 16
24 8 14 25
24 10 11 12
24 12 1 13
24 15 3 19
24 16 20 5
24 18 2 24
24 21 1 7
24 25 6 1
24 27 1 29
25 1 46 2
25 7 1 9
25 9 82 1
25 11 69 8
25 24 12 1
26 0 1 20
26 3 1 25
26 4 14 21
26 6 4 22
26 8 6 5
26 10 1 10
26 11 1 27
26 18 18 1
26 20 24 14
26 23 1 3
26 24 4 1
26 25 5 6
26 27 1 4
27 0 1 20
27 3 2 11
27 8 32 24
27 10 91 2
27 25 33 1
27 26 4 28
