0 1 39 3
0 3 50 14
0 4 259 2
0 5 46 1
0 6 4 2
0 7 89 1
0 8 114 1
0 9 2 27
0 14 1 20
0 16 23 27
0 17 4 16
0 19 3 22
0 20 73 1
0 24 6 2
0 26 1 2
0 27 2 7
1 0 16 18
1 2 13 27
1 3 173 1
1 4 368 1
1 5 18 2
1 6 2 20
1 7 81 1
1 8 26 1
1 9 1 6
1 10 7 26
1 11 33 1
1 12 97 13
1 16 127 1
1 17 33 6
1 18 90 1
1 19 1 2
1 20 19 13
1 23 18 1
1 24 75 1
2 0 3 12
2 3 60 5
2 5 2 3
2 6 197 1
2 7 6 2
2 8 26 18
2 9 66 1
2 10 58 1
2 12 1 14
2 16 3 17
2 17 2 15
2 20 37 3
2 26 11 4
3 0 15 1
3 1 82 19
3 2 16 12
3 4 16 18
3 5 107 1
3 6 201 29
3 7 4 19
3 8 49 8
3 9 1 11
3 10 2 6
3 14 39 1
3 15 1 18
3 16 34 1
3 17 2 20
3 20 1 11
3 24 74 1
4 0 2 3
4 1 55 6
4 2 7 23
4 3 39 2
4 5 14 8
4 6 6 1
4 8 1 23
4 9 173 1
4 16 2 1
4 17 231 1
4 18 157 1
4 22 2 13
5 0 16 1
5 1 25 2
5 3 13 2
5 4 2 26
5 6 49 10
5 7 108 1
5 8 36 8
5 9 12 4
5 10 24 1
5 12 71 1
5 13 1 7
5 16 13 9
5 20 1 1
5 23 6 26
5 24 33 1
6 0 4 4
6 1 31 21
6 2 4 9
6 3 141 2
6 4 1 12
6 5 56 10
6 7 402 1
6 8 41 22
6 9 132 1
6 10 83 19
6 11 152 1
6 12 2 27
6 15 21 1
6 17 1 6
6 18 1 22
6 19 1 29
6 23 54 1
6 25 114 1
7 0 283 1
7 1 150 2
7 3 197 1
7 6 4 21
7 8 334 1
7 10 382 1
7 11 260 1
7 13 1 2
7 15 282 1
7 16 10 1
7 17 165 1
7 20 156 2
7 23 1 19
7 25 235 2
7 27 152 3
8 0 9 2
8 1 143 1
8 2 23 21
8 3 15 26
8 5 4 9
8 7 7 11
8 9 16 14
8 10 292 29
8 11 250 1
8 14 163 7
8 16 103 6
8 17 80 2
8 24 227 1
8 27 1 21
9 1 1 3
9 4 177 1
9 6 3 1
9 7 1 9
9 8 5 8
9 10 6 17
9 12 13 13
9 13 69 4
9 14 8 15
9 17 1 29
9 19 1 24
9 20 107 7
9 25 2 19
9 26 14 21
10 2 112 1
10 5 1 1
10 6 18 10
10 7 1 15
10 8 127 1
10 9 16 19
10 11 14 27
10 12 182 1
10 13 3 6
10 14 78 1
10 15 5 2
10 17 1 25
10 20 102 3
10 23 1 2
10 24 18 4
10 26 65 8
10 27 116 2
11 2 49 1
11 3 1 9
11 5 166 28
11 6 105 22
11 9 35 21
11 10 324 1
11 13 2 6
11 14 37 1
11 15 61 18
11 18 88 1
11 20 166 1
11 21 28 2
11 24 156 1
11 25 18 10
11 27 2 6
12 0 100 1
12 4 179 13
12 6 27 3
12 9 216 1
12 10 39 2
12 11 41 2
12 18 1 28
12 21 1 1
12 23 36 5
13 4 77 1
13 6 3 6
13 8 1 20
13 9 2 1
13 10 7 13
13 11 6 14
13 18 1 2
14 4 1 2
14 8 46 1
14 9 64 2
14 10 109 23
14 12 1 11
14 13 2 25
14 15 6 9
14 23 1 22
14 24 29 1
14 25 10 1
14 27 7 5
15 0 1 7
15 7 184 1
15 8 1 19
15 10 1 22
15 11 31 24
15 12 28 1
15 14 14 1
15 17 65 2
15 22 1 8
15 25 10 2
16 0 43 1
16 1 16 1
16 3 82 1
16 4 36 2
16 5 9 15
16 6 106 3
16 8 29 15
16 17 1 28
16 18 1 25
16 24 46 1
16 26 26 5
17 1 2 16
17 3 78 29
17 4 12 3
17 5 71 1
17 9 102 1
17 11 17 4
17 16 4 26
17 19 53 1
18 2 42 2
18 3 1 4
18 4 112 1
18 5 17 1
18 6 2 21
18 8 16 1
18 10 3 1
18 11 1 7
18 16 1 21
18 26 1 16
18 27 2 8
19 1 26 17
19 4 112 10
19 8 60 4
19 13 4 1
19 20 22 22
20 0 2 13
20 8 18 1
20 9 81 1
20 11 2 9
20 14 2 23
20 19 35 1
20 24 57 6
20 27 1 6
21 3 15 16
21 17 50 8
21 20 28 13
21 22 1 22
22 6 72 1
22 7 75 2
22 8 15 27
22 11 6 25
23 1 1 12
23 2 10 14
23 4 11 8
23 7 4 1
23 8 15 19
23 9 41 1
23 10 1 17
23 11 19 1
23 14 24 9
23 19 1 15
23 22 7 27
24 0 118 1
24 1 56 20
24 2 22 5
24 3 31 1
24 4 2 11
24 5 37 3
24 6 13 3
24 8 175 1
24 10 15 11
24 11 1 3
24 16 9 1
24 18 2 23
25 7 1 18
25 11 293 1
25 20 5 29
25 27 45 1
26 4 14 21
26 5 3 25
26 6 1 16
26 8 1 28
26 9 4 5
26 10 2 8
26 11 23 9
26 20 23 2
26 27 2 23
27 0 4 14
27 1 1 26
27 7 159 1
27 8 1 20
27 10 82 1
27 13 1 1
27 20 61 14
27 25 20 2
