0 1 12 21
0 3 13 27
0 4 109 1
0 5 15 5
0 6 1 22
0 8 14 18
0 14 53 5
0 16 14 27
0 17 226 1
0 19 1 14
0 24 14 23
0 25 2 8
1 0 13 12
1 2 4 11
1 3 15 21
1 4 3 1
1 5 16 29
1 6 2 7
1 8 16 6
1 10 185 1
1 14 105 1
1 16 14 19
1 17 3 3
1 20 28 1
1 24 15 15
1 26 30 1
2 0 1 18
2 3 4 13
2 4 180 2
2 6 272 2
2 8 396 1
2 9 1 22
2 10 137 1
2 12 4 1
2 17 191 10
2 20 1 23
3 0 41 9
3 1 16 17
3 2 4 25
3 5 14 10
3 8 16 19
3 11 248 1
3 14 1 8
3 16 15 15
3 17 65 1
3 19 4 2
3 20 30 1
3 24 15 2
4 0 267 1
4 1 5 15
4 2 1 16
4 3 1 15
4 5 43 1
4 6 77 1
4 8 1 29
4 9 107 1
4 10 1 8
4 11 65 1
4 13 7 5
4 15 1 20
4 18 147 1
4 25 1 21
4 27 36 3
5 0 15 6
5 1 14 12
5 2 32 3
5 3 14 26
5 4 135 1
5 6 106 1
5 8 17 18
5 10 238 1
5 11 2 10
5 12 1 24
5 13 3 1
5 15 19 4
5 16 15 3
5 20 6 8
5 24 15 23
6 0 1 28
6 2 2 19
6 4 21 1
6 5 288 1
6 7 272 1
6 8 444 9
6 9 3 6
6 10 2 11
6 11 1 4
6 12 205 1
6 17 34 1
6 18 127 3
6 20 116 1
6 21 14 1
7 0 9 1
7 3 3 29
7 4 143 17
7 5 2 11
7 6 3 6
7 8 4 16
7 11 47 1
7 13 30 1
7 14 7 5
7 17 1 15
7 19 123 2
7 20 1 19
7 25 187 1
8 0 14 25
8 1 17 6
8 2 84 1
8 3 33 14
8 4 389 1
8 5 14 19
8 6 11 17
8 7 332 1
8 9 3 4
8 10 288 1
8 11 17 1
8 13 7 1
8 14 265 2
8 16 30 12
8 17 1 24
8 18 29 3
8 22 21 6
8 23 70 4
8 24 29 18
9 0 107 3
9 1 108 1
9 4 110 1
9 5 429 1
9 6 68 1
9 7 14 1
9 8 2 11
9 12 1 26
9 14 1 28
9 15 98 5
9 18 111 1
9 23 20 1
10 3 36 2
10 4 303 5
10 5 1 28
10 6 8 27
10 8 5 29
10 9 107 1
10 11 3 23
10 12 1 22
10 13 1 23
10 14 2 9
10 15 1 14
10 16 94 8
10 17 78 2
10 22 117 3
10 23 79 1
10 24 117 2
10 25 171 2
11 0 1 3
11 1 1 27
11 2 1 15
11 3 1 10
11 4 14 6
11 6 142 1
11 7 63 1
11 8 1 4
11 9 150 1
11 10 165 1
11 13 171 1
11 14 31 1
11 15 4 15
11 23 81 1
11 24 177 1
11 25 159 1
11 26 32 1
12 4 22 1
12 5 96 1
12 6 1 28
12 8 190 2
12 9 332 1
12 10 1 4
12 11 194 26
12 14 1 10
12 20 85 2
12 21 4 2
12 22 1 12
12 27 44 14
13 8 101 1
13 10 185 1
13 16 8 6
13 17 5 16
13 18 5 10
13 27 1 17
14 0 68 2
14 6 36 1
14 8 1 1
14 9 14 2
14 10 52 1
14 11 340 1
14 12 1 18
14 17 1 26
14 18 1 6
15 6 1 12
15 7 234 1
15 8 149 1
15 11 2 13
15 12 1 13
15 14 97 1
16 0 15 5
16 1 30 1
16 3 15 4
16 4 1 13
16 5 14 19
16 8 350 13
16 18 1 19
16 22 24 1
16 24 14 9
16 26 18 5
17 0 2 4
17 1 2 28
17 2 17 1
17 3 73 3
17 5 80 22
17 9 1 20
17 10 207 1
17 13 25 11
17 20 52 3
17 23 16 1
18 1 52 2
18 3 59 2
18 4 103 1
18 5 1 26
18 6 107 1
18 7 60 1
18 10 1 24
18 11 17 1
18 16 1 17
18 21 24 5
18 23 29 9
19 0 56 1
19 2 34 19
19 8 1 18
19 20 135 1
20 2 47 2
20 3 1 6
20 4 84 1
20 7 1 11
20 10 157 1
20 12 64 1
20 19 5 28
20 21 40 20
20 23 47 2
21 10 1 28
21 12 96 12
22 4 39 6
22 5 7 21
22 12 31 3
22 23 1 26
23 11 11 1
23 15 1 16
23 26 1 8
24 0 15 8
24 1 15 6
24 2 1 6
24 3 15 11
24 5 15 28
24 6 115 14
24 7 1 23
24 8 32 22
24 10 94 3
24 16 14 29
25 7 1 3
25 10 89 1
25 11 3 7
25 14 3 3
25 15 1 20
25 22 1 13
26 7 88 1
26 10 1 8
26 15 23 1
27 3 10 6
27 6 74 10
27 8 9 2
27 12 33 13
27 25 42 1
27 26 1 19
