0 1 98 1
0 3 20 1
0 4 6 2
0 5 41 1
0 6 1 8
0 7 82 1
0 8 33 1
0 10 39 1
0 11 150 6
0 16 211 3
0 17 1 16
0 19 1 11
0 24 72 1
0 27 2 29
1 0 16 2
1 2 14 16
1 3 155 1
1 4 346 1
1 5 254 1
1 6 15 4
1 7 216 2
1 8 63 1
1 9 85 18
1 10 3 24
1 11 31 1
1 13 82 9
1 15 1 3
1 16 24 1
1 17 5 29
1 18 86 2
1 19 1 17
1 20 2 18
1 22 1 15
1 23 17 4
1 24 33 27
1 25 46 1
2 0 4 1
2 1 1 2
2 3 5 5
2 6 28 1
2 7 4 1
2 8 9 19
2 10 24 1
2 11 189 2
2 12 2 23
2 17 1 29
2 20 35 3
2 25 1 17
2 26 11 17
3 0 147 15
3 1 131 1
3 2 27 24
3 4 10 1
3 5 153 10
3 7 1 12
3 8 2 17
3 9 2 13
3 10 1 29
3 16 8 1
3 17 35 16
3 18 31 5
3 19 3 2
3 20 76 2
3 24 77 19
3 26 1 26
4 0 155 24
4 1 1 13
4 2 2 1
4 5 114 3
4 8 2 20
4 9 162 1
4 11 1 9
4 12 8 1
4 13 3 22
4 17 227 1
4 18 147 1
4 20 3 25
4 22 1 10
4 23 54 8
4 24 31 7
5 0 172 1
5 1 13 1
5 2 73 5
5 3 6 2
5 4 101 3
5 6 153 1
5 7 103 1
5 8 18 6
5 9 7 21
5 10 61 1
5 11 28 2
5 12 67 2
5 13 2 13
5 15 1 16
5 16 14 1
5 18 1 5
5 22 1 20
5 24 85 1
6 1 24 24
6 2 1 5
6 3 136 1
6 4 2 3
6 5 6 9
6 7 391 1
6 8 89 8
6 9 110 1
6 10 4 24
6 11 146 1
6 12 1 29
6 18 1 2
6 21 1 26
6 23 53 2
6 27 3 20
7 0 276 1
7 1 144 1
7 2 2 3
7 3 179 1
7 4 131 1
7 6 21 5
7 8 306 1
7 10 374 1
7 11 38 1
7 13 1 12
7 15 15 1
7 17 163 3
7 22 105 1
7 23 18 10
7 24 85 1
7 25 232 2
7 26 68 3
7 27 151 3
8 0 191 1
8 1 140 1
8 2 18 12
8 3 184 1
8 4 3 13
8 5 136 4
8 6 7 8
8 7 11 1
8 9 25 14
8 10 76 1
8 11 239 1
8 12 8 6
8 13 15 11
8 14 165 9
8 16 76 1
8 17 77 1
8 18 7 3
8 22 1 17
8 24 16 15
8 25 62 3
9 0 1 16
9 2 1 25
9 4 166 1
9 6 69 22
9 8 1 14
9 10 377 16
9 12 309 7
9 18 1 6
9 20 107 6
9 21 1 28
9 27 64 8
10 1 2 26
10 2 105 1
10 5 1 21
10 6 3 28
10 7 2 26
10 8 56 1
10 9 9 10
10 11 2 11
10 12 177 1
10 13 1 22
10 14 64 2
10 15 5 18
10 17 1 6
10 18 57 3
10 20 101 1
10 22 1 29
10 23 7 14
10 24 1 18
10 25 1 6
11 2 45 1
11 3 2 20
11 6 1 17
11 7 2 20
11 8 27 1
11 9 2 23
11 10 309 1
11 13 2 25
11 14 31 2
11 15 4 23
11 23 4 4
11 24 146 1
11 25 69 25
11 27 52 15
12 4 1 1
12 6 25 1
12 7 137 1
12 8 1 11
12 9 204 1
12 11 40 1
12 13 124 1
12 18 24 25
12 19 53 24
12 24 35 1
12 27 6 1
13 6 1 22
13 7 8 10
13 12 2 10
13 14 24 1
13 18 27 20
13 20 1 11
14 4 1 26
14 7 1 28
14 8 42 1
14 9 61 2
14 10 12 5
14 11 148 29
14 13 8 21
14 15 1 26
14 20 14 26
14 24 1 8
15 0 1 24
15 3 2 26
15 6 71 1
15 7 177 1
15 9 21 1
15 10 32 28
15 11 8 16
15 12 26 5
15 14 9 2
15 18 36 22
15 21 1 28
15 24 21 21
15 26 13 18
15 27 21 17
16 0 62 1
16 1 254 1
16 3 55 1
16 5 98 1
16 6 105 2
16 8 135 1
16 9 4 15
16 18 3 14
16 21 3 24
16 24 158 24
17 0 11 2
17 1 70 15
17 3 1 12
17 4 10 2
17 6 35 24
17 12 3 1
17 14 5 1
17 15 24 3
17 16 7 2
17 19 52 1
17 27 1 17
18 1 16 11
18 4 103 1
18 6 1 3
18 8 14 3
18 11 1 12
18 13 3 25
18 15 1 13
18 16 1 24
18 17 1 2
18 21 30 12
19 6 68 1
19 8 59 1
19 15 3 22
19 20 3 16
19 25 1 23
20 0 4 15
20 1 1 25
20 4 1 3
20 6 87 1
20 7 7 2
20 9 80 1
20 12 3 3
20 16 2 29
20 19 27 1
20 24 57 1
20 25 55 12
21 0 35 29
21 7 1 16
21 8 26 5
21 11 2 15
21 13 1 26
22 6 71 5
22 15 1 9
22 17 23 12
22 18 1 14
22 26 12 5
23 2 5 15
23 10 1 17
23 11 180 1
23 12 44 1
23 14 6 24
23 15 9 1
23 17 48 1
24 0 231 1
24 1 123 4
24 5 16 9
24 8 20 1
24 16 218 1
24 23 1 13
24 25 2 1
25 1 38 7
25 2 1 6
25 3 1 23
25 7 3 5
25 8 79 1
25 9 76 1
25 10 150 1
25 11 85 1
25 24 8 1
25 27 43 1
26 6 1 11
26 7 1 16
26 10 1 27
26 11 2 13
26 15 7 2
26 18 17 2
26 24 5 22
26 27 1 27
27 5 4 13
27 7 157 1
27 8 6 20
27 10 81 1
27 11 3 2
27 14 5 1
27 26 12 18
