0 1 121 8
0 3 181 6
0 5 358 1
0 6 6 28
0 7 78 1
0 8 16 1
0 16 171 1
0 17 13 3
0 19 18 10
0 20 55 1
0 24 19 1
0 26 2 14
1 0 82 14
1 2 17 26
1 3 107 1
1 4 332 1
1 5 46 1
1 6 226 9
1 8 20 1
1 9 59 11
1 10 1 2
1 12 1 12
1 15 4 8
1 16 74 6
1 19 19 10
1 20 2 28
1 21 2 24
1 23 17 1
1 24 57 21
2 0 4 14
2 1 1 7
2 3 8 4
2 4 5 15
2 6 22 1
2 7 3 1
2 8 2 2
2 9 62 1
2 13 2 18
2 16 15 1
2 17 7 7
2 20 34 1
2 24 1 3
2 26 1 8
3 0 22 21
3 1 43 1
3 2 22 24
3 5 68 1
3 6 8 1
3 7 5 16
3 8 89 14
3 10 1 8
3 16 154 1
3 17 1 4
3 18 31 4
3 20 75 1
3 24 62 25
4 0 5 1
4 1 139 2
4 2 2 26
4 6 1 2
4 8 2 4
4 9 155 1
4 11 5 10
4 12 7 5
4 14 111 5
4 15 1 2
4 17 224 1
4 18 140 1
4 20 5 7
5 0 108 1
5 1 365 1
5 2 72 3
5 3 140 2
5 4 2 4
5 6 79 14
5 7 99 1
5 8 3 11
5 9 59 17
5 10 20 22
5 11 27 4
5 13 11 14
5 16 57 8
5 17 149 1
5 18 1 14
5 22 2 11
5 24 257 1
6 1 6 16
6 2 2 13
6 3 132 1
6 4 2 21
6 5 123 16
6 7 383 1
6 8 7 20
6 9 98 1
6 10 239 9
6 11 141 1
6 12 15 28
6 13 92 5
6 18 28 6
6 19 20 4
6 22 25 28
6 25 9 4
6 26 4 10
7 0 271 1
7 1 139 1
7 3 164 1
7 4 128 2
7 5 1 8
7 6 26 1
7 8 404 1
7 10 369 1
7 11 50 1
7 15 12 1
7 17 162 1
7 18 15 5
7 20 150 2
7 22 104 26
7 23 1 20
7 24 82 4
7 25 231 2
8 0 5 21
8 1 129 1
8 2 11 17
8 3 64 1
8 4 257 29
8 5 146 1
8 6 6 1
8 7 5 1
8 9 3 17
8 10 59 1
8 11 231 1
8 12 20 17
8 13 146 25
8 14 4 29
8 16 179 1
8 17 74 2
8 19 1 27
8 21 24 3
8 22 1 23
8 23 2 10
8 24 186 1
8 25 61 1
9 0 1 21
9 2 32 14
9 3 127 9
9 4 159 1
9 5 1 16
9 6 3 19
9 8 9 26
9 10 306 22
9 12 4 10
9 14 1 13
9 15 2 8
9 17 2 10
9 18 2 18
9 22 3 10
9 26 27 23
10 0 2 11
10 2 100 1
10 3 3 2
10 5 2 1
10 6 7 7
10 7 48 1
10 8 110 1
10 9 3 19
10 11 3 20
10 12 173 1
10 13 2 27
10 14 56 1
10 15 11 28
10 18 56 1
10 20 99 1
10 21 16 1
10 23 33 27
10 24 1 8
10 26 64 4
11 0 15 3
11 2 43 1
11 3 1 5
11 4 25 24
11 5 2 28
11 6 1 4
11 7 2 28
11 8 23 2
11 9 1 15
11 10 206 1
11 14 28 1
11 15 4 17
11 19 23 5
11 20 162 4
11 22 110 3
11 23 3 8
11 24 139 1
11 25 20 11
11 27 1 6
12 0 98 5
12 1 28 4
12 2 1 13
12 3 3 2
12 4 17 1
12 9 194 1
12 10 33 2
12 11 38 3
12 13 120 1
12 16 33 8
12 23 35 1
12 26 1 7
13 4 76 1
13 7 2 1
13 8 19 23
13 9 78 6
13 11 1 1
13 12 1 11
13 14 21 1
13 15 1 20
13 19 1 5
13 24 2 10
13 27 1 23
14 7 15 16
14 9 59 1
14 10 32 9
14 11 2 12
14 12 4 17
14 13 2 25
14 15 6 13
14 17 63 4
14 24 3 23
15 0 3 18
15 1 33 19
15 2 16 2
15 3 1 17
15 4 54 1
15 7 172 1
15 9 20 1
15 10 2 4
15 11 4 9
15 12 25 1
15 14 8 1
15 23 6 1
16 0 7 9
16 1 31 7
16 3 293 1
16 5 46 1
16 6 104 5
16 8 99 1
16 9 2 1
16 12 2 7
16 13 26 28
16 14 10 2
16 18 2 10
16 20 1 13
16 24 28 6
17 1 5 16
17 8 9 2
17 9 99 1
17 10 5 7
17 14 4 4
17 16 19 4
17 20 8 8
17 23 1 26
18 1 3 16
18 2 41 2
18 4 96 1
18 6 8 10
18 7 1 9
18 8 13 5
18 9 44 1
18 11 15 21
18 13 8 26
18 14 1 12
18 16 1 7
18 20 61 3
18 24 4 5
18 26 1 24
19 10 61 3
19 12 1 24
19 17 28 25
19 18 2 1
19 24 7 13
20 0 22 9
20 2 40 17
20 9 79 1
20 14 1 8
20 19 21 1
20 21 34 29
21 7 34 2
21 8 26 3
21 9 1 26
21 12 8 5
21 19 7 24
21 20 11 26
22 0 36 12
22 5 1 26
22 6 70 2
22 10 121 4
22 11 1 14
22 17 8 26
22 26 12 6
23 1 1 11
23 7 156 2
23 8 3 9
23 15 15 7
23 20 20 4
24 0 15 8
24 1 95 1
24 3 30 1
24 5 6 27
24 6 12 1
24 7 1 19
24 8 45 22
24 9 1 26
24 10 57 6
24 11 1 14
24 14 9 22
24 16 227 1
25 0 1 11
25 2 1 23
25 5 18 4
25 7 5 5
25 8 77 3
25 9 75 3
25 10 1 11
25 11 72 1
25 12 17 2
25 15 1 25
25 18 1 26
25 20 40 22
26 0 1 6
26 6 1 1
26 9 1 20
26 11 1 13
26 12 1 4
26 15 7 2
26 21 1 2
26 24 1 21
26 25 2 1
27 1 1 19
27 2 7 20
27 3 4 12
27 8 40 9
27 9 69 28
27 25 16 4
27 26 15 7
