0 1 49 1
0 2 1 1
0 3 105 2
0 4 69 1
0 5 24 2
0 6 1 14
0 7 66 1
0 8 60 1
0 12 117 2
0 16 107 1
0 17 4 4
0 18 1 14
0 19 15 8
0 20 45 1
0 23 32 1
0 24 150 1
0 26 26 1
1 0 44 29
1 2 5 22
1 3 26 28
1 4 303 1
1 5 124 1
1 6 2 22
1 7 70 1
1 8 68 1
1 9 99 5
1 10 1 20
1 11 25 1
1 12 54 29
1 13 81 3
1 15 1 7
1 16 255 1
1 18 78 1
1 19 2 21
1 20 3 17
1 21 45 10
1 23 16 1
1 24 8 2
2 0 15 21
2 1 4 8
2 3 85 8
2 6 188 1
2 8 57 2
2 9 58 1
2 10 230 1
2 11 180 2
2 12 1 3
2 13 2 1
2 15 1 29
2 17 1 20
2 19 1 20
2 25 19 29
3 0 69 1
3 1 95 1
3 2 25 8
3 4 1 6
3 5 211 1
3 6 2 2
3 8 37 22
3 16 46 1
3 17 109 18
3 18 29 4
3 20 68 2
3 24 3 12
3 25 9 8
3 27 1 15
4 0 29 10
4 1 224 1
4 2 1 24
4 5 219 6
4 8 1 9
4 9 135 1
4 10 1 17
4 11 9 14
4 15 5 14
4 16 144 1
4 17 216 1
4 18 122 1
4 20 3 23
5 0 74 1
5 1 262 1
5 3 122 1
5 4 209 18
5 6 2 17
5 8 12 17
5 9 1 21
5 10 46 1
5 12 58 1
5 13 2 24
5 15 1 9
5 16 141 1
5 18 2 10
5 24 4 28
6 1 3 18
6 2 4 16
6 4 1 29
6 5 4 1
6 7 361 1
6 8 50 9
6 9 8 1
6 10 4 3
6 11 130 1
6 12 1 25
6 14 1 24
6 15 17 1
6 16 8 6
6 18 1 5
6 19 1 1
6 22 7 7
7 0 257 1
7 1 127 1
7 3 128 1
7 4 121 1
7 6 2 26
7 8 62 1
7 10 353 1
7 11 200 1
7 12 31 6
7 14 3 1
7 15 5 1
7 17 8 1
7 18 14 3
7 19 1 29
7 21 11 13
7 23 4 14
7 24 77 1
7 25 41 1
7 26 65 4
7 27 147 2
8 0 118 1
8 1 208 17
8 2 3 21
8 3 144 1
8 5 204 1
8 6 40 9
8 7 1 1
8 9 1 4
8 10 156 24
8 11 210 1
8 13 2 2
8 14 13 5
8 15 95 7
8 16 27 1
8 17 68 1
8 23 5 27
8 24 110 4
8 25 56 1
9 0 10 21
9 1 19 26
9 4 139 1
9 5 4 4
9 6 41 21
9 7 1 4
9 8 19 1
9 10 18 1
9 14 2 16
9 15 10 4
9 21 3 8
9 23 12 16
10 2 88 1
10 6 3 6
10 7 1 23
10 8 63 1
10 9 19 7
10 11 6 20
10 13 4 20
10 14 35 1
10 15 7 10
10 17 1 1
10 18 53 1
10 19 1 5
10 20 96 1
10 21 14 2
10 22 1 5
10 24 60 26
10 25 1 21
11 2 37 1
11 4 29 15
11 6 2 27
11 7 7 5
11 8 15 1
11 9 1 20
11 10 177 1
11 12 4 21
11 13 4 12
11 14 19 1
11 15 78 16
11 19 22 1
11 22 107 1
11 24 121 1
11 25 81 26
11 27 53 22
12 0 96 3
12 1 25 5
12 2 1 1
12 6 18 1
12 8 31 13
12 9 171 1
12 11 35 2
12 13 110 1
12 18 1 10
12 21 88 19
12 25 5 16
13 4 74 1
13 8 43 27
13 10 5 2
13 11 1 17
13 12 1 18
13 14 22 2
13 21 6 2
13 22 1 3
13 24 1 25
14 4 2 9
14 7 3 4
14 8 31 1
14 9 121 2
14 10 34 3
14 13 3 11
14 15 8 26
14 25 8 2
14 27 1 19
15 2 15 7
15 6 67 1
15 7 54 6
15 8 4 20
15 10 5 20
15 11 7 22
15 14 3 1
15 22 3 17
15 26 13 1
15 27 21 1
16 0 91 1
16 1 66 1
16 3 156 1
16 4 29 2
16 5 63 1
16 8 95 1
16 9 1 4
16 10 117 19
16 11 2 11
16 17 81 12
16 18 2 26
16 19 9 1
16 20 1 10
16 22 16 22
16 24 49 1
16 27 27 6
17 1 5 24
17 2 176 1
17 6 243 3
17 8 7 1
17 9 95 1
17 13 2 14
17 15 22 10
17 16 130 12
17 18 5 1
17 19 48 4
17 20 1 16
17 24 70 1
17 25 3 1
18 0 95 2
18 1 1 16
18 4 80 1
18 5 13 1
18 6 66 16
18 16 102 14
19 1 1 1
19 2 1 7
19 4 110 2
19 10 105 1
19 11 75 2
19 20 55 1
19 22 1 28
19 24 7 2
20 0 1 23
20 1 13 15
20 5 44 4
20 6 82 4
20 8 12 4
20 11 205 3
20 12 3 2
20 13 2 13
20 24 10 1
21 3 14 9
21 11 2 10
21 16 21 19
21 22 1 4
22 9 17 6
22 11 7 18
22 12 9 20
22 15 1 9
22 20 3 21
22 27 1 1
23 0 43 3
23 1 1 23
23 6 47 20
23 11 169 1
23 14 23 2
23 18 17 3
23 19 1 12
24 0 43 1
24 3 128 1
24 5 208 1
24 8 37 1
24 10 1 12
24 11 1 2
24 15 3 25
24 16 119 1
24 27 11 26
25 6 9 16
25 7 3 14
25 9 73 2
25 11 37 24
25 14 36 4
25 15 1 14
25 20 1 29
25 27 17 7
26 0 2 8
26 5 3 3
26 11 3 9
26 19 6 5
26 20 21 20
27 1 1 27
27 11 4 22
27 22 1 2
27 26 13 5
