0 1 17 20
0 3 15 6
0 4 254 1
0 5 13 23
0 6 2 17
0 7 36 1
0 8 14 22
0 9 7 22
0 11 276 4
0 12 112 1
0 15 1 19
0 16 23 1
0 19 8 2
0 20 35 1
0 24 37 20
1 0 18 26
1 2 41 13
1 3 78 19
1 4 205 1
1 5 14 24
1 6 300 21
1 7 57 1
1 8 16 8
1 9 78 24
1 10 6 7
1 11 14 1
1 14 1 15
1 16 27 5
1 18 59 1
1 19 2 14
1 20 47 1
1 22 1 21
1 23 13 2
1 24 19 1
1 25 38 1
2 0 4 27
2 1 5 7
2 3 70 3
2 5 1 24
2 6 141 1
2 8 274 11
2 9 44 2
2 10 209 1
2 11 158 1
2 16 1 28
2 17 1 28
2 22 1 27
3 0 15 5
3 1 21 24
3 2 25 1
3 4 1 19
3 5 38 13
3 6 210 1
3 7 377 1
3 8 16 21
3 10 18 25
3 11 281 1
3 14 34 1
3 16 50 25
3 24 55 13
3 25 39 22
4 1 208 1
4 2 5 12
4 3 17 1
4 5 213 1
4 6 3 17
4 7 1 4
4 8 18 27
4 9 80 1
4 10 6 14
4 11 1 10
4 12 206 1
4 13 18 14
4 14 106 1
4 15 93 9
4 16 35 4
4 18 70 1
5 0 14 19
5 1 12 24
5 3 13 6
5 4 14 13
5 6 75 1
5 7 61 2
5 8 23 23
5 9 7 2
5 10 197 1
5 11 150 24
5 12 38 1
5 15 9 7
5 16 13 16
5 18 8 13
5 19 1 4
5 20 8 21
5 22 6 3
5 24 23 10
5 26 1 15
6 1 2 21
6 2 3 27
6 3 90 1
6 4 2 28
6 5 302 1
6 7 289 1
6 8 352 1
6 9 17 1
6 11 96 2
6 12 1 13
6 13 81 1
6 15 11 2
6 18 21 1
6 19 1 9
6 21 1 20
6 22 1 29
6 23 46 1
7 0 214 1
7 1 92 1
7 3 41 1
7 4 99 1
7 5 1 21
7 6 11 9
7 8 270 1
7 9 2 26
7 10 302 1
7 11 7 1
7 15 239 1
7 17 153 2
7 18 10 1
7 20 123 2
7 21 11 17
7 23 3 1
7 24 122 2
7 25 25 1
7 26 58 2
8 0 14 28
8 1 17 1
8 2 4 27
8 3 19 27
8 4 16 23
8 5 10 26
8 6 84 26
8 7 1 20
8 9 184 1
8 10 209 1
8 11 148 1
8 12 4 28
8 14 1 20
8 16 28 14
8 18 1 5
8 20 5 6
8 22 2 7
8 23 4 1
8 24 22 15
9 0 2 3
9 1 298 2
9 3 120 3
9 4 84 1
9 5 5 7
9 6 3 3
9 8 2 29
9 10 347 1
9 11 1 17
9 12 72 20
9 13 55 1
9 16 68 8
9 20 17 27
9 22 3 7
9 23 4 4
9 25 2 3
10 1 2 6
10 2 53 1
10 3 129 2
10 5 4 16
10 6 63 15
10 7 8 20
10 9 7 3
10 11 28 19
10 12 130 2
10 13 2 14
10 15 26 4
10 17 2 15
10 20 85 4
10 22 4 20
10 23 1 8
10 24 1 29
10 25 1 13
10 27 105 1
11 3 3 12
11 4 26 25
11 7 62 5
11 8 1 2
11 9 36 24
11 10 275 1
11 12 1 9
11 13 1 23
11 15 113 14
11 17 178 5
11 19 16 7
11 20 147 1
11 23 218 3
11 24 69 1
11 25 104 10
11 26 3 25
12 1 17 3
12 6 7 1
12 8 1 28
12 9 103 1
12 10 12 1
12 13 79 1
12 14 1 23
12 18 27 5
12 22 1 7
13 0 12 1
13 4 71 2
13 7 4 2
13 8 8 27
13 10 6 1
13 11 4 20
13 12 65 16
13 14 5 1
13 15 10 13
13 17 25 27
13 22 1 11
13 24 1 27
13 27 12 18
14 6 166 25
14 7 12 19
14 11 143 1
14 12 1 6
14 13 21 11
14 15 3 2
14 16 2 20
14 20 1 27
15 2 13 1
15 4 47 1
15 7 140 1
15 8 25 11
15 9 11 1
15 10 44 25
15 11 1 2
15 12 16 2
15 14 12 2
15 19 8 3
15 23 1 1
15 26 12 2
16 0 26 10
16 1 14 3
16 2 1 11
16 3 14 23
16 4 19 1
16 5 13 17
16 8 13 24
16 10 116 1
16 17 78 1
16 18 1 24
16 24 13 15
17 1 227 14
17 2 159 1
17 3 4 25
17 7 1 22
17 8 1 3
17 9 82 1
17 10 1 12
17 11 154 3
17 14 2 15
17 15 19 7
17 16 164 12
17 19 41 3
17 20 1 23
17 21 1 9
18 0 85 1
18 4 37 1
18 5 9 1
18 7 2 1
18 8 6 1
18 11 9 16
18 13 3 13
18 17 135 7
18 19 34 29
18 23 12 5
18 25 33 1
19 0 3 26
19 1 1 24
19 7 2 28
19 12 1 21
19 13 3 1
19 15 3 16
19 17 1 26
19 20 48 1
19 21 4 2
19 25 14 20
20 0 1 19
20 1 3 2
20 3 1 15
20 4 11 21
20 5 39 5
20 6 71 1
20 11 203 7
20 19 2 7
20 27 60 16
21 9 12 12
21 16 21 19
21 17 48 18
22 18 2 27
22 25 1 1
23 0 39 8
23 8 95 27
23 11 144 1
23 18 16 22
23 20 17 1
23 22 6 2
23 26 18 19
24 0 14 13
24 1 24 6
24 3 28 23
24 5 13 1
24 7 10 21
24 8 13 7
24 9 1 9
24 10 32 13
24 11 9 17
24 15 1 25
24 16 13 12
24 23 2 8
24 26 57 3
24 27 3 9
25 0 25 17
25 7 6 3
25 8 58 1
25 9 68 1
25 11 179 1
25 13 2 2
25 27 34 28
26 3 5 25
26 5 2 3
26 6 30 5
26 7 1 21
26 16 4 10
26 21 1 4
26 25 13 4
26 27 2 21
27 3 1 25
27 8 1 17
27 10 68 1
27 14 3 2
27 21 10 29
27 26 13 29
