0 1 40 2
0 2 2 9
0 3 52 25
0 4 248 2
0 5 16 6
0 6 3 15
0 7 29 1
0 8 33 21
0 10 19 2
0 11 274 1
0 16 46 28
0 17 1 29
0 19 1 29
0 20 27 1
0 21 1 11
0 22 3 21
0 24 47 23
1 0 43 22
1 2 4 25
1 3 34 27
1 4 167 1
1 5 17 3
1 6 4 11
1 7 47 1
1 8 18 2
1 10 10 11
1 12 3 8
1 14 2 13
1 16 17 19
1 17 364 13
1 18 55 1
1 19 45 19
1 22 1 22
1 24 35 18
2 0 1 10
2 1 19 12
2 3 8 22
2 4 1 1
2 5 1 19
2 6 127 1
2 7 2 4
2 8 274 1
2 10 199 1
2 11 151 2
2 12 1 10
2 17 1 20
2 24 2 17
3 0 154 6
3 1 22 10
3 2 179 1
3 5 24 1
3 6 203 1
3 7 133 4
3 8 18 20
3 9 114 19
3 10 3 2
3 16 17 3
3 17 1 1
3 18 24 1
3 20 97 1
3 24 16 1
3 25 7 16
4 0 1 8
4 1 208 1
4 2 1 15
4 5 196 1
4 6 6 15
4 8 2 24
4 9 67 1
4 10 4 1
4 17 183 1
4 18 58 1
4 20 8 14
5 0 17 16
5 1 15 11
5 3 122 27
5 4 414 1
5 6 64 1
5 7 54 1
5 8 57 7
5 9 253 1
5 10 184 1
5 12 33 3
5 15 1 14
5 16 69 18
5 17 138 5
5 24 43 10
6 1 20 20
6 2 4 19
6 3 82 1
6 4 2 13
6 5 205 1
6 7 269 1
6 8 329 1
6 9 6 1
6 11 88 1
6 12 1 28
6 14 2 29
6 18 1 11
6 19 8 9
6 25 6 24
6 26 2 19
7 0 202 1
7 1 83 1
7 2 1 27
7 3 24 1
7 4 94 1
7 5 9 17
7 6 4 13
7 8 225 1
7 10 287 1
7 12 13 16
7 13 7 29
7 14 168 1
7 15 227 1
7 16 4 2
7 17 152 1
7 18 9 1
7 19 5 5
7 22 18 1
7 23 1 1
7 24 116 4
7 26 56 5
8 0 29 5
8 1 225 11
8 2 3 5
8 3 169 7
8 4 264 20
8 5 12 29
8 6 19 28
8 7 7 26
8 10 385 1
8 11 131 1
8 14 1 18
8 15 176 1
8 16 28 23
8 17 46 1
8 18 1 6
8 22 27 15
8 24 16 6
8 25 39 2
8 27 11 12
9 1 295 3
9 2 1 28
9 4 70 1
9 5 14 18
9 6 365 11
9 8 3 4
9 10 278 1
9 12 290 1
9 13 52 2
9 14 1 18
9 15 12 12
9 17 2 22
9 21 36 1
9 27 60 3
10 1 7 20
10 2 45 1
10 3 101 2
10 5 1 8
10 6 60 15
10 7 4 5
10 8 1 6
10 9 14 1
10 11 3 21
10 12 122 1
10 13 1 25
10 15 5 3
10 17 49 2
10 18 42 5
10 22 1 27
10 23 4 10
10 25 2 12
11 0 2 7
11 1 1 6
11 3 8 16
11 5 1 20
11 6 3 28
11 7 10 1
11 9 1 26
11 10 246 1
11 15 2 4
11 20 144 1
11 22 91 1
11 23 214 2
11 24 57 1
11 25 1 12
11 26 1 17
12 1 15 2
12 5 14 1
12 6 4 5
12 7 120 2
12 8 1 8
12 9 86 1
12 10 8 2
12 13 70 1
12 18 2 21
12 21 17 3
12 23 25 6
12 25 5 20
12 26 1 11
13 0 11 6
13 2 2 22
13 7 140 6
13 10 3 1
13 11 7 24
13 15 1 10
13 22 1 13
13 23 10 25
14 0 1 11
14 3 1 13
14 4 1 11
14 6 3 10
14 7 14 27
14 9 97 2
14 10 1 1
14 11 134 1
14 12 1 13
14 13 21 1
14 15 3 21
14 26 24 2
15 0 2 21
15 1 83 2
15 6 54 1
15 7 16 1
15 8 25 28
15 9 9 2
15 10 8 8
15 12 15 1
15 14 6 3
15 24 1 8
15 25 2 6
15 26 11 4
16 0 42 17
16 1 172 21
16 2 1 2
16 3 16 10
16 5 18 14
16 6 93 3
16 8 16 10
16 9 50 12
16 11 1 6
16 12 2 7
16 17 72 1
16 18 1 26
16 24 90 10
16 25 1 2
17 1 6 17
17 2 154 1
17 3 1 27
17 5 48 1
17 6 231 2
17 7 5 29
17 8 1 2
17 13 2 14
17 19 39 1
17 20 6 10
17 22 1 5
17 24 67 4
17 26 44 1
18 1 1 16
18 4 28 1
18 6 1 17
18 8 4 6
18 10 143 1
18 11 9 27
18 12 7 26
18 13 9 29
18 14 2 9
18 15 17 23
18 16 3 6
18 19 1 10
18 20 55 1
19 0 1 2
19 6 53 4
19 8 45 1
19 17 4 11
19 18 3 29
19 20 254 13
20 0 3 24
20 1 2 24
20 4 1 7
20 9 69 5
20 15 3 3
20 16 80 29
20 19 5 24
20 25 1 21
21 3 13 3
21 7 1 22
21 19 7 1
22 12 1 4
22 14 7 4
22 17 8 5
22 18 7 11
22 23 1 21
23 0 38 9
23 11 136 2
23 15 2 25
24 0 41 8
24 1 33 6
24 2 18 1
24 3 58 9
24 5 16 10
24 6 5 13
24 8 49 26
24 11 4 18
24 12 4 8
24 16 16 22
24 22 25 5
25 7 19 22
25 10 9 1
25 11 16 1
25 20 1 21
25 27 9 1
26 0 1 21
26 7 1 16
26 23 1 3
26 24 3 22
26 25 12 3
26 27 1 21
27 2 5 7
27 16 2 4
27 20 59 24
27 24 6 4
27 25 3 1
