0 1 118 29
0 2 6 27
0 3 50 7
0 5 21 22
0 6 15 18
0 7 23 2
0 8 76 2
0 9 7 25
0 10 16 5
0 12 108 5
0 15 30 18
0 16 126 23
0 17 1 27
0 20 40 1
0 21 1 27
0 23 26 6
0 24 27 6
0 27 2 20
1 0 227 22
1 2 186 1
1 3 14 19
1 4 82 1
1 5 14 5
1 6 4 1
1 7 179 1
1 8 43 16
1 9 14 28
1 10 10 12
1 12 1 5
1 14 1 18
1 15 1 16
1 16 14 22
1 18 50 1
1 19 3 25
1 20 8 14
1 21 45 4
1 24 13 21
1 25 34 7
2 0 4 20
2 1 8 3
2 3 29 1
2 4 86 3
2 5 1 29
2 6 113 1
2 7 1 24
2 8 138 9
2 9 37 3
2 10 190 1
2 11 145 1
2 16 1 2
2 17 7 14
2 20 14 1
2 24 3 27
2 26 3 8
3 0 14 6
3 1 13 12
3 2 5 1
3 5 33 21
3 7 118 1
3 8 31 5
3 10 13 12
3 16 13 22
3 17 4 9
3 20 144 1
3 21 15 10
3 24 28 12
3 25 38 10
3 27 5 28
4 1 50 6
4 2 7 23
4 3 11 1
4 5 215 1
4 6 2 24
4 8 1 21
4 9 55 1
4 10 4 2
4 14 103 3
4 17 176 1
4 18 46 1
4 20 3 29
4 22 1 4
4 24 24 8
4 25 2 21
5 0 59 18
5 1 53 23
5 3 28 21
5 4 37 1
5 6 296 1
5 7 48 1
5 8 34 2
5 9 225 1
5 10 23 1
5 15 1 20
5 16 35 24
5 20 1 9
5 24 13 26
5 25 1 16
5 27 1 24
6 0 1 9
6 1 5 8
6 2 3 3
6 3 74 1
6 4 2 20
6 5 82 1
6 7 248 1
6 8 277 1
6 11 79 2
6 12 167 17
6 13 77 1
6 14 4 9
6 18 2 9
6 19 1 2
6 27 1 24
7 0 190 1
7 1 74 1
7 2 1 2
7 3 12 1
7 4 88 1
7 5 5 9
7 6 1 7
7 8 14 1
7 10 272 1
7 11 2 6
7 14 162 1
7 15 215 1
7 19 1 1
7 20 112 2
7 24 56 1
7 25 207 1
7 26 54 6
8 0 58 6
8 1 240 5
8 2 9 24
8 3 26 5
8 5 48 13
8 6 36 10
8 7 2 1
8 9 189 29
8 10 332 1
8 11 116 1
8 12 4 1
8 13 171 1
8 16 22 8
8 22 7 8
8 23 1 26
8 24 44 5
8 26 2 4
8 27 1 20
9 0 7 11
9 4 58 1
9 5 6 15
9 6 365 3
9 8 58 16
9 10 318 1
9 11 3 29
9 12 68 1
9 23 18 13
10 2 37 2
10 3 96 1
10 4 1 4
10 5 1 19
10 6 39 5
10 7 317 19
10 8 2 8
10 9 443 1
10 11 7 10
10 12 113 1
10 15 2 16
10 22 6 26
10 27 101 1
11 2 14 1
11 3 5 4
11 7 11 11
11 9 168 10
11 10 227 1
11 13 2 20
11 15 1 8
11 17 175 4
11 18 77 1
11 21 20 2
11 22 87 1
11 23 210 1
11 24 46 1
11 25 1 22
11 26 1 29
11 27 1 3
12 0 86 1
12 1 14 1
12 2 4 7
12 7 117 3
12 8 1 18
12 9 71 1
12 11 21 4
12 13 62 1
12 23 24 2
12 26 1 2
12 27 3 11
13 4 69 1
13 6 1 16
13 7 138 5
13 8 1 15
13 9 74 2
13 10 227 1
13 11 1 6
13 12 1 16
13 27 1 12
14 0 1 9
14 4 48 27
14 7 1 13
14 11 36 1
14 12 1 11
14 15 48 27
14 17 56 1
14 18 47 1
14 19 3 1
14 24 3 14
14 25 4 1
15 0 1 17
15 3 1 13
15 7 2 1
15 8 1 18
15 11 7 1
15 13 21 1
15 14 2 2
15 17 59 1
15 27 17 18
16 0 22 6
16 1 52 6
16 3 13 5
16 5 44 22
16 6 91 2
16 8 76 13
16 11 2 18
16 12 1 28
16 18 1 10
16 24 67 27
17 1 249 2
17 2 148 1
17 5 45 1
17 6 226 2
17 7 3 24
17 9 76 1
17 15 17 10
17 19 38 1
17 20 10 3
17 23 1 27
17 25 2 23
18 0 80 3
18 1 186 1
18 2 31 2
18 4 20 1
18 6 1 19
18 7 2 13
18 8 3 3
18 11 2 15
18 12 2 5
18 17 135 14
19 0 1 29
19 1 22 19
19 8 42 4
19 17 4 27
19 20 14 1
19 21 3 19
20 0 32 24
20 1 1 3
20 4 1 17
20 6 66 1
20 13 4 9
20 14 8 2
20 19 2 10
20 22 4 12
20 25 2 8
21 3 13 9
21 6 1 26
22 6 62 2
22 7 57 2
22 9 12 1
22 11 58 24
22 15 1 15
22 18 7 25
22 25 1 29
23 0 37 9
23 4 7 2
23 7 138 3
23 11 129 1
23 18 16 3
23 22 5 1
23 27 17 1
24 0 55 28
24 1 13 8
24 3 12 8
24 5 13 10
24 7 1 20
24 8 30 25
24 10 2 24
24 11 4 5
24 12 26 2
24 14 37 5
24 15 5 24
24 16 62 16
24 17 36 1
24 18 1 28
24 23 1 28
25 3 1 22
25 7 1 24
25 10 166 16
25 11 143 1
25 18 1 13
25 20 1 8
25 26 1 10
25 27 5 1
26 5 2 10
26 6 9 27
26 11 58 27
26 12 1 22
26 21 1 19
26 27 2 25
27 0 30 13
27 1 2 1
27 3 6 28
27 4 39 7
27 8 4 25
27 11 1 11
