0 1 12 11
0 3 13 4
0 4 108 1
0 5 30 25
0 6 1 6
0 7 2 24
0 8 14 8
0 11 1 3
0 12 1 4
0 16 46 22
0 17 226 1
0 18 132 2
0 19 1 11
0 20 1 22
0 24 15 24
1 0 12 26
1 2 3 10
1 3 32 10
1 4 6 2
1 5 79 27
1 6 1 28
1 8 16 4
1 9 227 1
1 10 184 1
1 12 8 1
1 14 105 1
1 15 67 1
1 16 29 20
1 17 39 4
1 18 1 1
1 19 174 2
1 20 28 2
1 23 76 3
1 24 14 21
1 26 30 1
2 3 7 12
2 8 392 1
2 10 136 1
2 11 1 1
2 12 3 5
3 0 12 21
3 1 16 1
3 2 4 3
3 4 176 1
3 5 15 9
3 6 97 1
3 7 1 2
3 8 16 10
3 10 2 8
3 11 247 1
3 14 15 18
3 15 1 23
3 16 30 15
3 17 65 1
3 20 30 1
3 24 15 23
4 0 266 1
4 1 3 23
4 2 1 4
4 5 41 1
4 6 76 1
4 8 4 22
4 9 105 1
4 11 64 3
4 18 146 1
4 20 79 2
4 23 1 21
5 0 14 2
5 1 13 17
5 3 15 25
5 4 133 1
5 6 89 1
5 7 1 14
5 8 17 15
5 10 237 1
5 13 3 1
5 16 14 17
5 18 104 1
5 21 21 3
5 22 1 2
5 24 14 22
5 26 7 1
6 0 3 15
6 2 1 25
6 3 7 1
6 4 20 1
6 5 272 1
6 7 270 1
6 8 6 5
6 9 2 23
6 10 3 9
6 11 1 22
6 12 204 1
6 13 1 16
6 14 1 16
6 17 34 1
6 19 65 1
6 20 116 1
6 21 13 1
6 23 1 20
6 25 1 3
6 27 45 3
7 0 8 3
7 1 48 25
7 3 2 25
7 4 1 20
7 6 3 23
7 8 3 19
7 9 1 4
7 10 54 1
7 11 37 3
7 13 29 3
7 15 291 1
7 23 57 1
7 24 12 3
7 25 186 1
7 26 1 25
8 0 14 7
8 1 33 9
8 2 84 1
8 3 15 11
8 4 388 1
8 5 12 14
8 6 11 14
8 7 329 1
8 9 431 13
8 10 281 1
8 11 16 2
8 12 62 1
8 13 6 2
8 16 15 28
8 19 81 1
8 24 14 27
8 26 30 1
8 27 4 1
9 1 107 1
9 2 23 3
9 4 109 1
9 5 426 1
9 6 66 1
9 7 13 1
9 8 1 24
9 10 1 2
9 11 1 7
9 12 1 11
9 16 1 14
9 18 110 1
9 20 1 15
9 23 20 2
10 5 1 26
10 8 5 28
10 9 104 1
10 11 4 16
10 12 1 11
10 14 2 12
10 15 1 17
10 19 91 3
10 20 1 11
10 21 94 1
10 23 78 2
10 27 1 14
11 3 1 3
11 5 14 2
11 6 141 1
11 7 59 1
11 8 50 13
11 9 149 1
11 10 164 1
11 13 171 1
11 14 31 1
11 15 3 24
11 20 3 16
11 23 80 2
11 24 175 1
11 25 157 1
11 26 31 2
11 27 68 1
12 4 21 3
12 5 95 2
12 6 1 8
12 9 331 1
12 13 133 1
13 3 26 15
13 4 48 5
13 8 101 1
13 10 184 1
13 11 189 1
13 12 1 6
13 14 44 1
13 21 1 4
14 6 35 3
14 8 1 3
14 10 50 1
14 11 340 3
14 13 1 23
14 21 1 28
14 23 1 7
15 7 233 1
15 8 148 1
15 10 1 27
15 11 1 19
15 14 96 1
15 19 9 10
15 20 1 6
15 22 8 2
16 0 14 19
16 1 44 19
16 3 15 5
16 5 15 3
16 8 14 3
16 9 3 19
16 17 354 2
16 18 1 27
16 22 24 28
16 24 15 15
17 1 4 1
17 2 16 2
17 4 1 10
17 10 206 4
17 15 77 1
17 23 15 14
18 0 2 14
18 4 102 1
18 6 107 1
18 7 60 1
18 11 16 7
18 16 2 1
19 0 55 1
19 1 105 2
19 3 53 13
19 7 7 2
19 15 1 28
19 17 13 1
19 20 132 1
19 21 7 2
20 1 168 1
20 4 83 5
20 10 156 3
20 12 63 2
20 17 122 2
20 18 1 9
20 19 2 17
21 0 7 28
21 6 46 3
22 10 34 3
23 4 64 2
23 10 28 1
23 11 11 1
24 0 14 29
24 1 15 8
24 3 14 8
24 5 30 23
24 8 32 23
24 9 69 5
24 11 1 8
24 15 41 26
24 16 15 18
24 23 1 14
24 25 1 28
24 27 9 2
25 3 55 29
25 7 1 27
25 10 89 1
25 11 6 18
25 27 78 4
26 7 88 2
26 9 12 4
26 15 23 5
26 17 19 14
26 25 1 20
27 9 16 29
27 25 42 2
