0 1 10 18
0 2 2 8
0 3 53 1
0 4 54 2
0 5 81 1
0 6 20 29
0 7 11 1
0 8 2 16
0 9 183 12
0 10 11 1
0 16 122 1
0 17 1 19
0 18 1 21
0 19 1 2
0 20 14 1
0 21 1 26
0 22 2 23
0 24 63 1
0 25 6 5
0 27 3 23
1 2 2 25
1 3 16 18
1 4 92 1
1 5 23 1
1 6 314 1
1 7 23 2
1 8 80 1
1 9 16 26
1 10 1 14
1 11 4 2
1 12 1 7
1 16 59 1
1 17 352 1
1 19 2 14
1 24 49 1
1 25 30 3
2 0 1 23
2 1 5 27
2 3 74 1
2 4 82 2
2 6 81 1
2 7 2 2
2 8 6 29
2 10 164 1
2 11 128 1
2 23 18 26
2 25 3 6
3 0 9 3
3 1 285 14
3 2 39 1
3 4 5 16
3 5 80 4
3 6 176 1
3 7 68 1
3 8 76 2
3 10 7 4
3 11 273 2
3 16 5 10
3 17 1 18
3 20 126 1
3 24 58 1
3 25 36 2
3 27 5 25
4 0 2 17
4 1 155 1
4 2 30 27
4 5 151 2
4 6 11 25
4 7 1 13
4 8 1 2
4 9 29 1
4 10 1 25
4 11 1 27
4 12 192 1
4 13 7 23
4 18 23 1
4 19 1 4
4 20 1 13
4 24 22 3
5 0 19 1
5 1 56 1
5 2 48 3
5 3 52 11
5 4 425 1
5 6 26 1
5 7 32 2
5 8 245 1
5 9 90 1
5 10 17 1
5 11 144 1
5 12 18 3
5 13 1 24
5 16 102 1
5 17 130 2
5 18 1 6
5 22 3 21
5 24 49 1
6 0 2 20
6 1 5 26
6 2 7 3
6 3 54 1
6 4 2 24
6 5 18 1
6 7 196 1
6 8 186 1
6 9 2 29
6 10 159 1
6 11 59 1
6 12 2 13
6 13 70 1
6 15 5 2
6 17 5 1
6 18 4 19
6 19 3 26
6 21 11 14
6 27 1 20
7 0 159 1
7 1 54 1
7 2 3 29
7 4 74 1
7 5 9 14
7 6 11 14
7 8 123 1
7 9 2 29
7 10 232 1
7 11 8 12
7 13 7 9
7 14 145 2
7 15 180 1
7 19 2 9
7 20 98 2
7 22 16 2
7 24 105 1
7 25 188 1
7 27 124 1
8 0 80 1
8 1 125 3
8 2 221 29
8 3 22 1
8 5 82 2
8 6 45 16
8 7 8 29
8 10 290 1
8 11 80 1
8 12 11 21
8 13 166 1
8 15 165 2
8 16 155 1
8 18 3 13
8 19 5 9
8 22 1 4
8 23 1 6
8 24 80 1
9 0 1 19
9 3 111 1
9 4 31 1
9 5 4 18
9 6 15 1
9 7 225 28
9 8 13 29
9 10 223 1
9 11 2 1
9 12 37 1
9 14 1 10
9 17 3 23
9 18 1 6
9 20 17 14
9 24 85 3
10 0 1 1
10 2 21 1
10 3 86 1
10 5 1 18
10 6 5 7
10 7 1 24
10 8 12 29
10 9 424 1
10 11 210 5
10 12 92 1
10 13 1 3
10 14 2 12
10 15 1 18
10 18 34 2
10 20 73 1
10 23 4 1
10 25 8 7
11 2 6 1
11 3 19 13
11 4 1 15
11 6 14 12
11 7 159 29
11 10 83 1
11 13 11 26
11 18 73 1
11 20 131 3
11 22 78 2
11 23 197 1
11 24 22 1
11 26 8 7
11 27 2 21
12 0 81 2
12 5 142 10
12 8 1 6
12 9 37 1
12 13 43 1
12 14 1 21
12 16 25 6
12 26 1 5
13 0 9 2
13 1 1 15
13 2 16 16
13 4 66 1
13 8 137 5
13 10 209 1
13 11 1 7
13 17 1 22
13 18 1 2
14 6 163 1
14 7 2 15
14 8 1 1
14 9 78 1
14 10 226 1
14 11 23 1
14 16 1 10
14 21 20 2
14 25 2 2
14 27 7 20
15 0 1 25
15 1 78 2
15 3 16 9
15 6 44 1
15 7 106 1
15 10 16 20
15 11 56 1
15 12 9 4
15 13 18 5
15 24 24 14
16 0 39 13
16 1 97 1
16 3 34 18
16 8 4 8
16 9 2 7
16 11 2 9
16 12 1 9
16 17 55 1
16 18 1 29
16 24 56 17
16 26 27 2
17 2 134 1
17 4 1 2
17 6 240 2
17 7 1 8
17 9 67 1
17 16 20 2
17 21 2 25
17 23 1 17
17 24 66 2
17 25 1 17
18 0 73 4
18 1 206 11
18 3 2 8
18 4 5 1
18 5 61 1
18 6 1 2
18 10 136 2
18 14 12 10
18 20 52 1
19 0 1 21
19 4 98 2
19 6 45 3
19 7 115 27
19 8 37 2
19 12 2 22
19 17 4 20
19 20 190 1
19 25 1 4
20 4 4 29
20 6 58 2
20 9 64 1
20 13 6 14
20 19 2 20
21 10 1 17
21 11 1 10
21 24 20 1
22 0 37 22
22 6 59 1
22 10 1 22
22 17 3 5
22 19 1 24
22 21 1 7
22 25 1 7
23 2 1 19
23 7 130 1
23 10 1 2
23 11 110 1
23 24 1 22
23 27 16 11
24 0 102 1
24 1 43 3
24 2 15 14
24 3 145 8
24 5 13 1
24 8 86 6
24 11 2 25
24 16 89 1
24 18 5 15
24 23 5 9
25 0 2 1
25 3 1 16
25 7 5 15
25 11 76 1
25 13 1 2
25 14 36 1
25 18 1 3
25 20 1 10
25 27 3 1
26 1 8 19
26 4 3 24
26 9 7 24
26 10 1 4
26 11 1 23
26 12 1 13
26 14 2 1
26 24 10 4
26 27 5 28
27 1 5 10
27 3 7 26
27 7 134 2
