0 1 31 12
0 2 1 4
0 3 378 1
0 4 41 1
0 5 88 1
0 6 1 22
0 7 4 1
0 8 52 1
0 11 254 2
0 16 58 18
0 19 1 20
0 20 23 2
0 22 3 15
0 24 55 1
0 26 6 18
0 27 3 10
1 0 105 1
1 3 263 1
1 4 71 1
1 5 145 1
1 6 354 1
1 7 155 1
1 8 44 1
1 9 6 7
1 12 2 1
1 14 4 13
1 16 192 3
1 17 338 1
1 18 31 1
1 20 4 26
1 21 8 19
1 24 90 1
2 0 2 15
2 1 4 8
2 3 14 1
2 4 139 2
2 5 35 4
2 6 56 1
2 7 1 22
2 8 230 1
2 9 23 2
2 10 141 1
2 11 113 2
2 17 2 3
2 18 1 26
2 22 2 16
3 0 29 1
3 1 386 1
3 2 85 1
3 4 1 18
3 5 93 1
3 6 158 1
3 7 364 1
3 8 308 1
3 11 254 1
3 15 1 6
3 16 181 1
3 17 7 13
3 18 17 2
3 20 111 1
3 22 1 4
3 24 35 1
3 25 5 17
4 1 139 1
4 2 5 29
4 5 88 1
4 6 2 17
4 7 2 28
4 8 1 3
4 9 13 1
4 10 7 28
4 13 7 9
4 17 141 1
4 18 9 1
4 24 20 3
5 0 32 1
5 1 1 26
5 3 136 1
5 4 381 1
5 7 21 2
5 8 132 1
5 9 98 1
5 10 130 1
5 11 8 2
5 12 11 3
5 15 1 29
5 16 86 1
5 18 2 26
5 20 9 13
5 24 89 1
6 1 27 1
6 2 1 13
6 3 40 2
6 4 2 7
6 5 5 13
6 7 155 1
6 8 52 1
6 9 3 19
6 10 381 1
6 18 8 21
6 21 11 5
6 23 37 1
6 25 4 1
7 0 134 1
7 1 39 2
7 2 9 12
7 3 2 13
7 4 63 1
7 5 1 12
7 6 37 14
7 8 60 1
7 10 200 1
7 11 102 3
7 13 12 6
7 14 131 2
7 15 150 1
7 17 130 1
7 19 6 7
7 20 87 2
7 21 54 21
7 23 6 4
7 24 97 2
7 25 178 1
7 27 118 1
8 0 15 1
8 1 71 1
8 2 69 12
8 3 56 1
8 4 262 1
8 5 54 1
8 6 369 13
8 7 8 6
8 9 22 2
8 10 191 1
8 11 54 1
8 16 88 1
8 18 2 18
8 24 49 1
8 27 3 9
9 1 271 1
9 5 6 2
9 6 360 1
9 7 4 3
9 8 4 21
9 10 198 5
9 11 2 17
9 12 239 1
9 13 38 4
9 14 51 6
9 15 6 23
9 16 59 1
9 17 136 10
9 18 8 15
9 23 1 14
9 24 1 2
9 25 86 6
10 1 2 3
10 2 10 2
10 4 5 2
10 5 13 5
10 6 79 14
10 7 1 8
10 8 6 25
10 9 85 1
10 11 2 26
10 12 76 1
10 13 2 4
10 14 2 8
10 15 3 21
10 16 1 1
10 17 9 1
10 21 6 6
10 24 2 4
10 25 1 28
10 27 91 1
11 1 1 25
11 2 2 5
11 3 2 27
11 5 5 1
11 6 205 23
11 7 8 2
11 8 1 28
11 10 136 1
11 12 109 18
11 15 12 1
11 17 168 1
11 18 69 6
11 22 71 1
11 23 185 1
11 24 9 1
11 27 145 12
12 0 77 2
12 5 137 23
12 7 103 2
12 8 1 17
12 13 29 1
12 14 4 4
12 15 1 3
12 18 4 29
12 24 24 3
12 26 7 14
13 4 63 1
13 8 1 9
13 10 191 1
13 22 1 18
14 0 1 27
14 1 22 1
14 6 4 1
14 7 4 16
14 9 67 1
14 10 185 1
14 11 113 1
14 12 1 6
14 13 10 2
14 15 4 13
14 17 50 10
14 26 24 9
15 1 74 5
15 3 2 29
15 6 39 1
15 7 79 1
15 10 2 5
15 11 2 29
15 13 17 1
15 24 1 20
16 0 5 22
16 1 22 4
16 2 1 26
16 3 58 13
16 5 112 1
16 8 10 29
16 14 6 13
16 17 50 1
16 18 4 3
16 19 5 1
16 24 23 8
17 1 2 17
17 2 121 2
17 3 1 8
17 4 2 1
17 6 228 1
17 16 15 27
17 24 65 1
18 0 68 1
18 1 1 9
18 3 2 23
18 5 55 2
18 6 38 7
18 9 15 1
18 10 132 4
18 12 7 8
18 13 8 28
18 17 133 14
18 19 1 29
18 25 31 1
19 0 1 20
19 1 2 21
19 6 41 2
19 7 3 22
19 10 101 1
19 15 3 6
19 17 6 4
19 20 127 1
20 0 76 8
20 1 2 4
20 3 7 24
20 4 2 26
20 6 53 1
20 7 239 1
20 19 3 10
21 7 1 3
22 0 1 20
22 3 1 5
22 6 56 1
22 7 47 3
22 9 7 12
22 14 2 27
22 17 1 28
22 23 1 4
22 26 13 11
23 5 10 5
23 6 1 8
23 8 2 13
23 10 1 23
23 11 94 1
23 22 11 5
24 0 11 25
24 1 122 1
24 2 14 3
24 3 31 1
24 5 134 1
24 6 2 1
24 7 1 1
24 8 76 1
24 10 1 8
24 11 29 12
24 12 42 25
24 14 35 2
24 16 150 1
24 26 49 4
24 27 11 14
25 2 11 26
25 4 1 1
25 6 120 2
25 7 3 10
25 9 56 2
25 11 35 1
25 12 9 1
25 19 1 12
25 21 9 16
26 11 6 29
26 12 13 7
26 14 1 29
27 0 5 18
27 3 2 2
27 8 1 19
27 11 14 21
27 16 7 28
