0 1 15 27
0 2 19 2
0 3 15 26
0 4 221 1
0 5 74 16
0 6 45 21
0 8 13 11
0 11 239 2
0 14 13 9
0 15 27 8
0 16 14 13
0 18 10 24
0 19 127 1
0 20 13 2
0 24 13 9
0 25 2 5
1 0 14 11
1 2 118 14
1 3 13 10
1 4 13 1
1 5 13 12
1 6 311 1
1 7 139 1
1 8 106 6
1 9 80 3
1 12 1 19
1 13 68 2
1 15 2 17
1 16 14 9
1 17 67 1
1 18 19 1
1 19 3 6
1 22 6 29
1 24 34 13
1 25 22 1
2 0 123 8
2 1 2 3
2 3 2 12
2 4 134 1
2 5 2 22
2 6 24 2
2 7 1 3
2 8 263 1
2 9 14 2
2 11 91 1
2 17 1 11
2 19 3 17
2 21 1 2
2 26 12 29
3 0 12 26
3 1 23 1
3 2 1 1
3 4 1 9
3 5 13 2
3 6 130 1
3 7 253 1
3 8 14 3
3 10 4 27
3 11 219 1
3 16 14 26
3 17 1 4
3 18 13 4
3 20 88 1
3 22 1 10
3 24 14 27
3 25 3 5
4 1 140 1
4 2 8 13
4 5 36 1
4 6 27 2
4 7 1 21
4 8 2 27
4 10 19 22
4 11 1 16
4 12 171 2
4 14 89 5
4 16 22 2
4 17 116 2
4 22 1 25
4 23 43 6
5 0 22 17
5 1 13 6
5 2 32 2
5 3 13 27
5 4 283 1
5 6 14 16
5 7 8 2
5 8 24 21
5 9 23 1
5 10 92 1
5 11 135 1
5 12 4 1
5 16 14 12
5 17 115 3
5 18 2 15
5 19 2 3
5 20 4 18
5 24 13 19
5 25 1 24
5 27 1 20
6 0 4 14
6 1 8 1
6 2 1 2
6 3 21 2
6 4 5 16
6 5 59 12
6 7 98 1
6 8 7 1
6 9 3 2
6 10 385 1
6 11 25 1
6 12 2 28
6 13 57 1
6 14 6 9
6 17 264 1
6 22 2 20
6 23 32 2
6 26 64 19
7 0 97 1
7 1 20 1
7 2 13 19
7 3 2 11
7 4 47 1
7 5 1 17
7 8 5 1
7 9 1 19
7 10 151 1
7 11 11 14
7 14 109 1
7 15 106 1
7 17 116 2
7 20 70 2
7 21 1 13
7 25 144 1
8 0 30 24
8 1 14 10
8 2 229 13
8 3 11 12
8 4 257 1
8 5 12 20
8 6 327 16
8 7 22 23
8 9 423 1
8 10 39 1
8 11 24 1
8 12 3 12
8 15 145 3
8 16 14 18
8 22 4 19
8 23 4 11
8 24 13 20
8 27 1 10
9 0 1 11
9 1 250 1
9 6 195 1
9 7 219 3
9 8 1 24
9 10 108 1
9 11 1 5
9 12 199 1
9 13 31 2
9 14 3 25
9 16 54 1
9 18 4 25
9 21 40 14
10 1 1 29
10 3 113 2
10 4 1 22
10 5 1 21
10 6 2 2
10 7 6 26
10 8 64 6
10 9 389 1
10 11 4 19
10 14 3 18
10 15 2 15
10 21 4 1
10 22 2 13
10 23 1 7
10 24 1 22
10 25 82 20
10 27 83 2
11 3 1 25
11 6 201 2
11 7 141 17
11 8 4 14
11 10 88 1
11 12 1 10
11 13 1 27
11 14 16 13
11 15 261 1
11 16 99 5
11 17 161 3
11 23 164 1
11 25 124 1
11 26 1 18
12 5 130 13
12 6 1 10
12 7 93 1
12 19 52 3
12 25 67 14
13 1 1 27
13 4 59 8
13 6 1 22
13 7 121 2
13 8 1 4
13 9 6 2
13 10 160 1
13 11 1 5
13 12 185 1
13 14 3 28
13 15 6 25
13 18 31 1
14 6 2 2
14 10 336 1
14 11 96 1
14 12 8 18
14 13 25 2
14 15 17 9
14 21 18 5
15 0 3 11
15 2 6 7
15 10 1 23
15 11 331 1
15 14 2 9
15 21 5 8
15 22 1 16
15 23 1 7
16 0 13 24
16 1 13 25
16 3 14 10
16 5 13 26
16 8 23 7
16 10 110 2
16 11 6 5
16 12 18 7
16 17 225 1
16 23 23 5
16 24 13 11
17 1 284 1
17 2 101 1
17 5 22 5
17 6 206 1
17 7 1 14
17 9 51 1
17 11 130 4
17 16 6 1
18 0 59 2
18 2 20 1
18 3 3 6
18 5 46 1
18 9 9 5
18 10 126 1
18 11 1 6
18 16 101 24
18 17 132 1
18 19 4 14
18 20 46 2
18 21 29 1
18 25 29 28
18 27 30 29
19 0 4 28
19 2 4 26
19 4 88 1
19 12 1 1
19 15 1 9
19 17 7 7
19 20 46 1
19 23 6 26
19 26 8 18
20 0 56 14
20 1 7 15
20 3 4 3
20 4 3 9
20 5 26 1
20 9 55 3
20 16 81 24
20 18 44 2
20 19 3 27
20 24 52 13
21 1 31 4
21 9 2 14
21 10 77 2
21 27 13 11
22 6 51 4
22 9 5 2
22 10 1 10
22 11 5 9
22 12 17 1
22 14 1 21
22 17 32 12
22 18 1 3
22 20 1 22
22 21 1 29
22 23 4 17
23 0 30 2
23 6 5 22
23 7 109 1
23 10 8 20
23 11 71 1
23 15 16 2
23 19 1 18
23 24 6 12
24 0 13 9
24 1 42 16
24 3 50 20
24 5 13 10
24 8 13 13
24 10 3 15
24 11 1 18
24 12 2 28
24 15 1 17
24 16 22 15
24 20 49 12
25 4 1 3
25 7 1 25
25 9 50 3
25 11 1 2
25 12 7 1
25 15 3 11
25 16 33 2
25 21 9 3
25 26 5 23
25 27 12 1
26 7 2 21
26 8 98 17
26 9 1 13
26 10 6 4
26 11 1 17
26 12 2 27
26 21 2 15
26 27 37 3
27 0 3 3
27 16 9 11
27 25 1 14
