0 1 63 6
0 3 187 8
0 5 15 23
0 6 1 14
0 7 4 26
0 8 83 24
0 9 1 20
0 10 231 1
0 14 31 8
0 16 35 2
0 19 21 7
0 20 8 13
0 24 15 16
1 0 295 14
1 2 5 1
1 3 15 4
1 4 14 6
1 5 14 28
1 6 320 29
1 7 227 1
1 8 29 16
1 10 202 1
1 14 1 2
1 15 1 27
1 16 16 19
1 17 273 1
1 20 79 1
1 24 52 29
1 25 13 4
1 27 2 1
2 0 79 1
2 1 11 1
2 3 8 13
2 4 8 1
2 5 1 4
2 6 19 1
2 7 1 9
2 8 21 15
2 9 4 15
2 10 21 1
2 15 30 7
2 17 2 12
2 25 26 2
3 0 136 8
3 1 14 27
3 2 108 1
3 5 26 15
3 6 118 1
3 7 152 1
3 8 13 10
3 9 14 16
3 10 36 1
3 11 72 1
3 14 47 2
3 15 6 1
3 16 47 13
3 18 34 1
3 24 29 3
3 27 21 1
4 1 67 1
4 2 8 10
4 5 2 17
4 6 2 24
4 7 230 10
4 8 373 1
4 9 1 16
4 10 1 14
4 11 1 22
4 13 31 1
4 14 42 1
4 16 10 27
4 18 13 2
4 19 1 11
4 21 1 10
5 0 23 15
5 1 175 28
5 2 4 15
5 3 14 26
5 4 20 1
5 6 5 14
5 7 133 5
5 8 34 22
5 9 97 7
5 10 2 25
5 12 1 24
5 15 2 7
5 16 43 22
5 17 134 1
5 18 74 1
5 24 116 12
5 25 34 19
6 0 1 28
6 1 9 1
6 2 21 1
6 3 1 6
6 4 50 21
6 5 48 29
6 7 3 20
6 8 403 1
6 9 16 24
6 10 278 1
6 11 1 9
6 12 1 6
6 14 176 9
6 15 2 17
6 19 4 4
6 22 3 14
6 23 1 4
7 1 124 1
7 3 1 3
7 5 147 1
7 6 1 1
7 8 239 1
7 10 66 1
7 11 8 1
7 14 199 3
7 15 26 1
7 16 3 16
7 20 1 23
7 23 24 19
7 25 1 29
8 0 376 2
8 1 14 15
8 2 351 1
8 3 15 20
8 4 372 1
8 5 36 17
8 6 18 22
8 7 170 1
8 9 40 1
8 10 340 1
8 11 220 1
8 12 6 7
8 13 11 1
8 14 1 15
8 16 92 6
8 17 1 4
8 18 1 19
8 19 4 1
8 20 3 10
8 22 14 6
8 24 15 11
9 1 166 1
9 2 8 21
9 5 45 1
9 6 9 20
9 10 183 20
9 11 4 3
9 13 103 1
9 15 33 2
9 21 71 2
9 24 1 25
10 2 4 29
10 3 52 1
10 4 42 2
10 5 31 5
10 6 10 22
10 7 18 1
10 8 243 1
10 9 26 1
10 11 50 5
10 12 5 2
10 13 1 28
10 14 224 1
10 15 2 1
10 17 1 27
10 19 58 1
10 22 75 2
10 23 153 3
10 24 29 1
10 27 1 6
11 0 2 26
11 1 17 20
11 3 1 12
11 4 14 5
11 6 1 11
11 7 175 1
11 8 55 1
11 9 2 25
11 10 133 1
11 13 3 11
11 15 35 1
11 17 25 1
11 22 4 1
11 23 88 2
11 24 6 24
11 25 147 1
12 0 1 23
12 5 172 11
12 6 93 2
12 8 1 15
12 9 220 1
12 10 226 1
12 13 7 5
12 14 1 18
12 17 87 1
12 23 16 28
12 24 67 28
13 4 39 2
13 7 84 1
13 8 1 10
13 10 63 1
13 11 10 8
13 12 85 1
14 0 1 16
14 3 25 1
14 5 2 16
14 7 132 1
14 8 2 4
14 10 216 1
14 11 316 1
14 12 1 2
14 13 3 24
14 15 2 13
14 20 3 29
15 0 1 26
15 6 64 26
15 7 1 26
15 11 11 22
15 12 6 8
15 14 12 1
15 19 1 9
16 0 38 16
16 1 15 19
16 2 20 2
16 3 15 14
16 4 5 4
16 5 235 11
16 8 15 3
16 9 2 4
16 12 2 15
16 17 1 1
16 18 1 17
16 19 25 12
16 24 30 24
16 27 1 10
17 0 292 2
17 1 140 1
17 2 186 1
17 4 1 1
17 6 1 16
17 8 1 27
17 9 177 6
17 11 2 2
17 16 233 1
17 19 81 18
18 4 6 22
18 5 48 2
18 9 7 27
18 10 2 2
18 13 34 17
18 16 1 16
18 23 1 17
19 1 163 29
19 4 1 29
19 7 143 1
19 8 4 23
19 11 2 17
19 20 145 11
19 27 1 26
20 0 231 1
20 1 66 1
20 2 157 1
20 3 1 22
20 8 2 9
20 9 124 1
20 10 1 3
20 19 2 19
20 23 4 10
21 3 1 2
21 7 55 6
21 9 5 27
21 11 1 29
21 14 16 11
21 20 1 2
22 6 25 4
22 11 139 2
22 13 7 13
22 15 2 2
22 20 33 13
22 23 1 2
22 26 15 20
22 27 3 17
23 0 2 28
23 1 1 10
23 4 63 1
23 7 57 1
23 8 50 1
23 10 8 11
23 11 27 24
23 12 1 6
23 15 16 1
23 19 1 1
23 24 48 2
23 25 1 11
24 0 37 27
24 1 50 23
24 3 74 15
24 5 49 11
24 8 40 22
24 10 50 1
24 11 16 2
24 14 1 25
24 15 33 4
24 16 103 4
25 5 1 8
25 7 1 5
25 8 2 20
25 9 17 4
25 10 1 3
25 11 8 24
25 13 14 3
25 23 16 2
25 27 65 1
26 0 59 28
26 6 2 9
26 11 5 21
26 14 1 29
26 17 1 1
26 24 38 2
27 2 2 16
27 6 1 16
27 7 1 7
27 9 1 12
27 10 3 8
27 13 2 23
27 15 3 18
27 17 36 29
27 18 4 23
27 23 11 13
27 25 1 29
27 26 13 2
