0 1 122 26
0 2 2 2
0 3 100 1
0 7 10 27
0 8 50 5
0 9 1 14
0 11 1 21
0 16 194 1
0 17 23 26
0 18 1 21
0 19 1 25
0 20 60 12
0 24 37 6
1 0 4 22
1 2 4 20
1 3 60 1
1 4 105 21
1 5 44 3
1 6 245 1
1 7 208 1
1 8 56 3
1 10 186 1
1 11 1 22
1 15 1 13
1 16 42 9
1 17 145 1
1 18 27 2
1 20 71 1
1 24 14 27
2 0 61 1
2 3 3 19
2 4 3 4
2 7 1 25
2 8 8 29
2 11 27 1
2 12 7 1
2 17 2 12
2 20 2 15
2 24 1 15
3 0 12 4
3 1 71 17
3 2 132 1
3 5 41 1
3 6 102 1
3 7 150 1
3 8 74 29
3 9 3 5
3 10 27 1
3 11 55 1
3 14 46 3
3 16 56 1
3 17 6 13
3 19 54 27
3 20 3 2
3 24 19 10
4 0 106 1
4 1 30 1
4 2 15 29
4 3 1 17
4 5 393 1
4 6 8 23
4 7 2 28
4 8 350 1
4 9 2 13
4 10 9 1
4 16 2 26
4 18 4 3
4 19 3 3
4 20 12 8
4 22 15 1
4 24 44 9
5 0 48 1
5 1 26 1
5 3 85 1
5 4 405 1
5 6 12 23
5 7 24 14
5 8 22 28
5 9 1 19
5 11 5 1
5 14 7 28
5 16 12 1
5 18 69 2
5 19 28 7
5 24 83 1
6 0 1 25
6 2 9 2
6 4 37 5
6 5 108 8
6 7 16 6
6 8 149 1
6 9 92 9
6 10 214 1
6 11 16 16
6 12 5 1
6 15 1 5
6 18 1 9
6 25 47 1
7 0 20 2
7 1 106 1
7 2 1 3
7 3 1 14
7 5 131 1
7 6 28 4
7 8 77 1
7 9 191 1
7 10 48 1
7 11 69 1
7 12 78 3
7 14 190 1
7 15 14 1
7 17 9 4
7 20 4 4
7 22 8 25
7 23 6 21
7 25 46 20
7 27 2 21
8 0 2 1
8 1 48 1
8 2 70 1
8 3 221 1
8 4 349 1
8 5 37 14
8 6 215 14
8 6 304 19
8 7 248 1
8 9 74 12
8 10 152 1
8 11 224 1
8 14 23 2
8 16 114 15
8 20 1 18
8 23 112 7
8 25 96 1
9 0 1 18
9 1 149 1
9 4 7 10
9 5 53 1
9 6 49 22
9 8 79 9
9 10 185 8
9 12 1 1
9 13 101 2
10 0 210 1
10 2 1 28
10 3 41 1
10 4 32 2
10 5 2 28
10 6 3 3
10 7 8 2
10 8 126 1
10 9 3 1
10 11 18 12
10 12 6 10
10 13 10 14
10 14 214 1
10 15 265 1
10 17 1 22
10 18 4 2
10 21 57 1
10 22 68 2
10 24 23 4
10 26 4 24
10 27 2 4
11 0 1 26
11 1 19 13
11 2 170 1
11 3 1 18
11 4 1 21
11 6 1 12
11 7 137 2
11 8 270 1
11 10 359 1
11 12 3 9
11 13 3 13
11 14 1 19
11 15 56 1
11 23 75 1
11 24 1 10
11 25 204 1
12 0 2 15
12 3 2 22
12 4 6 6
12 5 6 2
12 9 183 1
12 10 211 1
12 11 89 1
12 13 1 21
12 17 84 1
12 22 20 3
13 6 111 6
13 8 16 26
13 9 102 3
13 10 48 2
13 12 69 1
13 14 3 7
13 17 3 10
13 20 48 13
14 6 1 2
14 7 119 2
14 8 14 17
14 10 160 11
14 11 299 1
14 13 4 7
14 15 10 2
14 23 1 24
14 27 1 13
15 1 56 2
15 3 52 27
15 7 13 4
15 8 186 2
15 10 94 1
15 11 15 12
15 12 1 1
15 17 66 6
15 21 13 9
15 23 1 27
16 0 35 1
16 1 59 1
16 3 28 12
16 5 45 1
16 7 1 17
16 12 1 19
16 17 1 6
16 18 3 7
16 22 14 10
17 0 287 1
17 1 112 1
17 3 4 14
17 4 1 29
17 5 138 1
17 6 1 19
17 8 3 2
17 9 175 1
17 10 6 12
17 11 2 24
17 15 36 1
17 16 207 1
17 18 57 1
17 19 83 13
17 23 1 10
17 25 1 26
17 26 52 5
18 0 105 4
18 1 1 9
18 4 1 5
18 6 10 24
18 7 68 16
18 8 158 1
18 9 23 10
18 12 4 26
18 14 38 12
18 20 29 6
19 0 1 6
19 3 24 1
19 7 140 3
19 17 60 1
19 20 2 9
19 25 1 12
20 0 216 1
20 2 154 4
20 3 1 7
20 8 4 9
20 10 1 6
20 11 177 1
20 12 4 6
20 17 1 6
20 19 13 28
21 2 14 1
21 6 1 20
21 9 1 5
21 12 105 9
21 14 1 2
21 25 12 24
22 0 1 20
22 7 2 11
22 8 1 3
22 10 164 1
22 15 9 16
22 23 20 2
22 26 15 5
23 2 1 22
23 5 18 22
23 10 9 9
23 15 12 3
23 17 1 23
23 22 23 11
23 24 46 1
24 1 95 1
24 3 15 19
24 8 19 8
24 22 15 8
25 0 17 2
25 5 2 14
25 7 53 15
25 8 4 27
25 10 12 17
25 11 41 7
25 12 1 16
25 15 6 1
25 17 26 1
25 20 1 27
25 26 46 1
26 6 1 22
26 7 2 4
26 14 1 4
26 15 15 13
26 18 29 28
27 6 1 27
27 7 3 9
27 11 3 11
27 21 12 22
