0 1 328 6
0 2 1 26
0 3 18 1
0 5 156 1
0 6 3 7
0 7 1 1
0 8 96 20
0 15 3 15
0 16 157 11
0 19 5 14
0 24 85 1
1 0 107 1
1 2 3 21
1 3 122 25
1 5 14 1
1 6 303 1
1 7 194 1
1 8 57 13
1 10 174 1
1 13 1 29
1 14 118 8
1 16 197 5
1 17 224 1
1 18 22 3
1 20 65 1
1 22 48 3
1 24 49 1
1 26 1 24
1 27 1 14
2 0 48 1
2 1 1 28
2 3 5 29
2 4 1 1
2 6 3 1
2 7 50 7
2 8 265 7
2 9 1 20
2 10 6 3
2 11 21 1
2 13 1 11
2 20 7 10
2 23 2 24
2 24 1 13
3 0 22 13
3 1 94 1
3 2 37 1
3 4 186 1
3 5 34 15
3 6 90 2
3 7 93 1
3 8 38 1
3 9 1 23
3 11 43 1
3 16 18 8
3 17 11 9
3 18 29 8
3 23 1 24
3 24 7 7
3 25 1 28
3 27 19 1
4 0 93 1
4 1 12 1
4 2 1 13
4 5 364 1
4 6 3 22
4 8 332 1
4 9 2 5
4 10 3 10
4 13 27 1
4 16 5 3
4 19 3 4
4 20 11 2
4 22 14 2
4 24 1 2
5 0 58 1
5 1 59 21
5 3 73 15
5 4 384 1
5 6 43 4
5 8 24 16
5 9 62 7
5 12 128 17
5 14 1 5
5 16 219 1
5 22 8 1
5 24 48 17
5 25 34 18
6 0 1 12
6 4 94 13
6 5 1 8
6 7 2 14
6 8 28 1
6 9 96 23
6 10 179 1
6 11 19 1
6 12 1 1
6 15 4 1
6 17 2 1
6 18 1 23
6 21 19 2
6 22 5 23
6 25 43 3
7 0 13 3
7 1 93 1
7 2 1 22
7 3 362 1
7 4 264 1
7 5 119 2
7 6 2 2
7 8 177 1
7 9 182 1
7 10 35 1
7 11 30 23
7 12 74 1
7 13 9 2
7 14 183 1
7 20 5 4
7 23 5 2
7 24 174 5
7 25 1 7
7 26 1 11
7 27 2 20
8 0 13 22
8 1 2 12
8 2 315 1
8 3 194 1
8 4 331 1
8 5 45 1
8 6 170 15
8 7 181 1
8 9 4 21
8 10 271 23
8 11 205 1
8 12 1 10
8 16 102 3
8 24 15 10
8 26 91 3
9 1 137 1
9 2 4 9
9 4 15 17
9 5 18 1
9 6 2 22
9 8 74 1
9 10 1 29
9 11 12 16
9 12 4 25
9 14 2 26
9 18 2 8
9 20 1 8
9 24 1 27
9 26 1 20
10 0 205 2
10 2 1 24
10 5 2 6
10 6 3 25
10 7 4 1
10 8 86 1
10 11 11 21
10 12 12 13
10 13 10 21
10 14 187 1
10 17 1 23
10 20 13 26
10 21 55 1
10 23 147 5
11 0 3 9
11 1 3 18
11 2 161 2
11 3 14 28
11 4 1 19
11 6 1 23
11 7 246 11
11 8 32 1
11 9 11 7
11 10 76 1
11 12 3 24
11 14 1 25
11 15 27 1
11 25 117 1
11 27 210 3
12 0 2 5
12 6 71 2
12 8 1 4
12 9 156 1
12 10 199 1
12 11 84 2
12 14 4 17
12 23 4 26
13 1 4 11
13 3 1 11
13 4 35 1
13 6 109 5
13 8 7 7
13 10 38 2
13 11 41 5
13 12 58 2
13 14 3 25
13 15 1 9
13 17 3 29
13 18 5 1
13 24 18 16
14 3 21 8
14 4 3 27
14 5 1 24
14 7 110 1
14 8 1 10
14 10 145 1
14 11 284 1
14 13 2 14
14 15 61 1
14 17 15 1
14 20 47 15
14 26 24 9
15 5 31 6
15 7 5 17
15 11 76 9
15 20 42 1
15 26 10 20
16 0 12 10
16 1 161 1
16 3 177 1
16 5 105 1
16 8 137 1
16 11 2 25
16 17 2 16
16 18 17 6
16 24 302 1
16 26 21 1
17 0 282 1
17 1 125 1
17 2 173 1
17 4 3 10
17 6 4 1
17 8 46 4
17 9 173 1
17 10 1 12
17 16 186 1
17 18 52 1
17 19 1 5
18 1 26 5
18 4 3 23
18 5 39 2
18 6 1 5
18 9 1 20
18 12 23 19
18 14 37 15
18 16 6 1
18 17 53 1
18 20 28 2
19 1 163 15
19 3 21 3
19 8 1 23
19 9 2 6
19 11 1 27
19 13 1 4
19 22 2 28
20 0 204 1
20 1 52 3
20 3 1 6
20 4 151 26
20 5 4 6
20 7 1 19
20 10 3 26
20 12 3 4
20 13 1 21
20 15 1 12
20 17 144 16
20 19 1 22
20 21 1 23
20 22 17 8
21 6 19 21
21 7 52 8
21 8 1 16
21 12 5 2
21 19 1 18
22 4 66 6
22 6 21 1
22 8 1 3
22 10 162 1
22 11 130 2
22 12 17 1
22 23 18 5
22 26 1 23
23 1 43 27
23 5 3 16
23 7 45 1
23 22 22 6
23 24 43 2
23 25 2 26
24 0 9 13
24 1 172 5
24 3 74 1
24 4 71 2
24 5 149 1
24 6 8 17
24 8 185 5
24 10 38 3
24 11 1 1
24 16 150 1
24 20 1 27
25 2 3 27
25 7 57 2
25 8 1 20
25 10 14 10
25 11 2 1
25 24 1 6
25 26 45 3
25 27 55 1
26 1 1 11
26 8 10 5
26 11 2 22
26 15 2 7
26 21 1 4
27 3 30 3
27 7 1 25
27 8 1 2
27 22 8 2
27 26 3 2
