0 1 8 25
0 2 1 6
0 3 13 25
0 5 36 26
0 7 2 21
0 8 10 1
0 11 1 7
0 16 10 1
0 17 8 28
0 23 46 2
0 24 11 24
1 0 13 4
1 3 45 8
1 4 3 6
1 5 10 4
1 6 2 11
1 7 313 1
1 8 59 13
1 9 37 2
1 10 275 1
1 12 1 2
1 16 24 26
1 18 77 1
1 20 121 2
1 24 369 19
2 1 358 1
2 3 47 1
2 4 57 2
2 6 123 1
2 7 1 17
2 8 4 12
2 10 99 1
2 11 90 1
2 17 69 25
3 0 7 7
3 1 69 28
3 2 17 17
3 5 10 17
3 7 272 1
3 8 10 26
3 10 94 1
3 11 178 1
3 16 10 15
3 17 1 14
3 24 11 6
3 27 27 1
4 0 221 1
4 1 383 1
4 2 1 14
4 5 2 3
4 6 24 1
4 12 97 1
4 17 1 11
4 18 118 1
4 19 1 6
4 21 4 11
5 0 42 28
5 1 9 20
5 3 10 1
5 4 2 4
5 6 232 1
5 7 1 20
5 8 333 17
5 9 3 10
5 10 2 29
5 11 34 1
5 12 115 12
5 16 38 23
5 24 10 18
6 1 242 1
6 2 126 1
6 3 39 1
6 4 180 21
6 5 189 1
6 7 3 3
6 8 6 23
6 9 9 26
6 11 57 28
6 12 2 13
6 15 1 17
6 16 136 9
6 17 46 2
6 18 1 18
6 21 31 1
7 0 117 1
7 1 221 1
7 2 40 1
7 3 6 26
7 5 220 1
7 6 2 18
7 8 178 24
7 10 190 1
7 11 207 1
7 12 112 1
7 14 230 4
7 15 131 1
7 17 34 3
7 22 1 21
7 24 1 14
7 25 1 1
7 27 1 12
8 0 11 27
8 1 12 11
8 2 2 12
8 3 9 10
8 5 7 8
8 6 66 1
8 7 277 1
8 9 1 6
8 10 29 4
8 13 1 23
8 14 2 12
8 15 34 1
8 16 10 16
8 17 5 1
8 24 10 19
8 25 138 1
8 27 10 3
9 1 244 1
9 3 124 1
9 6 3 27
9 7 14 1
9 8 1 3
9 10 4 18
9 11 1 13
9 12 65 1
9 16 1 12
9 17 18 2
9 22 22 2
10 0 238 1
10 1 1 26
10 3 115 1
10 4 105 1
10 5 1 28
10 6 1 22
10 7 109 1
10 8 192 1
10 9 39 1
10 11 2 28
10 12 1 29
10 13 3 12
10 14 445 3
10 15 1 18
10 19 72 1
10 20 1 21
10 21 70 1
10 22 111 1
10 24 61 1
11 0 27 4
11 1 1 22
11 3 1 1
11 4 1 10
11 7 24 24
11 8 348 1
11 15 373 1
11 19 53 3
11 21 61 3
11 22 20 1
11 23 156 2
11 24 1 15
11 25 1 25
12 5 1 3
12 6 162 1
12 8 1 10
12 9 377 1
12 10 289 1
12 11 127 2
12 13 5 25
12 17 101 5
12 23 1 29
12 24 1 1
13 8 1 5
13 10 151 1
13 11 2 5
13 12 160 1
13 14 2 4
13 20 53 2
13 24 16 5
14 3 34 1
14 7 189 2
14 8 1 13
14 10 2 8
14 12 1 1
14 15 1 29
14 27 1 10
15 1 75 6
15 6 1 20
15 10 211 1
15 11 94 1
15 14 96 2
16 0 10 3
16 1 11 5
16 2 30 8
16 3 54 18
16 4 26 1
16 5 26 1
16 8 59 16
16 17 18 2
16 24 42 22
17 0 1 9
17 1 248 1
17 2 205 4
17 5 154 5
17 6 1 15
17 7 1 23
17 16 339 1
17 18 101 1
17 25 1 15
18 0 129 1
18 1 1 22
18 3 70 1
18 4 1 19
18 8 184 1
18 9 2 22
18 10 1 19
18 15 3 6
18 16 2 23
18 17 102 1
19 0 98 1
19 3 42 2
19 4 1 28
19 8 119 10
19 20 11 22
19 24 4 14
20 0 289 3
20 1 107 2
20 3 84 26
20 6 5 1
20 11 202 1
20 19 3 4
21 12 1 18
21 14 13 7
21 22 17 6
22 0 2 20
22 1 51 10
22 11 155 2
22 21 16 1
23 6 29 3
23 8 69 3
23 11 1 24
23 12 1 9
23 14 1 26
23 17 1 13
23 22 11 17
23 25 8 17
24 0 10 27
24 1 10 17
24 3 10 27
24 5 10 1
24 8 10 8
24 10 86 1
24 11 124 1
24 13 12 11
24 14 11 6
24 16 321 2
24 22 13 25
25 3 53 3
25 7 1 18
25 10 1 20
25 11 3 11
25 14 6 7
25 24 9 1
26 7 1 17
26 11 1 14
26 15 13 24
26 23 2 8
26 24 52 1
26 27 24 1
27 11 6 1
27 17 36 25
27 19 6 1
27 20 1 8
27 26 67 1
