0 1 177 1
0 2 1 29
0 3 205 1
0 5 29 3
0 6 3 23
0 7 5 14
0 8 56 1
0 9 6 2
0 13 64 1
0 14 25 2
0 15 1 29
0 16 70 1
0 17 2 21
0 18 2 7
0 19 16 11
0 20 10 21
0 23 32 1
0 24 76 1
1 0 370 1
1 2 78 21
1 3 286 1
1 4 189 1
1 5 107 1
1 6 270 10
1 7 173 1
1 8 181 1
1 10 157 1
1 16 65 1
1 17 189 1
1 18 16 2
1 20 56 2
1 24 86 1
2 1 7 19
2 3 2 11
2 7 225 20
2 13 13 23
2 17 1 3
2 18 1 5
2 19 28 9
3 0 90 1
3 1 35 1
3 2 58 1
3 4 21 1
3 5 66 1
3 6 74 1
3 7 50 1
3 8 59 1
3 10 13 2
3 11 28 1
3 12 90 1
3 13 15 3
3 16 51 2
3 17 1 11
3 24 84 1
4 0 75 1
4 2 22 28
4 5 310 1
4 6 4 24
4 8 304 1
4 9 3 17
4 10 1 4
4 12 33 2
4 14 32 2
4 19 1 17
4 27 14 12
5 0 101 1
5 1 30 1
5 3 28 1
5 4 329 1
5 6 207 20
5 7 156 10
5 8 245 17
5 9 161 13
5 12 1 25
5 14 1 8
5 16 70 1
5 17 121 1
5 19 1 21
5 24 96 1
6 0 4 6
6 1 2 11
6 4 2 4
6 5 116 7
6 7 5 27
6 8 4 3
6 9 5 16
6 10 208 1
6 11 1 25
6 12 2 2
6 14 168 2
6 16 122 8
6 18 1 14
6 21 17 9
7 0 6 1
7 1 75 1
7 2 4 20
7 3 37 1
7 4 257 3
7 5 102 1
7 6 8 28
7 8 115 1
7 9 168 2
7 11 20 11
7 12 68 4
7 16 1 16
7 20 2 5
7 23 1 11
7 27 3 14
8 0 51 1
8 1 52 1
8 2 256 1
8 3 36 1
8 4 303 1
8 5 52 1
8 6 408 28
8 7 164 1
8 9 6 9
8 10 324 28
8 11 199 1
8 12 5 20
8 14 1 7
8 16 67 1
8 17 2 21
8 20 2 21
8 22 8 1
8 23 108 2
8 24 13 2
8 25 82 1
9 1 118 1
9 3 90 4
9 4 1 16
9 6 4 4
9 8 381 1
9 10 2 2
9 11 1 17
9 12 5 12
9 15 21 2
9 16 2 1
9 18 1 11
9 23 1 13
9 24 2 11
9 25 86 1
10 0 197 3
10 2 1 3
10 3 24 1
10 5 1 13
10 6 11 15
10 8 84 1
10 9 2 23
10 11 116 21
10 12 2 18
10 13 1 11
10 14 146 1
10 15 243 1
10 20 2 21
10 22 55 1
11 1 1 13
11 2 148 2
11 3 5 16
11 4 6 27
11 6 23 28
11 7 190 1
11 8 250 1
11 9 1 4
11 10 333 1
11 12 188 18
11 14 1 14
11 18 15 9
11 24 65 1
11 25 99 1
12 0 2 21
12 5 171 3
12 6 58 2
12 8 1 17
12 9 118 1
12 13 124 1
12 15 89 1
12 17 78 2
12 18 1 21
12 22 13 1
12 23 1 17
13 0 2 3
13 1 3 8
13 4 32 2
13 9 98 2
13 10 26 1
13 11 1 1
13 12 43 1
13 16 1 3
13 23 1 18
13 24 1 20
13 26 1 3
13 27 1 5
14 3 19 11
14 4 4 25
14 7 96 2
14 8 2 11
14 9 2 23
14 10 111 1
14 11 259 1
14 12 1 17
14 13 1 14
14 15 6 24
14 20 1 22
15 1 50 1
15 6 1 17
15 7 2 5
15 8 180 1
15 11 9 5
15 12 2 2
15 16 21 1
15 17 66 8
15 25 1 1
16 0 97 15
16 1 73 1
16 2 14 6
16 3 160 1
16 5 147 1
16 7 1 3
16 8 132 1
16 9 1 15
16 12 57 17
16 15 21 1
16 17 1 9
16 18 11 2
16 24 122 3
17 0 274 1
17 1 53 1
17 2 163 2
17 3 3 10
17 4 1 10
17 5 130 2
17 6 5 19
17 8 3 10
17 12 122 8
17 13 50 1
17 16 156 1
17 18 44 3
17 23 49 20
17 27 2 16
18 1 2 5
18 4 2 16
18 5 33 3
18 6 2 29
18 8 147 4
18 11 24 1
18 12 5 15
18 13 34 10
18 17 46 1
18 26 2 26
19 0 1 1
19 10 104 6
19 18 10 5
19 20 11 4
20 0 187 1
20 1 45 1
20 3 1 7
20 5 1 9
20 10 55 1
20 24 75 5
21 11 1 9
21 12 105 1
21 16 1 8
22 4 65 11
22 6 19 1
22 8 7 17
22 10 158 3
22 12 13 2
22 14 3 11
22 20 33 7
22 23 15 1
23 0 3 3
23 4 60 2
23 7 38 1
23 10 2 20
23 11 1 12
23 24 40 1
24 0 195 1
24 1 54 1
24 2 1 25
24 3 26 1
24 5 25 1
24 7 9 24
24 8 88 1
24 10 32 1
24 16 21 7
25 5 1 27
25 6 113 1
25 7 4 27
25 8 1 16
25 11 69 9
25 15 3 3
25 26 44 1
25 27 47 2
26 1 4 6
26 2 1 21
26 7 18 7
26 8 9 1
26 11 2 18
26 16 26 20
26 18 1 29
26 27 2 26
27 0 15 8
27 1 79 2
27 3 29 1
27 5 1 28
27 7 1 20
27 8 5 15
27 10 1 8
27 11 1 18
27 17 7 10
27 19 4 2
27 25 1 21
