0 1 21 18
0 2 2 11
0 3 64 29
0 4 1 9
0 5 1 29
0 7 2 11
0 8 2 2
0 11 1 2
0 16 1 23
0 17 17 4
0 19 2 26
0 20 1 9
0 24 1 18
1 0 332 21
1 2 1 5
1 3 13 12
1 4 377 1
1 5 54 20
1 6 152 1
1 7 155 1
1 8 2 28
1 10 142 1
1 16 1 11
1 17 102 1
1 20 50 1
1 23 77 24
1 24 16 15
1 26 1 3
2 0 20 1
2 1 25 26
2 7 12 15
2 8 287 1
2 9 6 17
2 17 20 26
2 19 27 2
2 20 1 2
2 23 3 16
3 0 1 26
3 1 2 27
3 2 17 1
3 4 184 2
3 6 61 1
3 7 117 1
3 8 5 22
3 10 8 4
3 11 18 1
3 16 1 7
3 19 54 26
3 24 21 3
3 26 4 24
4 0 61 1
4 2 2 9
4 5 257 1
4 6 2 9
4 8 280 1
4 9 12 5
4 10 1 20
4 11 1 24
4 16 11 23
4 17 3 14
4 18 1 23
4 19 113 5
4 20 7 1
4 27 13 12
5 3 1 25
5 4 277 1
5 6 87 16
5 8 4 18
5 9 6 13
5 10 24 2
5 14 2 17
5 15 10 29
5 24 1 12
6 0 1 6
6 1 4 10
6 4 254 2
6 5 153 1
6 7 6 29
6 8 40 26
6 9 8 19
6 10 158 29
6 11 2 9
6 12 260 3
6 13 118 13
6 19 4 8
6 23 1 12
6 24 5 16
7 2 1 28
7 3 115 1
7 4 251 2
7 5 89 1
7 6 4 22
7 8 42 1
7 9 157 2
7 10 11 2
7 11 19 7
7 14 161 1
7 17 3 2
7 25 4 22
7 27 10 17
8 1 17 6
8 2 191 1
8 3 2 3
8 4 279 1
8 5 1 16
8 6 354 1
8 7 107 1
8 9 1 5
8 10 96 1
8 11 173 1
8 14 13 29
8 16 1 25
8 17 1 21
8 18 27 2
8 20 9 25
8 22 6 1
8 24 1 8
8 25 75 1
9 0 1 29
9 1 104 1
9 2 1 26
9 3 86 1
9 4 13 20
9 5 2 12
9 6 15 22
9 7 1 27
9 8 359 5
9 11 1 6
9 12 1 19
9 16 1 2
9 18 1 19
9 25 84 3
10 0 191 1
10 2 9 23
10 3 18 1
10 6 3 26
10 8 54 1
10 9 2 17
10 11 3 16
10 12 3 20
10 14 158 29
10 15 229 1
10 17 57 8
10 18 10 11
10 20 2 22
10 22 49 3
11 0 1 12
11 1 31 9
11 2 137 1
11 4 2 5
11 6 1 15
11 7 152 1
11 8 221 1
11 9 292 1
11 10 290 10
11 12 188 22
11 13 1 16
11 14 1 3
11 15 1 2
11 17 13 6
11 19 25 1
11 20 1 5
11 23 43 1
11 24 63 2
11 25 52 1
11 27 198 3
12 8 1 29
12 9 90 1
12 10 167 1
12 11 72 1
12 13 2 14
12 18 1 25
12 19 17 12
12 25 1 12
13 7 61 1
13 11 1 29
13 14 45 2
13 18 4 2
13 23 1 2
14 4 2 4
14 6 7 22
14 7 86 1
14 8 1 12
14 9 2 1
14 10 97 1
14 11 237 1
14 12 6 5
14 15 51 2
14 17 11 9
14 23 2 18
15 5 29 6
15 6 2 19
15 7 1 15
15 8 175 3
15 10 48 1
15 11 5 16
15 12 1 29
15 14 1 13
15 17 2 26
15 24 8 21
15 25 1 19
16 1 1 20
16 2 13 1
16 3 1 1
16 5 47 20
16 6 1 5
16 8 1 26
16 11 1 1
16 14 1 20
16 17 6 19
16 18 2 5
17 0 266 1
17 1 88 21
17 2 155 1
17 7 213 1
17 8 1 29
17 12 120 8
17 13 49 1
17 16 132 1
17 20 131 1
17 24 1 21
17 25 63 20
18 1 83 25
18 6 22 1
18 7 1 13
18 9 4 28
18 10 1 13
18 12 26 1
18 14 36 1
18 17 40 1
19 1 163 28
19 3 16 1
19 4 1 11
19 5 17 9
19 11 2 2
19 12 43 3
19 15 11 10
19 20 202 1
20 1 39 1
20 3 2 11
20 4 151 7
20 5 6 16
20 7 1 2
20 10 1 12
20 13 55 28
20 15 36 2
20 16 85 7
20 19 306 1
20 24 74 7
20 25 78 9
21 9 1 8
21 12 1 3
21 26 1 22
22 0 5 21
22 4 64 4
22 9 8 1
22 13 7 29
22 15 1 27
22 18 8 1
22 23 11 1
23 2 1 23
23 3 20 3
23 4 59 1
23 12 16 20
23 15 4 3
23 20 2 10
24 0 18 26
24 1 1 16
24 3 1 6
24 6 1 18
24 10 27 2
24 16 1 2
24 22 4 14
25 0 11 2
25 5 2 28
25 7 1 20
25 8 4 8
25 11 16 8
25 27 41 2
26 0 2 23
26 1 5 13
26 6 2 20
26 8 7 17
26 11 2 28
26 24 26 3
26 27 1 28
27 6 10 7
27 7 43 28
27 11 5 25
27 16 1 19
27 17 7 19
27 22 1 3
27 24 23 5
27 25 2 8
