0 1 16 24
0 2 8 6
0 3 14 18
0 4 1 18
0 5 22 16
0 6 1 27
0 7 6 9
0 8 25 27
0 14 20 4
0 16 15 4
0 17 2 1
0 19 1 1
0 20 1 2
0 24 16 20
1 0 426 24
1 2 81 6
1 3 14 12
1 4 86 1
1 5 40 28
1 6 239 1
1 7 135 1
1 8 62 29
1 9 1 10
1 10 126 1
1 13 1 6
1 16 16 2
1 17 82 1
1 19 1 24
1 20 43 1
1 24 67 17
2 0 10 2
2 1 9 9
2 3 130 1
2 8 213 1
2 11 5 1
2 13 14 14
2 15 27 3
2 18 5 17
3 0 42 15
3 1 26 17
3 5 46 27
3 6 47 1
3 7 67 1
3 8 30 28
3 11 8 2
3 13 13 5
3 16 16 17
3 17 7 24
3 19 3 9
3 24 49 26
4 0 46 1
4 1 1 20
4 5 195 1
4 6 14 25
4 8 250 1
4 9 2 13
4 10 6 24
4 12 22 1
4 18 2 22
4 23 3 16
5 0 15 14
5 1 48 7
5 3 15 22
5 4 214 1
5 6 1 20
5 8 18 17
5 9 166 1
5 16 16 12
5 17 110 1
5 18 48 1
5 20 77 1
5 24 18 27
6 0 12 22
6 1 10 11
6 5 153 1
6 7 1 1
6 8 47 20
6 9 39 2
6 10 118 1
6 11 24 28
6 14 159 1
6 18 2 9
6 19 1 21
6 20 1 14
6 24 107 22
6 27 4 1
7 1 47 2
7 2 9 1
7 3 312 24
7 5 74 1
7 6 95 26
7 8 129 1
7 9 144 1
7 11 14 7
7 14 148 2
7 19 1 3
7 20 1 17
7 21 70 3
7 23 4 12
7 25 3 9
7 27 7 6
8 0 315 28
8 1 31 5
8 2 118 1
8 3 18 27
8 4 249 1
8 5 29 16
8 6 88 26
8 7 104 1
8 9 136 8
8 10 242 1
8 11 153 1
8 14 2 27
8 16 37 8
8 17 1 17
8 18 4 28
8 21 31 10
8 23 102 3
8 24 36 5
8 25 67 3
8 26 87 1
9 1 87 2
9 2 1 16
9 3 80 1
9 4 34 10
9 5 7 26
9 8 38 1
9 10 20 1
9 12 3 14
9 13 91 1
9 14 4 16
9 18 1 1
9 20 1 20
10 1 10 2
10 2 6 29
10 4 6 2
10 6 2 2
10 8 7 1
10 9 8 2
10 11 6 1
10 12 1 25
10 13 1 15
10 14 62 1
10 15 211 2
10 19 44 2
10 20 2 29
10 25 1 27
10 26 1 8
11 0 1 17
11 2 124 1
11 3 1 5
11 4 6 24
11 6 1 22
11 7 90 1
11 8 189 1
11 9 6 1
11 13 54 1
11 14 7 5
11 15 2 16
11 16 3 8
11 20 1 12
11 23 32 2
11 24 41 1
11 25 109 1
11 26 4 8
12 2 28 3
12 3 1 4
12 5 165 2
12 6 38 1
12 7 1 7
12 8 10 25
12 9 61 1
12 10 150 1
12 17 71 5
12 18 1 13
12 20 64 6
12 23 1 13
12 25 1 12
13 0 1 9
13 1 1 20
13 4 27 3
13 12 21 1
13 14 15 1
13 15 4 6
13 16 1 26
13 17 56 15
13 20 45 19
13 21 1 7
14 4 16 24
14 7 73 1
14 8 2 4
14 10 59 1
14 11 210 1
14 12 1 21
14 13 2 18
14 15 41 1
14 19 12 8
14 22 31 1
14 23 1 8
14 24 22 2
15 6 73 24
15 7 29 13
15 8 170 1
15 10 33 1
15 11 3 9
15 14 1 16
15 23 5 6
15 24 8 16
15 27 1 27
16 0 16 3
16 1 25 22
16 2 11 4
16 3 36 15
16 5 30 17
16 8 22 25
16 10 1 12
16 17 30 15
16 18 1 4
16 20 1 21
16 24 47 4
17 0 255 1
17 1 86 1
17 2 144 1
17 3 8 7
17 4 1 19
17 5 120 3
17 6 1 22
17 8 1 3
17 10 22 2
17 12 118 1
17 15 29 1
17 16 105 1
17 19 1 17
17 21 12 1
17 23 4 10
17 24 1 16
17 27 2 5
18 4 8 7
18 6 1 25
18 8 135 3
18 9 1 1
18 10 1 13
18 16 18 2
18 19 36 13
18 20 23 1
19 0 1 8
19 1 13 29
19 4 5 26
19 5 16 19
19 6 101 2
19 7 129 3
19 10 1 3
19 20 176 28
19 26 6 9
20 0 154 1
20 3 1 11
20 5 6 13
20 7 5 7
20 8 3 23
20 10 2 25
20 11 157 1
20 12 2 3
20 15 5 14
20 19 42 1
21 26 1 29
22 0 5 24
22 5 1 13
22 6 15 1
22 10 151 1
22 13 1 3
22 20 2 16
23 6 10 1
23 7 26 3
23 10 6 25
23 11 219 6
23 12 6 23
23 24 32 2
23 25 4 22
24 0 42 5
24 1 15 19
24 2 1 25
24 3 44 11
24 5 35 26
24 6 11 7
24 8 48 14
24 9 88 4
24 10 21 3
24 16 16 27
24 20 3 10
24 23 5 26
25 0 9 1
25 7 2 17
25 11 1 26
25 15 1 1
25 21 11 13
26 6 1 1
26 17 54 20
26 25 6 12
26 27 4 28
27 0 13 4
27 9 1 23
27 11 1 27
27 15 1 3
27 26 1 3
