0 1 3 17
0 2 1 1
0 3 38 8
0 5 36 17
0 7 2 17
0 8 14 19
0 9 1 20
0 10 244 1
0 16 5 17
0 20 1 23
0 24 5 28
1 0 25 21
1 3 73 14
1 4 7 17
1 5 22 19
1 6 2 27
1 8 47 29
1 9 34 2
1 10 271 1
1 13 1 23
1 16 5 7
1 18 74 2
1 19 26 1
1 24 22 19
2 0 177 1
2 1 330 1
2 3 30 1
2 4 53 1
2 5 15 2
2 6 115 1
2 7 1 19
2 8 9 27
2 10 94 1
2 11 87 1
2 15 31 27
2 17 4 25
2 23 2 6
3 0 3 13
3 1 16 25
3 2 5 27
3 5 48 18
3 7 278 1
3 8 5 5
3 10 90 1
3 11 172 1
3 16 21 29
3 20 45 1
3 24 17 29
4 0 215 1
4 1 361 1
4 2 2 17
4 5 407 5
4 6 18 2
4 7 1 26
4 11 1 24
4 16 1 13
4 17 4 7
4 18 110 1
4 19 1 2
4 23 59 19
4 25 4 13
4 27 24 7
5 0 74 25
5 1 287 28
5 2 1 21
5 3 29 5
5 4 2 6
5 6 352 1
5 7 2 6
5 8 33 9
5 9 7 8
5 10 249 17
5 12 1 13
5 16 5 22
5 17 150 5
5 18 97 1
5 24 338 25
6 1 222 1
6 2 119 1
6 3 35 2
6 4 2 28
6 5 122 1
6 7 1 5
6 8 229 23
6 9 142 15
6 10 2 3
6 13 110 29
6 17 43 2
6 20 1 7
7 0 111 1
7 1 215 1
7 2 35 1
7 3 3 6
7 4 281 26
7 5 216 2
7 6 1 20
7 8 192 1
7 10 182 1
7 11 162 1
7 13 37 3
7 15 123 1
7 17 33 1
7 24 153 28
7 25 1 22
7 27 1 20
8 0 5 4
8 1 53 29
8 2 2 6
8 3 30 11
8 5 38 12
8 6 28 1
8 7 272 1
8 9 2 15
8 10 6 17
8 11 259 3
8 14 1 21
8 15 32 1
8 16 37 27
8 18 1 1
8 19 13 2
8 21 49 1
8 24 36 13
8 25 136 2
9 1 240 1
9 4 11 1
9 5 211 1
9 6 6 15
9 8 3 6
9 10 5 7
9 11 1 12
9 12 57 1
9 15 57 1
9 18 1 15
9 19 1 2
9 24 81 4
9 27 1 22
10 0 238 1
10 3 111 1
10 4 101 1
10 5 3 23
10 6 2 8
10 7 102 1
10 8 46 1
10 9 333 1
10 11 8 23
10 12 2 1
10 13 1 16
10 14 4 8
10 15 1 6
10 17 1 22
10 18 29 8
10 24 59 1
10 25 11 1
10 26 1 11
11 1 1 15
11 2 222 1
11 3 4 22
11 5 12 5
11 6 196 13
11 7 20 25
11 8 343 1
11 12 1 17
11 13 1 18
11 14 6 2
11 15 354 1
11 17 44 1
11 18 32 5
11 22 18 2
11 23 152 2
11 24 4 24
11 27 1 19
12 0 1 16
12 1 9 4
12 2 56 1
12 6 158 1
12 8 14 16
12 9 371 1
12 10 286 2
12 11 125 1
12 13 1 16
12 18 1 3
12 21 29 2
12 22 48 4
12 26 26 7
13 6 121 4
13 7 113 2
13 12 156 1
14 2 15 7
14 5 1 4
14 7 186 1
14 9 10 4
14 10 4 18
14 15 31 27
15 1 74 3
15 9 7 1
15 10 206 1
15 11 75 1
15 13 2 12
15 14 92 1
15 16 25 1
15 17 1 17
15 19 1 24
15 20 55 1
15 22 15 16
15 25 1 1
15 27 1 24
16 0 5 27
16 1 6 26
16 3 5 14
16 4 24 4
16 5 21 4
16 8 39 23
16 10 11 9
16 15 25 2
16 17 15 1
16 19 29 11
16 24 324 20
16 26 22 12
17 1 240 1
17 3 2 27
17 6 4 9
17 11 175 3
17 12 132 7
17 16 335 1
17 24 1 13
18 1 1 16
18 4 1 18
18 5 74 2
18 6 1 3
18 8 183 1
18 15 3 3
18 16 2 2
19 0 91 1
19 16 42 1
19 20 3 9
20 2 157 9
20 3 3 20
20 5 3 20
20 6 5 1
20 14 1 6
20 15 1 3
20 19 4 17
20 25 1 23
20 26 9 1
21 0 4 4
21 6 1 23
21 15 5 2
21 20 7 10
21 22 17 12
21 24 4 13
21 25 12 14
22 6 37 1
22 7 114 18
22 9 24 1
22 10 1 29
23 3 28 1
23 4 67 3
23 7 91 2
23 8 68 2
23 10 74 23
23 11 1 15
23 12 1 16
23 27 16 10
24 0 15 23
24 1 311 5
24 3 17 27
24 5 5 23
24 8 5 24
24 11 116 1
24 14 11 13
24 16 5 19
24 21 4 8
24 23 2 26
25 7 1 6
25 10 2 6
25 11 2 12
25 12 2 5
25 27 80 10
26 8 20 5
26 11 1 28
26 19 6 16
26 20 17 7
27 0 27 2
27 1 81 24
27 7 1 20
27 11 5 1
27 12 56 29
27 17 1 25
27 26 64 1
