0 1 13 29
0 2 1 16
0 3 11 21
0 4 2 27
0 5 78 18
0 6 4 18
0 7 13 9
0 8 15 15
0 10 200 1
0 11 269 1
0 14 19 3
0 15 1 24
0 16 53 7
0 17 1 27
0 19 1 21
0 20 9 18
0 24 14 7
1 0 13 24
1 2 175 1
1 3 12 21
1 4 347 1
1 5 20 15
1 6 198 1
1 7 121 1
1 8 222 19
1 9 2 24
1 10 113 1
1 11 7 24
1 13 1 29
1 16 81 1
1 17 74 17
1 20 37 3
1 21 5 12
1 24 14 24
2 0 5 1
2 1 17 15
2 3 99 1
2 6 1 2
2 8 255 1
2 9 1 10
2 10 1 21
2 13 14 15
2 17 1 20
2 24 3 9
3 0 33 22
3 1 15 18
3 2 2 24
3 5 75 20
3 7 40 1
3 8 49 11
3 9 1 18
3 10 1 7
3 11 4 1
3 16 14 26
3 17 1 3
3 20 1 17
3 24 28 26
3 25 1 17
4 0 36 1
4 1 2 15
4 2 2 16
4 3 2 12
4 5 149 1
4 6 3 25
4 8 228 1
4 9 13 15
4 11 1 19
4 12 17 3
4 13 18 6
4 14 23 1
4 18 1 22
4 20 3 4
4 23 3 16
4 24 1 29
4 27 11 5
5 0 13 16
5 1 14 12
5 3 14 29
5 4 167 1
5 6 95 1
5 7 1 5
5 8 47 14
5 9 143 1
5 10 20 1
5 14 1 26
5 15 1 11
5 16 57 9
5 19 1 6
5 21 1 7
5 24 24 14
5 25 34 8
6 0 3 11
6 1 15 1
6 5 253 1
6 7 24 9
6 8 19 22
6 9 369 1
6 10 135 1
6 11 2 12
6 12 247 2
6 13 117 1
6 14 154 1
6 16 115 1
6 19 7 13
6 21 13 13
6 23 1 15
7 1 37 2
7 2 18 5
7 3 80 1
7 6 124 5
7 8 80 1
7 9 134 1
7 10 1 1
7 11 4 23
7 16 1 24
7 20 1 19
7 25 1 25
7 27 3 4
8 0 59 21
8 1 75 4
8 2 72 1
8 3 28 20
8 4 227 1
8 5 45 12
8 6 311 1
8 7 30 1
8 9 26 9
8 10 202 1
8 11 127 21
8 12 7 20
8 14 7 3
8 16 13 5
8 17 1 23
8 18 1 12
8 20 5 13
8 23 99 4
8 24 77 29
8 25 62 1
9 0 2 27
9 1 76 1
9 2 1 25
9 3 76 1
9 4 1 3
9 5 16 14
9 6 222 1
9 8 366 1
9 10 146 1
9 11 2 3
9 12 5 8
9 13 88 6
9 14 5 14
9 19 2 10
9 20 19 7
9 21 63 1
9 24 2 4
9 27 1 12
10 0 176 3
10 1 313 1
10 2 18 12
10 3 7 1
10 4 3 5
10 6 30 26
10 9 15 5
10 11 15 3
10 12 1 9
10 13 20 6
10 14 132 1
10 15 197 1
10 20 1 6
10 25 3 18
11 0 2 29
11 1 1 15
11 2 114 1
11 3 4 7
11 5 1 27
11 6 2 17
11 7 37 1
11 8 164 1
11 10 224 1
11 13 4 23
11 14 2 6
11 15 8 18
11 16 1 26
11 17 9 3
11 18 11 1
11 20 1 24
11 21 38 1
11 23 25 1
11 24 245 1
11 25 8 23
11 27 184 2
12 0 11 2
12 3 1 27
12 4 216 1
12 5 159 1
12 8 2 12
12 9 41 1
12 10 137 1
12 11 60 1
12 13 148 2
12 15 79 2
12 17 69 2
12 19 17 9
12 27 17 14
13 4 26 2
13 5 1 3
13 6 97 1
13 7 49 3
13 11 57 16
13 12 13 3
13 14 33 1
13 24 18 5
13 27 2 15
14 0 8 20
14 1 94 4
14 3 15 3
14 6 1 10
14 7 64 1
14 8 1 20
14 10 22 1
14 11 188 1
14 12 7 2
14 15 14 1
14 26 24 1
14 27 1 19
15 1 40 6
15 5 28 6
15 7 47 18
15 10 24 1
15 11 28 17
15 14 5 25
15 20 34 1
15 21 11 9
15 24 24 6
15 25 1 16
16 0 13 28
16 1 36 13
16 2 9 7
16 3 44 3
16 5 42 14
16 8 38 28
16 10 17 24
16 15 19 10
16 17 33 19
16 18 27 23
16 24 13 4
16 25 15 3
17 0 247 1
17 1 61 1
17 2 136 1
17 3 2 26
17 4 11 26
17 5 116 2
17 6 2 28
17 7 205 1
17 8 1 13
17 9 159 1
17 10 1 26
17 16 86 1
17 20 125 6
17 24 1 10
17 25 63 18
18 1 6 8
18 5 20 2
18 6 1 24
18 8 130 3
18 9 1 14
18 11 18 2
18 13 34 2
19 0 7 24
19 3 11 2
19 4 21 8
19 16 42 4
19 20 167 1
20 1 27 1
20 5 9 20
20 6 1 3
20 7 1 13
20 11 152 1
20 19 21 1
21 6 4 29
21 13 8 17
21 16 1 19
21 18 5 21
22 0 2 9
22 1 35 4
22 4 63 1
22 8 1 2
22 11 109 1
22 12 5 1
22 13 1 18
22 17 1 20
22 20 3 19
22 21 6 1
22 23 5 6
22 26 1 21
23 0 1 1
23 1 44 9
23 2 2 9
23 3 18 7
23 22 17 1
24 0 25 27
24 1 56 17
24 3 29 16
24 5 30 24
24 6 1 5
24 7 6 1
24 8 99 11
24 11 3 17
24 15 21 5
24 16 167 5
24 22 17 6
25 2 1 17
25 3 33 3
25 5 2 8
25 6 105 2
25 7 5 19
25 9 5 9
25 11 2 11
25 22 2 21
25 26 40 1
25 27 28 1
26 6 1 7
26 27 1 7
27 1 77 1
27 8 1 7
27 9 37 18
27 16 2 29
27 20 1 18
27 24 21 1
27 25 1 18
27 26 1 29
