0 1 57 22
0 2 1 7
0 3 6 13
0 5 116 3
0 6 20 25
0 7 2 6
0 8 37 24
0 10 195 1
0 12 3 2
0 13 60 9
0 15 72 18
0 16 3 17
0 17 1 4
0 18 1 4
0 19 31 6
0 20 2 9
0 23 26 1
0 24 3 18
0 25 1 21
1 0 214 29
1 2 20 1
1 3 16 3
1 4 61 1
1 5 2 7
1 6 72 1
1 7 108 1
1 8 106 18
1 10 103 1
1 14 114 1
1 16 3 5
1 17 84 1
1 19 3 26
1 20 33 1
1 22 41 1
1 24 3 24
2 0 1 3
2 1 108 3
2 3 81 1
2 4 1 10
2 6 3 25
2 7 77 13
2 8 182 1
2 9 78 8
2 17 1 23
2 20 4 1
2 23 1 28
3 0 23 6
3 1 4 2
3 2 3 21
3 4 176 3
3 5 14 28
3 6 30 1
3 7 20 1
3 8 1 3
3 16 2 16
3 17 2 21
3 18 19 6
3 19 54 3
3 20 1 11
3 22 11 1
3 24 131 18
3 25 2 21
3 26 1 9
4 0 28 1
4 1 6 1
4 2 27 24
4 3 7 27
4 5 112 1
4 6 2 3
4 8 208 1
4 9 2 27
4 10 12 13
4 14 20 1
4 16 94 13
4 17 276 2
4 18 1 1
4 20 3 1
4 24 46 3
5 0 80 22
5 1 47 26
5 3 2 10
5 4 129 1
5 6 378 1
5 8 89 24
5 9 64 1
5 10 15 14
5 14 10 5
5 16 30 24
5 20 2 8
5 24 182 16
6 0 4 22
6 1 6 8
6 2 5 12
6 3 3 29
6 4 95 1
6 5 94 1
6 7 4 4
6 8 138 6
6 9 135 1
6 10 96 1
6 11 1 6
6 12 241 1
6 13 116 1
6 14 149 2
6 16 113 1
6 18 1 8
6 21 13 1
6 23 71 16
6 25 26 1
7 1 30 1
7 2 10 7
7 3 291 1
7 4 232 1
7 6 5 3
7 8 57 1
7 9 125 1
7 11 23 12
7 14 130 1
7 16 2 29
7 19 1 24
7 20 1 3
7 22 1 2
7 23 57 3
7 25 9 28
8 0 17 9
8 1 1 17
8 2 40 1
8 3 4 7
8 4 207 1
8 5 6 10
8 6 366 19
8 7 58 1
8 9 6 16
8 10 192 1
8 11 143 1
8 12 37 6
8 14 260 6
8 16 3 1
8 17 1 21
8 20 21 4
8 24 26 13
9 0 2 18
9 1 66 1
9 2 12 1
9 4 7 28
9 5 22 10
9 6 33 1
9 8 342 1
9 10 108 21
9 11 1 20
9 12 2 14
9 14 5 18
9 18 96 3
9 19 1 11
9 25 78 1
9 27 2 25
10 0 171 1
10 2 1 20
10 4 1 10
10 5 13 19
10 6 7 18
10 7 1 29
10 8 3 16
10 9 5 23
10 11 285 14
10 12 1 11
10 14 22 1
10 15 184 1
10 17 1 4
10 20 11 27
10 22 34 1
10 23 126 2
10 24 4 1
11 2 105 2
11 3 9 27
11 4 6 14
11 5 3 22
11 6 326 12
11 7 5 1
11 8 142 1
11 9 1 1
11 10 189 1
11 13 1 22
11 14 1 4
11 15 4 2
11 17 7 4
11 18 9 1
11 19 18 2
11 20 1 26
11 23 19 1
11 24 49 1
11 25 56 1
11 26 2 13
11 27 178 1
12 0 66 22
12 2 25 1
12 4 213 3
12 5 153 1
12 6 25 1
12 9 27 1
12 10 126 1
12 11 56 2
12 15 76 3
12 17 67 1
12 19 2 28
12 27 17 2
13 7 45 1
13 8 1 5
13 10 1 2
13 11 3 24
13 12 8 3
13 14 29 1
13 27 1 27
14 1 92 1
14 4 1 6
14 6 1 17
14 7 56 1
14 8 73 6
14 10 37 1
14 11 169 1
14 12 8 23
14 15 28 1
14 23 1 23
15 7 14 29
15 10 16 1
15 11 15 7
15 12 19 23
15 14 5 6
15 16 19 3
15 19 1 6
15 23 7 26
15 25 1 25
16 0 3 3
16 1 41 17
16 3 2 5
16 5 49 15
16 8 3 20
16 10 11 15
16 11 1 17
16 17 1 9
16 18 6 16
16 20 79 23
16 24 3 18
17 1 49 1
17 2 128 1
17 5 112 2
17 6 1 1
17 10 25 11
17 16 70 1
17 19 87 18
18 0 81 1
18 2 2 3
18 4 10 22
18 6 4 22
18 7 3 28
18 9 8 27
18 10 1 7
18 14 33 7
18 16 219 1
18 17 25 4
19 0 1 6
19 1 13 2
19 3 9 4
19 4 1 28
19 10 104 2
19 20 169 15
19 25 1 22
20 0 129 1
20 4 1 23
20 7 1 25
20 9 117 1
20 10 2 7
20 11 148 1
20 19 7 1
21 4 68 11
21 6 1 12
21 7 44 7
21 11 3 22
22 0 1 14
22 8 2 1
22 10 143 4
22 23 3 7
23 1 4 25
23 4 55 5
23 7 19 1
23 10 6 29
23 19 1 5
23 21 15 8
23 24 26 1
24 0 171 8
24 1 86 3
24 3 63 13
24 5 31 29
24 8 108 17
24 11 1 2
24 12 1 7
24 14 25 19
24 16 23 26
24 26 4 1
24 27 5 3
25 1 4 17
25 3 31 4
25 5 3 18
25 6 103 3
25 7 23 13
25 11 290 25
25 12 8 10
25 20 2 5
25 22 1 5
26 1 9 1
26 7 3 28
26 11 1 27
26 20 9 1
26 25 43 12
26 27 5 24
27 2 2 28
27 7 12 7
27 8 1 19
27 11 1 26
27 15 1 23
27 22 1 19
27 26 2 14
