0 1 82 1
0 2 4 15
0 3 156 1
0 4 1 29
0 5 15 1
0 6 2 23
0 8 30 1
0 10 190 2
0 11 265 2
0 14 16 1
0 16 24 1
0 17 9 28
0 19 86 16
0 20 1 26
0 24 35 24
1 0 146 1
1 2 152 1
1 3 104 11
1 4 48 1
1 5 12 2
1 6 53 1
1 7 98 1
1 8 237 1
1 9 3 4
1 10 94 1
1 15 1 8
1 16 19 1
1 17 54 1
1 18 2 1
1 20 29 3
1 22 40 1
1 24 6 26
1 27 2 8
2 1 193 17
2 3 77 1
2 4 2 8
2 6 12 3
2 8 147 1
2 10 1 27
2 14 32 2
2 17 144 6
2 20 1 14
2 21 1 19
3 0 223 19
3 1 179 9
3 2 20 22
3 4 191 1
3 5 4 23
3 6 24 2
3 7 8 1
3 8 381 1
3 9 124 20
3 14 38 7
3 16 24 14
3 20 3 19
3 23 1 6
3 24 89 2
4 0 22 1
4 1 14 18
4 2 12 10
4 5 83 1
4 6 7 17
4 8 191 1
4 9 2 7
4 12 12 1
4 14 19 1
4 16 33 17
4 18 1 29
4 22 8 3
4 23 63 24
4 24 46 28
5 0 18 22
5 1 86 2
5 3 171 8
5 4 98 1
5 6 37 1
5 7 229 19
5 8 243 2
5 9 48 1
5 10 268 1
5 12 2 2
5 14 1 13
5 16 72 1
5 17 97 1
5 20 1 12
6 0 4 25
6 1 9 19
6 2 14 14
6 3 6 25
6 4 84 1
6 5 16 1
6 7 3 22
6 8 262 25
6 9 57 1
6 10 67 1
6 11 1 21
6 16 111 1
6 18 1 7
6 19 25 1
6 21 12 1
6 23 7 3
6 25 23 6
7 2 12 4
7 3 254 1
7 4 227 1
7 5 46 1
7 6 5 4
7 8 33 1
7 9 118 1
7 11 23 7
7 12 48 1
7 14 122 2
7 15 2 26
7 16 1 18
7 20 1 2
7 22 15 3
7 23 13 16
7 26 10 9
7 27 4 25
8 0 31 15
8 1 43 1
8 2 19 1
8 3 205 26
8 4 190 1
8 5 63 1
8 6 56 1
8 7 33 1
8 9 1 16
8 10 114 1
8 11 117 1
8 12 1 4
8 14 1 2
8 16 50 1
8 17 11 18
8 20 1 21
8 25 53 1
9 2 1 6
9 3 69 1
9 4 1 25
9 5 135 12
9 6 26 1
9 7 1 24
9 8 321 1
9 10 85 1
9 11 46 22
9 12 1 18
9 14 2 6
9 15 8 1
9 16 1 3
9 18 98 4
9 20 19 11
10 0 166 1
10 2 38 11
10 6 45 11
10 7 2 19
10 8 8 11
10 9 4 29
10 11 2 24
10 12 3 3
10 13 2 9
10 14 12 1
10 15 172 1
10 16 1 25
10 17 12 2
10 22 30 1
10 23 123 2
10 26 93 5
11 0 33 10
11 4 55 18
11 5 1 17
11 6 328 17
11 7 1 4
11 8 125 1
11 10 160 1
11 13 3 11
11 14 2 7
11 15 37 14
11 16 1 22
11 18 9 1
11 20 1 9
11 24 268 1
11 25 39 1
11 26 7 13
11 27 173 1
12 1 1 8
12 4 1 3
12 6 20 2
12 7 1 10
12 8 1 13
12 9 17 1
12 10 116 1
12 11 53 2
12 13 146 1
12 17 65 2
12 20 4 12
12 22 2 10
12 26 32 10
13 9 86 5
13 11 1 27
13 14 22 1
13 23 1 11
13 24 1 1
14 0 1 14
14 1 89 4
14 3 13 1
14 4 2 9
14 5 1 17
14 6 5 13
14 7 50 1
14 8 3 11
14 9 1 24
14 10 24 1
14 11 153 1
14 12 2 2
14 13 4 21
14 20 1 10
15 0 1 11
15 6 12 6
15 7 4 10
15 8 156 2
15 10 11 1
15 11 2 26
15 12 1 6
15 14 24 23
15 24 2 9
16 0 205 1
16 1 65 15
16 3 103 9
16 5 19 1
16 8 224 1
16 17 1 11
16 18 8 23
16 21 6 18
16 24 15 1
17 0 231 2
17 1 34 1
17 2 121 2
17 3 3 19
17 4 13 17
17 5 109 1
17 6 5 16
17 7 199 2
17 8 9 25
17 9 153 1
17 10 4 28
17 13 44 10
17 16 58 1
17 18 22 1
17 20 121 1
18 0 78 2
18 6 3 12
18 7 1 27
18 16 225 1
18 17 22 3
19 0 1 19
19 1 11 1
19 3 8 3
19 4 3 3
19 5 14 13
19 10 108 26
19 20 112 1
19 21 1 6
19 24 1 22
20 0 119 1
20 1 21 1
20 2 129 3
20 3 3 11
20 8 1 2
20 16 84 1
20 18 45 2
20 19 279 1
20 23 1 1
21 4 67 3
21 6 1 12
21 7 43 10
21 11 4 29
21 13 8 1
21 18 12 19
21 20 1 23
21 22 1 18
22 0 1 24
22 8 5 21
22 9 4 1
22 10 140 2
22 11 101 3
22 23 2 3
22 26 1 7
23 0 1 27
23 3 17 1
23 6 7 1
23 8 25 1
23 14 4 2
23 16 15 3
23 17 3 16
23 20 3 10
24 0 153 3
24 1 38 1
24 3 21 5
24 4 63 1
24 5 192 2
24 7 5 2
24 8 98 1
24 11 1 1
24 12 1 20
24 16 70 1
24 23 5 11
25 0 5 5
25 1 1 9
25 4 81 4
25 5 11 11
25 7 1 4
25 8 1 29
25 9 4 1
25 10 28 2
25 11 19 2
25 12 1 29
25 18 1 23
25 27 20 1
26 1 35 29
26 7 1 28
26 11 1 26
26 16 26 23
26 25 43 5
27 1 75 19
27 9 37 14
27 10 1 3
27 11 18 26
27 15 5 5
27 17 1 9
27 20 5 21
27 25 5 28
