0 1 54 1
0 3 23 16
0 4 39 1
0 7 4 6
0 8 1 12
0 16 29 9
0 17 1 5
0 20 1 4
0 24 1 2
1 0 21 28
1 2 1 13
1 3 15 19
1 4 7 9
1 5 330 16
1 6 4 25
1 7 305 1
1 8 12 14
1 9 31 1
1 10 268 1
1 11 4 1
1 15 1 19
1 16 17 28
1 17 440 1
1 20 116 1
1 23 77 2
1 24 16 1
2 0 172 1
2 1 23 1
2 3 19 1
2 4 50 2
2 5 14 1
2 6 109 1
2 7 3 29
2 8 11 28
2 10 89 1
2 11 84 1
2 13 10 10
2 17 2 23
2 18 1 13
2 25 31 1
3 0 22 1
3 1 14 11
3 2 4 4
3 5 15 11
3 6 188 1
3 8 188 10
3 8 334 23
3 9 98 5
3 11 166 1
3 13 21 5
3 16 1 1
3 18 44 4
3 24 20 21
4 0 210 1
4 1 344 1
4 2 2 26
4 5 413 4
4 6 14 1
4 7 1 10
4 8 440 1
4 12 92 1
4 13 41 5
4 14 60 1
4 17 2 17
4 18 103 1
4 19 1 27
4 21 4 2
4 24 1 16
5 1 39 17
5 3 45 28
5 4 2 11
5 6 377 1
5 7 125 24
5 8 1 26
5 9 8 16
5 10 2 14
5 12 2 28
5 16 336 1
5 17 150 3
5 21 5 1
5 22 12 5
6 0 7 1
6 1 206 1
6 2 112 1
6 3 32 2
6 4 2 18
6 5 76 1
6 8 1 14
6 9 10 8
6 10 1 5
6 11 2 10
6 12 261 16
6 21 30 1
6 23 1 20
6 24 1 20
6 25 71 1
6 27 17 1
7 0 106 1
7 1 210 1
7 2 31 1
7 3 3 10
7 5 213 1
7 6 1 10
7 8 186 1
7 10 175 1
7 11 128 1
7 15 117 1
7 17 31 4
7 19 5 1
7 20 2 20
7 21 80 1
7 22 44 28
7 23 19 10
7 24 1 29
7 25 1 27
8 0 1 1
8 1 140 1
8 2 1 23
8 3 18 2
8 4 440 1
8 5 33 1
8 6 9 1
8 7 238 1
8 9 6 28
8 10 6 2
8 12 1 9
8 14 1 25
8 15 30 1
8 16 374 23
8 19 13 1
8 24 18 1
8 27 9 1
9 1 237 1
9 2 2 20
9 5 201 1
9 6 9 3
9 7 11 2
9 8 1 1
9 10 27 17
9 11 1 24
9 12 51 1
9 15 55 3
9 16 103 9
9 22 20 6
9 24 81 16
10 1 1 6
10 4 98 1
10 5 99 22
10 6 1 19
10 7 96 1
10 8 333 20
10 9 310 1
10 11 2 16
10 12 3 6
10 13 58 11
10 14 2 2
10 19 71 1
10 20 1 9
10 21 69 1
10 22 107 1
11 0 2 6
11 1 1 20
11 2 220 1
11 3 5 6
11 5 11 2
11 6 2 14
11 7 14 27
11 8 338 23
11 10 209 2
11 13 1 29
11 14 4 2
11 15 337 1
11 17 43 1
11 18 32 3
11 19 51 6
11 20 11 9
11 22 17 5
11 23 149 1
11 24 2 10
11 25 279 2
12 6 154 2
12 8 1 13
12 9 365 1
12 11 124 1
12 13 87 29
12 15 104 5
12 20 51 20
12 21 28 2
12 25 1 26
13 1 1 2
13 9 1 10
13 10 141 1
13 11 1 24
13 12 153 1
13 14 1 22
13 15 2 17
13 16 1 29
14 1 119 6
14 7 184 1
14 8 1 13
14 11 1 20
14 12 1 19
14 15 2 27
14 17 26 2
14 26 25 23
15 5 34 27
15 10 201 2
15 11 61 1
15 14 88 1
15 17 62 3
15 23 1 7
15 24 12 25
15 27 1 28
16 0 13 2
16 1 1 26
16 3 17 17
16 5 1 22
16 17 12 1
16 24 33 6
17 1 233 9
17 5 154 3
17 6 2 27
17 8 1 19
17 16 331 1
17 18 97 1
18 0 127 1
18 1 1 21
18 4 2 1
18 5 73 2
18 8 183 1
18 12 1 10
18 16 1 22
19 0 85 1
19 1 1 27
19 3 40 3
19 6 118 22
19 8 119 17
19 10 1 17
19 17 78 1
19 20 4 24
19 27 1 25
20 1 102 3
20 3 1 12
20 6 4 4
20 8 1 20
20 16 86 13
20 19 88 19
20 25 77 26
21 0 3 7
21 4 71 14
21 9 41 21
22 1 51 2
22 12 47 1
22 15 8 23
22 24 2 1
23 3 28 1
23 7 90 1
23 8 67 4
23 10 1 19
23 11 3 15
23 14 1 12
23 18 29 10
24 0 1 1
24 1 328 14
24 3 71 18
24 4 79 1
24 5 1 28
24 6 1 2
24 7 1 2
24 8 1 10
24 10 82 2
24 11 109 1
24 13 12 10
24 14 1 19
24 16 1 14
25 9 30 4
25 10 1 26
25 11 9 16
25 12 2 29
25 15 19 3
25 17 36 1
25 21 13 21
25 24 8 6
26 5 23 11
26 7 1 21
26 8 20 4
26 24 50 3
26 27 19 1
27 2 15 14
27 7 1 25
27 10 1 1
27 11 4 1
27 26 61 1
