0 1 94 1
0 2 1 12
0 3 29 2
0 4 1 5
0 5 49 7
0 7 1 22
0 8 211 1
0 9 1 27
0 10 184 2
0 16 227 1
0 17 105 24
0 18 12 5
0 19 87 29
0 20 3 22
0 24 103 1
1 0 152 29
1 2 123 1
1 3 435 1
1 4 40 21
1 5 233 1
1 6 106 1
1 7 84 1
1 8 280 1
1 9 3 8
1 10 83 1
1 11 2 28
1 16 157 1
1 17 69 1
1 22 38 1
1 24 184 1
1 25 1 13
1 27 55 27
2 1 21 2
2 3 59 1
2 4 1 18
2 6 2 20
2 7 27 2
2 8 223 1
2 10 1 28
2 14 30 7
2 17 33 24
2 23 1 28
3 0 48 1
3 1 32 1
3 2 16 14
3 4 187 1
3 5 303 1
3 6 17 2
3 8 283 3
3 13 10 17
3 16 98 1
3 17 1 7
3 19 52 1
3 24 26 1
3 27 12 4
4 1 3 21
4 2 1 1
4 5 50 1
4 6 2 7
4 8 169 1
4 9 6 15
4 10 2 18
4 12 8 2
4 13 14 9
4 17 265 2
4 18 9 7
5 0 56 1
5 1 40 1
5 3 92 1
5 4 63 1
5 6 351 1
5 8 137 1
5 9 30 1
5 10 261 1
5 11 1 28
5 14 1 24
5 16 72 7
5 17 92 3
5 18 33 2
5 24 79 1
5 25 33 4
6 0 2 12
6 1 6 14
6 2 1 14
6 3 2 7
6 4 374 1
6 5 3 10
6 7 63 24
6 8 162 15
6 9 333 13
6 10 88 22
6 11 4 20
6 12 227 2
6 13 3 2
6 14 139 1
6 16 108 2
6 17 1 16
6 18 3 29
6 19 25 10
6 20 1 20
6 21 11 4
6 22 1 27
6 23 73 25
6 24 106 25
6 25 21 1
7 0 1 20
7 1 16 1
7 2 31 12
7 3 216 1
7 4 219 2
7 5 37 2
7 6 103 13
7 8 11 1
7 11 76 6
7 14 112 1
7 15 3 10
7 20 1 1
7 22 1 16
7 23 14 15
7 25 9 4
7 26 1 20
7 27 1 9
8 0 68 1
8 1 150 3
8 2 3 1
8 3 161 1
8 4 168 1
8 5 17 1
8 6 230 1
8 7 13 1
8 9 39 22
8 10 57 1
8 11 90 1
8 12 3 29
8 15 1 23
8 16 172 1
8 17 1 1
8 21 26 2
8 23 92 2
8 24 121 1
8 25 47 3
9 1 47 2
9 2 1 10
9 4 11 7
9 5 5 20
9 6 4 28
9 7 9 4
9 8 292 1
9 10 348 1
9 12 2 25
9 13 81 1
9 16 102 7
9 18 1 26
9 20 3 4
9 23 1 15
10 0 159 2
10 1 305 1
10 2 1 21
10 6 258 3
10 7 4 9
10 8 4 17
10 9 4 3
10 11 29 28
10 12 1 3
10 13 1 13
10 14 66 1
10 15 156 1
10 17 1 26
10 19 36 2
10 21 41 2
10 23 118 2
10 25 4 20
11 0 116 5
11 2 88 1
11 3 61 1
11 4 3 8
11 5 1 14
11 6 1 19
11 7 3 15
11 8 103 1
11 9 266 1
11 10 124 1
11 13 2 22
11 14 2 24
11 15 4 28
11 24 47 7
11 25 20 1
11 27 165 1
12 7 1 9
12 9 7 1
12 10 104 1
12 11 48 4
12 13 22 4
12 19 19 5
13 6 88 2
13 7 37 1
13 8 32 12
13 11 1 5
13 12 1 4
13 14 18 1
14 4 8 17
14 6 1 14
14 7 42 2
14 8 10 11
14 10 3 1
14 11 131 1
14 12 1 11
14 13 35 17
14 15 13 1
14 17 6 9
14 20 53 13
14 25 1 26
15 3 45 6
15 6 4 15
15 7 18 13
15 8 151 1
15 9 1 12
15 14 7 24
15 23 1 1
15 26 7 1
15 27 17 21
16 0 136 1
16 1 34 1
16 3 125 2
16 5 62 1
16 6 2 18
16 7 1 28
16 8 48 1
16 9 92 4
16 10 20 11
16 11 2 24
16 14 35 28
16 17 1 11
16 18 1 26
16 19 18 2
16 23 25 8
16 24 135 4
17 0 221 1
17 1 19 1
17 2 112 2
17 3 1 2
17 4 7 18
17 5 104 2
17 6 274 4
17 7 195 2
17 8 107 5
17 10 1 3
17 16 42 2
17 23 55 2
17 25 67 16
17 27 1 7
18 1 1 26
18 2 1 17
18 3 43 2
18 4 335 1
18 6 2 19
18 7 3 20
18 8 116 3
18 16 211 1
18 25 36 25
18 26 2 18
19 0 3 22
19 4 1 20
19 7 118 2
19 8 131 7
19 11 1 2
19 20 131 1
19 22 1 18
19 25 2 3
20 0 106 1
20 1 17 1
20 2 125 1
20 8 4 11
20 11 139 2
20 13 55 26
20 17 4 7
20 18 43 8
20 19 239 1
21 1 1 29
21 9 57 20
21 20 1 12
22 0 1 10
22 1 31 7
22 6 9 13
22 11 96 2
22 26 1 26
23 1 6 16
23 6 5 13
23 7 13 1
23 10 5 25
23 11 210 1
23 12 1 17
23 14 7 11
23 16 1 8
23 17 3 24
23 20 1 17
23 22 9 5
23 25 7 26
24 0 133 1
24 1 34 1
24 3 27 1
24 5 41 21
24 6 12 16
24 7 3 11
24 8 138 1
24 10 9 1
24 11 4 28
24 16 225 1
25 0 4 1
25 5 2 19
25 7 7 25
25 8 2 26
25 11 75 2
25 12 1 1
25 18 11 24
25 23 10 1
25 27 15 1
26 1 1 24
26 7 3 14
26 11 2 14
26 14 4 17
26 15 18 16
26 24 14 4
26 27 1 22
27 2 2 13
27 5 1 4
27 8 3 28
27 10 1 12
27 13 1 1
27 20 2 28
27 22 9 6
27 24 18 3
27 25 4 8
27 26 2 21
