0 1 37 2
0 2 4 17
0 3 253 1
0 5 116 1
0 6 1 26
0 7 15 21
0 8 165 1
0 15 1 2
0 16 65 15
0 17 7 29
0 19 48 5
0 24 74 1
1 0 108 1
1 2 261 1
1 3 362 1
1 4 340 1
1 5 182 1
1 6 95 1
1 7 81 1
1 8 228 1
1 9 1 14
1 10 80 1
1 16 94 1
1 17 30 1
1 24 118 1
2 1 17 17
2 3 47 1
2 4 3 13
2 5 1 19
2 6 1 5
2 7 257 1
2 8 207 1
2 10 4 13
2 16 47 1
2 17 4 12
2 18 8 6
2 20 2 18
3 0 6 15
3 1 51 1
3 2 5 17
3 4 185 3
3 5 253 1
3 6 16 1
3 8 249 1
3 9 125 22
3 16 224 1
3 18 16 4
3 20 2 29
3 22 10 1
3 24 1 11
3 25 4 4
3 27 11 18
4 0 13 1
4 1 3 25
4 2 3 27
4 5 43 1
4 6 137 29
4 8 163 1
4 9 4 21
4 10 3 12
4 11 1 5
4 14 16 3
4 18 1 23
5 0 34 1
5 1 171 1
5 2 11 18
5 3 27 9
5 4 55 1
5 6 286 1
5 8 294 1
5 9 34 1
5 10 258 1
5 14 1 24
5 20 79 20
5 24 30 1
5 25 33 1
5 27 1 2
6 1 56 1
6 2 3 25
6 3 7 19
6 4 370 1
6 5 7 12
6 7 4 7
6 8 11 24
6 9 39 18
6 10 36 1
6 11 127 25
6 12 225 2
6 14 138 1
6 16 107 4
6 17 1 20
6 18 144 20
6 19 1 9
6 21 10 14
6 25 20 4
7 0 1 29
7 2 2 3
7 3 203 1
7 6 147 22
7 8 7 1
7 9 105 2
7 11 386 1
7 12 43 2
7 14 110 1
7 15 7 14
7 19 3 14
7 20 3 27
7 21 65 11
7 23 2 3
7 25 9 19
8 0 19 1
8 1 114 1
8 2 1 2
8 3 113 1
8 4 162 1
8 5 96 13
8 6 179 1
8 7 9 1
8 9 3 14
8 10 79 1
8 11 84 1
8 16 43 1
8 17 2 27
8 20 1 24
8 23 92 2
8 24 62 3
9 0 16 22
9 1 45 1
9 4 2 19
9 5 27 9
9 6 345 1
9 7 9 6
9 8 284 1
9 10 331 1
9 11 1 29
9 12 7 25
9 14 17 25
9 19 3 14
9 20 4 24
9 21 58 6
9 22 1 26
10 0 157 2
10 2 9 16
10 6 2 20
10 7 1 29
10 8 24 14
10 9 5 18
10 11 1 5
10 12 1 29
10 14 58 1
10 15 152 1
10 16 1 26
10 18 4 15
10 19 36 4
10 20 8 24
10 23 117 1
10 25 10 7
11 0 3 17
11 5 6 23
11 7 9 21
11 8 98 1
11 9 264 1
11 10 116 1
11 12 4 14
11 13 2 19
11 14 1 12
11 15 26 6
11 20 24 21
11 22 2 28
11 24 247 1
11 25 16 1
11 26 4 24
11 27 163 1
12 0 14 17
12 4 210 1
12 5 138 1
12 10 101 1
12 11 47 1
12 13 21 1
12 17 61 5
12 19 1 10
12 20 1 11
13 5 1 28
13 7 36 4
13 9 83 2
13 11 1 12
13 12 1 2
13 14 16 1
13 18 2 10
13 20 42 12
14 0 10 1
14 6 1 27
14 7 40 2
14 9 1 4
14 10 7 1
14 11 126 1
14 12 5 9
14 20 4 26
15 0 1 7
15 7 1 28
15 8 149 1
15 10 5 1
15 12 22 1
15 14 9 19
15 23 2 14
15 25 6 18
16 0 179 1
16 1 146 2
16 3 93 1
16 4 1 26
16 5 118 1
16 8 18 1
16 9 92 9
16 14 2 23
16 17 6 29
16 18 1 9
16 20 1 20
16 24 119 1
17 0 218 1
17 1 16 1
17 2 110 1
17 3 10 25
17 4 43 22
17 5 103 1
17 6 284 18
17 7 194 2
17 10 5 4
17 12 111 8
17 16 39 1
17 19 87 10
17 20 118 1
17 21 10 1
18 0 73 1
18 1 1 29
18 4 334 1
18 5 12 1
18 6 4 23
18 8 115 2
18 12 1 19
18 16 207 1
18 19 34 2
19 0 16 11
19 1 162 2
19 4 1 20
19 5 14 1
19 6 90 5
19 7 117 4
19 12 39 1
19 17 35 4
19 20 119 1
19 21 3 8
20 0 103 1
20 2 123 2
20 5 12 12
20 8 192 20
20 11 138 1
20 15 13 22
20 19 228 1
21 9 2 4
21 11 2 21
21 12 106 7
21 14 1 25
21 16 1 5
22 5 1 13
22 7 123 9
22 9 3 1
22 13 6 6
22 21 4 1
22 24 1 10
23 2 14 21
23 7 12 2
23 13 1 8
23 19 2 9
24 0 68 1
24 1 199 1
24 3 142 3
24 5 173 1
24 6 1 26
24 8 71 1
24 10 9 1
24 11 1 29
24 12 2 8
24 16 160 1
24 23 1 3
25 3 28 1
25 6 97 1
25 7 12 23
25 8 2 20
25 11 72 1
25 12 1 21
25 13 9 23
25 14 1 21
25 20 1 28
25 21 11 1
25 27 14 3
26 3 34 16
26 11 1 20
26 18 1 10
26 20 7 8
26 24 14 1
26 27 3 27
27 5 1 16
27 9 1 2
27 10 1 7
27 11 1 11
27 15 10 15
27 19 2 9
27 21 11 9
27 26 3 26
