0 1 43 1
0 2 1 28
0 3 193 1
0 4 1 27
0 5 12 1
0 6 7 5
0 7 2 5
0 8 75 1
0 11 254 1
0 16 56 1
0 17 1 28
0 18 1 4
0 19 3 24
0 24 27 1
1 0 369 1
1 2 26 2
1 3 180 1
1 4 294 1
1 5 36 7
1 6 61 11
1 7 69 2
1 8 150 1
1 9 1 2
1 10 70 1
1 12 180 7
1 14 108 7
1 16 24 1
1 17 62 1
1 19 3 26
1 22 37 4
1 24 47 1
2 1 3 10
2 3 12 1
2 4 4 2
2 5 1 24
2 6 8 7
2 7 71 1
2 8 162 1
2 10 1 1
2 14 29 1
2 17 5 18
2 18 2 17
2 20 1 14
2 26 12 2
3 0 38 1
3 1 30 1
3 2 4 24
3 4 181 1
3 5 71 1
3 6 10 1
3 7 1 12
3 8 54 1
3 16 53 1
3 17 3 14
3 18 14 7
3 20 1 19
3 24 39 1
3 25 2 24
4 0 8 1
4 1 27 16
4 2 83 9
4 5 21 1
4 6 5 4
4 7 4 1
4 8 143 1
4 9 3 4
4 10 1 26
4 12 5 4
4 15 1 8
4 17 257 1
4 18 12 4
4 27 8 3
5 0 92 1
5 1 50 1
5 3 40 1
5 4 30 1
5 6 63 1
5 7 230 1
5 8 295 1
5 9 1 15
5 10 255 1
5 16 23 1
5 17 86 1
5 18 28 2
5 20 3 27
5 24 11 2
6 0 13 19
6 1 4 5
6 2 4 11
6 3 5 24
6 4 65 1
6 5 11 10
6 7 2 6
6 8 34 24
6 9 310 1
6 10 5 1
6 11 2 23
6 12 217 2
6 13 114 3
6 14 132 1
6 15 4 27
6 19 1 21
6 21 10 1
6 25 18 1
7 0 3 14
7 2 15 24
7 3 166 1
7 4 210 1
7 5 27 1
7 6 1 27
7 9 96 1
7 11 124 1
7 12 39 3
7 14 101 1
7 15 3 10
7 16 2 17
7 23 11 6
7 26 1 20
8 0 181 1
8 1 319 3
8 3 136 1
8 4 142 1
8 5 13 1
8 6 45 1
8 9 9 3
8 10 37 1
8 11 113 1
8 12 1 26
8 14 2 1
8 15 1 25
8 16 7 14
8 17 5 5
8 19 1 7
8 20 6 9
8 24 36 1
9 0 2 23
9 1 36 2
9 4 2 14
9 5 10 4
9 6 169 1
9 7 1 13
9 8 256 1
9 10 73 1
9 11 46 7
9 12 1 29
9 14 2 5
9 18 2 4
9 19 1 20
9 20 1 5
9 25 71 3
10 0 151 1
10 1 297 2
10 2 2 9
10 6 6 20
10 8 11 15
10 9 4 9
10 11 7 1
10 12 1 25
10 13 139 23
10 14 34 1
10 15 137 1
10 16 1 24
10 18 5 26
10 21 39 2
10 22 21 1
10 25 2 25
11 0 7 28
11 1 15 8
11 2 77 1
11 3 13 2
11 6 345 12
11 7 18 26
11 8 79 1
11 10 86 1
11 12 3 5
11 14 88 2
11 15 62 4
11 16 2 16
11 23 5 5
11 24 31 1
11 25 4 1
11 26 1 12
12 2 19 2
12 4 206 4
12 5 130 1
12 7 2 9
12 8 3 24
12 10 90 1
12 11 43 2
12 13 142 1
12 14 1 13
12 18 4 17
12 24 1 8
13 6 84 4
13 7 32 2
13 8 2 10
13 11 1 17
13 14 9 1
13 18 2 6
13 27 8 28
14 4 19 8
14 6 3 10
14 7 33 1
14 8 10 21
14 11 107 1
14 12 1 22
14 13 33 29
14 15 4 2
14 20 1 17
14 24 16 1
14 27 3 8
15 0 16 12
15 3 44 1
15 5 25 2
15 6 4 5
15 7 1 17
15 10 1 2
15 11 3 20
15 12 1 6
15 14 4 23
15 18 24 5
15 19 3 19
15 20 27 6
15 24 1 8
15 25 1 22
16 0 54 1
16 1 40 12
16 3 66 1
16 5 26 7
16 8 148 1
16 10 1 16
16 12 58 17
16 17 1 21
16 18 2 13
16 24 44 1
17 0 208 2
17 1 6 1
17 2 102 1
17 3 1 27
17 4 4 17
17 9 144 3
17 10 1 20
17 15 22 8
17 16 27 1
17 20 115 1
17 24 1 29
17 26 47 18
18 0 69 2
18 4 10 2
18 6 2 8
18 7 2 2
18 9 2 15
18 10 7 17
18 16 192 1
18 17 15 1
19 0 7 9
19 1 158 2
19 3 4 12
19 13 1 12
19 14 3 24
19 18 5 17
19 20 66 1
20 0 91 1
20 1 13 2
20 2 118 3
20 5 2 19
20 7 5 17
20 9 113 3
20 19 185 1
20 25 76 1
21 7 40 1
21 11 1 23
21 20 2 10
22 0 2 29
22 6 8 6
22 8 36 13
22 10 130 2
23 3 15 2
23 9 1 22
23 10 2 14
23 11 1 3
24 0 1 12
24 1 56 1
24 2 1 18
24 3 2 9
24 4 59 6
24 5 5 24
24 7 3 1
24 8 88 1
24 10 6 7
24 11 12 12
24 15 15 2
24 16 53 1
24 23 40 2
25 5 2 19
25 6 95 1
25 7 1 11
25 8 1 21
25 11 114 12
25 20 2 9
25 27 10 4
26 7 5 10
26 11 1 8
26 14 18 10
26 15 2 17
26 16 25 3
26 17 54 10
26 27 1 11
27 2 15 4
27 6 6 20
27 7 17 26
27 10 9 7
27 11 8 11
27 15 10 29
27 20 1 13
27 22 1 21
27 26 1 26
