0 1 36 1
0 3 18 12
0 5 11 1
0 7 3 3
0 8 15 8
0 9 1 6
0 11 1 16
0 16 7 26
0 17 1 25
0 19 1 3
0 20 1 4
0 24 5 1
0 27 75 10
1 0 52 12
1 2 1 17
1 3 7 1
1 4 9 1
1 5 21 1
1 6 1 26
1 7 301 1
1 8 376 6
1 10 265 1
1 11 4 2
1 12 173 6
1 15 2 24
1 16 11 1
1 18 69 1
1 19 22 3
1 20 114 2
1 24 8 1
2 0 167 1
2 1 320 1
2 3 11 1
2 4 47 1
2 6 103 1
2 7 1 13
2 8 7 23
2 9 2 6
2 10 84 1
2 11 81 1
2 12 17 1
2 16 66 19
2 19 34 15
2 24 29 4
3 0 158 1
3 1 17 2
3 2 4 3
3 5 405 8
3 6 184 2
3 7 261 1
3 8 48 2
3 9 99 14
3 11 160 1
3 13 21 2
3 16 17 15
3 20 40 1
3 24 34 1
4 0 206 1
4 1 326 1
4 2 1 5
4 3 4 5
4 5 1 27
4 6 11 1
4 7 2 8
4 12 89 3
4 13 41 2
4 14 59 2
4 17 1 14
4 18 96 1
4 20 28 3
5 0 270 1
5 1 9 2
5 3 25 1
5 4 1 26
5 6 312 1
5 7 1 8
5 8 52 17
5 9 5 2
5 10 1 29
5 16 11 1
5 17 149 6
5 18 95 1
5 22 12 1
5 24 18 1
6 1 190 1
6 2 106 1
6 3 30 1
6 4 15 24
6 5 41 1
6 8 21 15
6 9 3 18
6 11 2 20
6 12 1 27
6 14 1 5
6 16 136 3
6 17 38 1
6 25 70 1
7 0 101 1
7 1 205 1
7 2 27 1
7 3 3 27
7 5 210 1
7 6 5 5
7 8 178 3
7 9 245 2
7 10 168 1
7 11 98 1
7 12 107 3
7 15 111 1
7 20 1 26
7 24 1 24
7 25 1 8
7 27 1 11
8 0 2 22
8 1 14 1
8 2 1 4
8 3 408 3
8 4 438 1
8 5 244 1
8 7 230 1
8 9 55 19
8 10 13 7
8 11 257 3
8 14 1 25
8 15 28 1
8 16 31 1
8 18 1 29
8 22 27 3
8 24 5 1
9 1 233 1
9 5 308 1
9 6 8 9
9 8 1 25
9 10 25 21
9 12 45 1
9 15 54 1
9 18 1 8
9 20 1 26
10 1 1 14
10 3 104 2
10 4 94 1
10 5 4 4
10 6 1 25
10 7 90 1
10 8 178 1
10 9 287 1
10 11 2 16
10 12 26 12
10 14 7 2
10 15 7 20
10 17 1 18
10 18 30 7
10 19 70 1
10 20 2 18
10 22 105 1
10 24 55 1
10 27 1 24
11 1 2 20
11 2 219 1
11 3 3 7
11 4 1 14
11 5 10 3
11 6 1 7
11 7 12 15
11 8 117 1
11 10 436 1
11 13 41 15
11 15 319 1
11 17 42 1
11 22 16 3
11 24 5 15
11 25 3 13
11 27 218 18
12 6 151 1
12 8 1 9
12 9 358 1
12 10 281 2
12 13 1 7
12 14 1 2
12 15 104 10
12 18 1 24
12 20 1 14
12 22 46 1
13 4 49 4
13 6 121 3
13 7 110 1
13 8 1 18
13 10 136 1
13 11 1 8
13 12 150 1
13 14 2 15
13 23 1 6
14 7 181 2
14 8 1 2
14 11 1 4
14 12 1 5
14 15 1 10
15 4 94 21
15 6 2 22
15 9 6 5
15 10 197 1
15 11 47 1
15 14 84 1
15 19 1 15
16 0 19 1
16 1 5 28
16 3 6 5
16 5 1 10
16 7 1 12
16 8 78 25
16 15 24 25
16 24 8 27
17 1 229 1
17 2 204 1
17 3 1 5
17 10 2 29
17 11 1 23
17 16 327 1
17 26 54 1
18 1 2 3
18 4 4 22
18 5 72 1
18 16 2 10
18 17 96 1
18 25 1 27
19 0 79 1
19 18 18 4
19 20 8 21
20 0 282 3
20 1 100 3
20 2 1 21
20 3 1 21
20 4 145 14
20 8 1 26
20 10 1 23
20 15 1 2
20 19 3 21
21 10 96 11
21 11 1 29
21 14 1 23
21 15 4 8
21 20 7 2
21 23 15 1
22 4 70 4
22 7 1 13
22 12 45 3
22 23 1 6
22 26 1 4
23 0 1 14
23 7 88 1
23 8 66 1
23 17 1 8
23 22 1 4
23 27 16 23
24 0 9 2
24 1 25 28
24 3 1 17
24 5 317 2
24 7 2 28
24 8 12 1
24 10 80 1
24 11 102 1
24 16 77 23
24 17 4 2
24 20 1 18
24 23 1 17
25 5 6 21
25 9 30 1
25 10 1 2
25 11 2 12
25 16 1 2
25 27 80 1
26 0 59 24
26 1 32 26
26 2 4 9
26 7 1 14
26 8 19 6
26 16 27 6
26 20 17 1
26 25 1 29
27 3 35 3
27 24 31 8
27 26 58 1
