0 1 20 18
0 3 14 27
0 4 8 23
0 5 17 7
0 6 56 10
0 7 1 23
0 8 17 27
0 9 5 27
0 11 240 1
0 15 1 13
0 16 16 27
0 17 5 11
0 24 72 21
1 0 12 27
1 2 46 1
1 3 14 25
1 4 200 1
1 5 19 19
1 6 18 1
1 7 42 1
1 8 80 15
1 9 9 23
1 10 46 1
1 11 7 23
1 13 2 22
1 14 103 3
1 15 3 26
1 16 16 10
1 17 23 1
1 20 11 5
1 22 34 3
1 23 73 2
1 24 18 13
1 26 1 26
2 0 2 16
2 3 3 21
2 5 1 4
2 6 3 7
2 7 44 1
2 8 119 1
2 10 1 8
2 11 1 3
2 18 1 3
2 20 1 25
2 21 1 18
2 25 13 13
3 0 140 3
3 1 18 8
3 2 63 27
3 4 165 1
3 5 70 16
3 7 4 16
3 8 28 13
3 10 2 28
3 11 2 28
3 16 60 16
3 17 4 5
3 20 1 5
3 21 9 4
3 24 32 21
4 1 12 18
4 2 21 7
4 3 2 3
4 6 4 5
4 8 93 1
4 9 1 26
4 11 218 2
4 12 1 1
4 13 9 9
4 16 1 12
4 18 23 27
4 19 114 3
5 0 16 17
5 1 54 27
5 2 1 16
5 3 16 27
5 6 3 24
5 7 38 23
5 8 254 4
5 9 2 19
5 10 217 1
5 16 93 12
5 17 74 1
5 18 19 4
5 20 1 4
5 24 89 5
5 26 24 9
6 0 1 2
6 1 6 3
6 2 14 26
6 3 21 29
6 4 103 1
6 5 48 9
6 7 2 10
6 8 243 25
6 9 56 1
6 10 31 1
6 11 3 29
6 12 193 1
6 14 115 1
6 15 1 10
6 17 7 23
6 19 3 20
6 20 17 29
6 23 7 25
7 0 6 22
7 2 4 18
7 3 91 1
7 4 190 2
7 5 11 2
7 6 1 29
7 8 4 13
7 9 73 1
7 11 300 10
7 14 76 1
7 15 4 21
7 16 1 24
7 18 1 10
7 19 6 18
7 20 6 12
7 23 17 21
7 25 29 16
7 26 2 13
8 0 17 12
8 1 57 23
8 2 7 13
8 3 147 23
8 4 92 1
8 5 30 18
8 6 11 29
8 7 3 8
8 10 1 18
8 11 57 1
8 12 9 6
8 14 2 1
8 16 47 24
8 17 19 20
8 19 1 27
8 24 61 26
9 0 18 10
9 1 17 2
9 2 4 28
9 3 48 1
9 4 58 7
9 5 26 26
9 6 75 1
9 7 3 20
9 8 182 1
9 10 219 1
9 11 67 14
9 12 6 19
9 13 68 4
9 14 3 23
9 19 12 29
9 20 1 26
9 21 53 4
10 0 133 1
10 2 116 27
10 4 1 22
10 5 330 2
10 6 2 25
10 7 3 14
10 8 40 13
10 9 30 19
10 15 98 1
10 18 9 24
10 19 29 3
10 27 133 2
11 0 2 3
11 1 1 7
11 2 54 2
11 4 1 6
11 5 2 8
11 6 355 1
11 7 134 6
11 8 38 1
11 9 230 2
11 10 27 1
11 14 1 1
11 15 3 16
11 24 14 1
11 26 1 18
11 27 135 1
12 1 4 21
12 3 14 19
12 7 2 28
12 8 108 17
12 10 62 1
12 11 33 3
12 13 128 1
12 23 1 25
12 25 1 28
13 6 76 1
13 7 23 1
13 8 3 28
13 10 1 3
13 11 8 27
13 17 62 8
13 27 8 10
14 3 7 8
14 4 16 7
14 6 5 10
14 7 18 1
14 8 11 19
14 9 1 18
14 10 3 25
14 11 60 1
14 22 23 2
14 23 1 14
14 24 12 10
15 0 8 8
15 1 25 2
15 3 39 6
15 6 1 7
15 7 5 17
15 8 128 1
15 11 351 1
15 19 3 5
15 27 18 12
16 0 31 8
16 1 44 16
16 3 91 5
16 5 17 8
16 6 1 13
16 8 16 15
16 11 1 14
16 14 35 25
16 17 38 15
16 18 74 11
16 20 1 15
16 24 16 28
17 0 180 1
17 2 79 1
17 3 1 3
17 4 28 12
17 5 86 1
17 7 178 4
17 8 10 24
17 10 143 17
17 11 187 7
17 12 105 1
17 16 5 3
17 23 56 19
17 24 61 23
18 2 8 10
18 3 35 1
18 4 326 1
18 6 31 24
18 7 1 20
18 8 96 3
18 10 7 18
18 11 9 1
18 12 15 7
18 16 149 1
18 21 16 5
18 24 8 2
18 26 20 22
19 0 1 2
19 3 2 1
19 4 23 17
19 6 80 2
19 7 105 1
19 8 130 2
19 11 87 21
19 20 79 1
19 27 11 19
20 0 62 1
20 2 104 1
20 3 9 1
20 4 155 12
20 5 13 11
20 7 4 17
20 8 1 8
20 10 1 29
20 15 1 18
20 19 81 1
20 24 69 3
20 25 74 5
21 1 13 17
21 12 99 1
21 14 1 26
22 9 1 1
22 10 118 2
22 15 4 25
22 21 2 2
22 27 4 18
23 0 16 6
23 1 47 8
23 7 3 3
23 12 50 3
23 17 3 25
23 20 1 1
23 27 1 14
24 0 142 8
24 1 16 8
24 3 34 29
24 5 16 29
24 6 1 11
24 7 205 2
24 8 26 21
24 11 2 9
24 12 3 18
24 16 88 22
24 23 1 20
24 27 1 27
25 4 76 3
25 6 87 1
25 7 2 27
25 10 190 1
25 11 265 1
25 12 2 12
25 20 5 1
25 21 10 28
25 22 9 27
25 24 1 6
25 26 30 2
25 27 3 3
26 3 33 15
26 6 61 28
26 7 47 14
26 8 1 27
26 11 1 22
26 15 1 15
26 24 7 4
26 27 1 26
27 3 19 1
27 6 20 24
27 7 3 6
27 8 16 15
27 11 12 11
27 16 1 13
27 22 9 5
27 26 4 5
