0 1 17 19
0 2 21 22
0 3 17 13
0 4 34 8
0 5 13 7
0 6 1 27
0 7 2 27
0 8 14 5
0 10 156 1
0 11 236 1
0 16 13 10
0 17 1 25
0 18 1 22
0 20 46 8
0 23 18 3
0 24 159 5
1 0 421 1
1 2 131 1
1 3 11 13
1 4 171 1
1 5 13 9
1 6 9 1
1 7 36 1
1 8 35 2
1 9 3 9
1 10 41 2
1 11 2 5
1 12 173 5
1 13 1 4
1 14 102 1
1 15 12 17
1 16 48 16
1 17 15 1
1 20 10 2
1 24 13 16
2 0 3 18
2 1 74 6
2 3 9 12
2 4 3 13
2 6 7 1
2 7 34 1
2 8 91 1
2 9 2 9
2 10 3 5
2 11 1 7
2 18 2 15
2 20 7 14
2 21 1 17
3 0 51 10
3 1 15 21
3 4 161 3
3 5 13 8
3 7 5 3
3 8 47 16
3 11 2 5
3 13 8 1
3 16 13 16
3 17 1 26
3 20 3 10
3 24 41 2
4 1 3 16
4 2 5 27
4 5 1 8
4 6 2 4
4 8 83 1
4 9 1 3
4 10 3 26
4 13 9 4
4 18 6 2
4 23 3 16
4 24 3 24
5 0 53 27
5 1 51 1
5 2 1 15
5 3 29 28
5 4 1 29
5 6 18 1
5 7 227 4
5 8 348 15
5 9 9 23
5 10 206 1
5 11 1 20
5 14 11 10
5 15 3 15
5 16 13 5
5 18 17 4
5 20 6 19
5 23 17 2
5 24 36 16
5 26 24 4
6 0 1 18
6 1 95 9
6 2 29 2
6 3 1 5
6 4 323 1
6 5 169 11
6 7 5 4
6 8 183 1
6 9 270 1
6 10 21 1
6 11 1 19
6 12 187 2
6 14 111 3
6 17 2 22
6 18 1 13
6 20 54 3
6 21 7 3
6 22 88 19
7 0 5 8
7 2 3 24
7 3 73 1
7 6 1 14
7 8 3 23
7 9 68 2
7 10 1 13
7 11 272 7
7 14 71 1
7 15 1 5
7 23 4 13
7 24 228 2
7 26 2 20
7 27 2 18
8 0 93 7
8 1 23 29
8 2 18 5
8 3 54 21
8 4 82 1
8 5 16 28
8 6 44 6
8 7 3 16
8 10 1 3
8 11 45 1
8 13 2 1
8 14 258 2
8 16 46 12
8 17 1 24
8 20 2 1
8 24 24 21
8 26 76 3
9 2 3 8
9 4 10 5
9 5 2 27
9 6 293 13
9 7 2 25
9 8 166 1
9 10 189 1
9 11 74 12
9 12 5 3
9 13 66 1
9 14 36 22
9 18 4 22
9 19 1 28
9 25 64 1
9 27 14 10
10 0 129 1
10 1 277 1
10 2 1 19
10 4 2 26
10 6 1 5
10 7 2 4
10 8 60 25
10 9 3 9
10 11 31 11
10 12 92 27
10 15 90 1
10 16 2 10
10 19 28 1
10 22 11 1
10 23 98 1
10 25 1 7
10 26 1 5
11 0 2 17
11 5 11 21
11 7 98 4
11 8 30 1
11 9 224 2
11 10 18 1
11 12 186 1
11 13 1 9
11 14 98 6
11 15 4 15
11 16 3 20
11 17 1 1
11 24 1 1
11 25 4 23
11 26 3 25
12 1 1 29
12 4 192 2
12 5 104 1
12 8 3 27
12 9 1 22
12 10 57 1
12 11 31 3
12 20 1 3
12 23 1 8
12 25 18 13
13 1 1 8
13 4 14 5
13 6 74 1
13 9 70 2
13 10 4 21
13 11 1 22
13 15 5 6
13 17 1 20
13 22 2 10
14 3 6 14
14 6 6 20
14 7 15 1
14 8 1 17
14 10 3 14
14 11 51 1
14 12 2 27
14 13 22 2
14 15 1 25
14 22 22 4
14 23 1 7
15 0 18 3
15 1 24 1
15 7 1 22
15 8 124 1
15 9 1 15
15 11 111 1
15 13 22 12
15 14 2 15
15 17 74 13
15 24 2 23
15 25 6 24
16 0 38 3
16 1 71 7
16 2 3 2
16 3 29 1
16 5 67 4
16 6 1 19
16 8 13 23
16 9 2 16
16 10 1 7
16 12 72 12
16 15 16 9
16 17 1 11
16 18 2 17
16 20 5 14
16 24 13 29
17 0 173 2
17 2 74 1
17 3 6 15
17 4 1 23
17 6 5 21
17 7 176 1
17 8 1 18
17 16 3 1
17 21 8 1
17 22 2 13
17 24 4 29
18 0 57 1
18 3 34 6
18 4 318 1
18 6 2 9
18 8 93 1
18 9 1 6
18 10 1 9
18 16 139 1
19 0 34 11
19 2 27 1
19 5 11 1
19 6 78 2
19 20 59 1
19 25 9 1
19 26 4 8
20 0 56 1
20 1 5 1
20 2 101 2
20 4 2 11
20 6 1 11
20 7 1 18
20 8 8 6
20 9 108 3
20 17 3 1
20 18 37 6
20 19 61 1
20 22 10 1
20 26 1 28
21 1 1 27
21 10 95 4
21 11 16 23
21 12 97 1
21 20 1 16
22 7 121 9
22 8 3 14
22 10 115 1
22 11 74 1
22 15 1 5
22 17 1 9
22 23 1 17
22 26 17 1
23 0 16 6
23 11 184 1
23 13 2 22
23 14 4 29
23 17 8 5
23 25 10 16
23 27 16 1
24 0 70 2
24 1 42 3
24 3 64 22
24 5 23 11
24 6 17 6
24 8 28 6
24 11 3 4
24 14 1 9
24 16 57 15
24 23 38 2
24 25 1 3
24 26 54 5
25 1 1 9
25 3 20 4
25 5 3 27
25 6 85 2
25 7 1 1
25 8 1 3
25 11 31 1
25 20 1 7
25 26 29 2
26 0 61 4
26 7 8 7
26 11 9 14
26 27 2 26
27 0 5 18
27 1 71 3
27 2 1 25
27 9 41 9
27 10 1 9
27 11 26 4
27 25 6 8
