0 1 12 1
0 3 10 1
0 4 1 20
0 5 43 1
0 6 15 19
0 7 5 1
0 8 276 2
0 9 2 1
0 11 205 1
0 15 93 26
0 16 145 1
0 17 175 19
0 19 215 24
0 20 229 21
0 24 62 3
1 0 165 1
1 3 49 1
1 4 29 1
1 5 44 1
1 6 3 6
1 7 9 1
1 8 89 1
1 9 1 24
1 11 7 19
1 12 162 1
1 13 2 6
1 16 127 1
1 18 2 17
1 20 2 2
1 24 22 1
2 0 23 29
2 1 68 1
2 3 7 12
2 4 4 28
2 5 8 8
2 6 3 4
2 7 202 1
2 10 7 24
2 11 5 8
2 14 19 2
2 23 2 10
2 24 32 10
2 25 9 13
3 0 65 1
3 1 70 1
3 2 8 1
3 4 133 2
3 5 57 1
3 7 6 27
3 8 32 1
3 10 12 6
3 11 1 4
3 13 5 13
3 15 2 2
3 16 2 15
3 17 1 10
3 20 12 26
3 24 30 1
3 25 1 2
4 0 1 1
4 1 11 14
4 3 1 18
4 5 3 8
4 6 22 1
4 7 251 1
4 16 3 17
4 17 193 1
4 18 1 16
5 0 29 1
5 1 100 1
5 2 51 25
5 3 20 1
5 4 6 17
5 6 64 28
5 7 213 18
5 8 96 1
5 9 6 20
5 10 132 1
5 11 1 9
5 12 9 1
5 16 42 1
5 24 58 1
5 25 28 18
5 27 28 28
6 0 85 12
6 1 2 20
6 2 4 10
6 3 8 7
6 4 66 1
6 5 106 1
6 7 4 17
6 8 60 1
6 9 79 1
6 12 147 2
6 13 101 1
6 14 85 1
6 17 1 3
6 18 190 29
6 20 6 7
6 22 87 2
7 0 7 28
7 1 1 15
7 2 41 1
7 8 24 3
7 10 1 21
7 11 191 1
7 15 21 28
7 17 3 27
7 19 6 29
7 20 1 8
7 24 203 2
7 26 13 5
8 0 43 1
8 1 180 1
8 2 15 18
8 3 12 1
8 4 28 1
8 5 39 1
8 6 16 15
8 7 4 7
8 9 11 1
8 10 13 4
8 11 48 1
8 12 1 5
8 14 225 1
8 15 2 3
8 16 4 16
8 19 1 19
8 20 1 19
8 23 69 1
8 24 20 1
9 4 1 18
9 5 224 1
9 6 130 1
9 7 1 11
9 8 71 1
9 10 19 1
9 12 7 12
9 14 4 11
9 26 4 11
10 0 102 2
10 1 236 1
10 3 5 22
10 4 2 21
10 5 278 1
10 6 6 1
10 7 1 26
10 8 5 8
10 9 4 23
10 11 213 1
10 12 82 13
10 13 58 3
10 14 2 1
10 15 40 1
10 16 8 13
10 18 2 28
10 21 27 1
10 23 78 1
10 24 1 29
10 25 16 11
11 1 1 1
11 3 190 1
11 4 1 5
11 6 334 3
11 7 231 24
11 9 181 1
11 10 1 11
11 13 80 10
11 14 1 26
11 15 113 21
11 16 4 14
11 24 121 1
11 25 5 9
11 26 32 14
11 27 97 1
12 0 1 29
12 1 13 26
12 5 70 2
12 8 11 10
12 9 9 25
12 10 25 1
12 13 1 9
12 14 115 2
12 16 1 3
13 1 10 14
13 6 60 2
13 10 1 2
13 12 4 19
13 14 1 13
13 24 19 13
14 2 1 13
14 6 16 29
14 8 14 5
14 10 3 20
14 11 8 1
14 12 110 20
14 13 7 3
14 15 4 13
14 19 9 6
15 1 16 1
15 2 1 19
15 6 12 3
15 7 57 7
15 8 98 1
15 9 1 21
15 10 1 1
15 11 245 1
15 12 31 18
15 14 19 19
15 23 24 2
15 25 4 14
16 0 102 1
16 1 36 1
16 3 42 4
16 5 57 1
16 7 1 3
16 8 166 1
16 10 1 12
16 17 106 4
16 22 10 2
16 24 71 1
17 0 129 1
17 1 1 23
17 2 43 2
17 3 17 11
17 4 2 6
17 5 64 1
17 6 280 3
17 8 1 21
17 10 40 29
17 12 95 2
17 13 34 13
17 16 1 9
18 4 241 1
18 6 38 14
18 8 73 1
18 9 1 9
18 10 2 11
18 16 74 1
19 0 33 29
19 2 23 2
19 10 103 2
19 11 88 11
19 15 8 15
19 17 17 1
20 0 23 1
20 2 79 1
20 3 199 1
20 4 1 4
20 5 1 29
20 7 5 17
20 8 1 26
20 9 102 2
20 11 97 1
20 13 53 1
20 15 63 10
20 16 78 4
20 22 7 29
21 1 13 2
21 10 91 9
21 22 11 1
22 1 21 9
22 2 6 2
22 7 118 1
22 10 94 1
22 11 55 1
22 12 1 13
22 23 1 21
23 2 14 2
23 10 16 29
23 11 146 1
23 17 11 26
23 20 1 11
24 0 62 1
24 1 26 1
24 2 1 22
24 3 46 1
24 5 47 1
24 7 167 1
24 8 3 9
24 11 51 3
24 15 5 2
24 16 39 1
24 20 6 29
25 5 4 10
25 7 1 18
25 8 1 27
25 11 184 1
25 12 2 9
25 14 1 25
25 20 1 17
25 24 2 9
26 5 25 22
26 9 1 3
26 15 2 4
26 27 6 2
27 2 7 19
27 11 1 15
27 14 14 2
27 15 8 15
27 18 1 1
27 26 1 9
