0 1 17 22
0 2 251 2
0 3 15 18
0 4 4 14
0 5 14 10
0 6 34 12
0 8 14 2
0 10 117 2
0 11 189 1
0 16 14 5
0 19 211 1
0 21 42 2
0 24 14 3
1 0 11 22
1 2 1 2
1 3 24 28
1 4 2 1
1 5 14 5
1 6 7 4
1 8 18 20
1 9 7 4
1 10 7 1
1 11 2 7
1 12 155 4
1 14 86 3
1 15 2 22
1 16 14 17
1 17 1 19
1 18 2 3
1 19 1 13
1 24 20 27
1 26 11 10
2 0 32 15
2 1 308 1
2 3 67 13
2 4 13 15
2 5 6 20
2 6 2 10
2 7 165 1
2 8 2 29
2 10 14 13
2 11 2 29
2 13 17 1
2 15 15 7
2 20 24 26
2 21 1 24
2 23 1 28
3 0 13 24
3 1 19 2
3 2 75 1
3 4 119 2
3 5 14 22
3 7 6 26
3 8 15 11
3 11 2 20
3 14 23 7
3 15 1 18
3 16 14 27
3 17 1 26
3 19 33 1
3 20 4 26
3 24 24 26
4 0 1 8
4 1 76 14
4 3 1 18
4 5 3 24
4 6 200 22
4 8 12 2
4 10 162 22
4 15 3 14
4 16 1 7
4 17 174 1
4 18 3 2
4 19 103 4
4 24 56 10
4 26 24 1
5 0 14 9
5 1 15 5
5 3 32 6
5 4 3 3
5 6 94 15
5 8 11 22
5 9 4 12
5 10 98 1
5 11 5 3
5 12 1 2
5 13 4 21
5 15 26 7
5 16 14 15
5 17 45 1
5 24 36 20
5 27 28 19
6 0 102 13
6 1 2 20
6 2 12 15
6 4 11 1
6 5 220 1
6 8 11 1
6 9 24 1
6 10 2 10
6 12 128 1
6 13 95 3
6 14 72 1
6 16 79 1
6 17 1 24
6 23 1 17
7 0 13 1
7 2 3 12
7 3 4 7
7 4 137 1
7 6 6 15
7 8 13 28
7 9 27 2
7 10 2 25
7 11 34 1
7 14 27 2
7 15 24 22
7 17 1 18
7 19 10 26
7 23 1 25
7 24 188 1
8 0 16 23
8 1 155 11
8 2 180 26
8 3 14 8
8 4 12 1
8 5 14 16
8 6 14 6
8 7 11 5
8 9 64 1
8 10 8 7
8 11 24 1
8 12 1 3
8 14 204 1
8 15 1 15
8 16 34 13
8 17 27 19
8 20 40 10
8 24 23 22
8 27 1 12
9 4 108 9
9 5 84 1
9 6 58 1
9 7 1 18
9 8 38 1
9 11 1 9
9 12 18 10
9 13 46 3
9 14 13 11
9 16 90 1
9 17 3 24
9 19 1 3
9 23 3 15
9 25 49 5
9 27 1 19
10 0 90 2
10 1 215 1
10 2 186 23
10 3 1 11
10 5 247 1
10 6 1 9
10 7 3 21
10 8 357 4
10 9 16 3
10 11 21 1
10 12 4 20
10 13 52 1
10 14 28 27
10 15 23 1
10 17 39 16
10 18 2 25
10 19 17 8
10 22 1 1
10 23 69 1
10 25 40 7
10 26 108 22
10 27 122 3
11 0 20 8
11 1 46 1
11 3 178 1
11 4 1 1
11 6 320 1
11 7 3 12
11 9 159 1
11 10 2 22
11 13 122 22
11 14 1 1
11 15 96 1
11 16 1 15
11 19 2 1
11 20 4 19
11 23 1 11
11 24 84 1
11 25 46 3
11 26 1 1
11 27 81 1
12 0 2 25
12 1 2 4
12 2 6 1
12 3 7 22
12 4 160 1
12 5 55 2
12 6 3 11
12 7 1 19
12 8 120 9
12 9 4 26
12 10 14 2
12 13 86 1
12 14 105 2
12 18 81 18
12 21 2 18
12 22 1 5
12 23 1 26
12 24 64 1
13 5 6 28
13 6 53 1
13 7 6 1
13 8 167 2
13 10 1 6
13 11 1 23
13 12 4 28
13 14 3 13
13 20 35 1
14 0 2 18
14 5 1 1
14 6 1 17
14 9 1 14
14 10 6 27
14 15 3 25
14 23 6 18
15 2 1 20
15 3 28 2
15 7 1 1
15 8 85 2
15 10 1 20
15 11 127 1
15 14 9 1
15 19 1 11
15 23 19 1
15 24 3 4
15 25 18 26
15 26 2 15
16 0 14 14
16 1 26 9
16 3 23 23
16 4 2 17
16 5 14 15
16 6 1 23
16 8 14 18
16 9 2 3
16 12 2 7
16 14 1 17
16 17 1 11
16 18 2 1
16 19 11 1
16 20 1 2
16 24 14 1
17 0 108 1
17 1 2 6
17 2 31 2
17 5 56 1
17 7 146 1
17 8 1 11
17 9 105 3
17 13 32 1
17 16 3 13
17 20 89 1
17 25 67 20
18 0 37 4
18 1 1 23
18 2 8 26
18 4 200 1
18 6 32 5
18 8 64 1
18 9 1 18
18 12 49 24
18 14 23 1
18 16 47 1
18 19 26 1
18 21 13 21
19 0 1 2
19 1 116 1
19 2 21 1
19 4 26 8
19 6 60 1
19 11 99 7
19 16 37 10
19 20 2 29
20 0 12 2
20 3 2 1
20 6 1 17
20 7 4 12
20 9 98 5
20 11 87 3
20 14 5 7
20 16 77 1
20 19 5 1
21 8 82 18
21 9 1 21
21 11 19 10
21 14 1 5
21 23 3 2
22 1 19 12
22 5 18 10
22 7 114 4
22 8 28 9
22 10 84 2
22 14 27 3
22 19 1 6
22 23 2 23
23 11 127 2
23 12 20 2
23 13 1 29
23 20 1 1
23 21 10 12
23 25 17 17
24 0 15 20
24 1 18 29
24 3 14 5
24 5 14 12
24 7 149 1
24 8 19 24
24 11 1 22
24 12 4 2
24 16 14 21
24 22 27 25
24 26 43 1
25 1 2 2
25 8 2 5
25 10 153 1
25 11 122 1
25 15 4 8
25 22 1 5
25 26 19 2
26 1 2 2
26 3 31 7
26 4 2 25
26 7 1 7
27 2 7 2
27 8 2 2
27 15 1 14
27 16 1 28
27 22 2 14
27 24 8 3
27 25 12 16
