0 1 101 2
0 2 252 21
0 3 14 5
0 4 2 24
0 5 57 27
0 6 2 22
0 7 6 2
0 8 71 22
0 9 172 1
0 10 108 1
0 12 1 7
0 15 6 11
0 16 29 24
0 17 67 18
0 18 1 27
0 19 199 1
0 24 57 14
0 25 2 8
0 26 1 2
1 0 12 25
1 2 5 17
1 3 53 14
1 5 42 6
1 6 3 10
1 8 33 11
1 9 16 17
1 10 3 1
1 11 1 3
1 12 150 2
1 14 82 4
1 15 1 25
1 16 13 11
1 17 1 26
1 19 4 19
1 24 25 8
2 0 1 5
2 1 211 1
2 3 74 5
2 5 10 19
2 6 80 26
2 7 137 1
2 8 9 17
2 10 2 8
2 11 1 8
2 13 17 21
2 17 190 1
2 18 11 8
2 20 1 22
2 22 11 1
2 27 1 5
3 0 26 15
3 1 40 25
3 2 23 1
3 4 108 2
3 5 28 15
3 6 2 7
3 7 2 19
3 8 64 3
3 9 2 3
3 10 1 13
3 11 3 7
3 16 13 3
3 17 1 15
3 19 29 5
3 20 32 25
3 24 40 4
3 25 1 4
3 27 4 2
4 0 5 15
4 1 1 1
4 3 1 24
4 5 27 10
4 6 2 24
4 8 4 1
4 10 13 18
4 11 198 2
4 16 3 14
4 17 159 1
4 18 1 1
4 25 3 8
5 0 13 1
5 1 14 8
5 2 29 2
5 3 35 7
5 4 29 11
5 6 75 1
5 7 200 24
5 8 166 23
5 9 144 28
5 10 75 1
5 11 1 28
5 12 116 1
5 13 4 26
5 16 55 1
5 17 39 1
5 18 2 5
5 20 2 5
5 24 13 22
6 0 4 7
6 2 1 6
6 3 55 4
6 4 172 1
6 5 170 1
6 7 1 3
6 8 18 15
6 9 3 1
6 10 9 5
6 11 1 14
6 12 114 1
6 13 91 5
6 14 63 2
6 17 1 8
6 18 189 4
6 23 88 27
6 24 94 3
7 0 2 1
7 1 1 12
7 2 2 1
7 3 4 17
7 6 2 1
7 8 13 8
7 10 42 14
7 13 2 18
7 14 19 1
7 15 3 16
7 16 2 18
7 19 1 22
7 20 4 15
7 24 176 1
7 25 211 2
7 26 1 28
8 0 60 27
8 1 11 6
8 2 3 8
8 3 13 21
8 5 12 5
8 6 113 1
8 7 40 6
8 9 342 1
8 10 7 6
8 12 3 8
8 13 162 2
8 14 187 1
8 15 28 3
8 16 26 18
8 17 1 27
8 18 154 4
8 20 4 14
8 22 1 3
8 24 14 7
9 5 92 1
9 6 21 1
9 7 1 20
9 8 19 2
9 10 1 15
9 11 1 21
9 12 4 8
9 18 9 10
9 19 1 19
9 20 1 5
9 21 41 1
9 23 3 6
9 27 18 13
10 0 81 1
10 1 199 1
10 2 3 29
10 3 6 8
10 5 222 1
10 6 368 1
10 7 4 10
10 8 17 14
10 9 11 25
10 11 202 1
10 13 186 1
10 14 3 11
10 15 13 1
10 16 4 17
10 18 1 6
10 21 22 4
10 25 1 1
11 0 2 4
11 3 7 1
11 4 4 8
11 5 1 12
11 6 307 2
11 7 416 4
11 9 143 2
11 10 2 2
11 13 80 2
11 15 16 1
11 16 2 20
11 17 1 25
11 20 3 8
11 22 1 14
11 23 2 28
11 24 59 1
11 25 9 7
11 27 70 1
12 1 16 18
12 3 24 26
12 5 45 1
12 6 1 28
12 7 1 28
12 9 3 9
12 10 8 1
12 11 10 3
12 13 70 1
12 15 34 1
12 17 35 2
12 22 1 6
12 27 7 3
13 9 45 2
13 10 32 26
13 11 8 15
13 12 3 12
13 14 9 25
13 15 2 3
13 20 33 12
13 23 8 3
13 24 1 26
14 1 51 1
14 4 1 27
14 6 1 17
14 9 23 20
14 10 3 18
14 15 1 16
14 23 6 22
15 2 2 4
15 4 67 2
15 7 1 1
15 8 76 2
15 9 2 11
15 10 4 16
15 11 58 1
15 13 18 1
15 14 48 1
16 0 13 21
16 1 13 9
16 3 13 22
16 4 1 10
16 5 21 4
16 8 45 9
16 15 13 4
16 17 124 25
16 18 256 1
16 24 67 16
16 25 8 20
17 0 94 1
17 1 2 23
17 3 1 20
17 4 4 2
17 5 49 1
17 7 139 1
17 8 49 24
17 12 88 1
17 14 80 1
17 16 4 1
17 20 84 1
17 21 5 4
17 26 42 11
18 0 33 1
18 1 7 27
18 2 3 1
18 3 22 2
18 4 168 1
18 10 4 28
18 12 1 29
18 16 31 1
18 21 13 5
18 24 5 1
19 1 106 2
19 4 3 13
19 7 75 1
19 20 4 1
19 22 3 7
19 27 1 12
20 2 60 2
20 3 184 1
20 5 27 28
20 6 17 25
20 7 52 7
20 11 81 1
20 15 1 2
20 16 75 13
20 17 143 5
20 19 6 28
20 27 2 8
21 4 59 1
21 8 82 1
21 9 1 12
21 12 76 1
21 14 20 18
21 18 20 9
21 25 13 12
22 0 1 11
22 1 18 2
22 3 19 16
22 8 23 9
22 12 1 11
22 24 1 26
23 0 1 28
23 11 113 1
23 12 20 28
23 15 2 13
23 18 23 5
23 25 2 2
24 0 30 6
24 1 33 1
24 2 2 1
24 3 64 16
24 5 13 21
24 7 135 1
24 8 13 3
24 11 5 3
24 12 1 8
24 15 2 4
24 16 27 4
24 23 21 1
24 25 4 15
24 26 40 2
25 3 9 1
25 4 66 1
25 6 61 3
25 8 92 17
25 10 143 1
25 11 73 1
25 13 4 28
25 18 1 19
26 1 40 7
26 4 1 29
26 18 29 4
27 1 63 14
27 3 13 2
27 7 1 10
27 8 5 23
27 11 1 1
27 20 52 9
27 22 9 21
27 26 4 17
