0 1 286 1
0 2 242 1
0 3 27 3
0 4 2 20
0 5 2 1
0 6 1 18
0 7 300 1
0 8 331 1
0 9 153 2
0 10 79 1
0 11 136 1
0 15 88 28
0 16 83 1
0 18 2 19
0 19 146 1
0 20 45 1
0 27 46 9
1 0 41 3
1 2 25 14
1 3 12 1
1 4 5 10
1 5 31 1
1 6 7 26
1 7 1 5
1 8 104 22
1 9 39 4
1 11 1 21
1 15 1 7
1 16 73 1
1 17 2 11
1 18 1 9
1 19 1 17
1 24 3 1
2 0 3 22
2 1 6 1
2 3 115 1
2 4 1 4
2 5 1 1
2 6 1 15
2 7 57 1
2 8 11 5
2 9 99 2
2 10 117 9
2 11 1 29
2 14 9 5
2 17 164 2
2 18 12 24
2 19 5 1
2 20 1 15
3 0 79 1
3 1 25 2
3 2 4 20
3 4 74 1
3 5 5 1
3 6 9 8
3 7 59 2
3 8 32 1
3 9 105 2
3 10 37 16
3 11 1 23
3 14 16 3
3 16 3 1
3 17 4 5
3 20 24 5
3 24 21 1
3 26 4 5
3 27 2 1
4 1 1 8
4 3 1 9
4 5 5 29
4 6 90 1
4 7 201 1
4 8 1 15
4 9 328 1
4 10 1 10
4 17 113 1
4 18 1 21
4 20 2 29
4 23 4 29
5 0 3 1
5 1 73 1
5 3 19 1
5 4 3 17
5 6 94 1
5 7 170 1
5 8 4 1
5 9 226 1
5 11 2 15
5 12 79 1
5 14 1 8
5 16 6 1
5 17 22 2
5 24 2 1
5 26 23 1
6 0 2 13
6 1 50 1
6 2 1 28
6 3 1 13
6 4 49 1
6 5 13 27
6 8 18 14
6 9 2 21
6 10 20 3
6 11 16 2
6 12 70 1
6 14 36 1
6 17 1 1
6 20 1 4
6 24 84 5
7 0 2 24
7 1 1 6
7 2 218 27
7 3 21 23
7 4 89 2
7 5 1 8
7 6 206 1
7 8 11 5
7 10 7 19
7 11 19 17
7 13 1 11
7 14 3 1
7 15 1 13
7 17 12 19
7 19 2 27
7 21 46 10
7 23 35 12
7 25 172 1
8 0 33 1
8 1 9 1
8 2 427 27
8 3 242 1
8 5 178 1
8 6 70 7
8 7 3 25
8 9 280 1
8 10 10 13
8 12 5 14
8 13 143 1
8 14 129 1
8 16 9 1
8 17 4 9
8 19 1 22
8 20 1 21
8 24 91 1
8 26 58 1
8 27 6 7
9 0 3 6
9 2 3 17
9 5 2 8
9 6 1 15
9 7 35 7
9 10 12 16
9 12 315 15
9 13 27 2
9 14 1 9
9 15 1 6
9 19 38 6
9 23 3 26
9 27 1 8
10 1 145 1
10 2 4 19
10 3 1 22
10 4 2 6
10 5 138 1
10 6 303 1
10 7 1 7
10 8 318 1
10 9 364 14
10 11 125 1
10 12 302 1
10 14 3 16
10 23 42 2
10 24 3 22
10 25 3 22
10 27 108 1
11 0 1 19
11 1 227 1
11 3 96 1
11 5 8 10
11 6 258 1
11 7 250 1
11 8 16 19
11 10 37 29
11 14 292 1
11 15 222 1
11 16 1 11
11 20 94 16
11 22 3 2
11 23 6 14
11 24 7 1
11 25 2 6
11 27 39 1
12 0 7 8
12 5 17 2
12 7 1 1
12 9 3 16
12 14 71 1
12 20 1 7
12 23 1 7
13 0 1 7
13 2 2 27
13 8 161 1
13 9 30 2
13 10 2 4
13 12 1 24
13 14 20 20
14 1 37 6
14 2 1 12
14 4 17 7
14 7 6 11
14 9 8 15
14 10 3 16
14 11 1 5
14 13 1 25
14 15 99 13
14 20 2 14
14 25 1 14
15 0 7 26
15 6 1 29
15 7 217 27
15 8 48 3
15 10 1 24
15 11 2 7
15 20 8 4
15 23 5 4
15 27 19 1
16 0 48 1
16 1 159 1
16 3 11 1
16 5 52 1
16 6 3 11
16 7 1 12
16 8 138 1
16 12 2 14
16 14 1 10
16 17 15 16
16 18 205 1
16 20 78 19
16 24 8 1
16 26 14 10
17 0 51 1
17 1 4 21
17 3 1 17
17 4 41 1
17 6 228 1
17 7 114 1
17 9 78 3
17 11 162 3
17 16 12 28
17 18 1 11
17 20 71 2
18 0 20 3
18 1 203 2
18 4 76 1
18 8 37 2
18 9 13 5
18 12 1 7
19 0 127 10
19 3 1 26
19 4 6 24
19 5 3 5
19 7 58 2
19 8 105 3
19 10 93 4
19 12 26 3
19 14 2 17
19 20 23 5
19 25 11 15
20 3 147 2
20 5 1 15
20 6 14 22
20 9 87 2
20 10 108 1
20 14 2 17
20 16 71 11
20 19 6 18
20 23 1 1
20 25 61 7
21 5 1 2
21 16 1 25
22 1 13 11
22 4 44 2
22 8 1 29
22 11 23 3
22 20 1 3
23 0 1 29
23 3 4 1
23 7 1 23
23 9 1 21
23 10 155 1
23 15 15 24
23 17 1 29
23 19 3 18
23 22 4 7
23 24 2 9
24 0 6 1
24 1 62 1
24 3 33 1
24 5 4 1
24 7 91 1
24 8 12 1
24 11 1 1
24 12 12 23
24 16 9 1
24 19 1 15
25 3 4 1
25 4 59 1
25 6 47 1
25 7 40 2
25 8 1 27
25 9 1 29
25 10 110 1
25 14 4 18
25 26 10 2
26 1 2 2
26 3 29 8
26 5 24 6
26 11 1 10
27 8 8 24
27 10 1 15
27 11 110 2
27 17 6 16
27 25 6 2
