0 1 1 5
0 2 238 1
0 3 5 21
0 4 56 16
0 5 3 22
0 7 295 1
0 8 3 21
0 9 151 1
0 10 76 1
0 11 132 1
0 16 3 4
0 17 265 21
0 18 1 26
0 19 138 1
0 20 229 1
0 23 6 3
0 24 3 21
1 0 5 5
1 2 10 18
1 3 4 16
1 4 3 20
1 5 4 22
1 6 171 10
1 7 1 14
1 8 1 24
1 9 4 17
1 11 126 3
1 12 130 3
1 16 6 14
1 17 2 17
1 19 3 20
1 24 3 22
1 27 2 23
2 0 1 25
2 1 1 1
2 3 91 1
2 4 3 18
2 6 2 11
2 7 51 1
2 8 4 10
2 10 2 7
2 11 1 12
2 13 21 4
2 17 161 1
3 1 18 11
3 2 12 26
3 5 2 17
3 6 5 5
3 7 4 12
3 8 5 4
3 9 103 3
3 10 16 13
3 11 79 5
3 12 68 4
3 16 3 4
3 20 53 22
3 24 2 8
4 0 4 13
4 2 104 1
4 3 37 1
4 5 36 20
4 6 79 1
4 7 198 2
4 8 1 28
4 9 4 21
4 17 109 1
4 21 1 13
5 0 3 21
5 1 4 27
5 2 22 1
5 3 3 2
5 4 5 21
5 6 28 1
5 7 165 1
5 8 4 20
5 9 200 16
5 10 15 2
5 12 75 2
5 13 5 22
5 14 6 25
5 16 3 17
5 17 21 2
5 19 23 5
5 24 4 7
6 1 35 1
6 2 27 5
6 3 19 16
6 4 41 1
6 5 20 21
6 8 17 18
6 9 3 18
6 10 30 6
6 11 16 4
6 12 67 1
6 14 34 3
6 16 61 1
6 17 1 15
6 18 176 1
6 24 83 4
7 0 9 17
7 1 2 10
7 2 3 16
7 3 12 6
7 4 86 2
7 5 5 20
7 6 161 1
7 8 6 17
7 10 2 4
7 11 17 5
7 15 110 29
7 17 1 29
7 20 25 6
7 24 130 1
7 25 166 1
8 0 2 5
8 1 2 4
8 3 2 15
8 5 158 1
8 6 10 11
8 7 88 19
8 9 269 1
8 10 6 28
8 11 1 10
8 12 1 25
8 13 141 1
8 14 124 1
8 15 7 26
8 16 2 19
8 18 173 1
8 19 1 15
8 20 56 9
8 21 9 1
8 22 5 20
8 23 45 3
8 24 3 7
8 26 57 1
9 0 59 6
9 1 1 9
9 4 2 1
9 5 6 11
9 6 2 11
9 7 7 26
9 10 35 19
9 11 1 14
9 12 50 1
9 14 2 10
9 15 1 4
9 17 5 25
9 19 39 6
9 20 1 21
9 25 34 1
9 26 8 15
10 0 52 3
10 1 140 1
10 2 206 25
10 3 3 7
10 4 25 2
10 5 130 1
10 6 287 1
10 7 10 20
10 8 285 1
10 9 87 4
10 11 216 1
10 13 154 2
10 14 21 6
10 16 1 11
10 18 2 11
10 20 1 13
10 25 4 16
10 27 107 2
11 1 225 1
11 3 90 1
11 4 153 24
11 5 29 7
11 6 253 1
11 7 189 1
11 8 1 28
11 10 6 22
11 13 122 1
11 14 289 1
11 15 196 1
11 17 1 6
11 20 9 17
11 22 1 20
11 23 2 7
11 24 5 1
11 25 4 22
11 26 1 2
12 0 110 8
12 1 2 22
12 4 118 2
12 5 15 1
12 6 2 14
12 7 1 25
12 8 2 22
12 9 38 5
12 13 22 1
12 14 68 2
12 19 42 12
12 20 1 27
12 21 1 18
12 23 1 13
13 2 1 24
13 5 7 28
13 6 33 1
13 10 3 1
13 12 61 22
13 16 8 17
14 0 1 18
14 1 36 1
14 2 2 3
14 6 2 17
14 7 1 10
14 9 44 24
14 10 65 9
14 11 2 16
14 13 7 15
14 21 1 6
14 24 2 1
15 4 58 5
15 7 47 1
15 8 46 1
15 10 12 2
15 11 2 16
15 14 1 1
15 24 28 13
15 27 19 14
16 0 3 27
16 1 2 21
16 3 3 11
16 4 36 18
16 5 50 24
16 8 2 20
16 9 12 2
16 18 199 1
16 21 1 22
16 22 8 3
16 24 3 15
17 1 3 23
17 2 4 1
17 6 224 1
17 9 77 1
17 10 9 2
17 16 1 19
17 22 1 24
18 0 19 4
18 1 202 1
18 4 69 1
18 14 17 1
19 0 18 2
19 1 72 2
19 4 14 14
19 7 56 3
19 8 104 4
19 13 3 9
19 20 37 4
19 21 1 6
19 27 1 1
20 2 35 1
20 3 144 1
20 5 10 13
20 6 18 18
20 7 5 4
20 14 1 16
20 15 1 6
20 17 134 7
20 19 24 3
20 24 57 2
21 2 9 27
21 12 58 1
21 20 1 26
22 9 1 22
22 15 9 2
22 17 1 28
22 23 10 11
22 27 9 15
23 1 1 12
23 4 36 1
23 5 20 11
23 11 65 1
23 13 8 25
23 21 7 11
24 0 3 21
24 1 3 2
24 3 2 26
24 4 37 1
24 5 3 5
24 7 87 2
24 8 2 29
24 10 4 18
24 11 4 25
24 12 1 2
24 14 4 24
24 16 2 25
24 17 1 29
24 20 5 10
24 23 8 1
25 1 1 18
25 5 5 21
25 6 45 2
25 7 233 1
25 8 27 9
25 9 1 8
25 12 3 29
25 14 11 19
25 18 2 2
25 27 12 18
26 5 24 14
26 7 60 1
26 11 1 24
26 14 2 17
26 27 90 1
27 7 1 5
27 8 25 27
27 11 24 16
27 12 48 7
27 15 9 6
27 16 4 22
27 17 49 28
27 22 9 8
27 25 4 17
27 26 53 24
