0 1 37 2
0 2 221 1
0 3 19 19
0 4 2 27
0 5 17 20
0 6 66 13
0 7 273 1
0 8 23 17
0 9 143 1
0 11 117 1
0 16 35 17
0 19 107 1
0 20 225 2
0 22 1 25
0 24 16 8
0 25 1 27
0 26 2 14
1 0 35 24
1 2 7 3
1 3 18 7
1 4 11 6
1 5 31 7
1 6 10 23
1 7 1 15
1 8 41 2
1 9 1 19
1 11 1 12
1 12 123 2
1 16 112 23
1 17 2 28
1 22 17 9
1 24 23 25
1 25 4 6
2 0 2 19
2 1 2 13
2 3 19 1
2 4 130 28
2 5 19 1
2 6 87 17
2 7 31 1
2 8 4 29
2 10 1 5
2 11 47 3
2 15 8 7
2 16 18 3
2 18 12 18
3 0 14 21
3 1 15 8
3 2 12 3
3 5 30 29
3 6 1 28
3 8 140 17
3 10 42 8
3 11 1 7
3 15 1 9
3 16 32 23
3 17 149 8
3 24 66 4
3 26 4 23
4 0 1 5
4 1 177 22
4 2 208 2
4 3 1 19
4 5 2 28
4 6 48 1
4 8 1 8
4 9 311 1
4 10 1 21
4 12 1 13
4 17 93 1
4 18 144 5
5 0 16 18
5 1 131 15
5 2 40 2
5 3 35 6
5 4 6 6
5 6 1 23
5 7 147 1
5 8 18 18
5 9 156 1
5 11 5 20
5 12 62 1
5 16 17 26
5 19 22 1
5 24 30 14
6 0 16 19
6 1 387 1
6 2 1 27
6 3 118 5
6 4 16 1
6 5 15 24
6 7 7 1
6 8 345 18
6 9 5 8
6 10 2 18
6 12 53 2
6 13 70 2
6 14 26 2
6 15 115 2
6 17 1 9
6 20 1 1
6 24 79 5
6 26 1 23
6 27 1 13
7 0 1 6
7 1 1 5
7 2 217 2
7 3 3 27
7 4 74 1
7 5 2 20
7 6 145 1
7 8 5 24
7 10 16 1
7 11 111 28
7 12 1 15
7 13 11 24
7 15 3 23
7 17 1 2
7 18 6 8
7 19 13 6
7 20 198 26
7 22 2 16
7 23 1 6
7 24 114 1
7 25 147 1
8 0 62 4
8 1 19 17
8 2 69 1
8 3 47 15
8 4 3 6
8 5 38 17
8 6 179 1
8 7 9 16
8 9 224 1
8 10 56 9
8 11 1 17
8 13 132 1
8 14 103 1
8 15 23 6
8 16 116 16
8 17 1 20
8 18 167 4
8 20 1 9
8 22 1 27
8 23 41 1
8 24 16 21
8 27 7 25
9 1 9 15
9 2 13 27
9 4 167 1
9 5 5 3
9 6 7 1
9 7 4 22
9 8 3 5
9 10 25 10
9 11 1 17
9 12 38 1
9 13 22 1
9 15 1 18
9 16 77 1
9 23 4 19
10 1 121 1
10 3 1 25
10 4 2 15
10 5 101 1
10 6 43 1
10 7 1 7
10 8 207 4
10 9 286 14
10 11 106 1
10 13 9 1
10 14 2 16
10 15 1 19
10 25 2 29
11 0 4 21
11 1 223 3
11 2 1 7
11 3 67 1
11 4 153 1
11 5 1 29
11 6 233 1
11 7 305 1
11 8 2 29
11 9 73 2
11 10 9 6
11 12 137 2
11 14 31 1
11 15 101 1
11 16 1 25
11 17 1 15
11 20 1 19
11 22 1 5
11 23 24 15
11 25 1 21
12 0 13 7
12 1 1 10
12 3 1 6
12 4 107 1
12 6 5 21
12 8 1 1
12 9 2 27
12 14 59 1
12 18 5 5
12 19 43 10
12 20 78 6
12 21 2 6
12 23 1 3
12 24 57 1
13 0 1 25
13 2 4 7
13 4 1 20
13 5 14 20
13 6 28 2
13 8 152 1
13 9 24 1
13 10 4 10
13 11 16 5
13 14 1 21
14 4 1 16
14 5 30 1
14 6 2 23
14 7 1 27
14 8 47 1
14 9 44 2
14 10 14 26
14 11 1 6
14 12 5 11
14 13 13 11
14 15 97 1
14 22 2 7
14 27 6 3
15 0 1 14
15 6 111 3
15 7 24 1
15 8 37 1
15 10 1 29
15 11 15 7
15 14 1 27
15 17 76 1
15 18 14 12
16 0 16 26
16 1 75 5
16 3 48 19
16 5 73 25
16 8 17 22
16 10 1 14
16 12 3 21
16 17 335 1
16 18 174 1
16 20 5 23
16 24 35 2
17 0 35 1
17 1 73 29
17 2 1 3
17 3 1 6
17 5 24 1
17 6 209 2
17 7 103 1
17 8 1 22
17 9 69 2
17 13 24 3
17 16 3 19
17 22 1 24
17 26 38 17
18 2 1 13
18 4 43 1
18 6 35 5
18 7 2 19
18 10 2 15
18 24 2 1
19 0 118 2
19 1 61 2
19 3 1 26
19 4 1 7
19 6 36 3
19 7 50 2
19 10 90 3
19 14 1 3
19 20 9 17
20 3 129 1
20 7 1 2
20 10 1 7
20 14 1 4
20 17 131 1
20 19 85 27
20 24 55 3
21 4 53 1
21 10 80 1
21 12 53 1
21 16 1 5
22 2 3 19
22 4 42 1
22 7 95 3
22 12 1 19
22 23 6 1
22 24 4 29
23 0 9 1
23 4 34 2
23 7 7 7
23 14 23 22
23 20 1 13
23 22 1 4
23 27 15 1
24 0 16 19
24 1 18 20
24 3 38 19
24 4 35 2
24 5 31 8
24 6 31 6
24 7 72 1
24 8 16 26
24 14 4 4
24 16 37 11
24 23 4 9
24 25 1 23
25 4 55 3
25 5 1 6
25 7 221 1
25 10 94 1
25 11 3 17
25 14 1 19
26 0 62 1
26 1 2 8
26 9 2 20
26 11 1 10
26 12 1 25
26 19 1 27
26 23 1 4
26 27 77 1
27 5 10 20
27 7 8 1
27 8 1 13
27 11 31 8
27 14 8 5
27 22 2 25
27 23 2 2
27 25 43 3
27 26 53 1
