0 1 211 28
0 2 220 2
0 3 35 3
0 4 2 28
0 5 23 4
0 6 1 28
0 7 272 1
0 8 17 17
0 9 143 1
0 10 66 2
0 11 117 1
0 16 22 29
0 19 106 1
0 24 16 22
1 0 20 6
1 2 8 6
1 3 69 23
1 4 84 21
1 5 28 19
1 6 4 11
1 8 39 18
1 9 32 8
1 10 2 7
1 16 34 14
1 17 3 16
1 18 3 5
1 24 16 14
1 27 2 2
2 0 3 2
2 1 2 8
2 3 17 1
2 4 1 2
2 5 19 12
2 7 30 1
2 8 44 7
2 9 96 2
2 17 149 2
2 20 77 25
2 27 3 24
3 0 66 16
3 1 51 5
3 2 14 18
3 4 58 2
3 5 28 2
3 7 1 13
3 8 27 17
3 9 97 1
3 11 1 29
3 16 16 3
3 20 1 11
3 24 36 1
4 0 5 2
4 1 404 1
4 3 54 26
4 5 1 10
4 6 46 1
4 7 185 2
4 8 2 17
4 9 310 1
4 10 1 13
4 11 170 3
4 12 1 8
4 17 92 2
5 0 16 27
5 1 17 27
5 3 16 24
5 4 18 27
5 6 2 22
5 7 146 1
5 8 51 17
5 9 151 1
5 11 1 16
5 12 62 1
5 13 1 20
5 14 52 3
5 16 34 7
5 17 16 1
5 19 22 4
5 24 49 16
6 0 26 18
6 1 384 1
6 2 31 19
6 4 15 2
6 5 16 5
6 7 6 1
6 8 11 18
6 9 19 25
6 10 9 29
6 11 11 22
6 17 5 14
6 20 1 3
6 22 78 4
7 0 3 5
7 1 1 13
7 3 3 10
7 4 74 1
7 5 5 6
7 6 144 1
7 8 7 21
7 10 19 17
7 11 30 29
7 15 78 24
7 17 22 19
7 19 1 1
7 21 44 1
7 24 113 1
7 25 146 1
8 0 24 16
8 1 34 23
8 2 68 1
8 3 15 5
8 4 2 27
8 5 23 13
8 6 167 2
8 7 2 5
8 9 222 1
8 10 1 21
8 11 1 9
8 12 2 23
8 13 132 2
8 14 102 1
8 15 2 4
8 16 23 7
8 17 2 11
8 22 5 9
8 23 40 1
8 24 34 19
9 0 1 24
9 1 1 22
9 4 166 1
9 5 4 2
9 6 9 9
9 7 3 6
9 10 5 5
9 12 36 1
9 13 21 1
9 14 100 28
9 16 77 4
9 17 18 7
9 24 68 8
9 25 30 2
9 26 1 14
10 0 43 2
10 1 121 1
10 2 206 7
10 3 2 10
10 4 62 6
10 5 100 1
10 6 40 1
10 7 55 15
10 8 224 1
10 9 68 1
10 11 103 1
10 13 8 1
10 14 5 9
10 16 1 28
10 17 4 20
10 18 3 19
10 20 185 16
10 22 1 1
10 24 1 20
10 25 1 11
10 27 102 3
11 0 227 16
11 3 66 1
11 4 153 11
11 5 2 17
11 6 232 1
11 7 295 1
11 8 4 10
11 10 72 18
11 13 73 1
11 14 31 1
11 15 98 1
11 22 2 1
11 23 1 13
11 25 6 18
11 26 3 18
11 27 26 2
12 1 1 14
12 3 29 20
12 4 107 1
12 5 8 3
12 6 2 11
12 7 3 2
12 8 194 11
12 9 1 23
12 13 11 1
12 14 58 2
12 18 1 17
12 20 1 21
12 21 10 12
12 22 8 3
12 24 57 1
13 8 152 2
13 9 24 1
13 10 6 15
13 12 1 1
13 15 9 1
13 22 1 2
13 26 2 24
14 0 21 16
14 5 30 1
14 6 4 1
14 8 47 1
14 9 1 20
14 10 1 5
14 11 12 3
14 15 97 1
14 25 4 3
15 0 3 25
15 5 9 1
15 7 23 1
15 8 37 2
15 9 1 29
15 10 18 21
15 11 3 21
15 12 2 13
15 17 75 14
15 19 1 3
15 20 7 1
15 23 2 1
16 0 17 2
16 1 45 22
16 3 45 29
16 4 39 15
16 5 60 23
16 8 69 2
16 9 11 4
16 10 6 18
16 12 2 22
16 15 10 1
16 17 335 1
16 18 173 1
16 24 16 25
17 0 35 1
17 1 66 8
17 4 1 19
17 5 24 1
17 7 103 1
17 10 2 4
17 11 156 1
17 15 5 5
17 16 1 4
17 19 103 1
17 20 65 1
17 23 1 11
18 4 42 1
18 8 29 1
18 12 6 22
18 19 19 1
18 20 3 1
18 24 2 3
18 26 27 24
19 2 12 2
19 5 3 1
19 9 1 13
19 20 10 10
20 2 27 1
20 3 128 1
20 4 144 2
20 5 2 3
20 7 3 21
20 9 83 1
20 11 50 4
20 16 69 1
20 17 131 2
20 19 16 23
20 22 3 27
21 4 53 1
21 10 80 5
21 12 52 1
21 18 24 21
22 4 41 12
22 10 43 1
22 12 1 15
22 15 8 1
22 17 5 24
22 23 6 13
23 0 9 21
23 9 16 22
23 11 50 1
23 13 9 15
23 24 1 19
23 27 14 17
24 0 44 3
24 1 16 23
24 3 16 24
24 5 28 20
24 7 72 1
24 8 46 14
24 10 5 21
24 11 5 16
24 16 100 24
24 17 1 13
24 25 1 13
24 26 24 2
25 6 40 1
25 7 220 2
25 10 94 1
25 11 1 16
25 12 3 2
25 15 4 29
25 20 11 9
25 22 2 12
25 24 1 19
25 27 1 25
26 0 61 12
26 4 2 21
26 7 1 11
26 10 1 10
26 27 76 2
27 5 1 25
27 7 8 24
27 8 14 19
27 11 1 21
27 21 9 1
27 26 52 2
