0 1 70 28
0 3 24 10
0 4 1 21
0 5 91 29
0 6 1 21
0 7 271 1
0 8 36 11
0 9 142 1
0 11 116 1
0 15 88 5
0 16 103 17
0 18 1 4
0 19 105 1
0 20 224 1
0 24 43 29
1 0 44 2
1 2 8 27
1 3 18 1
1 4 27 3
1 5 17 4
1 6 38 3
1 7 1 18
1 8 56 26
1 9 1 2
1 10 1 26
1 11 1 19
1 12 123 1
1 13 1 13
1 14 62 1
1 16 16 29
1 17 10 3
1 19 1 16
1 20 1 26
1 23 59 1
1 24 17 5
1 27 66 16
2 0 2 25
2 1 2 18
2 3 16 1
2 5 2 25
2 6 3 4
2 7 29 1
2 8 4 14
2 10 14 24
2 11 1 8
2 14 7 1
2 20 3 7
3 0 18 25
3 1 15 11
3 2 16 3
3 5 57 21
3 6 1 4
3 7 4 18
3 8 110 21
3 9 97 3
3 10 1 26
3 11 8 28
3 15 4 10
3 16 28 28
3 17 1 15
3 19 15 1
3 24 53 5
4 0 2 17
4 1 401 1
4 2 207 2
4 3 2 14
4 5 85 23
4 6 44 1
4 8 2 4
4 9 309 1
4 10 3 7
4 15 5 8
4 16 188 1
4 18 26 27
4 21 1 4
5 0 19 9
5 1 33 22
5 2 39 12
5 3 33 26
5 4 75 18
5 6 2 20
5 7 145 1
5 8 18 23
5 9 145 4
5 10 4 4
5 11 8 11
5 12 61 1
5 15 2 2
5 16 19 14
5 17 15 2
5 18 1 8
5 24 17 2
6 0 130 29
6 1 381 1
6 3 1 23
6 5 74 4
6 7 5 1
6 8 40 17
6 9 8 19
6 10 3 29
6 12 52 2
6 13 70 2
6 14 26 1
6 15 115 1
6 16 55 4
6 17 2 6
6 18 168 1
6 19 33 17
7 0 17 5
7 1 1 20
7 2 216 9
7 3 15 16
7 4 73 1
7 5 1 16
7 6 142 1
7 8 2 14
7 10 1 17
7 11 90 25
7 13 1 28
7 15 4 24
7 16 1 22
7 17 2 28
7 18 2 21
7 19 2 10
7 21 44 3
7 24 112 1
7 25 145 1
8 0 16 13
8 1 16 11
8 2 66 1
8 3 15 1
8 4 5 3
8 5 12 22
8 6 5 13
8 7 157 16
8 9 220 1
8 10 419 6
8 11 3 17
8 14 101 1
8 15 7 5
8 16 29 25
8 22 1 19
8 23 40 4
8 24 17 15
9 0 29 20
9 1 1 6
9 4 166 1
9 5 5 6
9 6 23 27
9 7 9 24
9 8 1 19
9 10 98 26
9 11 1 27
9 12 35 1
9 13 21 3
9 14 1 19
9 15 1 16
9 20 1 19
9 26 8 18
10 1 120 1
10 2 85 1
10 3 40 9
10 5 99 1
10 6 37 1
10 7 1 1
10 8 217 1
10 9 63 1
10 11 100 1
10 12 6 8
10 13 7 1
10 14 18 24
10 17 6 24
10 20 1 15
10 22 2 26
10 23 33 3
10 25 1 3
11 3 65 1
11 4 2 14
11 5 63 12
11 6 231 1
11 7 284 1
11 8 2 25
11 9 72 1
11 10 8 8
11 12 136 3
11 13 72 2
11 14 30 1
11 15 94 1
11 17 3 27
11 22 2 23
11 23 16 11
11 25 109 17
12 0 7 5
12 1 33 20
12 4 106 2
12 7 1 6
12 9 69 24
12 13 11 2
12 21 1 12
12 22 2 15
12 23 69 16
12 24 56 6
13 5 1 14
13 6 27 4
13 9 24 3
13 10 7 16
13 12 3 20
13 15 9 5
13 19 2 22
13 22 1 6
13 24 17 2
14 1 31 1
14 4 1 4
14 5 30 1
14 6 5 2
14 7 2 18
14 8 46 2
14 9 45 7
14 10 48 5
14 11 3 21
14 13 3 6
14 15 96 1
15 1 3 1
15 5 9 10
15 7 22 22
15 10 1 29
15 11 4 2
15 19 5 2
15 20 6 18
15 23 2 1
15 24 8 1
16 0 16 22
16 1 30 11
16 2 1 15
16 3 41 29
16 5 16 21
16 6 1 16
16 8 52 23
16 15 10 10
16 17 334 2
16 18 172 1
16 22 7 1
16 24 67 20
17 0 34 1
17 1 12 16
17 5 23 1
17 6 208 1
17 7 102 3
17 8 1 21
17 9 69 1
17 11 156 2
17 16 1 11
17 19 103 1
17 20 64 3
17 21 3 1
17 22 2 22
17 23 1 18
18 0 15 4
18 2 2 10
18 4 41 1
18 8 29 1
18 9 1 12
18 10 1 12
18 16 1 9
18 17 1 3
18 19 19 6
18 20 2 29
19 0 117 2
19 1 60 3
19 4 2 1
19 5 3 1
19 7 50 1
19 20 2 23
20 2 27 2
20 3 127 2
20 6 3 15
20 7 11 18
20 8 2 4
20 9 82 6
20 16 69 4
20 19 39 1
21 4 52 9
21 11 1 5
21 12 52 2
21 20 1 23
21 27 4 5
22 1 11 13
22 8 1 5
22 10 43 3
22 13 1 19
22 14 15 4
22 15 7 6
22 20 48 13
22 21 1 25
22 25 11 5
23 1 1 1
23 4 34 1
23 9 4 11
23 11 50 1
23 15 1 12
23 20 1 7
23 24 1 23
24 0 35 6
24 1 33 19
24 2 13 10
24 3 57 1
24 4 35 3
24 5 38 11
24 7 71 1
24 8 16 1
24 10 1 15
24 16 17 17
25 1 6 29
25 3 2 3
25 6 40 2
25 8 1 25
25 10 93 1
25 11 2 18
25 19 1 8
25 24 2 21
25 26 7 5
25 27 1 6
26 4 2 17
26 7 2 17
26 11 4 9
26 15 20 12
26 17 55 16
26 21 1 23
26 25 36 1
27 3 7 18
27 6 1 24
27 7 1 24
27 10 1 11
27 11 3 17
27 21 9 16
27 23 1 7
