0 1 6 1
0 2 201 1
0 3 55 10
0 5 14 20
0 7 248 1
0 8 130 8
0 10 57 1
0 11 103 1
0 15 87 3
0 16 3 11
0 17 14 19
0 19 79 1
0 20 21 1
0 24 38 5
0 25 1 25
0 26 1 17
1 0 114 24
1 2 78 27
1 3 182 6
1 4 4 9
1 5 68 12
1 6 3 15
1 7 8 20
1 8 1 22
1 10 1 15
1 11 1 26
1 13 1 21
1 16 16 16
1 17 117 18
1 19 1 23
1 22 16 1
1 24 3 1
1 26 3 13
2 0 7 20
2 1 6 9
2 3 1 5
2 4 2 26
2 5 3 9
2 7 15 1
2 8 6 28
2 9 26 1
2 10 2 19
2 11 2 26
2 16 15 4
2 17 137 2
3 0 1 4
3 1 76 12
3 1 397 9
3 2 2 17
3 4 48 2
3 5 48 28
3 6 1 5
3 7 102 1
3 8 6 26
3 10 9 27
3 11 8 25
3 12 62 4
3 16 3 19
3 20 56 22
3 24 3 18
3 25 42 3
4 0 1 14
4 1 168 1
4 2 195 1
4 3 1 21
4 5 19 26
4 6 338 1
4 7 173 1
4 8 3 28
4 9 20 1
4 10 1 29
4 17 78 1
4 20 1 25
5 0 4 15
5 1 37 25
5 2 39 1
5 3 4 13
5 4 6 10
5 6 12 10
5 7 128 1
5 8 6 15
5 9 71 1
5 11 14 6
5 12 50 1
5 16 16 4
5 17 12 1
5 19 21 1
5 23 11 2
5 24 24 6
6 1 53 1
6 2 59 21
6 3 1 5
6 4 2 3
6 5 81 27
6 7 82 1
6 8 161 27
6 9 9 17
6 10 104 15
6 12 41 1
6 14 19 1
6 15 111 4
6 17 2 14
6 19 1 25
6 20 1 3
6 23 1 2
6 24 75 6
7 0 1 12
7 1 40 2
7 3 65 9
7 4 63 1
7 5 1 16
7 6 112 1
7 8 8 18
7 10 3 19
7 11 19 25
7 13 11 1
7 15 6 13
7 16 1 4
7 17 2 9
7 19 2 28
7 20 2 19
7 24 98 1
7 25 127 1
7 26 1 26
8 0 32 8
8 1 205 11
8 2 414 1
8 3 46 10
8 4 2 24
8 5 319 1
8 6 9 1
8 7 1 3
8 9 179 1
8 10 2 27
8 12 3 22
8 13 123 1
8 14 83 1
8 15 2 7
8 16 58 17
8 17 1 26
8 18 161 1
8 23 36 3
8 24 3 22
8 26 52 1
9 0 1 23
9 1 12 10
9 4 230 10
9 5 5 9
9 6 5 20
9 8 1 3
9 10 62 13
9 12 21 3
9 13 17 2
9 14 57 20
9 17 2 2
9 19 3 11
9 23 12 11
9 25 26 1
9 26 2 11
10 0 36 1
10 1 103 2
10 2 200 16
10 3 2 25
10 4 1 20
10 5 75 1
10 6 238 1
10 7 36 26
10 8 136 11
10 9 238 1
10 11 154 1
10 13 124 1
10 14 2 20
10 15 1 1
10 17 1 21
10 20 186 1
10 21 11 6
10 22 2 24
10 24 1 5
10 26 103 3
10 27 98 1
11 0 7 17
11 3 47 1
11 6 212 1
11 7 111 1
11 8 3 17
11 9 58 2
11 10 3 7
11 12 130 1
11 14 266 1
11 15 34 1
11 16 1 12
11 17 1 28
11 20 2 4
11 22 2 6
11 24 1 27
11 25 1 11
12 4 96 2
12 5 4 1
12 6 1 1
12 7 53 7
12 8 1 4
12 9 8 25
12 13 4 2
12 14 49 3
12 15 13 1
12 19 1 1
12 24 55 4
13 6 23 1
13 8 145 1
13 9 20 1
13 10 1 18
13 11 84 3
13 12 1 10
13 16 1 18
13 19 2 24
13 27 9 18
14 4 1 21
14 6 108 5
14 7 10 28
14 8 35 1
14 11 12 21
14 13 4 10
14 15 82 1
14 23 17 27
14 26 17 1
15 0 70 5
15 3 11 3
15 7 21 1
15 8 29 1
15 9 1 17
15 10 15 22
15 11 4 2
15 13 6 1
16 0 19 26
16 1 4 4
16 3 55 1
16 4 17 26
16 5 125 24
16 6 2 20
16 7 9 21
16 8 4 20
16 10 1 9
16 11 1 13
16 17 7 1
16 18 148 1
16 24 21 27
16 27 30 1
17 1 4 28
17 4 1 1
17 6 194 1
17 7 94 3
17 8 2 10
17 9 62 2
17 12 68 3
17 13 23 1
17 16 1 25
17 18 2 18
17 19 100 1
17 22 3 16
17 26 38 1
18 2 3 21
18 4 23 1
18 6 34 5
18 8 24 2
18 15 1 5
18 19 18 3
19 0 2 1
19 1 51 1
19 4 14 18
19 7 44 3
19 8 95 5
19 11 103 14
19 12 23 1
19 13 1 22
19 14 6 27
19 20 2 17
19 21 4 22
20 2 21 1
20 3 113 1
20 6 2 8
20 7 2 24
20 8 213 1
20 9 79 5
20 12 1 17
20 13 46 23
20 14 1 1
20 19 83 20
21 1 2 5
21 11 12 13
21 12 47 2
21 16 13 26
22 1 10 6
22 4 40 1
22 7 91 1
22 8 1 11
22 9 1 6
22 10 36 4
22 11 12 2
22 13 1 13
22 15 7 1
22 26 15 5
23 0 10 6
23 7 4 12
23 11 38 1
23 14 22 23
23 17 1 2
23 20 1 12
23 25 4 9
24 0 20 26
24 1 20 25
24 3 85 1
24 5 3 12
24 6 2 10
24 7 58 1
24 8 19 11
24 10 2 2
24 11 1 11
24 16 19 24
24 19 1 15
24 22 21 4
24 25 1 22
25 0 1 6
25 3 1 5
25 5 2 4
25 6 35 2
25 7 25 1
25 10 82 2
25 11 4 20
25 13 2 1
25 26 5 4
26 9 2 7
26 18 29 6
26 21 1 15
26 27 63 1
27 3 6 19
27 8 1 26
27 15 28 26
27 16 1 12
27 26 49 1
