0 1 352 1
0 2 190 1
0 3 26 1
0 4 1 27
0 5 11 17
0 6 1 14
0 7 235 1
0 8 413 1
0 10 53 1
0 12 5 22
0 16 24 1
0 19 65 1
0 20 220 1
0 21 37 1
0 24 3 9
0 26 3 21
1 0 12 25
1 2 12 23
1 3 166 22
1 4 106 2
1 5 150 1
1 6 25 21
1 8 120 11
1 9 1 12
1 10 8 5
1 11 2 19
1 12 112 1
1 14 55 4
1 15 9 13
1 16 42 12
1 17 2 20
1 18 2 9
1 20 1 16
1 24 245 1
1 25 3 23
2 0 21 17
2 1 3 24
2 3 3 4
2 4 3 25
2 5 1 27
2 6 80 1
2 8 34 27
2 9 22 2
2 10 196 9
2 11 2 13
2 12 1 14
2 13 20 19
2 17 131 1
2 20 1 7
2 24 27 11
3 0 20 1
3 1 96 3
3 2 2 24
3 4 43 1
3 5 11 27
3 6 10 17
3 7 2 22
3 8 306 1
3 10 3 17
3 11 1 16
3 15 1 21
3 16 188 1
3 17 1 23
3 20 62 1
3 24 24 1
3 26 31 20
4 0 22 15
4 1 131 1
4 2 188 2
4 3 6 5
4 6 27 1
4 8 9 1
4 9 297 1
4 10 241 5
4 11 159 2
4 12 10 10
4 16 185 1
4 18 2 3
4 19 76 1
5 0 32 1
5 1 56 29
5 2 10 1
5 3 113 1
5 6 14 28
5 7 118 1
5 8 186 1
5 9 115 7
5 11 1 12
5 13 9 11
5 16 304 2
5 24 141 1
5 26 21 25
6 1 348 1
6 2 20 3
6 3 14 21
6 5 19 1
6 7 72 1
6 8 19 21
6 9 10 7
6 10 14 3
6 11 298 1
6 12 35 1
6 16 49 2
6 17 1 5
6 19 1 23
6 20 3 26
6 24 73 2
7 0 2 21
7 1 1 15
7 2 15 1
7 3 24 3
7 4 57 2
7 5 8 14
7 6 184 1
7 8 109 4
7 10 17 28
7 11 179 13
7 15 3 23
7 16 7 28
7 17 3 28
7 18 4 18
7 19 1 9
7 20 5 16
7 23 36 6
7 24 90 1
7 25 115 1
7 27 1 4
8 0 3 20
8 1 192 11
8 2 397 1
8 3 182 7
8 4 10 8
8 5 307 1
8 6 2 13
8 7 248 18
8 9 158 1
8 10 419 1
8 11 1 16
8 13 119 1
8 14 74 1
8 15 1 28
8 17 1 3
8 18 158 1
8 19 6 20
8 20 1 3
8 21 6 1
8 23 34 4
8 24 144 1
8 26 50 4
9 0 2 28
9 1 4 13
9 2 15 4
9 4 227 1
9 5 5 21
9 6 7 21
9 7 4 10
9 8 3 27
9 10 57 1
9 12 299 1
9 17 1 8
9 19 61 26
9 20 30 23
9 25 25 1
9 27 1 1
10 1 95 1
10 3 2 17
10 4 3 28
10 5 62 1
10 6 207 1
10 7 1 19
10 8 121 1
10 9 187 1
10 11 47 1
10 13 115 2
10 14 7 26
10 15 2 15
10 23 25 2
10 24 1 7
10 27 95 4
11 1 25 2
11 2 2 25
11 3 38 1
11 5 1 1
11 6 201 1
11 7 195 1
11 8 6 6
11 9 51 1
11 10 3 16
11 13 114 3
11 14 13 1
11 15 13 1
11 16 1 21
11 20 13 7
11 22 8 20
11 23 2 26
11 24 1 13
11 25 41 19
11 26 2 7
12 1 33 21
12 3 32 9
12 4 91 1
12 6 2 10
12 7 4 22
12 8 1 2
12 9 4 13
12 13 2 1
12 21 1 24
12 23 1 12
13 0 1 13
13 9 18 1
13 10 1 22
13 12 2 19
13 14 6 1
13 23 2 27
14 1 26 1
14 4 2 1
14 5 25 3
14 6 6 19
14 7 2 17
14 8 27 1
14 10 30 6
14 11 2 3
14 12 143 1
14 15 71 1
14 19 6 17
14 25 10 22
15 0 1 8
15 2 1 10
15 7 6 1
15 8 26 1
15 9 2 11
15 10 127 23
15 11 12 16
15 14 3 11
16 0 85 1
16 1 73 1
16 3 70 1
16 4 1 5
16 5 61 3
16 8 9 12
16 10 9 29
16 11 20 12
16 17 325 1
16 18 134 1
16 24 60 16
17 1 16 18
17 3 8 3
17 4 1 7
17 6 186 1
17 9 59 1
17 10 44 11
17 12 66 1
17 16 114 28
17 18 1 13
17 20 58 1
17 22 2 7
18 1 192 2
18 4 15 1
18 10 2 10
18 15 1 8
18 16 2 21
18 22 1 6
19 0 123 1
19 4 1 11
19 6 30 1
19 9 1 24
19 11 5 5
19 20 46 28
20 0 1 23
20 1 1 16
20 3 105 2
20 4 139 1
20 6 1 7
20 7 2 19
20 9 77 1
20 10 2 27
20 17 125 3
20 18 16 5
20 19 1 14
20 25 56 2
21 1 2 24
21 5 1 16
21 11 2 6
21 14 19 22
21 26 5 20
22 0 1 28
22 1 9 1
22 5 1 20
22 7 88 4
22 10 33 2
22 11 10 1
22 14 12 4
22 20 49 14
23 7 4 6
23 11 32 1
23 12 87 4
23 16 22 14
23 20 1 14
24 0 8 8
24 1 225 1
24 3 188 1
24 5 73 1
24 7 51 1
24 8 32 5
24 16 119 9
24 25 5 21
25 1 45 12
25 4 51 6
25 8 29 24
25 10 76 2
25 11 12 29
25 15 1 25
25 24 1 10
25 26 4 5
26 7 64 2
26 8 1 7
26 14 2 20
26 16 22 26
27 6 18 4
27 7 1 2
27 10 2 23
27 11 5 17
27 16 1 7
27 17 1 29
27 23 1 12
27 24 2 2
27 25 34 2
