0 1 182 1
0 2 141 1
0 3 3 4
0 5 2 15
0 7 181 1
0 8 1 3
0 9 113 1
0 10 36 2
0 11 69 1
0 16 2 16
0 19 22 1
0 20 192 1
0 24 2 1
0 25 2 21
0 27 36 9
1 0 6 1
1 2 24 17
1 3 4 28
1 4 3 5
1 5 47 14
1 6 2 19
1 7 1 18
1 9 3 3
1 11 1 4
1 12 97 1
1 16 2 19
1 17 24 13
1 18 4 10
1 19 1 7
1 20 2 26
1 24 2 11
2 0 1 9
2 1 5 8
2 3 15 21
2 4 6 2
2 6 129 11
2 8 3 24
2 9 84 1
2 10 2 3
2 11 1 9
2 16 10 5
2 18 1 12
3 2 88 1
3 4 24 2
3 5 2 2
3 6 2 25
3 7 48 29
3 8 3 29
3 10 1 21
3 11 28 28
3 12 55 3
3 15 1 6
3 16 3 26
3 23 1 8
3 24 2 12
4 0 1 23
4 1 282 1
4 2 156 1
4 3 1 28
4 5 157 1
4 6 227 1
4 7 140 1
4 8 6 17
4 9 228 1
4 10 65 4
4 12 5 18
4 14 4 8
4 17 44 2
4 18 170 2
5 0 7 15
5 1 2 22
5 3 5 26
5 4 176 1
5 6 57 11
5 7 82 1
5 8 5 16
5 9 3 1
5 11 64 20
5 12 23 2
5 16 1 24
5 17 3 2
5 24 1 24
6 0 4 5
6 1 199 1
6 2 12 12
6 3 3 4
6 4 1 1
6 5 135 1
6 7 36 1
6 8 126 23
6 9 4 18
6 10 2 4
6 11 291 1
6 15 100 1
6 16 40 1
6 17 5 16
6 22 70 5
6 25 1 28
7 0 2 3
7 1 1 12
7 2 196 1
7 3 2 15
7 4 37 1
7 5 2 18
7 6 144 10
7 8 51 18
7 10 1 24
7 11 2 8
7 13 2 11
7 14 2 5
7 15 5 1
7 16 1 15
7 17 2 27
7 20 1 15
7 25 70 2
8 0 2 25
8 1 3 6
8 2 5 1
8 3 178 23
8 4 1 25
8 5 17 1
8 6 35 5
8 7 176 1
8 9 81 1
8 10 80 1
8 11 2 26
8 15 2 5
8 16 2 21
8 17 1 11
8 18 144 4
8 20 2 17
8 21 4 1
8 22 1 2
8 24 2 8
9 0 8 20
9 1 13 24
9 4 108 1
9 5 27 17
9 6 4 1
9 7 1 11
9 8 5 18
9 10 29 2
9 11 33 1
9 12 240 1
9 14 61 1
9 18 139 2
9 21 21 9
9 23 2 17
9 24 58 3
9 25 18 1
9 26 10 24
9 27 53 21
10 1 62 1
10 2 55 1
10 3 102 15
10 4 6 24
10 5 23 1
10 6 98 1
10 8 8 1
10 9 46 1
10 11 75 1
10 12 289 1
10 13 74 1
10 14 5 1
10 15 2 12
10 16 2 24
10 17 129 18
10 18 136 21
10 20 183 1
10 21 7 1
10 24 7 17
11 0 6 3
11 1 219 1
11 2 2 5
11 5 65 9
11 6 157 1
11 8 2 12
11 9 27 2
11 10 305 7
11 13 55 1
11 14 207 1
11 15 3 12
11 16 49 9
11 18 1 13
11 20 14 14
11 22 1 1
11 23 1 11
11 24 2 29
11 25 38 1
11 27 4 3
12 1 16 11
12 4 70 1
12 6 1 29
12 7 1 6
12 8 26 25
12 9 16 20
12 10 1 12
12 15 5 5
12 22 1 12
13 1 87 18
13 3 14 15
13 5 1 8
13 6 13 7
13 8 123 1
13 10 17 24
13 12 6 18
13 14 5 1
13 17 65 13
14 4 1 4
14 5 20 1
14 6 1 27
14 7 27 11
14 8 11 1
14 10 37 1
14 11 1 8
14 13 17 13
14 15 27 1
14 18 1 8
14 25 6 5
15 0 3 18
15 7 134 1
15 8 13 2
15 9 2 22
15 10 2 29
15 11 9 15
15 13 2 1
15 14 1 26
15 24 24 1
16 0 1 14
16 1 1 2
16 3 1 27
16 4 1 4
16 5 1 3
16 6 1 24
16 7 11 29
16 8 2 21
16 11 18 8
16 17 277 1
16 18 82 1
16 24 2 26
16 26 12 8
17 1 4 13
17 6 153 2
17 7 73 1
17 9 45 3
17 11 138 5
17 12 59 2
17 16 4 15
17 18 10 11
17 19 94 1
18 3 6 1
18 6 42 2
18 7 136 10
18 10 16 25
18 16 1 5
18 22 2 23
18 24 1 9
18 26 1 23
19 0 96 1
19 1 28 1
19 2 7 1
19 3 1 8
19 6 21 6
19 8 83 3
19 9 1 19
19 12 19 3
19 20 3 1
20 0 4 27
20 1 1 21
20 3 75 1
20 4 130 1
20 6 1 18
20 7 39 24
20 9 70 5
20 17 117 2
21 1 1 4
21 12 33 4
21 27 5 18
22 3 14 18
22 10 20 1
22 12 5 24
22 23 6 1
22 27 2 8
23 2 19 27
23 10 135 2
23 13 1 1
23 14 5 9
23 20 1 20
23 21 4 8
23 24 1 1
23 25 2 7
24 0 1 5
24 1 3 6
24 3 2 26
24 5 2 22
24 7 28 1
24 8 2 28
24 9 46 1
24 16 2 1
24 26 12 7
25 1 48 14
25 4 46 1
25 7 186 1
25 8 4 9
25 11 3 24
25 15 1 9
25 24 3 12
26 8 1 17
26 14 23 1
26 23 2 7
26 27 29 1
27 1 49 1
27 7 158 20
27 8 5 18
27 11 11 17
27 17 1 20
27 25 19 2
27 26 37 1
