0 1 336 1
0 3 190 1
0 4 18 1
0 5 147 1
0 7 2 5
0 8 25 21
0 9 1 16
0 10 240 5
0 11 1 6
0 15 3 16
0 16 219 2
0 17 1 10
0 19 1 3
0 20 2 3
0 22 3 28
0 24 156 1
1 0 40 22
1 2 16 8
1 3 204 1
1 4 2 1
1 5 323 1
1 7 274 1
1 8 238 1
1 9 14 2
1 10 241 1
1 16 91 1
1 17 12 1
1 18 54 2
1 19 13 2
1 24 128 1
1 25 19 2
1 27 41 23
2 0 131 1
2 1 163 1
2 3 2 2
2 4 28 1
2 6 63 1
2 7 11 4
2 8 8 27
2 9 57 4
2 10 55 1
2 11 61 2
2 12 13 2
2 16 65 3
2 17 7 14
3 0 134 1
3 1 139 1
3 2 63 20
3 4 2 10
3 5 155 1
3 6 159 1
3 7 219 1
3 8 50 1
3 10 63 1
3 11 123 1
3 16 89 1
3 17 1 1
3 19 2 16
3 20 25 1
3 24 116 1
4 0 173 1
4 1 208 1
4 5 1 23
4 7 3 5
4 8 418 1
4 9 2 16
4 10 3 5
4 11 1 3
4 12 75 1
4 16 1 12
4 18 56 1
4 19 1 12
4 25 2 19
4 26 42 1
5 0 85 1
5 1 37 1
5 3 123 1
5 4 28 9
5 6 110 15
5 7 6 22
5 8 137 1
5 9 12 11
5 10 9 9
5 12 2 1
5 15 1 2
5 16 116 1
5 24 113 1
6 1 94 1
6 2 66 1
6 4 3 24
6 5 23 5
6 7 1 17
6 8 232 1
6 9 18 16
6 10 319 1
6 11 70 4
6 14 1 20
6 15 80 17
6 18 4 26
6 19 1 23
6 20 3 15
6 25 62 3
7 0 69 2
7 1 172 1
7 3 2 3
7 4 279 9
7 5 186 1
7 6 2 19
7 8 327 1
7 10 123 1
7 15 72 1
7 17 22 3
7 19 1 18
7 20 3 22
7 22 1 7
7 23 1 27
7 25 2 5
7 26 1 16
7 27 2 1
8 0 84 1
8 1 27 16
8 2 4 4
8 3 110 1
8 4 418 1
8 5 291 1
8 6 32 8
8 7 289 1
8 9 12 3
8 10 7 1
8 11 238 1
8 12 2 19
8 13 1 19
8 14 1 21
8 15 18 2
8 16 177 1
8 20 2 6
8 22 22 1
8 24 79 1
8 25 122 1
9 2 1 22
9 5 271 1
9 6 137 12
9 10 26 25
9 11 1 20
9 12 14 2
9 13 105 15
9 15 46 1
9 17 10 2
9 19 1 26
9 22 16 1
10 0 229 1
10 1 1 29
10 3 82 1
10 4 72 1
10 5 11 14
10 6 5 26
10 7 55 1
10 8 152 7
10 9 173 1
10 11 2 7
10 13 1 27
10 14 231 3
10 15 278 20
10 17 1 14
10 18 1 22
10 20 1 21
10 21 65 1
10 22 93 3
10 23 160 1
10 26 1 17
11 0 5 9
11 1 2 23
11 3 5 15
11 6 2 29
11 7 93 21
11 8 88 1
11 9 3 4
11 10 412 1
11 12 1 12
11 15 206 1
11 17 35 1
11 20 1 3
11 23 123 1
11 24 1 7
11 25 3 1
12 0 2 20
12 2 49 7
12 9 309 1
12 10 261 1
12 11 111 3
12 13 2 14
12 14 115 26
12 16 4 2
12 18 2 9
12 19 1 9
12 21 21 1
12 22 37 2
12 24 67 14
13 7 100 1
13 8 5 7
13 10 106 1
13 11 1 18
13 12 125 1
13 14 4 19
13 22 2 17
14 1 116 4
14 4 1 7
14 8 1 29
14 10 244 1
14 12 1 1
14 13 1 11
14 15 3 6
14 24 32 11
15 0 2 8
15 1 68 1
15 6 2 25
15 7 3 15
15 10 164 1
15 14 53 1
15 23 1 6
15 27 6 18
16 0 173 1
16 1 103 1
16 3 115 1
16 5 161 1
16 8 159 1
16 9 2 29
16 14 33 16
16 18 1 5
16 19 27 15
16 24 144 1
17 0 294 29
17 1 210 1
17 2 200 1
17 4 1 21
17 5 150 2
17 6 1 5
17 8 3 1
17 10 1 25
17 12 130 6
17 13 56 1
17 16 295 1
17 18 82 1
17 20 147 2
17 24 2 19
18 1 3 24
18 4 7 23
18 5 62 3
18 6 1 19
18 7 1 6
18 11 37 2
18 16 4 14
18 17 84 1
18 20 35 7
19 0 43 1
19 1 1 17
19 3 35 1
19 5 23 9
19 6 117 3
19 10 1 16
19 20 26 1
20 0 265 1
20 2 2 2
20 3 1 21
20 4 1 12
20 8 1 4
20 10 1 14
20 11 193 3
20 19 9 24
21 1 1 23
21 2 14 23
21 13 12 2
21 17 1 13
21 19 6 29
21 23 14 3
22 1 48 2
22 3 24 9
22 9 19 2
22 12 36 3
22 13 1 26
22 15 1 26
22 18 10 23
22 21 13 7
22 23 1 1
23 6 23 8
23 8 60 1
23 10 5 20
23 11 2 2
23 15 25 1
23 22 1 8
23 26 5 1
24 0 3 12
24 1 98 1
24 3 153 1
24 5 56 4
24 7 5 15
24 8 221 1
24 10 68 1
24 11 61 1
24 16 110 1
24 23 3 4
24 26 1 12
25 2 8 1
25 3 50 1
25 4 89 2
25 6 123 12
25 7 1 4
25 9 24 7
25 10 171 21
25 11 11 18
25 14 3 8
25 23 17 12
25 27 76 1
26 8 17 1
26 11 3 21
26 12 3 1
26 13 12 14
26 17 52 11
26 27 5 1
27 7 23 21
27 9 1 14
27 18 5 26
27 22 7 16
27 23 12 23
27 25 1 4
27 26 38 1
