0 1 273 1
0 2 1 23
0 3 150 1
0 4 16 1
0 5 99 1
0 7 5 26
0 8 68 1
0 9 1 5
0 11 4 1
0 12 18 6
0 16 185 1
0 17 5 1
0 19 2 26
0 20 3 22
0 21 50 3
0 24 118 1
0 27 75 2
1 0 225 1
1 2 8 11
1 3 161 1
1 4 8 12
1 5 56 1
1 7 270 1
1 8 198 1
1 10 238 1
1 13 1 19
1 16 45 1
1 17 7 1
1 18 53 1
1 20 98 2
1 21 12 1
1 24 80 1
2 0 127 1
2 1 146 1
2 3 2 28
2 4 26 2
2 6 59 1
2 7 17 16
2 8 34 27
2 9 57 20
2 10 52 1
2 11 59 2
2 12 12 7
2 13 10 28
2 14 42 6
2 16 64 12
2 17 1 24
2 20 1 26
2 24 1 13
3 0 79 5
3 1 88 1
3 2 1 15
3 5 108 1
3 7 211 15
3 8 147 1
3 9 5 28
3 10 60 1
3 11 119 1
3 15 10 4
3 16 68 1
3 17 1 3
3 19 1 13
3 20 23 1
3 24 69 1
3 25 1 22
4 0 169 1
4 1 195 1
4 2 4 15
4 7 230 20
4 14 51 3
4 15 2 11
4 16 3 8
4 17 3 12
4 18 51 1
5 0 34 1
5 1 158 1
5 2 1 19
5 3 96 1
5 6 162 1
5 7 1 27
5 8 124 1
5 9 6 6
5 10 2 24
5 11 18 2
5 12 122 2
5 14 1 2
5 16 69 1
5 17 143 4
5 20 1 16
5 21 3 13
5 22 11 5
5 24 71 1
6 1 84 1
6 2 62 1
6 4 2 13
6 5 13 2
6 8 278 1
6 9 3 14
6 10 315 1
6 11 71 4
6 12 1 6
6 13 1 26
6 17 23 1
6 20 1 4
6 25 61 4
6 26 4 4
7 0 66 1
7 1 168 1
7 3 14 6
7 5 183 1
7 6 2 6
7 8 315 5
7 10 118 1
7 11 1 16
7 12 97 2
7 14 217 2
7 15 68 1
7 20 3 17
7 21 78 4
7 22 6 22
7 23 2 22
7 24 155 18
7 25 3 20
8 0 328 1
8 1 201 1
8 2 3 14
8 3 62 1
8 4 415 1
8 5 229 1
8 6 14 9
8 7 187 1
8 9 2 28
8 10 3 1
8 11 236 1
8 14 3 7
8 15 17 3
8 16 130 1
8 20 1 10
8 23 119 10
8 24 62 1
8 25 120 1
8 26 95 19
9 1 204 1
9 3 114 2
9 5 13 1
9 6 27 22
9 7 3 1
9 8 16 11
9 10 4 24
9 11 3 6
9 12 12 1
9 18 58 6
9 24 1 1
10 0 228 2
10 3 79 2
10 4 69 1
10 5 1 6
10 6 1 10
10 7 52 1
10 8 68 1
10 9 157 1
10 11 10 2
10 12 28 4
10 13 1 17
10 15 1 1
10 18 1 25
10 20 1 13
10 24 43 1
11 2 204 1
11 3 2 1
11 6 1 12
11 7 369 4
11 8 83 1
11 9 3 13
11 10 193 1
11 12 2 6
11 13 5 24
11 15 187 1
11 16 4 27
11 18 27 1
11 22 10 1
11 23 120 1
11 24 1 10
11 25 274 1
12 0 48 14
12 1 3 2
12 4 212 1
12 5 2 15
12 6 125 1
12 8 2 22
12 9 302 1
12 13 3 7
12 15 102 1
12 18 5 25
12 21 20 1
13 4 44 8
13 5 1 20
13 6 118 4
13 7 99 1
13 8 5 24
13 9 1 21
13 10 102 1
13 11 2 14
13 12 122 1
13 14 1 18
13 17 1 7
13 18 7 3
14 0 1 18
14 1 116 1
14 4 1 14
14 5 1 22
14 7 160 1
14 8 1 16
14 10 239 1
14 11 336 2
14 12 1 17
14 13 1 14
14 15 8 8
14 20 42 23
15 0 3 19
15 6 2 12
15 10 160 1
15 14 50 1
15 24 1 10
15 26 13 5
15 27 1 9
16 0 43 27
16 1 66 1
16 3 90 1
16 5 114 1
16 7 7 16
16 8 124 1
16 18 1 2
16 24 97 1
17 1 202 1
17 3 1 3
17 6 2 14
17 8 1 24
17 10 1 13
17 15 42 1
17 16 290 1
17 21 17 1
17 25 61 5
17 27 5 29
18 1 2 8
18 4 2 9
18 5 61 2
18 7 3 16
18 9 1 20
18 10 2 28
18 16 202 2
19 0 40 1
19 1 1 23
19 11 51 27
19 14 1 7
19 15 11 19
19 20 10 18
20 0 262 2
20 1 84 1
20 3 1 17
20 4 1 5
20 8 1 24
20 13 1 20
20 17 1 26
20 19 3 28
20 22 20 18
21 4 1 24
21 6 1 24
21 14 14 5
22 7 1 28
22 8 3 27
22 9 19 1
22 10 1 28
22 12 35 3
22 14 1 16
22 25 2 3
23 7 74 1
23 10 2 8
23 11 3 5
23 12 3 15
23 15 24 1
23 24 53 2
24 0 136 1
24 1 64 1
24 3 106 1
24 5 46 1
24 6 1 21
24 7 5 16
24 8 173 1
24 10 66 2
24 11 56 1
24 15 37 1
24 16 81 1
24 23 31 2
24 26 1 19
25 1 1 26
25 5 1 20
25 7 2 21
25 8 1 15
25 10 3 5
25 11 39 6
25 21 12 26
25 27 76 1
26 0 1 13
26 5 23 12
26 7 1 28
26 11 1 14
26 18 1 17
26 25 1 26
26 27 4 1
27 0 23 8
27 7 1 14
27 10 1 22
27 20 2 10
27 25 1 13
27 26 36 1
