0 1 287 1
0 2 65 1
0 3 232 1
0 5 57 1
0 6 64 1
0 7 100 1
0 8 222 1
0 9 85 1
0 10 16 1
0 13 27 2
0 16 127 5
0 17 255 1
0 18 1 22
0 19 1 29
0 20 133 1
0 22 3 10
0 24 47 1
0 25 6 6
0 26 3 27
1 0 425 1
1 2 143 22
1 3 308 1
1 4 3 22
1 5 197 1
1 6 99 29
1 7 1 21
1 8 24 4
1 11 1 20
1 12 73 1
1 16 301 1
1 17 7 1
1 19 34 12
1 20 8 13
1 24 236 2
1 26 1 7
2 0 1 28
2 1 2 2
2 3 27 1
2 6 51 1
2 7 2 27
2 8 114 1
2 10 241 1
2 11 1 3
2 12 1 27
2 23 1 19
2 24 21 6
3 0 121 1
3 1 321 1
3 2 14 1
3 4 5 2
3 5 9 18
3 6 2 7
3 7 233 1
3 8 6 2
3 10 13 15
3 11 7 3
3 12 45 5
3 16 1 6
3 24 166 1
3 25 45 2
3 26 31 27
4 0 10 10
4 1 80 1
4 2 99 1
4 5 47 1
4 6 71 1
4 7 98 1
4 8 1 9
4 9 112 1
4 11 115 2
4 12 55 1
4 14 6 13
4 16 154 1
4 18 274 1
5 0 1 23
5 3 66 1
5 4 259 1
5 6 188 1
5 8 88 1
5 9 6 29
5 10 1 14
5 11 4 4
5 13 14 28
5 16 4 8
5 23 7 3
5 24 68 11
5 27 22 23
6 1 21 1
6 2 162 1
6 4 8 15
6 5 3 5
6 7 223 1
6 9 3 28
6 10 24 17
6 11 240 1
6 17 22 20
6 19 2 6
6 23 82 1
6 24 51 3
6 25 1 12
6 26 3 21
6 27 6 12
7 0 6 14
7 1 1 1
7 2 130 1
7 3 60 1
7 4 13 1
7 5 1 2
7 6 66 1
7 8 170 1
7 9 7 7
7 10 2 26
7 11 286 1
7 15 61 1
7 16 2 17
7 18 1 1
7 20 18 26
7 21 30 12
7 23 131 1
7 24 23 1
8 0 57 1
8 1 108 1
8 2 67 1
8 3 358 1
8 4 2 1
8 5 48 1
8 6 3 9
8 7 116 6
8 9 8 1
8 10 231 1
8 11 20 12
8 15 1 21
8 16 42 1
8 17 208 3
8 18 120 2
8 20 1 20
8 22 1 24
8 23 15 5
8 24 53 1
9 0 2 19
9 1 1 5
9 4 190 1
9 5 2 14
9 6 45 27
9 8 8 11
9 11 294 3
9 12 111 1
9 14 50 3
9 17 1 22
9 20 1 13
10 1 23 1
10 2 133 1
10 3 1 20
10 4 17 3
10 8 2 29
10 9 4 19
10 12 247 1
10 14 45 1
10 15 1 24
10 16 2 27
10 17 4 1
10 22 5 21
10 23 4 1
10 27 69 1
11 0 229 2
11 1 181 1
11 2 1 14
11 4 31 16
11 6 92 1
11 7 115 13
11 8 88 27
11 10 73 21
11 13 87 2
11 14 105 1
11 15 9 9
11 18 1 20
11 19 3 22
11 20 1 19
11 22 1 24
11 24 21 3
11 25 269 1
11 26 1 8
12 0 134 15
12 1 1 26
12 4 40 2
12 5 1 11
12 6 3 4
12 9 157 1
12 10 3 28
12 11 1 29
12 16 11 5
12 17 6 12
13 0 5 23
13 8 93 2
13 10 64 15
14 0 1 11
14 4 2 4
14 5 11 5
14 6 1 27
14 7 44 12
14 8 132 1
14 10 155 1
14 11 1 18
14 13 8 2
14 20 5 13
14 27 25 17
15 0 7 21
15 7 49 1
15 10 55 26
15 18 9 4
15 21 3 1
15 24 1 1
16 0 226 1
16 1 153 1
16 3 114 5
16 4 74 7
16 5 35 1
16 8 121 1
16 11 2 27
16 15 6 1
16 17 178 1
16 18 19 1
16 19 1 13
16 20 73 13
16 24 224 1
17 2 9 6
17 3 128 1
17 6 101 2
17 7 48 2
17 8 9 2
17 16 1 6
17 18 4 8
17 22 9 13
18 4 6 5
18 5 3 27
18 6 28 22
18 9 22 28
18 16 6 25
18 21 6 17
19 0 50 14
19 3 3 29
19 8 67 3
19 9 4 5
19 11 119 3
19 20 115 1
19 21 5 8
20 0 1 20
20 3 33 1
20 4 114 2
20 5 1 20
20 6 1 19
20 7 1 2
20 19 181 1
20 23 2 23
20 24 41 1
21 0 3 21
21 1 1 5
21 4 41 1
21 7 10 3
21 19 7 27
21 24 1 5
21 25 11 14
21 26 1 6
22 0 26 16
22 5 19 5
22 6 4 23
22 9 3 1
22 12 27 13
22 23 5 4
22 25 1 2
23 7 1 2
23 14 2 1
23 16 1 15
23 17 1 6
23 24 20 6
24 0 90 1
24 1 105 24
24 3 147 9
24 4 20 9
24 5 8 27
24 7 4 1
24 8 92 12
24 9 35 4
24 11 85 1
24 14 33 1
24 15 1 1
24 16 157 1
25 0 1 3
25 2 6 9
25 3 1 22
25 6 12 5
25 7 110 1
25 8 4 22
25 10 24 2
25 11 5 26
25 15 1 2
25 20 52 7
25 21 6 10
25 24 1 20
25 27 1 21
26 4 4 27
26 5 21 17
26 17 53 13
26 19 1 25
26 23 1 14
26 24 8 6
26 25 18 6
27 3 2 2
27 16 9 26
27 21 8 2
27 26 7 1
