0 1 4 1
0 2 42 2
0 3 201 1
0 5 92 1
0 6 59 1
0 7 75 1
0 8 11 1
0 11 24 1
0 16 4 1
0 19 1 5
0 24 40 1
0 25 2 23
0 26 3 25
0 27 27 1
1 0 391 1
1 2 117 1
1 3 166 1
1 5 24 1
1 6 54 1
1 7 29 25
1 8 23 1
1 10 6 13
1 13 1 2
1 16 99 1
1 17 1 7
1 18 9 28
1 20 3 4
1 24 6 1
2 1 12 14
2 3 20 1
2 6 92 1
2 7 3 16
2 8 81 1
2 9 62 1
2 10 237 1
2 12 2 13
2 17 48 1
2 18 6 20
2 20 8 9
2 23 1 4
2 24 19 17
2 27 12 10
3 0 12 1
3 1 29 1
3 5 16 1
3 6 1 13
3 7 153 1
3 8 132 1
3 9 48 2
3 10 1 4
3 15 3 12
3 16 4 1
3 24 32 1
3 26 34 2
4 0 2 2
4 1 29 1
4 2 79 1
4 5 112 1
4 6 34 1
4 7 84 1
4 8 4 5
4 9 76 1
4 11 106 1
4 13 1 1
4 17 7 2
4 18 236 1
4 19 45 1
4 21 3 13
5 0 27 1
5 1 246 1
5 2 11 1
5 3 43 1
5 4 179 1
5 6 132 1
5 8 160 1
5 9 6 7
5 10 1 9
5 11 1 6
5 16 36 1
5 18 1 11
5 24 40 1
5 27 22 7
6 0 131 1
6 2 154 1
6 3 145 1
6 4 3 13
6 5 38 18
6 7 174 1
6 8 14 15
6 9 5 26
6 10 2 9
6 11 216 1
6 13 29 1
6 15 75 4
6 20 7 6
6 23 79 10
6 24 46 2
6 25 1 15
6 26 4 23
6 27 6 9
7 1 1 26
7 2 41 1
7 3 205 1
7 4 8 1
7 5 13 3
7 6 36 1
7 8 144 1
7 11 246 1
7 13 1 12
7 15 237 1
7 17 1 11
7 19 1 9
7 23 29 3
8 0 17 1
8 1 66 1
8 2 15 1
8 3 58 1
8 4 6 21
8 5 4 15
8 6 336 1
8 7 74 1
8 10 115 1
8 11 118 25
8 13 58 1
8 14 1 1
8 15 7 4
8 16 6 1
8 17 1 29
8 21 1 2
8 22 30 16
8 24 88 1
8 25 1 15
8 27 1 27
9 0 1 6
9 1 1 3
9 4 148 1
9 5 305 1
9 6 130 28
9 8 2 19
9 10 87 1
9 12 71 1
9 15 33 3
9 16 52 4
9 18 124 1
9 20 1 9
9 26 2 10
10 2 12 1
10 3 5 4
10 4 1 13
10 7 2 3
10 8 17 29
10 9 4 29
10 11 1 3
10 14 227 12
10 15 1 23
10 16 2 24
10 17 131 3
10 18 1 22
10 22 1 23
11 0 39 1
11 1 166 1
11 3 3 3
11 5 1 13
11 6 72 1
11 7 11 29
11 8 214 8
11 10 1 28
11 13 79 2
11 14 73 1
11 15 10 29
11 16 56 16
11 17 1 29
11 20 1 13
11 23 5 5
11 24 39 15
11 25 190 1
12 4 31 1
12 6 1 18
12 7 12 14
12 8 6 1
12 9 106 1
12 10 2 22
12 11 4 1
12 13 1 19
12 14 4 2
12 19 2 20
12 21 5 27
12 24 42 9
13 10 3 21
13 11 132 1
13 12 179 2
13 16 4 14
13 20 18 2
13 26 1 22
14 0 51 17
14 1 6 1
14 2 9 11
14 6 1 6
14 7 4 12
14 8 108 1
14 10 45 1
14 11 4 7
14 12 105 2
14 13 9 1
14 15 2 7
14 17 2 15
14 25 8 26
15 0 2 5
15 7 27 1
15 11 221 1
15 23 2 2
15 27 26 3
16 0 12 1
16 1 11 1
16 3 54 1
16 5 26 1
16 8 28 1
16 11 2 2
16 17 141 1
16 24 21 14
17 0 1 27
17 1 216 1
17 2 1 3
17 3 124 1
17 4 296 1
17 6 84 1
17 7 40 2
17 9 21 5
17 11 113 2
17 13 13 1
17 18 1 10
17 19 79 1
17 27 2 26
18 1 129 2
18 2 1 15
18 3 1 1
18 4 1 4
18 5 3 8
18 6 33 1
18 11 1 16
18 12 1 18
18 15 1 2
18 16 1 22
19 0 34 1
19 1 3 3
19 3 4 24
19 9 1 19
19 20 89 1
19 22 3 17
20 0 33 5
20 3 21 2
20 4 108 2
20 7 1 22
20 9 55 3
20 12 4 28
20 15 68 3
20 19 98 1
20 23 2 8
20 24 39 5
21 4 39 7
21 6 60 2
21 8 63 1
21 18 24 18
21 19 7 28
21 20 4 14
22 12 2 28
22 24 3 24
23 2 18 1
23 4 20 1
23 6 2 15
23 7 3 12
23 10 106 3
23 13 10 27
23 14 15 2
23 15 25 3
23 22 12 1
23 26 2 22
24 0 24 1
24 1 83 1
24 2 3 2
24 3 20 1
24 5 4 1
24 6 2 8
24 7 1 2
24 8 8 1
24 9 32 1
24 10 1 5
24 11 66 1
24 13 1 15
24 14 31 2
24 15 3 21
24 16 24 1
24 18 1 8
24 20 67 16
24 22 9 4
25 0 5 22
25 7 84 1
25 11 2 1
25 15 2 22
25 19 2 20
25 24 1 11
25 27 1 16
26 1 2 10
26 4 4 16
26 6 75 7
26 10 6 10
26 19 1 16
26 22 1 19
26 23 8 22
26 25 16 1
27 5 1 26
27 6 5 2
27 7 165 1
27 11 6 8
27 12 39 1
27 22 1 21
27 26 13 1
