0 1 26 24
0 2 21 2
0 3 14 8
0 4 46 1
0 5 16 2
0 7 49 2
0 8 22 21
0 9 64 1
0 12 1 24
0 16 32 18
0 17 227 2
0 18 1 14
0 19 8 17
0 20 86 1
0 24 16 12
1 0 66 14
1 2 49 1
1 3 16 1
1 4 437 2
1 5 55 2
1 6 43 28
1 7 4 14
1 8 16 20
1 10 1 27
1 13 1 24
1 16 39 11
1 17 13 20
1 18 2 14
1 19 1 21
1 20 1 19
1 24 17 9
1 25 4 20
1 26 32 26
2 0 186 1
2 1 435 1
2 3 154 1
2 5 55 1
2 6 33 1
2 7 3 17
2 8 8 1
2 10 35 1
2 11 2 17
2 24 18 4
3 0 18 13
3 1 15 21
3 2 11 22
3 5 33 11
3 6 2 5
3 7 74 1
3 8 36 17
3 10 3 19
3 15 26 8
3 16 83 5
3 17 178 2
3 18 1 26
3 20 43 1
3 23 2 20
3 24 31 6
4 0 1 15
4 1 1 2
4 2 58 1
4 5 78 1
4 6 7 1
4 7 69 1
4 8 1 11
4 9 42 1
4 10 315 3
4 11 95 1
4 12 2 17
4 13 1 8
4 16 134 2
4 18 190 1
4 19 38 1
4 20 3 22
4 25 4 5
5 0 127 22
5 1 34 16
5 3 39 14
5 4 96 1
5 6 1 5
5 7 10 1
5 8 20 24
5 9 157 22
5 10 1 4
5 11 3 12
5 13 1 18
5 16 25 5
5 18 1 10
5 24 26 14
5 27 21 10
6 0 30 1
6 1 1 17
6 2 117 1
6 4 2 1
6 5 150 17
6 7 121 1
6 8 89 2
6 9 68 19
6 10 112 1
6 11 188 1
6 12 1 20
6 18 87 1
6 19 116 29
6 20 10 21
6 22 54 3
6 24 41 2
6 25 1 2
6 26 1 29
7 0 177 26
7 1 1 24
7 2 23 1
7 3 272 1
7 5 2 9
7 6 12 1
7 8 1 13
7 10 1 13
7 11 206 1
7 14 7 10
7 15 200 1
7 19 2 14
7 22 15 3
7 23 26 1
7 26 2 13
8 0 46 26
8 1 19 8
8 2 1 20
8 3 44 17
8 4 135 23
8 5 24 14
8 6 118 20
8 7 21 23
8 10 15 1
8 11 5 26
8 12 236 2
8 13 47 1
8 15 10 10
8 16 44 20
8 18 100 2
8 19 9 14
8 22 3 27
8 23 8 3
8 24 38 14
8 26 31 1
8 27 44 15
9 0 2 9
9 1 2 3
9 4 103 1
9 5 159 1
9 6 1 13
9 8 2 18
9 10 306 1
9 12 34 1
9 14 120 1
9 15 1 8
9 17 3 23
9 18 116 2
9 20 1 29
9 21 10 1
9 22 1 28
9 26 1 4
10 2 111 1
10 4 2 21
10 5 2 15
10 6 1 24
10 7 113 1
10 8 42 22
10 9 4 20
10 11 4 26
10 12 204 1
10 13 2 2
10 14 171 1
10 15 9 2
10 18 1 20
10 20 165 2
10 22 3 25
10 24 1 19
10 25 1 13
10 27 56 1
11 0 217 29
11 1 149 2
11 2 7 9
11 3 1 1
11 5 1 26
11 6 50 1
11 7 9 10
11 8 2 27
11 12 68 3
11 13 20 1
11 14 42 1
11 15 3 22
11 17 1 15
11 19 1 22
11 20 7 19
11 22 3 24
11 23 1 19
11 24 83 9
11 25 108 1
12 3 2 18
12 7 1 20
12 8 244 4
12 9 86 1
12 10 1 19
12 13 10 28
12 16 11 5
12 19 51 12
12 21 41 18
12 22 19 23
13 0 1 25
13 1 80 1
13 2 8 5
13 12 1 22
14 0 1 7
14 2 1 21
14 4 9 1
14 7 2 25
14 8 82 1
14 10 74 1
14 11 2 26
14 12 93 2
14 15 3 19
14 18 2 17
14 22 1 13
14 23 15 2
14 25 22 6
15 1 1 18
15 2 1 5
15 5 1 3
15 6 92 1
15 10 102 28
15 11 298 1
15 14 12 2
15 16 5 1
15 17 65 10
15 23 1 12
15 25 25 1
16 0 16 22
16 1 55 22
16 2 1 27
16 3 80 22
16 4 58 22
16 5 55 7
16 8 31 2
16 17 101 1
16 20 71 5
16 24 27 9
17 0 1 26
17 1 270 1
17 6 66 1
17 7 32 1
17 11 105 3
17 18 7 17
17 19 73 1
17 26 30 1
18 4 2 6
18 5 1 8
18 6 24 1
18 9 20 2
18 11 1 26
18 16 17 22
19 0 4 1
19 4 77 26
19 6 5 2
19 8 55 1
19 12 13 1
19 16 22 3
19 20 47 1
20 0 9 24
20 1 1 1
20 4 101 2
20 8 178 1
20 18 5 6
20 19 111 1
20 24 36 9
21 0 3 16
21 11 66 18
21 14 17 24
21 17 4 17
21 20 1 9
21 25 11 13
22 4 25 1
22 8 36 28
22 16 1 16
22 21 1 8
23 4 18 6
23 7 1 14
23 10 97 1
23 13 9 8
23 22 6 6
23 24 3 25
23 25 14 1
24 0 34 2
24 1 31 16
24 3 28 22
24 5 28 18
24 6 1 25
24 8 17 18
24 9 27 8
24 11 121 1
24 16 16 8
24 18 1 3
24 19 1 28
24 20 66 3
24 22 7 12
24 23 1 7
25 0 14 28
25 1 31 18
25 7 57 1
25 10 8 3
25 11 101 18
25 20 1 10
25 24 11 15
26 7 86 13
26 15 21 22
26 24 2 27
27 6 1 29
27 12 37 4
27 20 1 24
27 26 6 2
