0 1 67 1
0 2 4 1
0 3 157 2
0 4 38 2
0 5 17 6
0 6 212 1
0 7 22 1
0 8 79 12
0 9 50 1
0 12 2 26
0 14 1 15
0 16 94 1
0 18 1 29
0 19 1 11
0 24 8 1
0 25 11 28
1 0 424 14
1 0 85 1
1 2 1 19
1 3 154 2
1 4 47 1
1 5 36 1
1 6 324 1
1 7 1 3
1 8 11 22
1 9 280 2
1 10 1 22
1 11 7 15
1 13 1 19
1 16 214 1
1 17 60 1
1 19 5 4
1 20 1 3
1 24 8 17
2 0 164 1
2 1 328 1
2 3 17 1
2 4 174 1
2 6 46 1
2 7 22 19
2 8 123 1
2 9 37 2
2 10 23 1
2 11 6 28
2 16 1 1
2 20 146 1
3 0 43 28
3 1 94 1
3 2 5 6
3 5 12 1
3 6 2 16
3 7 10 1
3 8 41 17
3 11 4 1
3 15 5 6
3 20 169 1
3 23 27 26
3 24 34 1
3 25 35 1
4 1 2 12
4 2 33 1
4 3 84 4
4 5 12 1
4 8 3 23
4 9 11 1
4 10 300 1
4 13 1 19
4 16 118 1
4 18 128 1
4 19 30 5
4 20 6 21
5 0 73 1
5 1 43 1
5 3 16 5
5 4 19 1
5 6 15 4
5 7 1 3
5 8 46 1
5 9 2 1
5 10 53 20
5 12 1 28
5 16 98 4
5 18 2 9
5 20 82 1
5 21 1 29
5 24 95 1
6 0 248 1
6 1 4 8
6 2 69 1
6 3 127 1
6 4 3 23
6 5 15 4
6 7 61 1
6 8 32 19
6 9 417 1
6 10 3 1
6 11 150 1
6 12 1 9
6 17 1 18
6 25 2 7
6 27 1 8
7 0 177 12
7 1 1 22
7 2 61 1
7 3 173 1
7 5 1 26
7 8 6 1
7 9 1 21
7 10 233 2
7 11 29 1
7 13 7 10
7 14 35 10
7 15 146 1
7 17 1 13
7 22 10 5
7 23 20 20
7 25 1 15
7 26 1 9
7 27 123 3
8 0 50 10
8 1 326 1
8 2 3 18
8 3 217 1
8 4 143 21
8 5 39 1
8 7 129 1
8 9 3 25
8 10 3 14
8 11 27 27
8 13 32 3
8 14 1 19
8 15 1 10
8 16 22 16
8 19 1 29
8 20 231 20
8 24 150 2
8 25 1 24
8 26 26 9
8 27 1 1
9 1 1 3
9 4 52 1
9 5 21 1
9 6 275 1
9 8 17 14
9 10 69 1
9 12 4 1
9 14 100 1
9 18 104 4
9 20 1 7
9 21 7 1
10 2 72 1
10 4 1 24
10 5 6 21
10 6 1 2
10 7 303 1
10 8 64 11
10 9 4 20
10 11 2 11
10 14 68 1
10 15 1 15
10 16 1 9
10 17 9 10
10 20 157 2
10 22 17 27
10 24 1 4
10 27 48 1
11 0 211 1
11 2 1 17
11 6 27 1
11 7 20 4
11 8 229 17
11 10 279 1
11 14 12 1
11 15 88 28
11 17 37 6
11 19 4 6
11 22 1 3
11 23 17 2
11 24 1 20
11 25 27 1
11 26 6 27
11 27 1 7
12 1 2 3
12 5 7 6
12 6 1 18
12 9 42 1
12 10 1 12
12 13 13 8
12 16 13 12
12 18 95 1
12 21 1 2
12 26 1 23
13 2 1 23
13 7 13 11
13 8 53 1
13 10 182 1
13 11 92 1
13 12 156 2
13 14 1 17
13 21 1 8
13 22 1 4
14 3 1 3
14 5 3 1
14 6 145 2
14 7 100 27
14 8 51 1
14 9 108 1
14 10 10 1
14 11 126 7
14 12 77 1
14 15 1 15
14 17 1 15
14 21 1 19
15 1 1 25
15 4 22 5
15 11 54 1
15 14 45 1
15 18 5 22
15 22 1 12
15 23 1 25
15 24 8 10
15 27 23 8
16 0 26 27
16 1 25 1
16 2 4 25
16 3 157 1
16 4 2 14
16 5 59 1
16 7 91 25
16 8 54 1
16 9 2 4
16 10 1 21
16 17 54 1
16 24 94 1
17 0 8 27
17 1 227 1
17 2 1 7
17 6 43 1
17 9 9 4
17 11 95 1
17 22 1 8
18 1 93 1
18 4 33 11
18 6 19 1
18 11 2 3
18 16 2 3
18 17 8 4
18 22 3 19
18 23 28 3
19 0 9 1
19 3 5 25
19 14 6 29
19 16 20 12
19 20 49 1
20 0 7 27
20 1 4 29
20 5 1 29
20 8 163 2
20 9 44 2
20 10 4 8
20 14 10 24
20 19 53 1
20 25 34 8
21 7 5 6
21 10 52 1
21 18 1 27
21 26 7 27
22 6 7 2
22 7 43 2
22 12 3 5
22 17 5 2
23 1 16 4
23 6 3 24
23 7 2 1
23 11 1 29
23 15 12 6
23 16 1 20
23 26 7 27
23 27 9 6
24 0 114 1
24 1 81 1
24 2 4 27
24 3 199 10
24 5 162 1
24 7 1 7
24 8 80 1
24 11 15 1
24 14 26 1
24 16 137 1
24 23 6 20
24 27 7 28
25 1 1 26
25 2 1 5
25 7 28 1
25 20 1 9
26 2 1 12
26 6 74 5
26 8 8 20
26 12 1 22
26 17 51 1
26 23 2 14
26 24 22 19
26 25 8 7
27 4 2 25
27 10 1 1
27 11 2 1
27 17 13 25
