0 1 15 2
0 3 242 1
0 4 272 1
0 5 109 1
0 6 194 1
0 7 11 1
0 8 157 1
0 9 41 3
0 11 1 6
0 12 2 18
0 14 1 23
0 16 35 1
0 17 184 1
0 18 38 27
0 19 21 14
0 21 27 3
0 24 49 1
1 0 18 1
1 2 5 27
1 3 254 4
1 4 115 1
1 5 112 1
1 6 234 10
1 7 58 26
1 8 49 1
1 9 8 1
1 10 4 17
1 12 37 1
1 13 2 5
1 15 94 1
1 16 115 1
1 17 416 1
1 20 3 3
1 24 13 1
1 26 32 14
2 0 142 1
2 1 258 1
2 3 1 19
2 4 162 2
2 6 6 1
2 7 1 13
2 8 52 1
2 9 30 1
2 10 8 1
2 11 1 27
2 17 11 1
3 0 10 11
3 1 77 1
3 2 12 27
3 5 1 3
3 8 115 1
3 15 2 28
3 16 26 1
3 17 164 1
3 18 1 6
3 20 166 3
3 23 27 17
3 24 48 1
4 0 30 8
4 1 4 18
4 2 21 1
4 3 189 1
4 6 2 2
4 7 39 2
4 8 2 5
4 9 1 6
4 10 287 2
4 12 103 8
4 13 1 7
4 15 23 23
4 16 108 1
4 18 92 1
4 19 26 2
4 20 8 27
4 21 1 3
4 26 6 24
5 0 119 1
5 1 154 1
5 3 85 1
5 6 121 10
5 8 158 1
5 9 4 1
5 10 20 29
5 11 20 27
5 16 99 1
5 17 1 23
5 18 1 28
5 24 68 1
5 26 16 24
6 0 6 1
6 1 11 24
6 4 115 3
6 5 205 1
6 7 33 1
6 8 4 3
6 9 91 1
6 10 377 1
6 11 127 1
6 12 1 20
6 14 1 22
6 25 6 5
7 0 2 2
7 3 113 1
7 5 2 10
7 6 1 18
7 8 64 1
7 9 33 4
7 10 226 1
7 13 1 5
7 14 2 4
7 15 113 1
7 18 1 8
7 19 1 28
7 20 14 1
7 21 21 2
7 25 1 4
7 27 115 1
8 0 23 1
8 1 305 1
8 2 36 7
8 3 56 1
8 4 1 10
8 5 254 1
8 6 52 1
8 7 68 1
8 9 1 1
8 10 4 18
8 11 2 3
8 13 25 1
8 14 2 29
8 16 53 1
8 18 77 2
8 19 1 24
8 22 1 20
8 24 2 28
8 25 2 18
9 0 4 6
9 1 38 25
9 4 28 1
9 5 1 26
9 6 161 1
9 7 2 4
9 8 4 27
9 10 42 1
9 14 87 1
9 15 51 6
9 16 38 1
9 17 6 5
9 23 1 22
9 27 13 26
10 2 50 1
10 3 1 26
10 4 1 16
10 5 1 4
10 6 13 16
10 7 115 1
10 8 204 15
10 9 4 9
10 11 2 21
10 12 149 1
10 14 24 1
10 16 1 23
10 20 152 2
10 22 3 2
10 24 10 20
10 27 42 2
11 0 207 1
11 1 111 2
11 2 1 25
11 3 1 14
11 4 33 11
11 7 12 2
11 8 1 2
11 10 254 1
11 15 1 1
11 18 1 19
11 19 2 14
11 22 2 29
11 23 1 17
11 24 1 13
11 25 3 1
11 26 1 17
12 0 1 1
12 1 103 9
12 3 2 5
12 5 1 2
12 6 1 17
12 7 1 1
12 8 226 3
12 9 22 1
12 10 8 2
12 11 1 10
12 13 1 6
12 14 1 3
12 15 1 7
12 16 2 13
12 18 92 6
12 20 2 1
12 21 55 7
13 2 8 22
13 10 61 1
13 11 78 1
13 12 138 1
13 14 2 29
13 15 1 27
13 26 9 7
14 2 3 6
14 3 1 15
14 6 7 1
14 7 2 6
14 8 34 2
14 9 106 1
14 11 2 17
14 12 66 1
14 15 1 27
14 19 2 3
15 1 3 4
15 4 20 1
15 6 75 3
15 7 2 7
15 8 1 22
15 9 15 16
15 10 99 1
15 11 41 1
15 12 78 1
15 14 30 1
15 17 60 6
15 22 1 3
15 23 2 3
16 0 41 3
16 1 104 2
16 2 1 16
16 3 114 1
16 5 14 1
16 7 1 19
16 8 61 1
16 10 2 5
16 15 3 19
16 17 31 2
16 18 3 18
16 20 2 2
16 24 40 1
16 27 27 20
17 0 3 13
17 1 177 1
17 2 1 1
17 3 105 1
17 4 270 1
17 6 31 1
17 7 17 1
17 8 234 2
17 11 88 2
17 12 28 7
17 13 7 4
17 16 140 1
17 18 4 11
18 4 7 19
18 5 1 2
18 9 121 1
18 11 2 24
18 14 3 13
18 17 2 22
18 22 1 22
18 26 1 15
19 7 2 2
19 8 41 1
19 17 1 20
19 18 1 17
19 20 13 1
20 0 45 27
20 1 37 15
20 4 86 1
20 7 1 17
20 9 40 5
20 15 9 1
20 16 48 1
20 17 78 1
20 19 14 1
21 1 43 29
21 5 1 15
21 8 54 2
21 9 63 8
21 10 49 7
21 16 1 14
21 18 28 27
21 24 1 11
22 11 3 15
22 12 1 25
22 17 1 12
22 20 49 5
22 24 1 3
23 7 1 12
23 8 1 12
23 11 4 22
23 12 71 3
23 18 14 5
23 19 2 6
23 20 2 18
23 24 10 12
23 25 12 1
23 26 1 22
24 0 24 7
24 1 58 1
24 2 1 20
24 3 66 1
24 5 60 1
24 7 2 14
24 8 27 1
24 10 1 1
24 11 69 1
24 16 29 1
24 19 2 26
24 23 1 24
24 27 1 5
25 1 1 11
25 7 14 2
25 9 3 6
25 11 6 1
25 12 1 18
25 14 31 9
25 27 26 2
26 15 20 4
26 23 1 10
26 24 2 14
27 1 30 9
27 8 32 8
27 10 1 10
27 11 191 3
27 12 33 2
27 16 3 17
27 22 11 15
27 25 1 13
