0 1 8 1
0 3 216 1
0 5 87 1
0 6 203 2
0 7 10 1
0 8 134 1
0 16 17 1
0 17 183 1
0 19 22 11
0 20 40 1
0 24 27 1
0 25 19 28
1 0 350 1
1 2 2 12
1 3 11 1
1 4 192 1
1 5 92 1
1 6 26 1
1 7 4 8
1 8 28 2
1 10 7 16
1 12 37 2
1 16 93 1
1 17 413 5
1 18 7 6
1 19 8 6
1 20 13 25
1 21 1 2
1 23 33 3
1 24 39 1
1 25 13 26
1 27 80 1
2 0 140 1
2 1 249 1
2 3 1 23
2 4 161 1
2 6 4 1
2 7 97 28
2 8 48 1
2 9 29 2
2 10 6 1
2 11 6 3
2 18 3 14
2 19 1 22
2 20 1 24
2 24 14 2
2 27 15 7
3 0 35 1
3 1 56 1
3 2 6 13
3 5 74 1
3 6 2 20
3 8 90 1
3 9 24 1
3 10 162 17
3 11 289 1
3 12 29 3
3 15 1 23
3 16 4 3
3 17 163 3
3 24 26 1
3 25 32 1
4 0 1 24
4 1 5 21
4 6 2 2
4 7 38 1
4 8 2 7
4 10 286 2
4 11 70 2
4 12 1 7
4 14 1 18
4 16 107 3
4 18 90 1
4 19 25 4
4 21 1 22
4 27 1 17
5 0 98 1
5 1 130 1
5 3 63 20
5 6 62 22
5 8 13 17
5 9 241 1
5 10 1 28
5 12 2 11
5 16 100 1
5 18 20 8
5 19 8 10
5 23 4 3
5 24 46 1
6 0 4 1
6 1 16 25
6 2 44 1
6 3 109 1
6 4 9 22
6 5 184 2
6 7 31 1
6 8 210 20
6 9 84 1
6 10 374 1
6 12 5 1
6 14 1 23
6 18 59 1
6 19 115 1
6 21 3 13
6 24 29 2
6 25 10 28
6 27 1 11
7 0 1 20
7 1 2 5
7 2 35 1
7 3 106 1
7 5 2 28
7 6 1 16
7 8 59 1
7 9 1 8
7 11 1 9
7 13 4 17
7 14 19 18
7 15 111 1
7 16 1 20
7 17 3 8
7 21 21 1
7 22 99 4
7 23 17 16
7 25 1 29
8 0 10 1
8 1 286 1
8 2 3 18
8 3 57 1
8 4 4 26
8 5 238 11
8 6 39 1
8 7 63 1
8 9 2 12
8 10 5 14
8 11 6 20
8 12 230 3
8 13 24 1
8 14 1 15
8 16 52 1
8 18 77 1
8 19 5 29
8 22 1 11
8 24 73 1
8 25 2 11
9 0 2 11
9 1 1 10
9 3 1 28
9 4 26 1
9 5 1 12
9 6 155 1
9 8 8 25
9 10 32 1
9 11 226 2
9 14 86 1
9 15 1 11
9 17 1 6
9 18 96 1
9 20 1 3
9 26 14 15
9 27 1 22
10 2 49 1
10 3 1 10
10 4 2 20
10 5 1 8
10 6 3 12
10 7 113 1
10 8 7 4
10 9 45 2
10 11 12 27
10 12 148 1
10 14 21 1
10 15 1 3
10 17 7 1
10 20 151 2
10 22 33 28
10 27 42 3
11 0 206 1
11 1 110 1
11 2 1 17
11 3 2 11
11 7 11 1
11 8 4 22
11 9 1 19
11 10 251 1
11 12 48 2
11 13 8 1
11 15 86 1
11 17 2 1
11 18 6 10
11 22 9 5
11 24 1 7
11 25 2 1
11 26 1 27
11 27 1 21
12 1 5 22
12 5 12 19
12 6 1 12
12 7 22 18
12 9 19 1
12 10 9 17
12 13 1 2
12 21 1 22
12 22 2 11
12 26 48 20
13 2 4 17
13 7 1 4
13 11 76 2
13 12 137 1
13 14 1 27
14 3 2 8
14 4 11 22
14 7 5 26
14 8 33 2
14 9 105 2
14 12 66 1
14 15 1 11
14 24 1 24
15 1 1 12
15 4 19 5
15 10 99 1
15 11 32 1
15 12 78 2
15 13 1 12
15 14 4 1
16 0 4 4
16 1 93 11
16 3 92 2
16 4 4 28
16 5 10 20
16 6 1 1
16 8 39 1
16 9 80 1
16 14 33 1
16 17 30 1
16 18 1 1
16 20 1 18
16 24 28 1
17 1 173 1
17 4 270 1
17 5 1 9
17 6 30 1
17 8 233 2
17 10 22 4
17 11 87 2
17 16 139 2
17 18 3 21
17 22 2 12
17 26 27 1
17 27 1 11
18 1 80 1
18 2 2 7
18 4 8 24
18 5 1 8
18 6 114 24
18 8 1 14
18 10 4 1
18 11 1 5
18 16 3 29
18 17 9 7
18 20 1 11
19 7 2 1
19 10 52 3
19 18 1 25
19 20 11 1
20 0 1 18
20 4 85 2
20 6 1 7
20 8 152 1
20 10 178 17
20 13 33 7
20 14 1 12
20 16 47 10
20 19 12 1
20 24 30 5
20 25 31 11
21 0 1 12
21 4 32 4
21 8 54 1
21 14 16 3
21 16 16 2
21 17 8 20
22 0 2 15
22 5 18 10
22 7 37 4
22 9 1 19
22 11 1 14
22 12 4 21
22 13 2 12
22 23 1 19
23 5 15 1
23 8 16 26
23 11 1 4
23 20 6 12
24 0 47 1
24 1 43 2
24 3 44 1
24 5 38 1
24 7 1 10
24 8 65 1
24 11 67 1
24 13 1 10
24 15 1 26
24 16 42 1
24 22 4 1
24 25 3 4
24 27 9 7
25 2 1 21
25 7 14 1
25 8 168 1
25 9 1 12
25 11 306 2
25 18 1 23
25 20 1 10
25 22 10 2
25 27 26 1
26 5 19 2
26 7 1 19
26 10 1 28
26 11 97 1
26 12 2 13
26 18 26 2
26 23 9 18
26 24 22 29
27 4 6 1
27 12 33 7
27 25 1 6
27 26 1 25
