0 1 23 5
0 3 192 1
0 4 269 1
0 5 200 1
0 6 202 1
0 7 9 1
0 8 120 1
0 12 5 26
0 14 1 28
0 16 14 3
0 17 181 1
0 19 1 14
0 20 38 1
0 24 74 1
1 0 374 14
1 2 6 23
1 3 244 1
1 4 186 1
1 5 73 1
1 6 19 1
1 7 1 28
1 8 21 1
1 10 2 10
1 11 276 17
1 12 36 2
1 15 93 1
1 16 74 1
1 17 5 1
1 18 3 26
1 19 1 12
1 21 1 25
1 24 43 1
1 26 4 18
2 0 138 1
2 1 239 1
2 3 2 4
2 4 160 1
2 5 7 1
2 6 2 2
2 7 18 10
2 8 44 1
2 9 28 4
2 10 206 1
2 11 10 9
2 12 2 9
2 17 10 1
2 18 7 10
2 24 14 1
3 0 85 1
3 1 38 1
3 2 3 2
3 4 1 16
3 5 64 1
3 8 68 1
3 16 50 1
3 18 1 4
3 24 78 1
4 1 4 25
4 3 188 1
4 6 4 12
4 8 83 26
4 10 285 1
4 11 69 3
4 12 3 28
4 14 7 1
4 15 23 18
4 17 1 4
4 18 87 1
4 20 1 19
4 21 1 7
4 22 2 12
4 25 1 24
5 0 80 1
5 1 109 1
5 3 29 1
5 6 13 8
5 8 118 1
5 9 234 1
5 10 4 26
5 11 4 19
5 12 2 9
5 14 35 4
5 15 28 6
5 16 81 1
5 17 1 3
5 24 28 1
5 25 6 1
6 1 46 8
6 2 42 1
6 4 4 23
6 5 173 4
6 7 30 1
6 8 3 26
6 9 78 1
6 10 370 1
6 11 124 1
6 12 4 7
6 16 10 1
6 18 58 2
6 24 29 1
6 27 1 17
7 0 11 28
7 1 140 18
7 2 33 1
7 3 100 1
7 5 6 2
7 9 35 26
7 10 230 1
7 11 2 8
7 12 1 15
7 13 4 18
7 14 6 13
7 15 108 1
7 18 43 26
7 19 1 16
7 20 235 1
7 25 4 7
7 26 23 16
7 27 114 3
8 0 10 1
8 1 276 1
8 2 4 7
8 3 38 1
8 4 5 16
8 5 166 1
8 6 28 1
8 7 61 1
8 9 18 19
8 10 10 1
8 11 1 15
8 13 23 2
8 16 48 1
8 18 76 1
8 22 18 28
8 23 3 3
8 24 55 1
8 25 10 23
9 0 4 10
9 2 1 1
9 4 25 1
9 5 1 5
9 6 149 1
9 7 2 21
9 8 1 23
9 10 271 1
9 11 225 1
9 19 2 21
9 23 1 15
10 2 47 1
10 5 3 24
10 6 19 7
10 8 6 22
10 9 53 16
10 11 8 2
10 12 146 1
10 13 1 6
10 14 19 1
10 15 47 23
10 16 23 23
10 19 1 26
10 20 151 2
10 24 1 11
10 25 8 22
11 0 205 1
11 1 109 2
11 2 1 14
11 3 2 23
11 4 187 24
11 5 9 9
11 6 14 1
11 7 378 2
11 8 1 14
11 10 247 23
11 12 48 1
11 13 7 1
11 14 1 3
11 15 179 21
11 17 1 24
11 23 1 14
11 24 1 19
11 27 4 2
12 3 63 28
12 4 6 1
12 5 2 1
12 6 26 6
12 9 15 1
12 10 1 13
12 13 2 1
13 7 1 23
13 8 42 3
13 11 75 1
13 12 135 1
13 14 1 14
13 15 1 17
13 16 1 9
13 18 1 29
13 23 1 11
14 4 1 25
14 6 5 29
14 7 7 1
14 8 32 1
14 9 104 1
14 11 1 4
14 17 8 21
14 19 2 3
14 24 1 8
15 1 3 2
15 6 74 1
15 7 1 24
15 10 98 1
15 11 23 1
15 12 77 1
15 14 29 1
16 0 22 2
16 1 71 1
16 2 1 12
16 3 103 1
16 5 36 1
16 6 1 19
16 8 20 22
16 17 28 2
16 18 5 3
16 21 1 27
16 24 9 2
17 0 9 6
17 1 168 1
17 2 1 11
17 3 103 1
17 4 269 1
17 6 29 2
17 7 16 2
17 8 233 1
17 9 5 3
17 11 87 1
17 13 7 15
17 14 46 1
17 16 138 1
17 19 61 3
17 20 15 4
17 24 65 3
17 26 26 24
18 2 1 16
18 4 2 17
18 5 28 20
18 6 9 3
18 9 121 1
18 12 3 12
18 13 18 5
18 16 103 1
18 22 3 4
19 3 10 19
19 11 107 4
19 13 4 10
19 17 1 23
19 18 1 21
19 20 10 1
19 21 6 15
19 22 1 6
20 0 2 11
20 2 1 16
20 4 85 2
20 8 151 3
20 12 1 11
20 14 3 18
20 17 77 1
20 19 10 1
21 3 2 27
21 5 1 19
21 8 54 2
21 16 16 29
22 9 11 15
23 6 3 4
23 7 55 20
23 9 2 26
23 10 73 2
23 11 2 25
23 24 36 24
24 0 28 1
24 1 33 1
24 3 24 1
24 4 11 2
24 5 16 2
24 7 1 4
24 8 46 1
24 11 64 1
24 12 4 17
24 14 24 1
24 16 39 1
24 17 9 28
25 0 2 21
25 3 2 24
25 4 24 3
25 5 31 7
25 6 1 3
25 7 13 1
25 11 305 1
25 18 3 22
25 20 4 15
25 22 10 1
25 27 25 22
26 4 1 27
26 5 18 25
26 8 2 4
26 10 1 26
26 11 96 3
26 14 22 8
26 15 20 4
26 18 26 8
27 0 2 6
27 4 24 24
27 7 148 1
27 8 1 16
27 10 10 14
27 11 13 2
27 15 22 2
27 25 1 25
