0 1 7 5
0 3 1 10
0 4 18 16
0 5 3 24
0 6 189 1
0 7 5 1
0 8 2 2
0 9 36 1
0 15 52 2
0 16 3 29
0 17 172 1
0 18 79 1
0 19 1 7
0 20 31 2
0 24 2 18
1 0 47 9
1 2 3 13
1 3 56 17
1 4 172 1
1 5 3 17
1 6 208 1
1 7 17 21
1 8 4 24
1 9 265 1
1 10 5 12
1 13 1 16
1 14 10 1
1 16 3 21
1 17 397 1
1 18 1 3
1 20 1 5
1 21 1 22
1 24 3 8
2 0 13 1
2 1 180 1
2 3 3 13
2 4 151 1
2 7 1 14
2 8 21 1
2 10 193 1
2 24 13 8
2 27 1 18
3 0 5 8
3 1 3 8
3 2 1 23
3 4 2 10
3 5 3 22
3 6 1 11
3 7 1 21
3 8 1 22
3 11 278 1
3 16 3 3
3 17 159 3
3 18 2 12
3 19 1 22
3 23 27 28
3 24 2 1
3 25 30 2
4 0 7 8
4 1 6 2
4 3 185 1
4 5 1 27
4 6 7 10
4 7 33 1
4 8 1 20
4 10 278 2
4 11 65 3
4 12 1 21
4 13 1 15
4 15 11 5
4 16 101 3
4 18 71 1
4 20 1 3
4 21 1 2
4 22 3 13
4 25 16 20
5 0 3 14
5 1 1 15
5 3 2 23
5 6 9 23
5 8 84 13
5 9 34 1
5 10 9 27
5 12 3 19
5 16 6 26
5 18 1 6
5 20 77 6
5 24 2 6
6 0 230 1
6 1 3 9
6 2 31 1
6 3 59 1
6 4 4 17
6 5 118 1
6 7 19 2
6 8 4 1
6 9 345 1
6 10 141 1
6 11 113 1
6 18 54 1
6 20 9 1
6 22 43 2
7 0 169 1
7 1 2 12
7 2 24 1
7 3 92 1
7 6 1 4
7 8 31 1
7 9 3 9
7 10 220 1
7 11 3 28
7 13 8 9
7 14 6 10
7 15 93 1
7 20 12 2
7 23 106 11
7 25 3 12
8 0 3 6
8 1 5 28
8 2 10 24
8 3 3 20
8 4 1 4
8 5 5 2
8 7 35 1
8 9 5 16
8 10 5 18
8 11 4 18
8 13 20 1
8 14 4 18
8 16 3 29
8 24 3 24
8 25 7 4
9 0 1 12
9 1 9 6
9 2 98 3
9 3 8 17
9 4 16 1
9 5 4 9
9 7 2 1
9 8 6 19
9 10 214 1
9 11 216 1
9 14 78 1
9 17 1 20
9 20 1 17
9 26 15 19
10 2 38 1
10 4 1 3
10 5 1 24
10 6 7 23
10 7 284 1
10 8 18 26
10 9 8 11
10 11 6 24
10 12 136 1
10 13 2 24
10 14 7 1
10 16 3 2
10 17 7 7
10 22 4 25
10 24 1 8
11 0 14 1
11 1 102 1
11 2 20 9
11 3 1 20
11 7 127 8
11 8 1 6
11 9 1 18
11 10 321 1
11 13 39 2
11 15 65 6
11 18 7 2
11 22 5 29
11 23 1 11
11 24 146 2
11 26 1 29
11 27 3 29
12 0 133 1
12 1 1 23
12 2 1 21
12 3 6 8
12 5 2 23
12 6 1 13
12 8 220 2
12 9 198 1
12 10 3 7
12 13 3 12
12 14 1 16
12 15 1 16
12 20 13 9
12 21 1 15
12 22 91 27
13 1 72 2
13 3 6 1
13 5 1 3
13 8 38 1
13 10 52 1
13 11 69 1
13 12 126 1
13 14 1 2
13 22 2 5
14 2 10 2
14 4 2 29
14 6 5 3
14 7 3 26
14 8 25 2
14 9 98 1
14 10 1 12
14 11 2 23
14 15 7 7
14 21 9 18
15 1 3 8
15 10 171 2
15 11 4 1
15 12 75 2
15 14 23 1
15 21 1 6
15 23 6 17
15 25 13 7
16 0 2 21
16 1 2 26
16 2 3 28
16 3 2 23
16 4 1 25
16 5 4 26
16 6 1 25
16 7 91 7
16 8 24 16
16 11 65 13
16 13 22 26
16 18 1 3
16 20 66 25
16 24 18 3
17 0 5 3
17 1 183 1
17 2 6 6
17 3 24 2
17 4 263 1
17 6 24 1
17 7 13 6
17 8 227 1
17 11 83 3
17 16 190 2
17 18 4 17
18 1 73 1
18 4 2 19
18 5 1 4
18 6 4 2
18 9 118 1
18 10 15 4
18 11 1 17
18 12 101 24
18 15 2 4
18 16 5 24
18 17 18 22
19 3 1 27
19 9 1 19
19 18 1 24
19 20 1 3
19 22 3 18
20 0 16 12
20 1 1 11
20 2 1 5
20 4 82 1
20 5 1 16
20 6 5 9
20 7 1 17
20 8 146 1
20 12 1 29
20 13 32 13
20 27 13 7
21 0 2 6
21 8 52 9
21 10 47 5
21 11 2 27
21 20 28 4
21 26 7 18
22 0 2 1
22 5 18 2
22 6 2 10
22 7 35 1
22 8 34 15
22 12 2 17
22 13 4 7
22 16 2 29
22 21 9 6
23 0 4 10
23 4 12 12
23 6 2 4
23 7 1 12
23 10 69 3
23 11 10 6
23 12 69 4
23 15 6 1
23 20 7 5
24 0 3 12
24 1 22 19
24 2 1 15
24 3 3 1
24 5 2 28
24 8 3 16
24 10 13 26
24 11 53 1
24 16 12 18
24 19 4 19
24 22 3 8
24 23 1 17
25 0 3 23
25 4 23 1
25 7 8 1
25 8 165 1
25 11 22 7
25 14 1 24
25 24 1 10
25 27 38 1
26 4 15 4
26 7 121 12
26 8 11 9
26 9 1 1
26 10 3 17
26 12 1 28
26 21 1 22
26 24 15 8
26 27 7 14
27 4 1 10
27 7 145 1
27 8 2 10
27 11 188 1
27 16 3 16
