0 1 37 20
0 3 14 15
0 4 15 1
0 5 16 16
0 6 170 1
0 8 59 25
0 9 31 1
0 12 3 9
0 14 1 13
0 15 48 4
0 16 15 21
0 17 157 1
0 19 1 20
0 24 69 11
0 25 56 29
0 27 17 1
1 0 11 13
1 2 22 22
1 3 14 1
1 4 270 1
1 5 22 23
1 6 148 1
1 7 10 12
1 8 34 19
1 10 3 9
1 12 28 2
1 16 77 4
1 17 380 1
1 19 161 1
1 20 5 20
1 24 29 11
1 27 79 1
2 0 126 1
2 1 100 1
2 3 4 9
2 4 139 1
2 5 44 5
2 6 15 1
2 7 1 6
2 8 1 1
2 9 20 1
2 10 2 1
2 12 9 17
2 13 13 3
2 27 1 9
3 0 19 21
3 1 35 28
3 5 16 10
3 7 2 13
3 8 14 25
3 9 17 2
3 10 241 7
3 11 261 1
3 16 29 1
3 17 153 3
3 18 1 6
3 20 152 1
3 24 15 22
3 25 27 6
4 1 7 27
4 2 7 2
4 3 178 1
4 5 3 16
4 6 6 4
4 8 3 4
4 9 1 25
4 10 267 1
4 11 59 1
4 12 4 27
4 13 1 14
4 14 1 3
4 15 24 14
4 16 94 1
4 18 49 1
4 20 1 25
4 21 2 9
4 24 81 11
4 25 16 11
5 0 66 10
5 1 15 21
5 3 16 29
5 4 1 29
5 8 12 21
5 9 208 1
5 10 5 18
5 13 1 3
5 16 22 11
5 18 7 13
5 21 5 16
5 24 24 8
5 27 18 3
6 0 212 1
6 1 10 8
6 3 96 1
6 4 21 2
6 5 97 1
6 7 7 2
6 8 308 1
6 9 283 1
6 10 347 1
6 11 96 1
6 12 9 28
6 16 6 6
6 18 46 1
6 23 66 9
6 25 13 2
6 26 1 10
7 0 7 2
7 2 12 1
7 3 81 1
7 5 2 8
7 6 1 14
7 8 6 1
7 9 3 21
7 10 221 1
7 11 13 21
7 13 1 11
7 14 2 26
7 15 71 1
7 16 91 27
7 18 1 4
7 19 109 16
7 22 98 1
7 23 102 1
7 25 7 23
7 26 1 26
8 0 30 8
8 1 18 12
8 2 93 6
8 3 48 24
8 4 9 22
8 5 34 1
8 6 9 24
8 7 8 1
8 9 15 5
8 10 73 15
8 11 183 19
8 12 220 1
8 13 15 3
8 14 1 18
8 16 16 27
8 18 65 1
8 20 1 1
8 22 35 8
8 24 21 24
8 25 1 6
8 26 21 1
8 27 1 19
9 0 24 9
9 1 11 28
9 3 1 5
9 5 4 29
9 6 215 1
9 7 1 2
9 8 37 16
9 10 138 1
9 11 201 2
9 14 68 2
9 15 1 22
9 16 33 7
9 17 6 29
9 23 1 6
9 24 26 1
10 0 1 6
10 1 1 7
10 2 25 2
10 3 79 6
10 4 80 3
10 5 10 12
10 6 28 8
10 7 102 1
10 8 4 25
10 9 4 16
10 11 6 1
10 12 120 1
10 15 2 6
10 16 4 10
10 17 6 1
10 22 1 24
10 24 1 11
11 0 4 1
11 1 91 2
11 2 2 22
11 3 2 8
11 5 1 18
11 7 192 1
11 8 6 28
11 10 224 1
11 13 34 2
11 14 1 8
11 15 55 1
11 18 3 5
11 19 1 9
11 22 9 9
11 23 2 22
11 24 1 29
11 25 1 26
11 27 1 5
12 1 104 27
12 4 2 1
12 5 1 6
12 8 212 2
12 9 163 1
12 10 5 23
12 13 54 10
12 15 1 18
12 19 53 7
12 21 1 8
12 22 2 14
12 26 1 13
13 2 1 11
13 3 5 7
13 5 3 27
13 7 5 27
13 8 31 4
13 11 58 2
13 12 110 1
13 14 2 28
13 24 6 11
14 0 1 5
14 2 13 27
14 3 1 13
14 4 2 19
14 6 4 1
14 7 150 5
14 8 16 1
14 9 89 2
14 10 1 1
14 11 292 1
14 15 27 28
14 22 1 25
14 24 1 9
15 6 66 1
15 7 1 21
15 8 3 19
15 10 93 1
15 11 58 1
15 13 3 5
15 14 12 1
15 20 1 25
15 24 3 1
16 0 20 17
16 1 15 13
16 3 16 11
16 5 16 15
16 6 13 23
16 8 53 4
16 18 2 26
16 24 15 27
17 0 1 24
17 1 139 1
17 2 1 18
17 3 18 1
17 4 254 1
17 5 1 15
17 6 17 3
17 7 10 3
17 8 219 1
17 11 78 3
17 12 24 2
17 14 42 8
17 16 181 1
17 18 1 3
17 20 12 1
17 22 3 20
18 0 1 21
18 1 64 1
18 4 17 8
18 5 1 27
18 6 109 2
18 9 10 4
18 11 9 5
18 12 2 24
18 16 7 17
18 20 1 17
18 25 31 12
19 0 1 20
19 4 77 1
19 8 33 2
19 11 104 1
19 17 1 18
19 21 1 7
20 0 9 15
20 1 1 18
20 4 77 1
20 6 19 16
20 8 138 2
20 12 7 4
20 17 70 5
20 23 5 1
20 24 28 1
20 26 1 3
21 4 29 2
21 5 1 3
21 15 1 24
22 7 31 2
22 9 6 23
22 10 1 1
22 12 2 20
22 21 10 8
23 0 2 22
23 6 1 20
23 7 2 1
23 11 1 12
24 0 16 25
24 1 69 23
24 3 42 26
24 5 16 5
24 6 52 21
24 8 30 25
24 10 1 9
24 11 34 1
24 16 16 10
24 20 59 4
24 23 1 4
25 0 33 26
25 7 2 3
25 11 288 1
25 14 32 29
25 16 4 6
25 19 1 3
25 20 1 24
26 10 60 25
26 11 92 9
26 14 21 1
26 19 13 11
26 24 2 5
26 27 1 20
27 0 2 8
27 2 24 1
27 9 12 20
27 25 1 1
