0 1 194 6
0 3 39 17
0 4 4 1
0 5 45 1
0 6 156 1
0 8 13 19
0 9 27 1
0 10 1 4
0 14 4 11
0 16 106 18
0 17 146 1
0 18 1 29
0 19 1 28
0 20 16 1
0 21 24 10
0 22 2 18
0 24 13 9
0 26 2 8
0 27 15 14
1 0 9 14
1 2 5 16
1 3 25 15
1 4 102 1
1 5 29 14
1 6 107 1
1 7 5 12
1 8 28 26
1 9 248 1
1 10 3 23
1 16 28 13
1 17 25 1
1 20 1 18
1 24 40 4
2 0 113 1
2 1 52 1
2 3 14 21
2 4 13 1
2 5 41 1
2 7 3 15
2 8 1 23
2 10 162 1
2 11 4 15
2 17 1 1
2 20 127 2
2 25 1 27
3 0 98 7
3 1 63 25
3 2 204 1
3 5 13 19
3 6 5 3
3 7 10 21
3 8 12 8
3 9 14 4
3 11 247 1
3 16 93 12
3 17 149 1
3 18 2 27
3 19 1 12
3 20 21 2
3 24 65 9
3 25 25 1
4 1 3 15
4 5 20 20
4 6 2 3
4 7 21 3
4 8 2 5
4 10 257 2
4 12 1 23
4 14 2 28
4 16 88 1
4 18 35 1
4 25 26 13
5 0 14 14
5 1 13 16
5 3 14 22
5 4 3 2
5 6 46 1
5 8 243 15
5 9 146 1
5 10 6 5
5 11 2 1
5 12 2 29
5 13 1 22
5 14 29 3
5 16 28 8
5 17 3 11
5 18 23 7
5 23 3 1
5 24 33 2
6 0 198 1
6 1 117 4
6 2 9 1
6 3 139 2
6 4 2 18
6 5 247 1
6 8 61 1
6 9 227 1
6 10 108 1
6 11 84 2
6 12 7 29
6 14 6 12
6 15 38 1
6 18 41 1
6 22 39 1
6 23 65 1
7 0 164 2
7 2 5 1
7 3 41 1
7 6 2 1
7 9 3 27
7 10 209 1
7 11 8 7
7 12 4 6
7 14 2 21
7 15 55 1
7 18 1 18
7 19 2 10
7 20 6 20
7 23 12 1
7 24 1 10
7 27 99 1
8 0 23 20
8 1 24 25
8 2 4 2
8 3 25 22
8 4 2 1
8 5 180 9
8 6 33 17
8 9 11 8
8 10 81 28
8 11 2 25
8 12 219 2
8 14 1 16
8 16 46 28
8 17 3 10
8 19 2 11
8 20 227 1
8 22 9 10
8 24 13 27
8 25 1 1
9 1 1 15
9 2 87 1
9 4 1 2
9 5 18 23
9 6 25 2
9 7 146 1
9 8 252 14
9 10 95 1
9 11 190 2
9 12 1 22
9 15 69 13
9 16 32 1
9 19 67 9
9 20 1 2
9 23 4 26
9 26 15 27
10 0 1 19
10 2 17 1
10 4 3 26
10 5 1 27
10 6 2 19
10 7 260 1
10 8 3 9
10 9 9 13
10 11 3 21
10 12 108 1
10 13 2 5
10 15 4 29
10 20 140 1
10 22 5 9
10 27 32 4
11 1 84 1
11 2 3 21
11 3 1 23
11 7 137 1
11 8 14 20
11 9 1 19
11 10 299 1
11 13 29 2
11 15 222 24
11 16 1 22
11 17 7 27
11 19 13 7
11 22 1 13
11 23 2 13
11 24 4 28
11 25 4 18
11 27 2 28
12 1 1 12
12 2 1 9
12 5 1 25
12 6 1 20
12 7 22 28
12 9 137 1
12 10 133 23
12 11 11 24
12 18 87 1
12 20 83 18
12 22 1 25
13 1 68 7
13 4 1 18
13 10 176 1
13 11 51 1
13 12 98 2
13 14 20 19
13 20 10 4
13 25 6 15
14 3 1 18
14 4 2 14
14 6 136 1
14 7 2 10
14 10 7 27
14 11 43 1
14 12 46 1
14 13 2 1
14 23 13 2
14 24 1 17
15 0 12 16
15 7 1 23
15 10 246 1
15 11 24 1
15 12 68 1
15 14 5 1
15 17 56 4
15 23 2 10
15 24 3 1
16 0 30 25
16 1 120 17
16 2 4 10
16 3 13 9
16 4 164 23
16 5 29 4
16 7 91 24
16 8 63 29
16 10 1 18
16 11 5 14
16 18 3 23
16 21 1 15
16 24 27 6
16 27 27 4
17 0 17 20
17 1 109 1
17 2 1 24
17 3 12 1
17 4 246 1
17 5 1 20
17 8 212 1
17 11 75 1
17 14 41 2
17 16 7 1
17 18 2 10
17 19 52 2
18 0 1 1
18 4 2 26
18 6 104 1
18 8 3 24
18 15 6 12
18 16 1 8
18 20 1 23
18 26 29 28
19 0 1 4
19 3 18 16
19 8 31 1
19 9 1 18
19 10 45 1
19 11 102 1
19 16 17 1
19 17 1 1
19 18 1 25
19 20 1 18
19 24 1 13
20 0 27 18
20 1 3 20
20 2 1 15
20 4 74 2
20 6 117 10
20 12 1 24
20 13 31 1
20 15 9 6
20 17 67 5
20 19 1 15
20 21 39 19
20 23 1 27
21 6 63 14
21 10 43 7
21 14 14 11
21 22 1 25
21 24 3 3
22 7 28 2
22 9 3 19
22 11 2 13
22 12 1 14
22 16 1 19
22 17 3 23
22 23 1 8
23 4 10 17
23 6 2 1
23 7 6 23
23 9 1 25
23 11 1 14
23 20 2 26
23 24 6 8
24 0 13 16
24 1 14 20
24 3 124 9
24 5 14 12
24 6 3 27
24 7 4 6
24 8 23 5
24 11 22 1
24 12 1 7
24 14 20 1
24 15 1 8
24 16 14 16
24 18 6 19
24 21 1 7
24 22 1 1
24 23 25 3
24 26 1 27
25 2 1 18
25 11 77 1
25 14 5 26
25 26 1 9
26 6 71 6
26 8 1 18
26 9 3 28
26 10 4 18
26 18 25 3
26 22 1 23
26 24 15 4
26 25 3 3
26 27 2 21
27 0 1 6
27 5 1 17
27 10 3 24
27 12 31 1
27 26 1 24
