0 1 121 14
0 2 1 9
0 3 67 8
0 4 245 1
0 5 1 12
0 6 141 1
0 8 14 1
0 9 23 1
0 16 22 2
0 17 134 1
0 19 1 28
0 20 10 1
0 22 2 16
0 23 1 15
0 24 79 26
0 25 21 1
0 26 1 29
1 0 342 3
1 2 10 1
1 3 11 6
1 4 225 1
1 5 13 1
1 6 70 1
1 7 64 5
1 8 2 19
1 9 237 1
1 10 1 8
1 12 22 1
1 14 5 1
1 17 17 25
1 18 23 5
1 19 1 1
1 20 1 10
1 21 1 9
1 23 27 9
1 24 1 2
2 0 96 1
2 1 17 1
2 3 31 14
2 4 129 1
2 5 36 3
2 6 2 4
2 7 1 18
2 8 1 25
2 9 13 1
2 10 147 1
2 11 138 5
2 12 1 10
2 19 1 19
2 20 122 1
2 25 1 13
2 27 1 4
3 0 112 8
3 1 90 26
3 2 6 24
3 4 5 8
3 5 63 17
3 7 2 20
3 8 59 1
3 9 11 3
3 10 240 1
3 11 231 1
3 12 22 3
3 16 1 10
3 17 143 1
3 18 1 23
3 24 79 1
3 25 24 1
3 26 34 18
4 1 49 29
4 5 2 24
4 6 1 13
4 7 17 1
4 8 1 20
4 10 247 1
4 13 1 15
4 14 1 2
4 15 1 23
4 16 81 2
4 18 22 1
4 19 15 1
4 20 3 18
4 22 1 10
4 26 4 17
5 0 79 10
5 1 127 1
5 2 1 16
5 3 1 1
5 4 3 14
5 6 28 28
5 8 238 8
5 9 56 1
5 10 1 25
5 15 24 13
5 16 1 14
5 21 1 3
5 24 59 1
6 0 183 1
6 1 158 19
6 3 126 2
6 4 6 16
6 5 70 1
6 8 267 21
6 9 199 1
6 10 301 1
6 11 72 1
6 12 6 20
6 15 35 1
6 19 110 1
6 25 1 16
6 27 3 12
7 0 167 1
7 1 3 15
7 2 1 3
7 3 38 1
7 4 1 19
7 6 1 10
7 9 2 27
7 10 198 6
7 11 18 7
7 12 1 23
7 14 1 20
7 15 41 1
7 16 1 28
7 18 1 13
7 19 1 13
7 20 223 1
7 22 2 3
7 23 94 2
7 24 1 22
8 0 1 9
8 1 25 17
8 2 3 1
8 3 18 20
8 4 2 21
8 5 1 28
8 6 90 4
8 7 1 6
8 9 2 5
8 10 7 25
8 11 5 18
8 13 9 1
8 14 3 28
8 16 1 14
8 22 1 4
8 24 9 2
8 25 1 12
8 27 2 5
9 0 4 3
9 1 1 3
9 2 81 2
9 3 1 14
9 5 6 27
9 6 69 24
9 10 49 1
9 11 178 1
9 12 3 3
9 14 53 2
9 15 2 7
9 16 29 6
9 17 11 6
9 18 77 1
9 22 1 29
9 23 1 20
10 0 1 27
10 2 10 1
10 4 1 11
10 5 2 27
10 6 58 10
10 7 240 1
10 8 1 6
10 9 2 20
10 11 3 20
10 12 96 1
10 13 1 25
10 14 1 10
10 15 1 2
10 20 137 1
10 22 2 15
10 23 2 10
10 25 185 1
10 27 29 5
11 1 76 1
11 2 1 7
11 3 1 3
11 7 305 1
11 10 165 1
11 12 31 4
11 13 23 3
11 14 1 28
11 15 90 1
11 17 2 13
11 19 1 3
11 24 1 8
11 25 4 15
11 27 4 14
12 1 10 8
12 2 1 24
12 5 6 28
12 6 4 11
12 7 1 7
12 8 199 1
12 9 110 1
12 11 12 2
12 13 5 24
12 14 2 1
12 15 1 24
12 16 2 22
12 18 85 3
12 21 3 22
12 22 1 18
12 23 77 8
12 25 66 1
13 1 67 1
13 4 1 25
13 6 1 21
13 7 2 18
13 8 22 2
13 10 163 1
13 22 1 18
14 2 10 14
14 3 2 12
14 7 11 18
14 8 5 4
14 10 3 5
14 11 38 1
14 15 36 1
14 16 19 8
14 17 1 24
15 0 12 20
15 2 1 10
15 6 58 3
15 7 12 9
15 8 1 3
15 10 234 1
15 11 3 2
16 1 122 17
16 2 2 19
16 3 1 1
16 4 4 15
16 5 14 3
16 8 1 20
16 9 71 1
16 10 76 22
16 18 17 28
16 20 64 5
16 24 68 17
17 1 137 1
17 2 1 2
17 6 8 5
17 7 6 1
17 8 205 1
17 12 20 5
17 13 5 1
17 15 1 27
17 16 175 1
17 20 8 8
17 23 55 11
18 1 50 1
18 4 1 19
18 6 97 1
18 7 132 6
18 11 1 23
18 14 2 3
18 16 1 19
18 17 5 12
19 0 1 25
19 3 18 25
19 8 28 1
19 11 99 7
19 12 7 1
19 16 16 8
19 18 1 9
19 20 4 6
20 1 1 10
20 2 2 15
20 7 1 4
20 8 125 1
20 17 64 3
20 19 1 5
21 0 3 2
21 1 1 19
21 11 7 24
21 22 2 4
22 5 16 14
22 6 4 18
22 7 25 4
22 8 119 5
22 20 1 5
22 24 1 19
22 26 8 11
23 0 2 18
23 1 74 1
23 5 13 1
23 6 19 24
23 7 1 11
23 11 3 11
23 20 1 12
23 22 1 10
24 0 13 3
24 1 17 7
24 3 1 1
24 5 1 8
24 6 60 12
24 8 98 1
24 11 12 2
24 14 18 13
24 16 14 24
24 20 56 6
24 26 1 14
25 0 1 3
25 3 2 17
25 8 152 2
25 9 5 1
25 10 1 14
25 11 270 1
25 19 1 29
25 20 20 2
25 24 13 29
25 27 32 3
26 2 1 6
26 4 1 13
26 7 120 27
26 8 4 14
26 17 48 10
26 24 4 11
26 27 1 18
27 0 1 16
27 7 132 1
27 11 176 1
27 20 58 16
27 21 6 1
27 25 3 29
27 26 1 29
