0 1 4 8
0 2 1 12
0 3 69 21
0 4 244 1
0 6 140 1
0 8 13 17
0 9 22 1
0 12 1 5
0 14 4 7
0 16 41 15
0 17 133 1
0 19 18 5
0 20 10 2
0 22 1 1
0 24 19 1
0 25 22 26
1 0 5 28
1 2 101 10
1 3 26 17
1 4 221 16
1 5 12 1
1 6 67 1
1 7 2 3
1 8 89 11
1 9 236 1
1 10 2 16
1 11 1 1
1 12 21 3
1 14 4 7
1 15 85 1
1 16 32 19
1 17 338 1
1 20 102 9
1 27 78 1
2 0 95 1
2 1 16 1
2 3 15 9
2 4 128 1
2 7 5 28
2 8 2 1
2 9 13 1
2 10 146 1
2 12 33 7
2 20 122 1
3 0 2 16
3 1 77 13
3 2 81 1
3 5 22 2
3 7 7 12
3 8 57 1
3 10 240 2
3 11 230 1
3 16 141 29
3 17 143 2
3 18 1 18
3 19 3 22
3 20 143 1
3 21 1 13
3 24 78 1
3 25 23 8
4 0 4 24
4 1 18 8
4 3 165 1
4 5 3 27
4 6 14 11
4 7 16 4
4 8 5 25
4 9 1 3
4 10 246 1
4 12 11 3
4 14 1 3
4 17 1 12
4 18 22 1
4 19 15 3
4 20 2 28
4 21 22 1
4 23 52 5
5 0 63 20
5 1 125 1
5 4 11 7
5 6 14 1
5 7 1 7
5 8 58 5
5 9 50 1
5 10 1 6
5 11 8 8
5 12 14 17
5 16 56 1
5 17 1 19
5 18 4 20
5 21 2 26
5 23 2 6
5 24 59 1
5 27 17 1
6 0 182 1
6 1 4 25
6 4 69 26
6 5 68 1
6 8 283 10
6 9 195 1
6 10 298 1
6 11 72 1
6 12 7 17
6 14 1 13
6 15 34 1
6 19 110 1
6 20 7 1
6 22 36 7
6 23 63 2
6 24 19 5
6 26 3 16
6 27 26 7
7 0 167 1
7 1 54 8
7 3 36 1
7 5 1 8
7 6 9 29
7 8 1 13
7 9 1 14
7 10 206 1
7 11 10 6
7 12 10 23
7 13 47 24
7 14 32 14
7 15 40 1
7 16 9 2
7 17 1 7
7 19 6 14
7 20 223 1
7 25 3 28
7 27 93 1
8 0 1 8
8 1 16 21
8 2 181 5
8 3 12 19
8 6 67 3
8 7 1 24
8 9 5 27
8 10 51 23
8 11 1 4
8 12 212 1
8 13 9 1
8 14 1 2
8 15 110 10
8 18 55 1
8 19 56 5
8 22 36 10
8 24 16 2
8 25 52 23
8 27 2 8
9 1 2 6
9 5 15 4
9 6 205 1
9 8 5 29
9 10 46 1
9 11 178 1
9 12 1 29
9 15 4 17
9 17 7 3
9 18 76 1
9 21 2 2
9 26 1 4
10 1 2 22
10 2 10 1
10 5 1 28
10 6 56 1
10 7 238 1
10 8 31 14
10 9 2 14
10 11 21 23
10 12 95 1
10 13 1 12
10 14 1 17
10 15 1 10
10 16 1 5
10 20 136 4
10 24 7 4
10 25 184 1
11 0 183 1
11 1 75 2
11 3 1 12
11 5 9 2
11 7 295 1
11 9 10 21
11 10 163 1
11 14 1 2
11 15 85 1
11 16 1 2
11 17 5 3
11 24 5 4
11 25 2 6
11 26 5 18
11 27 3 5
12 0 1 3
12 2 5 21
12 5 7 5
12 8 199 1
12 9 109 1
12 10 1 16
12 13 1 21
12 14 2 9
12 19 1 21
12 25 65 4
13 1 66 3
13 2 1 7
13 4 5 4
13 7 1 8
13 9 1 22
13 10 162 1
13 11 43 2
13 12 85 1
13 14 2 9
13 16 14 25
13 18 1 14
13 25 1 29
13 26 9 26
14 4 114 17
14 6 131 1
14 7 3 3
14 10 8 29
14 11 37 1
14 12 40 2
14 13 1 28
14 15 35 14
14 17 1 8
14 20 67 11
14 24 1 17
14 25 10 11
14 27 18 1
15 1 1 21
15 7 1 19
15 8 1 20
15 10 233 1
15 12 64 1
15 13 1 11
15 27 18 4
16 0 3 29
16 1 222 2
16 3 106 1
16 6 1 22
16 8 8 10
16 9 71 4
16 11 68 6
16 13 22 3
16 18 1 12
16 23 16 5
16 24 108 17
17 0 1 17
17 1 135 2
17 2 1 12
17 4 237 1
17 7 6 2
17 8 204 2
17 11 70 2
17 13 5 2
17 16 174 28
17 19 49 2
17 22 1 22
18 0 1 12
18 1 50 1
18 4 24 21
18 5 5 22
18 6 97 1
18 9 5 1
18 11 2 12
18 17 2 13
18 21 3 4
19 0 1 12
19 1 5 3
19 8 28 1
19 12 7 3
19 15 2 4
19 17 2 17
19 20 6 19
19 21 6 26
20 0 1 26
20 1 1 29
20 5 55 11
20 8 125 1
20 19 1 18
20 23 1 4
21 5 1 5
21 10 41 7
22 3 6 1
22 4 15 2
22 9 1 3
22 11 5 21
22 14 3 25
22 21 1 6
22 23 4 20
23 1 74 1
23 4 10 1
23 5 13 1
23 7 1 12
23 8 1 25
23 10 53 1
23 11 2 5
23 12 62 1
23 24 36 3
24 0 150 23
24 1 56 29
24 3 4 1
24 5 21 1
24 7 3 5
24 8 98 1
24 9 12 2
24 10 13 14
24 12 44 3
24 16 13 1
24 17 1 17
24 21 4 20
24 23 26 6
25 0 3 2
25 4 18 1
25 9 5 3
25 11 268 1
25 18 1 28
25 23 1 26
26 0 47 3
26 14 21 2
26 21 1 9
26 27 2 19
27 0 2 26
27 4 3 15
27 5 2 21
27 7 131 4
27 8 70 2
27 11 175 1
27 16 1 2
27 21 5 22
27 26 2 11
