0 1 134 1
0 2 4 29
0 3 37 1
0 4 220 1
0 5 77 1
0 6 115 1
0 8 81 3
0 9 16 2
0 10 1 19
0 12 6 14
0 13 12 1
0 14 1 28
0 15 39 1
0 16 110 1
0 17 113 1
0 19 2 22
0 20 3 1
0 21 23 4
0 24 86 11
0 26 21 13
0 27 12 5
1 0 234 1
1 2 153 11
1 3 44 1
1 4 188 1
1 5 91 11
1 6 22 1
1 7 1 26
1 8 137 1
1 9 217 1
1 10 1 25
1 14 2 9
1 16 23 26
1 17 8 1
1 18 27 8
1 20 2 28
1 21 2 1
1 24 59 1
2 0 69 1
2 3 114 7
2 5 29 1
2 7 1 28
2 8 2 14
2 10 118 1
2 11 93 3
2 14 2 10
2 19 1 25
3 0 94 1
3 1 55 1
3 2 86 1
3 4 1 1
3 5 83 1
3 7 3 29
3 8 210 1
3 9 8 1
3 10 236 4
3 11 202 1
3 13 1 9
3 15 1 12
3 16 132 1
3 17 133 2
3 19 2 15
3 20 134 1
3 24 53 1
4 0 50 8
4 1 102 28
4 3 153 2
4 5 5 28
4 6 9 20
4 8 306 5
4 9 8 25
4 10 228 1
4 13 7 7
4 15 1 21
4 19 11 5
4 20 5 13
4 21 2 13
4 23 51 3
4 27 1 17
5 0 344 1
5 1 170 1
5 3 66 22
5 4 3 3
5 6 96 1
5 7 3 11
5 8 132 1
5 9 62 1
5 10 3 22
5 11 1 10
5 12 3 4
5 16 93 1
5 17 2 19
5 18 3 1
5 20 68 8
5 24 83 1
6 0 156 1
6 1 8 18
6 3 104 1
6 4 9 12
6 5 7 28
6 7 1 13
6 8 123 1
6 9 118 1
6 10 233 1
6 11 53 1
6 12 9 5
6 14 1 12
6 17 1 1
6 20 166 20
6 25 1 26
6 27 6 2
7 0 159 1
7 1 157 27
7 3 9 1
7 5 2 25
7 6 1 7
7 8 3 21
7 9 2 12
7 10 187 1
7 11 22 13
7 12 2 19
7 13 1 3
7 14 56 25
7 15 20 1
7 16 2 28
7 18 4 9
7 19 113 21
7 22 92 1
7 24 2 26
7 25 9 16
7 27 85 1
8 0 23 1
8 1 143 1
8 2 7 5
8 3 88 2
8 5 147 1
8 6 19 14
8 7 2 7
8 9 13 6
8 10 111 10
8 11 388 9
8 14 10 4
8 15 190 1
8 16 37 2
8 17 1 11
8 18 47 1
8 22 1 5
8 24 31 1
8 25 6 18
8 26 15 8
9 1 44 19
9 4 1 24
9 5 55 5
9 6 54 1
9 7 143 2
9 10 11 1
9 11 157 1
9 12 1 28
9 14 41 1
9 15 2 18
9 18 68 3
9 19 67 1
9 20 1 23
9 22 5 15
9 23 2 29
10 0 3 16
10 1 1 16
10 3 229 1
10 5 1 22
10 6 3 7
10 7 80 1
10 8 247 1
10 11 3 8
10 12 76 1
10 13 1 28
10 14 3 8
10 16 3 8
10 20 130 1
10 25 5 1
10 26 68 1
11 0 167 1
11 1 62 2
11 2 3 12
11 3 67 15
11 7 214 6
11 9 2 19
11 10 111 1
11 13 15 1
11 14 7 19
11 15 188 1
11 17 1 25
11 22 1 10
11 23 1 13
11 24 32 27
11 25 9 18
12 0 127 8
12 2 1 17
12 5 7 21
12 6 1 12
12 9 68 1
12 10 3 23
12 11 2 26
12 13 86 6
12 23 74 3
12 26 1 17
13 0 2 27
13 8 15 3
13 10 154 1
13 11 32 1
13 12 64 1
13 14 39 6
13 15 1 9
13 22 1 11
14 1 1 2
14 2 2 3
14 6 122 1
14 10 7 29
14 11 278 1
14 12 31 2
14 13 1 26
14 15 24 2
14 17 1 25
14 24 1 25
15 1 1 9
15 6 51 1
15 7 1 17
15 10 210 2
15 11 1 29
15 12 59 1
15 13 1 13
15 14 1 15
15 23 1 18
15 24 1 1
15 25 5 1
16 0 76 1
16 1 168 1
16 3 15 29
16 5 105 1
16 6 2 10
16 8 187 1
16 18 39 26
16 24 25 17
17 1 60 1
17 2 3 25
17 3 85 2
17 4 221 1
17 8 191 2
17 11 64 1
17 16 88 24
17 19 45 1
17 24 59 1
17 27 5 15
18 0 1 29
18 1 39 2
18 2 73 15
18 3 1 16
18 4 118 2
18 5 47 16
18 9 112 1
18 16 116 1
18 17 2 16
18 23 26 9
19 0 2 28
19 1 2 10
19 3 3 25
19 8 23 2
19 11 95 7
19 13 4 23
19 20 2 1
19 27 14 19
20 0 1 4
20 1 4 24
20 2 1 13
20 3 1 3
20 7 43 3
20 9 28 1
20 16 40 1
20 19 7 6
20 27 20 18
21 2 4 7
21 8 45 8
21 11 2 3
21 23 2 27
22 0 43 2
22 4 13 3
22 7 21 2
22 9 14 18
22 10 1 4
22 11 1 17
22 15 1 19
22 21 1 4
22 23 1 13
23 0 55 21
23 1 72 8
23 9 25 18
23 10 45 1
23 11 1 13
23 12 58 3
23 13 3 6
23 22 2 23
23 26 1 3
24 0 93 1
24 1 225 1
24 2 1 5
24 3 127 2
24 5 117 1
24 7 1 9
24 8 27 1
24 10 4 22
24 11 1 5
24 12 45 8
24 15 3 2
24 16 96 10
24 18 1 17
24 26 1 8
25 7 1 16
25 9 2 16
25 11 21 1
25 15 27 6
25 16 1 22
25 19 1 24
25 26 3 26
25 27 11 1
26 5 16 11
26 8 1 1
26 11 41 2
26 21 1 5
26 23 5 12
26 24 1 2
26 25 1 7
26 27 10 19
27 6 25 1
27 7 124 1
27 11 165 1
27 20 57 9
27 26 3 16
