0 1 5 28
0 2 2 2
0 3 10 7
0 5 9 28
0 6 3 16
0 7 22 28
0 8 19 23
0 10 236 2
0 12 16 1
0 15 1 10
0 16 10 24
0 17 6 12
0 19 6 23
0 20 2 7
0 24 37 15
1 0 14 20
1 2 38 20
1 3 17 15
1 4 5 13
1 5 8 9
1 6 3 25
1 7 250 1
1 8 12 14
1 10 221 1
1 15 1 27
1 16 9 4
1 17 297 1
1 18 43 2
1 20 88 2
1 21 10 9
1 23 1 20
1 24 10 1
1 27 1 9
2 0 103 1
2 1 64 1
2 3 17 9
2 4 16 1
2 6 37 1
2 7 1 5
2 8 11 14
2 9 1 11
2 10 35 1
2 11 47 2
2 17 4 18
3 0 8 4
3 1 16 18
3 2 15 9
3 4 12 16
3 5 18 14
3 6 137 2
3 7 187 1
3 8 8 18
3 10 48 1
3 11 95 1
3 14 47 6
3 16 9 7
3 17 1 2
3 18 36 8
3 19 1 28
3 24 9 22
3 25 1 28
4 0 147 1
4 1 126 1
4 2 11 12
4 5 5 25
4 6 1 29
4 7 1 6
4 8 397 1
4 9 2 19
4 12 63 1
4 13 33 6
4 16 2 1
4 17 2 5
4 18 30 1
4 20 18 4
4 22 17 15
4 25 1 6
5 0 9 1
5 1 8 2
5 2 2 7
5 3 11 22
5 4 398 1
5 6 11 1
5 7 1 3
5 8 12 19
5 9 11 20
5 10 1 26
5 12 1 22
5 14 1 19
5 16 9 9
5 24 17 5
6 1 39 1
6 2 39 1
6 4 2 2
6 5 15 6
6 8 161 1
6 9 28 25
6 10 264 1
6 11 1 26
6 12 3 10
6 13 7 2
6 18 117 26
6 23 63 15
6 25 56 1
7 0 48 1
7 1 146 1
7 3 1 28
7 5 166 1
7 6 2 13
7 8 259 1
7 9 216 1
7 10 91 1
7 11 15 18
7 12 90 2
7 13 20 3
7 14 209 2
7 15 45 1
7 18 3 6
7 23 1 29
7 24 14 25
7 25 85 5
8 0 9 24
8 1 10 5
8 2 134 1
8 3 10 8
8 4 396 1
8 5 7 14
8 6 19 21
8 7 257 3
8 9 2 23
8 10 342 21
8 11 251 1
8 14 14 16
8 15 12 1
8 16 10 27
8 19 5 9
8 22 18 1
8 24 14 25
9 1 186 1
9 2 5 6
9 3 110 1
9 4 1 25
9 5 206 1
9 6 12 23
9 10 4 8
9 12 2 1
9 20 1 1
9 21 72 9
9 24 3 26
9 25 92 4
9 27 1 19
10 1 5 21
10 2 1 23
10 3 65 1
10 4 55 1
10 5 1 7
10 6 6 10
10 7 33 1
10 8 214 4
10 9 81 1
10 11 2 2
10 12 1 5
10 13 4 27
10 18 3 2
10 19 61 3
10 20 1 23
10 23 157 2
10 24 35 3
11 0 1 18
11 1 1 12
11 2 193 1
11 3 1 4
11 6 16 18
11 7 39 12
11 7 446 1
11 8 314 1
11 9 2 24
11 10 406 1
11 12 4 28
11 13 1 3
11 15 99 1
11 18 24 4
11 20 12 16
11 21 52 4
11 23 104 2
11 24 8 23
11 25 180 1
12 2 45 6
12 4 213 23
12 5 173 24
12 6 109 1
12 8 20 27
12 9 263 1
12 10 243 1
12 11 103 1
12 13 2 4
12 14 1 27
12 15 99 1
12 17 90 6
12 20 3 14
12 22 30 3
12 25 1 3
12 26 1 7
12 27 25 1
13 5 1 4
13 6 116 7
13 8 87 11
13 10 83 1
13 11 1 11
13 12 104 1
13 14 1 15
13 17 2 18
14 0 1 8
14 2 9 7
14 4 1 2
14 7 147 1
14 8 9 11
14 10 234 1
14 11 330 1
14 12 2 22
14 13 1 1
14 17 19 7
14 20 44 10
14 24 30 8
15 6 56 18
15 7 1 11
15 10 137 1
15 11 5 24
15 14 29 1
16 0 17 16
16 1 25 23
16 3 9 29
16 5 16 26
16 8 10 27
16 9 5 28
16 12 1 22
16 13 1 21
16 24 9 20
17 1 166 1
17 2 193 1
17 3 20 5
17 6 4 10
17 13 54 5
17 15 39 10
17 16 264 1
17 18 72 2
17 20 144 4
18 1 3 10
18 3 63 2
18 4 21 11
18 6 51 13
18 7 2 14
18 9 1 6
18 10 7 25
18 16 1 12
18 17 74 1
18 20 33 3
19 0 21 1
19 1 2 25
19 3 30 2
19 8 123 19
19 10 1 1
19 17 67 5
19 20 3 6
19 26 7 14
20 3 7 20
20 4 1 10
20 5 3 14
20 16 86 13
20 17 4 27
20 19 6 29
20 23 5 4
20 25 79 22
21 12 105 4
21 24 2 5
22 12 30 1
22 14 1 10
22 19 2 11
22 20 2 8
22 25 2 28
22 26 1 3
23 1 2 10
23 4 64 2
23 8 54 2
23 12 5 5
23 14 3 17
24 0 9 4
24 1 11 14
24 3 10 11
24 5 18 15
24 8 21 9
24 11 34 1
24 14 1 24
24 15 35 4
24 16 10 24
24 17 2 9
25 3 47 3
25 7 20 12
25 8 1 9
25 11 28 26
26 6 53 8
26 24 41 1
26 25 27 23
27 20 48 11
27 23 11 9
27 25 1 9
