0 1 149 1
0 2 1 1
0 3 28 1
0 4 202 1
0 5 16 1
0 6 98 1
0 7 1 21
0 8 114 1
0 10 2 9
0 12 1 20
0 14 1 25
0 15 35 1
0 16 21 1
0 17 100 1
0 18 81 2
0 19 91 9
0 20 1 1
0 24 17 1
0 25 2 2
1 0 81 1
1 2 4 6
1 3 194 1
1 4 130 1
1 5 211 1
1 6 4 1
1 8 19 1
1 9 202 1
1 10 33 11
1 11 1 6
1 12 13 4
1 16 94 1
1 17 253 1
1 19 145 1
1 23 23 6
1 24 29 1
1 25 1 3
1 26 1 5
1 27 76 1
2 0 52 1
2 1 2 26
2 3 3 7
2 4 97 1
2 5 24 2
2 7 54 4
2 8 12 16
2 10 99 1
2 11 89 1
2 20 106 3
2 25 1 29
2 27 16 4
3 0 144 11
3 1 1 29
3 2 65 1
3 4 3 26
3 5 41 1
3 6 235 2
3 7 8 21
3 8 143 1
3 9 5 3
3 11 181 1
3 16 18 1
3 17 126 1
3 20 122 1
3 24 38 1
3 25 18 3
4 0 149 1
4 1 11 28
4 3 144 1
4 5 3 28
4 6 58 13
4 7 6 5
4 8 1 6
4 9 1 21
4 10 214 2
4 12 7 8
4 14 1 7
4 17 4 12
4 18 1 1
4 20 60 15
4 21 1 22
4 22 5 19
4 24 79 2
4 25 31 26
5 0 143 1
5 1 38 1
5 3 1 26
5 4 3 7
5 6 132 1
5 8 11 1
5 9 15 1
5 10 188 1
5 12 10 24
5 13 1 20
5 16 16 1
5 17 2 10
5 24 23 1
5 26 14 7
6 0 138 1
6 1 3 19
6 3 89 1
6 4 40 9
6 5 29 29
6 7 1 20
6 8 107 1
6 9 74 1
6 10 35 1
6 11 41 2
6 12 1 22
6 13 1 4
6 14 15 16
6 15 25 2
6 17 285 2
6 18 22 2
6 21 1 27
6 23 58 1
6 24 14 1
7 0 148 1
7 1 3 3
7 3 1 3
7 4 3 29
7 6 6 11
7 8 19 16
7 9 1 26
7 10 178 1
7 11 115 14
7 12 2 12
7 13 47 20
7 14 1 25
7 15 10 1
7 17 2 10
7 20 212 1
7 23 88 1
7 24 4 20
7 25 1 4
7 27 78 2
8 0 113 1
8 1 296 1
8 2 9 4
8 3 112 1
8 4 1 13
8 5 84 7
8 6 84 26
8 7 6 23
8 9 12 20
8 10 6 6
8 11 389 28
8 12 192 2
8 14 6 29
8 16 28 1
8 18 41 2
8 20 214 1
8 24 180 1
8 25 5 7
9 1 45 24
9 2 64 2
9 5 154 12
9 6 115 1
9 7 140 3
9 8 255 1
9 11 142 2
9 12 1 14
9 15 12 23
9 18 63 1
9 24 17 1
9 26 1 20
9 27 58 20
10 0 1 3
10 1 1 2
10 5 93 23
10 6 23 23
10 7 197 1
10 8 216 1
10 9 84 1
10 11 13 11
10 12 63 1
10 14 22 8
10 16 1 17
10 19 2 26
10 20 125 3
10 25 171 1
10 26 65 3
10 27 22 1
11 0 155 1
11 1 53 2
11 2 5 9
11 3 1 4
11 6 1 27
11 7 142 1
11 8 120 2
11 9 2 7
11 10 59 1
11 14 11 7
11 15 174 1
11 17 2 21
11 25 25 16
11 27 2 26
12 7 1 14
12 9 45 1
12 10 1 22
12 11 1 22
12 13 13 15
12 15 2 27
12 16 2 16
12 18 79 6
12 25 63 3
13 3 3 1
13 4 6 7
13 5 23 3
13 7 1 6
13 8 11 1
13 9 2 11
13 11 25 1
13 12 50 1
13 14 2 2
13 16 14 2
13 18 3 26
13 23 2 29
13 24 4 1
14 6 113 1
14 7 165 10
14 9 61 1
14 10 6 21
14 11 22 1
14 13 14 10
14 15 57 1
14 22 1 24
14 25 22 4
14 27 15 7
15 1 6 16
15 4 9 5
15 7 2 15
15 8 4 12
15 9 111 1
15 10 193 1
15 11 2 5
15 14 1 21
16 0 18 2
16 1 52 1
16 2 1 16
16 3 50 1
16 4 8 3
16 5 3 6
16 8 73 1
16 9 65 1
16 17 1 10
16 18 1 15
16 24 23 1
17 0 29 28
17 1 55 22
17 2 3 26
17 4 209 2
17 6 1 3
17 8 182 1
17 12 15 1
17 16 152 1
17 18 48 13
17 20 5 1
18 0 1 21
18 3 1 7
18 4 1 6
18 5 2 19
18 8 1 5
18 9 107 2
18 10 142 6
18 11 1 11
18 17 26 2
18 25 29 10
19 0 1 18
19 7 1 20
19 9 2 11
19 10 36 5
19 11 93 1
19 13 1 16
19 17 1 29
19 20 17 3
19 27 14 3
20 0 2 10
20 4 60 1
20 6 1 7
20 8 106 2
20 9 25 2
20 10 176 1
20 11 1 16
20 14 3 29
20 19 2 5
21 3 3 18
21 8 44 1
21 9 52 2
21 16 4 5
21 19 6 18
21 20 1 15
22 6 18 23
22 10 4 26
22 15 1 22
22 16 3 16
22 24 23 22
23 1 71 4
23 7 1 8
23 8 1 14
23 9 25 25
23 10 39 1
23 11 39 5
23 13 2 19
23 26 2 29
24 0 14 3
24 1 41 1
24 3 26 1
24 5 30 1
24 7 7 29
24 13 1 26
24 14 15 2
24 16 16 1
24 19 6 11
24 23 27 20
25 0 2 11
25 7 1 6
25 11 178 1
25 12 2 16
25 17 2 7
25 20 21 18
25 26 1 21
25 27 20 1
26 0 45 2
26 10 8 24
26 11 82 2
26 24 1 2
26 27 11 10
27 8 1 27
27 11 156 2
27 20 57 1
27 25 3 29
27 26 2 18
