0 1 362 13
0 2 3 17
0 3 12 10
0 4 182 1
0 5 10 14
0 6 80 2
0 7 1 21
0 8 11 27
0 10 3 12
0 16 11 10
0 17 85 1
0 24 18 28
1 0 16 21
1 2 2 1
1 3 14 14
1 4 78 1
1 5 10 4
1 8 81 5
1 9 185 1
1 10 22 9
1 11 275 1
1 13 1 13
1 15 75 4
1 16 13 19
1 17 207 1
1 18 32 16
1 19 137 2
1 20 1 26
1 24 20 20
1 26 47 4
2 0 36 1
2 1 6 10
2 3 139 13
2 4 82 1
2 6 2 5
2 7 3 21
2 8 4 2
2 9 2 9
2 10 80 1
2 11 87 1
2 16 1 26
2 17 1 10
2 20 99 1
2 27 1 14
3 0 21 3
3 1 13 19
3 2 15 1
3 4 7 16
3 5 22 25
3 6 228 1
3 7 12 15
3 8 10 9
3 11 158 1
3 16 11 3
3 20 3 1
3 23 27 16
3 24 10 22
4 1 54 8
4 2 1 18
4 3 134 1
4 5 9 9
4 6 3 9
4 9 2 1
4 10 199 1
4 11 30 1
4 12 1 7
4 13 2 27
4 15 1 23
4 20 63 12
4 25 4 5
4 26 3 5
5 0 12 8
5 1 19 19
5 2 1 15
5 3 11 27
5 4 3 4
5 6 5 1
5 7 4 17
5 8 59 12
5 11 1 25
5 16 11 23
5 20 63 5
5 24 26 6
6 0 119 1
6 1 3 24
6 2 1 20
6 4 13 2
6 5 16 27
6 7 2 29
6 8 18 1
6 9 32 1
6 10 1 18
6 12 1 15
6 14 3 2
6 17 279 2
6 21 1 4
6 24 11 7
6 25 2 19
6 26 20 14
7 0 132 1
7 2 1 12
7 5 2 2
7 6 1 1
7 8 3 7
7 9 1 15
7 10 163 1
7 11 40 19
7 14 2 26
7 15 3 1
7 16 12 1
7 22 85 1
7 24 1 11
7 25 1 10
7 26 87 25
7 27 72 1
8 0 12 22
8 1 12 17
8 2 1 12
8 3 29 18
8 4 382 27
8 5 132 23
8 6 58 17
8 7 20 4
8 9 101 12
8 10 20 29
8 12 182 2
8 14 1 11
8 15 186 1
8 16 14 2
8 18 35 1
8 20 209 1
8 22 33 29
8 24 10 13
9 0 186 15
9 1 2 5
9 3 6 29
9 4 9 15
9 5 3 22
9 6 66 1
9 7 115 1
9 8 28 1
9 10 1 15
9 11 126 2
9 12 4 17
9 13 1 9
9 14 25 1
9 15 1 17
9 20 1 12
9 23 5 12
10 1 9 28
10 4 7 1
10 5 8 29
10 6 9 3
10 7 59 1
10 8 21 19
10 9 271 7
10 11 2 24
10 12 50 2
10 13 15 28
10 14 27 29
10 15 1 23
10 16 27 25
10 17 196 2
10 22 1 6
10 24 1 23
10 25 165 2
10 26 63 1
11 0 142 2
11 2 61 27
11 3 97 12
11 4 25 2
11 5 185 3
11 6 1 9
11 7 56 1
11 8 359 9
11 9 1 27
11 10 45 1
11 12 17 4
11 14 3 10
11 15 94 1
11 16 79 12
11 17 2 21
11 23 7 4
11 24 29 3
11 25 38 23
11 27 2 21
12 1 2 24
12 5 3 25
12 6 2 20
12 7 1 16
12 8 166 2
12 9 24 1
12 10 176 17
12 18 77 1
12 20 83 8
12 26 48 19
13 0 1 6
13 4 2 12
13 6 2 7
13 7 2 27
13 8 7 2
13 10 7 1
13 11 18 1
13 12 37 1
13 15 7 16
13 16 3 5
13 17 52 1
13 25 1 16
14 6 104 1
14 9 51 2
14 10 106 14
14 11 6 1
14 12 19 1
14 13 17 28
14 15 62 1
14 23 5 6
14 24 1 25
14 27 15 1
15 6 42 1
15 7 11 29
15 8 1 4
15 10 173 1
15 11 4 2
15 14 3 21
15 17 50 1
15 18 2 3
15 22 1 16
15 23 19 2
16 0 11 1
16 1 24 26
16 3 11 24
16 5 13 24
16 6 3 18
16 8 11 15
16 9 62 3
16 10 1 13
16 13 20 20
16 17 3 14
16 18 3 17
16 20 59 1
16 24 11 15
16 27 25 22
17 0 10 2
17 1 28 16
17 2 1 23
17 5 1 3
17 8 171 1
17 10 4 1
17 11 54 1
17 16 65 1
17 19 38 2
17 22 16 19
17 24 57 5
17 27 2 25
18 0 1 7
18 4 12 19
18 5 1 21
18 6 70 1
18 9 101 3
18 16 9 1
18 17 86 16
18 22 4 17
18 23 25 6
18 26 1 4
19 0 4 2
19 1 16 14
19 4 35 1
19 10 34 1
19 11 89 2
19 12 4 2
19 20 22 5
20 0 5 14
20 1 5 5
20 2 8 20
20 3 9 23
20 4 55 1
20 8 97 2
20 9 23 1
20 11 1 12
20 14 20 3
20 17 51 2
20 19 27 11
20 23 1 20
20 24 20 1
20 27 3 2
21 1 3 7
21 3 1 11
21 8 42 1
21 10 34 3
21 12 1 25
21 15 2 11
21 24 1 14
21 25 9 2
22 0 46 1
22 10 6 28
22 12 1 9
22 15 1 24
22 17 1 5
23 0 1 2
23 1 70 6
23 7 2 24
23 8 1 12
23 10 34 1
23 11 1 17
23 19 3 29
23 26 1 13
24 0 15 16
24 1 11 21
24 2 2 24
24 3 18 12
24 4 4 1
24 5 11 16
24 7 1 10
24 8 19 2
24 10 1 27
24 11 1 23
24 13 1 27
24 15 1 25
24 16 11 3
25 3 8 2
25 4 12 2
25 7 1 21
25 9 5 24
25 10 3 28
25 11 122 1
25 12 1 7
25 14 31 24
25 15 22 1
25 16 1 3
25 17 1 10
25 18 31 28
25 26 6 8
26 0 43 10
26 3 13 1
26 7 119 18
26 8 1 4
26 11 77 1
26 18 23 9
26 22 2 10
27 1 19 9
27 4 32 28
27 6 1 11
27 7 112 1
27 8 5 25
27 11 146 1
27 25 2 27
27 26 2 3
