0 1 14 15
0 2 1 15
0 3 13 24
0 4 180 1
0 5 12 26
0 6 79 1
0 8 105 14
0 9 9 1
0 11 2 3
0 12 7 11
0 16 12 10
0 17 84 1
0 19 2 10
0 21 21 9
0 24 12 11
1 0 17 15
1 2 2 7
1 3 11 9
1 4 74 1
1 5 11 23
1 7 100 13
1 8 59 2
1 9 183 1
1 11 274 1
1 13 1 10
1 16 68 4
1 17 202 1
1 18 1 7
1 19 136 2
1 23 21 2
1 24 12 19
1 27 74 4
2 0 34 1
2 1 15 20
2 3 72 1
2 4 81 1
2 7 184 8
2 8 38 19
2 10 78 1
2 12 2 16
2 19 1 28
2 23 19 24
2 24 7 5
3 0 213 28
3 1 14 23
3 2 11 1
3 4 2 29
3 5 13 18
3 7 102 6
3 8 11 8
3 10 230 1
3 11 156 1
3 16 22 22
3 17 117 2
3 18 2 7
3 19 1 26
3 20 2 1
3 24 12 11
3 25 16 1
4 0 129 28
4 1 3 9
4 3 133 1
4 5 63 7
4 6 2 12
4 9 1 27
4 10 197 1
4 13 1 8
4 16 55 2
4 19 7 1
4 20 1 7
4 22 1 6
5 0 12 10
5 1 11 6
5 3 64 18
5 4 3 20
5 6 17 1
5 7 3 28
5 8 11 7
5 9 1 26
5 10 57 3
5 16 24 17
5 17 8 20
5 18 31 26
5 24 12 10
5 25 1 20
5 26 13 29
6 0 117 1
6 1 2 6
6 2 1 10
6 3 72 1
6 4 12 3
6 5 36 6
6 7 2 14
6 8 10 1
6 9 29 1
6 10 200 1
6 12 1 3
6 14 3 2
6 15 20 5
6 17 279 1
6 18 17 1
6 19 105 1
6 27 2 9
7 0 130 1
7 2 1 28
7 4 1 2
7 5 1 17
7 6 2 12
7 8 10 10
7 9 1 19
7 10 160 1
7 11 265 4
7 12 26 5
7 13 6 13
7 14 7 4
7 16 1 1
7 18 1 6
7 19 1 26
7 20 202 2
7 21 11 12
7 23 79 1
7 24 1 16
7 25 1 2
8 0 15 13
8 1 18 25
8 2 15 22
8 3 14 25
8 5 9 12
8 6 6 2
8 7 12 1
8 9 2 5
8 10 127 12
8 12 181 1
8 14 15 12
8 15 185 2
8 16 27 26
8 19 1 20
8 21 1 13
8 24 12 8
8 25 11 20
9 1 31 6
9 2 56 2
9 3 11 23
9 5 20 16
9 6 61 1
9 7 114 2
9 8 26 2
9 10 1 16
9 11 125 1
9 12 25 12
9 15 12 26
9 17 1 26
9 26 13 20
10 0 6 11
10 1 2 20
10 3 19 1
10 5 97 3
10 6 40 21
10 7 56 3
10 8 385 1
10 9 245 1
10 11 2 20
10 12 49 1
10 13 1 26
10 14 3 18
10 17 196 2
10 22 3 2
10 23 4 3
10 25 164 1
11 0 141 1
11 2 2 19
11 3 1 18
11 4 24 5
11 7 42 10
11 8 12 1
11 9 1 22
11 10 40 1
11 14 3 19
11 15 88 1
11 17 1 17
11 24 12 26
11 25 6 5
11 27 1 10
12 5 2 25
12 7 2 12
12 8 165 2
12 9 22 1
12 10 15 22
12 15 6 3
12 22 6 8
12 23 69 1
13 1 58 7
13 7 1 25
13 8 7 3
13 10 5 1
13 12 35 2
13 14 14 1
13 24 3 13
14 0 88 13
14 3 9 7
14 6 103 1
14 9 50 1
14 10 31 19
14 11 256 1
14 12 18 3
14 13 1 7
14 15 60 1
14 22 2 27
14 24 4 24
15 1 1 26
15 7 5 27
15 8 1 19
15 10 171 1
15 11 8 6
15 13 6 12
15 14 2 3
15 20 1 28
15 23 18 23
15 25 1 7
16 0 13 11
16 1 12 21
16 2 7 27
16 3 19 27
16 5 13 14
16 6 8 26
16 7 1 23
16 8 43 15
16 17 1 25
16 18 2 19
16 24 12 22
16 26 7 17
17 0 10 29
17 1 51 1
17 2 55 2
17 3 70 2
17 4 194 2
17 5 1 5
17 8 170 1
17 10 130 1
17 12 13 1
17 16 62 1
17 18 11 3
17 19 37 6
17 23 53 1
18 1 24 1
18 2 1 9
18 3 1 18
18 4 152 14
18 5 1 20
18 16 111 1
18 19 1 19
19 0 20 14
19 1 1 18
19 4 34 25
19 5 1 11
19 8 17 1
19 11 89 1
19 12 4 15
19 16 13 1
19 20 10 6
20 0 7 9
20 1 6 12
20 2 2 13
20 3 1 27
20 4 54 4
20 6 150 23
20 8 97 1
20 9 22 5
20 17 50 3
20 19 6 7
20 27 3 12
21 0 1 24
21 8 41 11
21 20 30 23
21 25 9 1
22 3 5 1
22 6 18 9
22 7 15 2
22 8 111 1
22 9 6 29
22 11 1 2
22 14 1 15
22 17 18 6
22 23 1 5
23 0 1 9
23 7 1 16
23 11 5 6
23 20 1 12
23 24 11 1
23 25 6 1
23 26 2 17
23 27 5 2
24 0 12 26
24 1 12 17
24 3 12 5
24 5 21 24
24 7 1 5
24 8 43 12
24 10 1 2
24 16 12 20
24 25 24 4
24 27 1 20
25 0 5 3
25 2 1 3
25 3 8 25
25 4 12 4
25 5 30 1
25 7 1 20
25 8 131 2
25 11 117 1
25 18 3 2
25 19 1 10
25 24 29 11
25 26 1 1
26 4 1 19
26 6 68 3
26 8 1 15
26 9 1 9
26 10 1 28
26 14 19 1
26 27 1 3
27 0 10 11
27 2 21 2
27 9 66 5
27 11 145 1
27 12 26 6
27 21 5 9
27 24 1 27
27 25 2 22
