0 1 15 29
0 2 1 20
0 3 14 8
0 4 178 1
0 5 15 4
0 6 77 1
0 8 13 11
0 10 1 17
0 12 1 25
0 13 9 9
0 14 1 20
0 15 31 2
0 16 20 3
0 18 79 1
0 19 11 29
0 24 13 24
0 25 2 22
1 0 12 16
1 2 161 8
1 3 12 3
1 4 70 1
1 5 23 20
1 7 1 27
1 8 74 22
1 9 182 1
1 11 274 1
1 15 75 1
1 16 13 24
1 17 198 1
1 19 136 1
1 23 21 5
1 24 24 24
1 26 47 15
2 0 33 1
2 1 5 19
2 3 68 1
2 4 79 1
2 5 18 1
2 6 2 13
2 7 69 15
2 8 14 17
2 10 76 1
2 11 85 25
2 18 72 7
2 20 97 1
2 21 9 25
2 25 3 13
3 0 13 27
3 1 15 21
3 2 7 5
3 4 2 16
3 5 14 5
3 6 225 1
3 7 11 8
3 8 12 10
3 10 229 2
3 11 154 1
3 16 23 24
3 17 116 3
3 20 1 1
3 24 14 13
3 26 33 28
4 0 149 19
4 1 3 7
4 3 132 2
4 5 3 4
4 6 66 12
4 9 2 3
4 10 196 1
4 11 29 2
4 12 1 11
4 14 2 15
4 15 1 4
4 16 55 1
4 21 1 9
4 22 2 21
4 24 78 1
4 25 1 5
4 27 2 6
5 0 13 8
5 1 13 12
5 3 14 15
5 4 21 16
5 6 10 1
5 7 3 29
5 8 31 29
5 9 1 18
5 10 248 19
5 12 1 24
5 16 40 20
5 17 17 26
5 22 2 8
5 24 19 14
6 0 115 1
6 1 13 13
6 2 1 29
6 3 71 1
6 5 48 15
6 7 3 18
6 8 5 1
6 9 26 1
6 10 195 1
6 12 15 21
6 14 3 10
6 21 5 27
6 22 28 1
7 0 128 1
7 1 1 1
7 2 1 3
7 4 1 27
7 6 10 15
7 8 3 13
7 9 3 14
7 10 158 1
7 11 17 18
7 12 9 23
7 13 72 26
7 14 1 6
7 16 1 25
7 17 2 11
7 18 13 20
7 20 201 1
7 23 78 1
7 24 1 29
7 25 22 19
7 26 2 2
7 27 70 3
8 0 83 18
8 1 14 4
8 2 1 9
8 3 16 9
8 5 11 24
8 6 11 19
8 7 24 2
8 9 3 22
8 10 8 1
8 11 44 15
8 12 180 2
8 14 47 27
8 15 185 1
8 16 13 24
8 17 2 11
8 18 34 1
8 24 14 15
9 2 56 1
9 3 14 29
9 4 7 22
9 5 2 29
9 6 57 1
9 7 113 1
9 8 25 28
9 10 2 14
9 11 123 2
9 12 57 13
9 14 23 1
9 18 55 3
9 22 37 19
10 5 2 16
10 6 200 29
10 7 177 15
10 8 374 1
10 9 241 1
10 11 241 13
10 12 48 1
10 13 1 12
10 14 29 1
10 15 10 6
10 16 1 12
10 17 195 6
10 22 38 11
10 23 3 19
10 24 2 16
10 25 163 1
11 1 43 1
11 3 20 24
11 5 184 6
11 7 109 1
11 8 11 1
11 9 1 15
11 10 35 1
11 12 16 5
11 14 13 16
11 15 81 1
11 16 1 29
11 18 2 21
11 19 1 27
11 23 6 3
11 25 72 29
11 27 11 4
12 3 5 6
12 5 8 21
12 6 2 6
12 7 1 27
12 8 164 2
12 9 20 2
12 11 20 26
12 13 1 17
12 14 6 13
12 16 1 9
12 21 2 21
12 23 69 1
12 25 62 12
13 0 1 6
13 4 1 4
13 7 20 26
13 9 1 15
13 10 3 1
13 11 16 3
13 12 34 2
13 14 13 2
13 15 1 4
13 18 1 6
13 22 4 20
13 23 1 6
14 1 1 28
14 2 13 10
14 3 1 8
14 4 118 1
14 7 17 16
14 10 9 20
14 11 253 1
14 13 1 22
14 15 58 1
14 21 17 29
14 22 1 24
15 3 4 14
15 7 7 17
15 8 1 7
15 9 108 2
15 10 169 1
15 11 4 24
15 13 1 28
15 14 1 29
15 23 3 18
15 26 1 26
16 0 14 21
16 1 13 21
16 3 31 13
16 5 19 4
16 7 1 1
16 8 44 24
16 11 5 5
16 14 29 12
16 15 1 17
16 17 2 10
16 18 16 23
16 22 2 1
16 24 14 1
17 0 1 12
17 1 48 1
17 2 64 8
17 3 69 2
17 4 193 1
17 5 7 16
17 8 169 1
17 11 53 2
17 16 60 1
17 18 10 4
17 23 53 1
18 0 1 29
18 1 24 1
18 2 74 16
18 4 113 12
18 6 68 2
18 10 138 4
18 12 102 17
18 17 1 16
18 26 1 12
19 0 3 4
19 2 1 26
19 3 1 1
19 9 1 22
19 16 13 3
19 20 2 28
19 22 5 26
20 0 38 5
20 1 1 3
20 3 1 1
20 7 210 2
20 12 5 16
20 19 35 8
20 27 1 19
21 5 17 8
21 10 33 7
21 12 1 24
21 15 1 28
21 22 3 18
21 25 8 5
22 6 1 4
22 7 15 1
22 9 13 1
22 10 5 16
22 11 1 3
22 12 3 18
22 14 3 7
22 21 15 29
23 0 58 26
23 5 11 1
23 6 1 18
23 7 12 17
23 9 61 8
23 10 33 1
23 11 2 24
23 12 51 4
23 22 3 25
23 24 10 2
23 27 5 9
24 0 14 28
24 1 58 21
24 3 13 8
24 5 23 1
24 7 1 4
24 8 14 5
24 10 1 26
24 11 1 22
24 15 25 7
24 16 21 1
24 17 12 11
24 18 1 1
24 23 3 14
24 26 1 14
25 3 6 26
25 7 3 3
25 8 131 1
25 11 112 1
25 12 1 18
25 15 22 2
25 18 3 15
25 27 14 2
26 2 1 4
26 5 15 10
26 7 5 18
26 8 1 8
26 11 77 1
26 23 2 17
26 24 28 10
26 27 1 4
27 2 21 1
27 7 110 3
27 11 143 2
27 16 1 20
27 20 56 5
27 26 1 2
