0 1 32 1
0 2 7 22
0 5 47 23
0 8 61 26
0 9 1 4
0 10 4 20
0 11 1 9
0 12 48 1
0 16 23 5
0 19 188 1
0 20 22 14
0 21 12 10
0 24 81 29
0 26 1 7
1 0 14 24
1 2 3 27
1 3 102 2
1 4 104 1
1 5 2 2
1 6 324 2
1 8 298 1
1 9 1 11
1 16 50 5
1 17 26 1
1 20 2 6
1 21 1 10
1 24 65 11
1 25 28 1
1 27 2 12
2 0 3 10
2 3 20 25
2 4 177 1
2 5 2 24
2 6 7 15
2 7 4 3
2 8 24 17
2 9 119 2
2 10 1 19
2 12 1 18
2 15 2 4
2 16 58 10
2 17 6 4
2 20 24 2
2 25 9 6
3 0 2 19
3 1 41 1
3 2 5 1
3 5 2 11
3 6 112 1
3 8 3 4
3 9 7 7
3 10 2 23
3 11 46 1
3 12 1 27
3 16 19 25
3 17 119 3
3 18 14 1
3 20 1 6
3 24 31 10
3 25 1 17
3 27 1 16
4 0 1 10
4 1 3 23
4 3 5 14
4 5 236 9
4 6 2 20
4 7 248 1
4 8 8 3
4 9 1 10
4 10 156 1
4 14 1 3
4 18 2 1
4 21 31 2
4 25 31 1
5 0 1 13
5 1 39 8
5 2 75 5
5 3 2 27
5 4 3 20
5 6 205 1
5 7 80 1
5 8 35 29
5 9 65 1
5 10 1 16
5 11 47 25
5 16 2 16
5 17 1 8
5 19 1 3
5 21 2 8
5 24 2 12
6 1 22 10
6 4 9 8
6 5 15 14
6 8 192 1
6 9 263 15
6 10 3 3
6 11 1 14
6 13 47 1
6 14 1 3
6 16 1 28
6 18 124 2
6 24 2 13
7 0 1 20
7 1 3 2
7 2 130 1
7 3 32 26
7 6 359 1
7 8 4 12
7 10 119 9
7 11 7 4
7 12 176 1
7 13 9 24
7 14 25 1
7 18 1 5
7 20 16 2
7 24 1 13
7 25 13 2
7 26 1 18
8 0 52 10
8 1 105 9
8 2 4 10
8 3 72 5
8 4 138 1
8 5 364 1
8 6 38 26
8 7 18 1
8 9 31 2
8 10 292 1
8 13 99 1
8 14 25 10
8 16 56 7
8 20 14 28
8 24 26 6
8 25 13 5
8 27 4 9
9 1 2 1
9 4 4 2
9 5 28 27
9 6 3 17
9 7 4 25
9 8 294 1
9 10 3 12
9 12 119 1
9 14 3 6
9 21 52 6
9 26 27 13
9 27 1 21
10 1 232 1
10 3 8 20
10 4 3 14
10 5 1 2
10 6 224 2
10 8 28 1
10 9 54 1
10 13 9 21
10 14 21 1
10 16 83 1
10 17 191 18
10 18 45 1
10 19 65 1
10 22 7 2
10 24 4 1
10 25 1 7
10 26 104 2
10 27 1 24
11 0 2 21
11 1 1 12
11 4 78 1
11 5 1 25
11 6 20 13
11 7 74 1
11 8 1 2
11 9 148 1
11 12 3 23
11 14 26 17
11 15 45 1
11 19 1 27
11 22 1 22
11 23 1 25
11 25 3 12
11 26 1 16
11 27 209 3
12 0 92 3
12 1 1 9
12 4 140 1
12 5 2 12
12 8 229 1
12 9 78 1
12 10 8 16
12 11 1 29
12 16 1 5
12 20 13 13
12 25 2 29
12 26 1 13
13 4 4 6
13 8 1 27
13 10 1 29
13 11 79 1
13 12 1 13
13 15 1 25
13 23 2 4
14 0 1 21
14 7 16 1
14 8 203 1
14 10 34 1
14 15 7 5
14 16 1 10
14 18 42 15
15 0 8 13
15 2 1 8
15 6 73 1
15 7 82 1
15 8 74 1
15 10 139 1
15 14 1 14
15 17 1 2
15 24 25 2
16 0 1 4
16 1 2 25
16 3 1 10
16 4 148 1
16 5 35 11
16 6 4 28
16 8 46 15
16 14 1 27
16 17 1 9
16 18 2 12
16 19 17 21
16 20 24 26
16 21 18 13
16 22 1 21
16 24 45 5
16 25 1 19
17 0 1 2
17 1 4 9
17 4 9 3
17 6 252 1
17 7 113 28
17 8 2 24
17 9 3 11
17 11 2 26
17 14 2 3
17 15 42 1
17 16 327 1
17 18 68 1
17 26 1 26
18 4 228 1
18 7 28 2
18 10 64 1
18 16 1 26
18 20 69 9
18 24 2 27
19 6 1 29
19 9 2 8
19 10 75 2
19 11 2 11
19 18 2 1
19 20 95 1
20 0 177 1
20 2 1 7
20 3 201 1
20 4 95 2
20 10 160 6
20 18 1 14
20 26 1 16
21 1 28 10
21 9 1 29
21 11 2 29
21 15 14 6
22 0 2 8
22 1 1 4
22 7 1 5
22 9 7 10
22 15 3 7
23 6 1 19
23 7 120 1
23 10 1 9
23 19 3 26
23 24 7 25
24 0 11 19
24 1 67 14
24 3 240 16
24 5 61 5
24 7 141 1
24 8 2 13
24 9 45 7
24 10 1 6
24 11 7 16
24 14 3 2
24 16 119 11
24 19 1 14
25 5 15 7
25 7 135 1
25 9 82 8
25 11 27 1
25 12 65 6
25 17 5 8
25 26 2 26
26 1 1 20
26 4 1 5
26 8 2 3
26 10 61 3
26 11 1 6
26 14 13 1
26 22 10 27
26 27 1 6
27 3 2 4
27 4 43 11
27 7 90 1
27 8 1 29
27 10 3 13
27 16 1 21
27 25 19 1
