0 1 309 7
0 2 14 6
0 3 124 1
0 4 38 9
0 5 65 1
0 6 1 7
0 7 298 26
0 8 21 27
0 10 1 10
0 14 1 22
0 15 1 12
0 16 49 1
0 18 1 14
0 19 170 1
0 20 2 26
0 23 31 4
0 24 19 11
1 0 293 24
1 2 4 18
1 3 50 2
1 4 121 1
1 5 159 1
1 6 255 1
1 7 1 6
1 8 82 1
1 9 15 6
1 12 4 20
1 14 99 9
1 15 1 19
1 16 39 3
1 17 13 2
1 18 1 17
1 22 3 26
1 24 140 1
1 25 26 1
2 1 151 1
2 3 114 20
2 4 167 1
2 5 2 10
2 6 7 8
2 7 1 3
2 8 7 16
2 10 1 19
2 11 8 1
2 15 1 10
2 18 1 20
2 19 3 14
2 20 20 2
3 0 197 1
3 1 396 1
3 2 1 4
3 4 1 13
3 5 29 16
3 6 100 1
3 7 1 28
3 8 75 22
3 9 6 1
3 10 3 29
3 11 35 1
3 15 14 1
3 16 1 18
3 17 113 3
3 18 12 3
3 20 1 2
3 24 35 1
3 27 1 13
4 0 1 25
4 1 21 13
4 3 1 17
4 5 2 24
4 6 264 1
4 8 4 16
4 9 34 21
4 10 145 1
4 11 205 2
4 12 1 8
4 14 1 27
4 23 2 12
5 0 167 21
5 1 68 15
5 2 73 1
5 3 69 11
5 4 2 22
5 6 52 1
5 7 70 1
5 8 179 1
5 9 22 1
5 10 2 23
5 11 1 10
5 12 3 13
5 13 1 17
5 15 1 9
5 16 10 1
5 18 17 1
5 23 20 24
5 24 77 1
6 1 9 25
6 3 2 27
6 4 7 3
6 5 98 14
6 8 32 1
6 9 260 1
6 10 2 16
6 14 7 7
6 16 4 7
6 17 17 18
6 20 5 13
6 22 7 7
6 25 71 1
6 26 52 5
7 0 1 16
7 1 20 24
7 2 111 1
7 3 3 16
7 5 42 1
7 6 343 1
7 8 96 15
7 9 11 13
7 10 2 20
7 11 5 2
7 13 4 24
7 20 12 2
7 21 40 24
7 24 1 18
7 25 1 21
7 26 2 29
7 27 163 17
8 0 127 10
8 1 84 1
8 2 4 29
8 3 128 1
8 4 119 1
8 5 152 1
8 6 34 19
8 7 3 1
8 9 7 21
8 10 280 1
8 11 56 21
8 13 93 1
8 15 5 2
8 16 58 1
8 17 8 18
8 22 9 8
8 24 31 1
8 25 11 1
8 26 1 18
9 0 2 1
9 2 123 3
9 4 1 16
9 5 32 6
9 6 102 24
9 7 1 24
9 8 56 25
9 10 103 28
9 12 96 1
9 14 3 4
9 15 14 2
9 17 24 1
9 18 52 20
9 19 23 26
9 24 47 2
9 26 6 18
10 1 221 1
10 2 238 1
10 4 24 24
10 5 20 14
10 6 9 1
10 7 33 1
10 8 6 10
10 9 10 1
10 12 18 8
10 14 12 1
10 15 14 1
10 17 7 14
10 18 41 5
10 20 1 9
10 24 1 15
10 25 1 21
11 0 151 23
11 1 8 5
11 3 261 1
11 4 72 3
11 6 2 24
11 7 169 1
11 8 343 18
11 9 137 1
11 14 4 2
11 15 27 1
11 17 14 1
11 22 15 21
11 23 1 21
11 25 18 6
12 4 134 1
12 8 224 1
12 9 58 1
12 10 2 13
12 11 4 5
12 13 138 2
12 14 1 17
12 20 13 1
12 21 102 7
12 22 5 18
12 25 3 4
13 8 1 6
13 9 100 1
13 10 2 10
13 11 71 2
14 1 38 29
14 3 28 1
14 6 170 1
14 9 4 24
14 10 15 1
14 12 22 1
14 13 2 28
14 15 12 21
14 18 42 9
14 19 2 22
15 7 66 1
15 8 67 3
15 10 124 1
15 11 12 2
15 14 1 11
15 22 12 8
15 23 1 25
15 27 1 7
16 0 22 13
16 1 160 1
16 3 31 1
16 5 8 1
16 6 87 14
16 8 47 1
16 9 1 22
16 11 1 10
16 14 2 15
16 17 2 18
16 18 52 15
16 23 1 15
16 24 17 1
16 25 1 3
17 0 9 21
17 1 4 2
17 2 32 2
17 3 1 1
17 4 6 2
17 5 3 8
17 6 245 1
17 7 3 7
17 8 2 21
17 12 1 25
17 15 40 4
17 16 315 1
17 18 62 2
17 22 2 5
17 26 1 1
18 1 1 13
18 4 206 1
18 6 55 1
18 8 5 6
18 9 5 1
18 11 1 8
18 14 1 29
18 16 5 22
18 17 1 7
19 0 1 12
19 8 118 7
19 15 3 10
19 17 77 5
19 20 62 1
20 0 165 1
20 3 202 1
20 4 92 1
20 6 12 9
20 7 19 22
20 8 196 1
20 15 2 10
20 19 1 29
20 27 42 7
21 8 78 4
21 17 1 23
21 27 1 29
22 0 8 26
22 6 1 10
22 7 1 19
22 10 3 4
22 12 5 1
22 14 1 25
22 23 17 5
23 7 115 1
23 11 158 1
23 17 25 5
23 20 1 9
23 22 3 7
23 24 2 6
23 27 17 18
24 0 41 1
24 1 52 1
24 2 1 8
24 3 180 17
24 4 6 1
24 5 54 1
24 7 131 2
24 8 79 1
24 9 43 4
24 10 1 24
24 11 8 4
24 12 3 4
24 16 26 1
24 17 2 14
24 19 15 20
24 23 5 22
24 26 1 20
25 1 2 13
25 2 1 16
25 4 1 23
25 7 120 1
25 11 11 1
25 18 2 5
25 20 60 1
25 22 1 11
25 26 28 24
26 5 1 26
26 10 60 1
26 11 3 12
26 13 14 2
26 24 21 1
26 27 1 8
27 4 42 3
27 5 1 22
27 8 69 1
27 9 35 1
27 11 1 7
27 19 5 3
27 25 15 1
27 26 99 3
