0 1 102 1
0 2 1 18
0 3 110 12
0 4 1 13
0 5 53 1
0 7 23 26
0 8 79 1
0 9 12 17
0 11 1 25
0 12 45 3
0 14 1 21
0 15 1 22
0 16 37 9
0 17 55 2
0 19 169 1
0 20 1 5
0 24 108 6
1 0 19 19
1 2 4 4
1 3 27 1
1 4 117 1
1 5 155 1
1 6 253 1
1 8 69 2
1 9 1 28
1 10 314 3
1 11 14 9
1 15 2 5
1 16 3 1
1 19 1 4
1 20 1 9
1 22 2 23
1 24 128 1
1 25 25 7
2 0 7 1
2 1 148 1
2 3 5 1
2 4 166 1
2 5 3 15
2 6 279 1
2 8 15 5
2 9 115 1
2 10 1 8
2 11 8 2
2 27 2 21
3 0 186 23
3 1 382 1
3 5 85 1
3 6 99 2
3 7 1 11
3 8 20 1
3 9 5 5
3 10 11 24
3 11 34 1
3 12 1 14
3 15 14 2
3 16 178 10
3 19 1 13
3 20 3 25
3 24 24 1
3 27 1 8
4 0 1 23
4 1 4 22
4 5 5 21
4 6 269 8
4 7 242 2
4 8 171 12
4 9 5 29
4 10 144 1
4 12 4 21
4 16 111 1
4 17 207 1
4 18 341 1
4 19 63 1
4 21 29 10
4 24 77 1
5 0 38 1
5 1 83 1
5 2 73 1
5 3 217 2
5 4 3 4
5 6 86 1
5 7 69 1
5 8 169 1
5 9 20 1
5 10 3 6
5 12 12 20
5 18 16 2
5 20 93 3
5 21 3 23
5 24 65 1
6 0 1 2
6 1 6 23
6 3 1 12
6 4 35 6
6 5 110 5
6 7 1 6
6 8 21 12
6 9 258 1
6 10 1 22
6 11 2 11
6 13 43 5
6 17 2 7
6 18 118 1
6 20 2 3
6 25 70 5
7 0 1 23
7 2 110 1
7 3 3 13
7 5 41 1
7 6 341 1
7 8 108 1
7 9 6 7
7 10 17 26
7 11 43 11
7 14 19 2
7 16 1 26
7 17 2 27
7 23 12 10
7 25 6 4
8 0 87 2
8 1 74 1
8 2 44 26
8 3 117 1
8 4 117 1
8 5 137 9
8 6 45 23
8 7 3 1
8 9 439 2
8 10 273 1
8 11 384 20
8 12 5 2
8 13 92 2
8 14 3 15
8 16 46 22
8 17 16 8
8 18 2 1
8 24 19 1
8 25 10 2
9 0 1 10
9 1 1 12
9 3 1 26
9 4 9 17
9 5 17 2
9 6 8 14
9 8 288 1
9 10 1 5
9 12 94 1
9 16 2 12
9 17 23 1
9 22 6 2
9 26 1 9
10 1 220 1
10 2 237 1
10 3 1 19
10 5 5 1
10 6 8 1
10 7 32 1
10 8 25 25
10 9 7 1
10 13 7 13
10 14 10 16
10 15 13 2
10 16 81 1
10 17 2 21
10 20 1 16
10 25 22 23
11 0 15 12
11 1 2 28
11 2 38 2
11 3 260 1
11 5 32 22
11 7 159 1
11 8 127 1
11 9 136 1
11 10 1 17
11 14 2 25
11 15 24 1
11 17 13 3
11 18 2 4
11 21 3 7
11 22 1 1
11 23 4 21
11 25 8 18
11 26 2 22
12 1 1 1
12 4 133 1
12 5 1 21
12 7 165 1
12 8 223 3
12 9 57 1
12 10 8 15
12 11 1 16
12 19 50 13
12 20 12 7
13 9 100 1
13 10 38 13
13 12 2 23
13 15 20 3
13 26 1 13
14 3 28 1
14 5 1 17
14 6 170 3
14 8 191 1
14 10 14 1
14 12 22 1
14 13 1 12
14 23 1 22
14 24 6 6
15 0 2 9
15 6 69 1
15 7 65 1
15 10 123 1
15 12 85 1
15 13 10 1
15 14 2 10
15 18 1 19
15 26 1 6
16 0 149 2
16 1 148 1
16 3 19 8
16 4 143 1
16 5 7 4
16 6 1 23
16 8 35 1
16 14 1 18
16 17 3 9
16 18 1 15
16 20 3 6
16 24 5 20
16 26 27 6
17 0 255 28
17 1 3 25
17 3 1 1
17 5 10 20
17 6 244 1
17 7 2 3
17 8 11 13
17 10 4 7
17 11 10 20
17 12 1 18
17 14 28 29
17 16 314 1
17 22 1 5
17 26 1 11
17 27 38 3
18 0 128 3
18 1 1 1
18 3 1 22
18 4 205 1
18 6 54 1
18 9 4 9
18 15 1 21
18 16 2 23
18 25 1 11
18 26 1 28
19 1 1 18
19 6 2 26
19 7 2 4
19 9 1 8
19 10 73 4
19 16 1 22
19 20 60 1
20 0 164 1
20 2 1 28
20 3 201 26
20 4 91 3
20 5 1 19
20 7 1 1
20 8 195 2
20 10 158 1
20 14 48 7
20 15 4 8
20 26 1 5
21 7 1 27
21 18 12 25
22 10 3 12
22 11 1 24
22 12 6 3
22 13 1 22
23 7 115 1
23 11 158 1
23 12 1 6
23 16 25 29
23 20 1 16
23 22 3 14
23 25 13 2
24 0 35 10
24 1 87 1
24 3 232 1
24 4 5 21
24 5 42 1
24 8 70 1
24 11 10 22
24 16 18 1
24 22 2 6
24 23 7 18
25 1 4 12
25 4 1 13
25 6 1 24
25 7 119 1
25 9 81 2
25 11 10 1
25 13 1 12
25 15 1 20
25 20 60 3
25 23 1 11
25 26 1 22
26 6 1 14
26 10 59 2
26 12 7 9
26 18 19 3
26 21 4 20
26 24 21 2
27 5 1 5
27 7 85 1
27 8 69 9
27 9 34 1
27 10 5 6
27 11 1 15
27 25 15 1
