0 1 12 1
0 2 1 22
0 3 306 1
0 4 2 23
0 5 50 1
0 6 1 21
0 8 222 1
0 11 1 3
0 13 65 1
0 16 15 3
0 17 48 1
0 18 1 2
0 19 153 1
0 20 49 9
0 21 11 15
0 24 66 14
1 0 172 1
1 2 12 15
1 3 217 1
1 4 79 1
1 5 13 26
1 6 233 1
1 7 5 20
1 8 131 1
1 9 1 17
1 10 309 2
1 11 1 3
1 15 1 7
1 16 79 1
1 17 5 2
1 19 162 2
1 24 13 1
2 0 232 1
2 1 231 1
2 3 47 1
2 6 272 3
2 7 335 3
2 8 3 2
2 10 2 17
2 15 21 16
2 19 3 2
3 0 43 1
3 1 100 1
3 2 3 21
3 5 93 1
3 6 89 2
3 7 2 7
3 8 136 16
3 10 3 13
3 16 42 1
3 17 108 1
3 19 1 18
3 20 102 7
3 24 210 7
4 1 42 24
4 3 3 29
4 6 2 20
4 8 3 2
4 9 9 18
4 14 1 6
4 18 336 1
4 19 61 2
4 23 1 10
5 0 8 5
5 1 9 6
5 2 70 2
5 3 111 1
5 4 3 13
5 6 9 1
5 8 271 1
5 9 2 1
5 10 23 6
5 14 5 12
5 16 34 1
5 19 3 16
5 22 2 2
5 24 221 1
6 1 12 6
6 3 1 16
6 4 2 26
6 5 111 21
6 7 1 26
6 8 38 1
6 9 267 1
6 10 2 21
6 11 10 2
6 12 1 14
6 13 41 1
6 14 1 22
6 18 112 1
6 23 2 8
6 27 1 8
7 0 10 2
7 1 29 2
7 2 94 1
7 3 108 21
7 5 34 2
7 6 329 1
7 8 64 14
7 10 1 17
7 11 4 24
7 12 173 1
7 15 3 19
7 17 3 6
7 20 9 5
7 21 1 14
7 24 3 22
7 25 1 26
8 0 179 1
8 1 152 1
8 2 4 22
8 3 5 26
8 4 102 1
8 5 308 1
8 6 91 8
8 9 434 18
8 10 212 1
8 11 1 13
8 15 3 1
8 16 130 1
8 20 1 27
8 21 1 18
8 22 14 12
8 24 92 9
8 27 2 4
9 0 1 13
9 1 4 26
9 4 2 1
9 5 9 12
9 6 4 16
9 7 38 5
9 8 266 1
9 10 4 29
9 12 75 1
9 14 2 2
9 17 21 2
9 18 1 22
9 19 3 10
9 20 104 3
9 26 1 18
9 27 4 25
10 1 210 1
10 2 226 1
10 3 1 5
10 4 1 22
10 5 26 29
10 6 348 13
10 7 363 1
10 8 253 10
10 9 37 1
10 11 1 15
10 12 1 1
10 13 8 20
10 14 391 1
10 15 8 2
10 17 7 1
10 22 4 1
10 24 93 22
10 27 1 8
11 0 1 27
11 1 38 7
11 2 32 1
11 3 249 1
11 4 68 1
11 5 84 10
11 6 238 13
11 7 79 1
11 8 7 1
11 9 126 1
11 12 3 16
11 14 1 29
11 15 50 1
11 21 2 3
11 22 1 15
11 23 1 6
11 24 285 13
11 25 52 17
11 26 16 6
12 0 87 6
12 9 42 1
12 10 2 1
12 11 1 11
12 13 128 1
12 14 2 26
12 19 50 10
12 22 8 10
12 25 5 9
12 26 1 24
13 1 1 9
13 7 144 18
13 10 166 20
13 11 64 1
13 16 2 1
13 26 1 10
14 0 1 24
14 7 8 2
14 8 180 2
14 9 1 8
14 10 4 1
14 12 18 4
14 13 2 14
15 2 29 1
15 6 66 1
15 7 52 1
15 9 8 6
15 10 111 1
15 11 9 1
15 12 82 2
15 14 3 1
15 16 2 22
15 18 2 26
16 0 19 1
16 1 88 1
16 3 204 1
16 5 57 14
16 6 87 3
16 7 1 20
16 8 67 2
16 9 1 10
16 11 7 22
16 17 1 10
16 18 1 1
16 20 3 25
16 24 147 1
16 26 27 2
17 0 2 4
17 1 1 1
17 2 27 1
17 4 3 1
17 5 8 24
17 6 238 1
17 8 11 11
17 11 1 19
17 16 302 1
17 25 63 2
18 0 126 5
18 1 2 14
18 4 186 1
18 6 50 1
18 13 21 5
18 17 3 28
18 21 17 22
18 25 37 11
19 0 1 27
19 1 1 27
19 4 69 22
19 6 1 9
19 7 7 28
19 9 40 16
19 12 1 23
19 20 37 1
19 21 2 14
19 26 10 2
20 0 153 1
20 2 8 13
20 4 88 4
20 6 1 19
20 7 8 4
20 8 192 1
20 9 113 1
20 19 3 12
20 22 3 8
20 24 1 10
20 25 1 26
21 1 1 20
21 6 1 1
21 9 1 6
21 11 2 11
21 12 59 2
21 26 11 18
22 0 3 8
22 7 4 11
22 9 5 5
22 16 17 1
23 5 1 9
23 7 110 3
23 10 12 19
23 11 149 1
23 12 1 29
23 15 1 18
23 20 1 11
23 22 17 22
24 0 143 1
24 1 12 4
24 3 11 20
24 5 90 1
24 6 1 14
24 7 122 1
24 8 118 1
24 9 41 3
24 11 24 14
24 16 53 1
24 17 3 24
24 20 1 4
24 25 3 8
25 1 1 12
25 2 24 9
25 4 2 4
25 5 14 1
25 6 4 16
25 7 106 1
25 11 2 1
25 14 3 1
25 19 1 23
26 4 1 6
26 8 20 27
26 10 58 1
26 11 1 19
26 14 12 5
26 24 19 1
26 27 1 13
27 6 8 2
27 7 80 1
27 8 2 4
27 11 1 7
27 15 1 6
27 17 40 16
27 25 11 1
27 26 94 10
