0 1 185 1
0 2 1 3
0 3 232 1
0 4 1 1
0 5 222 1
0 6 1 8
0 7 2 21
0 8 161 1
0 9 17 7
0 12 42 1
0 15 1 16
0 16 291 1
0 19 148 1
0 20 3 26
0 22 1 21
0 24 127 1
1 0 94 1
1 2 19 14
1 3 154 1
1 4 66 1
1 5 359 1
1 6 223 2
1 7 2 15
1 8 141 1
1 9 28 17
1 10 308 1
1 11 2 14
1 15 1 14
1 16 17 17
1 18 1 12
1 24 45 1
1 26 3 28
2 0 229 1
2 1 52 1
2 3 36 1
2 6 270 1
2 8 160 3
2 10 1 3
2 11 4 4
2 12 3 22
2 18 1 26
2 23 15 14
3 0 93 1
3 1 64 10
3 2 4 14
3 4 3 12
3 5 58 1
3 6 86 2
3 7 3 19
3 8 76 1
3 9 4 2
3 10 4 9
3 11 23 2
3 12 4 28
3 13 4 4
3 16 92 1
3 17 106 1
3 20 1 29
3 23 24 3
3 24 32 1
3 25 2 2
4 0 2 9
4 1 3 26
4 2 207 1
4 3 18 29
4 5 253 11
4 6 1 23
4 8 1 11
4 9 9 17
4 10 132 1
4 12 18 3
4 16 104 1
4 17 196 1
4 18 333 1
5 0 24 1
5 1 195 1
5 3 52 1
5 4 9 13
5 6 1 1
5 7 58 1
5 8 219 1
5 10 2 15
5 11 1 10
5 16 88 1
5 17 1 2
5 24 157 1
6 1 253 5
6 3 1 2
6 4 2 21
6 5 13 1
6 7 1 27
6 8 19 1
6 9 255 1
6 10 2 27
6 17 17 26
6 22 6 4
6 23 1 11
7 1 24 14
7 2 89 1
7 3 24 25
7 4 10 17
7 5 32 1
7 6 322 1
7 8 28 24
7 9 1 4
7 10 52 29
7 11 3 5
7 13 3 27
7 14 14 2
7 15 266 1
7 17 3 10
7 22 2 19
7 24 1 18
7 25 12 18
8 0 62 1
8 1 96 1
8 2 50 18
8 3 2 22
8 4 97 1
8 5 255 1
8 6 106 23
8 10 108 1
8 12 247 1
8 13 85 1
8 14 2 15
8 15 2 3
8 16 68 1
8 17 18 4
8 20 148 12
8 22 1 20
8 24 35 1
8 26 1 29
8 27 2 8
9 0 187 4
9 1 1 20
9 3 3 12
9 4 11 10
9 5 4 1
9 6 141 14
9 8 259 1
9 10 1 10
9 12 70 1
9 13 73 1
9 14 2 24
9 15 11 1
9 17 20 1
9 18 3 17
9 22 5 1
9 26 6 28
10 0 239 18
10 1 207 1
10 2 223 1
10 4 4 8
10 5 1 9
10 6 213 1
10 7 359 1
10 8 399 26
10 9 29 1
10 11 1 16
10 14 392 1
10 19 60 3
10 22 3 3
10 24 28 15
10 25 1 24
11 0 9 25
11 2 31 1
11 3 245 1
11 4 66 4
11 5 2 25
11 6 1 8
11 7 44 1
11 8 343 1
11 9 123 1
11 10 2 21
11 14 42 17
11 15 34 1
11 21 2 18
11 22 4 17
11 25 3 10
12 8 217 2
12 9 38 1
12 10 18 16
12 11 30 26
12 13 125 1
12 14 1 13
12 21 100 4
12 22 6 9
13 0 16 11
13 8 15 9
13 11 62 2
13 12 1 4
13 14 1 17
13 19 1 21
14 1 1 7
14 5 2 16
14 7 7 5
14 8 177 1
14 12 17 4
14 13 2 24
14 15 1 25
14 17 83 17
14 20 5 8
14 22 1 26
14 25 33 3
15 0 10 15
15 7 49 1
15 9 1 25
15 10 107 1
15 11 239 1
15 12 82 1
15 14 3 15
15 17 75 26
15 20 1 11
15 27 2 19
16 0 41 1
16 1 1 15
16 3 151 1
16 4 137 1
16 5 151 1
16 8 20 28
16 17 3 20
16 18 1 11
16 20 1 29
16 24 83 5
17 0 2 22
17 1 2 22
17 2 25 2
17 5 1 14
17 7 1 24
17 9 2 19
17 11 1 26
17 14 5 20
17 16 298 1
17 18 56 2
17 25 62 14
18 2 1 11
18 4 180 1
18 7 24 1
18 8 3 3
18 12 2 9
18 16 27 28
19 0 1 17
19 3 18 3
19 4 3 13
19 5 1 17
19 6 7 5
19 7 1 1
19 10 71 2
19 11 1 21
19 14 14 14
19 17 75 1
19 20 31 1
20 0 150 1
20 1 1 4
20 4 87 5
20 6 9 10
20 7 8 25
20 8 190 1
20 10 154 4
20 19 2 13
20 23 2 17
20 27 41 8
21 4 63 2
21 11 3 18
21 12 58 1
22 0 1 25
22 1 1 27
22 2 7 7
22 7 9 26
22 10 13 22
22 13 1 17
22 20 39 1
22 24 2 3
22 25 12 17
23 3 31 3
23 7 109 1
23 8 1 14
23 10 114 27
23 11 147 1
23 17 24 12
23 24 2 6
23 26 13 4
23 27 17 4
24 0 58 9
24 1 36 1
24 3 149 1
24 5 118 1
24 8 69 5
24 11 1 7
24 16 65 1
24 20 1 27
24 26 3 7
25 0 74 1
25 2 4 5
25 4 2 7
25 6 5 13
25 7 102 1
25 9 79 2
25 13 2 8
26 3 1 19
26 7 114 1
26 9 6 1
26 10 57 1
26 11 1 27
26 16 16 3
26 18 19 20
26 27 1 27
27 1 28 1
27 3 1 10
27 4 41 12
27 8 5 28
27 10 1 4
27 11 1 18
27 15 11 4
27 20 63 2
27 25 10 2
