0 1 135 1
0 2 2 18
0 3 193 1
0 4 1 24
0 5 181 1
0 8 117 7
0 12 41 1
0 16 245 1
0 17 44 2
0 18 1 8
0 19 144 1
0 20 16 27
0 24 82 1
0 26 1 20
1 0 57 1
1 2 4 25
1 3 105 1
1 4 57 1
1 5 314 1
1 6 218 1
1 7 2 1
1 8 108 1
1 9 35 8
1 10 307 1
1 11 2 4
1 14 5 8
1 15 2 2
1 16 33 16
1 17 2 3
1 19 7 14
1 20 1 10
1 24 9 24
1 25 23 3
1 26 1 29
1 27 41 12
2 0 233 1
2 1 39 1
2 3 108 1
2 6 3 1
2 7 332 2
2 8 163 3
2 9 110 1
2 10 9 19
2 16 55 7
2 19 3 1
2 20 15 1
2 24 35 1
2 25 8 1
3 0 75 1
3 1 201 1
3 2 4 13
3 4 17 7
3 5 63 1
3 6 84 1
3 7 3 27
3 8 36 6
3 9 3 10
3 10 4 17
3 11 22 1
3 16 47 2
3 17 105 2
3 20 108 8
3 23 24 5
3 24 195 1
3 25 1 22
4 1 36 17
4 2 212 1
4 3 8 5
4 6 11 14
4 8 1 6
4 9 38 8
4 10 129 1
4 11 201 3
4 12 19 11
4 14 3 8
4 17 194 1
4 18 330 1
4 19 59 3
4 23 1 19
4 24 75 1
5 0 152 1
5 1 197 1
5 2 69 1
5 3 169 1
5 4 12 27
5 7 56 1
5 8 182 1
5 10 2 27
5 11 46 9
5 12 12 3
5 13 24 28
5 16 102 1
5 18 13 1
5 24 112 3
5 27 1 27
6 1 7 8
6 3 1 18
6 4 13 9
6 5 12 14
6 7 1 29
6 8 8 1
6 9 246 1
6 10 3 8
6 11 3 20
6 12 3 16
6 13 39 2
6 15 111 3
6 17 5 4
6 20 1 25
6 24 3 26
6 26 51 1
7 1 2 13
7 2 86 1
7 3 21 3
7 6 317 1
7 8 163 20
7 10 11 21
7 11 6 1
7 12 172 2
7 15 265 3
7 16 5 6
7 23 12 15
7 25 2 11
7 26 22 9
7 27 2 2
8 0 27 1
8 1 199 1
8 2 3 26
8 3 78 5
8 4 94 1
8 5 206 1
8 6 18 7
8 9 6 1
8 10 85 29
8 11 440 9
8 14 41 16
8 15 2 3
8 16 99 1
8 17 1 23
8 18 2 19
8 20 1 6
8 21 3 5
8 22 1 2
8 24 1 4
8 27 1 16
9 1 3 3
9 2 118 2
9 4 19 18
9 5 137 20
9 6 1 4
9 7 1 8
9 8 253 1
9 10 65 20
9 12 66 1
9 13 73 1
9 14 1 11
9 17 19 1
10 1 205 1
10 2 220 1
10 3 2 7
10 4 3 9
10 5 5 3
10 6 209 1
10 7 356 1
10 8 4 9
10 9 24 1
10 11 1 3
10 13 8 15
10 14 384 1
10 17 1 15
10 19 60 1
10 22 3 4
10 24 1 23
10 25 11 26
10 27 1 23
11 0 1 5
11 1 41 4
11 2 29 1
11 3 242 1
11 5 2 19
11 7 19 15
11 9 121 2
11 10 1 6
11 12 2 18
11 14 61 2
11 15 403 3
11 22 15 5
11 23 8 28
11 25 27 19
11 26 18 15
12 5 23 6
12 7 162 1
12 8 216 1
12 9 35 1
12 10 10 28
12 11 6 15
12 13 123 1
12 14 30 27
12 18 14 2
12 22 1 24
13 1 87 24
13 4 1 20
13 5 3 5
13 6 45 5
13 8 1 17
13 10 2 8
13 12 2 1
14 1 8 21
14 3 26 3
14 6 166 3
14 8 175 1
14 10 1 1
14 15 11 17
14 20 60 7
14 22 10 15
14 25 32 2
15 6 64 2
15 7 46 1
15 10 104 1
15 11 234 1
15 12 81 1
15 14 2 25
15 23 1 5
16 0 223 1
16 1 126 1
16 3 128 1
16 5 106 1
16 8 30 1
16 11 1 20
16 12 1 6
16 14 1 21
16 18 1 18
16 20 3 22
16 24 32 1
17 0 9 22
17 1 2 11
17 5 11 15
17 6 234 2
17 7 8 19
17 8 2 23
17 9 2 6
17 11 10 15
17 13 2 25
17 14 4 4
17 16 295 1
17 18 55 1
17 22 1 19
18 0 125 5
18 3 1 8
18 4 175 1
18 6 47 2
18 8 3 4
18 9 3 1
18 10 55 4
18 14 45 1
18 16 27 1
19 1 1 15
19 3 18 1
19 4 2 22
19 7 15 19
19 9 3 11
19 15 3 27
19 16 29 4
19 18 2 17
19 20 26 1
20 0 148 1
20 1 212 3
20 3 4 2
20 5 1 12
20 6 1 7
20 7 1 23
20 8 189 2
20 11 38 3
20 12 2 1
20 16 31 22
20 18 88 2
20 19 2 8
20 23 1 28
20 24 1 5
21 1 4 16
21 4 62 9
21 6 4 20
21 7 1 1
21 12 57 1
21 17 1 21
22 10 2 2
22 24 3 24
23 3 31 3
23 4 31 3
23 6 1 17
23 9 6 8
23 11 145 1
23 12 1 29
23 20 13 29
23 25 12 4
23 26 1 9
24 0 84 1
24 1 46 9
24 3 103 1
24 5 29 1
24 7 118 1
24 8 60 3
24 9 41 1
24 10 2 9
24 11 23 20
24 15 34 10
24 16 131 1
24 21 1 27
24 23 20 29
24 26 45 25
25 1 1 6
25 3 23 1
25 6 6 17
25 7 100 1
25 9 78 1
25 15 1 3
25 23 1 16
26 2 1 24
26 7 113 7
26 9 5 9
26 14 11 13
26 16 16 1
26 21 4 9
26 24 18 3
27 6 7 13
27 9 33 2
27 10 1 19
27 11 9 2
27 20 63 2
27 26 3 17
