0 1 66 1
0 3 92 1
0 4 13 29
0 5 102 1
0 6 1 8
0 7 4 11
0 8 96 1
0 10 3 15
0 14 87 15
0 15 86 14
0 16 143 1
0 18 14 23
0 19 134 1
0 20 54 15
0 21 11 5
0 24 45 1
1 0 357 1
1 2 16 7
1 3 289 7
1 4 80 1
1 5 213 25
1 6 196 1
1 8 96 17
1 9 37 22
1 10 303 1
1 11 1 8
1 14 5 24
1 15 3 10
1 16 52 1
1 18 6 29
1 22 3 22
1 24 65 1
2 1 223 1
2 3 45 1
2 4 147 1
2 6 265 1
2 7 328 1
2 8 3 20
2 9 107 2
2 10 1 7
2 11 3 2
3 0 111 1
3 1 39 15
3 2 3 8
3 5 37 1
3 6 78 1
3 7 4 10
3 8 56 24
3 10 7 26
3 11 18 1
3 16 1 13
3 17 102 1
3 20 108 10
3 21 18 13
3 24 105 1
3 27 5 23
4 0 1 21
4 1 2 3
4 3 2 1
4 5 259 23
4 6 19 18
4 8 13 16
4 9 40 19
4 11 199 3
4 12 1 7
4 14 15 25
4 16 100 1
4 17 189 1
4 18 323 1
4 21 27 7
5 0 68 1
5 1 58 1
5 2 67 1
5 3 85 3
5 4 73 28
5 6 4 28
5 7 51 1
5 8 107 28
5 9 1 28
5 10 1 12
5 11 3 9
5 16 5 23
5 17 1 13
5 20 91 18
5 21 4 9
5 24 65 1
6 1 9 13
6 2 1 12
6 4 39 7
6 5 9 7
6 7 2 5
6 9 238 1
6 10 5 23
6 11 1 13
6 12 7 12
6 13 37 3
6 14 51 12
6 16 25 1
6 18 106 1
6 20 11 20
6 22 5 6
6 23 1 19
6 24 107 13
6 25 64 5
7 0 4 18
7 1 1 14
7 2 77 1
7 3 3 25
7 6 302 1
7 8 9 17
7 10 2 7
7 12 171 1
7 14 11 1
7 16 1 21
7 23 1 13
7 24 4 17
7 25 48 27
7 26 2 13
8 0 43 1
8 1 112 8
8 2 13 13
8 3 37 1
8 4 85 1
8 5 220 1
8 6 17 2
8 9 21 1
8 10 168 1
8 11 4 5
8 12 4 1
8 13 81 1
8 14 1 5
8 16 19 1
8 17 17 14
8 19 2 4
8 20 15 11
8 24 124 1
9 0 186 1
9 1 1 16
9 2 116 3
9 4 2 16
9 5 49 20
9 7 1 20
9 8 47 1
9 12 56 1
9 16 4 8
9 21 48 3
9 24 43 2
10 1 199 1
10 2 213 1
10 5 1 2
10 6 343 2
10 7 347 1
10 8 3 17
10 9 13 1
10 11 2 26
10 14 363 1
10 22 2 1
10 23 153 3
10 24 5 26
10 25 1 9
11 0 1 29
11 1 3 9
11 2 26 2
11 3 235 1
11 4 63 1
11 5 1 13
11 6 1 16
11 7 156 1
11 8 124 1
11 9 115 1
11 10 2 17
11 12 1 6
11 14 1 12
11 15 378 1
11 17 10 2
11 21 73 11
11 22 1 3
11 23 3 25
11 24 2 2
11 25 3 18
11 26 1 24
12 0 85 3
12 8 213 1
12 9 27 1
12 10 2 5
12 11 1 4
12 13 117 1
12 21 98 6
12 22 1 3
13 0 16 4
13 5 3 13
13 10 6 18
13 12 1 2
13 17 63 1
14 0 87 21
14 1 38 21
14 5 1 20
14 8 168 1
14 15 40 4
14 19 2 1
14 20 1 14
15 7 39 1
15 8 56 1
15 10 97 1
15 11 56 1
15 12 80 2
15 14 1 21
15 20 1 13
15 23 4 11
16 0 144 1
16 1 50 1
16 3 27 1
16 5 36 1
16 8 36 1
16 9 17 7
16 12 1 3
16 17 5 17
16 18 5 1
16 24 12 1
16 27 1 29
17 0 255 17
17 1 1 11
17 2 21 2
17 6 230 1
17 11 9 29
17 12 5 15
17 15 38 4
17 16 287 1
18 2 1 23
18 3 1 2
18 4 164 1
18 6 44 3
18 14 1 15
18 16 1 8
18 25 1 11
18 26 1 4
19 0 1 3
19 1 1 1
19 6 9 14
19 7 39 8
19 8 114 7
19 12 1 17
19 17 73 2
19 20 16 1
20 0 141 1
20 1 4 5
20 2 1 16
20 3 200 12
20 7 3 25
20 11 36 1
20 19 10 14
20 24 60 16
20 26 1 6
21 1 1 2
21 6 4 23
21 12 55 2
21 27 1 17
22 8 122 6
22 10 1 7
22 11 1 2
22 13 4 26
22 14 3 11
22 16 1 9
23 7 105 2
23 9 6 4
23 11 140 1
23 16 1 15
24 0 24 1
24 1 22 4
24 3 13 1
24 5 51 1
24 7 112 2
24 8 65 1
24 9 39 5
24 11 3 28
24 16 70 1
24 17 2 28
24 22 14 12
24 23 1 26
25 0 72 5
25 6 1 1
25 7 92 1
25 18 3 19
25 19 4 23
25 20 57 11
25 22 4 1
26 10 56 1
26 25 2 15
26 27 31 25
27 7 76 1
27 11 1 1
27 16 2 23
27 25 8 2
27 26 91 1
