0 1 1 22
0 2 3 2
0 3 45 23
0 4 1 19
0 5 1 8
0 6 1 26
0 7 1 18
0 8 2 12
0 9 5 28
0 11 6 23
0 15 86 15
0 16 1 3
0 17 33 1
0 19 117 1
0 20 1 6
0 21 10 2
0 23 27 6
0 24 1 18
1 0 261 1
1 2 31 25
1 3 1 11
1 4 95 1
1 5 2 11
1 6 277 1
1 7 3 15
1 9 1 6
1 12 1 2
1 14 4 12
1 15 1 14
1 16 2 25
1 19 161 1
1 20 1 3
1 21 1 17
1 22 3 10
1 24 2 9
1 25 20 3
1 27 1 28
2 0 224 1
2 1 17 1
2 3 98 1
2 4 137 1
2 5 2 28
2 6 251 1
2 7 320 1
2 8 2 6
2 10 1 25
2 15 1 27
2 16 53 5
2 18 1 11
3 2 14 14
3 4 1 7
3 5 3 14
3 6 68 1
3 7 4 6
3 8 3 26
3 9 2 2
3 11 11 1
3 12 1 23
3 15 9 3
3 16 2 21
3 17 96 2
3 24 1 20
3 25 2 4
4 0 1 23
4 1 74 24
4 2 210 1
4 3 3 7
4 5 4 23
4 6 3 19
4 7 226 1
4 8 226 13
4 9 2 8
4 10 113 2
4 11 196 3
4 12 36 8
4 16 94 2
4 17 180 1
4 18 314 1
4 19 55 2
4 21 26 9
4 25 25 3
5 0 2 14
5 2 64 1
5 3 1 21
5 4 3 13
5 6 10 15
5 7 43 1
5 8 7 28
5 9 5 8
5 10 73 3
5 11 3 4
5 12 1 1
5 13 2 17
5 14 1 19
5 16 2 15
5 21 4 9
5 24 2 5
6 1 19 25
6 2 1 21
6 3 1 5
6 4 3 23
6 5 82 25
6 7 1 15
6 8 12 4
6 9 218 1
6 10 26 16
6 11 3 7
6 13 34 1
6 14 3 16
6 15 108 1
6 16 1 17
6 18 101 1
6 25 61 4
6 27 1 9
7 0 2 3
7 1 1 28
7 2 62 1
7 3 27 24
7 5 20 2
7 6 277 1
7 8 4 17
7 9 1 16
7 10 1 25
7 11 236 1
7 12 169 1
7 14 7 3
7 15 2 12
7 17 1 2
7 19 3 18
7 21 40 24
7 23 2 10
7 25 1 8
7 26 4 16
8 0 2 8
8 1 85 10
8 2 120 1
8 3 3 6
8 4 70 1
8 5 78 1
8 6 13 24
8 7 3 28
8 9 424 1
8 10 67 28
8 11 64 1
8 11 410 29
8 12 2 3
8 13 75 2
8 16 3 22
8 17 35 12
8 21 2 29
8 24 2 28
8 27 4 3
9 0 184 1
9 1 2 22
9 2 112 1
9 4 2 5
9 5 3 10
9 7 2 12
9 8 21 1
9 10 76 1
9 11 1 19
9 12 39 1
9 15 8 1
9 16 1 19
9 17 15 1
9 18 2 20
9 19 1 24
9 20 101 1
9 24 41 1
10 1 188 1
10 3 1 4
10 5 30 24
10 6 321 1
10 7 337 1
10 8 2 17
10 9 1 1
10 11 1 10
10 12 16 4
10 14 324 1
10 16 75 8
10 17 8 15
10 18 33 2
10 21 11 1
10 24 28 21
10 25 2 14
10 27 1 4
11 0 10 20
11 1 1 14
11 3 221 1
11 4 58 4
11 5 3 7
11 6 28 11
11 7 85 1
11 8 1 8
11 9 105 1
11 10 1 24
11 14 6 17
11 15 13 1
11 23 1 10
11 24 2 1
11 25 2 19
12 0 82 5
12 2 9 5
12 4 115 1
12 5 4 23
12 7 157 5
12 8 208 1
12 10 1 5
12 11 1 19
12 13 106 1
12 14 1 22
12 15 9 5
12 18 15 25
12 20 10 5
12 23 17 6
12 24 3 5
13 5 3 5
13 6 41 1
13 7 145 19
13 10 2 17
13 11 50 1
13 15 19 5
13 25 12 16
14 0 1 2
14 1 1 10
14 4 105 3
14 6 161 3
14 8 156 1
14 11 1 22
14 12 12 1
14 13 11 16
14 15 1 20
14 16 1 21
14 20 3 20
15 0 1 26
15 6 58 4
15 7 28 2
15 9 84 7
15 10 84 1
15 11 27 1
15 14 2 21
15 22 10 4
15 24 18 5
16 0 1 18
16 1 2 7
16 3 2 10
16 4 128 1
16 5 2 10
16 7 2 6
16 8 2 18
16 17 1 23
16 18 1 20
16 20 4 12
16 23 1 28
16 24 18 5
16 26 27 21
17 0 9 21
17 1 17 20
17 2 17 1
17 5 1 7
17 6 222 1
17 8 4 14
17 9 7 23
17 10 1 5
17 14 2 16
17 16 271 1
17 18 48 1
18 0 122 1
18 4 143 1
18 6 40 1
18 7 20 5
18 8 1 9
18 10 51 1
18 15 1 10
18 16 16 27
18 17 4 5
18 25 37 7
19 2 6 29
19 4 2 1
19 6 9 5
19 8 112 6
19 9 4 23
19 11 2 20
19 13 2 8
19 17 70 4
19 20 4 2
20 0 129 1
20 1 212 2
20 2 7 6
20 3 199 1
20 4 82 1
20 5 1 20
20 6 1 11
20 7 8 2
20 8 182 3
20 9 110 1
20 10 149 3
20 16 32 15
20 19 21 13
20 25 6 1
20 26 1 7
21 7 1 13
21 9 1 24
21 17 2 6
22 0 1 16
22 2 7 1
22 4 4 8
22 7 1 27
22 11 1 27
22 14 1 16
22 20 38 3
22 24 1 29
23 10 1 23
23 11 130 2
23 12 2 12
23 15 6 2
23 16 25 13
23 24 1 29
24 0 16 18
24 1 1 6
24 3 2 18
24 5 2 3
24 6 3 8
24 7 103 2
24 8 2 21
24 9 38 1
24 10 1 7
24 11 7 15
24 15 33 1
24 16 2 27
24 26 3 13
24 27 1 13
25 7 79 1
25 9 75 8
25 15 1 7
25 20 56 1
25 22 4 1
26 8 3 8
26 16 15 16
26 27 1 10
27 1 25 7
27 2 2 13
27 5 1 28
27 7 71 1
27 11 29 26
27 15 1 9
27 18 10 2
27 26 1 23
