0 1 79 18
0 3 135 27
0 4 15 16
0 5 21 1
0 8 66 13
0 8 424 27
0 8 67 22
0 11 262 2
0 12 29 4
0 14 87 22
0 16 182 1
0 17 12 1
0 18 1 16
0 19 53 1
0 20 1 20
0 23 23 4
0 24 43 1
1 0 18 18
1 2 166 11
1 3 109 1
1 4 5 1
1 5 7 17
1 6 276 1
1 7 1 14
1 8 6 1
1 9 57 15
1 10 265 1
1 11 16 2
1 16 56 14
1 17 2 23
1 18 2 7
1 19 1 21
1 22 1 10
1 24 97 29
2 0 176 1
2 1 37 1
2 3 19 1
2 4 95 1
2 5 1 14
2 6 186 1
2 7 269 1
2 8 169 1
2 11 1 1
2 15 6 8
2 16 48 4
2 18 1 20
2 20 2 7
2 25 4 2
3 0 19 27
3 1 6 2
3 2 3 15
3 5 69 1
3 6 33 2
3 7 16 18
3 10 7 23
3 13 2 1
3 15 5 1
3 16 25 1
3 17 73 2
3 20 128 11
3 21 17 25
3 24 131 12
4 2 186 1
4 3 1 8
4 5 262 1
4 7 200 1
4 8 272 11
4 9 109 13
4 10 75 2
4 18 244 1
4 19 43 5
4 21 23 2
4 23 1 22
4 24 71 1
5 0 32 4
5 1 133 1
5 2 51 1
5 3 89 1
5 4 1 7
5 6 29 24
5 8 19 17
5 9 42 13
5 10 1 15
5 11 1 22
5 12 5 2
5 16 77 1
5 17 4 1
5 24 27 1
6 0 2 5
6 2 5 21
6 4 3 8
6 5 199 1
6 7 1 16
6 8 35 14
6 9 146 1
6 10 3 29
6 11 40 9
6 12 1 9
6 13 24 1
6 14 1 27
6 15 96 1
6 16 27 27
6 17 12 1
6 18 78 2
6 20 27 29
6 27 1 15
7 0 3 23
7 1 1 1
7 2 16 2
7 3 5 11
7 5 3 1
7 6 174 1
7 8 145 24
7 9 1 11
7 10 1 29
7 11 171 1
7 13 1 26
7 15 13 1
7 19 1 29
7 22 1 7
7 24 1 27
7 25 1 12
8 0 151 24
8 1 62 5
8 2 125 1
8 3 225 1
8 4 23 2
8 5 18 1
8 6 291 14
8 7 3 24
8 9 376 1
8 10 27 1
8 12 240 3
8 13 54 1
8 16 3 22
8 17 231 21
8 24 21 1
8 27 1 1
9 0 174 1
9 1 2 23
9 2 95 1
9 4 5 8
9 5 230 1
9 6 165 1
9 7 23 3
9 8 167 1
9 10 234 1
9 12 2 1
9 13 56 2
9 14 1 19
9 16 8 18
9 17 7 3
9 18 37 15
9 20 94 3
9 21 40 5
9 26 1 20
9 27 42 16
10 2 144 1
10 3 1 19
10 4 1 18
10 5 1 27
10 6 131 1
10 7 278 1
10 8 109 24
10 9 9 18
10 11 25 1
10 14 160 1
10 16 68 8
10 17 1 7
10 25 2 23
11 1 1 26
11 2 5 6
11 3 162 1
11 6 57 23
11 7 7 11
11 8 305 1
11 9 67 1
11 10 2 29
11 12 9 14
11 13 1 5
11 14 4 21
11 15 104 1
11 18 9 22
11 21 1 6
11 23 9 11
11 24 43 1
11 25 394 13
11 27 189 1
12 3 88 1
12 8 183 1
12 10 30 9
12 11 21 22
12 13 63 2
12 14 2 16
12 15 4 1
12 21 86 3
12 22 3 29
12 24 1 20
13 7 154 1
13 9 87 1
13 10 168 27
13 11 27 1
13 12 2 6
13 15 3 2
14 1 1 12
14 4 97 7
14 5 1 7
14 9 138 25
14 10 16 15
14 11 1 23
14 12 2 6
14 25 27 2
15 7 2 1
15 8 30 2
15 10 39 1
15 11 141 1
15 14 43 22
15 18 3 11
15 23 1 27
16 0 39 9
16 1 25 1
16 3 40 1
16 4 107 1
16 5 94 14
16 6 88 8
16 8 46 3
16 9 1 3
16 17 1 3
16 18 88 9
16 21 16 1
16 24 23 18
17 2 3 2
17 4 1 6
17 5 3 2
17 6 187 1
17 7 2 9
17 8 1 13
17 9 1 12
17 11 13 20
17 12 3 9
17 13 3 24
17 15 32 1
17 16 201 1
17 23 1 29
17 24 1 6
17 25 57 2
17 26 1 9
18 1 1 11
18 4 70 1
18 7 13 2
18 16 33 4
18 17 1 11
18 25 37 7
19 0 19 25
19 1 2 13
19 2 1 22
19 4 1 6
19 5 1 23
19 6 11 29
19 9 1 15
19 16 30 2
19 17 61 1
19 20 3 24
19 22 4 14
19 25 13 5
20 0 85 1
20 1 1 1
20 3 181 1
20 4 69 1
20 5 1 10
20 6 1 8
20 7 1 15
20 8 162 2
20 10 137 3
20 11 21 1
20 15 1 23
20 19 3 2
20 22 1 26
20 24 60 14
20 25 2 4
20 27 37 1
21 4 58 16
21 5 24 1
21 7 1 4
22 6 1 26
22 10 2 20
22 12 6 2
22 16 19 12
22 20 35 4
22 23 2 6
22 24 1 29
22 25 11 7
22 27 3 12
23 4 26 3
23 7 79 3
23 8 3 12
23 10 19 19
23 11 93 1
23 24 12 7
23 25 9 1
24 0 202 1
24 1 11 23
24 3 64 19
24 5 123 21
24 7 68 1
24 8 26 1
24 9 30 3
24 11 2 1
24 16 43 12
24 17 1 4
24 22 3 17
24 27 34 1
25 1 1 27
25 2 1 4
25 9 68 1
25 10 1 13
25 11 15 22
25 15 10 17
25 16 3 1
25 23 1 22
25 26 1 2
25 27 1 26
26 6 38 10
26 7 105 1
26 8 13 1
26 11 1 22
26 24 8 2
26 27 74 24
27 10 2 13
27 20 61 3
27 26 56 2
