0 1 30 13
0 3 1 27
0 4 2 9
0 5 14 27
0 6 11 29
0 8 127 1
0 9 1 2
0 10 1 6
0 15 88 13
0 16 167 1
0 17 11 1
0 18 7 8
0 19 50 1
0 20 1 27
0 21 9 2
0 24 1 1
0 27 54 11
1 0 46 13
1 2 7 18
1 3 28 8
1 4 4 1
1 5 27 1
1 6 266 1
1 7 1 6
1 8 77 28
1 9 1 8
1 10 263 1
1 11 2 18
1 12 1 24
1 16 25 15
1 17 6 5
1 19 151 2
1 24 183 1
1 27 4 3
2 0 173 1
2 1 28 1
2 3 13 1
2 4 93 1
2 6 182 1
2 7 266 1
2 8 166 1
2 9 84 1
2 10 7 13
2 12 86 2
2 13 1 22
2 21 15 25
2 27 1 24
3 0 85 1
3 1 49 14
3 2 5 17
3 5 15 23
3 6 31 1
3 7 3 6
3 8 6 1
3 15 4 14
3 16 11 24
3 17 72 1
3 22 1 22
3 23 20 5
3 24 27 28
4 2 184 2
4 3 1 26
4 5 135 1
4 6 40 2
4 7 199 1
4 8 3 17
4 9 1 13
4 10 73 2
4 16 72 1
4 18 239 1
4 23 2 23
5 0 28 24
5 1 46 14
5 3 188 14
5 4 1 21
5 6 86 29
5 7 15 1
5 8 169 22
5 9 6 11
5 10 8 11
5 12 4 1
5 15 1 22
5 16 18 1
5 17 13 28
5 24 39 1
6 0 1 3
6 2 1 12
6 3 1 10
6 4 2 6
6 5 151 6
6 7 2 1
6 8 19 11
6 9 136 13
6 10 5 11
6 11 19 13
6 14 1 23
6 15 96 2
6 18 77 1
6 20 38 23
6 22 1 22
6 25 49 1
7 0 1 7
7 3 2 17
7 6 169 1
7 8 1 9
7 9 34 26
7 10 1 5
7 11 142 19
7 12 159 1
7 13 9 28
7 15 10 1
7 17 1 21
7 19 3 4
7 21 1 22
7 24 1 13
7 25 57 21
7 26 1 25
8 0 199 1
8 1 5 1
8 2 448 5
8 3 216 1
8 4 21 2
8 5 2 10
8 6 410 1
8 7 10 23
8 9 371 1
8 10 17 9
8 11 4 6
8 12 240 1
8 13 53 1
8 14 2 13
8 16 6 15
8 17 35 16
8 20 157 23
8 24 5 17
8 26 2 11
9 0 173 5
9 1 1 11
9 2 94 3
9 3 3 27
9 4 1 10
9 5 218 1
9 6 159 1
9 7 23 2
9 8 162 1
9 10 224 1
9 17 7 1
9 18 2 1
9 20 93 3
9 26 1 5
10 1 141 1
10 2 141 1
10 3 1 4
10 4 1 9
10 5 5 29
10 6 123 28
10 7 273 1
10 8 440 1
10 9 2 18
10 11 2 4
10 12 7 1
10 13 12 4
10 14 152 1
10 18 22 1
10 19 49 1
10 20 4 14
10 23 142 3
10 27 3 14
11 0 6 3
11 1 55 15
11 3 158 1
11 4 41 2
11 5 17 25
11 7 4 11
11 8 301 1
11 9 66 1
11 10 2 27
11 12 1 10
11 15 94 1
11 18 1 27
11 21 1 8
11 22 1 14
11 23 2 18
11 24 40 1
11 25 1 20
11 27 188 2
12 2 4 12
12 4 88 1
12 5 3 24
12 6 6 18
12 7 145 1
12 10 1 25
12 11 1 29
12 13 61 1
12 19 2 11
12 21 85 5
12 22 17 6
12 27 20 14
13 4 2 10
13 6 28 5
13 10 59 29
13 12 1 6
13 14 1 5
14 3 19 1
14 6 144 1
14 8 105 1
14 10 11 12
14 11 1 22
14 13 1 19
14 15 30 1
14 17 80 10
14 23 29 1
14 25 26 2
15 3 1 14
15 8 29 3
15 10 37 1
15 11 132 1
15 13 2 1
15 14 1 10
15 17 76 7
15 20 1 10
15 22 8 2
15 23 1 24
16 0 151 1
16 1 18 3
16 3 29 1
16 4 106 1
16 5 13 24
16 6 3 28
16 8 66 1
16 9 1 1
16 11 26 1
16 20 6 19
16 23 3 13
16 24 129 27
17 0 11 2
17 3 163 4
17 6 185 1
17 8 7 15
17 11 1 12
17 14 5 5
17 16 197 1
17 18 30 3
17 22 1 18
17 26 2 5
18 0 110 1
18 1 8 15
18 2 11 13
18 3 4 4
18 4 66 1
18 6 22 2
18 12 35 20
18 13 18 6
18 17 16 24
18 20 60 3
18 24 1 21
19 0 2 6
19 1 2 19
19 9 1 28
19 10 60 1
19 11 1 18
19 18 1 5
19 20 3 3
20 0 83 1
20 1 1 1
20 2 28 8
20 3 180 1
20 4 68 2
20 8 161 1
20 10 137 1
20 11 20 2
20 17 1 24
20 19 10 22
20 23 1 7
20 24 1 4
20 25 63 3
20 27 36 1
21 8 1 28
21 9 1 4
21 10 1 1
21 12 38 2
22 3 3 17
22 6 5 20
22 7 13 18
22 10 38 23
22 11 1 16
22 12 6 1
22 14 2 25
23 4 25 8
23 7 78 1
23 8 1 29
23 10 1 24
23 11 91 1
23 12 1 12
23 20 4 22
23 22 8 5
23 26 4 25
24 0 194 5
24 1 16 7
24 3 18 9
24 4 1 21
24 5 86 1
24 8 16 1
24 9 30 2
24 11 25 9
24 16 19 8
24 17 61 15
25 6 1 1
25 7 34 1
25 8 1 13
25 10 2 27
25 11 10 2
25 20 51 6
25 27 1 24
26 10 47 1
26 11 80 28
26 27 1 11
27 4 35 11
27 20 61 25
27 22 7 14
27 26 54 1
