0 1 238 1
0 2 1 8
0 3 182 1
0 4 89 20
0 5 116 1
0 6 1 7
0 7 2 1
0 8 143 4
0 9 2 23
0 10 229 3
0 12 27 6
0 16 96 1
0 17 8 5
0 18 3 8
0 19 41 1
0 20 6 2
0 23 22 4
0 24 127 1
1 0 231 1
1 2 2 15
1 3 305 1
1 5 375 1
1 6 236 1
1 8 18 27
1 9 5 14
1 10 257 1
1 11 1 12
1 12 1 20
1 15 1 21
1 16 123 7
1 17 1 4
1 18 19 28
1 19 148 2
1 20 2 14
1 24 76 14
1 25 12 10
2 0 164 1
2 1 28 1
2 3 2 1
2 4 86 2
2 6 171 1
2 7 256 1
2 8 156 1
2 9 81 1
2 10 1 5
2 15 22 8
2 18 67 11
3 0 261 2
3 1 9 3
3 2 3 28
3 5 142 1
3 6 27 1
3 7 3 2
3 8 202 1
3 10 2 19
3 16 185 1
3 17 69 1
3 20 3 9
3 23 19 10
3 24 250 1
4 1 1 4
4 5 114 1
4 6 1 8
4 7 194 2
4 8 2 3
4 9 1 5
4 12 51 28
4 14 6 13
4 16 68 3
4 17 134 1
4 18 226 1
4 21 22 2
4 24 70 1
5 0 73 1
5 1 50 5
5 2 47 3
5 3 54 19
5 4 1 18
5 6 9 7
5 7 12 1
5 8 180 1
5 9 39 2
5 10 107 12
5 11 66 19
5 12 157 1
5 14 20 8
5 15 8 22
5 16 32 1
5 17 5 26
5 18 1 8
5 19 18 28
5 21 4 18
5 24 40 1
6 0 2 11
6 1 7 17
6 2 1 19
6 3 3 8
6 4 2 23
6 5 88 1
6 7 18 23
6 8 380 2
6 9 42 1
6 10 5 5
6 11 1 5
6 12 2 13
6 13 21 2
6 14 2 8
6 15 94 1
6 20 1 23
6 23 89 1
6 26 44 2
7 0 1 9
7 2 10 1
7 3 71 12
7 4 266 1
7 5 1 8
7 6 153 1
7 8 4 7
7 9 1 23
7 10 2 12
7 11 36 21
7 12 157 2
7 15 5 1
7 16 1 25
7 17 11 25
7 18 140 5
7 24 1 11
7 25 11 8
8 0 147 1
8 1 10 21
8 2 2 3
8 3 58 1
8 4 16 1
8 5 7 14
8 6 300 1
8 7 34 1
8 9 357 1
8 10 26 1
8 11 53 20
8 11 418 2
8 12 237 1
8 13 49 2
8 14 165 22
8 16 267 1
8 18 1 3
8 19 127 5
8 21 81 17
8 24 155 25
9 0 171 4
9 1 9 29
9 2 91 2
9 4 33 22
9 5 176 1
9 6 412 1
9 7 25 15
9 8 146 1
9 10 52 1
9 14 19 26
9 19 30 26
9 22 1 1
10 1 134 1
10 2 132 1
10 3 2 17
10 4 2 8
10 5 12 19
10 6 251 1
10 7 261 1
10 8 419 1
10 9 28 16
10 11 72 11
10 12 283 1
10 13 10 2
10 14 128 1
10 15 1 13
10 18 21 1
10 25 1 4
10 27 3 20
11 0 175 6
11 3 149 1
11 4 38 3
11 5 3 20
11 6 1 21
11 7 5 16
11 8 387 1
11 9 60 1
11 10 2 3
11 13 1 1
11 15 66 1
11 17 3 1
11 22 17 16
11 24 31 1
11 26 1 23
11 27 185 1
12 0 70 3
12 4 84 3
12 6 1 18
12 8 177 2
12 10 15 8
12 11 2 25
12 14 2 12
12 16 77 11
12 21 84 1
12 25 2 26
13 0 11 1
13 9 84 3
13 11 22 3
13 12 1 27
13 14 2 3
13 16 1 1
13 25 10 23
14 1 1 25
14 4 96 1
14 8 97 2
14 9 13 2
14 10 8 25
14 11 2 9
14 15 10 1
14 22 11 27
14 23 4 20
15 1 104 1
15 2 29 5
15 4 37 1
15 8 26 3
15 10 31 2
15 11 148 1
15 14 1 14
15 20 1 10
15 25 5 14
16 0 46 1
16 1 120 1
16 3 16 1
16 4 102 1
16 5 63 1
16 8 108 19
16 9 6 10
16 11 1 1
16 12 18 15
16 14 1 26
16 15 29 25
16 17 1 12
16 18 1 8
16 24 209 1
17 1 30 1
17 6 179 2
17 7 4 3
17 8 4 2
17 9 2 18
17 10 1 20
17 11 92 17
17 12 1 27
17 15 31 1
17 16 184 1
17 18 28 2
17 24 4 7
17 25 56 1
18 0 109 1
18 1 1 22
18 4 56 1
18 5 88 2
18 10 36 1
18 12 1 8
18 13 18 1
18 14 2 6
18 16 5 18
18 20 59 2
18 22 8 6
18 25 1 10
19 0 1 5
19 1 3 17
19 3 7 3
19 7 53 11
19 9 41 18
19 11 2 12
19 20 2 3
20 0 76 1
20 1 208 1
20 2 12 7
20 3 175 1
20 4 66 3
20 7 2 10
20 9 103 1
20 12 4 19
20 19 6 20
20 21 2 29
20 23 7 1
20 26 3 27
21 2 12 12
21 6 2 3
21 8 1 7
21 12 36 4
21 15 14 4
21 17 1 7
21 27 1 17
22 1 1 16
22 2 6 2
22 6 2 8
22 8 114 2
22 9 1 6
22 16 19 19
22 23 1 8
22 24 4 9
22 27 3 21
23 6 2 12
23 7 75 1
23 8 3 22
23 11 85 1
23 12 1 10
23 14 29 3
23 15 24 4
23 16 25 1
23 17 20 1
23 19 5 18
23 24 4 9
24 0 143 1
24 1 28 1
24 3 86 1
24 5 165 1
24 7 61 1
24 8 59 5
24 10 11 1
24 11 29 3
24 15 26 3
24 16 44 1
24 17 5 28
24 22 15 6
24 26 56 25
25 0 60 5
25 6 55 8
25 7 28 1
25 9 66 3
25 10 2 1
25 11 5 3
25 24 33 3
25 26 1 29
25 27 3 25
26 0 61 24
26 3 30 29
26 8 24 5
26 10 45 4
26 14 9 11
26 20 27 1
26 21 3 10
26 24 7 2
27 6 3 2
27 10 61 23
27 11 1 1
27 15 1 16
27 26 49 1
