0 1 84 1
0 2 1 29
0 3 89 1
0 4 2 21
0 5 18 1
0 6 1 16
0 7 339 1
0 8 46 1
0 16 114 5
0 17 4 5
0 18 2 17
0 20 1 22
0 24 209 1
1 0 122 1
1 2 1 24
1 3 184 1
1 4 1 6
1 5 6 25
1 6 176 1
1 7 2 6
1 8 62 1
1 10 244 1
1 11 2 2
1 12 1 16
1 13 1 6
1 14 1 22
1 15 7 7
1 16 151 1
1 17 1 3
1 18 1 19
1 20 3 29
1 24 52 1
1 26 5 16
2 0 145 1
2 1 3 1
2 3 1 2
2 4 73 1
2 5 1 21
2 6 146 1
2 7 233 1
2 8 145 1
2 9 74 2
2 10 174 21
2 11 1 21
2 17 1 5
2 18 1 26
2 24 33 2
3 0 316 1
3 1 156 1
3 2 3 2
3 4 23 22
3 5 19 1
3 6 18 2
3 7 3 23
3 8 22 1
3 10 2 7
3 14 42 4
3 16 54 1
3 17 61 1
3 18 3 6
3 24 12 24
4 0 58 3
4 1 209 1
4 5 220 1
4 6 8 1
4 7 184 1
4 8 23 7
4 9 3 6
4 10 56 1
4 12 16 28
4 13 1 5
4 16 61 2
4 17 121 1
4 18 199 1
4 21 20 13
5 0 19 7
5 1 137 1
5 2 42 2
5 3 46 1
5 4 4 26
5 7 6 2
5 8 154 1
5 9 114 11
5 10 109 6
5 11 66 22
5 12 149 1
5 14 1 3
5 16 124 1
5 17 15 8
5 19 1 19
5 21 1 5
5 24 138 1
5 26 4 5
6 0 3 28
6 1 3 1
6 2 2 19
6 3 2 1
6 4 2 7
6 5 42 1
6 7 2 6
6 8 260 17
6 9 87 1
6 10 3 1
6 11 3 8
6 12 2 16
6 14 1 6
6 18 66 2
6 20 68 16
6 24 5 5
6 25 43 1
7 0 2 16
7 4 261 1
7 6 122 1
7 8 1 6
7 9 2 21
7 10 3 22
7 11 129 1
7 13 13 26
7 15 228 1
7 21 1 9
7 23 1 7
7 24 1 3
7 25 1 11
7 26 41 12
7 27 154 3
8 0 61 1
8 1 286 2
8 2 212 1
8 3 214 12
8 5 21 1
8 6 164 1
8 7 4 3
8 9 329 1
8 11 2 23
8 13 43 1
8 14 15 6
8 16 48 1
8 24 161 1
8 27 1 7
9 1 4 1
9 4 91 25
9 5 154 1
9 6 384 1
9 7 2 2
9 8 115 1
9 10 230 1
9 11 1 27
9 13 49 2
9 14 8 23
10 0 224 1
10 2 113 1
10 3 1 24
10 4 1 7
10 5 13 16
10 6 121 1
10 7 235 1
10 8 388 1
10 9 9 21
10 11 24 16
10 13 243 3
10 14 82 1
10 15 4 7
10 16 65 1
10 19 45 1
10 20 6 6
10 24 117 4
11 0 8 17
11 1 1 12
11 3 128 1
11 4 33 3
11 7 21 23
11 8 360 1
11 9 49 2
11 10 24 5
11 12 1 25
11 15 22 1
11 19 111 2
11 22 1 7
11 24 259 1
11 25 1 2
12 0 67 2
12 4 76 1
12 5 1 24
12 6 2 15
12 8 168 1
12 9 1 16
12 10 18 11
12 14 1 1
12 15 1 19
12 19 50 9
12 22 1 2
12 25 34 19
13 7 150 2
13 11 16 3
13 12 39 4
13 14 37 9
13 21 2 2
14 8 82 1
14 9 135 2
14 10 3 3
14 11 4 26
14 13 35 4
14 15 17 1
14 17 79 4
14 27 1 2
15 6 38 1
15 9 5 16
15 10 21 1
15 11 69 1
15 19 4 15
15 20 1 20
15 24 10 1
16 0 80 1
16 1 30 1
16 3 40 14
16 5 115 1
16 6 3 27
16 7 58 5
16 8 93 1
16 9 1 29
16 11 1 25
16 19 11 2
16 24 99 1
17 1 24 2
17 3 156 1
17 4 1 11
17 6 167 1
17 8 1 29
17 10 4 26
17 14 42 8
17 16 159 1
17 18 23 2
17 26 2 12
18 1 1 15
18 4 38 1
18 5 84 1
18 6 16 1
18 12 6 10
18 14 2 18
18 16 4 15
18 17 1 11
18 21 14 17
18 24 24 18
19 0 1 29
19 2 1 28
19 5 1 21
19 7 1 18
19 8 98 1
19 9 1 11
19 16 32 7
19 17 55 5
19 18 9 19
19 20 2 20
19 22 4 14
20 0 63 2
20 2 1 17
20 3 165 2
20 6 3 14
20 7 2 29
20 8 151 1
20 11 15 1
20 12 4 29
20 15 2 1
20 19 3 26
20 23 1 28
20 24 1 19
21 6 1 2
21 8 82 23
21 15 14 1
21 26 1 19
22 3 1 27
22 6 1 1
22 12 98 5
22 13 4 11
22 16 19 27
23 2 3 15
23 4 23 10
23 11 73 1
23 22 4 1
23 25 7 24
24 0 30 7
24 1 84 1
24 3 102 1
24 5 164 1
24 8 78 1
24 11 3 19
24 13 12 5
24 16 31 1
25 1 1 24
25 2 28 23
25 8 1 24
25 10 1 17
25 11 9 4
25 18 2 5
25 19 1 27
25 21 12 15
25 23 1 2
25 27 1 11
26 4 1 23
26 11 81 24
26 25 2 7
27 0 73 29
27 1 19 1
27 4 34 1
27 8 1 19
27 10 7 1
27 15 1 28
27 20 61 2
27 26 38 2
