0 1 36 1
0 2 83 29
0 3 35 1
0 4 3 6
0 5 3 10
0 6 7 25
0 8 356 1
0 10 228 1
0 11 249 2
0 13 60 5
0 16 102 1
0 17 3 6
0 18 6 20
0 19 22 1
0 20 3 15
0 24 142 1
1 0 207 1
1 2 142 27
1 3 107 1
1 4 1 4
1 5 216 22
1 6 161 1
1 7 7 13
1 8 18 1
1 9 7 29
1 10 241 1
1 11 1 15
1 12 4 18
1 15 7 18
1 16 85 1
1 17 33 5
1 24 31 1
1 25 10 3
2 0 140 1
2 1 2 1
2 3 5 21
2 4 70 1
2 6 139 1
2 7 227 1
2 8 133 8
2 9 72 2
2 10 18 1
2 11 1 24
2 14 1 25
2 15 28 11
2 17 1 13
3 0 237 1
3 1 89 1
3 2 28 1
3 4 1 25
3 5 20 9
3 6 16 2
3 7 3 22
3 8 305 1
3 12 1 10
3 13 1 2
3 14 41 2
3 16 109 1
3 17 59 2
3 20 8 12
3 22 1 24
3 24 45 1
3 25 1 28
4 0 1 24
4 2 168 1
4 3 1 11
4 5 94 1
4 6 205 1
4 7 182 1
4 8 1 21
4 9 5 16
4 11 171 1
4 12 1 28
4 13 1 22
4 17 117 1
4 18 191 1
4 19 36 5
4 25 16 8
4 26 1 27
5 0 24 2
5 1 114 1
5 3 84 6
5 6 159 1
5 8 250 17
5 9 5 9
5 11 4 12
5 12 147 1
5 14 3 10
5 15 1 14
5 16 76 1
5 21 1 8
5 24 22 8
5 26 4 2
6 1 12 1
6 2 6 4
6 3 10 2
6 4 2 9
6 5 40 1
6 7 29 19
6 8 60 15
6 9 73 8
6 10 3 17
6 11 1 13
6 12 15 10
6 13 17 5
6 14 71 22
6 15 88 1
6 18 64 1
6 19 4 18
6 20 3 18
6 24 5 28
6 25 42 1
6 27 5 28
7 0 33 13
7 1 7 1
7 3 3 26
7 6 114 1
7 8 1 10
7 9 6 24
7 10 1 18
7 11 97 2
7 13 1 23
7 15 226 1
7 24 2 24
7 25 6 2
8 0 102 1
8 1 199 1
8 2 201 1
8 3 9 22
8 4 6 1
8 5 99 1
8 6 73 1
8 7 22 24
8 9 320 1
8 12 230 2
8 16 180 2
8 18 43 23
8 19 125 4
8 20 18 19
8 23 3 6
8 24 94 7
8 26 2 26
9 0 165 1
9 1 23 10
9 2 83 3
9 4 2 23
9 5 126 1
9 6 369 1
9 7 35 17
9 8 107 1
9 10 209 1
9 11 1 20
9 13 48 1
9 14 12 20
9 16 20 12
9 17 3 7
9 21 37 1
9 24 29 1
9 27 3 1
10 1 116 1
10 2 108 1
10 3 1 21
10 4 20 29
10 5 5 8
10 6 108 1
10 7 228 1
10 8 319 1
10 9 4 10
10 11 3 11
10 12 1 14
10 14 71 1
10 15 1 5
10 20 1 5
10 23 135 1
10 25 1 9
10 26 94 10
10 27 1 17
11 0 176 8
11 3 123 1
11 6 2 18
11 7 16 5
11 8 353 1
11 9 46 2
11 10 35 7
11 15 14 1
11 18 1 22
11 21 1 19
11 24 18 1
12 1 1 6
12 2 3 1
12 4 74 2
12 6 2 29
12 7 138 1
12 8 165 1
12 9 1 22
12 10 2 13
12 11 1 10
12 13 39 1
12 14 1 27
12 16 2 9
13 0 9 5
13 10 61 1
13 12 12 7
13 14 8 15
13 17 58 15
13 19 1 9
14 3 16 3
14 8 78 1
14 10 5 6
14 11 1 10
14 15 13 1
14 20 1 9
15 1 102 13
15 6 36 2
15 7 1 8
15 8 20 1
15 10 18 2
15 11 49 1
15 14 5 29
15 25 1 3
16 0 143 1
16 1 37 1
16 2 1 12
16 3 73 1
16 4 93 2
16 5 48 1
16 7 59 16
16 8 170 1
16 9 4 6
16 12 8 22
16 14 1 10
16 18 12 6
16 24 92 1
17 0 270 1
17 1 14 1
17 4 1 9
17 6 163 2
17 7 1 4
17 8 2 12
17 9 19 22
17 10 1 8
17 11 1 23
17 12 64 29
17 13 1 12
17 15 29 3
17 16 152 1
17 18 22 1
17 23 1 10
17 24 2 20
17 26 39 20
18 0 104 1
18 4 33 1
18 5 82 1
18 6 14 1
18 7 9 5
18 10 32 1
18 11 103 23
18 12 2 21
18 16 254 5
18 17 107 6
18 22 1 25
18 24 1 25
18 27 4 7
19 0 12 29
19 1 14 17
19 7 2 10
19 8 97 1
19 12 3 21
19 16 6 15
19 17 54 3
19 20 5 5
19 26 11 16
20 0 60 1
20 2 1 28
20 3 162 1
20 6 2 23
20 7 1 27
20 10 129 3
20 15 6 12
20 19 3 23
20 24 2 13
20 25 1 26
20 27 34 13
21 4 56 11
21 9 1 23
21 11 1 16
22 0 2 21
22 7 1 26
22 10 3 29
22 12 98 4
22 13 1 7
22 20 34 13
22 25 11 10
23 0 59 1
23 1 74 26
23 10 20 16
23 12 1 27
23 22 3 6
24 0 68 1
24 1 16 7
24 3 117 1
24 5 96 1
24 7 48 1
24 8 30 1
24 9 26 1
24 11 2 27
24 13 12 11
24 16 17 1
24 22 6 21
25 2 1 24
25 5 8 1
25 7 16 1
25 10 1 7
25 11 10 13
25 13 1 29
25 18 2 23
25 23 10 6
25 24 30 3
26 0 61 11
26 2 1 21
26 6 1 8
26 7 100 2
26 8 1 7
26 10 42 3
26 12 4 12
26 17 53 3
26 18 2 3
27 6 2 3
27 8 1 15
27 11 209 1
27 17 34 2
27 22 1 1
