0 1 429 1
0 2 1 13
0 3 49 1
0 4 1 9
0 5 24 1
0 7 1 28
0 8 274 2
0 11 2 5
0 16 38 1
0 17 137 1
0 18 2 25
0 19 272 2
0 24 12 1
1 0 1 1
1 2 122 1
1 3 32 26
1 4 341 13
1 5 14 10
1 6 4 14
1 8 22 10
1 9 3 14
1 12 2 7
1 16 11 28
1 17 201 1
1 19 2 14
1 24 6 10
2 0 1 6
2 1 8 17
2 3 2 1
2 4 226 2
2 6 3 25
2 7 1 22
2 8 5 8
2 9 138 1
2 10 2 3
2 11 55 1
2 17 42 2
2 18 1 21
2 19 10 9
2 20 58 2
3 0 18 1
3 1 434 23
3 2 337 1
3 4 2 18
3 5 32 20
3 7 131 1
3 8 33 1
3 11 147 1
3 13 8 8
3 15 28 3
3 16 12 1
3 19 1 20
3 20 1 26
3 24 14 8
4 0 1 27
4 1 2 15
4 2 4 7
4 3 1 9
4 5 3 12
4 6 143 24
4 8 7 3
4 9 3 4
4 18 2 15
4 19 87 2
5 0 59 1
5 1 1 1
5 3 26 27
5 6 353 19
5 7 160 2
5 8 206 1
5 9 398 1
5 10 2 17
5 12 1 24
5 14 1 6
5 16 328 1
5 18 45 1
5 24 46 27
6 0 50 1
6 1 14 26
6 2 83 1
6 5 36 1
6 7 60 1
6 8 6 6
6 9 7 20
6 10 33 1
6 14 1 11
6 17 255 17
6 20 1 26
6 22 18 1
7 0 1 1
7 1 1 19
7 2 264 1
7 5 126 1
7 6 68 2
7 8 2 7
7 10 2 22
7 11 8 16
7 13 1 7
7 14 77 2
7 15 5 23
7 20 50 2
7 23 2 13
7 24 2 1
8 0 25 18
8 1 16 1
8 2 4 13
8 3 28 26
8 4 281 1
8 6 122 5
8 7 347 1
8 9 1 25
8 10 372 6
8 11 1 10
8 14 5 17
8 15 34 1
8 16 29 1
8 17 1 21
8 18 126 23
8 24 51 13
8 25 41 1
8 26 1 18
9 1 6 4
9 3 104 15
9 5 10 1
9 6 115 26
9 8 112 1
9 10 4 1
9 12 302 1
9 13 96 5
9 15 39 2
9 16 2 23
9 18 1 9
9 20 116 3
9 23 73 25
9 24 62 2
10 0 229 11
10 6 4 3
10 8 4 15
10 9 326 1
10 11 109 1
10 12 2 20
10 13 3 27
10 14 5 17
10 15 100 2
10 17 1 28
10 19 79 1
10 24 2 14
10 26 107 1
11 2 105 2
11 4 114 2
11 5 2 20
11 6 2 28
11 7 410 3
11 8 1 25
11 9 224 2
11 10 119 1
11 13 43 1
11 14 1 1
11 15 4 24
11 17 33 6
11 18 2 21
11 23 3 10
11 24 7 5
11 25 2 15
11 26 47 20
11 27 1 19
12 2 27 4
12 6 16 1
12 9 257 1
12 10 3 4
12 11 1 17
12 15 37 2
12 18 1 28
12 23 40 1
13 0 27 1
13 1 83 28
13 4 1 12
13 8 1 19
13 10 4 3
13 14 46 2
14 2 15 1
14 3 38 1
14 6 1 2
14 7 63 2
14 9 1 28
14 10 302 1
14 11 90 1
14 12 64 2
14 15 3 8
14 24 14 12
15 3 7 1
15 6 97 3
15 7 211 1
15 10 234 1
15 11 17 23
15 13 20 12
15 14 35 1
15 19 7 13
15 20 55 15
15 24 34 6
16 0 9 1
16 1 16 1
16 2 1 6
16 3 13 1
16 5 396 15
16 6 1 21
16 8 15 1
16 17 6 3
16 18 28 5
16 19 22 9
16 24 53 1
17 0 1 11
17 1 2 11
17 2 92 2
17 4 50 2
17 5 1 10
17 8 1 15
17 12 1 20
17 16 1 29
17 22 1 23
17 25 70 4
17 26 1 5
18 1 1 29
18 2 1 13
18 4 349 1
18 10 88 3
18 16 1 4
19 0 43 1
19 1 2 2
19 6 1 19
19 7 34 26
19 10 88 1
19 20 363 1
19 25 14 9
20 0 254 1
20 1 2 12
20 2 29 29
20 3 2 29
20 4 118 1
20 5 1 28
20 6 1 26
20 10 176 1
20 11 80 1
20 17 3 5
20 19 188 1
20 26 1 1
21 12 88 2
21 13 5 2
21 18 16 3
21 20 3 16
22 3 7 18
22 10 1 19
22 11 1 21
22 12 1 18
23 7 151 2
23 22 16 1
24 0 11 11
24 1 2 12
24 3 16 1
24 5 28 1
24 7 202 1
24 8 14 3
24 9 59 7
24 16 86 9
24 20 7 1
24 22 1 24
24 23 1 20
24 26 1 9
25 7 233 1
25 8 15 5
25 11 279 1
25 15 1 11
25 17 10 8
25 18 1 6
25 20 69 1
25 27 26 1
26 0 61 19
26 1 4 2
26 5 4 2
26 14 16 1
26 24 39 7
26 27 1 25
27 1 40 2
27 7 122 1
27 18 14 2
27 19 6 29
27 26 1 9
