0 1 4 16
0 2 154 2
0 4 23 6
0 6 8 1
0 7 29 2
0 15 87 19
0 16 15 16
0 19 13 1
0 20 4 26
0 21 7 5
1 0 68 1
1 2 9 4
1 3 4 1
1 4 2 9
1 5 5 15
1 6 119 1
1 7 1 21
1 10 230 1
1 11 2 27
1 12 1 23
1 16 31 9
1 17 1 20
1 18 1 5
1 19 135 1
1 27 3 4
2 0 124 1
2 3 6 27
2 4 60 1
2 5 1 16
2 6 120 1
2 7 208 1
2 8 51 1
2 9 67 3
2 10 2 16
2 17 1 12
3 0 17 1
3 2 114 26
3 4 1 27
3 7 9 10
3 8 1 1
3 11 1 27
3 14 40 11
3 17 54 1
3 20 130 3
3 21 16 21
3 24 5 26
3 25 1 1
4 0 269 1
4 1 194 4
4 2 158 1
4 3 1 1
4 5 53 1
4 6 301 1
4 7 174 1
4 8 27 23
4 9 4 28
4 10 45 1
4 12 2 26
4 16 54 1
4 17 107 1
4 18 169 1
4 19 33 4
4 20 1 27
5 1 12 10
5 4 16 2
5 6 147 15
5 8 2 26
5 9 3 21
5 10 1 25
5 11 3 5
5 12 142 2
5 14 7 26
5 20 83 4
5 24 26 7
6 0 1 29
6 1 9 1
6 2 21 26
6 4 2 23
6 5 11 1
6 7 2 14
6 8 128 3
6 9 54 1
6 10 4 7
6 11 1 13
6 12 3 12
6 16 6 4
6 17 259 1
6 19 1 17
6 27 1 24
7 0 4 20
7 3 4 23
7 6 92 1
7 8 136 13
7 10 1 18
7 11 96 1
7 15 210 1
7 17 1 27
7 18 138 1
7 24 1 18
7 26 14 6
8 0 1 24
8 1 388 11
8 2 162 1
8 3 27 4
8 5 3 2
8 6 278 1
8 7 8 8
8 9 295 1
8 10 1 22
8 11 49 1
8 12 226 1
8 14 14 1
8 18 1 8
8 20 30 12
8 23 4 26
8 24 60 18
8 27 3 21
9 0 161 1
9 1 13 13
9 2 78 1
9 3 2 1
9 4 7 22
9 5 95 1
9 6 322 1
9 7 5 8
9 8 85 1
9 10 73 21
9 11 9 9
9 12 1 14
9 14 2 14
9 18 1 20
9 25 2 26
10 1 105 1
10 2 93 2
10 3 10 26
10 4 5 17
10 5 75 16
10 6 76 29
10 7 207 1
10 8 14 1
10 9 47 6
10 11 6 23
10 13 238 1
10 14 43 1
10 16 62 4
10 23 131 2
10 25 4 14
11 3 107 1
11 5 2 24
11 6 17 1
11 7 42 16
11 8 330 1
11 9 39 1
11 10 2 23
11 17 1 2
11 19 110 1
11 22 13 10
11 23 205 25
11 24 240 1
11 25 32 1
11 26 2 20
12 0 63 3
12 4 68 1
12 5 3 10
12 6 1 1
12 7 134 3
12 9 4 7
12 11 21 16
12 13 30 1
12 14 3 2
12 20 5 4
12 21 75 1
12 22 26 11
12 26 1 1
13 7 148 2
13 14 14 5
13 17 58 7
13 27 2 3
14 3 14 4
14 4 89 2
14 8 66 1
14 9 9 1
14 10 6 24
14 11 4 28
14 13 24 1
14 15 10 1
14 16 2 4
14 17 78 1
14 18 36 2
15 5 1 20
15 10 11 3
15 11 89 1
15 14 1 15
15 20 65 20
15 22 6 2
15 23 16 8
15 25 3 16
16 0 67 6
16 3 18 16
16 4 87 2
16 6 2 12
16 7 2 1
16 10 1 18
16 11 1 7
16 17 319 1
16 23 4 14
17 0 11 1
17 1 418 1
17 3 150 2
17 5 2 23
17 6 153 1
17 9 7 11
17 10 2 24
17 14 1 24
17 15 27 7
17 16 132 1
17 18 18 1
18 4 22 1
18 5 79 1
18 6 11 1
18 14 45 14
18 16 4 1
18 17 1 14
18 20 55 2
18 21 14 16
19 0 11 12
19 1 2 13
19 2 1 8
19 3 3 3
19 4 1 17
19 5 1 12
19 11 1 7
19 16 6 5
19 20 5 27
20 0 50 2
20 5 6 27
20 7 4 13
20 8 143 1
20 10 125 1
20 12 3 16
20 19 13 5
20 23 3 9
20 27 34 1
21 1 29 7
21 8 1 9
21 15 13 12
22 0 1 7
22 6 5 9
22 8 108 2
22 10 45 6
22 12 2 1
22 13 4 12
23 3 26 7
23 6 1 5
23 12 43 2
23 15 1 1
23 17 18 1
23 20 1 27
24 1 3 22
24 7 41 1
24 9 24 1
24 11 2 27
24 17 1 4
24 18 20 27
25 0 54 1
25 1 35 24
25 2 1 6
25 3 9 3
25 6 1 7
25 7 9 2
25 8 1 24
25 10 3 11
25 11 6 19
25 15 24 6
25 20 46 8
25 26 3 6
25 27 3 18
26 3 1 22
26 7 98 1
26 8 2 5
26 10 41 1
26 11 2 19
26 25 6 2
27 8 2 20
27 10 5 6
27 26 28 1
