0 1 2 8
0 2 158 1
0 3 70 5
0 4 3 10
0 5 4 1
0 6 5 27
0 8 20 19
0 11 216 1
0 14 84 1
0 16 10 1
0 20 8 4
0 24 4 20
1 0 8 2
1 2 196 1
1 3 72 1
1 4 3 8
1 5 39 20
1 6 13 1
1 7 1 17
1 8 26 1
1 9 27 10
1 10 186 2
1 11 4 8
1 15 1 12
1 16 9 22
1 17 4 18
1 24 123 1
1 26 11 24
2 0 68 1
2 1 28 20
2 3 4 22
2 4 27 1
2 5 62 29
2 6 54 1
2 7 132 1
2 8 28 1
2 10 2 24
2 11 6 10
2 16 37 1
2 17 13 16
2 23 11 17
3 0 78 26
3 1 124 1
3 2 33 1
3 4 1 9
3 5 80 18
3 7 1 3
3 8 33 1
3 11 10 12
3 16 21 1
3 17 34 1
3 20 186 2
3 23 14 6
3 24 1 12
4 0 253 1
4 1 136 1
4 2 116 1
4 5 77 1
4 6 248 1
4 7 143 1
4 8 2 2
4 9 1 6
4 11 148 2
4 13 1 7
4 14 41 27
4 15 1 22
4 16 36 1
4 17 71 2
4 18 90 1
4 19 23 5
4 20 1 12
4 23 1 15
4 27 43 8
5 0 29 1
5 1 158 10
5 3 198 1
5 4 3 16
5 6 68 7
5 7 1 26
5 8 7 7
5 9 149 1
5 10 3 17
5 11 6 18
5 12 113 1
5 14 1 23
5 16 106 1
5 17 11 25
5 24 80 15
5 27 3 29
6 0 1 20
6 1 147 1
6 2 4 7
6 3 1 25
6 4 51 19
6 5 15 10
6 7 4 29
6 8 333 1
6 10 239 18
6 11 1 15
6 12 19 16
6 13 7 7
6 14 1 3
6 19 1 6
6 20 1 18
6 26 37 3
6 27 1 1
7 0 21 29
7 1 321 1
7 2 2 5
7 3 24 9
7 4 236 1
7 6 26 1
7 8 194 1
7 9 1 11
7 11 21 1
7 12 136 2
7 15 138 1
7 17 156 20
7 19 16 5
7 20 1 22
7 24 2 19
8 0 4 3
8 1 123 1
8 2 289 1
8 3 66 13
8 4 1 9
8 6 4 1
8 7 70 11
8 9 190 1
8 10 22 28
8 11 389 1
8 12 204 2
8 13 19 3
8 16 11 1
8 17 29 3
8 24 11 1
8 27 11 14
9 0 144 3
9 1 1 2
9 4 1 1
9 5 10 1
9 6 219 1
9 7 1 27
9 8 21 1
9 10 81 1
9 11 19 26
9 12 6 16
9 14 6 25
9 24 20 3
9 25 1 9
9 26 1 17
10 0 202 2
10 2 45 2
10 3 2 21
10 4 63 4
10 5 270 2
10 6 100 1
10 7 131 1
10 8 137 1
10 9 28 4
10 11 13 20
10 12 231 1
10 13 210 1
10 15 13 9
10 16 55 1
10 20 1 24
10 25 1 29
10 27 1 16
11 1 1 8
11 3 54 1
11 6 14 1
11 7 234 29
11 8 239 1
11 9 15 1
11 10 2 6
11 14 202 1
11 15 12 24
11 23 17 22
11 24 172 1
11 25 367 1
11 27 140 1
12 0 53 5
12 4 46 1
12 5 1 27
12 6 5 9
12 8 128 2
12 9 4 27
12 10 25 2
12 13 5 2
12 21 62 1
12 22 4 5
12 23 2 13
12 24 5 12
13 0 6 1
13 1 82 16
13 9 65 4
13 10 24 1
13 12 3 2
13 19 1 22
14 1 1 10
14 6 102 2
14 8 29 1
14 9 115 1
14 10 2 6
14 11 1 22
14 12 1 10
14 13 6 1
14 15 1 8
14 16 4 10
14 18 33 5
14 22 1 2
14 25 17 8
15 4 25 5
15 5 1 14
15 7 7 10
15 8 5 2
15 9 90 5
15 12 44 1
15 14 79 1
15 20 6 27
15 22 3 20
15 23 1 1
16 0 43 1
16 1 68 4
16 2 2 5
16 4 66 1
16 5 9 27
16 7 77 24
16 8 289 1
16 9 22 8
16 12 8 11
16 13 17 7
16 17 295 1
16 18 9 2
16 24 48 1
17 0 265 1
17 1 371 1
17 3 131 2
17 4 1 26
17 5 4 14
17 6 115 1
17 7 2 5
17 8 7 3
17 10 15 20
17 11 7 25
17 12 71 22
17 13 5 13
17 14 44 2
17 16 65 1
17 24 8 18
18 1 11 24
18 3 11 16
18 5 64 1
18 8 1 17
18 10 19 2
18 12 1 2
18 16 227 1
19 0 3 11
19 1 7 27
19 2 1 25
19 4 29 5
19 6 16 28
19 8 82 5
19 14 13 23
19 18 11 19
19 20 3 12
20 0 20 3
20 1 187 1
20 2 75 17
20 3 119 1
20 4 46 1
20 6 1 23
20 7 1 15
20 8 120 1
20 10 111 3
20 12 3 21
20 13 54 2
20 19 4 1
20 22 1 24
20 24 2 11
21 1 2 21
21 12 17 5
21 14 1 1
21 18 8 1
22 0 1 1
22 7 16 15
22 8 100 1
22 10 4 2
22 12 87 3
22 25 10 18
23 8 1 13
23 10 128 6
23 11 31 1
23 24 4 3
24 0 115 1
24 1 79 1
24 3 132 8
24 5 99 23
24 6 1 2
24 7 17 1
24 8 37 5
24 11 1 28
24 16 43 1
25 0 46 1
25 3 4 15
25 5 4 10
25 10 1 26
25 11 2 20
25 12 53 1
25 27 10 21
26 3 32 9
26 10 34 1
26 11 5 27
27 7 25 1
27 8 2 15
27 11 189 1
27 17 30 3
27 26 6 1
