0 1 15 1
0 2 154 1
0 3 228 1
0 4 123 25
0 5 84 1
0 6 1 15
0 8 114 14
0 9 33 3
0 10 211 3
0 11 213 1
0 15 9 3
0 16 83 1
0 19 1 13
0 20 9 2
0 23 14 7
0 24 132 1
1 0 60 1
1 2 174 1
1 3 43 1
1 4 3 6
1 5 93 1
1 6 8 1
1 7 12 24
1 8 115 4
1 10 183 1
1 11 2 23
1 16 62 25
1 17 2 28
1 18 13 7
1 19 109 2
1 20 208 1
1 24 165 1
2 1 78 27
2 3 4 16
2 5 8 11
2 6 49 1
2 7 126 1
2 8 13 1
2 9 46 3
3 0 55 1
3 1 31 26
3 2 18 1
3 4 3 12
3 5 59 1
3 7 20 3
3 8 103 6
3 9 1 22
3 10 4 4
3 11 2 25
3 12 1 27
3 16 21 12
3 17 32 1
3 24 262 1
3 25 1 11
4 1 416 4
4 2 113 1
4 5 26 1
4 6 238 1
4 7 140 1
4 9 3 6
4 10 18 2
4 12 21 23
4 17 68 2
4 18 84 1
4 19 23 1
4 20 1 29
4 21 15 3
4 24 62 3
5 0 87 25
5 1 83 2
5 3 103 11
5 4 327 1
5 6 86 1
5 8 24 1
5 9 102 1
5 10 260 1
5 11 18 18
5 12 111 1
5 16 32 23
5 17 4 2
5 18 1 9
5 19 3 10
5 23 16 25
5 24 58 1
6 0 12 20
6 1 131 1
6 2 1 5
6 3 2 19
6 4 58 3
6 5 134 18
6 7 2 5
6 8 251 1
6 10 2 29
6 11 4 15
6 12 1 20
6 14 2 15
6 15 70 3
6 17 229 1
6 23 85 14
6 24 103 1
7 0 4 5
7 1 1 21
7 2 2 13
7 3 403 1
7 5 1 1
7 6 22 2
7 8 192 1
7 11 9 1
7 14 2 20
7 15 132 1
7 17 1 6
7 19 16 12
7 21 59 14
7 24 1 8
7 26 1 28
7 27 136 4
8 0 56 1
8 1 165 3
8 2 270 1
8 3 95 1
8 5 107 29
8 7 8 11
8 9 181 1
8 10 24 5
8 11 382 1
8 12 202 2
8 13 18 3
8 16 251 1
8 17 28 2
8 23 4 3
8 24 36 3
8 25 3 19
8 26 2 6
9 0 143 1
9 1 8 15
9 4 1 13
9 5 4 1
9 6 202 1
9 7 27 11
9 8 18 1
9 10 63 1
9 12 1 3
9 14 1 23
9 15 1 16
9 16 6 2
9 18 1 7
9 19 4 2
10 1 62 1
10 3 2 1
10 4 1 29
10 5 3 24
10 6 25 1
10 7 124 1
10 8 138 1
10 9 35 22
10 11 20 10
10 12 228 1
10 13 206 3
10 14 1 20
10 15 1 11
10 17 197 4
10 20 1 26
10 21 2 2
10 22 1 19
10 23 115 1
10 24 1 16
10 25 10 19
10 26 88 1
10 27 4 20
11 0 2 9
11 1 1 28
11 3 50 1
11 4 15 2
11 5 24 26
11 6 53 2
11 7 16 27
11 8 231 1
11 10 2 26
11 12 1 15
11 13 2 27
11 14 90 2
11 15 14 13
11 18 5 27
11 20 1 26
11 21 76 10
11 22 2 19
11 24 165 1
11 25 354 1
11 26 4 11
12 0 52 1
12 1 1 4
12 5 28 21
12 6 1 16
12 9 8 16
12 10 1 2
12 11 2 19
12 22 4 3
12 24 1 21
12 27 15 2
13 0 5 18
13 8 28 5
13 10 157 1
13 11 1 1
13 17 55 2
13 20 40 14
13 22 1 11
14 3 10 3
14 4 78 1
14 6 100 1
14 9 112 3
14 10 8 7
14 11 1 19
14 13 3 1
14 17 73 6
14 18 32 17
14 20 1 24
14 23 22 8
15 4 24 4
15 7 1 7
15 9 112 8
15 11 1 23
15 14 75 1
15 18 3 29
15 25 6 28
15 26 1 12
16 0 4 1
16 1 65 1
16 2 2 12
16 3 120 1
16 4 64 1
16 5 41 1
16 8 266 1
16 9 2 15
16 11 30 27
16 12 1 20
16 14 1 3
16 17 290 1
16 18 121 1
16 22 20 10
16 24 42 8
17 1 361 1
17 3 129 2
17 4 1 22
17 5 1 15
17 6 111 1
17 7 3 1
17 8 2 27
17 9 1 1
17 13 1 9
17 16 60 1
17 23 1 2
17 27 1 24
18 5 63 1
18 10 19 1
18 11 1 4
18 16 223 1
18 20 50 1
18 26 1 29
18 27 2 17
19 0 1 24
19 4 29 14
19 8 81 5
19 11 21 10
19 12 44 18
19 20 14 27
20 0 18 2
20 1 186 1
20 4 45 1
20 6 2 26
20 7 55 17
20 11 4 2
20 14 1 28
20 15 1 17
20 18 86 2
20 19 1 7
20 25 2 7
21 1 1 5
21 6 1 1
21 10 2 23
21 12 16 5
22 0 2 23
22 1 2 28
22 8 99 1
22 14 3 6
22 27 1 3
23 1 72 2
23 5 1 3
23 7 40 1
23 10 11 15
23 11 28 2
23 15 8 7
23 17 14 20
23 25 4 24
24 0 13 5
24 1 114 25
24 3 86 2
24 5 206 1
24 6 17 21
24 8 30 8
24 10 2 1
24 11 7 27
24 13 1 23
24 16 29 1
24 17 63 3
24 21 20 26
24 25 1 9
24 27 33 1
25 1 4 10
25 6 6 9
25 8 1 19
25 9 50 1
25 10 2 7
25 11 2 19
25 23 12 22
25 24 23 1
26 0 2 15
26 2 5 26
26 5 1 8
26 6 1 11
26 7 88 7
26 13 13 3
26 27 86 2
27 1 13 4
27 2 2 7
27 7 23 5
27 10 30 18
27 15 6 13
27 16 3 4
27 20 58 19
27 26 4 2
