0 1 31 2
0 2 4 19
0 3 378 1
0 5 14 18
0 7 1 13
0 8 262 7
0 12 64 3
0 15 1 29
0 16 35 2
0 17 129 1
0 20 1 24
0 21 16 13
0 24 9 2
1 0 339 1
1 2 87 1
1 3 8 4
1 4 56 1
1 5 18 1
1 6 2 14
1 7 1 1
1 8 10 13
1 9 5 19
1 11 1 21
1 12 1 13
1 14 91 6
1 15 1 22
1 16 3 24
1 17 180 1
1 19 1 4
1 20 1 15
1 24 22 1
1 25 41 3
1 27 1 27
2 1 4 1
2 3 3 7
2 4 223 3
2 5 1 11
2 6 1 2
2 7 11 25
2 8 16 19
2 10 5 24
2 11 50 1
2 14 2 1
3 0 10 1
3 1 19 5
3 2 320 1
3 4 47 13
3 5 20 16
3 6 185 1
3 7 105 1
3 8 32 5
3 9 23 5
3 10 122 10
3 11 136 1
3 12 1 21
3 13 8 14
3 16 317 1
3 17 152 3
3 20 3 1
3 24 1 15
4 0 2 7
4 1 13 29
4 2 4 21
4 3 2 25
4 5 3 24
4 6 9 27
4 7 271 5
4 8 109 15
4 9 3 2
4 10 226 1
4 11 220 5
4 15 6 1
4 16 150 1
4 18 3 22
4 19 85 2
4 20 8 3
4 21 38 1
4 23 1 7
4 25 41 4
4 27 62 1
5 0 12 1
5 1 376 1
5 3 68 1
5 6 21 5
5 7 153 1
5 8 133 1
5 9 369 1
5 10 1 1
5 11 1 6
5 12 1 9
5 15 1 13
5 16 57 1
5 18 42 3
5 24 41 1
5 26 9 1
6 1 11 24
6 2 72 1
6 5 368 1
6 7 49 1
6 8 1 23
6 9 2 28
6 10 22 1
6 13 69 1
6 14 1 9
6 19 3 2
6 22 17 1
7 1 1 7
7 2 253 1
7 3 1 15
7 4 1 13
7 5 118 1
7 6 64 2
7 8 2 19
7 10 7 6
7 11 14 19
7 13 28 22
7 14 72 1
7 15 1 15
7 16 1 2
7 22 1 19
7 23 1 26
7 25 1 29
8 0 19 2
8 1 2 1
8 2 2 20
8 3 10 1
8 4 268 1
8 5 297 7
8 6 211 1
8 7 304 1
8 9 386 18
8 10 4 11
8 11 3 13
8 12 3 22
8 14 5 17
8 15 31 2
8 16 8 21
8 17 229 26
8 19 1 22
8 21 1 29
8 24 405 1
8 25 37 4
9 3 1 18
9 4 1 27
9 6 4 2
9 10 48 11
9 11 29 2
9 12 286 1
9 18 3 23
9 27 1 15
10 1 292 1
10 2 297 1
10 5 1 9
10 6 1 29
10 7 394 4
10 8 34 21
10 9 285 29
10 11 90 1
10 12 1 24
10 14 2 28
10 15 91 1
10 17 2 25
10 21 24 1
10 24 1 28
11 0 6 7
11 2 99 1
11 4 111 2
11 5 2 2
11 6 3 25
11 7 1 17
11 8 1 8
11 10 99 1
11 13 39 2
11 14 2 13
11 15 3 25
11 20 4 2
11 22 1 29
11 23 5 14
11 24 2 3
11 25 3 6
11 26 1 20
12 4 178 2
12 9 239 1
12 10 1 4
12 25 1 26
13 7 1 17
13 10 1 8
13 11 130 2
13 14 40 1
13 15 1 8
13 22 9 9
13 26 2 26
14 7 58 1
14 8 259 1
14 9 1 29
14 10 273 1
14 11 79 1
14 12 60 2
14 15 1 5
14 25 38 3
15 1 1 8
15 4 65 1
15 7 199 1
15 9 2 23
15 10 226 1
15 11 9 23
15 14 26 1
15 16 1 12
15 17 1 2
16 0 54 1
16 1 1 17
16 3 33 1
16 4 174 2
16 5 6 2
16 7 2 8
16 8 10 14
16 9 8 8
16 12 1 4
16 17 4 21
16 18 1 15
16 20 1 19
16 24 22 1
16 25 26 29
17 0 1 15
17 1 10 13
17 4 45 2
17 5 1 5
17 6 284 4
17 7 1 24
17 11 1 13
17 12 52 1
17 16 3 9
17 18 102 2
18 2 1 29
18 4 342 1
18 10 86 1
18 16 2 27
18 17 2 1
19 0 34 1
19 2 1 29
19 5 16 5
19 6 1 27
19 9 1 5
19 10 87 1
19 16 1 15
19 20 343 1
19 24 1 24
20 0 248 1
20 4 116 1
20 8 222 1
20 10 175 1
20 11 76 3
20 14 1 17
20 15 1 28
20 19 161 1
20 27 49 1
21 7 1 14
21 11 1 21
22 0 1 5
22 5 9 1
22 9 16 1
22 10 2 23
22 14 1 3
22 15 7 2
23 2 1 4
23 7 149 1
23 11 214 3
23 22 1 27
24 0 48 6
24 1 79 1
24 3 361 1
24 4 12 7
24 5 16 1
24 8 75 1
24 15 41 1
24 16 7 27
24 19 15 27
24 22 12 22
24 23 1 9
24 26 1 15
25 1 19 1
25 3 38 3
25 6 2 28
25 7 224 1
25 8 13 2
25 11 250 1
25 15 1 25
25 26 1 16
25 27 23 1
26 0 1 27
26 3 29 24
26 7 123 1
26 11 1 14
26 17 55 20
26 23 4 2
26 27 2 16
27 0 1 24
27 8 1 25
27 10 1 7
27 25 51 2
27 26 1 22
