0 1 17 24
0 2 160 1
0 3 20 18
0 4 124 12
0 5 16 9
0 6 1 17
0 7 253 1
0 8 310 20
0 10 187 1
0 11 172 1
0 13 51 10
0 14 78 3
0 15 7 1
0 16 39 16
0 17 1 2
0 19 1 29
0 23 9 1
0 24 16 25
1 0 34 2
1 2 44 1
1 3 16 9
1 4 8 13
1 5 15 11
1 6 5 20
1 7 1 8
1 8 18 5
1 9 269 1
1 11 4 21
1 12 2 5
1 16 23 11
1 17 2 8
1 18 90 17
1 19 75 1
1 22 1 6
1 24 116 17
1 27 2 16
2 1 10 26
2 3 77 1
2 6 3 1
2 7 43 1
2 8 22 1
2 9 24 1
2 10 70 27
2 11 4 28
2 13 1 4
2 14 2 17
2 16 28 4
2 18 1 28
2 20 1 9
3 0 74 25
3 1 53 5
3 2 5 28
3 5 51 3
3 6 2 26
3 7 3 1
3 8 25 18
3 10 226 1
3 11 69 4
3 12 3 12
3 16 16 20
3 23 10 8
3 24 16 8
3 25 13 20
4 0 15 1
4 1 225 1
4 2 60 1
4 3 162 1
4 6 83 1
4 7 100 2
4 9 22 2
4 19 12 1
4 21 11 1
4 22 2 24
4 23 50 15
5 0 25 13
5 1 17 11
5 2 6 2
5 3 16 8
5 4 179 1
5 6 25 13
5 7 1 28
5 8 69 10
5 9 78 1
5 10 53 1
5 12 70 1
5 16 72 27
5 17 1 9
5 20 69 1
5 24 16 28
6 0 31 21
6 1 155 1
6 2 16 16
6 3 4 7
6 4 55 20
6 5 349 2
6 7 69 8
6 8 23 1
6 9 7 25
6 10 1 14
6 11 1 1
6 12 9 15
6 19 9 8
6 25 15 1
6 26 31 5
6 27 1 16
7 0 13 19
7 1 266 1
7 2 1 28
7 3 274 1
7 4 202 1
7 8 116 1
7 10 433 2
7 11 22 24
7 12 116 3
7 13 89 7
7 16 5 25
7 18 123 2
7 20 1 8
7 24 4 1
7 25 256 1
7 26 12 19
8 0 114 1
8 1 38 27
8 2 37 1
8 3 45 13
8 4 13 23
8 5 32 16
8 6 18 2
8 7 1 16
8 9 64 1
8 10 254 15
8 11 269 1
8 14 192 1
8 15 1 8
8 16 24 19
8 22 3 8
8 24 16 4
8 25 2 13
8 26 10 16
8 27 1 13
9 0 117 2
9 1 1 12
9 2 33 3
9 4 129 24
9 5 10 9
9 6 28 1
9 7 2 4
9 11 4 23
9 12 4 27
9 13 17 1
9 14 1 1
9 20 68 2
9 23 58 1
9 24 12 1
10 3 25 10
10 6 13 1
10 7 46 1
10 9 22 14
10 11 60 25
10 12 171 1
10 13 146 1
10 14 3 14
10 15 1 24
10 16 45 1
10 17 200 4
10 19 24 9
10 20 1 12
10 26 80 2
10 27 17 22
11 3 7 1
11 4 5 1
11 5 165 1
11 6 301 2
11 7 413 1
11 8 118 1
11 10 2 3
11 13 6 24
11 14 176 1
11 15 27 4
11 19 93 2
11 23 181 1
11 24 66 1
11 25 146 1
11 27 97 1
12 7 99 1
12 8 88 1
12 9 4 13
12 10 41 28
12 11 40 21
12 15 1 14
12 18 8 14
12 19 50 2
12 24 1 26
12 27 11 18
13 1 77 2
13 3 1 3
13 4 74 22
13 8 129 1
13 9 48 1
13 10 186 1
13 11 1 26
13 12 123 13
13 19 5 22
14 2 1 2
14 6 67 1
14 10 1 27
14 11 1 10
14 12 1 26
14 15 6 4
14 17 68 3
14 21 1 20
15 0 7 22
15 2 23 4
15 3 4 29
15 4 16 3
15 7 1 15
15 9 105 2
15 10 3 7
15 11 5 1
15 12 28 1
15 14 12 2
15 23 14 19
15 25 1 11
16 0 16 5
16 1 16 23
16 3 44 3
16 4 39 1
16 5 16 16
16 7 3 16
16 8 91 18
16 14 1 18
16 17 199 1
16 18 196 1
16 22 1 5
16 24 38 28
16 25 33 21
17 0 240 2
17 1 225 1
17 2 1 20
17 3 100 3
17 4 2 24
17 6 65 2
17 7 1 22
17 8 1 28
17 10 1 27
17 23 1 7
17 27 2 17
18 0 68 3
18 1 41 28
18 2 4 24
18 3 1 21
18 4 2 17
18 5 43 1
18 8 3 10
18 9 2 22
18 10 9 3
18 11 2 16
18 13 12 1
18 15 1 28
18 16 150 1
18 21 11 2
19 0 6 1
19 1 3 21
19 2 1 16
19 4 5 26
19 5 1 9
19 7 1 10
19 8 66 1
19 9 7 22
19 13 1 23
19 20 44 1
20 1 160 1
20 3 69 1
20 4 30 5
20 6 1 10
20 8 88 1
20 14 62 10
20 17 1 18
20 19 139 1
20 21 1 27
20 22 3 21
20 23 1 26
20 24 2 23
20 26 8 11
21 0 1 10
21 7 5 18
21 8 2 3
21 9 1 13
21 26 14 3
22 0 2 20
22 1 3 22
22 6 5 7
22 7 16 12
22 8 85 4
22 11 123 1
22 13 3 1
23 0 47 4
23 8 1 3
23 11 4 2
23 12 8 11
23 15 1 1
24 0 59 9
24 1 16 10
24 3 16 14
24 5 20 13
24 8 31 23
24 9 9 12
24 11 257 12
24 16 43 2
24 17 1 21
24 20 1 22
24 23 33 1
25 1 5 5
25 3 1 1
25 6 5 9
25 7 2 10
25 8 1 9
25 10 3 10
25 11 85 18
25 27 3 25
26 0 1 28
26 6 47 12
26 7 76 2
26 8 23 27
26 10 25 1
26 11 1 9
27 7 9 4
27 8 8 17
27 9 11 10
27 10 43 16
27 12 2 18
27 15 18 11
27 25 1 14
