0 1 16 24
0 2 154 1
0 3 150 4
0 5 77 29
0 6 2 22
0 7 247 1
0 8 30 16
0 11 168 1
0 16 81 15
0 19 4 3
0 24 36 3
0 27 38 3
1 0 80 19
1 2 26 1
1 3 22 28
1 4 24 25
1 5 39 14
1 6 4 23
1 7 2 1
1 8 26 17
1 9 22 1
1 10 120 1
1 11 1 4
1 12 9 3
1 13 4 11
1 16 44 14
1 17 2 7
1 19 73 1
1 20 189 2
1 22 1 12
1 23 1 4
1 24 31 12
1 26 11 8
2 1 3 15
2 3 62 1
2 5 8 25
2 7 38 1
2 8 14 1
2 10 215 1
2 11 2 4
2 17 1 4
2 18 6 1
2 21 14 14
3 0 39 6
3 1 32 14
3 2 7 28
3 5 37 29
3 6 2 14
3 7 60 1
3 8 14 27
3 9 1 23
3 10 224 1
3 11 4 14
3 16 31 11
3 17 11 5
3 20 1 2
3 24 25 16
3 27 2 27
4 0 224 2
4 1 206 1
4 2 56 1
4 6 69 1
4 7 97 2
4 9 19 9
4 10 1 1
4 11 119 1
4 13 6 14
4 14 1 24
4 15 1 12
4 16 14 3
4 17 28 1
4 18 11 1
4 20 1 1
4 24 55 1
5 0 15 28
5 1 16 16
5 2 6 1
5 3 15 23
5 4 162 1
5 6 16 5
5 8 396 9
5 9 47 1
5 10 248 1
5 14 36 15
5 15 8 19
5 16 82 15
5 18 1 9
5 20 68 1
5 21 2 22
5 24 50 20
6 0 1 21
6 1 137 1
6 2 1 15
6 3 126 10
6 4 145 1
6 5 15 25
6 7 2 13
6 8 8 1
6 9 3 18
6 10 1 2
6 11 69 5
6 12 1 19
6 15 50 3
6 16 4 18
6 17 180 1
6 18 15 4
6 19 2 12
6 20 2 15
6 27 4 14
7 0 6 15
7 1 261 1
7 2 5 3
7 3 257 1
7 4 199 1
7 5 5 19
7 6 1 12
7 8 288 1
7 10 430 1
7 11 20 28
7 12 114 4
7 13 1 28
7 15 44 1
7 17 3 28
7 18 122 1
7 19 34 7
7 20 1 11
7 21 1 29
7 22 112 4
7 24 4 21
7 25 252 1
8 0 15 11
8 1 32 2
8 2 26 1
8 3 82 23
8 4 1 23
8 5 19 21
8 6 18 10
8 7 1 9
8 9 57 1
8 10 6 12
8 11 259 1
8 14 187 1
8 15 1 17
8 16 15 22
8 17 213 1
8 21 84 4
8 23 2 14
8 24 15 13
8 25 1 9
8 26 1 24
9 1 1 20
9 2 31 2
9 3 112 1
9 5 19 8
9 6 20 1
9 7 1 10
9 11 1 22
9 12 2 4
9 14 1 16
9 20 67 3
9 27 17 27
10 0 171 3
10 2 3 2
10 4 1 8
10 6 8 1
10 7 41 1
10 9 9 20
10 11 2 20
10 12 166 1
10 13 141 1
10 14 7 14
10 15 5 1
10 17 200 1
10 20 29 7
10 23 90 2
11 1 3 3
11 2 1 21
11 6 297 2
11 7 41 1
11 8 110 1
11 10 31 22
11 12 1 20
11 13 7 17
11 14 169 1
11 15 4 6
11 24 60 1
11 25 131 1
12 1 9 3
12 9 8 2
12 11 4 22
12 13 2 22
12 14 4 1
12 15 2 27
12 18 1 8
12 21 42 1
12 24 6 27
12 26 5 21
13 2 4 28
13 7 117 4
13 10 181 1
13 12 3 20
13 14 31 2
13 17 50 12
13 22 1 12
13 23 1 15
14 1 1 28
14 3 5 1
14 5 2 5
14 6 65 1
14 8 1 1
14 10 2 21
14 11 9 3
14 15 1 7
14 16 1 4
14 23 2 1
14 25 10 1
15 3 4 8
15 5 1 14
15 7 1 25
15 9 105 1
15 10 1 3
15 11 7 20
15 13 1 22
15 22 1 3
15 23 10 6
16 0 27 14
16 1 87 28
16 3 114 18
16 5 106 20
16 6 121 15
16 8 54 18
16 10 1 15
16 12 1 23
16 17 191 1
16 18 191 1
16 24 16 27
16 26 27 9
17 1 212 1
17 2 2 23
17 4 20 2
17 7 12 19
17 9 2 28
17 10 7 29
17 14 3 4
17 16 5 1
17 19 92 10
17 20 2 27
17 22 33 12
17 23 2 3
18 1 1 2
18 2 1 24
18 3 1 27
18 4 12 17
18 5 41 2
18 9 2 13
18 16 143 1
19 4 6 2
19 7 1 6
19 10 34 1
19 12 1 11
19 14 13 3
19 15 1 6
19 16 39 22
19 20 10 19
20 2 4 3
20 3 65 2
20 4 29 3
20 7 6 20
20 8 86 1
20 10 89 2
20 13 51 21
20 15 1 24
20 16 1 25
20 17 1 7
20 19 126 1
20 22 1 14
20 27 25 6
21 1 2 29
21 6 27 4
21 9 2 18
21 10 1 11
21 11 5 12
21 12 5 7
21 27 3 14
22 3 13 23
22 6 2 29
22 12 66 2
22 16 1 24
23 0 46 8
23 4 13 2
23 6 11 17
23 10 126 2
23 11 3 6
23 13 1 6
24 0 23 24
24 1 15 21
24 3 15 26
24 5 15 5
24 8 28 19
24 11 4 6
24 13 14 27
24 16 36 29
24 18 16 2
24 23 31 1
24 25 1 22
25 0 33 2
25 1 27 25
25 6 81 10
25 7 3 27
25 8 12 29
25 9 37 1
25 11 33 3
25 19 8 7
25 23 12 26
25 27 1 7
26 7 75 1
26 8 32 6
26 11 32 9
26 12 10 11
26 20 19 2
26 25 1 27
26 27 41 1
27 2 4 6
27 4 23 2
27 5 1 24
27 7 9 1
27 11 151 1
27 13 1 23
27 25 1 22
