0 1 111 1
0 2 2 10
0 3 43 21
0 4 1 12
0 5 409 1
0 6 12 3
0 7 270 5
0 8 16 6
0 10 222 7
0 11 268 8
0 14 1 10
0 15 1 14
0 16 21 1
0 17 125 1
0 18 2 5
0 20 3 7
0 24 30 1
0 25 9 4
1 0 79 1
1 2 68 1
1 3 18 1
1 4 331 1
1 5 36 1
1 6 152 12
1 8 321 25
1 9 2 7
1 10 1 8
1 11 2 11
1 14 91 25
1 16 19 1
1 17 167 1
1 19 1 1
1 20 2 5
1 24 42 5
1 25 40 7
2 0 1 9
2 1 353 8
2 3 3 22
2 5 1 26
2 6 2 12
2 7 3 10
2 8 8 5
2 9 137 1
2 10 8 9
2 11 47 1
2 17 35 1
2 19 9 12
2 20 53 1
3 0 249 1
3 1 35 1
3 2 309 1
3 4 5 15
3 5 241 1
3 6 180 1
3 7 91 1
3 8 5 15
3 9 22 3
3 10 1 18
3 11 129 1
3 16 50 1
3 17 150 3
3 20 1 5
3 21 19 22
3 24 320 1
4 0 211 9
4 1 5 22
4 2 1 13
4 5 43 18
4 6 2 13
4 7 270 2
4 8 4 29
4 10 222 1
4 12 1 7
4 17 263 1
4 18 2 27
4 20 7 3
4 23 1 21
5 0 315 1
5 1 96 1
5 2 81 14
5 3 336 1
5 6 7 4
5 7 148 1
5 8 71 1
5 9 160 1
5 10 1 10
5 11 3 19
5 12 1 29
5 18 41 2
5 24 322 1
5 27 1 25
6 1 75 2
6 2 65 1
6 5 274 3
6 7 42 1
6 8 409 19
6 9 2 17
6 10 16 1
7 1 1 20
7 2 246 1
7 3 1 9
7 4 252 7
7 5 113 1
7 6 60 1
7 8 2 22
7 9 1 11
7 10 8 5
7 11 27 17
7 13 1 17
7 14 68 1
7 15 4 13
7 25 3 10
8 0 17 3
8 1 40 14
8 2 5 25
8 3 278 1
8 4 259 1
8 5 9 11
8 6 123 1
8 7 279 1
8 9 2 25
8 10 21 26
8 11 4 12
8 13 132 2
8 14 4 25
8 16 357 1
8 20 1 19
8 24 5 17
9 3 1 24
9 4 1 11
9 6 3 21
9 8 363 1
9 10 5 18
9 12 275 1
9 13 94 1
9 17 48 4
9 19 2 12
9 21 60 4
9 24 60 7
10 0 2 26
10 6 1 20
10 7 68 7
10 8 10 29
10 9 201 1
10 11 79 1
10 12 2 22
10 14 6 16
10 15 86 1
10 16 93 1
10 17 2 17
10 18 64 3
10 25 1 9
11 0 4 9
11 2 95 1
11 3 319 3
11 5 3 11
11 6 3 17
11 7 5 1
11 8 1 6
11 10 88 1
11 13 36 3
11 14 1 24
11 15 3 20
11 17 30 2
11 23 1 6
11 24 6 11
11 25 4 7
11 26 1 8
11 27 207 21
12 0 106 2
12 1 11 3
12 4 176 2
12 5 1 1
12 6 11 2
12 9 229 1
12 10 2 26
12 11 1 22
13 5 9 1
13 6 74 1
13 8 122 12
13 10 1 1
13 11 127 1
13 20 52 5
14 1 34 8
14 4 117 7
14 6 1 17
14 7 55 1
14 9 1 19
14 10 255 1
14 11 72 1
14 15 8 23
14 16 1 15
14 20 1 27
14 23 1 20
15 0 1 8
15 3 5 10
15 7 191 1
15 8 112 2
15 9 1 14
15 10 222 1
15 11 5 24
15 12 98 9
15 22 14 20
16 0 378 1
16 1 313 1
16 2 1 1
16 3 22 26
16 4 173 1
16 5 369 1
16 6 1 6
16 8 4 28
16 9 1 17
16 12 1 18
16 14 1 5
16 17 138 17
16 18 2 4
16 24 307 1
17 1 11 27
17 2 84 1
17 3 1 18
17 4 42 1
17 6 283 1
17 11 5 21
17 16 1 10
17 18 100 2
17 19 1 14
17 20 10 1
18 4 336 1
18 6 95 2
18 10 84 1
18 11 89 21
18 12 1 8
18 16 2 2
18 17 2 28
19 0 29 1
19 4 1 7
19 6 1 11
19 7 1 23
19 12 1 26
19 20 330 1
20 0 244 1
20 4 114 4
20 5 61 25
20 8 221 1
20 11 75 1
20 17 2 10
20 19 144 1
20 23 1 23
20 24 2 18
21 6 1 29
21 8 1 25
21 12 85 1
21 13 5 4
21 20 3 2
21 23 1 18
21 26 11 23
22 1 1 6
22 6 1 3
22 11 1 9
22 21 4 18
22 23 2 2
23 10 3 12
23 11 212 1
23 14 31 27
23 16 25 11
24 0 42 2
24 1 31 1
24 3 8 7
24 5 295 1
24 8 26 1
24 16 36 1
25 0 88 4
25 4 1 7
25 5 20 1
25 6 3 9
25 7 219 1
25 10 15 3
25 11 233 1
25 13 1 4
25 14 11 1
25 22 1 11
25 27 21 3
26 10 72 8
26 13 13 25
26 23 4 1
26 24 37 2
26 27 1 28
27 7 117 3
27 11 1 12
27 14 3 2
27 26 2 22
