0 1 1 26
0 2 126 1
0 3 59 1
0 4 1 20
0 5 32 1
0 6 45 7
0 7 218 1
0 8 3 1
0 9 152 4
0 10 174 2
0 11 152 1
0 16 34 1
0 17 2 5
0 19 8 9
0 20 3 17
0 24 40 20
1 0 127 1
1 2 6 1
1 3 48 23
1 4 99 23
1 5 21 3
1 6 2 15
1 8 77 1
1 10 100 1
1 16 31 1
1 17 1 11
1 18 4 16
1 19 61 1
1 24 46 1
2 1 295 13
2 3 79 1
2 5 8 21
2 7 18 1
2 9 16 4
2 10 66 3
2 11 1 22
2 16 24 4
2 17 2 13
2 20 1 19
3 0 116 7
3 1 44 26
3 2 17 9
3 5 66 1
3 6 2 26
3 7 276 1
3 8 19 3
3 10 211 2
3 11 30 22
3 15 2 5
3 16 96 29
3 21 14 2
3 24 22 3
3 25 1 29
3 27 2 11
4 0 205 1
4 1 124 1
4 3 6 21
4 5 1 16
4 6 129 1
4 7 83 1
4 8 283 1
4 9 193 17
4 11 109 1
4 12 1 5
4 13 5 13
4 14 4 26
4 15 2 17
4 16 9 2
4 17 18 3
4 18 1 2
4 20 3 25
5 0 9 11
5 1 76 17
5 3 33 3
5 4 92 1
5 6 12 1
5 7 15 2
5 8 56 22
5 9 40 1
5 10 32 16
5 11 1 1
5 14 1 11
5 16 95 9
5 20 65 1
5 24 87 1
5 27 28 25
6 0 31 7
6 1 83 1
6 2 1 11
6 4 448 1
6 5 334 1
6 7 9 20
6 8 11 19
6 9 3 9
6 10 140 24
6 11 1 21
6 12 1 26
6 14 5 16
6 16 1 25
6 19 2 25
6 20 1 20
6 27 6 11
7 0 6 22
7 1 237 1
7 2 17 1
7 3 175 1
7 4 185 2
7 5 1 19
7 8 279 1
7 9 2 11
7 11 10 3
7 12 107 2
7 14 10 26
7 15 23 1
7 16 1 23
7 19 5 11
7 20 1 7
7 24 2 14
7 25 232 1
7 26 3 25
7 27 106 1
8 0 58 1
8 1 13 1
8 3 148 1
8 4 1 17
8 5 59 1
8 6 11 23
8 7 3 2
8 9 29 1
8 10 49 18
8 11 215 1
8 12 151 1
8 14 165 1
8 16 87 1
8 17 203 2
8 19 99 1
8 24 57 1
8 25 1 9
9 1 68 29
9 4 8 18
9 5 5 1
9 7 1 26
9 8 1 29
9 10 1 20
9 11 7 16
9 12 16 23
9 14 4 8
9 18 2 12
9 19 34 24
9 21 18 1
9 25 1 10
9 27 17 4
10 0 160 3
10 3 1 7
10 5 34 1
10 7 22 2
10 8 4 9
10 9 1 2
10 11 375 6
10 13 117 1
10 14 6 23
10 15 1 21
10 16 40 7
10 19 21 1
10 22 4 17
10 27 1 23
11 0 4 13
11 1 9 9
11 2 11 22
11 5 24 1
11 7 17 13
11 8 76 1
11 10 2 11
11 12 6 23
11 14 156 1
11 15 3 10
11 18 2 16
11 20 1 29
11 24 33 2
11 25 69 1
11 27 79 2
12 5 27 1
12 6 1 6
12 9 3 8
12 11 6 25
12 13 6 22
12 14 71 22
12 15 2 9
12 16 74 3
12 19 49 4
12 21 36 2
12 24 9 1
13 3 4 9
13 10 158 1
13 11 1 27
13 14 22 1
14 5 2 15
14 6 54 1
14 7 19 17
14 9 60 3
14 10 236 1
14 11 36 3
14 12 1 12
14 13 1 10
14 15 3 12
14 25 8 1
15 1 86 3
15 3 10 2
15 7 1 2
15 10 3 26
15 11 10 16
15 13 1 14
15 25 17 7
16 0 6 11
16 1 7 14
16 3 17 1
16 4 29 1
16 5 1 16
16 8 45 1
16 11 2 24
16 12 34 5
16 17 155 1
16 18 162 1
16 24 77 1
17 0 220 1
17 1 155 1
17 2 5 10
17 4 1 27
17 5 3 28
17 6 48 1
17 8 1 23
17 10 1 22
17 11 1 13
17 12 3 23
17 13 3 21
17 20 7 17
17 23 1 4
18 0 61 1
18 3 1 28
18 4 3 8
18 8 3 6
18 9 1 25
18 16 113 1
18 17 1 27
18 22 1 14
18 23 1 12
18 25 35 21
18 27 1 21
19 0 4 2
19 1 1 8
19 6 98 1
19 7 1 4
19 16 39 19
19 20 13 1
19 21 1 5
19 22 3 16
20 1 147 1
20 3 50 2
20 4 25 1
20 7 1 18
20 8 75 1
20 9 76 6
20 14 62 15
20 17 6 6
20 18 80 8
20 19 69 1
20 25 1 22
20 26 1 8
21 1 48 4
21 4 45 1
21 7 5 22
21 9 2 22
21 18 5 14
21 22 1 5
22 0 3 23
22 1 2 18
22 6 1 18
22 7 121 1
22 8 79 2
22 16 21 8
22 21 1 5
22 23 1 29
22 24 6 3
23 3 19 1
23 6 3 16
23 7 12 4
23 9 1 9
23 10 8 1
23 18 8 28
23 19 6 3
24 0 93 23
24 1 21 1
24 3 65 1
24 8 22 1
24 11 15 20
24 13 14 6
24 16 23 1
24 23 29 3
24 27 28 3
25 1 4 24
25 7 9 4
25 9 32 1
25 10 9 28
25 11 84 1
25 13 1 13
25 15 8 20
25 27 1 1
26 1 1 22
26 20 17 22
26 25 1 6
26 27 27 1
27 1 6 5
27 3 1 6
27 10 1 13
27 15 27 27
27 17 24 1
27 26 1 27
