0 1 93 6
0 2 61 1
0 3 25 29
0 4 45 13
0 5 14 18
0 6 9 3
0 7 145 1
0 8 45 11
0 9 13 2
0 11 112 1
0 12 1 13
0 16 27 19
0 17 1 28
0 19 8 17
0 21 2 3
0 24 25 25
1 0 17 17
1 2 9 6
1 3 15 25
1 4 1 24
1 5 26 21
1 6 3 9
1 7 220 19
1 8 15 14
1 9 242 1
1 10 55 2
1 11 3 19
1 16 22 5
1 17 31 29
1 18 3 7
1 20 157 1
1 22 6 16
1 24 17 15
2 0 2 26
2 1 421 1
2 3 1 8
2 4 1 5
2 6 2 16
2 8 3 25
2 9 4 3
2 10 173 1
2 11 6 8
2 14 1 1
2 16 18 1
2 17 8 2
2 19 1 4
2 20 4 16
2 22 2 18
2 27 26 18
3 0 50 4
3 1 20 10
3 4 189 1
3 5 14 11
3 6 1 26
3 7 76 1
3 8 12 28
3 10 173 2
3 11 2 25
3 15 1 27
3 16 15 22
3 20 157 2
3 23 6 12
3 24 19 28
4 0 148 1
4 2 10 2
4 5 6 9
4 6 16 1
4 7 52 1
4 8 289 1
4 9 137 1
4 12 7 18
4 13 7 8
4 22 2 12
4 23 1 14
5 0 17 10
5 1 15 4
5 3 14 1
5 6 54 1
5 7 1 21
5 8 12 16
5 9 7 18
5 10 192 1
5 12 23 2
5 14 1 6
5 16 14 22
5 17 1 13
5 18 1 7
5 19 25 22
5 20 56 2
5 24 24 20
6 0 1 11
6 4 368 1
6 5 5 1
6 8 17 26
6 9 47 8
6 10 101 1
6 11 3 10
6 12 1 6
6 17 116 1
6 19 3 22
6 22 1 13
6 24 83 3
6 27 8 3
7 0 1 29
7 1 174 1
7 2 17 14
7 3 26 1
7 4 149 1
7 5 1 23
7 6 2 24
7 8 57 1
7 9 3 15
7 10 360 1
7 11 85 25
7 13 2 16
7 14 1 10
7 17 4 14
7 18 107 3
7 19 3 15
7 25 171 1
7 27 84 4
8 0 17 14
8 1 13 29
8 2 4 3
8 3 13 20
8 4 4 23
8 5 15 21
8 6 162 1
8 7 374 1
8 10 285 1
8 11 115 1
8 12 116 1
8 14 107 1
8 16 14 7
8 17 182 1
8 19 86 4
8 22 115 5
8 23 3 10
8 24 24 19
8 25 2 11
9 0 80 2
9 3 90 4
9 4 219 1
9 5 22 1
9 6 5 14
9 7 1 12
9 8 5 29
9 10 25 27
9 11 44 17
9 12 1 11
9 14 101 2
9 15 3 3
9 16 1 13
9 19 1 21
10 2 1 19
10 3 1 14
10 4 1 2
10 5 251 1
10 6 2 3
10 8 28 6
10 9 267 1
10 11 6 14
10 12 93 1
10 13 61 1
10 14 2 26
10 15 35 8
10 16 33 1
10 17 182 1
10 19 14 2
10 23 60 3
10 26 68 5
10 27 19 18
11 0 266 3
11 3 3 4
11 5 166 1
11 6 225 1
11 7 114 1
11 8 16 1
11 12 84 26
11 13 1 16
11 14 101 1
11 15 221 1
11 21 92 2
11 22 2 2
11 23 119 1
11 26 129 1
11 27 46 1
12 0 25 1
12 1 1 21
12 4 2 8
12 8 43 1
12 9 1 19
12 17 115 4
12 18 16 18
12 21 22 3
12 22 1 3
12 24 1 5
13 1 67 8
13 8 112 2
13 10 99 1
13 11 1 4
13 12 163 11
14 3 1 7
14 6 29 1
14 8 1 22
14 9 31 2
14 10 213 1
14 11 19 12
14 13 13 13
14 15 22 27
14 16 1 2
14 21 1 3
14 23 9 2
15 0 91 4
15 1 77 2
15 3 9 24
15 5 3 9
15 7 70 14
15 10 9 11
15 11 8 9
15 20 5 6
15 25 3 18
16 0 19 22
16 1 20 28
16 2 2 20
16 3 14 22
16 5 14 13
16 8 14 19
16 11 13 15
16 17 72 1
16 18 89 1
16 20 2 19
16 22 1 18
16 23 12 10
16 24 14 14
17 1 44 1
17 2 2 27
17 3 60 1
17 4 28 18
17 5 3 26
17 6 19 2
17 7 15 13
17 11 9 23
17 16 2 16
17 19 80 5
17 22 34 1
17 24 3 2
18 1 2 7
18 3 25 12
18 4 5 23
18 9 2 10
18 12 9 1
18 16 47 1
19 0 139 1
19 1 5 16
19 2 1 27
19 3 2 17
19 6 7 10
19 7 1 8
19 9 66 7
19 13 1 12
19 15 2 21
19 17 15 1
19 20 30 1
19 24 1 21
20 1 120 1
20 3 19 3
20 4 15 1
20 6 4 11
20 7 86 5
20 8 51 2
20 10 66 1
20 19 2 24
21 3 3 1
21 4 40 2
21 5 19 1
21 6 1 9
21 15 10 10
21 22 1 25
21 23 2 1
22 4 1 25
22 6 1 16
22 9 3 14
22 10 8 27
22 11 94 1
22 12 41 1
22 16 1 9
22 27 1 1
23 10 5 2
23 12 1 12
23 24 23 2
23 27 13 13
24 0 27 28
24 1 24 2
24 3 18 11
24 5 14 13
24 7 1 20
24 8 65 15
24 9 3 2
24 11 268 1
24 16 15 17
25 7 1 21
25 9 22 6
25 10 1 16
25 11 312 1
25 14 2 6
25 23 12 24
26 8 62 8
26 11 94 4
27 1 4 1
27 8 1 25
27 11 100 2
27 15 1 12
27 22 1 15
27 26 1 17
