0 1 313 1
0 2 3 13
0 3 77 17
0 4 3 18
0 5 1 20
0 6 10 1
0 7 11 27
0 8 255 1
0 9 1 28
0 11 269 8
0 12 62 2
0 16 382 1
0 17 119 1
0 18 1 17
0 19 262 1
0 21 15 9
1 0 22 1
1 2 45 1
1 3 314 1
1 4 310 1
1 5 381 3
1 6 10 1
1 8 29 16
1 9 2 29
1 10 1 6
1 12 16 21
1 15 1 5
1 16 215 2
1 17 151 1
1 19 1 12
1 24 287 1
1 26 2 25
2 0 1 19
2 1 368 28
2 3 12 12
2 5 1 2
2 7 4 19
2 8 7 26
2 10 1 27
2 11 43 1
2 17 32 1
2 18 2 1
2 23 17 26
3 0 3 10
3 1 408 1
3 2 284 1
3 5 164 1
3 7 73 1
3 8 236 1
3 9 21 1
3 10 6 6
3 11 121 1
3 13 8 1
3 16 198 1
3 18 22 1
3 20 64 5
3 24 318 1
3 27 13 27
4 0 5 4
4 1 3 4
4 2 1 20
4 3 1 1
4 5 3 24
4 6 167 16
4 8 1 6
4 9 1 25
4 10 216 1
4 11 219 6
4 15 5 2
4 16 145 4
4 17 259 2
4 18 3 4
4 23 1 26
4 25 39 6
5 0 195 8
5 1 48 1
5 3 271 1
5 4 1 26
5 6 4 10
5 7 142 1
5 8 240 1
5 9 127 1
5 10 1 4
5 11 2 7
5 12 2 27
5 16 61 1
5 19 11 1
5 21 1 20
5 24 213 2
6 0 35 1
6 1 3 16
6 2 57 1
6 5 203 1
6 7 34 1
6 8 17 15
6 9 1 15
6 10 10 1
6 13 65 3
6 14 2 28
6 15 126 2
6 17 3 22
6 18 153 3
6 21 6 11
6 25 90 2
7 1 3 24
7 2 236 1
7 3 1 27
7 5 107 1
7 6 54 1
7 8 4 26
7 9 3 7
7 10 3 23
7 11 9 8
7 18 141 18
7 25 7 24
7 27 2 14
8 0 350 1
8 1 3 11
8 2 5 19
8 3 47 1
8 4 248 1
8 5 270 1
8 6 2 20
8 7 246 1
8 9 3 9
8 10 2 29
8 11 9 17
8 13 130 1
8 14 1 21
8 16 28 1
8 17 5 6
8 20 1 7
8 24 312 1
8 25 33 2
8 26 1 21
9 0 3 16
9 1 2 2
9 3 1 2
9 5 1 20
9 6 21 9
9 8 102 2
9 10 14 19
9 11 23 1
9 12 262 1
9 15 34 1
9 17 46 2
9 24 59 5
9 26 25 17
10 1 284 2
10 5 1 29
10 6 211 22
10 8 11 4
10 9 166 1
10 11 66 1
10 12 284 20
10 13 9 6
10 14 1 28
10 16 92 1
10 17 177 21
10 18 62 1
10 19 76 1
10 22 24 1
10 23 1 19
10 25 2 2
11 0 5 16
11 1 22 25
11 2 91 1
11 3 317 1
11 5 4 20
11 7 302 1
11 8 2 25
11 9 208 1
11 10 74 1
11 13 33 2
11 14 1 28
11 15 23 28
11 16 1 10
11 19 117 13
11 20 2 14
11 21 1 17
11 23 6 23
11 24 4 12
11 25 7 18
11 26 2 3
12 2 24 2
12 4 173 1
12 5 2 13
12 6 9 2
12 7 178 2
12 8 248 5
12 9 214 1
12 10 36 1
12 11 2 27
12 13 188 2
12 16 1 18
12 22 1 5
12 23 37 1
12 26 1 6
13 10 2 26
13 11 123 1
13 14 32 1
13 18 3 3
13 23 4 7
14 1 35 15
14 2 13 1
14 4 116 15
14 8 253 1
14 9 6 21
14 10 231 1
14 11 63 1
14 12 55 2
14 15 1 20
15 0 2 26
15 7 181 1
15 9 1 5
15 10 215 1
15 11 165 13
15 14 16 1
15 16 26 22
16 0 40 1
16 1 266 1
16 3 303 1
16 4 171 2
16 5 300 1
16 8 46 1
16 17 22 26
16 18 2 23
16 24 248 1
17 1 5 17
17 2 79 2
17 4 38 2
17 11 1 23
17 13 1 7
17 14 1 23
17 18 97 3
17 19 1 20
17 27 33 23
18 2 12 17
18 4 329 1
18 5 1 19
18 8 21 4
18 10 82 4
18 12 2 27
18 16 4 10
18 17 66 26
19 0 23 2
19 2 1 4
19 5 2 19
19 6 2 1
19 10 85 2
19 12 1 15
19 20 312 1
20 2 2 10
20 3 1 14
20 6 46 16
20 7 2 17
20 10 173 2
20 19 123 1
21 1 1 2
21 5 25 9
21 7 2 23
21 12 83 1
22 0 6 14
22 5 8 10
22 6 1 21
22 10 1 17
23 7 145 3
23 9 15 6
23 10 1 29
23 11 209 1
23 12 1 25
23 15 1 21
23 24 1 15
23 27 17 6
24 0 302 1
24 1 275 1
24 3 239 1
24 5 261 1
24 7 190 1
24 8 260 1
24 10 1 7
24 14 7 5
24 16 217 1
24 17 54 22
24 22 1 24
24 23 1 1
25 1 1 24
25 5 20 1
25 6 1 22
25 7 212 1
25 8 11 1
25 11 210 1
25 20 67 9
25 22 4 20
25 23 7 15
25 26 1 5
26 10 71 6
26 11 2 11
26 12 1 17
26 16 18 4
26 20 36 3
26 25 1 9
26 27 1 7
27 1 37 10
27 6 17 1
27 10 1 6
27 11 1 21
27 17 46 8
27 25 46 2
27 26 98 11
