0 1 11 16
0 2 46 1
0 3 48 23
0 5 28 27
0 6 1 12
0 7 126 1
0 8 35 26
0 10 139 1
0 11 101 1
0 15 1 1
0 16 76 25
0 17 1 22
0 19 1 3
0 22 1 28
0 24 23 7
1 0 35 24
1 2 4 26
1 3 16 4
1 4 20 4
1 5 44 11
1 6 41 14
1 7 2 20
1 8 16 14
1 9 230 1
1 10 45 2
1 11 15 19
1 13 1 4
1 14 100 5
1 16 15 16
1 17 5 14
1 19 27 2
1 20 150 2
1 24 14 10
2 0 1 6
2 1 14 1
2 3 3 18
2 4 1 15
2 6 1 26
2 8 19 9
2 9 2 2
2 10 162 1
2 11 70 7
2 12 59 3
2 13 8 27
2 16 16 5
2 17 3 2
2 18 2 13
2 20 9 22
2 22 2 16
2 24 21 1
2 27 26 4
3 0 66 8
3 1 77 9
3 2 242 1
3 4 184 3
3 5 14 19
3 6 3 2
3 7 165 1
3 8 221 3
3 10 162 1
3 11 42 22
3 16 60 3
3 18 1 18
3 19 14 5
3 20 147 1
3 24 15 4
4 0 131 1
4 5 30 24
4 6 9 1
4 7 44 1
4 8 264 1
4 9 285 1
4 10 2 28
4 11 79 1
4 12 11 4
4 13 1 2
4 15 1 4
4 18 2 2
5 0 14 17
5 1 15 8
5 3 14 13
5 4 2 2
5 6 126 1
5 7 1 11
5 8 65 26
5 9 16 23
5 10 176 1
5 11 9 2
5 16 72 16
5 18 1 10
5 20 54 1
5 21 1 7
5 24 14 14
6 0 1 13
6 1 1 4
6 2 8 2
6 4 327 1
6 5 28 3
6 7 371 7
6 7 125 12
6 8 12 15
6 9 265 28
6 10 369 6
6 12 1 5
6 14 25 27
6 16 6 19
6 17 104 2
6 19 1 21
6 20 150 11
6 22 2 5
6 23 71 1
6 24 80 5
7 0 1 25
7 1 157 1
7 2 41 19
7 3 7 1
7 4 139 1
7 5 1 21
7 6 4 1
7 8 23 1
7 9 1 21
7 10 338 1
7 11 101 28
7 14 1 23
7 15 1 11
7 16 1 25
7 17 1 22
7 18 104 1
7 20 1 17
7 21 8 29
7 24 1 10
7 25 154 1
8 0 38 1
8 1 13 13
8 2 4 24
8 3 42 27
8 4 2 22
8 5 15 18
8 6 129 25
8 7 102 1
8 10 446 1
8 11 91 1
8 12 107 1
8 14 92 1
8 16 15 12
8 17 172 1
8 18 171 2
8 24 29 24
8 25 1 25
9 0 74 1
9 1 1 24
9 4 136 1
9 5 196 10
9 6 9 5
9 8 23 12
9 10 5 19
9 11 3 5
9 12 3 15
9 15 1 4
9 18 94 1
9 19 1 29
9 20 50 6
9 24 3 8
9 25 6 21
9 26 1 4
10 2 1 10
10 3 13 6
10 4 2 21
10 5 231 1
10 6 3 1
10 8 14 20
10 9 199 18
10 11 74 4
10 12 80 1
10 13 48 1
10 14 4 19
10 15 1 4
10 16 30 7
10 17 177 1
10 20 6 12
10 23 55 2
10 24 167 3
10 26 66 2
10 27 20 17
11 0 261 1
11 2 26 22
11 3 1 12
11 6 209 1
11 7 145 1
11 8 8 1
11 9 1 28
11 10 61 1
11 12 2 17
11 13 29 8
11 14 80 1
11 15 147 2
11 17 5 8
11 20 1 28
11 21 94 20
11 22 3 18
11 25 1 3
12 2 1 22
12 5 145 3
12 6 2 16
12 7 67 2
12 9 47 25
12 11 84 8
12 13 8 18
12 15 2 3
12 17 114 1
12 18 18 13
12 21 19 4
12 22 88 26
12 25 1 7
13 1 65 5
13 4 83 27
13 5 1 29
13 7 84 1
13 8 108 2
13 9 23 2
13 10 84 1
13 11 1 22
13 12 158 1
14 1 2 1
14 6 23 2
14 8 1 22
14 9 24 1
14 10 153 1
14 12 8 21
14 15 45 1
14 16 13 2
14 18 22 3
14 25 2 6
15 3 13 14
15 4 6 15
15 5 7 28
15 7 49 10
15 8 1 23
15 9 84 4
15 10 2 14
15 11 45 27
15 13 3 3
15 14 1 18
15 16 31 27
15 17 63 2
15 18 16 3
15 21 1 1
15 23 5 3
15 25 3 12
16 0 14 22
16 1 67 13
16 3 56 10
16 4 9 2
16 5 84 26
16 7 2 19
16 8 15 23
16 11 1 27
16 17 53 1
16 18 71 1
16 20 41 1
16 22 1 11
16 23 1 1
16 24 45 26
17 0 161 1
17 1 24 1
17 2 14 10
17 3 53 3
17 4 30 20
17 5 4 3
17 6 13 2
17 8 1 10
17 9 20 8
17 10 1 21
17 12 8 1
17 14 1 2
17 16 6 10
17 19 77 4
17 20 16 5
17 23 1 12
17 24 4 14
17 27 4 19
18 2 2 17
18 4 4 29
18 5 15 3
18 12 1 10
18 16 33 1
18 17 131 4
18 24 4 27
19 0 25 1
19 1 14 13
19 4 103 2
19 5 1 18
19 8 41 2
19 11 4 15
19 12 1 26
19 16 3 26
19 17 13 3
19 20 201 1
20 1 112 2
20 2 3 1
20 3 13 2
20 4 12 7
20 6 1 23
20 8 45 2
20 11 1 17
20 16 13 19
20 19 39 1
21 1 2 4
21 2 8 6
21 4 38 8
21 6 1 14
21 11 3 5
21 15 9 20
22 3 1 5
22 6 5 26
22 8 61 2
22 11 89 1
22 15 2 18
23 6 1 11
23 8 10 29
23 10 124 1
23 12 18 17
23 14 2 6
23 15 1 29
23 16 25 3
23 19 1 15
23 27 13 3
24 0 27 6
24 1 36 19
24 3 24 22
24 5 27 19
24 6 11 12
24 7 1 19
24 8 44 1
24 11 280 1
24 15 1 4
24 16 15 29
24 20 1 15
24 26 30 5
25 0 18 3
25 6 1 6
25 7 15 4
25 10 29 20
25 11 15 1
25 15 29 4
25 20 22 7
25 26 36 7
26 6 49 29
26 11 1 6
26 18 20 3
26 19 13 3
26 22 2 20
26 25 2 24
27 0 60 1
27 2 6 20
27 10 3 3
27 11 91 1
27 26 1 27
