0 1 35 14
0 2 43 1
0 3 12 14
0 5 74 26
0 6 1 8
0 7 122 1
0 8 328 26
0 10 137 1
0 11 99 1
0 16 12 6
0 17 1 27
0 18 26 21
0 19 2 25
0 20 243 1
0 24 12 13
0 27 28 11
1 0 15 17
1 2 5 1
1 3 99 11
1 4 20 9
1 5 12 1
1 6 4 2
1 7 1 2
1 8 157 19
1 9 227 1
1 10 43 1
1 11 1 11
1 12 3 9
1 13 15 7
1 16 58 4
1 18 2 18
1 23 2 19
1 24 13 6
2 1 6 29
2 3 7 1
2 4 1 1
2 5 60 2
2 6 7 8
2 7 1 5
2 8 8 12
2 10 158 1
2 11 32 25
2 14 1 20
2 19 6 20
2 20 30 17
2 23 6 6
2 27 26 4
3 0 14 2
3 1 30 15
3 2 37 1
3 5 157 3
3 6 9 22
3 7 154 1
3 8 46 1
3 9 25 18
3 10 159 1
3 11 3 15
3 16 88 6
3 20 145 1
3 24 27 15
3 26 1 29
3 27 2 11
4 0 128 1
4 2 4 1
4 3 3 2
4 5 3 13
4 6 13 1
4 8 259 1
4 9 279 1
4 11 78 2
4 12 11 6
4 13 23 8
4 15 1 11
4 18 4 3
4 20 1 7
4 23 53 18
4 24 44 3
4 25 1 1
5 0 94 22
5 1 14 22
5 3 12 16
5 4 1 15
5 6 62 1
5 7 1 10
5 8 25 19
5 9 5 7
5 10 171 1
5 11 9 1
5 12 16 1
5 14 2 1
5 16 59 27
5 17 1 21
5 18 5 27
5 19 25 19
5 20 53 4
5 21 6 3
5 24 59 23
6 0 3 1
6 1 1 7
6 2 7 7
6 4 318 1
6 5 24 1
6 7 1 3
6 8 25 25
6 9 2 26
6 10 93 1
6 11 1 14
6 14 15 2
6 15 24 1
6 16 1 8
6 17 102 1
6 19 4 25
6 20 2 4
7 0 22 3
7 1 153 1
7 2 4 28
7 4 137 1
7 5 55 20
7 6 46 16
7 8 18 1
7 10 333 1
7 11 1 20
7 12 83 1
7 13 2 21
7 14 22 8
7 16 3 20
7 17 1 7
7 18 104 1
7 19 22 25
7 20 3 17
7 22 94 3
7 24 1 8
7 25 150 1
7 27 77 3
8 0 27 13
8 1 18 12
8 2 10 27
8 3 80 3
8 4 5 12
8 5 60 1
8 6 295 1
8 7 347 1
8 9 1 17
8 10 247 1
8 11 86 1
8 14 89 1
8 15 1 27
8 16 12 22
8 17 170 2
8 22 112 6
8 23 2 22
8 24 47 14
8 26 1 23
9 0 72 2
9 1 1 8
9 3 85 1
9 4 209 1
9 5 141 1
9 6 8 3
9 7 1 25
9 8 3 21
9 10 5 20
9 11 3 9
9 12 16 29
9 15 1 23
9 16 1 10
9 17 8 11
9 19 36 18
9 26 2 26
10 0 122 1
10 2 1 21
10 4 2 6
10 5 227 1
10 6 17 8
10 8 74 6
10 9 329 1
10 11 77 1
10 12 77 2
10 13 45 1
10 14 2 4
10 15 35 13
10 17 176 1
10 20 1 1
10 22 2 23
10 23 54 1
10 25 174 13
10 26 65 3
10 27 1 9
11 0 259 1
11 2 1 19
11 3 3 10
11 5 19 1
11 6 206 1
11 7 189 1
11 10 202 1
11 13 5 16
11 14 76 1
11 15 140 1
11 18 20 20
11 20 2 20
11 22 5 17
11 23 104 1
11 25 1 1
12 0 22 1
12 8 34 2
12 9 1 7
12 10 60 2
12 13 1 27
12 14 16 10
12 18 3 27
12 19 48 20
12 21 18 5
12 22 1 9
12 24 2 19
14 4 41 1
14 6 22 1
14 7 1 20
14 8 2 16
14 10 142 1
14 12 26 21
14 13 1 10
14 18 22 4
15 0 7 1
15 1 73 2
15 2 16 2
15 3 2 20
15 7 2 28
15 8 7 13
15 9 84 1
15 10 3 23
15 11 3 22
15 12 9 2
15 14 4 2
15 19 1 1
15 24 1 23
16 0 42 9
16 1 67 10
16 3 26 9
16 5 33 5
16 6 127 23
16 7 1 9
16 8 42 20
16 10 2 7
16 17 50 1
16 18 67 1
16 20 1 16
16 24 54 3
17 1 21 1
17 2 2 1
17 3 52 1
17 5 4 23
17 6 12 1
17 8 1 23
17 9 18 16
17 11 1 19
17 12 1 4
17 13 6 8
17 16 10 17
17 18 1 15
17 19 77 2
17 22 1 27
17 23 1 3
17 25 32 2
17 26 47 3
18 0 40 2
18 1 1 21
18 3 1 20
18 4 25 9
18 6 4 2
18 17 130 7
18 22 1 2
18 26 2 22
19 0 21 1
19 1 63 26
19 3 1 15
19 7 1 16
19 11 1 25
19 20 190 1
20 1 111 1
20 2 3 1
20 7 1 10
20 13 48 1
20 16 2 11
20 19 32 1
20 22 35 15
20 24 70 7
21 1 2 22
21 3 3 16
21 9 3 24
21 10 3 6
22 0 3 19
22 7 116 1
22 8 61 1
22 10 2 29
22 11 88 1
22 12 36 2
22 17 2 1
22 24 8 24
22 25 7 1
23 0 36 3
23 11 2 18
23 16 25 1
23 20 1 27
23 21 2 5
23 22 12 3
23 24 19 1
24 0 29 18
24 1 12 11
24 3 36 2
24 5 12 24
24 6 1 18
24 8 23 13
24 10 92 1
24 11 275 1
24 12 1 11
24 16 39 7
24 21 19 11
24 25 1 24
25 1 4 24
25 6 1 20
25 7 16 23
25 9 19 6
25 10 3 8
25 11 301 1
25 12 36 11
25 15 29 1
25 24 4 2
26 1 1 24
26 5 3 5
26 6 1 16
26 7 55 4
26 24 1 1
27 6 1 25
27 9 5 1
27 10 12 10
27 11 89 1
27 14 2 9
27 15 1 18
27 21 7 5
27 25 1 17
27 26 3 8
