0 1 50 9
0 2 41 1
0 3 10 29
0 5 11 17
0 6 1 8
0 7 119 1
0 8 10 10
0 10 136 2
0 11 97 1
0 13 43 2
0 16 10 29
0 17 1 15
0 19 3 11
0 24 26 13
0 25 1 20
1 0 163 19
1 2 18 13
1 3 106 5
1 4 10 9
1 5 44 24
1 6 13 27
1 7 2 26
1 8 13 3
1 9 225 1
1 11 1 22
1 14 99 6
1 16 11 20
1 19 25 2
1 20 148 1
1 21 57 2
1 22 64 22
1 24 131 22
1 26 6 25
2 0 2 1
2 1 359 1
2 3 5 10
2 4 1 11
2 5 60 2
2 6 5 10
2 8 4 21
2 10 156 1
2 14 12 7
2 17 11 27
2 20 1 4
3 0 28 18
3 1 11 28
3 2 32 2
3 4 182 2
3 5 29 18
3 6 1 20
3 7 148 1
3 8 26 19
3 10 158 1
3 11 10 13
3 12 5 8
3 16 11 13
3 18 1 6
3 19 14 2
3 20 143 1
3 24 90 25
4 0 126 1
4 3 2 1
4 5 24 15
4 6 11 1
4 7 42 1
4 8 256 1
4 9 276 1
4 10 1 17
4 11 77 2
4 14 1 19
4 18 2 6
4 19 1 3
4 20 1 18
4 23 2 9
5 0 25 3
5 1 12 18
5 2 1 10
5 3 11 18
5 4 1 14
5 6 40 3
5 7 1 26
5 8 34 2
5 9 6 8
5 10 168 1
5 16 11 11
5 24 11 10
5 27 28 28
6 0 18 11
6 1 1 16
6 2 298 1
6 4 314 1
6 5 33 21
6 8 10 16
6 9 3 6
6 10 366 1
6 11 1 6
6 12 2 7
6 14 15 12
6 21 1 8
6 27 1 27
7 1 151 2
7 2 37 26
7 3 3 1
7 4 136 2
7 6 4 13
7 8 15 1
7 10 330 1
7 14 9 3
7 15 1 6
7 18 103 2
7 24 1 3
7 25 148 1
7 26 15 19
8 0 10 9
8 1 10 6
8 2 4 19
8 3 105 3
8 4 2 6
8 5 11 8
8 6 258 1
8 7 175 1
8 10 238 1
8 11 84 1
8 12 104 1
8 14 87 1
8 15 1 15
8 16 47 25
8 17 169 1
8 19 82 1
8 23 15 20
8 24 47 14
8 25 1 25
8 27 5 21
9 0 72 1
9 2 5 6
9 4 207 1
9 5 135 12
9 6 3 27
9 8 11 28
9 10 19 16
9 12 13 28
9 14 56 20
9 15 3 13
9 18 59 7
9 19 1 5
9 20 49 4
9 23 45 1
9 27 3 11
10 0 121 1
10 3 13 9
10 4 5 25
10 5 6 1
10 6 2 8
10 7 1 1
10 8 21 15
10 9 321 1
10 11 75 1
10 12 76 1
10 14 4 26
10 15 1 11
10 17 176 1
10 20 2 23
10 24 166 1
10 27 1 20
11 1 1 3
11 3 1 17
11 6 204 1
11 7 175 1
11 8 5 2
11 10 201 1
11 12 1 19
11 13 43 27
11 14 73 1
11 15 134 1
11 16 2 6
11 17 1 7
11 18 1 8
11 20 2 28
11 21 1 12
11 24 1 25
11 25 1 16
12 1 1 17
12 5 143 2
12 7 65 1
12 8 34 1
12 9 1 1
12 10 60 1
12 13 9 3
12 15 5 16
12 16 69 5
12 22 4 18
12 23 1 17
12 25 1 27
12 27 6 10
13 1 65 2
13 7 82 1
13 10 79 1
13 12 154 1
13 19 5 19
14 1 1 13
14 5 6 12
14 6 21 2
14 7 31 28
14 8 4 23
14 9 22 2
14 10 136 1
14 12 1 13
14 13 2 7
14 17 56 5
14 21 6 27
14 25 2 4
15 1 73 4
15 2 16 1
15 3 9 27
15 7 2 9
15 10 1 16
15 12 8 6
15 14 5 1
15 23 5 1
15 27 22 25
16 0 24 23
16 1 12 7
16 2 8 16
16 3 39 3
16 4 8 2
16 5 11 10
16 8 24 16
16 10 1 28
16 11 2 26
16 12 10 15
16 17 48 1
16 18 65 1
16 20 44 12
16 24 26 26
17 0 157 1
17 1 19 1
17 3 51 1
17 4 1 8
17 5 2 2
17 6 12 1
17 8 2 23
17 9 2 10
17 10 1 4
17 13 2 25
17 15 9 2
17 16 1 20
17 18 1 14
17 19 77 1
17 23 4 7
17 24 14 19
17 25 32 2
17 26 4 16
18 0 40 2
18 4 16 24
18 5 14 4
18 6 4 9
18 9 3 3
18 16 28 2
18 19 30 1
18 22 1 27
19 0 19 1
19 1 1 21
19 3 2 16
19 4 3 26
19 10 19 5
19 11 1 14
19 17 12 4
19 20 184 1
20 0 1 11
20 1 110 1
20 2 150 2
20 3 11 3
20 6 1 3
20 8 43 1
20 10 60 1
20 13 48 1
20 18 75 1
20 19 31 1
20 23 15 23
20 25 4 29
21 2 8 9
21 6 37 15
21 9 4 16
21 10 1 6
22 0 28 7
22 12 35 3
22 18 8 25
23 1 60 1
23 6 1 26
23 9 1 12
23 11 2 21
23 12 1 13
23 13 3 25
23 14 2 6
23 15 1 12
23 16 24 4
23 20 1 29
24 0 54 13
24 1 25 23
24 2 2 26
24 3 46 11
24 5 133 21
24 8 43 27
24 10 91 1
24 11 273 1
24 14 3 29
24 16 11 7
24 25 1 7
24 26 30 1
25 1 80 15
25 6 2 17
25 7 5 25
25 10 84 25
25 11 296 1
25 14 1 21
25 18 1 1
25 22 2 24
25 23 12 18
25 24 4 5
26 8 4 2
26 11 1 24
26 15 2 19
27 1 3 4
27 11 87 2
27 17 19 1
27 22 10 19
27 24 1 12
27 26 1 9
