0 1 232 1
0 2 75 28
0 3 283 1
0 4 1 24
0 5 276 1
0 6 8 3
0 7 4 9
0 8 197 1
0 14 1 4
0 16 348 1
0 17 116 2
0 20 3 20
0 24 296 1
1 0 280 1
1 2 36 1
1 3 270 1
1 4 299 1
1 5 84 1
1 6 328 11
1 6 279 20
1 8 221 1
1 9 7 10
1 16 179 1
1 17 143 1
1 24 223 1
1 27 38 4
2 0 235 26
2 1 3 20
2 3 12 17
2 4 217 2
2 6 283 4
2 7 1 19
2 8 3 3
2 10 5 7
2 11 41 2
2 15 1 28
2 19 9 2
2 24 33 19
3 0 198 8
3 1 96 11
3 2 269 1
3 5 49 1
3 7 65 1
3 8 189 3
3 10 1 6
3 11 117 1
3 13 7 10
3 16 26 8
3 19 53 18
3 20 1 23
3 24 255 1
4 0 10 11
4 1 6 2
4 2 1 22
4 3 39 27
4 5 3 28
4 6 2 25
4 8 21 26
4 9 14 23
4 10 213 1
4 12 1 20
4 14 2 10
4 15 4 18
4 16 144 3
4 17 258 1
4 18 3 6
5 0 65 1
5 1 1 24
5 3 290 1
5 6 2 20
5 7 139 1
5 9 109 1
5 10 2 4
5 11 2 5
5 12 1 14
5 16 213 1
5 19 1 24
5 23 21 25
5 24 214 1
6 1 12 20
6 2 53 1
6 4 1 19
6 5 150 1
6 7 31 1
6 8 114 1
6 9 1 22
6 10 7 2
6 13 64 1
6 14 1 1
6 15 125 11
6 18 152 2
6 23 1 13
6 24 1 11
7 1 1 15
7 2 231 1
7 3 10 15
7 5 104 1
7 6 50 29
7 8 14 17
7 9 32 28
7 10 99 7
7 11 28 24
7 13 3 11
7 14 62 1
7 15 4 26
7 16 1 20
7 20 39 2
7 22 3 24
7 25 2 25
7 26 2 5
7 27 159 27
8 0 308 1
8 1 140 1
8 2 9 8
8 3 200 1
8 4 243 1
8 5 222 1
8 6 215 1
8 7 230 1
8 9 392 23
8 11 9 13
8 13 128 2
8 14 1 29
8 15 25 1
8 16 255 1
8 19 127 4
8 20 2 5
8 24 283 1
8 27 1 9
9 3 1 21
9 5 1 1
9 6 12 5
9 7 1 24
9 8 100 1
9 10 5 24
9 11 22 1
9 12 255 1
9 13 93 1
9 16 2 12
9 17 45 2
9 18 3 2
9 19 2 4
9 21 59 3
10 1 282 1
10 3 1 17
10 4 3 20
10 5 3 16
10 6 5 26
10 8 28 6
10 9 148 1
10 11 59 1
10 13 1 2
10 14 9 2
10 15 75 1
10 17 1 6
10 18 62 1
10 24 1 16
10 25 4 22
11 0 2 8
11 2 88 1
11 3 316 3
11 4 104 2
11 5 2 24
11 6 209 7
11 7 288 1
11 8 1 5
11 9 205 1
11 10 67 1
11 13 32 1
11 14 2 3
11 15 7 24
11 22 3 10
11 23 10 1
11 24 1 22
11 25 2 13
11 26 1 7
11 27 2 25
12 0 105 1
12 1 9 2
12 2 23 4
12 6 8 2
12 7 177 3
12 9 207 1
12 11 1 2
12 14 6 18
12 15 31 5
12 18 1 23
13 0 24 12
13 1 83 17
13 7 1 9
13 8 129 1
13 10 4 26
13 11 121 1
13 14 30 1
13 22 8 14
14 7 49 1
14 8 252 1
14 9 3 20
14 10 219 1
14 11 59 1
14 12 53 1
14 15 15 19
14 22 2 9
14 23 24 29
14 26 9 1
15 4 62 1
15 7 176 1
15 8 107 1
15 9 2 21
15 10 211 1
15 11 4 24
15 14 13 1
16 0 299 1
16 1 202 1
16 3 239 1
16 4 170 1
16 5 241 1
16 6 2 4
16 8 217 1
16 9 1 20
16 12 1 10
16 17 2 7
16 18 1 20
16 24 191 4
17 0 207 29
17 1 16 29
17 2 77 1
17 3 1 11
17 7 2 10
17 8 1 12
17 14 24 25
17 19 1 5
17 21 7 11
18 0 140 1
18 4 325 1
18 5 1 13
18 6 90 2
18 8 21 1
18 9 18 2
18 10 81 1
18 12 14 18
18 15 2 21
18 16 5 20
19 2 1 18
19 4 2 24
19 6 86 21
19 10 85 1
19 13 1 5
19 20 302 1
19 26 9 12
20 0 236 1
20 2 2 7
20 3 2 18
20 4 112 1
20 5 1 22
20 6 1 27
20 7 1 28
20 8 218 1
20 11 71 1
20 16 1 19
20 18 88 12
20 19 113 1
20 25 3 4
21 12 83 1
21 15 14 12
22 2 10 3
22 7 1 13
22 10 2 12
22 11 1 2
22 12 101 20
22 14 1 2
22 16 17 4
23 10 3 24
23 11 207 1
23 15 24 9
23 16 25 21
23 17 31 1
23 24 1 21
23 26 1 14
24 0 238 1
24 1 220 1
24 3 178 1
24 5 210 1
24 7 187 2
24 8 196 1
24 10 160 18
24 16 177 2
24 17 1 27
24 21 1 13
24 26 1 4
24 27 1 14
25 0 87 2
25 3 36 2
25 4 1 22
25 7 209 1
25 10 12 3
25 11 199 1
25 16 8 3
25 27 18 1
26 6 1 14
26 9 10 12
26 11 2 3
26 13 1 1
26 16 17 28
26 24 35 1
27 4 49 1
27 10 2 18
27 11 5 18
27 25 45 1
