0 1 215 1
0 2 17 1
0 3 344 1
0 4 284 2
0 5 90 3
0 6 1 8
0 8 282 1
0 9 3 2
0 10 120 1
0 11 77 1
0 16 90 1
0 17 2 12
0 18 2 18
0 19 3 5
0 20 231 25
0 24 163 1
0 25 1 19
1 0 210 19
1 2 18 22
1 3 17 5
1 4 204 1
1 5 3 18
1 6 197 4
1 7 2 5
1 8 162 1
1 10 24 3
1 12 1 18
1 14 93 3
1 16 86 1
1 17 2 1
1 18 8 28
1 19 14 1
1 23 15 28
1 24 88 1
2 0 6 4
2 1 251 1
2 3 12 19
2 4 1 10
2 5 56 1
2 6 9 28
2 7 3 22
2 8 51 11
2 10 133 1
2 11 3 17
2 12 53 5
2 14 1 23
2 17 32 5
2 18 1 3
2 20 32 13
2 22 3 21
2 26 15 1
3 0 236 29
3 1 362 1
3 2 168 1
3 5 34 1
3 7 93 1
3 8 34 1
3 9 1 5
3 11 5 4
3 14 16 2
3 16 26 1
3 20 120 1
3 24 150 1
4 0 93 1
4 1 2 2
4 3 155 3
4 5 3 16
4 7 28 2
4 8 205 1
4 9 220 1
4 10 1 20
4 18 1 25
4 20 1 18
4 22 1 13
4 23 53 26
4 24 40 3
5 0 51 4
5 1 130 1
5 3 27 3
5 4 4 9
5 6 21 1
5 8 19 1
5 9 34 20
5 10 122 1
5 11 181 1
5 12 6 1
5 16 11 10
5 18 8 23
5 24 71 1
6 0 2 6
6 1 2 2
6 2 286 3
6 3 32 2
6 4 227 1
6 5 15 25
6 8 374 28
6 8 137 1
6 9 6 10
6 10 71 4
6 11 1 12
6 12 3 7
6 14 13 6
6 15 17 1
6 17 77 2
6 19 3 7
6 20 1 26
6 22 2 24
6 24 73 2
7 1 117 2
7 2 2 23
7 3 2 27
7 4 116 1
7 5 1 9
7 6 2 13
7 8 1 20
7 10 282 1
7 11 157 3
7 14 38 6
7 15 1 24
7 16 56 19
7 17 2 24
7 20 4 3
7 22 87 3
7 23 17 2
7 25 111 1
8 0 228 1
8 1 341 1
8 2 12 3
8 3 278 1
8 4 3 16
8 5 384 1
8 6 255 1
8 7 44 1
8 9 2 19
8 10 125 1
8 11 44 1
8 12 85 1
8 13 1 6
8 14 59 1
8 15 7 2
8 16 148 1
8 17 150 2
8 20 208 5
8 24 228 1
8 25 1 26
8 27 1 25
9 3 74 3
9 4 113 1
9 5 95 1
9 6 20 18
9 8 2 25
9 10 28 3
9 11 1 2
9 12 1 21
9 14 1 1
9 15 29 23
9 17 1 17
9 21 8 1
9 22 2 3
10 2 1 11
10 4 1 4
10 5 186 1
10 6 20 29
10 8 6 16
10 9 132 1
10 11 423 1
10 12 52 2
10 13 22 1
10 14 48 8
10 15 6 1
10 23 42 2
10 24 158 4
10 25 1 9
10 26 61 1
11 2 7 15
11 3 1 25
11 6 171 1
11 7 6 1
11 9 1 17
11 10 176 1
11 12 12 21
11 13 1 18
11 14 37 1
11 15 160 1
11 19 67 1
11 20 1 25
11 22 13 13
11 23 79 1
11 24 5 9
11 25 24 17
11 26 133 26
11 27 22 3
12 1 1 22
12 3 56 1
12 5 132 19
12 6 1 4
12 8 22 1
12 13 2 26
12 17 109 1
12 18 1 24
12 23 1 29
12 24 1 23
13 2 4 27
13 8 95 2
13 10 51 1
13 12 129 1
13 14 1 5
13 25 2 1
14 0 60 5
14 1 106 16
14 4 33 3
14 7 1 1
14 8 1 14
14 9 11 2
14 10 163 1
14 11 2 1
14 13 14 6
14 15 9 1
14 18 20 1
14 20 69 1
14 21 3 6
14 22 11 4
15 1 67 4
15 8 12 12
15 9 75 1
15 10 30 7
15 11 14 1
15 12 5 1
15 14 2 15
16 0 70 2
16 1 237 1
16 2 2 25
16 3 103 1
16 4 3 1
16 5 138 1
16 7 1 26
16 8 226 12
16 10 16 2
16 12 44 23
16 14 1 1
16 17 19 1
16 20 15 20
16 24 205 1
17 0 130 1
17 2 9 27
17 3 38 1
17 4 41 22
17 5 127 21
17 7 201 4
17 8 1 16
17 9 2 14
17 10 2 29
17 12 1 17
17 15 7 2
17 16 18 26
17 18 1 5
17 19 70 4
17 20 20 18
17 25 29 2
18 3 7 7
18 4 65 5
18 6 1 14
18 8 1 8
18 12 2 15
18 16 8 2
18 17 180 6
19 0 184 1
19 1 2 2
19 2 11 25
19 6 90 3
19 7 2 17
19 9 66 4
19 10 16 1
19 11 82 26
19 20 95 1
20 0 4 28
20 1 94 2
20 2 145 1
20 3 3 4
20 9 58 1
20 10 51 1
20 12 24 13
20 16 16 11
20 25 71 23
21 1 1 17
21 6 1 12
21 7 1 2
21 10 3 13
21 15 9 3
21 22 4 2
21 23 12 5
22 0 1 4
22 4 2 2
22 7 111 1
22 9 1 18
22 10 3 25
22 11 75 3
22 20 21 1
22 23 21 6
23 2 11 13
23 6 1 22
23 8 3 5
23 11 1 18
23 15 1 28
23 22 3 24
23 27 12 6
24 0 143 1
24 1 153 1
24 2 1 25
24 3 189 1
24 5 8 18
24 6 28 3
24 7 1 24
24 8 41 1
24 11 223 1
24 14 1 16
24 16 244 1
24 20 4 11
24 23 6 1
25 1 5 10
25 3 1 5
25 6 97 19
25 7 1 27
25 8 19 20
25 9 15 1
25 11 193 1
25 15 1 1
25 18 2 24
25 20 19 2
26 4 58 1
26 7 49 2
26 12 9 6
26 18 6 12
26 24 1 24
26 27 1 23
27 1 1 7
27 5 1 3
27 8 92 14
27 11 68 1
27 14 2 15
27 16 22 12
27 26 19 17
