0 1 170 1
0 2 13 1
0 3 201 1
0 5 60 1
0 6 2 25
0 8 199 4
0 10 116 1
0 11 71 2
0 16 128 1
0 17 2 25
0 19 38 21
0 20 42 1
0 22 1 27
0 24 59 1
1 0 85 1
1 2 4 1
1 3 60 1
1 4 420 1
1 5 27 11
1 6 9 4
1 8 72 4
1 9 190 1
1 10 20 3
1 11 3 5
1 12 71 9
1 16 31 1
1 17 436 1
1 18 1 29
1 19 12 2
1 20 129 1
1 24 76 1
1 26 1 13
2 0 8 5
2 1 205 1
2 3 4 2
2 4 6 27
2 6 3 27
2 7 1 1
2 8 104 9
2 10 123 27
2 11 2 1
2 13 8 3
2 20 5 15
2 22 3 24
3 0 114 1
3 1 177 1
3 2 125 1
3 5 89 1
3 6 1 27
3 7 71 1
3 8 168 1
3 10 127 1
3 11 2 1
3 12 4 23
3 16 49 1
3 22 1 26
3 24 97 1
4 1 3 4
4 5 61 28
4 8 191 1
4 9 204 1
4 10 2 24
4 14 22 5
4 15 1 13
4 18 1 10
4 20 1 10
4 21 3 24
5 0 14 1
5 1 29 10
5 3 146 1
5 4 2 10
5 7 4 20
5 8 7 9
5 9 15 11
5 10 110 1
5 15 20 8
5 16 34 1
5 17 2 27
5 20 47 2
5 21 1 21
5 24 42 3
6 0 2 14
6 1 6 15
6 2 280 1
6 3 29 1
6 4 204 1
6 5 12 14
6 7 17 16
6 7 382 9
6 7 95 1
6 8 41 4
6 9 415 5
6 10 301 1
6 11 5 29
6 15 16 1
6 16 102 9
6 17 71 2
6 24 72 1
7 0 49 3
7 2 1 25
7 3 6 13
7 6 7 28
7 8 2 18
7 10 268 1
7 11 375 7
7 12 70 2
7 14 1 13
7 15 2 13
7 19 1 19
7 23 17 2
7 25 102 1
7 26 86 6
8 0 79 14
8 1 188 9
8 2 4 6
8 3 47 1
8 4 6 21
8 5 5 22
8 6 133 1
8 7 247 1
8 9 2 20
8 10 174 1
8 11 35 1
8 12 80 2
8 13 1 19
8 14 52 1
8 16 68 1
8 18 159 2
8 19 72 2
8 22 105 1
8 24 135 1
8 27 1 29
9 0 55 3
9 3 72 1
9 4 171 1
9 5 40 1
9 6 4 2
9 8 18 22
9 10 43 8
9 11 150 2
9 12 4 7
9 16 1 9
9 18 57 4
9 19 23 20
9 23 39 8
9 24 1 3
9 25 1 24
9 27 1 14
10 0 101 1
10 2 2 15
10 4 2 12
10 5 174 1
10 6 4 24
10 7 2 5
10 8 5 10
10 9 87 1
10 11 405 1
10 12 46 2
10 13 17 1
10 15 58 2
10 17 164 2
10 20 1 5
10 22 1 2
10 23 39 4
10 24 156 1
10 26 59 3
11 0 240 2
11 2 1 5
11 3 7 5
11 5 159 3
11 6 162 1
11 9 2 8
11 10 54 1
11 12 3 14
11 14 29 1
11 15 170 1
11 18 20 15
11 20 3 24
11 21 1 4
11 23 72 2
11 24 2 5
11 25 4 7
11 27 19 2
12 0 15 5
12 1 6 22
12 2 4 16
12 3 55 4
12 5 14 1
12 6 37 28
12 7 53 3
12 9 22 28
12 10 240 8
12 13 30 8
12 15 6 29
12 17 107 4
12 22 88 24
12 26 2 22
13 6 1 9
13 8 91 1
13 9 14 1
13 11 24 12
13 14 2 19
13 20 27 3
14 2 3 21
14 4 32 1
14 6 10 1
14 7 1 25
14 8 7 18
14 10 136 1
14 11 4 1
14 15 35 1
14 22 10 2
15 2 13 1
15 3 1 6
15 7 54 16
15 10 5 19
15 11 83 1
15 14 3 28
16 0 117 1
16 1 218 1
16 2 1 22
16 3 146 1
16 4 2 10
16 5 52 1
16 8 42 21
16 10 1 1
16 11 18 5
16 12 1 18
16 24 149 1
17 0 123 1
17 4 70 29
17 9 1 3
17 16 2 2
17 19 69 2
17 23 11 8
18 1 2 15
18 4 5 22
18 6 1 18
18 8 1 17
18 9 44 3
18 12 1 13
18 15 1 13
18 16 5 1
18 20 27 4
18 24 1 1
19 0 172 1
19 1 2 28
19 4 9 12
19 5 26 1
19 8 31 6
19 12 46 3
19 13 1 9
19 16 3 2
19 18 32 12
19 20 73 1
20 0 4 11
20 1 90 2
20 3 2 1
20 5 92 5
20 7 1 6
20 8 29 4
20 10 49 1
20 11 3 10
20 15 1 18
20 16 53 5
20 22 35 2
20 23 1 9
20 27 15 6
21 1 4 6
21 2 8 2
21 6 1 7
21 9 12 16
21 10 11 11
21 15 8 22
21 23 11 7
22 8 51 1
22 12 24 1
22 14 18 1
22 15 1 3
22 21 1 24
22 26 1 8
23 3 11 10
23 8 11 28
23 11 2 12
23 12 1 7
23 13 1 14
23 17 5 4
23 18 5 5
23 19 1 1
23 21 2 11
23 22 1 12
24 0 10 5
24 1 14 1
24 3 18 2
24 4 3 15
24 5 118 1
24 7 3 27
24 8 106 1
24 10 73 3
24 11 209 1
24 14 1 18
24 16 117 1
24 20 1 3
24 22 18 3
24 23 4 6
25 1 5 15
25 7 1 26
25 10 1 4
25 11 173 1
25 14 1 10
25 15 26 1
25 18 2 7
25 21 9 16
25 24 2 1
26 0 54 2
26 2 9 23
26 6 4 5
26 8 3 21
27 0 56 2
27 1 1 5
27 3 2 19
27 11 63 1
27 25 1 4
27 26 1 9
