0 1 36 1
0 2 9 2
0 3 296 1
0 4 37 2
0 5 27 1
0 6 15 17
0 7 68 1
0 8 136 1
0 9 131 5
0 11 67 1
0 16 64 1
0 17 75 10
0 18 28 17
0 19 1 29
0 20 38 1
0 24 52 1
0 25 1 12
0 26 54 7
1 0 44 6
1 2 14 8
1 3 33 1
1 5 40 1
1 6 5 11
1 7 1 29
1 8 22 1
1 9 183 1
1 10 17 2
1 12 2 24
1 13 33 27
1 14 90 1
1 16 150 1
1 17 66 1
1 18 1 2
1 20 125 1
1 24 26 1
2 0 2 26
2 1 170 1
2 3 28 2
2 4 1 20
2 6 1 28
2 8 12 13
2 10 20 1
2 11 35 9
2 16 11 1
2 20 1 4
2 21 12 10
2 27 25 1
3 0 45 15
3 1 117 1
3 2 107 1
3 4 162 3
3 5 92 1
3 6 4 23
3 7 55 1
3 8 51 1
3 9 46 20
3 10 122 1
3 11 79 23
3 16 13 1
3 17 1 6
3 20 109 1
3 23 3 15
3 24 50 1
3 26 2 28
4 0 78 1
4 1 2 11
4 3 19 1
4 5 2 6
4 7 23 1
4 8 180 1
4 9 192 1
4 11 59 3
4 13 1 20
4 18 1 23
4 20 1 26
4 22 1 24
5 0 147 1
5 3 55 1
5 4 10 3
5 6 4 2
5 7 1 15
5 8 13 8
5 9 70 26
5 10 101 1
5 11 177 3
5 12 3 1
5 14 50 4
5 15 20 13
5 16 122 1
5 18 1 13
5 21 7 12
5 24 4 12
6 0 2 27
6 1 7 28
6 3 211 1
6 4 186 1
6 5 60 7
6 7 89 26
6 8 241 12
6 9 7 16
6 10 280 1
6 11 1 7
6 12 22 22
6 13 2 29
6 14 24 1
6 15 14 3
6 16 2 22
7 0 1 21
7 1 102 1
7 2 1 2
7 3 2 27
7 4 106 1
7 6 2 21
7 8 5 1
7 9 4 21
7 10 257 1
7 11 396 1
7 13 96 1
7 14 1 4
7 16 4 21
7 22 84 1
7 23 102 2
7 25 94 1
7 27 59 2
8 0 121 1
8 1 176 13
8 2 4 2
8 3 99 1
8 4 5 17
8 5 227 1
8 6 62 1
8 7 221 8
8 9 1 5
8 10 117 1
8 11 29 1
8 12 76 1
8 14 46 1
8 15 2 18
8 16 15 1
8 17 140 1
8 18 157 1
8 20 204 1
8 23 20 1
8 24 34 1
8 25 13 12
8 26 85 5
8 27 2 17
9 0 53 1
9 3 70 1
9 4 160 1
9 5 161 1
9 6 23 4
9 7 1 8
9 8 5 25
9 10 52 7
9 11 1 18
9 14 1 17
9 18 56 17
9 23 39 1
10 2 1 18
10 3 14 22
10 5 164 1
10 6 2 5
10 7 2 13
10 8 109 2
10 9 52 1
10 11 389 1
10 12 42 1
10 15 1 21
10 17 162 1
10 19 7 2
10 20 26 25
10 21 1 17
10 22 3 10
10 23 37 3
10 24 154 1
11 0 237 1
11 1 194 13
11 2 1 5
11 3 1 12
11 6 155 1
11 7 2 9
11 9 3 22
11 10 39 1
11 12 2 23
11 13 2 10
11 14 23 2
11 15 40 1
11 16 1 22
11 17 9 9
11 18 2 9
11 19 63 2
11 20 3 8
11 22 1 26
11 23 67 1
11 24 2 15
11 25 5 15
12 3 54 1
12 6 2 20
12 7 51 3
12 8 17 1
12 9 266 1
12 10 292 2
12 11 1 21
12 13 31 27
12 17 106 8
12 24 1 7
12 26 1 1
13 3 1 13
13 4 82 20
13 5 2 23
13 6 2 7
13 7 65 3
13 9 12 5
13 11 1 10
13 12 115 1
13 14 4 15
13 24 2 15
14 2 2 7
14 5 1 16
14 6 8 2
14 7 3 4
14 8 1 19
14 10 114 1
14 11 1 17
14 12 11 16
14 13 1 5
14 15 28 16
14 17 51 1
14 18 19 2
14 21 1 28
14 22 11 1
15 1 64 2
15 3 16 13
15 5 3 20
15 8 6 2
15 9 70 3
15 10 1 2
15 11 163 1
16 0 23 1
16 1 120 1
16 2 1 13
16 3 45 1
16 5 15 15
16 7 1 16
16 8 147 1
16 10 16 13
16 12 5 27
16 17 10 1
16 19 1 7
16 20 6 28
16 24 71 1
16 25 33 5
16 26 26 17
17 0 117 1
17 2 23 1
17 3 32 3
17 4 1 14
17 5 1 1
17 6 1 2
17 8 21 3
17 9 1 22
17 10 15 23
17 13 3 24
17 14 1 6
17 16 23 17
17 18 1 28
17 19 67 6
17 20 21 3
17 23 11 20
18 2 1 22
18 4 2 2
18 5 6 2
18 6 8 25
18 9 1 3
18 12 84 3
18 14 39 1
18 16 3 1
18 17 178 1
18 19 27 1
19 0 162 1
19 3 1 5
19 8 30 3
19 14 11 3
19 16 2 12
19 20 56 1
19 23 1 6
20 0 9 12
20 1 87 1
20 2 142 5
20 7 1 14
20 8 27 4
20 14 1 3
20 17 2 21
20 18 70 10
20 24 74 4
21 0 2 1
21 6 1 11
21 9 6 18
21 11 85 2
21 14 1 6
21 17 15 25
21 22 4 6
22 0 1 28
22 1 2 22
22 9 1 28
22 12 23 1
22 25 6 1
22 26 2 11
23 2 11 21
23 4 4 4
23 5 21 1
23 11 1 25
23 15 3 2
23 20 1 25
23 24 9 2
24 0 35 2
24 1 50 1
24 3 10 1
24 5 25 1
24 8 94 1
24 10 70 1
24 11 197 1
24 16 40 1
24 21 19 2
24 23 3 5
25 1 4 10
25 7 96 14
25 9 12 7
25 10 1 29
25 11 152 1
25 14 6 5
25 15 25 1
25 17 1 21
25 18 1 28
25 19 3 5
25 26 30 1
25 27 1 11
26 5 1 28
26 24 5 12
26 25 2 9
26 27 1 8
27 2 1 12
27 6 1 20
27 11 59 1
27 14 2 22
27 15 27 4
27 25 1 28
27 26 1 12
