0 1 1 18
0 3 213 22
0 4 274 2
0 5 4 23
0 6 18 13
0 7 54 1
0 8 3 6
0 9 127 1
0 10 105 1
0 11 59 1
0 16 4 13
0 17 4 7
0 18 35 27
0 19 8 16
0 20 31 1
0 24 48 27
1 0 3 10
1 2 3 10
1 3 11 16
1 4 174 1
1 5 5 23
1 6 19 2
1 7 50 14
1 8 347 27
1 9 169 1
1 11 1 1
1 12 1 22
1 14 87 5
1 16 4 5
1 17 50 1
1 18 168 17
1 20 118 1
1 24 44 8
2 0 6 10
2 1 103 1
2 3 51 26
2 4 2 15
2 6 2 28
2 7 1 9
2 8 3 29
2 10 3 1
2 11 3 18
2 12 48 2
2 15 20 4
2 17 1 25
2 24 16 8
3 0 6 1
3 1 300 17
3 2 47 1
3 4 155 1
3 5 5 14
3 6 1 22
3 7 27 1
3 8 3 6
3 9 1 27
3 10 110 2
3 16 5 10
3 17 1 19
3 18 1 14
3 23 3 2
3 24 4 5
3 25 2 3
4 0 65 1
4 1 44 18
4 3 147 15
4 5 2 20
4 7 18 1
4 8 157 1
4 9 165 1
4 10 1 28
4 12 1 7
4 18 3 27
4 22 1 9
4 24 37 2
4 27 24 12
5 0 5 27
5 1 5 18
5 3 4 17
5 4 3 22
5 6 19 25
5 7 9 24
5 8 6 24
5 9 30 5
5 10 82 1
5 11 7 2
5 13 16 17
5 14 49 20
5 16 4 1
5 20 43 4
5 21 7 22
5 24 5 18
6 0 2 11
6 1 20 15
6 2 258 1
6 3 28 2
6 4 149 1
6 5 2 14
6 7 385 1
6 8 143 1
6 9 9 5
6 10 53 1
6 12 2 16
6 13 2 22
6 17 57 2
6 19 1 4
6 22 1 29
6 23 63 6
6 27 26 18
7 0 48 11
7 1 87 1
7 2 190 11
7 3 27 23
7 4 97 1
7 5 1 24
7 6 2 5
7 8 6 3
7 10 233 1
7 11 29 1
7 12 63 4
7 13 59 10
7 14 45 19
7 15 1 17
7 18 90 6
7 19 5 21
7 20 28 14
7 22 80 3
7 23 13 2
7 24 2 22
7 25 79 1
7 27 54 2
8 0 137 6
8 1 123 8
8 2 23 11
8 3 2 26
8 4 42 13
8 5 1 16
8 7 178 9
8 9 11 12
8 10 51 1
8 11 17 1
8 12 68 1
8 13 3 16
8 15 10 9
8 16 5 21
8 17 131 1
8 18 152 3
8 19 66 3
8 20 199 1
8 22 101 2
8 23 4 16
8 24 4 22
8 25 1 22
8 27 2 2
9 0 47 2
9 1 1 12
9 4 84 1
9 5 66 1
9 6 127 13
9 7 17 5
9 8 2 25
9 10 4 23
9 12 4 2
9 14 1 1
9 16 13 14
9 17 2 26
9 18 56 1
9 22 4 6
9 25 1 29
10 0 90 1
10 1 1 29
10 2 4 4
10 3 159 2
10 5 142 1
10 6 2 19
10 7 2 28
10 8 3 20
10 9 166 1
10 11 108 1
10 12 33 2
10 14 88 2
10 21 1 2
10 22 3 19
10 23 33 2
10 27 2 29
11 0 229 1
11 2 2 19
11 3 14 20
11 5 8 2
11 6 140 1
11 7 5 1
11 9 1 9
11 10 34 1
11 12 1 25
11 13 1 26
11 14 13 1
11 15 130 1
11 16 1 7
11 17 1 6
11 18 3 6
11 20 1 3
11 21 1 5
11 23 57 2
11 24 13 5
11 25 4 9
12 0 13 1
12 6 56 10
12 7 47 3
12 9 5 1
12 10 284 1
12 13 9 29
12 14 63 4
12 15 7 23
12 21 7 6
12 26 1 27
13 1 57 1
13 3 2 7
13 6 1 11
13 8 81 1
13 10 28 1
13 11 1 28
13 12 102 1
13 14 5 20
13 21 11 14
13 23 4 29
14 1 111 1
14 4 27 4
14 7 57 24
14 8 1 10
14 10 75 1
14 12 12 23
14 13 1 14
14 15 26 1
14 23 2 7
15 0 87 12
15 1 62 1
15 7 96 7
15 8 1 5
15 10 1 19
15 11 57 1
15 14 1 27
15 25 1 23
15 26 1 24
16 0 4 5
16 1 5 11
16 3 4 8
16 5 4 8
16 7 1 14
16 8 5 20
16 10 11 13
16 17 3 3
16 18 12 2
16 22 22 1
16 24 4 13
16 26 26 15
16 27 20 8
17 0 105 1
17 1 1 8
17 2 1 22
17 3 27 1
17 4 1 19
17 5 10 15
17 8 155 14
17 10 1 21
17 12 2 16
17 16 52 16
17 19 64 3
17 20 3 28
17 25 26 1
18 0 25 5
18 4 3 24
18 6 3 2
18 8 1 4
18 9 1 17
18 12 3 5
18 21 6 22
19 0 144 1
19 3 1 28
19 4 102 24
19 6 86 2
19 11 2 7
19 20 28 1
19 24 6 21
20 0 6 7
20 1 80 1
20 2 139 1
20 4 5 1
20 7 1 3
20 9 52 6
20 14 1 20
20 18 69 3
20 19 1 26
21 8 79 7
21 10 1 14
21 22 1 24
22 0 2 21
22 7 106 1
22 9 1 29
22 12 19 3
22 23 16 1
22 24 8 10
22 26 4 19
22 27 1 8
23 0 30 4
23 8 4 6
23 10 105 1
23 11 1 2
23 19 6 6
24 0 5 8
24 1 4 26
24 3 4 13
24 5 6 15
24 6 2 27
24 7 4 23
24 8 5 18
24 10 64 3
24 11 173 1
24 14 3 23
24 16 4 28
24 17 1 7
24 20 1 25
24 22 16 5
24 23 2 4
25 0 9 8
25 1 1 21
25 6 14 15
25 7 5 25
25 10 3 5
25 11 109 1
25 13 1 26
25 26 29 2
25 27 65 1
26 14 1 3
26 17 43 20
26 18 6 29
26 24 1 9
27 4 11 7
27 11 51 2
27 26 7 21
