0 1 158 1
0 2 1 9
0 3 310 1
0 5 6 3
0 6 106 8
0 7 12 1
0 8 141 1
0 10 75 1
0 11 28 2
0 16 49 6
0 17 7 19
0 20 193 1
0 22 1 16
0 24 95 1
0 25 28 9
1 0 70 1
1 2 56 1
1 3 184 5
1 4 347 1
1 5 120 1
1 6 138 1
1 7 49 5
1 8 33 1
1 9 112 1
1 12 3 3
1 15 94 2
1 16 267 1
1 17 362 1
1 22 68 4
1 23 1 5
1 24 42 12
1 26 3 19
1 27 4 29
2 0 1 7
2 1 1 2
2 4 4 6
2 5 29 4
2 6 80 1
2 7 1 1
2 8 25 20
2 10 61 1
2 11 7 23
2 12 39 1
2 18 51 5
3 0 100 2
3 1 136 1
3 2 4 26
3 4 122 1
3 5 82 1
3 6 3 17
3 7 1 7
3 8 88 10
3 9 58 7
3 15 3 14
3 16 45 1
3 17 1 17
3 19 1 5
3 20 55 2
3 24 128 12
3 26 5 22
4 0 21 3
4 1 3 10
4 2 1 14
4 3 130 1
4 6 2 23
4 8 73 1
4 9 69 1
4 10 1 11
4 12 1 4
4 13 33 9
4 15 10 8
4 17 1 9
4 18 2 8
4 20 56 23
4 23 1 18
5 0 46 1
5 1 23 1
5 2 5 10
5 3 25 1
5 4 8 19
5 6 25 13
5 7 50 12
5 8 122 1
5 9 408 1
5 10 21 1
5 16 49 2
5 18 14 13
5 20 34 4
5 22 1 3
5 24 12 14
5 25 1 22
6 1 39 18
6 2 176 1
6 3 7 1
6 4 33 1
6 5 11 3
6 7 336 1
6 8 17 9
6 9 36 1
6 10 125 1
6 12 9 6
6 13 6 19
6 14 1 1
6 18 1 18
6 19 29 5
6 21 1 21
6 23 55 3
7 0 13 1
7 1 38 1
7 2 106 25
7 3 3 25
7 4 63 1
7 5 1 8
7 6 116 25
7 8 5 25
7 10 138 1
7 11 151 1
7 13 90 1
7 14 12 29
7 15 1 25
7 16 5 11
7 18 77 1
7 19 51 23
7 20 1 5
7 21 1 27
7 22 66 4
7 23 84 1
7 25 27 1
7 27 34 4
8 0 268 1
8 1 109 1
8 2 1 17
8 3 108 1
8 4 24 11
8 5 359 1
8 6 62 20
8 7 16 24
8 9 2 27
8 10 69 1
8 12 39 1
8 15 80 17
8 16 71 1
8 17 95 1
8 18 132 1
8 20 177 1
8 24 49 17
8 27 1 8
9 1 134 3
9 3 46 1
9 4 131 1
9 6 8 29
9 7 16 14
9 8 1 17
9 10 30 25
9 11 1 10
9 12 358 1
9 15 2 27
9 17 1 25
9 18 50 2
9 23 29 3
9 27 4 14
10 0 61 3
10 1 1 13
10 2 1 12
10 3 150 1
10 5 63 1
10 6 4 8
10 7 18 9
10 8 311 1
10 9 12 1
10 11 16 1
10 14 309 1
10 15 3 23
10 16 15 12
10 18 1 26
10 21 1 13
10 24 127 2
10 25 11 10
10 26 47 6
10 27 25 7
11 0 192 1
11 3 4 7
11 5 140 2
11 6 82 1
11 7 66 24
11 8 2 15
11 9 6 4
11 10 99 1
11 12 96 11
11 15 19 1
11 19 48 5
11 20 3 28
11 23 22 3
11 24 6 2
11 25 3 13
11 26 132 1
12 0 6 6
12 1 3 19
12 2 6 25
12 5 97 1
12 6 135 7
12 9 334 1
12 10 244 1
12 14 54 3
12 15 2 16
12 20 2 28
12 23 1 21
12 24 2 7
13 4 1 1
13 7 40 1
13 9 3 1
13 14 23 1
13 15 2 8
13 18 1 20
13 21 10 16
13 23 8 19
13 24 3 21
14 0 47 3
14 8 2 11
14 10 2 2
14 11 44 1
14 12 1 3
14 13 42 2
14 21 7 15
14 24 1 16
14 27 1 20
15 0 84 2
15 6 1 5
15 8 1 16
15 9 49 1
15 10 1 1
15 11 96 1
15 13 1 9
15 17 51 2
16 0 24 1
16 1 38 3
16 2 17 7
16 3 122 1
16 5 10 2
16 8 214 1
16 10 2 5
16 11 76 19
16 17 2 19
16 20 2 15
16 21 8 19
16 24 181 1
17 0 59 1
17 1 6 1
17 3 10 3
17 5 1 2
17 7 17 1
17 8 1 1
17 11 185 21
17 16 93 25
17 18 1 16
17 24 1 17
18 1 208 3
18 4 215 15
18 6 2 21
18 8 5 25
18 11 118 11
18 17 160 1
18 21 5 3
18 23 1 12
18 24 1 18
19 0 61 1
19 3 9 25
19 5 3 21
19 6 72 1
19 20 1 12
19 25 7 10
20 0 3 22
20 2 118 1
20 3 1 8
20 10 29 1
20 11 1 8
20 15 58 5
20 17 1 6
20 18 63 8
20 19 3 16
20 27 11 3
21 6 2 12
21 10 3 3
21 17 16 4
21 22 1 9
22 6 9 5
22 7 94 1
22 9 2 11
22 10 121 17
22 13 1 7
22 15 1 21
22 21 1 22
22 23 5 2
23 5 19 15
23 9 3 19
23 11 1 14
23 12 85 1
23 20 44 16
24 0 185 1
24 1 11 21
24 2 1 23
24 3 122 1
24 5 19 1
24 7 4 17
24 8 139 1
24 10 41 1
24 11 77 1
24 14 1 13
24 15 1 1
24 16 200 1
24 20 1 21
24 22 12 1
24 26 9 2
25 1 5 26
25 7 1 2
25 9 4 10
25 10 1 7
25 11 3 1
25 14 5 1
25 23 11 7
25 27 43 3
26 2 5 1
26 10 3 1
26 11 1 24
26 15 12 26
26 18 22 14
26 27 8 7
27 7 7 16
27 11 23 1
27 12 1 5
27 14 1 19
27 25 68 2
27 26 40 27
