0 1 3 17
0 2 1 6
0 3 123 1
0 4 237 2
0 5 14 21
0 6 278 2
0 8 119 3
0 10 67 1
0 11 22 1
0 16 53 1
0 17 1 28
0 20 179 3
0 22 5 11
0 24 83 1
0 25 1 1
1 0 183 1
1 2 5 6
1 3 242 29
1 4 296 1
1 5 66 1
1 6 47 14
1 7 74 1
1 8 82 1
1 9 96 1
1 11 1 1
1 16 92 7
1 17 322 1
1 18 1 20
1 20 81 1
1 24 90 1
1 26 29 29
2 0 1 21
2 1 5 17
2 3 108 1
2 4 2 21
2 5 24 1
2 6 11 10
2 7 4 12
2 8 27 1
2 12 36 1
2 13 1 18
2 17 1 24
2 26 11 19
3 0 239 1
3 1 266 1
3 2 4 5
3 5 45 1
3 6 13 10
3 7 5 11
3 8 50 1
3 10 54 2
3 11 184 15
3 16 71 1
3 24 44 1
3 25 1 21
4 1 8 2
4 3 124 2
4 5 48 1
4 6 7 7
4 8 53 1
4 9 47 1
4 10 1 19
4 14 1 11
4 16 2 13
4 17 1 25
4 18 4 17
4 20 1 6
5 0 31 1
5 1 130 1
5 3 81 1
5 4 2 14
5 6 17 1
5 7 1 4
5 8 85 1
5 9 403 1
5 11 157 2
5 14 43 12
5 16 33 1
5 18 15 29
5 24 61 1
5 25 1 15
6 1 131 13
6 2 150 1
6 3 177 1
6 4 14 1
6 5 42 1
6 7 330 1
6 8 1 29
6 9 51 1
6 10 86 1
6 12 9 23
6 13 4 22
6 14 144 1
6 18 7 15
6 19 10 10
6 20 3 3
6 21 1 10
6 22 1 14
6 23 53 4
6 24 51 2
7 0 325 1
7 1 27 1
7 3 3 3
7 5 4 29
7 6 4 27
7 8 34 27
7 9 106 1
7 10 113 1
7 11 9 5
7 12 41 3
7 14 2 10
7 15 2 22
7 17 222 8
7 18 73 1
7 19 1 20
7 23 78 1
7 25 16 1
7 27 29 3
8 0 164 1
8 1 173 1
8 2 21 1
8 3 32 1
8 4 1 12
8 5 83 1
8 6 175 26
8 7 9 1
8 9 97 11
8 10 14 1
8 11 1 15
8 12 31 3
8 14 2 1
8 15 5 18
8 16 201 1
8 18 125 2
8 19 48 1
8 20 170 2
8 21 76 1
8 23 1 14
8 24 190 1
9 0 22 3
9 2 1 18
9 3 41 4
9 4 103 1
9 5 2 26
9 6 50 9
9 7 14 14
9 8 103 22
9 10 8 1
9 11 2 10
9 12 341 1
9 13 3 10
9 14 48 1
9 22 6 4
10 2 1 12
10 4 313 1
10 5 44 1
10 6 8 13
10 7 34 24
10 8 191 1
10 11 253 1
10 12 3 3
10 13 1 27
10 14 269 1
10 15 14 1
10 17 130 2
10 18 3 23
10 22 2 22
10 24 120 1
10 25 7 2
10 26 45 2
11 0 180 2
11 2 2 22
11 3 1 16
11 4 1 27
11 6 68 1
11 7 10 2
11 8 1 8
11 10 212 1
11 14 2 3
11 17 2 19
11 24 2 16
11 25 46 3
12 0 5 3
12 3 41 1
12 4 1 1
12 5 86 1
12 7 28 1
12 9 304 1
12 10 230 1
12 13 17 2
12 14 49 1
12 15 1 10
12 18 1 27
12 26 2 24
13 7 34 4
13 11 3 9
13 14 32 23
13 18 1 19
14 8 3 11
14 10 1 2
14 11 193 1
14 12 1 8
14 18 13 2
14 22 7 1
14 27 1 17
15 3 1 17
15 8 20 20
15 9 44 1
15 10 158 15
15 11 36 1
15 17 50 2
15 24 4 5
15 25 25 1
15 26 11 12
16 0 42 1
16 1 55 1
16 3 62 2
16 5 2 15
16 6 119 4
16 7 105 11
16 8 64 1
16 10 3 19
16 11 2 20
16 12 2 14
16 17 4 11
16 18 1 27
16 23 14 20
16 24 34 1
16 25 33 3
17 1 17 17
17 2 1 7
17 10 101 7
17 16 1 21
17 18 3 2
17 20 1 22
18 9 1 10
18 16 1 1
18 17 154 2
19 0 41 1
19 1 21 16
19 4 98 9
19 6 68 3
19 11 1 21
19 20 1 29
20 0 6 7
20 7 1 22
20 9 39 7
20 17 5 29
20 19 3 5
20 22 42 24
20 24 70 16
21 3 3 24
21 5 13 3
21 8 74 14
21 10 5 17
21 26 15 26
22 3 1 29
22 4 4 26
22 6 11 29
22 7 90 5
22 9 3 6
22 10 121 2
22 11 38 1
22 24 18 22
23 6 1 3
23 7 1 8
23 8 1 2
23 9 4 28
23 10 76 1
23 11 1 3
23 12 83 1
23 20 4 14
23 22 2 1
24 0 90 1
24 1 22 2
24 2 2 28
24 3 83 1
24 5 33 6
24 8 147 1
24 11 55 1
24 14 1 5
24 15 1 22
24 16 26 1
24 25 1 3
25 6 95 18
25 7 1 29
25 10 10 6
25 12 23 2
25 17 1 9
25 18 2 14
25 27 36 3
26 6 68 18
26 7 29 1
26 12 4 8
26 15 1 25
26 19 12 5
27 7 2 24
27 8 89 7
27 10 3 1
27 12 1 25
27 13 1 16
27 14 2 25
27 15 24 21
27 25 63 1
27 26 1 26
