0 1 36 1
0 3 89 1
0 4 6 1
0 5 66 1
0 7 4 2
0 8 90 1
0 13 30 1
0 16 13 7
0 17 3 3
0 19 10 2
0 20 177 1
0 22 1 2
0 24 44 1
0 25 2 28
1 0 113 1
1 2 142 1
1 3 81 1
1 4 279 1
1 5 22 1
1 6 168 20
1 8 273 1
1 9 92 1
1 15 92 1
1 16 42 1
1 17 311 1
1 18 1 26
1 20 79 1
1 24 41 1
1 26 7 22
2 0 1 20
2 1 5 6
2 3 96 1
2 4 52 6
2 6 36 16
2 7 4 18
2 8 357 1
2 10 42 1
2 20 10 28
2 27 22 4
3 0 187 1
3 1 70 1
3 2 8 6
3 4 109 1
3 5 65 1
3 6 1 27
3 7 12 9
3 8 8 1
3 9 2 27
3 15 14 8
3 16 50 1
3 17 1 20
3 20 42 1
3 24 22 1
3 25 4 2
3 26 5 27
4 0 11 1
4 1 4 10
4 2 1 27
4 5 86 1
4 6 2 28
4 7 1 4
4 8 49 1
4 9 42 2
4 10 1 12
4 11 28 1
4 12 204 22
4 13 17 7
4 17 4 8
4 18 60 12
4 19 1 6
4 20 1 10
4 23 1 27
4 26 1 23
5 0 108 1
5 1 103 1
5 2 6 21
5 3 33 1
5 4 5 12
5 6 160 7
5 7 146 1
5 8 75 22
5 9 376 1
5 10 8 3
5 12 2 8
5 15 20 15
5 16 51 1
5 18 1 17
5 20 31 2
5 24 10 1
6 0 205 23
6 1 28 16
6 2 143 1
6 3 173 2
6 4 10 2
6 5 62 1
6 7 321 1
6 8 5 27
6 9 35 1
6 10 77 1
6 11 58 11
6 14 142 2
6 18 1 1
6 20 1 8
6 23 52 6
6 24 50 2
6 27 29 21
7 0 322 1
7 2 106 4
7 3 62 6
7 4 51 2
7 6 127 24
7 8 26 4
7 9 127 1
7 10 107 1
7 11 4 1
7 13 53 2
7 15 14 10
7 19 3 1
7 20 1 17
7 23 77 1
7 24 218 4
8 0 77 1
8 1 123 1
8 2 67 1
8 3 15 11
8 4 3 8
8 5 89 1
8 6 15 12
8 7 14 1
8 9 12 21
8 10 8 1
8 13 6 20
8 16 152 1
8 17 82 3
8 18 124 1
8 19 47 1
8 20 168 1
8 22 84 4
8 23 5 11
8 24 140 1
8 27 75 13
9 3 40 3
9 4 96 1
9 5 4 19
9 6 4 28
9 8 1 2
9 10 35 1
9 11 1 6
9 12 336 1
9 16 1 17
9 17 7 5
9 25 8 28
10 0 52 2
10 1 1 8
10 2 2 14
10 3 148 1
10 5 40 1
10 6 2 18
10 7 6 8
10 8 164 1
10 11 240 1
10 14 255 1
10 17 128 1
10 18 3 11
10 21 1 23
10 24 118 3
10 25 5 23
10 27 9 18
11 0 178 1
11 1 238 14
11 2 11 21
11 3 2 26
11 4 2 10
11 6 64 1
11 7 30 23
11 8 1 15
11 9 10 7
11 10 198 1
11 14 1 23
11 16 1 3
11 17 3 8
11 18 1 2
11 20 1 28
11 23 13 1
11 24 15 3
11 25 2 17
12 1 1 16
12 2 6 12
12 4 1 15
12 5 83 1
12 7 27 1
12 9 296 1
12 10 226 1
12 13 3 14
12 14 47 2
12 15 1 29
12 17 91 3
12 23 1 2
12 25 2 27
12 26 10 23
13 3 4 1
13 6 1 26
13 8 45 1
13 11 12 3
13 12 34 1
13 15 2 26
13 23 2 12
14 0 44 5
14 2 1 25
14 7 9 4
14 8 9 8
14 11 32 1
14 12 52 25
14 18 13 3
15 1 46 2
15 6 1 9
15 7 271 1
15 10 47 1
15 11 20 17
15 13 2 27
15 14 27 1
15 24 4 28
15 26 1 22
16 0 11 2
16 1 8 16
16 2 2 2
16 3 28 1
16 5 58 8
16 8 15 1
16 9 1 27
16 13 9 5
16 17 1 7
16 24 40 1
16 27 1 2
17 0 45 2
17 1 30 1
17 2 53 3
17 4 6 27
17 5 148 1
17 16 110 20
17 23 1 27
17 24 1 17
17 25 19 1
18 1 4 3
18 3 8 7
18 6 8 8
18 7 2 3
18 8 6 3
18 9 3 7
18 11 117 1
18 12 7 1
18 16 1 17
18 19 20 2
18 23 1 22
18 26 1 9
19 0 37 1
19 3 9 22
19 5 23 6
19 6 67 5
19 9 67 1
19 11 2 4
19 20 2 19
20 0 43 5
20 1 44 1
20 2 110 1
20 11 1 21
20 12 17 3
20 13 40 13
20 14 70 7
20 19 6 18
20 25 4 12
21 9 3 11
21 22 1 2
21 24 16 8
22 0 1 24
22 6 60 25
22 7 89 1
22 11 36 3
22 13 2 2
22 17 3 11
22 21 1 3
22 24 7 11
23 6 1 13
23 7 6 16
23 9 4 11
23 11 1 22
23 15 17 6
23 27 9 3
24 0 42 1
24 1 24 1
24 3 35 1
24 5 6 7
24 6 2 17
24 7 1 20
24 8 4 19
24 10 33 2
24 11 50 1
24 14 1 11
24 16 35 1
24 26 7 1
25 0 3 1
25 4 67 1
25 7 19 2
25 11 1 2
25 17 1 23
25 27 35 1
26 2 1 18
26 11 1 1
26 19 11 12
26 24 19 8
26 27 3 23
27 4 7 12
27 8 11 7
27 12 11 27
27 13 1 6
27 14 1 1
27 25 62 1
27 26 69 14
