0 1 27 22
0 2 1 8
0 3 14 4
0 4 211 1
0 5 37 10
0 6 39 1
0 8 15 17
0 10 52 2
0 11 11 1
0 16 16 10
0 17 112 1
0 18 105 1
0 20 164 3
0 24 25 27
0 25 1 21
1 0 33 2
1 2 307 1
1 3 22 10
1 4 171 1
1 5 40 18
1 6 398 1
1 7 227 2
1 8 16 26
1 9 68 2
1 14 62 1
1 16 41 1
1 17 238 1
1 20 66 1
1 24 33 16
1 25 2 13
1 26 3 27
2 0 10 14
2 1 9 11
2 3 22 1
2 4 59 1
2 5 16 1
2 6 1 5
2 7 5 29
2 8 9 1
2 9 1 18
2 12 30 5
2 14 13 23
2 17 5 14
2 19 1 21
2 20 1 7
3 0 14 18
3 1 34 7
3 2 23 13
3 4 92 2
3 5 19 8
3 6 9 15
3 7 2 8
3 8 16 17
3 9 6 15
3 10 35 2
3 15 4 1
3 16 16 23
3 17 2 23
3 18 13 7
3 24 15 9
3 25 46 12
4 0 2 3
4 1 3 18
4 2 30 18
4 5 66 1
4 6 8 22
4 9 16 2
4 10 2 29
4 11 21 1
4 13 1 18
4 16 1 17
4 17 1 21
4 18 2 9
4 26 8 7
5 0 35 9
5 1 16 11
5 3 28 5
5 4 22 3
5 6 232 1
5 8 233 5
5 9 199 1
5 11 144 1
5 12 1 2
5 16 16 21
5 17 1 2
5 18 9 24
5 21 3 5
5 24 16 5
6 0 84 4
6 1 3 15
6 2 101 1
6 3 150 2
6 5 12 23
6 7 264 1
6 8 15 9
6 9 340 1
6 10 29 1
6 12 8 12
6 13 1 15
6 18 4 15
6 19 1 17
6 20 154 7
6 21 3 23
6 23 48 1
6 27 29 28
7 0 301 1
7 2 5 1
7 3 3 29
7 6 14 4
7 8 16 23
7 9 9 2
7 10 71 1
7 11 1 14
7 14 100 5
7 15 7 9
7 20 3 23
7 22 54 5
7 23 65 1
7 24 213 2
7 27 21 1
8 0 15 27
8 1 15 19
8 2 332 1
8 3 39 16
8 5 14 7
8 6 17 19
8 9 79 27
8 10 4 26
8 11 1 28
8 13 2 24
8 15 2 17
8 16 28 1
8 18 113 2
8 19 40 3
8 24 49 3
8 25 1 8
9 0 14 2
9 1 60 1
9 3 32 1
9 4 56 1
9 5 5 18
9 6 3 25
9 7 247 1
9 8 63 16
9 10 22 1
9 11 17 13
9 12 286 1
9 15 3 1
9 17 13 5
9 19 39 20
9 20 23 1
9 22 1 18
10 0 41 1
10 1 2 1
10 2 1 28
10 3 65 2
10 5 17 2
10 6 2 1
10 7 30 8
10 8 58 19
10 9 2 23
10 11 165 1
10 13 4 19
10 14 205 1
10 15 6 1
10 16 11 3
10 18 3 4
10 22 65 29
10 23 7 4
10 24 107 1
10 25 166 2
11 0 158 1
11 1 237 3
11 2 4 24
11 3 86 1
11 4 1 26
11 6 43 1
11 7 32 24
11 8 4 1
11 9 1 16
11 10 52 1
11 14 7 6
11 15 3 2
11 18 30 4
11 20 15 26
11 24 15 20
11 25 165 3
12 0 2 2
12 1 1 16
12 9 239 1
12 10 202 1
12 13 1 17
12 14 40 1
12 15 4 17
12 16 56 4
12 23 1 17
12 24 1 17
13 1 41 2
13 6 2 7
13 7 25 2
13 8 34 1
13 11 4 11
13 14 33 13
13 15 5 11
13 21 9 15
14 2 1 27
14 3 1 4
14 4 9 7
14 5 10 15
14 7 1 14
14 8 19 15
14 10 2 28
14 11 175 1
14 12 2 5
14 13 19 1
14 15 4 16
14 16 1 29
14 17 36 2
14 22 5 11
15 0 76 7
15 2 5 1
15 3 1 20
15 8 1 23
15 9 35 1
15 10 180 26
15 11 3 1
15 14 39 1
15 23 1 28
15 24 1 5
15 25 20 4
15 26 1 20
16 0 29 3
16 1 16 7
16 3 30 5
16 5 22 13
16 6 114 3
16 7 1 3
16 8 67 8
16 11 1 8
16 17 2 26
16 18 4 3
16 20 1 6
16 23 15 9
16 24 19 16
17 0 29 2
17 1 4 11
17 2 68 12
17 4 1 5
17 6 10 23
17 16 4 16
17 18 2 2
17 19 42 1
17 20 2 20
17 23 1 11
18 3 9 10
18 4 33 19
18 7 1 4
18 8 15 14
18 12 8 12
18 13 3 1
18 14 31 8
18 16 3 3
19 0 13 2
19 3 3 8
19 4 95 1
19 6 61 1
19 11 91 9
19 15 1 19
19 20 3 11
20 0 1 18
20 1 34 1
20 2 98 1
20 3 1 18
20 6 87 8
20 8 2 4
20 10 19 1
20 11 4 21
20 13 38 13
20 16 1 23
20 17 15 28
20 18 58 6
20 19 9 25
20 21 1 5
20 23 24 14
20 26 1 23
21 4 24 2
21 6 5 16
21 9 53 7
21 10 26 3
21 12 3 10
21 22 11 23
21 23 7 2
22 0 3 21
22 4 1 7
22 8 22 1
22 21 13 17
22 24 24 1
23 1 43 2
23 11 37 5
23 12 81 2
23 15 18 17
24 0 18 2
24 1 21 13
24 3 36 16
24 5 35 26
24 7 12 7
24 8 27 6
24 10 24 1
24 11 21 2
24 12 13 8
24 14 6 20
24 16 28 2
24 20 7 25
24 21 15 1
24 23 1 25
24 27 10 7
25 3 3 22
25 5 1 3
25 7 4 22
25 8 4 19
25 10 91 1
25 11 3 13
25 12 20 2
25 15 6 8
25 23 15 1
25 27 24 1
26 0 47 17
26 5 1 27
26 6 70 3
26 7 23 7
26 8 10 9
26 15 1 13
26 18 28 22
26 24 1 17
26 27 2 4
27 6 1 8
27 10 129 2
27 12 1 25
27 14 1 13
27 17 9 22
27 22 10 22
27 25 52 1
