0 1 1 6
0 2 1 23
0 3 44 28
0 4 179 1
0 5 34 3
0 6 29 1
0 8 42 16
0 9 69 1
0 11 4 4
0 14 38 2
0 16 88 1
0 18 101 1
0 19 220 2
0 20 139 1
0 24 26 5
0 25 1 28
0 27 11 3
1 0 277 14
1 2 159 1
1 3 266 28
1 4 79 1
1 5 103 1
1 6 62 1
1 7 66 1
1 8 35 1
1 9 46 1
1 10 1 1
1 13 1 6
1 14 55 5
1 16 120 1
1 17 165 1
1 18 1 24
1 19 2 15
1 20 53 2
1 23 2 21
1 24 3 21
1 25 1 18
2 0 1 1
2 1 10 13
2 3 1 8
2 4 4 10
2 6 26 8
2 7 12 6
2 8 79 9
2 11 100 27
2 17 1 1
2 20 1 25
3 0 23 1
3 1 26 1
3 4 75 1
3 5 24 17
3 7 3 10
3 8 13 4
3 9 3 11
3 11 27 12
3 15 2 17
3 16 13 19
3 20 14 1
3 24 8 1
3 27 37 5
4 1 2 16
4 2 1 8
4 3 87 2
4 5 29 7
4 6 30 20
4 7 1 13
4 9 2 1
4 10 4 4
4 12 212 2
4 18 15 24
4 19 1 20
4 20 4 29
4 22 9 21
4 24 22 5
5 0 61 5
5 1 334 1
5 3 121 1
5 6 96 1
5 7 7 18
5 8 290 1
5 9 49 1
5 11 130 1
5 12 1 10
5 14 36 4
5 15 20 19
5 16 13 6
5 24 107 2
5 27 24 17
6 0 204 1
6 1 6 12
6 2 62 1
6 3 124 1
6 5 16 21
6 7 217 1
6 8 69 28
6 9 219 1
6 11 315 2
6 12 257 3
6 13 2 29
6 14 116 1
6 19 88 25
6 22 1 11
6 25 1 17
7 0 269 1
7 1 2 6
7 2 215 1
7 3 2 11
7 5 1 25
7 6 6 28
7 8 8 5
7 9 97 19
7 11 6 23
7 14 2 2
7 15 1 27
7 21 1 3
7 22 47 3
7 23 53 1
7 24 201 2
7 26 89 23
8 0 186 1
8 1 329 2
8 2 118 1
8 3 94 5
8 5 27 20
8 6 164 18
8 7 6 9
8 9 4 28
8 10 5 22
8 11 2 21
8 13 1 13
8 15 6 4
8 16 9 1
8 18 102 1
8 19 34 1
8 20 143 1
8 22 71 2
8 23 6 16
8 24 24 15
8 25 1 15
9 1 51 1
9 2 1 21
9 3 25 1
9 4 25 1
9 5 6 4
9 6 349 1
9 7 5 3
9 8 1 25
9 10 221 1
9 11 2 14
9 12 226 1
9 14 73 1
9 15 1 2
9 17 1 28
9 18 39 1
9 22 1 19
9 25 3 2
10 0 30 1
10 1 12 16
10 2 32 24
10 5 3 2
10 6 19 29
10 7 30 18
10 8 298 1
10 9 11 19
10 11 96 1
10 13 1 11
10 14 8 24
10 15 235 1
10 18 10 26
10 20 55 23
10 21 1 4
10 25 2 1
10 27 2 17
11 0 137 2
11 2 9 26
11 3 5 4
11 4 1 3
11 6 25 1
11 7 55 17
11 8 15 29
11 9 2 13
11 10 105 1
11 12 172 4
11 13 60 24
11 14 6 2
11 15 15 26
11 20 1 19
11 24 128 10
11 27 1 27
12 1 17 13
12 2 1 18
12 4 1 29
12 5 48 1
12 6 2 1
12 8 1 3
12 9 178 1
12 10 175 1
12 11 1 18
12 13 166 22
12 15 45 3
12 17 81 4
12 18 1 1
13 6 1 2
13 7 18 1
13 8 24 1
13 10 4 13
13 11 3 6
13 12 5 1
13 14 7 12
13 15 1 19
13 24 3 21
14 2 1 25
14 5 48 3
14 7 54 22
14 8 3 23
14 9 2 10
14 10 9 4
14 11 130 1
14 13 5 2
14 15 7 26
14 24 3 10
15 1 35 3
15 6 4 22
15 7 24 1
15 11 2 3
15 14 25 1
15 17 44 2
15 23 1 6
15 24 6 18
15 26 1 10
16 0 199 1
16 1 59 1
16 3 90 1
16 4 2 4
16 5 23 1
16 6 109 1
16 8 11 1
16 9 3 7
16 11 1 13
16 17 5 12
16 18 8 11
16 24 18 13
17 0 16 2
17 1 2 28
17 2 69 23
17 4 1 26
17 5 3 13
17 6 8 10
17 9 6 22
17 16 25 18
17 19 36 2
17 20 2 15
17 25 14 5
18 4 261 3
18 6 1 9
18 8 1 6
18 9 1 11
18 16 5 7
18 17 132 2
18 19 17 7
18 26 2 4
19 0 1 3
19 1 6 1
19 3 1 8
19 4 89 1
19 8 5 5
19 20 35 6
19 27 1 29
20 0 8 6
20 9 30 2
20 10 14 2
20 11 1 25
20 12 1 15
20 15 17 8
20 19 2 16
20 21 1 26
20 25 67 5
21 1 3 12
21 8 70 1
21 10 28 3
21 11 70 2
21 23 5 22
22 7 76 3
22 9 3 1
22 10 139 1
22 17 2 10
22 21 13 26
23 2 3 24
23 3 3 4
23 6 6 13
23 9 1 12
23 11 2 27
24 0 48 13
24 1 31 1
24 3 13 14
24 5 57 1
24 7 2 26
24 8 58 6
24 10 16 2
24 16 162 2
24 22 6 2
24 25 28 6
25 5 1 21
25 7 6 10
25 8 2 25
25 11 5 4
25 17 3 17
25 21 6 1
26 4 52 26
26 9 1 6
26 13 7 15
27 0 40 3
27 6 3 23
27 8 112 4
27 13 7 9
27 24 4 21
27 25 40 1
27 26 97 2
