0 1 7 5
0 2 6 13
0 3 4 1
0 4 127 1
0 5 4 21
0 6 4 1
0 7 1 27
0 8 3 12
0 9 50 1
0 16 3 24
0 17 1 9
0 19 159 1
0 23 1 3
0 24 3 2
1 0 13 17
1 2 25 1
1 3 1 19
1 4 2 2
1 5 5 15
1 6 263 1
1 7 201 1
1 8 2 18
1 10 2 17
1 13 59 10
1 14 44 1
1 16 3 2
1 17 67 1
1 19 3 29
1 24 5 28
1 25 15 11
1 26 40 2
2 0 1 26
2 1 6 21
2 3 5 8
2 4 1 24
2 7 1 23
2 8 175 3
2 9 13 17
2 14 27 29
2 17 194 1
2 19 4 23
2 25 8 18
3 0 1 24
3 1 2 20
3 2 184 1
3 4 49 2
3 5 7 3
3 7 9 14
3 8 5 12
3 11 16 1
3 16 3 28
3 17 1 22
3 20 2 1
3 24 3 19
4 0 3 27
4 1 255 19
4 2 12 20
4 3 60 1
4 5 115 1
4 6 5 17
4 9 2 20
4 10 1 4
4 11 6 1
4 16 2 12
4 17 3 26
4 18 1 29
4 20 1 21
4 22 24 16
4 23 1 13
5 0 3 5
5 1 4 3
5 2 1 12
5 3 4 12
5 4 421 1
5 6 12 13
5 8 2 13
5 9 3 13
5 10 1 1
5 12 3 15
5 14 30 6
5 16 4 3
5 18 3 16
5 22 1 1
5 24 4 9
6 0 61 1
6 1 79 13
6 2 16 1
6 3 81 1
6 4 6 14
6 5 2 24
6 7 122 1
6 8 3 16
6 9 59 1
6 10 2 9
6 11 281 1
6 14 92 2
6 15 1 24
6 16 1 23
6 18 10 22
6 24 30 1
6 25 1 20
6 26 6 1
6 27 1 20
7 0 211 1
7 1 1 17
7 2 54 1
7 3 3 8
7 8 5 16
7 10 8 1
7 11 274 25
7 14 2 20
7 15 1 20
7 18 50 1
7 23 35 2
7 25 1 6
8 0 3 1
8 1 3 10
8 2 220 1
8 3 4 16
8 5 43 12
8 6 152 8
8 7 4 9
8 9 146 27
8 10 7 18
8 11 1 13
8 14 2 28
8 16 14 20
8 18 83 1
8 20 121 1
8 24 3 2
9 1 32 2
9 2 1 1
9 5 112 27
9 6 100 1
9 7 220 1
9 10 203 1
9 12 129 1
9 13 1 18
9 16 1 29
9 17 1 2
9 18 31 1
9 20 13 2
9 22 2 29
9 26 35 9
10 0 16 2
10 1 2 8
10 2 148 14
10 3 117 1
10 5 2 26
10 7 2 8
10 8 15 1
10 9 17 8
10 13 12 8
10 14 21 1
10 15 188 1
10 20 27 11
10 24 74 1
10 27 7 4
11 0 104 1
11 1 17 1
11 3 6 10
11 4 3 12
11 5 79 3
11 7 353 1
11 8 1 2
11 10 22 1
11 12 3 15
11 13 2 9
11 14 29 17
11 15 4 18
11 16 1 24
11 24 2 8
11 25 299 1
11 26 118 3
12 1 1 19
12 4 26 16
12 6 46 1
12 9 87 1
12 10 131 2
12 14 61 1
12 15 7 8
12 16 49 6
13 3 1 17
13 7 8 5
13 14 6 1
13 15 1 10
13 26 1 22
14 0 30 1
14 1 101 1
14 6 1 27
14 8 93 25
14 10 6 7
14 11 64 1
14 15 1 5
15 7 189 1
15 8 92 18
15 11 32 28
15 13 17 3
15 20 58 4
16 0 4 22
16 1 3 3
16 3 4 15
16 5 6 28
16 8 3 12
16 9 92 5
16 10 2 14
16 11 1 15
16 17 1 12
16 18 2 17
16 20 76 22
16 24 4 4
17 0 2 2
17 1 2 2
17 4 1 10
17 5 142 4
17 6 2 5
17 7 175 1
17 12 127 24
17 24 1 4
17 25 10 3
17 26 52 10
18 3 1 4
18 4 327 1
18 7 1 25
18 8 1 16
18 10 1 5
18 16 30 4
18 24 33 13
18 26 6 11
19 1 57 2
19 4 78 5
19 7 120 1
19 20 114 23
20 0 7 13
20 2 65 2
20 3 3 26
20 6 86 1
20 7 104 3
20 12 1 21
20 17 1 2
21 4 18 4
21 8 66 1
21 12 1 2
21 17 1 29
22 4 9 19
22 7 65 2
22 9 25 2
22 10 123 3
22 23 1 9
23 3 2 3
23 8 1 12
23 9 1 14
23 10 38 2
23 11 1 21
23 15 14 1
23 22 1 27
23 24 4 9
23 27 6 2
24 0 4 10
24 1 4 17
24 3 3 29
24 5 12 22
24 7 61 16
24 8 4 23
24 10 6 1
24 16 4 25
24 19 12 9
24 23 1 18
24 25 3 8
25 10 93 1
25 11 20 25
25 12 13 4
25 17 4 17
25 23 11 5
25 24 1 24
25 27 3 1
26 1 1 28
26 5 19 13
26 6 73 22
26 7 13 1
26 15 3 20
26 16 5 2
26 19 11 5
26 23 10 1
26 27 3 29
27 6 8 12
27 7 4 19
27 8 106 6
27 12 2 20
27 16 25 20
27 26 69 1
