0 1 20 4
0 2 3 2
0 3 17 23
0 4 109 1
0 5 21 10
0 6 239 1
0 7 7 13
0 8 45 3
0 12 4 4
0 15 30 5
0 16 27 10
0 19 134 1
0 24 16 21
0 26 41 7
1 0 29 19
1 2 1 2
1 3 16 18
1 4 1 22
1 5 28 9
1 6 210 1
1 7 192 1
1 8 14 10
1 9 11 3
1 10 1 17
1 14 41 1
1 16 16 4
1 17 40 1
1 18 195 1
1 22 61 1
1 23 1 20
1 24 108 26
1 25 2 9
2 0 157 4
2 1 60 22
2 3 14 25
2 4 1 19
2 7 2 21
2 8 117 1
2 9 12 25
2 11 125 1
2 13 13 5
2 15 6 5
2 17 188 3
2 19 3 16
2 21 9 8
3 0 55 10
3 1 17 29
3 2 98 1
3 5 75 29
3 6 1 21
3 7 14 9
3 8 29 15
3 11 168 1
3 13 2 4
3 15 6 27
3 16 16 10
3 17 1 16
3 22 1 8
3 24 16 21
3 25 2 25
4 0 3 11
4 2 38 29
4 3 51 1
4 5 73 1
4 6 1 24
4 7 1 23
4 8 1 20
4 9 3 10
4 10 5 2
4 12 194 2
4 13 3 17
4 16 2 8
4 17 36 8
4 20 2 15
5 0 16 22
5 1 16 29
5 2 1 2
5 3 16 1
5 4 380 1
5 6 15 26
5 7 60 11
5 8 14 4
5 9 4 13
5 10 3 17
5 11 99 1
5 12 1 10
5 16 130 16
5 21 21 17
5 24 15 7
6 0 225 6
6 1 73 1
6 2 6 3
6 3 67 1
6 4 4 16
6 5 191 1
6 7 92 1
6 8 431 1
6 9 24 1
6 10 7 1
6 11 266 2
6 12 228 1
6 13 23 3
6 14 83 2
6 18 4 16
6 19 1 6
6 22 10 7
6 24 27 1
6 25 5 25
6 27 2 9
7 0 189 1
7 1 1 7
7 2 186 1
7 3 49 1
7 6 103 8
7 8 55 22
7 11 10 9
7 12 14 1
7 13 108 3
7 14 70 3
7 15 7 12
7 18 46 1
7 20 1 22
7 23 29 3
7 24 159 1
7 25 1 24
7 26 1 15
7 27 3 10
8 0 22 2
8 1 16 3
8 2 148 1
8 3 16 2
8 4 172 1
8 5 18 19
8 6 173 1
8 7 20 5
8 9 10 7
8 10 15 10
8 11 3 13
8 14 2 13
8 15 1 5
8 16 30 17
8 18 76 3
8 21 65 6
8 24 15 28
9 2 5 23
9 5 159 1
9 6 300 1
9 7 210 2
9 10 139 1
9 11 59 1
9 12 97 1
9 13 1 18
9 14 73 1
9 15 3 20
9 16 1 13
9 22 1 4
9 23 12 5
9 25 1 26
9 27 1 4
10 1 3 21
10 3 113 1
10 4 243 1
10 5 1 16
10 7 2 29
10 8 26 1
10 9 5 29
10 11 4 1
10 12 2 6
10 13 5 16
10 15 169 1
10 17 83 1
10 20 59 24
10 22 1 8
10 24 66 3
10 25 125 2
10 27 96 8
11 0 93 1
11 1 220 1
11 3 2 4
11 4 1 12
11 5 71 2
11 7 278 1
11 8 7 3
11 9 14 26
11 10 7 1
11 12 4 23
11 14 7 29
11 15 4 21
11 18 34 28
11 20 1 21
11 21 81 11
11 23 1 3
11 24 191 13
11 25 140 1
11 26 119 2
11 27 1 27
12 4 3 25
12 6 41 1
12 8 1 21
12 9 60 1
12 10 116 1
12 13 176 1
12 14 54 1
12 15 1 1
12 16 47 8
12 20 2 26
12 25 65 21
13 3 1 26
13 5 1 14
13 6 1 2
13 10 3 16
13 11 1 28
13 14 2 1
13 15 4 17
13 20 14 3
13 21 6 25
13 27 1 15
14 0 27 6
14 1 98 2
14 3 2 6
14 6 1 28
14 8 50 23
14 9 18 16
14 10 3 12
14 12 2 17
14 13 1 19
14 15 38 2
14 21 1 7
14 24 2 24
15 7 164 1
15 8 18 11
15 10 29 1
15 11 5 22
15 18 1 25
15 25 7 3
16 0 15 29
16 1 39 20
16 3 67 15
16 4 9 4
16 5 16 25
16 6 96 6
16 8 15 29
16 10 6 11
16 12 7 29
16 17 33 29
16 18 2 29
16 24 36 22
16 27 29 26
17 1 143 23
17 2 4 13
17 3 1 3
17 5 139 3
17 6 1 27
17 7 168 1
17 8 253 1
17 9 1 29
17 12 2 8
17 13 1 10
18 2 57 22
18 4 309 1
18 5 1 12
18 6 1 24
18 7 2 28
18 9 26 22
18 10 11 7
18 14 25 10
18 16 31 20
18 17 106 1
18 19 13 9
18 20 8 13
19 4 75 1
19 7 116 3
19 20 105 7
19 24 1 24
20 0 83 5
20 1 8 3
20 2 58 1
20 3 26 14
20 7 121 1
20 17 1 17
20 19 149 1
20 27 4 10
21 0 1 10
21 4 16 8
21 5 9 1
21 9 1 5
21 10 1 13
21 11 63 2
21 17 1 16
21 22 11 6
22 3 22 4
22 4 9 29
22 21 13 18
22 23 2 29
22 27 1 1
23 5 15 7
23 9 11 18
23 10 33 1
23 15 17 2
23 20 47 25
23 24 2 6
24 0 29 23
24 1 41 1
24 3 16 9
24 5 26 2
24 7 1 22
24 8 22 9
24 11 1 2
24 12 2 12
24 15 7 17
24 16 16 16
24 17 66 7
24 23 1 21
25 3 5 19
25 4 52 2
25 7 82 1
25 8 1 21
25 11 133 20
25 14 14 9
25 16 1 1
25 17 1 23
25 21 6 3
25 22 11 11
25 24 1 24
26 6 1 17
26 7 10 9
26 8 82 23
26 15 3 2
26 19 10 2
26 23 1 28
26 24 33 1
27 0 34 1
27 6 1 9
27 7 19 8
27 12 2 9
27 14 8 8
27 16 25 18
27 17 5 8
27 26 58 1
