0 1 24 23
0 2 7 27
0 3 28 11
0 4 107 1
0 5 17 25
0 6 237 1
0 8 15 19
0 10 19 1
0 16 84 17
0 17 2 8
0 19 132 1
0 20 78 1
0 24 16 25
1 0 30 9
1 3 34 29
1 5 31 21
1 6 204 1
1 7 25 1
1 8 15 2
1 10 1 2
1 11 240 3
1 13 5 27
1 14 40 4
1 16 111 6
1 17 38 1
1 19 4 23
1 20 28 1
1 24 21 27
2 1 1 1
2 3 4 15
2 4 5 17
2 6 2 1
2 8 111 1
2 9 1 22
2 10 1 16
2 11 124 5
2 20 23 27
2 22 2 24
3 0 14 21
3 1 26 15
3 2 90 1
3 4 40 1
3 5 16 2
3 7 2 18
3 8 49 22
3 9 17 25
3 10 2 1
3 11 73 1
3 16 17 18
3 17 3 19
3 21 7 3
3 24 23 23
4 0 2 15
4 1 253 1
4 2 3 27
4 3 50 2
4 5 68 1
4 6 6 8
4 7 1 8
4 10 6 24
4 12 194 1
4 15 34 6
4 17 4 9
4 24 16 2
4 26 2 18
5 0 16 5
5 1 56 17
5 2 2 21
5 3 16 29
5 4 376 1
5 6 84 5
5 8 28 18
5 9 4 25
5 10 1 24
5 11 98 1
5 13 5 10
5 14 28 1
5 16 36 5
5 18 1 15
5 24 21 8
5 27 23 2
6 0 57 1
6 1 3 28
6 3 65 1
6 4 50 22
6 5 176 1
6 7 89 1
6 8 421 1
6 9 21 1
6 10 1 13
6 11 265 1
6 12 227 2
6 14 82 1
6 16 9 10
6 18 41 1
6 21 1 19
6 22 1 28
6 24 26 6
6 27 1 11
7 0 187 1
7 2 184 1
7 3 47 18
7 6 387 24
7 8 1 29
7 11 151 16
7 15 12 7
7 16 105 15
7 17 204 1
7 20 1 12
7 24 158 2
7 25 1 18
8 0 47 8
8 1 16 23
8 2 141 1
8 3 48 4
8 4 206 1
8 5 19 1
8 6 159 1
8 7 4 21
8 9 142 18
8 10 7 16
8 11 6 17
8 14 2 21
8 16 31 15
8 19 20 4
8 20 112 1
8 23 4 22
8 24 36 2
8 25 4 26
9 1 112 1
9 2 2 26
9 5 54 10
9 6 293 1
9 7 209 1
9 10 131 1
9 12 94 1
9 14 72 2
9 15 1 11
9 17 28 21
9 18 28 4
9 20 11 9
9 25 58 10
10 0 11 5
10 1 1 10
10 3 111 1
10 4 242 1
10 6 181 1
10 7 3 11
10 8 21 1
10 9 5 9
10 11 3 2
10 15 167 1
10 17 82 3
10 18 1 28
10 20 1 25
10 21 1 14
10 25 124 1
11 0 92 1
11 1 219 1
11 2 1 4
11 3 1 12
11 5 70 1
11 7 258 1
11 8 54 25
11 9 5 8
11 12 1 11
11 13 60 4
11 14 74 28
11 15 4 8
11 16 1 1
11 20 7 28
11 24 1 16
11 25 288 1
11 26 119 2
11 27 11 26
12 1 1 3
12 3 23 3
12 5 16 1
12 6 213 2
12 8 4 17
12 9 57 1
12 10 114 2
12 13 175 2
12 14 53 1
12 21 2 15
12 22 70 1
12 23 2 14
12 24 36 10
13 6 2 16
13 10 2 26
13 11 1 28
13 12 1 7
13 14 1 29
13 26 1 23
14 1 98 1
14 2 1 18
14 6 1 8
14 7 21 4
14 8 1 21
14 10 33 1
14 11 43 1
14 15 51 10
14 27 6 9
15 0 59 5
15 3 51 12
15 5 1 2
15 7 161 1
15 10 28 23
15 11 5 21
15 23 1 12
16 0 26 27
16 1 16 2
16 3 16 5
16 4 1 13
16 5 36 25
16 8 16 18
16 9 92 29
16 13 6 6
16 17 7 6
16 18 1 25
16 20 76 15
16 24 35 11
17 1 1 8
17 2 69 10
17 4 3 16
17 6 27 11
17 8 252 2
17 10 2 25
17 16 3 27
17 18 1 28
17 20 6 4
17 22 1 20
18 1 181 2
18 4 307 1
18 6 1 27
18 7 1 14
18 9 1 24
18 16 7 10
18 17 105 1
19 0 1 4
19 2 7 5
19 8 1 1
19 15 2 2
19 18 38 28
19 20 4 8
20 0 17 5
20 2 57 2
20 3 2 27
20 4 1 22
20 6 84 2
20 8 1 25
20 11 1 8
20 15 14 5
20 19 147 11
20 21 1 20
21 5 8 26
21 6 1 10
21 11 63 1
21 12 1 26
21 13 1 1
21 16 4 4
21 23 3 23
22 4 2 13
22 7 61 1
22 9 1 16
22 10 116 2
22 11 7 1
22 12 1 3
22 17 4 23
22 18 2 16
22 23 2 14
23 7 8 3
23 8 95 13
23 10 32 1
23 11 9 18
23 14 2 15
23 15 17 2
23 22 1 26
24 0 16 21
24 1 31 19
24 2 3 10
24 3 22 13
24 4 6 23
24 5 76 1
24 7 1 2
24 8 17 17
24 9 2 19
24 10 4 1
24 11 2 22
24 12 15 14
24 13 16 1
24 15 3 28
24 16 16 16
24 25 3 27
25 4 52 4
25 6 100 10
25 7 81 3
25 8 3 16
25 11 3 1
25 14 1 16
25 19 14 13
25 24 3 22
26 2 10 15
26 6 73 16
26 11 95 5
26 15 3 21
26 19 10 23
27 0 33 6
27 3 1 7
27 10 1 3
27 11 1 14
27 12 15 16
27 22 10 2
27 25 15 2
27 26 57 1
