0 1 2 1
0 2 2 11
0 3 1 2
0 4 82 1
0 5 10 1
0 7 6 13
0 8 8 29
0 13 17 1
0 14 26 1
0 15 25 6
0 16 130 1
0 19 95 1
0 20 57 1
0 24 13 14
0 25 1 24
1 0 113 28
1 2 2 29
1 3 29 1
1 4 4 29
1 5 317 1
1 6 116 1
1 7 188 1
1 8 234 5
1 8 301 23
1 10 1 22
1 11 228 1
1 13 2 10
1 15 68 4
1 16 115 1
1 17 11 1
1 19 1 1
1 20 20 2
1 21 40 1
1 23 35 25
1 24 14 27
2 1 81 1
2 3 82 13
2 4 1 26
2 6 146 1
2 7 1 20
2 8 37 1
2 9 1 3
2 10 1 28
2 12 13 7
2 25 1 14
3 0 36 2
3 1 80 1
3 2 22 1
3 4 28 3
3 5 162 24
3 6 2 16
3 7 26 26
3 8 243 22
3 11 164 1
3 16 4 26
3 17 1 14
4 0 1 19
4 1 220 26
4 2 6 7
4 3 37 3
4 5 30 1
4 6 79 10
4 7 1 26
4 8 1 5
4 9 2 6
4 10 34 22
4 12 184 1
4 13 1 25
4 16 15 29
4 17 18 28
4 18 30 16
4 20 1 29
4 22 1 13
4 24 13 2
4 26 18 20
5 0 88 1
5 1 11 2
5 3 125 2
5 4 302 1
5 6 88 7
5 8 12 6
5 9 6 10
5 10 1 24
5 11 86 1
5 12 13 5
5 16 14 1
5 18 81 10
5 24 14 7
6 0 213 1
6 1 56 1
6 4 60 11
6 5 195 1
6 7 51 1
6 8 378 22
6 10 1 20
6 11 241 1
6 12 211 1
6 13 3 16
6 14 69 1
6 15 1 3
6 19 1 21
6 21 2 8
6 23 31 7
6 26 4 1
6 27 2 4
7 0 154 1
7 1 2 24
7 2 161 1
7 3 79 1
7 4 2 10
7 8 1 26
7 9 153 1
7 11 7 2
7 13 99 1
7 16 3 18
7 17 197 2
7 18 40 5
7 19 1 10
7 20 193 3
7 22 28 1
7 24 139 1
7 25 2 2
8 0 19 1
8 1 33 27
8 2 56 1
8 3 75 20
8 4 2 27
8 5 115 25
8 6 1 1
8 7 76 1
8 9 1 6
8 10 13 16
8 11 6 12
8 14 10 22
8 16 38 5
8 17 16 1
8 20 100 1
8 21 63 5
8 24 24 14
8 25 1 4
9 4 3 17
9 5 146 9
9 6 45 1
9 7 192 2
9 8 63 1
9 10 47 1
9 11 54 1
9 12 53 1
9 13 7 5
9 15 12 6
9 16 2 4
9 17 1 9
9 22 1 17
9 25 1 25
9 27 60 8
10 1 1 9
10 2 259 21
10 3 25 1
10 4 221 1
10 6 166 14
10 7 2 2
10 9 129 19
10 12 3 29
10 13 6 23
10 15 138 1
10 17 73 1
10 18 1 17
10 21 4 19
10 22 73 29
10 25 109 1
11 0 75 1
11 1 215 1
11 3 2 24
11 4 14 18
11 5 58 1
11 7 192 1
11 8 42 12
11 9 1 1
11 12 3 12
11 14 2 23
11 15 3 3
11 24 4 19
11 25 255 1
12 1 5 17
12 2 1 21
12 3 20 2
12 4 2 13
12 6 35 3
12 9 25 1
12 10 92 1
12 11 194 5
12 13 159 1
12 14 42 1
12 23 1 20
13 5 3 17
13 6 32 25
13 12 1 5
13 15 3 6
13 18 5 3
13 24 5 10
14 0 24 1
14 1 93 1
14 6 1 7
14 7 201 1
14 8 3 25
14 9 1 4
14 10 3 7
14 26 2 29
15 0 54 1
15 5 31 26
15 7 123 1
15 8 3 4
15 10 23 2
15 11 4 6
15 12 1 21
15 18 23 29
15 24 11 5
16 0 26 22
16 1 159 3
16 3 8 1
16 4 1 27
16 5 12 1
16 6 91 1
16 8 27 14
16 9 8 13
16 12 1 16
16 17 29 5
16 18 1 29
16 19 1 29
16 24 28 1
16 25 31 9
17 1 43 4
17 3 1 19
17 4 3 2
17 6 4 14
17 8 243 1
17 9 1 20
17 11 172 1
17 12 126 6
17 13 1 20
17 16 109 24
17 18 69 1
17 19 20 1
17 23 2 12
17 24 2 10
18 1 170 3
18 4 270 1
18 6 2 22
18 7 4 14
18 14 24 1
18 16 1 5
18 17 94 1
18 25 24 1
19 0 4 1
19 1 3 1
19 2 6 4
19 15 12 4
20 0 1 5
20 2 47 1
20 3 63 27
20 4 1 23
20 6 80 1
20 9 17 8
20 11 11 17
20 18 46 1
20 19 120 1
20 26 1 27
21 4 15 1
21 8 61 7
21 11 59 6
21 12 1 3
21 15 3 3
21 16 4 16
21 17 1 9
21 22 5 19
22 9 6 16
22 10 107 1
22 17 3 16
22 20 9 1
22 23 3 27
23 8 101 17
23 10 25 1
23 12 66 5
23 14 4 22
23 16 20 8
23 20 4 25
23 24 1 6
23 25 1 26
24 0 51 5
24 1 25 1
24 3 96 24
24 4 1 14
24 5 29 1
24 6 1 15
24 7 1 27
24 8 211 1
24 11 5 28
24 12 6 12
24 16 117 1
24 25 1 17
25 6 96 2
25 7 267 1
25 8 8 22
25 10 89 18
25 11 12 3
25 12 10 2
25 20 1 7
26 7 8 1
26 8 1 27
26 11 31 1
26 24 6 1
27 5 1 24
27 7 2 29
27 11 1 29
27 17 4 20
27 24 2 28
27 26 39 2
