0 1 21 6
0 2 1 21
0 3 63 1
0 5 12 16
0 6 195 1
0 7 28 15
0 8 27 1
0 10 9 1
0 14 24 1
0 16 216 1
0 17 1 24
0 19 73 1
0 20 46 1
0 22 14 16
0 24 60 7
0 25 51 16
1 0 20 24
1 2 5 22
1 3 25 1
1 4 9 8
1 5 272 12
1 6 71 1
1 7 176 1
1 8 48 16
1 9 1 1
1 10 1 5
1 11 220 2
1 14 31 3
1 15 65 4
1 16 72 1
1 18 178 3
1 21 38 17
1 22 58 5
1 24 106 1
1 25 6 20
2 0 79 1
2 1 56 1
2 3 2 13
2 4 92 11
2 6 13 1
2 7 150 29
2 8 9 1
2 9 15 3
2 11 96 3
2 12 12 1
2 17 171 1
2 24 3 1
2 25 6 26
3 0 73 2
3 1 94 1
3 5 90 1
3 7 4 5
3 8 45 1
3 9 11 18
3 11 146 1
3 12 58 4
3 15 21 4
3 16 22 3
3 17 14 9
3 24 73 4
3 25 1 3
3 26 3 25
4 0 2 7
4 1 357 1
4 2 5 26
4 3 30 2
4 5 8 1
4 6 1 14
4 7 3 3
4 8 5 27
4 9 4 11
4 10 12 3
4 12 178 1
4 15 1 15
4 16 1 1
4 17 2 13
4 26 2 1
5 0 56 23
5 1 79 1
5 2 1 10
5 3 49 1
5 4 247 1
5 6 6 28
5 7 12 26
5 8 35 1
5 9 11 17
5 10 2 25
5 12 1 2
5 14 22 3
5 16 214 1
5 18 1 16
5 20 11 3
5 22 4 17
5 24 31 2
5 25 2 3
6 0 204 1
6 1 232 1
6 4 4 24
6 5 103 1
6 8 66 9
6 10 9 18
6 12 200 2
6 13 1 29
6 14 61 2
6 18 1 28
6 19 1 12
6 21 3 19
6 24 19 2
6 25 1 6
6 27 3 5
7 0 134 1
7 2 17 1
7 3 406 1
7 5 163 1
7 6 2 1
7 8 26 1
7 9 142 1
7 11 12 29
7 15 182 14
7 16 1 3
7 22 24 2
7 23 16 2
7 25 2 6
8 0 62 1
8 1 66 5
8 2 20 1
8 4 159 1
8 5 222 1
8 6 7 5
8 7 16 24
8 9 3 8
8 10 71 20
8 11 26 5
8 13 1 27
8 14 5 17
8 16 113 1
8 17 11 3
8 18 60 1
8 19 13 7
8 23 4 9
8 24 17 20
9 1 74 1
9 2 1 13
9 3 4 5
9 4 5 15
9 5 215 1
9 6 171 1
9 7 181 2
9 8 104 1
9 10 39 1
9 12 32 1
9 13 2 2
9 14 49 1
9 15 1 14
9 17 1 16
9 18 59 1
9 20 7 8
9 25 1 7
10 1 2 23
10 2 2 4
10 3 13 1
10 5 13 3
10 6 156 1
10 7 141 15
10 8 7 21
10 9 132 4
10 11 1 24
10 12 1 6
10 13 2 5
10 14 1 26
10 15 120 1
10 18 5 16
10 21 4 11
10 24 49 1
10 26 22 1
11 0 65 2
11 1 209 1
11 2 221 13
11 5 51 1
11 7 41 1
11 8 2 11
11 9 2 22
11 10 1 20
11 14 1 26
11 15 1 10
11 16 41 9
11 17 2 2
11 18 2 23
11 19 16 1
11 20 115 17
11 21 77 9
11 22 126 1
11 23 9 17
11 24 57 7
11 25 204 1
12 8 5 25
12 9 11 1
12 10 78 1
12 13 147 1
12 14 35 1
12 15 14 3
12 20 1 7
12 21 7 6
12 24 9 1
13 0 1 8
13 2 10 25
13 5 1 15
13 6 3 12
13 9 2 1
13 10 3 9
13 12 1 24
13 19 5 25
14 0 22 1
14 3 3 20
14 5 37 2
14 8 167 25
14 9 5 11
14 10 19 22
14 11 9 1
14 12 67 9
14 16 23 20
14 27 1 8
15 1 17 7
15 4 3 27
15 7 100 1
15 9 6 2
15 10 225 6
15 11 50 7
15 12 7 17
15 14 6 1
16 0 100 2
16 1 304 1
16 3 52 1
16 5 70 1
16 6 87 2
16 8 57 23
16 9 1 7
16 11 1 19
16 17 1 16
16 18 21 18
16 24 36 1
16 25 30 7
17 1 1 25
17 3 2 24
17 4 276 3
17 5 128 3
17 6 5 15
17 8 237 1
17 11 169 1
17 12 1 3
17 13 1 21
17 16 123 9
17 20 4 25
17 26 54 20
18 1 163 1
18 2 5 2
18 3 2 15
18 4 244 1
18 7 18 1
18 8 3 20
18 9 3 1
18 11 98 1
18 16 2 29
18 26 6 7
19 0 5 10
19 1 67 15
19 3 2 10
19 5 18 1
19 11 1 1
19 15 11 5
19 16 34 7
19 18 38 23
19 27 1 21
20 2 40 3
20 3 3 18
20 5 63 2
20 6 78 3
20 7 201 1
20 9 15 3
20 10 2 1
20 11 41 4
20 12 2 17
20 17 1 26
20 19 103 1
20 24 60 1
20 27 3 5
21 2 3 15
21 6 22 16
21 9 1 15
21 11 57 7
21 12 1 16
21 13 1 8
21 16 4 12
21 17 24 20
21 22 5 6
21 23 2 12
21 27 1 27
22 0 1 3
22 4 4 13
22 8 4 1
22 9 1 10
22 10 100 1
22 12 1 20
22 13 8 1
22 20 8 7
23 8 1 15
23 9 28 18
23 10 20 4
23 11 1 20
23 13 7 2
23 14 1 20
23 15 15 1
24 0 73 1
24 1 28 9
24 3 39 1
24 5 17 11
24 7 2 17
24 8 218 1
24 11 1 9
24 12 6 7
24 15 1 20
24 16 72 1
25 3 4 9
25 4 46 4
25 6 95 2
25 7 255 1
25 9 1 23
25 11 24 27
25 18 20 12
25 24 1 9
26 1 1 15
26 8 85 24
26 13 6 6
26 16 4 3
26 19 10 7
26 23 1 2
26 25 23 1
27 1 1 19
27 6 12 23
27 7 10 12
27 23 1 10
27 26 29 2
