0 1 31 1
0 2 1 29
0 3 25 1
0 4 48 1
0 5 169 1
0 6 171 1
0 7 1 20
0 8 9 1
0 9 22 3
0 12 1 21
0 13 14 1
0 16 30 1
0 17 1 10
0 19 46 1
0 20 31 1
0 24 35 1
1 0 6 1
1 2 4 28
1 3 154 1
1 4 3 12
1 5 245 1
1 6 25 1
1 7 165 1
1 8 103 1
1 10 1 16
1 11 208 2
1 14 27 1
1 16 61 1
1 18 169 1
1 20 11 1
1 22 56 13
1 23 2 3
1 24 47 1
1 26 45 1
2 1 257 1
2 3 18 12
2 4 87 28
2 6 112 1
2 8 1 27
2 11 120 2
2 17 159 2
2 19 5 25
2 25 7 15
3 0 8 6
3 1 28 1
3 2 5 20
3 4 14 2
3 5 52 20
3 6 4 3
3 7 2 29
3 8 67 1
3 11 21 1
3 16 96 1
3 17 1 12
3 18 21 24
3 24 9 3
3 25 46 3
4 0 6 29
4 1 336 1
4 2 6 22
4 3 21 3
4 6 13 6
4 7 4 13
4 8 4 2
4 9 2 5
4 10 4 7
4 13 1 8
4 16 1 11
4 17 19 28
4 20 1 8
5 0 126 1
5 1 39 1
5 2 3 19
5 3 35 1
5 4 171 1
5 6 187 1
5 7 71 2
5 8 166 1
5 9 101 27
5 10 6 12
5 11 67 1
5 12 6 19
5 14 19 2
5 16 78 1
5 24 53 1
5 27 20 21
6 0 184 1
6 1 270 7
6 2 1 24
6 4 2 22
6 5 30 1
6 7 12 2
6 8 228 1
6 9 3 12
6 10 7 24
6 11 202 1
6 12 184 2
6 13 23 14
6 14 51 1
6 15 2 18
6 18 8 5
6 20 168 1
6 22 13 14
6 25 2 20
7 0 107 1
7 1 10 21
7 2 130 1
7 3 41 1
7 5 164 1
7 6 356 1
7 8 434 1
7 9 125 2
7 10 1 22
7 11 296 6
7 11 161 14
7 12 5 1
7 13 85 2
7 14 107 2
7 15 16 10
7 17 185 2
7 20 12 29
7 24 110 1
7 25 5 29
8 0 41 1
8 1 34 1
8 3 49 1
8 4 24 1
8 5 7 29
8 6 28 26
8 7 4 25
8 9 85 8
8 10 181 28
8 11 54 7
8 12 1 2
8 13 7 25
8 14 1 19
8 15 6 4
8 16 62 2
8 20 82 1
8 24 52 1
8 25 18 21
8 27 3 15
9 1 91 1
9 4 1 28
9 5 244 1
9 6 103 1
9 8 91 1
9 11 232 1
9 12 12 1
9 15 1 16
9 17 1 28
9 18 52 3
9 20 6 1
9 23 6 12
9 25 1 6
10 0 1 6
10 4 189 1
10 5 8 13
10 6 331 1
10 7 1 8
10 8 26 24
10 9 5 18
10 11 1 4
10 13 1 2
10 14 4 26
10 15 95 1
10 17 59 4
10 18 1 12
10 24 40 2
10 25 87 1
10 26 19 2
10 27 5 12
11 0 52 1
11 1 197 2
11 5 42 1
11 7 117 1
11 8 168 15
11 9 20 26
11 10 1 19
11 12 4 20
11 13 181 2
11 14 2 3
11 15 34 2
11 22 120 1
11 23 1 18
11 24 57 1
11 25 41 21
11 26 103 1
11 27 1 8
12 2 12 29
12 4 1 5
12 6 201 1
12 10 61 1
12 13 129 1
12 14 27 2
13 0 4 11
13 6 1 29
13 10 1 25
13 12 1 26
13 15 7 21
13 27 1 21
14 6 1 28
14 9 16 3
14 10 59 22
14 12 66 26
14 13 4 17
14 16 23 29
14 17 18 8
14 18 4 2
14 25 2 21
14 27 11 14
15 0 47 3
15 6 3 9
15 7 71 1
15 8 1 20
15 10 216 3
15 11 6 24
15 14 6 8
15 17 30 11
15 18 23 1
15 20 49 1
16 0 30 1
16 1 82 1
16 3 35 1
16 4 1 1
16 5 4 4
16 8 22 1
16 10 7 7
16 17 1 23
16 18 5 14
16 24 29 1
17 1 1 14
17 2 11 1
17 3 1 24
17 6 1 11
17 18 6 21
17 19 14 7
18 1 152 1
18 2 3 21
18 3 10 9
18 4 206 1
18 5 8 6
18 7 12 3
18 8 3 2
18 9 7 25
18 17 77 3
18 23 3 20
18 24 5 6
18 26 6 2
19 0 8 11
19 1 62 1
19 17 3 20
19 20 102 1
19 24 12 29
19 27 1 6
20 3 7 11
20 6 76 1
20 11 1 3
20 17 18 16
20 19 138 21
20 21 16 28
20 25 58 5
22 1 5 28
22 6 3 7
22 7 45 3
22 9 1 22
22 12 2 11
22 17 4 14
22 19 1 17
22 23 6 4
22 24 11 1
22 27 11 26
23 7 1 20
23 11 5 8
23 15 11 12
23 20 5 2
23 25 1 16
24 0 59 1
24 1 33 1
24 2 5 17
24 3 18 2
24 4 1 5
24 5 48 1
24 7 75 26
24 8 101 1
24 9 1 21
24 11 1 17
24 15 3 10
24 16 10 1
24 20 10 10
25 3 1 24
25 5 4 25
25 7 236 2
25 8 1 5
25 11 1 13
25 18 5 24
25 26 1 5
26 1 1 18
26 3 21 1
26 5 2 24
26 8 1 29
26 9 2 9
26 11 86 1
26 27 97 3
27 3 1 11
27 7 2 23
27 8 93 1
27 10 112 3
27 11 1 16
27 15 16 1
27 16 1 6
27 21 4 12
27 26 17 2
