0 1 9 18
0 2 4 9
0 3 22 3
0 5 103 17
0 7 6 9
0 8 66 7
0 10 1 3
0 15 1 25
0 16 12 17
0 17 88 1
0 19 228 1
0 20 1 2
0 24 20 17
1 0 297 29
1 3 33 22
1 4 157 1
1 5 32 26
1 6 285 1
1 8 11 21
1 9 28 29
1 10 326 8
1 15 2 2
1 16 13 29
1 17 73 1
1 18 2 11
1 24 13 20
2 3 30 21
2 4 199 1
2 8 76 16
2 10 7 5
2 11 24 1
2 20 35 1
2 24 34 13
3 0 15 2
3 1 11 22
3 2 103 1
3 4 3 20
3 5 27 3
3 6 141 1
3 7 8 1
3 8 14 29
3 10 1 10
3 11 77 1
3 12 1 8
3 16 12 9
3 17 133 2
3 19 54 3
3 20 79 29
3 24 13 8
3 27 13 5
4 1 133 20
4 2 1 25
4 5 5 23
4 6 34 17
4 8 27 18
4 9 5 23
4 10 184 1
4 12 5 23
4 14 9 1
4 16 130 1
4 18 4 26
5 0 13 7
5 1 12 1
5 2 80 5
5 3 12 11
5 4 4 1
5 6 132 1
5 7 108 1
5 8 25 12
5 9 243 1
5 10 6 18
5 11 9 3
5 12 1 17
5 14 1 23
5 16 12 22
5 24 13 23
5 27 21 27
6 1 82 26
6 2 20 1
6 3 1 17
6 4 2 24
6 5 4 25
6 7 5 1
6 8 314 1
6 9 285 23
6 10 1 28
6 11 2 13
6 13 55 4
6 14 14 17
6 15 122 1
6 16 1 9
6 17 2 7
6 24 1 11
7 1 2 9
7 2 179 1
7 3 5 2
7 4 8 27
7 5 75 1
7 6 395 1
7 8 35 20
7 9 4 23
7 10 39 16
7 11 10 9
7 13 1 10
7 14 41 1
7 15 10 3
7 23 2 18
7 24 1 1
7 25 7 9
7 26 1 4
8 0 14 26
8 1 40 7
8 2 3 14
8 3 20 8
8 4 187 1
8 5 12 8
8 6 3 23
8 7 94 1
8 9 7 16
8 10 367 1
8 11 16 28
8 13 113 2
8 14 2 24
8 16 13 7
8 18 2 24
8 20 4 3
8 21 1 18
8 22 1 22
8 24 20 11
8 27 1 4
9 3 1 25
9 4 3 7
9 5 67 20
9 6 6 29
9 7 2 26
9 8 343 1
9 10 4 23
9 11 9 2
9 12 183 1
9 13 87 1
9 16 1 20
9 18 2 12
9 21 56 4
9 27 1 3
10 1 258 1
10 2 274 2
10 3 1 23
10 4 1 18
10 5 5 24
10 7 57 1
10 8 51 15
10 9 73 29
10 12 1 28
10 13 6 11
10 14 15 15
10 15 43 1
10 17 2 18
10 24 84 14
10 25 5 1
10 26 105 12
11 0 4 8
11 1 1 10
11 2 65 2
11 4 90 2
11 5 1 2
11 6 1 14
11 7 159 4
11 8 1 13
11 9 176 1
11 10 16 2
11 12 1 7
11 13 18 1
11 14 4 24
11 15 1 1
11 21 2 7
11 23 145 1
11 24 2 6
11 25 3 4
12 0 98 1
12 1 5 1
12 5 1 24
12 8 239 3
12 9 137 1
12 10 4 29
12 11 1 27
12 13 170 1
12 14 7 11
12 17 4 12
12 22 3 9
12 23 30 4
12 26 1 3
12 27 29 5
13 0 21 5
13 4 46 24
13 10 3 25
13 11 99 2
13 24 5 9
13 27 5 11
14 8 229 2
14 10 109 1
14 11 24 2
14 13 1 1
14 15 1 27
14 23 27 5
14 24 10 1
15 7 126 1
15 8 90 1
15 9 4 3
15 10 175 1
15 11 7 7
15 12 92 6
15 13 15 1
15 17 1 7
15 24 28 10
16 0 12 11
16 1 22 6
16 3 15 23
16 4 159 2
16 5 13 7
16 7 2 16
16 8 13 28
16 14 1 28
16 17 2 18
16 18 7 16
16 23 1 9
16 24 20 9
16 25 1 4
17 0 12 4
17 1 2 22
17 2 56 1
17 4 20 1
17 12 53 18
17 16 1 17
17 20 5 7
17 22 1 22
17 26 1 16
17 27 34 24
18 4 279 1
18 6 74 1
18 9 11 4
18 10 72 1
18 11 93 20
18 16 1 15
18 17 1 13
19 10 80 2
19 11 1 18
19 12 29 20
19 14 14 28
19 18 2 16
19 20 193 1
20 5 3 23
20 7 1 8
20 11 59 1
20 15 1 14
20 19 31 1
20 23 1 22
20 25 50 12
21 7 53 16
21 8 1 28
21 9 2 26
21 22 5 4
21 23 13 19
22 1 3 12
22 7 4 19
22 14 1 10
22 15 4 9
22 16 17 21
23 7 132 1
23 10 1 21
23 11 189 1
23 12 1 5
23 14 1 17
23 15 1 18
23 20 1 12
23 25 15 1
23 26 2 23
24 0 12 4
24 1 12 28
24 3 13 8
24 5 22 25
24 7 164 2
24 8 13 14
24 9 50 4
24 10 4 14
24 11 2 28
24 16 21 26
24 20 4 5
24 22 2 9
24 26 1 8
25 0 82 4
25 1 19 21
25 2 1 15
25 6 1 11
25 7 171 1
25 11 95 1
25 13 1 17
25 20 64 6
25 22 2 4
25 26 1 20
26 4 56 17
26 5 2 23
26 6 1 27
26 7 120 1
26 10 66 1
26 27 4 11
27 1 34 1
27 2 5 7
27 6 13 3
27 7 101 4
27 8 1 27
27 10 35 14
27 11 2 22
27 16 1 26
27 18 12 17
27 26 104 15
