0 1 305 9
0 1 39 19
0 1 440 21
0 2 1 8
0 3 66 25
0 4 21 1
0 5 55 14
0 6 126 1
0 7 1 8
0 8 48 21
0 13 11 1
0 16 12 11
0 18 95 2
0 19 11 1
0 20 11 1
0 23 1 19
0 24 12 2
0 25 1 25
0 27 2 2
1 0 39 1
1 2 70 27
1 3 22 20
1 4 4 27
1 5 12 12
1 7 134 1
1 8 38 4
1 9 1 28
1 11 184 2
1 12 159 2
1 14 19 3
1 16 27 16
1 17 1 5
1 18 148 1
1 19 1 26
1 20 4 1
1 23 8 8
1 24 57 15
2 1 62 1
2 3 93 18
2 6 82 1
2 7 1 16
2 8 3 26
2 9 2 26
2 10 2 16
2 11 76 1
2 13 7 10
2 19 1 28
2 20 22 22
3 0 12 25
3 1 14 29
3 2 8 3
3 5 203 27
3 6 216 1
3 7 44 1
3 8 14 28
3 10 2 3
3 11 113 1
3 16 40 25
3 17 1 7
3 20 3 5
3 24 33 23
3 25 42 1
4 0 4 19
4 1 112 1
4 2 1 10
4 5 2 4
4 6 444 26
4 7 12 4
4 8 47 5
4 9 3 22
4 12 149 1
4 14 99 29
4 16 4 7
4 17 2 14
4 18 302 1
4 19 1 12
4 24 7 20
4 25 4 22
4 26 1 11
5 0 12 18
5 1 11 3
5 3 48 15
5 4 54 1
5 6 38 1
5 7 64 1
5 8 18 17
5 9 1 23
5 10 7 11
5 11 48 3
5 12 1 7
5 14 14 1
5 15 11 3
5 16 68 17
5 18 22 2
5 22 1 15
5 24 28 11
6 0 14 1
6 1 130 1
6 2 2 10
6 3 5 2
6 4 4 9
6 5 13 15
6 8 1 26
6 9 3 24
6 10 3 24
6 11 159 1
6 13 25 10
6 15 1 15
6 17 1 24
6 18 1 21
6 20 160 20
6 21 12 28
6 22 1 6
7 0 63 1
7 1 16 12
7 2 72 1
7 3 257 1
7 5 147 2
7 6 385 1
7 8 191 1
7 9 96 2
7 10 3 25
7 11 191 1
7 14 100 1
7 15 200 1
7 22 13 10
7 24 79 1
7 25 46 11
7 26 88 22
8 0 12 4
8 1 70 27
8 2 3 22
8 3 14 14
8 4 163 1
8 5 15 14
8 6 16 7
8 7 115 10
8 9 85 1
8 10 64 25
8 11 7 21
8 14 1 6
8 16 76 7
8 23 3 10
8 24 11 29
9 1 67 1
9 2 6 6
9 4 13 27
9 5 51 1
9 6 12 1
9 7 136 1
9 8 119 1
9 10 2 17
9 11 220 1
9 13 3 4
9 14 20 1
9 18 18 17
9 24 5 28
9 26 58 9
9 27 54 1
10 1 3 18
10 3 62 1
10 5 6 16
10 6 271 1
10 7 1 12
10 8 7 24
10 11 10 28
10 13 15 7
10 14 3 3
10 15 54 1
10 18 1 18
10 20 4 10
10 21 14 9
10 24 26 2
10 26 14 8
11 0 32 1
11 1 172 2
11 2 217 1
11 4 28 14
11 5 26 4
11 6 3 2
11 7 1 24
11 8 42 3
11 9 1 17
11 10 6 7
11 13 162 1
11 14 1 29
11 15 192 1
11 20 1 19
11 21 71 3
11 23 2 5
11 24 6 2
11 25 92 1
11 26 91 2
11 27 1 27
12 6 181 1
12 11 183 2
12 13 92 1
12 14 14 2
12 17 50 1
12 22 45 2
13 0 2 10
13 3 23 26
13 10 2 23
13 12 6 24
13 14 1 29
13 23 8 17
14 1 75 3
14 3 8 24
14 6 7 5
14 8 93 1
14 9 4 21
14 10 31 16
14 12 74 14
14 13 1 12
14 15 56 1
14 20 44 23
14 23 7 10
14 24 2 13
14 27 2 16
15 7 28 1
15 8 17 9
15 10 188 1
15 11 26 1
15 14 2 23
15 22 7 15
15 24 29 15
15 26 17 1
16 0 37 20
16 1 12 2
16 2 2 1
16 3 60 27
16 5 12 9
16 8 22 2
16 10 1 4
16 11 3 7
16 17 2 15
16 24 47 27
17 0 2 17
17 1 4 21
17 3 1 16
17 4 3 2
17 5 109 2
17 6 15 29
17 8 206 1
17 9 164 1
17 16 218 1
17 18 7 24
18 1 130 1
18 2 51 11
18 3 1 27
18 4 136 1
18 5 7 12
18 6 1 4
18 8 7 13
18 9 1 24
18 10 1 29
18 11 89 13
18 15 33 5
18 16 70 22
18 17 60 1
18 23 1 1
18 26 1 18
18 27 1 8
19 0 4 3
19 2 18 1
19 11 112 21
19 13 5 21
19 16 31 25
19 20 238 1
19 27 2 18
20 3 1 14
20 6 142 2
20 7 167 3
20 11 44 21
20 12 1 3
20 14 58 1
20 17 1 17
20 18 37 5
20 19 84 1
20 22 47 16
21 3 9 25
21 8 54 1
21 11 50 1
21 13 4 14
21 16 4 19
21 22 1 18
21 27 8 23
22 6 85 8
22 7 36 3
22 10 74 1
22 12 1 16
22 13 3 3
22 14 1 6
22 15 14 4
22 26 10 15
23 6 1 4
23 15 14 2
23 24 1 22
24 0 12 2
24 1 81 13
24 3 25 13
24 4 14 8
24 5 50 7
24 6 1 8
24 7 2 14
24 8 28 12
24 11 40 8
24 14 1 28
24 16 12 12
24 19 10 2
24 20 28 14
24 26 1 2
25 1 85 29
25 3 1 29
25 6 80 5
25 7 195 1
25 11 66 12
25 14 1 5
25 18 6 19
25 21 4 4
25 23 5 27
26 2 8 12
26 23 1 8
27 7 39 5
27 10 104 1
27 14 18 23
27 26 2 4
