0 1 73 1
0 3 25 1
0 4 127 1
0 5 38 23
0 7 120 1
0 8 82 1
0 9 131 1
0 10 8 24
0 11 1 24
0 16 16 1
0 17 1 10
0 18 20 2
0 19 1 11
0 22 2 12
0 25 1 13
0 27 3 8
1 0 69 9
1 2 156 1
1 3 5 20
1 4 2 19
1 5 94 15
1 6 44 3
1 7 180 1
1 8 5 9
1 9 241 22
1 10 188 2
1 13 45 6
1 15 91 5
1 16 189 1
1 17 5 21
1 18 77 2
1 19 122 3
1 20 3 15
1 23 19 5
1 24 117 7
1 26 1 15
1 27 32 6
2 0 4 21
2 1 238 3
2 3 102 4
2 5 1 3
2 6 12 8
2 7 174 1
2 8 2 24
2 9 1 18
2 11 6 9
2 14 1 9
2 16 2 15
2 17 160 2
2 19 24 26
2 20 131 6
2 26 1 11
3 0 237 5
3 1 6 20
3 2 6 6
3 4 166 13
3 5 9 25
3 6 99 24
3 7 12 8
3 8 3 13
3 10 2 19
3 11 1 18
3 12 59 1
3 15 1 13
3 16 14 11
3 17 92 2
3 19 30 1
3 20 60 1
3 24 105 27
3 25 1 3
3 26 1 28
4 0 280 2
4 1 3 6
4 2 2 13
4 3 1 10
4 6 2 5
4 7 1 19
4 8 294 1
4 9 4 29
4 10 253 2
4 15 1 4
4 16 96 6
4 18 1 9
4 20 1 8
4 21 37 3
4 22 1 18
5 0 26 1
5 1 13 10
5 3 78 3
5 4 173 1
5 6 121 25
5 7 193 26
5 8 33 2
5 9 6 7
5 10 104 1
5 16 15 1
5 23 1 20
5 24 57 1
6 0 1 2
6 1 14 14
6 2 13 9
6 4 22 1
6 5 12 19
6 7 3 26
6 8 4 16
6 9 1 5
6 10 66 1
6 12 2 2
6 16 3 13
6 17 185 2
6 19 1 3
6 20 2 2
6 21 62 17
6 23 1 12
6 25 1 10
7 0 6 13
7 1 2 18
7 2 1 19
7 3 360 1
7 4 72 2
7 5 221 1
7 6 10 13
7 8 43 6
7 9 13 3
7 10 13 1
7 11 4 18
7 12 51 16
7 14 2 6
7 16 8 2
7 17 199 1
7 19 124 1
7 21 1 6
7 22 1 28
7 25 54 2
7 26 1 11
7 27 3 4
8 0 23 8
8 1 67 1
8 2 348 1
8 3 12 1
8 4 1 27
8 5 440 11
8 6 14 10
8 7 8 14
8 9 387 1
8 10 8 1
8 11 38 11
8 14 202 1
8 15 14 1
8 16 45 27
8 17 2 2
8 18 1 7
8 20 2 25
8 24 5 2
9 0 1 8
9 3 93 1
9 5 2 1
9 6 108 1
9 7 9 3
9 8 1 14
9 10 261 1
9 12 19 1
9 13 81 4
9 14 6 10
9 21 35 23
9 22 1 26
9 23 1 13
10 0 1 3
10 3 10 1
10 6 2 11
10 7 2 18
10 8 60 1
10 9 21 6
10 11 320 1
10 14 1 23
10 15 194 1
10 18 43 1
10 19 1 22
10 20 86 1
10 22 1 4
10 23 102 3
10 24 68 3
10 25 1 11
10 27 1 27
11 2 17 17
11 3 73 1
11 5 41 1
11 6 1 13
11 7 11 14
11 8 23 1
11 10 151 1
11 12 1 2
11 13 1 25
11 15 164 1
11 16 1 8
11 20 1 28
11 22 44 1
11 23 19 6
11 24 12 7
11 25 99 12
12 3 11 23
12 5 3 5
12 6 18 1
12 7 157 4
12 8 135 1
12 9 1 10
12 10 19 3
12 11 33 1
12 13 1 28
12 14 28 8
12 21 24 2
12 24 1 7
13 2 3 10
13 4 29 1
13 8 72 2
13 10 23 1
13 12 1 5
13 14 1 16
14 4 1 17
14 6 2 26
14 9 1 16
14 10 152 1
14 11 1 12
14 15 2 10
14 17 22 3
14 18 1 2
15 6 67 15
15 7 127 1
15 8 3 24
15 9 19 4
15 10 2 22
15 11 1 26
15 14 5 14
15 23 1 21
15 25 6 7
15 26 20 1
16 0 51 2
16 1 17 2
16 3 55 3
16 4 2 2
16 5 64 24
16 7 44 3
16 8 13 1
16 12 42 6
16 17 34 1
16 18 15 1
16 21 13 6
16 24 4 1
17 3 1 18
17 7 14 26
17 14 1 21
17 16 208 1
18 1 3 27
18 4 12 24
18 5 3 1
18 6 3 10
18 16 1 17
18 17 2 23
19 0 12 2
19 1 2 28
19 3 32 2
19 6 99 2
19 7 109 5
19 9 1 3
19 10 78 5
19 20 98 3
19 25 3 2
19 26 10 27
20 0 200 1
20 2 66 2
20 4 14 1
20 7 1 26
20 8 1 7
20 9 1 24
20 11 14 20
20 19 4 17
20 24 66 12
21 4 1 22
21 5 13 1
21 6 1 15
21 10 1 7
21 11 2 5
21 17 14 2
22 6 13 1
22 21 9 4
22 23 10 13
23 8 68 1
23 11 133 1
23 13 1 10
23 18 1 3
23 22 10 6
24 0 74 9
24 1 45 1
24 3 3 12
24 5 41 17
24 7 1 4
24 8 27 2
24 10 131 1
24 11 104 1
24 12 1 12
24 15 22 6
24 16 14 1
24 18 1 20
24 22 5 7
24 23 4 11
25 6 102 9
25 7 96 1
25 11 6 1
25 14 1 21
26 1 8 15
27 1 50 2
27 5 1 1
27 6 11 27
27 20 42 24
27 25 50 2
27 26 92 3
