0 1 12 11
0 2 67 1
0 3 10 16
0 4 231 1
0 5 49 20
0 6 85 1
0 7 243 1
0 8 9 7
0 12 92 5
0 14 1 14
0 16 38 4
0 17 2 22
0 19 34 2
0 20 218 27
0 23 49 7
0 24 10 24
1 0 183 17
1 2 1 14
1 3 11 22
1 4 89 1
1 5 10 10
1 6 2 29
1 7 276 2
1 8 11 16
1 9 225 9
1 11 23 1
1 16 10 24
1 17 4 17
1 18 131 3
1 19 153 6
1 24 37 19
2 1 4 7
2 3 3 7
2 4 2 15
2 6 1 5
2 7 291 1
2 8 193 1
2 11 94 26
2 12 42 1
3 0 9 7
3 1 11 10
3 2 244 1
3 5 9 12
3 6 80 25
3 7 6 26
3 8 11 3
3 10 3 17
3 11 8 2
3 12 70 6
3 14 7 10
3 16 37 5
3 17 134 1
3 19 45 7
3 24 9 9
4 1 59 15
4 5 9 28
4 7 1 11
4 8 388 1
4 9 13 1
4 11 1 29
4 12 1 28
4 13 1 13
4 14 1 9
4 16 1 22
4 17 16 3
4 18 2 22
4 19 6 3
5 0 10 19
5 1 20 2
5 3 23 29
5 6 147 1
5 7 2 23
5 8 47 11
5 9 273 1
5 10 241 1
5 12 160 1
5 16 21 22
5 17 80 4
5 18 56 2
5 24 10 4
6 0 1 6
6 1 12 17
6 2 1 11
6 3 39 1
6 4 234 1
6 5 56 24
6 7 3 25
6 8 364 20
6 9 150 1
6 10 336 1
6 11 1 8
6 12 2 22
6 13 18 1
6 20 1 19
6 24 60 5
7 0 1 12
7 1 4 2
7 3 3 20
7 4 133 2
7 6 1 14
7 8 3 13
7 9 61 1
7 10 119 1
7 11 10 15
7 13 61 1
7 15 2 17
7 20 219 2
7 21 1 18
7 22 1 5
7 23 100 1
7 25 163 1
8 0 25 27
8 1 8 20
8 2 3 25
8 3 141 9
8 5 13 1
8 6 303 1
8 7 73 1
8 10 13 28
8 11 5 26
8 15 51 3
8 16 10 27
8 17 1 5
8 18 9 6
8 20 1 10
8 21 1 11
8 23 68 1
8 24 9 10
8 27 89 3
9 2 1 20
9 4 3 13
9 5 4 19
9 6 419 1
9 8 46 1
9 10 313 16
9 11 3 10
9 12 185 1
9 14 2 28
9 24 63 4
10 3 61 2
10 4 265 3
10 6 4 12
10 7 2 12
10 8 376 1
10 9 85 1
10 12 20 2
10 13 170 1
10 14 173 1
10 16 64 19
10 17 168 3
10 18 69 1
10 24 110 2
11 1 59 1
11 3 193 1
11 5 87 2
11 7 227 1
11 8 161 1
11 10 273 1
11 14 67 1
11 22 79 2
11 25 2 2
11 26 1 29
11 27 120 2
12 0 7 3
12 6 77 1
12 8 188 2
12 9 2 16
12 10 87 1
12 13 26 1
12 22 1 4
13 7 1 24
13 10 110 1
13 12 1 13
13 14 26 1
14 7 1 3
14 8 119 1
14 10 434 1
14 11 37 2
14 12 1 13
14 24 1 5
15 2 20 16
15 7 255 1
15 8 1 29
15 9 45 4
15 10 1 1
15 11 281 1
15 14 4 1
15 20 1 1
15 25 21 3
16 0 23 1
16 1 10 15
16 3 22 19
16 5 10 14
16 8 288 5
16 15 24 2
16 17 169 1
16 18 1 2
16 24 10 27
17 1 139 1
17 2 45 2
17 3 1 21
17 7 1 28
17 9 1 6
17 10 50 3
17 11 88 1
17 16 311 3
17 18 102 1
17 25 1 28
18 4 16 1
18 6 1 21
18 9 1 3
18 10 1 29
18 16 1 29
18 17 1 21
19 1 149 29
19 9 1 20
19 10 88 12
19 18 20 13
19 22 1 26
20 4 32 4
20 7 1 29
20 8 1 1
20 9 1 18
20 11 1 25
20 18 1 28
20 19 20 1
20 26 49 13
21 11 1 8
21 12 1 4
21 13 9 1
22 6 25 1
22 8 1 7
22 10 89 1
22 11 6 4
22 13 1 10
22 14 25 2
22 23 1 24
23 4 15 20
23 7 58 2
23 8 87 5
23 17 41 19
23 26 10 7
24 0 10 26
24 1 86 19
24 3 9 12
24 5 25 13
24 7 39 1
24 8 24 20
24 11 261 1
24 16 10 12
24 26 1 3
25 7 204 1
25 11 257 1
25 19 12 12
25 27 1 23
26 8 57 2
26 27 48 1
27 7 22 1
27 8 1 25
27 21 6 8
27 26 1 23
