0 1 10 14
0 3 30 1
0 4 122 1
0 5 25 1
0 7 114 1
0 8 6 22
0 9 129 2
0 10 4 29
0 11 2 7
0 16 20 1
0 17 1 12
0 24 36 1
0 25 1 19
1 0 14 15
1 2 130 1
1 3 30 1
1 4 7 9
1 5 46 18
1 6 3 23
1 7 174 1
1 8 356 1
1 10 183 2
1 12 4 23
1 13 1 6
1 16 181 1
1 17 1 26
1 18 74 2
1 20 2 5
1 22 1 4
1 24 107 1
1 26 1 27
1 27 32 5
2 0 8 15
2 1 238 1
2 3 92 1
2 4 1 17
2 6 1 22
2 7 166 1
2 8 4 13
2 9 1 2
2 10 6 4
2 11 3 21
2 12 25 8
2 15 1 23
2 16 2 25
2 17 158 1
2 22 13 29
3 0 214 1
3 1 152 1
3 2 9 2
3 4 3 5
3 5 143 1
3 7 26 18
3 8 268 1
3 9 4 15
3 11 2 27
3 12 58 3
3 13 1 28
3 16 83 1
3 17 89 2
3 18 2 27
3 24 153 1
4 1 170 3
4 2 10 27
4 5 1 14
4 6 3 5
4 7 6 26
4 8 286 1
4 10 250 1
4 16 12 1
4 20 1 29
4 23 28 3
4 27 5 12
5 0 205 1
5 1 1 20
5 4 155 1
5 6 1 23
5 8 51 5
5 9 11 11
5 10 97 1
5 12 116 1
5 13 24 4
5 16 74 12
5 18 24 4
5 20 1 25
5 21 17 28
5 22 1 4
5 24 9 23
6 1 69 12
6 2 13 4
6 4 16 1
6 5 88 16
6 7 254 15
6 8 9 20
6 9 1 26
6 10 55 1
6 12 3 6
6 13 2 2
6 16 4 19
6 17 181 2
6 18 1 18
6 25 3 25
7 0 3 5
7 1 1 13
7 3 343 1
7 4 69 1
7 5 218 2
7 6 2 23
7 8 41 1
7 9 11 4
7 10 10 2
7 11 2 27
7 13 26 2
7 15 13 23
7 20 181 1
7 22 1 16
7 25 49 1
7 26 2 6
7 27 1 7
8 1 12 1
8 2 334 19
8 3 135 16
8 4 1 16
8 5 25 19
8 6 45 10
8 7 3 11
8 9 380 1
8 10 184 1
8 11 1 14
8 13 68 1
8 14 198 1
8 16 54 1
8 18 2 9
8 20 2 29
8 23 45 3
8 24 120 1
8 25 77 1
9 0 1 5
9 1 3 12
9 2 3 18
9 3 91 2
9 4 2 13
9 5 42 1
9 6 91 1
9 8 3 4
9 10 240 1
9 11 249 7
9 12 14 1
9 13 81 1
9 14 1 19
9 16 5 2
9 20 102 2
9 21 5 19
9 22 1 15
9 25 2 25
10 1 190 1
10 2 11 2
10 4 196 1
10 6 6 2
10 7 46 19
10 8 39 1
10 9 16 22
10 11 308 1
10 14 1 12
10 15 188 1
10 16 4 21
10 21 2 5
10 22 1 29
10 23 100 3
11 3 67 1
11 4 58 2
11 7 18 17
11 8 19 1
11 9 3 18
11 10 137 1
11 13 5 12
11 15 139 1
11 20 1 10
11 23 131 12
11 24 15 29
11 25 2 11
12 3 1 27
12 4 53 1
12 6 16 2
12 7 156 9
12 9 159 1
12 10 17 2
12 14 1 26
12 20 1 12
12 21 23 1
12 24 1 25
13 9 68 2
13 11 1 25
13 12 21 25
13 14 2 17
13 16 6 22
13 25 12 5
14 4 1 25
14 5 10 2
14 6 8 3
14 7 2 26
14 8 27 1
14 9 2 18
14 10 134 1
14 12 3 10
14 13 7 14
14 15 10 15
14 19 12 3
14 20 2 16
15 1 1 25
15 5 15 1
15 7 119 1
15 10 14 8
15 11 2 7
15 14 1 10
15 20 3 2
15 25 6 4
15 27 1 11
16 0 5 8
16 1 62 1
16 3 17 16
16 5 77 1
16 6 57 1
16 8 167 1
16 17 29 1
16 18 14 4
16 24 42 1
16 27 1 9
17 0 205 1
17 3 5 5
17 5 20 1
17 6 244 2
17 8 211 1
17 9 4 24
17 10 20 2
17 11 57 4
17 16 200 1
17 18 58 2
17 20 1 8
17 25 2 16
18 4 1 14
18 7 1 25
18 9 114 7
18 10 1 13
18 16 7 11
18 25 23 8
18 27 20 25
19 0 21 27
19 3 31 4
19 4 1 17
19 10 77 4
19 11 4 19
19 12 43 9
19 16 32 2
19 17 4 8
19 20 2 7
19 25 3 1
20 0 195 1
20 1 176 3
20 2 64 2
20 7 2 22
20 8 4 7
20 9 3 4
20 11 9 3
20 17 1 28
20 18 3 7
20 19 2 13
20 27 50 11
21 4 28 1
21 6 3 19
21 9 47 28
21 10 1 19
21 26 14 6
22 8 93 10
22 14 15 1
22 20 1 8
22 21 8 17
22 25 3 18
23 3 28 19
23 4 2 12
23 7 20 2
23 8 66 5
23 9 29 19
23 11 129 1
23 15 1 12
23 18 1 3
23 22 9 1
24 1 29 2
24 3 141 1
24 8 280 1
24 11 96 1
24 12 1 21
24 16 25 8
24 22 6 15
25 3 2 3
25 7 90 1
25 9 1 27
25 11 2 3
25 13 1 18
25 17 12 2
26 2 8 3
26 7 1 26
26 12 1 16
26 16 19 1
26 17 11 17
26 24 1 23
27 0 18 5
27 5 1 10
27 6 1 13
27 8 1 3
27 10 8 1
27 11 3 7
27 12 15 5
27 25 48 2
27 26 90 4
