0 1 239 1
0 3 78 1
0 4 112 1
0 5 72 8
0 6 6 4
0 7 103 1
0 8 216 1
0 16 260 3
0 17 1 26
0 18 17 1
0 19 1 20
0 24 166 1
1 0 123 1
1 2 89 1
1 3 92 11
1 4 4 15
1 5 42 3
1 6 9 5
1 7 163 1
1 8 279 1
1 10 175 1
1 12 4 22
1 16 112 1
1 17 257 24
1 18 69 2
1 20 1 17
1 21 1 29
1 23 18 7
1 24 240 1
2 0 1 11
2 1 212 1
2 3 94 1
2 4 1 14
2 6 2 3
2 7 151 1
2 8 7 9
2 9 1 22
2 10 28 3
2 11 135 26
2 16 1 6
2 17 153 2
2 18 2 13
3 0 130 1
3 1 126 1
3 2 23 1
3 5 62 1
3 6 12 5
3 7 335 1
3 8 34 1
3 10 2 8
3 11 5 15
3 15 1 6
3 16 129 1
3 18 35 16
3 20 51 1
3 24 121 1
3 25 45 15
3 27 1 19
4 0 272 1
4 1 4 9
4 2 2 21
4 3 2 11
4 5 1 25
4 6 2 4
4 7 1 4
4 8 273 1
4 9 1 29
4 10 245 1
4 11 19 22
4 13 2 8
4 16 1 3
4 18 289 1
4 20 1 15
4 23 3 17
4 24 71 15
4 25 56 5
4 27 5 8
5 0 149 1
5 1 146 1
5 3 107 1
5 4 125 1
5 6 148 2
5 7 4 23
5 8 240 19
5 9 23 12
5 10 84 1
5 12 110 1
5 16 60 4
5 17 41 1
5 19 15 6
5 24 68 1
6 0 1 26
6 1 73 4
6 2 4 29
6 4 8 1
6 5 83 21
6 7 8 12
6 8 9 13
6 9 3 22
6 10 39 1
6 11 292 6
6 12 1 10
6 15 1 26
6 21 62 1
6 26 1 13
7 2 3 10
7 3 312 1
7 5 213 3
7 6 31 11
7 8 185 1
7 9 9 1
7 11 1 10
7 12 1 5
7 15 12 2
7 24 1 12
7 25 41 1
7 27 7 6
8 0 295 1
8 1 164 1
8 2 72 1
8 3 121 2
8 4 1 6
8 5 319 4
8 6 117 26
8 7 18 24
8 9 366 1
8 10 87 1
8 11 1 8
8 13 63 1
8 15 10 2
8 16 165 1
8 17 1 12
8 18 1 20
8 20 4 21
8 23 43 2
8 24 30 1
8 26 1 12
9 0 13 1
9 1 4 25
9 4 1 21
9 5 300 1
9 6 64 1
9 8 1 29
9 10 259 1
9 11 1 8
9 12 7 2
9 13 79 2
9 14 1 11
9 22 1 29
9 24 47 1
10 0 1 5
10 3 5 3
10 5 1 1
10 6 180 20
10 8 14 1
10 9 28 4
10 11 152 1
10 13 58 1
10 14 2 10
10 15 179 1
10 20 81 4
10 22 1 29
10 23 97 4
10 25 177 3
11 1 11 3
11 4 55 1
11 5 35 3
11 6 4 25
11 7 20 25
11 8 12 3
11 10 113 1
11 12 152 25
11 13 7 18
11 15 98 1
11 16 2 15
11 23 141 5
11 24 19 27
11 25 1 8
11 26 3 8
11 27 51 1
12 2 5 8
12 4 48 1
12 7 155 3
12 8 126 2
12 9 1 1
12 11 29 2
12 13 1 7
12 14 1 29
12 20 1 27
12 21 21 1
12 27 5 15
13 3 1 12
13 4 27 1
13 5 20 27
13 6 1 26
13 8 65 3
13 11 3 4
13 12 122 5
13 14 2 11
13 27 6 16
14 5 9 2
14 7 2 1
14 10 106 1
14 11 3 9
14 12 4 19
14 13 1 25
14 24 30 28
15 0 1 2
15 3 4 22
15 7 106 1
15 10 1 20
15 11 2 22
15 12 90 6
15 14 3 24
15 27 1 6
16 0 168 1
16 1 272 1
16 3 26 1
16 5 74 1
16 7 41 9
16 8 37 20
16 17 21 2
16 18 13 1
16 20 1 22
16 24 33 1
16 25 8 5
16 27 17 10
17 6 240 3
17 7 5 23
17 8 207 3
17 9 4 2
17 10 18 4
17 12 12 1
17 16 185 1
17 19 16 2
17 20 5 17
18 1 1 13
18 4 1 10
18 5 13 1
18 6 4 21
18 7 44 4
18 10 1 6
18 12 71 1
18 14 7 19
18 16 1 19
18 19 1 14
18 20 65 7
19 0 4 21
19 4 2 28
19 17 4 1
19 20 2 14
19 21 5 2
20 0 187 1
20 2 60 2
20 3 1 28
20 4 11 6
20 6 83 2
20 8 1 21
20 15 14 10
20 19 9 13
20 23 1 13
20 24 1 24
21 0 44 17
21 4 28 17
21 6 1 20
21 11 1 2
21 13 5 2
22 1 23 2
22 6 11 1
22 7 3 20
22 12 21 5
22 14 13 10
22 20 2 3
22 24 5 6
23 4 2 8
23 7 18 2
23 8 64 2
23 11 122 1
23 15 2 20
23 17 1 1
24 0 2 14
24 1 37 1
24 3 81 1
24 5 102 1
24 8 154 1
24 9 1 2
24 11 82 1
24 14 1 4
24 16 40 16
24 17 3 12
24 18 5 13
24 25 5 2
25 7 80 1
25 8 97 1
25 10 39 1
25 26 8 22
25 27 14 7
26 0 3 6
26 2 8 1
26 4 5 2
26 7 1 7
26 12 3 4
26 18 11 5
26 25 1 25
27 11 3 25
27 13 5 2
27 24 1 14
27 25 44 3
27 26 3 2
