0 1 308 1
0 3 228 1
0 4 101 1
0 5 182 2
0 6 3 5
0 7 91 1
0 8 40 1
0 10 181 10
0 11 1 2
0 14 1 1
0 16 114 1
0 17 1 22
0 19 4 11
0 21 39 13
0 22 2 16
0 24 35 1
0 25 1 6
1 0 360 1
1 2 52 1
1 3 54 1
1 4 3 14
1 5 200 1
1 6 2 29
1 7 152 1
1 8 298 1
1 10 166 1
1 13 2 2
1 16 44 1
1 17 1 13
1 19 111 2
1 20 1 20
1 24 91 1
1 25 2 18
2 0 5 23
2 1 214 1
2 3 90 1
2 5 1 20
2 7 136 1
2 8 12 23
2 9 7 23
2 10 1 25
2 12 23 1
2 16 2 1
2 17 149 1
2 18 2 19
2 20 125 3
2 27 3 7
3 0 195 1
3 1 105 1
3 2 24 2
3 5 30 9
3 6 1 17
3 7 15 27
3 8 133 6
3 10 11 18
3 11 1 20
3 12 55 4
3 15 2 3
3 16 67 1
3 17 80 3
3 18 1 21
3 19 25 1
3 20 44 2
3 22 20 2
3 24 73 1
3 26 1 19
3 27 34 26
4 1 35 17
4 2 11 14
4 5 9 1
4 6 4 1
4 7 2 11
4 8 258 1
4 9 19 20
4 10 238 2
4 13 5 7
4 19 3 25
4 20 2 3
4 22 1 6
5 0 114 1
5 1 60 1
5 2 2 12
5 3 40 27
5 4 95 1
5 6 95 1
5 8 175 1
5 9 48 13
5 10 71 1
5 11 1 10
5 12 104 1
5 14 36 1
5 16 76 1
5 17 37 4
5 18 19 4
5 19 15 1
5 20 1 9
5 22 1 12
5 24 34 1
6 0 2 2
6 2 2 1
6 3 1 23
6 4 2 3
6 5 316 9
6 7 1 5
6 8 44 2
6 9 18 28
6 10 25 1
6 12 1 2
6 13 1 8
6 14 1 19
6 17 167 2
6 18 1 12
6 22 1 14
6 25 3 23
6 26 1 22
7 1 6 28
7 2 1 5
7 3 284 1
7 4 58 1
7 6 3 4
7 8 38 1
7 11 20 1
7 12 2 12
7 14 1 14
7 15 11 23
7 18 1 6
7 21 1 29
7 22 1 27
7 25 33 2
7 27 1 12
8 0 137 14
8 1 73 1
8 2 313 1
8 3 61 2
8 4 7 13
8 5 200 1
8 6 17 6
8 7 3 29
8 9 350 1
8 10 56 12
8 11 8 2
8 14 182 1
8 16 95 1
8 17 25 5
8 24 49 1
8 25 68 3
8 27 67 4
9 1 1 15
9 5 293 1
9 6 40 1
9 8 4 13
9 10 228 1
9 14 1 13
9 24 46 1
9 25 2 13
9 27 61 10
10 0 1 29
10 1 173 1
10 3 3 5
10 4 180 1
10 5 2 1
10 6 9 24
10 7 360 26
10 9 10 3
10 11 304 1
10 13 49 2
10 14 1 27
10 15 168 1
10 17 132 1
10 19 1 13
10 20 78 3
10 22 1 21
10 25 174 3
11 0 1 27
11 1 9 1
11 2 1 24
11 3 48 1
11 5 31 1
11 6 8 19
11 7 32 5
11 9 1 7
11 10 89 1
11 12 11 2
11 13 71 5
11 14 1 1
11 15 61 1
11 17 140 1
11 18 3 15
11 20 1 7
11 21 28 3
11 22 36 1
11 24 13 12
11 25 2 23
11 26 4 4
11 27 45 1
12 4 44 1
12 6 9 3
12 8 120 2
12 9 1 7
12 10 9 3
12 11 26 3
12 16 1 18
12 24 2 2
13 3 1 1
13 7 11 20
13 8 61 1
13 9 63 2
13 10 10 2
13 11 2 21
13 12 21 1
13 16 6 1
13 26 1 17
14 2 21 2
14 3 2 1
14 4 1 1
14 6 3 27
14 7 1 5
14 8 16 2
14 9 53 29
14 10 78 1
14 13 10 6
14 17 19 4
15 1 1 16
15 6 76 20
15 7 92 1
15 10 6 13
15 11 15 9
15 14 1 9
15 17 3 1
15 27 1 25
16 0 104 1
16 1 220 1
16 3 130 1
16 5 6 6
16 8 18 1
16 10 78 1
16 17 14 1
16 18 10 2
16 19 30 11
16 24 81 2
16 27 2 7
17 0 191 1
17 1 1 18
17 5 15 1
17 6 236 1
17 9 7 12
17 12 10 10
17 13 1 16
17 16 170 1
18 1 28 29
18 4 3 21
18 5 1 8
18 7 9 9
18 10 6 8
18 11 8 1
18 17 7 23
18 27 20 1
19 0 1 3
19 2 2 8
19 6 96 1
19 7 104 2
19 9 2 16
19 10 75 2
19 13 2 17
19 17 1 26
19 18 13 1
19 20 22 12
20 0 178 1
20 1 170 1
20 7 2 16
20 12 3 11
20 13 1 15
20 19 12 26
20 23 1 11
20 27 1 2
21 1 1 9
21 11 2 11
21 16 6 10
21 22 15 22
21 24 16 26
21 26 14 20
22 10 40 2
22 15 8 11
22 20 2 22
23 4 1 12
23 5 3 2
23 6 34 6
23 9 29 8
23 11 114 1
23 17 2 6
23 20 2 10
23 21 7 10
23 22 6 2
24 0 38 24
24 1 52 1
24 3 46 1
24 5 26 1
24 8 63 1
24 11 68 1
24 12 13 28
24 16 42 1
24 18 5 2
24 23 7 16
24 26 1 16
24 27 1 2
25 2 15 5
25 3 1 1
25 5 1 1
25 7 70 1
25 8 93 1
25 10 35 1
25 11 1 4
25 13 1 29
25 15 2 15
25 17 10 4
25 19 10 25
26 5 1 20
26 8 41 3
26 20 1 12
26 24 1 24
27 0 17 2
27 3 18 1
27 4 10 3
27 7 1 1
27 24 3 25
27 25 40 4
