0 1 319 1
0 2 3 22
0 3 1 13
0 4 52 1
0 5 16 20
0 7 40 1
0 8 3 1
0 9 101 2
0 11 1 24
0 14 4 12
0 16 70 26
0 17 1 20
0 19 1 12
0 20 9 1
0 22 1 21
0 23 33 3
0 24 4 8
0 26 55 20
1 0 21 14
1 2 1 13
1 3 325 28
1 4 67 29
1 5 90 28
1 6 211 27
1 7 97 1
1 8 327 1
1 9 250 2
1 10 119 1
1 13 5 23
1 16 3 19
1 17 9 11
1 18 38 1
1 19 84 2
1 20 1 20
1 24 36 1
1 25 4 13
2 0 60 18
2 1 54 1
2 3 3 1
2 4 1 14
2 5 50 18
2 7 63 1
2 8 25 24
2 10 35 17
2 11 187 20
2 14 2 22
2 15 1 7
2 18 5 16
2 23 6 7
3 0 2 8
3 1 57 8
3 4 160 11
3 5 26 16
3 7 270 1
3 8 13 29
3 9 2 3
3 11 40 8
3 16 24 11
3 17 56 1
3 19 16 8
3 24 3 4
3 25 46 11
4 0 222 1
4 2 2 8
4 5 189 1
4 6 2 18
4 7 1 9
4 8 176 1
4 9 7 19
4 10 200 1
4 11 1 19
4 16 1 28
4 17 3 3
4 18 13 15
4 19 1 10
4 20 1 25
4 25 60 15
5 0 107 26
5 1 17 15
5 3 3 15
5 4 2 1
5 6 7 1
5 7 6 24
5 8 1 1
5 9 40 10
5 11 1 28
5 12 71 1
5 14 29 2
5 16 33 23
5 24 21 8
5 27 24 1
6 0 1 14
6 1 62 1
6 2 1 2
6 3 2 22
6 4 1 2
6 5 187 1
6 7 271 2
6 8 274 9
6 9 76 25
6 11 4 1
6 12 3 4
6 15 1 24
6 17 127 1
6 19 1 25
6 20 1 2
6 24 26 1
6 25 14 16
7 1 3 28
7 2 1 25
7 3 107 1
7 4 33 1
7 5 171 1
7 6 1 25
7 8 155 1
7 11 198 1
7 12 16 1
7 13 9 7
7 14 5 14
7 15 214 1
7 23 29 1
7 24 1 24
7 25 5 1
7 27 1 17
8 0 285 23
8 1 8 10
8 2 160 1
8 3 16 16
8 4 4 15
8 5 58 6
8 6 144 18
8 7 8 2
8 9 251 1
8 10 58 1
8 11 2 14
8 12 4 1
8 13 37 1
8 14 133 1
8 16 11 19
8 18 1 2
8 21 1 28
8 24 2 4
8 25 47 2
9 1 2 29
9 3 71 2
9 5 93 1
9 6 2 11
9 8 2 13
9 10 51 1
9 12 3 18
9 13 66 1
9 21 1 22
9 25 2 15
10 0 1 11
10 4 136 1
10 5 240 1
10 6 23 16
10 7 44 1
10 8 5 15
10 9 88 24
10 11 174 1
10 12 1 20
10 13 14 2
10 14 3 29
10 15 111 1
10 17 113 1
10 22 1 17
10 26 4 27
10 27 115 1
11 3 10 1
11 4 34 1
11 5 14 4
11 6 1 14
11 7 82 21
11 10 9 1
11 12 7 5
11 13 1 16
11 14 11 6
11 15 2 28
11 17 127 5
11 21 22 4
11 22 20 5
11 23 197 2
11 24 5 18
11 25 365 1
12 3 2 20
12 4 24 2
12 7 145 1
12 8 89 1
12 9 2 1
12 13 1 12
12 20 1 11
12 24 1 17
13 1 75 1
13 7 2 8
13 9 50 2
13 12 14 1
13 14 1 18
13 27 7 11
14 0 1 18
14 1 90 1
14 4 1 10
14 6 4 3
14 7 2 28
14 9 1 26
14 11 1 26
14 12 1 7
14 15 15 1
14 17 14 6
14 20 3 29
14 22 3 16
15 2 9 2
15 7 31 1
15 8 3 7
15 10 2 1
15 11 29 24
15 22 10 10
16 0 128 4
16 1 2 12
16 3 3 1
16 5 3 27
16 8 4 2
16 18 8 27
16 24 3 16
16 27 1 17
17 1 2 6
17 4 3 27
17 6 208 1
17 9 9 20
17 12 6 2
17 16 92 1
17 18 31 1
17 23 1 20
17 25 40 15
18 1 2 6
18 3 1 18
18 4 35 7
18 5 1 2
18 6 4 27
18 7 1 9
18 8 143 2
18 10 9 10
18 16 152 3
18 24 32 28
18 26 25 16
19 0 17 5
19 6 88 2
19 7 91 1
19 8 1 4
19 9 18 19
19 10 67 6
19 11 1 8
19 14 8 3
19 16 28 5
19 20 29 1
20 0 129 2
20 1 150 1
20 3 26 17
20 6 64 1
20 7 4 11
20 8 5 17
20 9 91 12
20 12 1 29
20 14 1 7
20 16 32 5
20 19 35 26
20 27 2 13
21 7 68 15
21 8 63 3
22 4 55 1
22 8 94 24
22 23 15 3
22 26 12 2
23 4 1 8
23 5 2 3
23 7 4 6
23 10 1 21
23 11 74 1
23 18 2 12
23 20 2 21
23 25 2 21
24 0 3 3
24 1 3 17
24 3 59 29
24 5 17 9
24 8 33 20
24 9 77 6
24 10 102 1
24 11 13 2
24 12 1 12
24 16 3 25
24 17 4 27
24 21 2 28
24 25 33 4
24 26 1 4
25 0 87 10
25 1 2 23
25 7 25 1
25 10 15 1
25 11 4 21
25 27 2 9
26 0 1 12
26 1 1 10
26 4 3 10
26 12 12 23
26 24 5 10
26 27 1 20
27 9 62 1
27 11 1 1
27 25 20 2
