0 1 318 23
0 3 14 1
0 4 51 1
0 5 2 27
0 7 40 1
0 8 99 25
0 11 1 6
0 12 58 2
0 16 179 6
0 17 2 4
0 19 3 7
0 20 9 1
0 21 1 1
0 22 1 27
0 24 14 25
1 0 57 1
1 2 3 7
1 3 1 27
1 4 3 27
1 5 18 6
1 6 42 7
1 7 97 1
1 8 367 3
1 10 118 2
1 11 3 29
1 12 7 23
1 13 3 14
1 14 1 19
1 15 89 2
1 16 47 20
1 18 38 2
1 24 68 1
1 25 6 15
2 0 15 17
2 1 50 1
2 3 2 1
2 4 1 15
2 7 62 1
2 8 4 27
2 9 2 15
2 10 2 5
2 11 2 4
2 14 1 23
2 16 16 24
2 17 119 2
2 18 2 3
2 20 109 1
3 0 29 4
3 1 4 9
3 2 15 18
3 4 13 4
3 5 16 27
3 6 1 20
3 7 267 1
3 8 3 27
3 11 2 4
3 15 2 1
3 16 2 6
3 17 56 1
3 20 16 2
3 24 49 5
4 0 221 1
4 1 17 1
4 2 5 16
4 5 187 25
4 6 2 7
4 8 174 1
4 9 51 27
4 10 199 1
4 14 1 29
4 18 261 1
4 22 1 18
4 24 68 1
5 0 13 21
5 1 2 9
5 3 8 20
5 4 2 1
5 9 6 16
5 10 19 1
5 12 71 1
5 16 2 13
5 19 12 5
5 24 15 3
5 27 23 5
6 0 38 2
6 1 60 1
6 2 1 9
6 4 1 25
6 5 174 1
6 7 1 13
6 8 11 14
6 9 81 29
6 10 1 25
6 11 4 2
6 17 126 2
6 18 2 25
6 20 4 8
6 21 57 10
6 22 1 27
6 24 25 5
6 27 6 24
7 2 4 15
7 3 105 1
7 4 33 1
7 5 170 1
7 6 10 10
7 8 152 1
7 11 189 1
7 12 17 29
7 15 213 1
7 18 1 4
7 21 1 3
7 23 29 1
7 24 1 4
7 25 4 2
7 27 2 16
8 0 16 20
8 1 9 15
8 2 157 1
8 3 2 9
8 4 1 16
8 5 25 1
8 6 238 11
8 7 4 5
8 9 249 1
8 10 51 1
8 12 4 15
8 13 36 4
8 14 132 1
8 16 3 29
8 17 3 9
8 19 1 3
8 20 1 6
8 24 2 29
9 0 1 21
9 1 2 10
9 2 1 10
9 4 18 1
9 5 90 1
9 6 1 22
9 8 4 27
9 10 47 1
9 11 10 21
9 12 1 4
9 13 65 3
9 15 3 10
10 1 125 1
10 4 135 1
10 5 239 2
10 6 147 1
10 7 44 10
10 8 28 21
10 9 112 3
10 11 172 1
10 12 7 11
10 14 10 22
10 15 110 1
10 17 113 2
10 20 63 1
10 24 37 3
10 27 115 1
11 0 1 6
11 2 5 12
11 3 10 1
11 4 33 4
11 6 2 15
11 7 17 20
11 9 2 1
11 10 8 2
11 14 3 25
11 15 1 10
11 16 20 28
11 24 33 28
11 25 364 1
11 27 21 1
12 3 1 1
12 7 144 6
12 8 89 1
12 9 1 1
12 13 6 18
12 14 13 15
12 16 2 19
12 17 2 23
12 20 3 5
12 23 61 9
13 1 75 1
13 3 1 3
13 4 19 3
13 8 38 2
13 12 14 1
13 14 22 8
13 21 4 15
13 27 1 15
14 1 90 1
14 6 1 7
14 7 1 13
14 11 1 28
14 15 14 2
14 18 2 8
14 20 2 1
15 1 3 25
15 3 3 21
15 5 10 3
15 7 31 1
15 8 1 19
15 10 5 1
15 11 4 13
15 12 82 3
15 13 1 12
15 14 8 1
15 16 1 6
16 0 3 21
16 1 9 8
16 3 6 9
16 5 36 16
16 8 39 9
16 10 70 3
16 12 53 7
16 15 19 2
16 18 172 1
16 20 1 17
16 24 9 29
16 25 7 1
16 27 18 10
17 0 149 1
17 1 2 2
17 3 11 19
17 4 1 20
17 6 208 1
17 7 2 5
17 9 7 19
17 10 7 4
17 11 38 5
17 16 91 1
17 18 31 1
17 19 7 3
17 26 28 11
17 27 1 4
18 0 3 17
18 3 2 24
18 4 1 18
18 6 1 15
18 14 1 7
19 0 2 16
19 7 90 2
19 8 1 7
19 11 98 29
19 15 10 23
19 17 1 28
19 20 28 7
20 1 150 1
20 3 1 7
20 6 64 1
20 7 17 26
20 10 9 6
20 11 1 12
20 19 76 24
21 12 87 2
21 17 11 2
22 4 54 19
22 5 2 9
22 8 1 19
22 12 8 3
22 21 4 5
23 11 74 1
23 15 3 20
23 17 1 9
23 18 1 20
23 20 2 21
23 24 23 4
24 0 2 27
24 1 3 5
24 3 55 24
24 5 33 24
24 8 2 5
24 10 101 2
24 12 1 20
24 16 53 21
24 26 2 2
25 7 24 2
25 8 70 2
25 10 14 3
25 11 2 29
25 12 1 25
25 14 8 14
26 1 8 5
26 8 35 1
26 17 2 5
26 24 1 3
26 27 1 27
27 1 54 11
27 2 24 2
27 6 1 28
27 9 62 4
27 11 2 6
27 23 2 12
27 26 56 1
