0 1 149 5
0 2 1 1
0 3 25 1
0 4 50 2
0 5 43 15
0 6 1 24
0 7 38 2
0 8 17 1
0 9 100 2
0 11 44 16
0 12 57 3
0 16 166 2
0 19 20 5
0 21 1 16
0 23 32 9
0 24 148 11
1 0 95 1
1 2 2 13
1 3 108 25
1 4 3 14
1 5 1 21
1 6 262 22
1 7 95 1
1 8 19 26
1 10 117 1
1 11 1 25
1 12 1 27
1 15 89 4
1 16 11 19
1 17 2 27
1 18 37 3
1 19 83 1
1 20 6 16
1 23 12 5
1 24 1 20
1 25 6 27
1 27 25 1
2 0 11 15
2 1 43 1
2 3 1 1
2 4 109 2
2 5 18 25
2 6 2 8
2 7 60 1
2 8 7 13
2 10 1 23
2 11 1 4
2 12 15 6
2 17 118 2
2 19 30 1
3 1 39 7
3 2 66 1
3 5 10 20
3 6 27 29
3 7 262 1
3 8 1 22
3 9 2 19
3 10 5 1
3 11 16 25
3 12 48 1
3 15 19 3
3 16 24 18
3 17 55 2
3 20 16 1
3 24 79 13
4 2 2 7
4 3 33 27
4 5 114 1
4 6 8 14
4 8 172 1
4 9 7 7
4 10 198 1
4 11 1 26
4 16 1 25
4 17 5 3
4 18 259 1
4 19 1 6
4 24 68 3
4 25 1 14
5 0 1 12
5 1 43 2
5 3 12 1
5 6 48 1
5 7 26 1
5 8 21 11
5 9 42 27
5 10 18 1
5 11 1 28
5 12 70 1
5 17 22 1
5 23 1 25
5 24 171 24
6 0 39 24
6 1 55 1
6 2 29 2
6 3 1 18
6 4 2 28
6 5 147 1
6 8 305 15
6 9 7 11
6 11 3 3
6 12 1 15
6 14 143 3
6 15 8 23
6 17 125 1
6 19 1 1
6 20 1 15
6 23 3 19
6 25 49 11
7 0 28 27
7 1 1 3
7 2 14 18
7 3 100 1
7 4 32 1
7 5 169 2
7 6 3 16
7 8 144 15
7 10 1 21
7 11 257 1
7 12 9 1
7 14 9 21
7 15 211 1
7 17 186 6
7 18 1 16
7 21 26 27
7 22 1 11
7 23 28 1
7 24 1 8
7 25 4 2
7 27 2 27
8 0 46 18
8 2 150 1
8 3 62 6
8 4 8 24
8 5 21 1
8 6 2 24
8 7 4 6
8 9 246 1
8 10 39 7
8 11 1 6
8 17 1 22
8 18 3 12
8 20 1 18
8 21 1 11
8 22 1 22
8 23 29 2
8 24 197 6
8 25 46 2
8 27 57 1
9 0 5 5
9 2 119 12
9 3 70 4
9 5 82 1
9 8 1 17
9 10 131 1
9 12 1 7
9 14 1 6
9 15 1 13
9 18 128 1
9 24 37 1
9 27 59 5
10 0 1 21
10 1 124 1
10 5 238 1
10 6 1 15
10 7 346 1
10 8 19 8
10 9 11 16
10 11 167 1
10 14 9 6
10 15 108 1
10 17 113 1
10 20 62 3
10 22 39 2
10 23 74 1
10 25 156 1
10 26 2 22
11 0 2 18
11 2 13 21
11 3 9 2
11 6 3 25
11 7 40 13
11 8 1 27
11 10 7 1
11 12 152 22
11 14 4 7
11 15 2 4
11 16 1 18
11 18 2 8
11 24 11 5
11 25 362 1
12 13 8 25
12 14 2 12
12 18 5 3
12 19 8 14
12 24 1 7
13 1 74 16
13 5 18 1
13 7 1 23
13 8 38 1
13 9 50 1
13 14 2 29
14 2 15 7
14 5 3 3
14 6 4 28
14 9 2 23
14 11 4 14
14 12 9 21
14 15 13 14
14 18 1 27
14 23 1 10
15 0 6 2
15 7 29 1
15 9 5 1
15 10 3 25
15 11 17 23
15 14 48 18
15 17 63 15
16 0 30 29
16 1 10 1
16 3 27 1
16 5 97 14
16 6 40 1
16 8 1 6
16 9 2 1
16 11 1 17
16 12 2 21
16 14 3 14
16 15 19 4
16 18 171 1
16 22 19 1
16 24 55 2
17 1 4 23
17 2 1 26
17 3 1 22
17 6 207 1
17 16 88 1
17 18 31 1
17 21 2 1
17 27 1 26
18 1 30 24
18 2 46 7
18 4 13 26
18 6 1 28
18 7 1 8
18 10 8 11
18 11 4 1
18 15 27 21
18 16 152 1
18 17 1 25
18 20 59 12
19 0 10 1
19 1 132 1
19 3 19 1
19 4 25 11
19 7 90 2
19 8 1 22
19 14 8 2
19 20 15 2
20 0 127 1
20 1 149 2
20 3 2 7
20 8 2 17
20 9 1 20
20 11 17 29
20 12 4 20
20 15 9 1
20 18 1 18
20 19 19 25
20 21 1 25
21 8 63 1
21 11 62 20
21 12 86 1
21 17 11 1
21 22 15 7
22 9 1 20
22 17 47 1
22 18 14 3
22 20 3 26
22 23 14 4
23 0 62 1
23 1 66 16
23 5 1 4
23 8 50 4
23 9 2 17
23 11 72 1
23 14 28 9
24 0 37 6
24 1 31 1
24 3 127 2
24 7 1 19
24 8 28 25
24 10 101 1
24 16 50 2
24 26 2 29
24 27 32 5
25 1 2 22
25 5 1 6
25 7 23 1
25 8 70 1
25 11 11 21
25 16 1 5
25 17 7 3
25 27 62 2
26 6 8 6
26 7 1 19
26 9 14 1
26 12 1 23
26 14 1 11
26 23 1 25
26 25 1 21
26 27 1 22
27 2 24 11
27 6 2 25
27 11 8 3
27 17 4 1
27 19 2 1
27 25 20 1
27 26 55 1
