0 1 9 20
0 2 1 25
0 3 55 1
0 4 49 1
0 5 52 1
0 7 37 1
0 8 14 13
0 9 100 1
0 10 1 9
0 11 41 2
0 15 84 22
0 16 174 1
0 17 3 21
0 18 6 8
0 19 3 29
0 20 7 1
0 24 156 1
0 25 1 10
1 0 96 1
1 2 2 21
1 3 12 6
1 4 18 16
1 5 36 1
1 7 93 2
1 8 9 1
1 9 248 2
1 12 1 9
1 13 54 17
1 16 10 1
1 17 4 1
1 19 82 2
1 20 3 22
1 24 10 14
1 25 1 20
2 0 3 11
2 1 36 1
2 4 135 4
2 5 2 2
2 6 1 9
2 7 58 1
2 8 45 11
2 9 22 8
2 10 1 9
2 11 2 10
2 13 13 21
2 15 1 1
2 17 118 1
2 20 108 1
2 24 2 9
3 0 150 1
3 2 51 1
3 4 12 5
3 5 10 1
3 6 10 15
3 7 258 1
3 8 121 19
3 9 7 24
3 11 3 13
3 15 14 17
3 16 57 1
3 17 55 1
3 20 15 2
3 24 26 3
4 0 218 1
4 2 12 2
4 5 109 1
4 6 21 18
4 8 169 1
4 9 2 9
4 12 2 1
4 15 1 8
4 16 1 23
4 17 1 3
4 18 257 1
4 22 1 7
4 23 1 23
5 0 19 1
5 1 42 27
5 3 24 1
5 6 37 1
5 7 25 12
5 8 16 1
5 9 87 26
5 10 17 1
5 12 69 1
5 15 1 26
5 16 82 20
5 22 1 12
5 24 14 20
6 0 1 14
6 1 51 1
6 2 30 16
6 4 5 15
6 5 120 1
6 7 1 24
6 8 67 5
6 9 3 21
6 12 4 17
6 17 124 1
6 20 1 12
6 23 3 6
6 25 1 4
6 27 1 23
7 1 2 22
7 2 1 1
7 3 96 1
7 4 31 3
7 5 168 1
7 6 1 13
7 8 327 1
7 11 239 1
7 14 9 22
7 15 209 1
7 18 1 13
7 19 110 1
7 24 1 4
7 25 3 3
7 26 105 27
7 27 12 26
8 0 89 11
8 1 20 20
8 2 144 1
8 3 71 1
8 4 1 18
8 5 14 9
8 6 9 21
8 7 153 11
8 9 243 1
8 10 118 1
8 11 1 14
8 12 1 29
8 13 35 2
8 14 129 1
8 16 134 10
8 17 1 1
8 19 1 8
8 23 29 5
8 24 10 1
8 25 46 1
9 0 7 4
9 1 1 22
9 4 15 1
9 5 75 1
9 6 1 23
9 8 1 14
9 10 124 1
9 12 2 25
9 15 3 19
9 23 8 20
9 25 1 18
10 0 1 4
10 1 122 1
10 4 132 1
10 5 236 1
10 6 12 1
10 7 345 1
10 8 29 4
10 9 3 29
10 11 162 1
10 12 1 27
10 13 12 3
10 14 3 1
10 15 106 1
10 16 2 23
10 18 24 1
10 22 40 19
10 23 74 1
10 26 4 12
11 0 169 20
11 2 1 13
11 3 9 1
11 4 32 1
11 5 13 3
11 6 56 14
11 7 15 24
11 10 6 1
11 12 7 12
11 13 117 10
11 14 1 25
11 15 2 25
11 17 126 5
11 22 19 5
11 23 1 2
11 24 6 16
11 25 360 1
11 27 20 1
12 3 5 8
12 4 23 1
12 5 1 16
12 8 87 1
12 9 167 1
12 11 13 3
12 13 1 25
12 21 9 1
12 22 91 1
13 6 2 29
13 8 37 2
13 9 49 5
13 12 115 16
13 14 2 16
13 21 1 9
13 25 12 12
14 4 5 19
14 6 2 26
14 9 1 5
14 11 1 3
14 12 1 5
14 13 4 12
14 15 9 4
15 0 87 12
15 3 1 22
15 6 18 27
15 7 28 1
15 11 57 25
15 14 4 1
15 18 1 5
16 0 218 8
16 1 69 12
16 3 26 3
16 5 10 28
16 7 32 1
16 8 13 1
16 9 1 11
16 18 169 1
16 24 54 1
17 0 146 2
17 1 6 10
17 2 1 5
17 4 2 22
17 5 5 2
17 6 206 1
17 10 6 3
17 16 86 1
17 18 30 3
17 21 1 17
17 27 1 18
18 1 1 29
18 4 1 25
18 5 1 25
18 7 1 7
18 8 142 1
18 10 1 12
18 11 3 10
18 16 16 22
19 0 45 3
19 7 90 1
19 14 8 5
19 16 28 7
19 17 8 25
19 20 14 14
20 0 126 1
20 1 149 1
20 2 33 4
20 3 1 26
20 7 28 12
20 8 4 12
20 9 1 22
20 14 1 7
20 16 32 7
20 19 118 5
20 25 4 17
21 6 3 5
21 9 3 13
21 11 7 16
21 16 1 7
21 27 1 1
22 7 1 14
22 9 13 4
22 12 7 8
22 20 3 1
23 9 1 23
23 10 70 20
23 11 71 1
23 13 10 12
23 17 1 27
23 24 23 1
23 25 16 26
24 0 175 1
24 1 30 10
24 3 126 1
24 5 54 14
24 6 1 14
24 8 30 1
24 11 11 1
24 12 14 10
24 15 12 2
24 16 49 14
24 18 6 22
25 1 2 4
25 5 3 15
25 6 89 3
25 7 22 2
25 9 1 11
25 10 13 1
25 11 14 4
25 12 1 15
25 27 61 7
26 7 1 1
26 8 35 1
26 9 14 3
26 12 4 27
26 22 3 9
26 27 7 7
27 5 1 1
27 9 62 1
27 11 10 28
27 20 5 18
27 26 54 2
