0 1 262 7
0 2 1 14
0 3 253 1
0 4 36 1
0 5 48 23
0 6 2 11
0 7 25 1
0 8 96 1
0 9 92 1
0 11 49 2
0 14 1 7
0 15 84 9
0 16 226 1
0 19 4 25
0 23 31 1
0 24 28 1
1 0 129 2
1 2 6 5
1 3 31 26
1 4 13 22
1 5 2 16
1 6 210 1
1 7 77 1
1 8 124 1
1 9 240 1
1 12 1 29
1 16 167 12
1 17 13 1
1 18 29 2
1 19 73 1
1 20 3 5
1 24 81 4
2 0 1 9
2 1 44 1
2 3 2 1
2 4 1 9
2 5 1 20
2 6 2 4
2 7 39 1
2 8 3 16
2 9 1 1
2 10 1 17
2 12 13 3
2 15 2 22
2 16 2 17
2 17 107 1
2 20 101 3
2 25 11 6
2 27 2 2
3 0 19 17
3 1 332 1
3 2 59 1
3 4 9 1
3 5 31 7
3 7 206 1
3 8 179 5
3 9 1 7
3 11 2 18
3 12 45 2
3 16 331 2
3 17 47 3
3 19 13 4
3 24 20 1
4 0 201 1
4 1 360 1
4 2 1 17
4 5 57 1
4 6 18 28
4 7 241 2
4 8 143 1
4 9 2 24
4 10 183 1
4 13 1 14
4 14 1 24
4 18 245 1
4 20 7 15
4 25 9 22
5 0 80 1
5 1 116 4
5 3 174 1
5 4 1 14
5 6 3 15
5 8 87 1
5 9 285 1
5 10 7 2
5 11 5 6
5 12 58 2
5 14 26 8
5 16 17 22
5 17 17 3
5 24 168 1
5 25 13 3
6 0 42 2
6 1 35 1
6 2 1 18
6 3 1 2
6 4 8 5
6 5 48 1
6 8 1 24
6 9 9 20
6 10 2 12
6 11 286 26
6 12 4 10
6 15 1 2
6 18 2 12
6 19 2 2
6 21 55 1
6 23 2 25
7 0 4 9
7 1 3 10
7 2 1 17
7 3 52 1
7 4 25 1
7 6 1 7
7 8 106 1
7 11 320 1
7 12 71 6
7 14 9 28
7 15 186 1
7 18 1 14
7 20 132 2
7 21 1 20
7 22 5 24
7 23 22 3
8 0 216 1
8 1 80 1
8 2 82 1
8 3 30 1
8 4 95 25
8 5 301 1
8 6 322 1
8 7 4 1
8 9 207 1
8 10 59 1
8 11 409 25
8 13 29 2
8 14 112 1
8 16 89 1
8 17 19 1
8 18 3 17
8 21 39 26
8 22 3 2
8 24 126 1
8 25 39 3
9 1 25 16
9 4 282 1
9 5 16 1
9 6 5 11
9 8 30 3
9 10 73 1
9 11 8 1
9 12 1 24
9 14 17 11
9 19 3 11
9 20 92 2
9 21 2 20
9 22 2 9
9 24 34 1
9 27 58 4
10 1 107 1
10 2 1 10
10 3 1 23
10 5 214 1
10 6 2 22
10 7 342 1
10 8 6 14
10 9 3 25
10 11 67 1
10 12 1 17
10 13 6 1
10 14 48 2
10 15 87 1
10 18 21 1
10 20 57 1
10 23 67 1
10 24 30 2
10 26 4 22
10 27 112 5
11 2 1 15
11 3 3 1
11 4 27 5
11 6 40 11
11 7 140 27
11 8 2 3
11 9 230 3
11 13 2 6
11 14 2 13
11 15 10 12
11 16 1 10
11 20 2 19
11 21 20 2
11 24 1 11
11 25 4 5
11 26 84 4
11 27 14 1
12 3 7 2
12 5 1 10
12 8 77 2
12 9 160 2
12 15 1 21
12 17 1 1
12 20 2 22
12 23 58 5
13 0 2 23
13 2 1 4
13 6 3 3
13 11 2 9
13 12 10 1
13 14 1 6
13 21 5 25
14 4 8 27
14 7 1 11
14 9 2 3
14 11 1 23
14 13 31 1
14 15 8 2
14 16 31 1
14 18 34 5
15 1 1 17
15 3 1 10
15 4 69 1
15 6 2 26
15 8 1 2
15 10 4 25
15 11 3 5
15 13 4 22
15 14 8 2
15 17 63 15
15 20 2 20
16 0 284 1
16 1 45 1
16 3 214 1
16 4 166 3
16 5 245 1
16 6 36 1
16 8 34 1
16 9 2 27
16 10 68 1
16 11 1 21
16 17 2 8
16 18 7 1
16 21 11 26
16 24 31 22
16 25 6 15
17 0 132 1
17 1 33 1
17 4 5 7
17 6 194 2
17 8 165 1
17 9 1 15
17 11 33 3
17 15 1 13
17 16 64 1
17 19 5 10
17 27 7 12
18 1 30 18
18 4 5 2
18 5 12 25
18 6 14 19
18 7 3 27
18 8 136 2
18 11 3 1
18 16 15 3
18 19 39 8
18 21 12 26
19 0 2 26
19 3 15 4
19 9 8 7
19 16 27 26
19 20 90 1
20 0 110 1
20 1 141 3
20 2 27 2
20 3 1 26
20 6 57 4
20 7 22 5
20 9 1 18
20 17 2 21
20 18 31 15
20 19 1 15
20 24 65 4
21 4 1 20
21 10 4 23
21 14 14 1
21 24 15 11
22 1 16 2
22 3 20 25
22 21 3 27
23 1 65 13
23 2 13 2
23 6 25 1
23 10 1 26
23 11 59 1
23 18 1 14
23 20 4 29
23 24 19 1
24 0 123 2
24 1 155 1
24 3 27 1
24 5 10 29
24 6 94 9
24 8 191 1
24 12 7 6
24 16 83 5
24 17 4 9
24 18 6 12
24 22 15 1
24 23 11 1
24 26 13 7
25 1 3 25
25 6 86 4
25 7 13 1
25 9 5 12
25 11 14 1
25 14 3 25
25 21 1 19
26 1 4 2
26 8 32 3
26 10 39 2
26 11 1 19
26 17 1 10
26 18 10 3
26 23 1 11
26 27 1 10
27 0 11 5
27 1 54 9
27 6 1 5
27 11 1 2
27 20 5 29
27 25 13 4
