0 1 2 15
0 2 12 20
0 3 9 14
0 4 3 4
0 5 15 1
0 8 186 18
0 10 1 4
0 11 13 16
0 12 40 6
0 14 4 17
0 15 77 1
0 16 37 12
0 17 248 1
0 19 15 11
0 20 208 1
0 24 13 23
0 27 8 8
1 0 16 4
1 2 6 16
1 3 51 1
1 4 1 8
1 5 1 24
1 6 111 1
1 7 26 1
1 8 20 29
1 9 192 1
1 10 49 2
1 11 1 19
1 13 1 11
1 16 1 23
1 17 311 1
1 20 6 25
1 24 218 1
1 26 3 19
2 1 7 16
2 3 3 7
2 5 56 1
2 6 2 1
2 8 1 14
2 9 1 6
2 10 62 25
2 16 8 17
2 18 4 11
2 19 29 2
2 20 74 1
2 25 7 2
3 0 11 12
3 1 92 1
3 2 3 1
3 7 32 1
3 8 11 1
3 10 185 2
3 11 1 28
3 13 2 8
3 15 1 27
3 16 14 21
3 18 2 25
3 24 1 1
4 0 130 2
4 1 334 1
4 2 4 12
4 3 5 17
4 5 43 1
4 6 1 17
4 7 230 3
4 8 53 1
4 9 2 29
4 10 126 1
4 11 24 9
4 12 171 1
4 14 8 24
4 15 1 2
4 16 17 16
4 17 1 26
4 18 137 1
4 20 8 22
5 0 1 10
5 1 2 29
5 2 1 7
5 3 41 23
5 4 2 10
5 6 25 9
5 7 204 2
5 8 1 19
5 9 160 1
5 10 1 19
5 14 18 1
5 15 1 3
5 16 51 1
5 23 1 22
5 24 15 25
6 0 1 1
6 1 178 1
6 2 9 1
6 4 2 7
6 5 27 29
6 7 132 1
6 8 82 19
6 9 7 23
6 10 25 29
6 11 253 1
6 13 1 11
6 14 112 3
6 15 3 7
6 21 50 3
6 22 5 6
7 0 24 1
7 1 1 9
7 2 9 24
7 3 3 17
7 4 5 6
7 5 96 1
7 6 1 13
7 8 91 1
7 9 1 11
7 10 3 21
7 14 1 27
7 15 92 1
7 17 163 1
7 18 11 20
7 19 90 1
7 20 94 2
7 22 4 3
7 23 6 1
7 24 1 8
7 25 2 3
7 27 2 6
8 0 40 23
8 1 25 24
8 2 1 29
8 3 1 2
8 4 4 6
8 5 26 26
8 6 41 1
8 7 2 13
8 9 78 1
8 10 4 15
8 11 10 1
8 13 9 1
8 14 51 1
8 15 1 11
8 16 7 1
8 18 20 26
8 21 1 13
8 24 51 2
9 0 26 28
9 1 1 19
9 3 44 4
9 4 222 1
9 5 29 7
9 6 12 1
9 8 103 12
9 10 2 22
9 11 234 1
9 12 2 18
9 17 7 27
9 19 2 4
9 20 83 2
9 21 1 5
9 22 66 6
9 27 53 11
10 0 10 24
10 1 54 2
10 4 65 2
10 5 121 1
10 6 260 1
10 7 1 16
10 8 133 23
10 9 417 1
10 11 52 1
10 14 27 14
10 15 27 2
10 17 81 3
10 18 10 2
10 24 12 1
10 25 114 2
11 3 1 16
11 4 11 2
11 6 8 8
11 7 91 1
11 8 3 28
11 9 226 2
11 10 5 4
11 13 146 11
11 14 1 29
11 15 49 22
11 17 104 2
11 20 1 23
11 22 4 1
11 23 187 1
11 24 1 22
11 25 205 1
12 1 1 9
12 5 1 20
12 7 124 2
12 9 112 1
12 10 1 22
12 13 1 15
12 15 1 2
12 17 2 19
12 19 5 4
12 20 3 11
12 27 4 24
13 0 17 19
13 4 10 1
13 6 5 20
13 8 10 1
13 9 28 5
13 10 6 28
13 12 83 1
14 6 2 19
14 7 3 3
14 8 1 12
14 9 1 11
14 10 71 17
14 11 4 25
14 12 99 12
14 20 1 25
14 27 22 22
15 0 87 1
15 1 3 27
15 2 4 2
15 5 5 1
15 8 71 5
15 10 21 1
15 11 239 1
15 13 1 23
15 14 25 1
15 18 4 13
15 23 6 6
15 25 1 19
16 1 2 1
16 2 2 20
16 3 66 22
16 5 1 20
16 7 20 5
16 8 1 13
16 11 1 28
16 17 2 9
16 18 75 1
16 20 1 19
16 24 151 5
17 0 78 1
17 1 2 19
17 2 1 2
17 3 3 7
17 4 2 11
17 6 146 1
17 7 21 3
17 8 126 2
17 11 19 2
17 13 3 29
17 16 6 2
18 1 12 19
18 3 49 2
18 4 14 9
18 16 125 1
18 17 148 25
18 25 2 10
19 0 13 28
19 1 93 1
19 4 15 26
19 9 21 3
19 17 15 3
19 20 36 1
20 3 1 7
20 5 1 2
20 6 39 1
20 7 3 18
20 8 2 21
20 18 1 19
20 19 2 1
20 25 2 14
21 2 5 6
21 3 5 18
21 4 1 8
21 6 1 8
21 8 56 1
21 13 2 11
21 14 15 18
21 23 1 18
21 25 1 14
21 27 7 1
22 7 91 23
22 11 3 23
22 17 47 25
23 4 3 13
23 6 16 6
23 10 1 20
23 18 1 29
23 24 5 4
24 0 25 9
24 1 35 2
24 3 53 19
24 5 124 9
24 7 1 3
24 8 5 17
24 11 1 24
24 16 15 23
24 26 3 19
25 6 71 1
25 7 1 3
25 8 36 1
25 9 2 14
25 11 6 18
25 12 1 12
25 15 7 10
25 17 3 1
25 26 39 24
25 27 35 2
26 2 4 4
26 5 2 15
26 11 1 8
26 17 1 21
26 22 2 14
26 23 1 20
27 4 3 11
27 19 3 26
27 20 1 19
