0 1 61 4
0 2 44 13
0 3 1 22
0 5 105 1
0 8 256 1
0 9 59 1
0 11 7 8
0 16 76 1
0 19 1 2
0 23 23 1
0 24 135 18
0 25 82 1
1 0 96 1
1 2 293 6
1 3 121 1
1 4 2 24
1 5 84 1
1 6 255 1
1 8 196 1
1 9 179 1
1 11 2 12
1 16 73 1
1 17 274 1
1 19 33 2
1 21 1 12
1 24 21 1
1 26 5 13
2 0 4 16
2 1 10 21
2 5 52 1
2 6 231 1
2 8 92 1
2 10 1 20
2 11 14 1
2 12 5 1
2 14 3 24
2 15 7 23
2 16 8 2
2 17 56 2
2 18 29 4
2 25 6 3
2 26 20 21
3 0 109 1
3 1 327 1
3 2 1 27
3 4 133 3
3 5 7 27
3 6 87 24
3 8 375 1
3 10 176 1
3 11 2 6
3 12 34 1
3 16 14 16
3 18 3 10
3 21 7 13
3 24 47 16
3 25 46 1
4 0 115 1
4 1 318 1
4 2 93 4
4 3 4 28
4 5 18 1
4 7 225 4
4 8 38 1
4 9 5 14
4 11 122 5
4 12 166 1
4 18 113 1
4 20 13 28
4 23 1 15
4 26 47 25
5 0 9 8
5 1 105 1
5 2 5 17
5 4 26 25
5 6 4 1
5 7 195 1
5 8 77 1
5 9 27 1
5 10 1 19
5 11 1 29
5 12 17 1
5 16 2 15
5 17 3 2
5 19 7 1
5 24 131 1
6 1 129 1
6 2 137 1
6 4 2 6
6 5 91 4
6 7 236 1
6 8 70 1
6 10 2 26
6 11 240 2
6 15 11 28
6 17 53 1
6 19 19 6
6 20 1 18
6 24 10 4
6 26 4 2
7 0 286 1
7 2 2 26
7 3 7 11
7 8 48 1
7 9 6 7
7 10 31 2
7 11 2 20
7 14 14 4
7 15 72 1
7 17 159 1
7 19 85 1
7 20 86 1
7 24 1 2
7 25 7 23
8 0 46 24
8 1 36 1
8 2 12 28
8 3 16 3
8 4 5 21
8 5 36 21
8 6 1 1
8 7 320 22
8 9 55 1
8 10 3 12
8 11 4 1
8 12 34 13
8 13 6 5
8 16 125 1
8 18 4 1
8 23 12 6
8 24 184 6
8 27 37 3
9 1 4 21
9 3 40 2
9 4 195 1
9 5 5 17
9 6 10 8
9 8 4 29
9 10 4 25
9 11 224 1
9 12 6 29
9 17 1 24
9 19 2 10
9 20 80 6
9 24 22 6
10 1 44 2
10 2 11 9
10 3 1 8
10 4 55 1
10 5 100 1
10 6 235 1
10 7 272 1
10 8 107 18
10 9 93 8
10 11 29 1
10 12 1 5
10 13 1 26
10 14 3 2
10 20 36 1
10 22 1 9
10 23 39 2
10 24 8 1
11 0 1 16
11 2 19 16
11 6 3 11
11 7 110 1
11 8 26 20
11 9 216 2
11 10 14 8
11 13 4 25
11 14 5 29
11 15 43 21
11 17 100 1
11 18 1 13
11 20 1 29
11 23 179 2
11 24 11 15
11 25 157 1
12 1 3 23
12 5 2 19
12 6 3 6
12 9 111 1
12 13 4 7
12 14 75 8
12 15 2 25
12 17 6 4
12 20 49 10
12 22 67 2
13 0 17 13
13 3 5 22
13 5 12 12
13 6 1 12
13 10 6 27
13 12 70 2
13 14 43 1
13 20 41 1
13 23 1 12
14 1 69 1
14 4 1 1
14 6 9 19
14 7 181 11
14 9 56 21
14 10 14 22
14 11 1 28
14 13 13 1
14 18 39 24
14 20 1 25
14 25 6 16
14 26 20 20
15 1 7 11
15 6 3 16
15 7 3 28
15 11 76 1
15 14 12 2
15 24 2 1
15 25 1 19
16 0 53 9
16 1 45 1
16 2 1 17
16 3 90 10
16 5 193 7
16 8 120 2
16 12 1 1
16 17 19 5
16 18 58 1
16 19 36 13
16 20 1 18
16 24 121 2
17 0 67 1
17 1 5 26
17 2 6 17
17 3 2 8
17 4 1 7
17 6 134 1
17 8 117 1
17 9 129 28
17 15 2 2
17 16 1 1
17 18 6 2
17 20 2 11
17 23 1 25
17 26 1 9
18 1 12 22
18 4 1 8
18 5 1 1
18 6 1 24
18 8 108 3
18 14 1 24
18 16 41 1
18 24 32 10
18 26 24 18
19 3 5 1
19 5 1 17
19 6 67 1
19 9 22 21
19 10 52 3
19 12 35 5
19 17 2 7
19 18 5 3
19 20 122 1
20 0 42 1
20 3 42 4
20 7 103 19
20 9 1 24
20 11 2 4
20 17 1 11
20 18 1 13
20 19 91 1
20 22 1 14
21 2 4 3
21 10 2 11
21 11 9 10
21 12 64 2
21 17 7 7
21 22 11 4
21 23 1 16
22 3 18 22
22 5 1 3
22 9 23 3
23 0 56 5
23 1 61 2
23 4 33 25
23 9 2 22
23 10 2 11
23 22 1 24
24 0 118 1
24 1 49 1
24 3 41 10
24 4 73 1
24 5 17 3
24 7 6 10
24 8 170 1
24 9 74 1
24 10 59 1
24 11 6 10
24 15 3 1
24 16 200 1
24 23 5 6
24 26 3 23
25 0 81 3
25 1 1 26
25 7 1 19
25 11 2 1
25 14 1 9
25 17 2 8
25 24 2 28
26 10 28 3
26 20 3 5
26 22 4 3
26 27 10 25
27 0 5 1
27 4 2 16
27 5 3 17
27 8 1 11
27 11 1 17
27 14 11 19
27 16 1 17
27 20 1 27
