0 1 50 19
0 2 9 17
0 3 31 7
0 5 13 11
0 6 5 11
0 7 1 16
0 8 18 17
0 11 5 14
0 14 71 27
0 16 169 21
0 17 4 1
0 19 36 3
0 20 148 2
0 21 41 25
0 24 14 20
1 0 17 10
1 2 427 1
1 3 14 11
1 4 57 24
1 5 98 27
1 6 146 1
1 8 27 24
1 9 131 1
1 10 13 3
1 11 1 22
1 14 7 22
1 16 52 14
1 17 145 1
1 19 14 1
1 21 1 6
1 23 3 6
1 24 28 11
2 1 3 16
2 3 16 1
2 4 178 1
2 6 162 1
2 7 1 13
2 8 340 1
2 10 4 6
2 11 8 3
2 16 2 22
3 0 27 27
3 1 12 9
3 2 11 17
3 4 104 2
3 5 14 13
3 7 1 26
3 8 12 24
3 10 140 1
3 11 1 2
3 14 1 28
3 16 14 6
3 18 1 11
3 24 14 24
4 0 63 1
4 1 136 1
4 2 2 17
4 5 2 13
4 6 226 1
4 10 72 1
4 12 144 1
4 17 11 17
4 18 40 1
4 19 3 12
4 20 4 2
4 23 2 9
4 24 55 7
5 0 48 16
5 1 48 14
5 2 1 14
5 3 39 26
5 4 11 29
5 6 77 1
5 7 154 1
5 8 116 25
5 9 1 5
5 10 1 27
5 16 93 15
5 24 15 26
6 1 11 1
6 2 105 1
6 4 80 3
6 5 251 2
6 7 172 26
6 8 19 27
6 9 15 29
6 10 28 29
6 11 191 1
6 14 80 1
6 17 24 3
6 18 1 3
6 24 4 5
6 27 10 4
7 0 254 1
7 1 27 19
7 2 36 26
7 3 2 4
7 5 42 1
7 6 73 2
7 8 1 8
7 9 9 11
7 10 50 4
7 11 9 15
7 12 6 11
7 15 19 1
7 18 2 29
7 19 70 4
7 20 58 1
7 22 97 6
7 24 1 11
7 25 2 1
7 27 25 14
8 0 24 19
8 1 15 26
8 2 3 8
8 3 16 10
8 4 1 24
8 5 59 14
8 6 32 16
8 7 309 1
8 9 5 1
8 10 32 23
8 11 334 1
8 12 3 3
8 15 8 18
8 16 48 27
8 17 239 4
8 19 4 24
8 24 56 11
8 26 80 18
8 27 28 1
9 0 1 29
9 1 1 17
9 2 75 1
9 4 105 1
9 5 134 13
9 6 2 22
9 7 4 4
9 8 28 18
9 10 3 19
9 11 186 1
9 12 3 19
9 13 27 1
9 14 28 2
9 15 1 9
9 18 89 3
9 21 1 6
9 22 64 7
9 24 15 6
9 26 1 7
10 0 8 6
10 1 16 1
10 2 12 10
10 3 1 18
10 4 24 1
10 5 39 1
10 6 188 29
10 7 189 1
10 8 24 16
10 9 282 1
10 12 4 22
10 13 4 10
10 14 141 1
10 16 85 11
10 17 58 1
10 19 1 10
10 25 76 1
10 27 88 3
11 1 1 16
11 3 1 6
11 5 1 19
11 6 2 19
11 7 131 1
11 8 6 17
11 9 176 1
11 10 10 8
11 14 15 21
11 15 1 18
11 18 25 1
11 20 1 3
11 23 147 1
11 24 9 14
11 25 26 1
12 0 1 2
12 2 1 26
12 3 1 27
12 5 10 6
12 6 6 10
12 9 43 1
12 10 2 27
12 13 1 14
12 15 1 14
12 17 1 16
12 20 1 21
12 22 51 1
12 24 4 16
12 25 16 14
13 5 10 1
13 10 29 20
13 11 138 2
13 12 29 1
13 15 5 1
13 17 1 4
14 0 1 18
14 1 57 2
14 4 5 26
14 6 2 28
14 7 200 3
14 8 1 29
14 10 2 22
14 11 2 29
14 12 111 2
14 15 1 20
14 18 41 22
14 21 10 13
14 22 1 16
14 23 2 4
14 25 5 11
15 3 1 16
15 4 52 2
15 7 1 20
15 10 179 1
15 11 260 1
15 17 65 4
15 18 16 21
15 24 1 14
15 26 13 5
16 0 20 25
16 1 22 5
16 3 68 27
16 5 14 28
16 6 13 2
16 8 27 26
16 11 1 18
16 17 12 3
16 18 13 1
16 24 55 14
16 27 1 29
17 0 33 1
17 1 35 5
17 2 26 14
17 3 3 22
17 4 2 22
17 6 94 1
17 9 17 26
17 10 1 11
17 16 2 6
17 20 64 27
17 25 7 2
17 27 3 21
18 1 6 3
18 2 23 7
18 3 60 1
18 4 7 6
18 6 35 27
18 7 2 24
18 8 89 1
18 9 118 1
18 16 4 1
18 19 37 7
18 25 29 23
19 0 137 1
19 4 10 4
19 5 1 23
19 8 8 8
19 10 43 3
19 11 103 4
19 17 3 2
19 20 9 1
20 0 13 1
20 1 79 2
20 6 22 3
20 8 1 25
20 19 80 1
20 27 3 23
21 4 42 14
22 3 17 5
22 4 44 2
22 7 99 15
22 11 5 18
22 13 8 1
22 15 1 4
22 23 1 18
23 18 1 18
23 25 14 15
24 0 14 4
24 1 20 8
24 3 14 25
24 5 64 21
24 6 77 2
24 7 4 28
24 8 83 19
24 10 38 2
24 11 1 27
24 12 3 26
24 14 28 4
24 16 26 13
24 23 22 2
25 3 1 11
25 6 55 1
25 9 5 1
25 10 1 14
25 11 2 19
25 15 4 7
25 17 1 1
25 23 1 4
25 27 11 2
26 3 1 25
26 5 2 27
26 7 6 3
26 17 1 24
26 23 1 29
26 24 3 4
27 0 3 8
27 1 1 5
27 3 5 11
27 7 2 14
27 8 96 3
27 10 1 22
27 13 1 8
27 17 1 1
27 25 1 5
