0 1 13 28
0 2 1 24
0 3 10 27
0 4 1 10
0 5 82 13
0 6 1 17
0 7 1 21
0 8 32 14
0 9 35 4
0 15 65 3
0 16 22 27
0 17 227 2
0 20 139 1
0 24 21 6
1 0 68 4
1 2 6 4
1 3 20 27
1 4 18 1
1 5 38 7
1 6 113 1
1 8 30 11
1 9 121 1
1 10 10 1
1 11 1 26
1 12 78 25
1 15 68 1
1 16 8 13
1 17 122 1
1 20 1 29
1 22 58 7
1 24 21 26
1 27 10 15
2 1 3 27
2 3 73 1
2 4 172 1
2 5 33 2
2 6 147 1
2 7 2 1
2 8 317 1
2 10 118 15
2 17 23 3
2 25 3 2
3 0 27 23
3 1 7 21
3 2 6 27
3 5 75 29
3 6 177 1
3 7 5 12
3 8 26 26
3 10 132 1
3 11 8 12
3 12 25 4
3 16 9 28
3 20 2 15
3 23 1 19
3 24 52 27
4 0 54 1
4 1 104 1
4 5 5 20
4 6 220 1
4 7 199 1
4 12 139 2
4 15 2 23
4 16 149 2
4 17 22 2
4 19 1 8
4 22 2 18
5 0 202 16
5 1 82 3
5 2 3 3
5 3 41 29
5 4 65 25
5 6 119 1
5 7 145 2
5 8 12 10
5 9 3 2
5 10 2 24
5 11 8 27
5 16 72 27
5 20 79 2
5 22 1 13
5 24 253 4
6 0 56 1
6 1 2 2
6 2 92 1
6 3 41 9
6 4 1 15
6 5 152 1
6 7 62 1
6 8 14 28
6 9 166 1
6 10 2 4
6 11 181 1
6 12 208 2
6 14 75 1
6 15 3 22
6 17 20 2
6 18 1 17
7 0 244 1
7 1 3 29
7 2 2 18
7 3 10 3
7 5 36 1
7 6 10 1
7 8 1 26
7 9 2 18
7 10 7 3
7 11 65 21
7 15 12 2
7 19 67 2
7 20 53 1
7 21 10 6
7 22 97 10
7 24 2 24
7 25 8 15
8 0 19 5
8 1 23 23
8 2 12 13
8 3 10 9
8 5 27 27
8 6 159 22
8 7 221 1
8 10 6 4
8 11 318 1
8 12 1 29
8 15 1 24
8 16 31 22
8 18 39 4
8 22 100 4
8 24 8 1
9 0 2 21
9 1 27 12
9 4 89 1
9 5 146 1
9 6 65 19
9 7 4 24
9 8 3 27
9 10 4 9
9 11 178 1
9 12 1 13
9 13 25 1
9 14 105 2
9 15 3 28
9 16 1 3
9 19 1 9
9 23 42 23
9 26 1 16
10 0 58 27
10 1 12 3
10 2 1 5
10 3 6 13
10 4 20 1
10 5 29 2
10 6 148 1
10 7 173 1
10 8 268 1
10 9 30 1
10 11 2 1
10 12 57 8
10 13 2 29
10 14 43 1
10 20 22 1
10 25 70 1
10 26 1 25
11 1 1 25
11 2 2 3
11 3 1 25
11 6 1 16
11 7 77 1
11 8 62 29
11 10 12 26
11 12 159 1
11 13 14 3
11 14 4 1
11 15 297 1
11 17 82 1
11 18 1 29
11 20 3 22
11 23 140 1
11 27 1 2
12 0 1 16
12 1 3 12
12 6 2 9
12 9 63 1
12 10 26 23
12 13 6 26
12 15 8 9
13 11 133 1
13 12 23 1
13 24 1 12
14 0 1 4
14 4 1 25
14 6 4 26
14 8 2 17
14 9 81 6
14 10 2 3
14 11 1 28
14 15 1 10
14 21 10 1
15 7 10 6
15 8 2 12
15 9 1 2
15 10 168 1
15 11 208 1
15 13 5 13
15 14 2 15
15 18 1 3
15 22 2 27
15 24 3 9
16 0 9 25
16 1 34 7
16 3 114 19
16 5 105 8
16 6 11 6
16 7 11 3
16 8 9 17
16 10 47 1
16 11 3 1
16 13 24 9
16 17 3 20
16 20 1 9
16 24 21 21
17 0 27 1
17 1 4 15
17 2 4 18
17 3 6 28
17 7 170 4
17 8 80 1
17 9 130 5
17 13 3 5
17 16 1 29
17 20 2 18
17 24 1 24
17 27 1 13
18 1 1 29
18 16 74 1
18 17 1 1
19 0 53 5
19 4 6 17
19 6 53 1
19 7 43 1
19 8 11 8
19 20 3 1
20 1 74 2
20 3 1 12
20 6 20 1
20 14 1 4
20 18 1 9
20 19 55 1
20 24 57 8
21 26 13 6
22 4 43 2
22 5 1 22
22 8 104 4
22 11 1 22
22 12 1 23
22 17 48 4
22 20 25 11
22 23 1 4
23 7 1 8
23 9 4 18
23 10 1 8
23 15 2 4
24 0 8 1
24 1 8 27
24 3 8 12
24 5 218 3
24 7 1 7
24 8 20 18
24 10 35 1
24 11 1 2
24 13 1 7
24 16 52 26
24 17 61 27
24 18 4 12
24 22 6 3
24 23 19 2
25 0 75 2
25 5 12 1
25 6 52 2
25 7 2 1
25 8 13 1
25 10 1 12
25 11 49 22
25 12 3 4
25 15 3 14
25 19 6 15
25 27 8 3
26 1 3 18
26 2 2 14
26 5 2 12
26 7 3 26
26 11 1 2
26 14 1 15
26 23 1 12
26 24 1 17
27 3 5 1
27 5 1 24
27 6 52 2
27 12 1 16
27 16 1 10
27 19 1 4
27 26 2 23
