0 1 44 11
0 2 2 5
0 3 211 6
0 4 1 10
0 6 15 12
0 7 1 27
0 8 27 1
0 9 32 4
0 11 1 6
0 12 25 2
0 16 74 4
0 19 2 25
0 20 131 1
0 26 52 1
1 0 149 10
1 2 20 1
1 3 76 1
1 4 336 20
1 4 122 11
1 5 13 1
1 6 87 1
1 8 56 1
1 9 113 1
1 12 4 4
1 13 1 28
1 16 8 1
1 17 103 1
1 19 9 1
1 21 1 28
1 24 53 1
1 26 2 5
2 1 3 5
2 3 56 1
2 4 175 1
2 6 134 1
2 7 1 25
2 8 279 1
2 11 175 1
2 14 37 11
2 15 1 22
2 17 20 1
2 20 38 1
2 21 3 13
3 0 75 9
3 1 10 1
3 2 140 28
3 5 74 23
3 6 170 1
3 7 2 1
3 8 87 1
3 10 126 1
3 11 1 20
3 14 1 26
3 16 206 1
3 17 2 1
3 21 5 17
3 22 13 19
3 23 1 18
3 24 14 6
4 0 47 2
4 1 79 1
4 2 10 10
4 3 163 1
4 5 3 13
4 6 207 1
4 7 194 3
4 9 21 22
4 10 59 1
4 11 163 12
4 14 2 11
4 17 1 12
4 18 22 1
4 19 55 16
4 20 1 27
4 22 1 16
4 23 49 26
4 24 53 3
5 1 152 11
5 3 25 25
5 4 2 1
5 6 42 1
5 7 138 1
5 8 83 22
5 9 7 9
5 10 31 19
5 11 16 20
5 16 59 1
5 24 13 7
6 2 111 1
6 3 2 2
6 4 3 10
6 5 67 1
6 7 44 1
6 8 38 4
6 9 271 1
6 10 2 18
6 11 172 1
6 14 70 2
6 15 13 29
6 17 16 1
6 18 1 20
6 20 3 7
6 21 41 12
6 23 2 10
6 24 3 7
6 26 3 6
6 27 19 10
7 0 234 5
7 1 4 12
7 2 7 20
7 3 27 23
7 5 30 2
7 6 62 1
7 8 2 28
7 9 1 23
7 10 1 11
7 11 9 7
7 13 1 8
7 14 19 7
7 17 132 1
7 18 3 3
7 20 49 1
7 24 3 15
7 27 3 11
8 0 22 1
8 1 2 11
8 2 3 29
8 3 76 11
8 4 1 13
8 5 207 26
8 6 168 9
8 7 99 3
8 10 6 2
8 11 303 1
8 12 8 16
8 14 3 2
8 15 1 11
8 16 49 16
8 19 4 5
8 20 177 18
8 22 99 1
8 23 4 5
8 24 59 1
8 25 2 2
8 27 24 2
9 2 68 1
9 4 76 1
9 5 6 18
9 6 68 25
9 7 1 26
9 8 2 29
9 10 4 3
9 11 171 1
9 12 14 29
9 14 102 1
9 17 1 2
9 18 83 3
9 20 69 5
9 22 63 21
9 23 1 19
10 0 1 4
10 1 9 3
10 2 15 29
10 4 16 1
10 5 22 2
10 6 123 1
10 7 160 1
10 8 283 1
10 9 248 1
10 11 1 23
10 12 2 24
10 13 3 13
10 14 134 1
10 16 4 1
10 17 51 1
10 23 18 5
10 25 66 1
11 0 6 2
11 1 1 19
11 3 10 10
11 7 34 1
11 8 1 22
11 10 64 10
11 14 3 6
11 15 63 16
11 16 2 13
11 17 79 3
11 20 1 4
11 23 133 2
11 24 4 2
11 26 131 24
12 0 1 7
12 3 47 11
12 5 12 25
12 8 11 2
12 9 20 1
12 10 4 14
12 13 136 5
12 15 1 29
12 17 21 17
12 22 45 3
12 24 1 23
13 7 2 1
13 9 11 1
13 10 3 7
13 11 128 1
13 12 18 1
13 14 5 1
13 24 1 21
13 27 1 10
14 6 4 28
14 8 1 9
14 9 80 1
14 10 3 2
14 11 50 3
14 15 2 13
14 22 8 6
14 23 1 29
15 3 2 17
15 7 2 25
15 10 159 1
15 11 165 1
15 14 1 29
15 24 1 6
16 0 49 14
16 1 47 1
16 3 14 1
16 5 50 1
16 6 10 8
16 9 1 27
16 10 45 3
16 11 7 17
16 17 1 8
16 18 4 2
16 24 57 29
16 25 2 24
17 0 23 2
17 1 2 7
17 3 19 10
17 4 1 2
17 8 75 1
17 16 1 16
17 23 6 2
17 24 1 8
17 25 7 11
18 3 60 21
18 5 1 14
18 7 2 1
18 8 81 2
18 14 20 1
18 15 20 11
18 16 64 1
19 0 46 1
19 1 48 3
19 4 1 18
19 9 1 10
19 10 40 6
20 0 6 4
20 1 70 1
20 5 9 19
20 7 2 23
20 9 2 13
20 17 1 22
20 19 37 1
20 21 3 5
20 25 66 2
21 5 5 1
21 7 57 3
21 12 45 3
21 23 13 27
21 25 3 13
22 1 5 6
22 3 16 6
22 5 11 21
22 11 1 1
22 20 25 20
22 23 1 29
23 4 34 19
23 7 4 19
23 12 2 26
23 20 3 8
24 0 27 23
24 1 25 10
24 3 174 12
24 5 29 1
24 6 73 5
24 7 1 1
24 10 32 1
24 11 37 6
24 12 5 19
24 23 17 2
25 3 1 20
25 6 50 2
25 7 2 12
25 9 1 18
25 10 1 16
25 11 1 1
25 15 1 23
25 16 1 10
25 24 11 2
25 27 6 4
26 11 1 5
26 12 1 17
26 17 1 28
26 20 6 4
27 4 1 2
27 6 3 17
27 7 1 7
27 8 94 1
27 11 25 14
27 12 10 9
27 20 2 13
27 24 3 18
