0 1 52 1
0 2 1 22
0 3 253 2
0 5 41 1
0 6 83 5
0 7 5 6
0 8 53 1
0 9 28 1
0 11 1 20
0 12 23 1
0 16 65 1
0 18 2 28
0 19 180 2
0 20 117 1
0 24 91 1
1 0 30 11
1 2 375 1
1 3 105 9
1 4 106 1
1 5 30 1
1 6 52 1
1 8 5 1
1 9 100 1
1 10 4 1
1 11 3 5
1 16 42 1
1 17 75 1
1 19 6 1
1 20 79 2
1 23 1 15
1 24 81 1
1 26 29 3
2 0 89 1
2 1 77 13
2 3 32 1
2 4 165 1
2 6 113 1
2 7 1 17
2 8 217 1
2 9 44 29
2 11 171 3
2 15 1 6
3 0 15 1
3 1 71 29
3 2 7 17
3 4 85 2
3 5 62 1
3 6 159 1
3 7 2 4
3 8 33 1
3 10 115 1
3 11 1 13
3 16 19 12
3 18 6 17
3 23 1 16
3 24 8 13
4 0 37 1
4 1 45 1
4 3 157 3
4 5 2 29
4 6 208 1
4 10 49 1
4 12 128 1
4 14 7 14
4 15 9 14
4 16 16 1
4 20 10 8
4 21 15 6
5 0 78 1
5 1 82 1
5 2 5 10
5 3 30 29
5 4 5 4
5 6 1 21
5 7 126 1
5 8 126 2
5 9 10 17
5 10 1 14
5 16 41 1
5 24 284 1
6 2 73 1
6 3 4 24
6 4 4 9
6 5 42 1
6 7 144 1
6 8 17 19
6 9 156 1
6 10 6 18
6 11 158 1
6 12 195 1
6 13 1 7
6 14 63 2
6 16 102 1
6 17 11 1
6 18 2 11
6 25 2 23
6 26 2 21
7 0 3 1
7 1 4 29
7 3 4 24
7 5 23 1
7 6 47 4
7 8 3 24
7 10 1 17
7 11 8 28
7 12 1 26
7 14 1 27
7 15 2 2
7 18 2 10
7 19 61 2
7 20 43 1
7 22 5 11
7 24 1 16
7 25 2 12
7 27 1 17
8 0 241 12
8 1 19 1
8 2 6 19
8 3 25 1
8 4 1 3
8 5 23 2
8 6 81 21
8 7 347 1
8 9 1 1
8 10 5 7
8 11 278 1
8 12 1 18
8 15 22 12
8 16 20 21
8 17 233 1
8 18 46 17
8 19 4 10
8 20 177 2
8 24 144 1
9 4 57 1
9 5 3 16
9 6 1 17
9 7 1 21
9 8 2 14
9 10 4 11
9 11 159 1
9 12 1 11
9 13 20 2
9 17 1 2
9 18 78 3
9 21 18 20
9 26 2 25
10 1 5 1
10 2 1 19
10 3 2 8
10 4 11 2
10 6 155 1
10 7 138 1
10 8 154 1
10 9 85 1
10 11 1 5
10 12 1 2
10 13 3 3
10 14 118 1
10 16 6 4
10 18 1 2
10 20 17 4
10 25 58 2
10 26 36 18
11 1 4 23
11 3 1 17
11 5 1 25
11 6 1 3
11 8 63 15
11 9 149 1
11 10 5 20
11 14 2 13
11 15 57 1
11 18 11 21
11 20 1 28
11 21 5 12
11 23 123 1
11 24 85 1
11 27 1 18
12 0 3 4
12 1 2 22
12 3 7 28
12 5 5 23
12 6 2 8
12 8 7 3
12 9 51 1
12 10 1 8
12 17 2 18
12 24 4 4
12 25 14 1
12 26 41 19
13 3 12 2
13 7 118 3
13 10 1 29
13 12 11 1
13 23 1 21
14 5 1 9
14 7 191 1
14 8 1 14
14 10 13 10
14 11 1 2
14 12 1 14
14 15 9 22
14 20 1 27
14 24 27 7
15 1 1 25
15 5 1 4
15 7 10 13
15 8 1 11
15 10 150 1
15 11 102 1
15 14 3 17
15 17 66 3
15 27 1 8
16 0 4 8
16 1 56 1
16 2 2 17
16 3 280 6
16 4 117 2
16 5 2 19
16 6 9 1
16 8 183 1
16 10 43 6
16 12 2 5
16 14 2 12
16 17 1 18
16 19 36 20
16 24 100 2
17 1 362 23
17 2 1 5
17 3 1 3
17 4 2 28
17 5 1 15
17 7 6 27
17 8 67 1
17 16 2 17
17 20 2 23
18 1 1 6
18 3 1 14
18 6 1 20
18 12 31 2
18 14 2 7
18 16 52 1
18 25 1 12
18 27 13 1
19 0 30 1
19 1 42 1
19 4 1 29
19 5 1 27
19 8 27 7
19 9 25 9
19 10 38 4
19 18 2 4
19 20 1 10
19 21 3 1
19 26 11 25
20 3 1 29
20 6 16 1
20 11 179 4
20 17 19 3
20 19 15 1
20 21 2 27
20 26 42 3
21 4 1 6
21 7 56 1
21 8 46 6
21 10 4 21
21 20 2 27
21 25 1 15
22 5 5 20
22 7 100 13
22 8 101 1
22 11 1 7
22 13 6 7
22 15 9 9
23 6 7 1
23 7 3 5
23 8 14 9
23 10 81 29
23 12 1 6
23 15 1 1
23 18 2 22
23 20 15 11
24 0 157 1
24 1 16 6
24 2 1 20
24 3 175 1
24 4 68 16
24 5 227 4
24 6 71 3
24 7 6 10
24 8 54 1
24 11 3 24
24 16 21 1
24 22 1 6
24 26 5 9
24 27 25 2
25 1 1 16
25 6 47 2
25 7 1 20
25 9 1 26
25 10 1 4
25 11 4 1
25 16 6 20
25 21 1 15
25 27 3 3
26 2 2 19
26 3 1 13
26 24 6 2
26 25 24 1
26 27 26 22
27 2 20 4
27 6 1 19
27 8 92 1
27 24 3 2
27 26 2 5
