0 1 33 25
0 3 111 1
0 4 1 9
0 5 52 1
0 6 3 20
0 7 7 14
0 8 109 3
0 9 27 1
0 10 185 1
0 13 3 1
0 16 74 1
0 17 213 1
0 20 113 1
0 21 2 14
0 24 64 1
0 27 3 10
1 0 187 1
1 2 352 1
1 3 88 1
1 4 322 1
1 5 52 1
1 6 42 1
1 8 159 1
1 14 1 9
1 16 48 1
1 17 67 1
1 20 4 1
1 24 94 2
1 26 2 13
2 0 126 1
2 1 4 3
2 3 21 1
2 4 162 2
2 6 106 1
2 7 1 27
2 8 196 1
2 10 122 1
2 15 1 11
2 16 23 18
2 20 31 2
2 25 2 1
3 0 115 1
3 1 269 1
3 2 16 26
3 4 83 1
3 5 35 5
3 6 155 1
3 7 24 14
3 8 361 1
3 9 1 17
3 11 27 3
3 12 21 1
3 14 1 8
3 15 45 20
3 16 72 1
3 20 7 27
3 24 109 1
4 0 33 1
4 1 35 1
4 2 37 16
4 3 156 1
4 5 2 3
4 6 196 1
4 7 185 1
4 10 46 2
4 13 70 10
4 15 23 22
4 19 4 6
4 20 1 4
4 21 15 6
5 0 87 28
5 1 259 7
5 3 32 2
5 4 13 9
5 6 4 1
5 7 121 1
5 8 229 5
5 9 5 1
5 10 1 19
5 14 6 1
5 16 43 1
5 21 8 10
5 24 239 1
5 25 3 10
5 26 14 20
5 27 19 2
6 1 1 2
6 2 66 1
6 3 49 27
6 4 3 20
6 5 63 1
6 7 134 1
6 8 16 29
6 9 138 1
6 10 2 28
6 11 153 1
6 12 192 2
6 16 101 3
6 18 2 21
6 25 29 13
6 27 20 27
7 0 220 1
7 1 1 15
7 2 1 14
7 3 77 11
7 5 20 2
7 6 44 1
7 8 25 9
7 9 2 26
7 10 1 15
7 11 8 12
7 12 1 23
7 13 1 7
7 14 4 23
7 17 125 2
7 19 59 3
7 21 39 1
7 24 1 4
7 25 1 13
7 26 93 1
8 0 19 4
8 1 379 1
8 2 7 18
8 3 154 1
8 5 76 9
8 6 32 22
8 7 85 8
8 10 6 7
8 11 270 1
8 12 12 7
8 16 21 3
8 17 231 2
8 18 37 6
8 20 176 2
8 24 20 1
8 27 21 5
9 1 7 20
9 4 51 1
9 5 137 1
9 7 1 5
9 10 21 23
9 12 22 17
9 15 12 26
9 16 1 11
9 17 1 7
9 19 19 4
9 23 4 18
10 2 2 6
10 3 6 19
10 4 9 4
10 5 10 1
10 6 141 1
10 7 131 1
10 8 120 1
10 9 61 1
10 11 10 25
10 12 11 2
10 14 104 26
10 15 2 29
10 17 45 2
10 19 1 3
10 20 16 7
10 22 86 14
10 25 56 1
10 26 1 7
10 27 80 1
11 1 5 26
11 3 5 4
11 8 2 9
11 10 9 29
11 12 155 3
11 13 16 1
11 14 1 25
11 15 136 1
11 17 74 1
11 23 119 1
11 24 170 5
11 26 131 19
12 1 21 5
12 3 1 19
12 5 9 7
12 6 46 19
12 8 6 4
12 9 45 1
12 23 30 1
12 27 33 1
13 0 22 18
13 10 1 19
13 11 117 2
13 15 1 5
13 22 9 29
14 0 27 6
14 4 5 21
14 5 1 9
14 6 60 28
14 7 190 1
14 9 54 1
14 10 13 5
14 15 2 24
14 18 1 24
14 22 8 14
15 7 1 21
15 10 145 1
15 11 83 1
15 12 42 1
15 13 16 25
15 14 4 2
15 22 1 4
15 24 1 5
16 0 136 1
16 1 66 1
16 3 318 1
16 5 28 1
16 8 120 1
16 10 43 3
16 17 3 10
16 20 1 26
16 24 79 8
16 25 2 3
16 27 19 3
17 1 1 29
17 2 2 10
17 3 101 4
17 4 1 12
17 6 67 2
17 15 7 24
17 16 1 18
17 23 3 7
18 1 50 14
18 4 224 1
18 7 1 3
18 9 109 1
18 14 2 13
18 16 47 1
18 20 40 6
19 0 126 1
19 2 27 21
19 10 38 1
19 14 4 22
19 18 1 16
19 21 3 29
19 24 1 15
20 0 2 3
20 3 11 7
20 8 4 24
20 9 107 28
20 13 2 7
20 18 2 18
20 19 9 1
20 22 1 2
20 25 65 1
20 27 3 2
21 3 4 3
21 4 1 13
21 8 45 3
21 10 47 7
21 11 2 18
21 16 1 3
21 25 1 28
22 9 1 12
22 11 2 12
22 20 4 4
23 7 1 2
23 10 1 5
23 12 1 24
24 0 91 1
24 1 2 9
24 3 36 1
24 5 185 3
24 7 14 14
24 8 49 1
24 10 26 1
24 11 2 10
24 12 1 27
24 16 21 10
24 17 4 14
24 22 1 7
25 0 71 6
25 5 1 12
25 6 46 1
25 7 8 12
25 8 7 5
25 9 2 2
25 11 37 5
25 12 1 1
25 15 1 9
25 20 1 14
26 7 2 4
26 9 4 1
26 11 1 16
26 27 1 6
27 11 1 27
27 12 1 27
27 20 53 29
27 25 2 23
