0 1 80 24
0 2 83 22
0 3 41 18
0 4 12 15
0 5 18 4
0 6 5 16
0 7 1 19
0 8 78 10
0 9 13 2
0 15 51 7
0 16 12 3
0 17 176 1
0 19 190 1
0 20 67 2
0 22 4 4
0 23 10 5
0 24 27 12
0 25 64 1
1 0 37 24
1 2 92 1
1 3 14 5
1 4 220 1
1 5 12 16
1 6 1 5
1 7 1 11
1 8 13 14
1 9 53 1
1 12 4 5
1 13 2 14
1 14 20 25
1 15 53 5
1 16 13 5
1 17 5 2
1 24 13 9
1 25 1 2
1 27 5 21
2 0 95 1
2 1 82 1
2 3 3 4
2 6 40 1
2 7 4 25
2 8 25 1
2 9 10 7
2 10 175 2
2 11 137 1
2 15 6 25
3 0 12 9
3 1 49 28
3 2 17 1
3 4 53 2
3 5 58 6
3 6 109 1
3 7 3 22
3 8 35 7
3 10 73 2
3 12 15 2
3 16 27 21
3 20 4 17
3 24 36 4
4 0 7 2
4 3 131 1
4 5 78 22
4 6 116 1
4 7 155 1
4 8 4 10
4 9 3 1
4 10 19 1
4 11 21 4
4 14 37 10
4 15 1 1
4 17 1 13
4 19 1 17
4 20 3 18
4 22 2 18
4 23 3 20
5 0 13 2
5 1 22 21
5 2 1 8
5 3 13 22
5 4 17 8
5 6 12 5
5 7 77 1
5 8 14 25
5 9 34 2
5 10 3 12
5 11 1 19
5 12 2 16
5 16 32 13
5 24 35 18
6 0 87 1
6 1 4 3
6 2 29 1
6 3 117 3
6 4 1 5
6 5 14 2
6 7 79 1
6 8 320 28
6 9 19 1
6 10 1 5
6 11 102 1
6 12 157 1
6 13 7 10
6 16 92 1
6 22 1 6
6 23 16 14
7 0 156 1
7 1 8 4
7 2 245 1
7 3 1 4
7 4 4 29
7 6 6 26
7 8 24 21
7 9 31 10
7 10 1 4
7 12 3 21
7 14 5 14
7 16 1 29
7 17 104 1
7 19 45 1
7 21 1 26
7 24 1 15
7 25 47 19
8 0 36 26
8 1 14 17
8 2 1 18
8 3 14 25
8 4 1 29
8 5 14 8
8 6 78 1
8 7 222 1
8 9 1 27
8 10 15 27
8 11 175 1
8 12 2 21
8 14 1 15
8 15 2 10
8 16 83 24
8 17 215 1
8 20 166 4
8 24 12 29
9 2 40 3
9 4 6 2
9 5 94 1
9 6 423 1
9 7 1 13
9 8 315 28
9 10 5 15
9 13 9 5
9 18 59 3
9 23 49 19
9 27 40 4
10 0 1 15
10 2 81 18
10 6 112 1
10 7 63 1
10 8 165 1
10 9 45 1
10 11 3 28
10 13 1 6
10 14 32 1
10 15 1 24
10 16 6 19
10 19 2 13
10 21 4 23
10 25 31 1
11 1 1 3
11 3 1 15
11 4 1 22
11 7 9 23
11 8 2 15
11 10 4 24
11 13 163 2
11 14 13 21
11 15 138 3
11 16 21 16
11 18 1 10
11 20 4 9
11 22 2 8
11 23 80 2
11 24 250 1
11 25 10 29
11 27 8 27
12 2 1 23
12 5 2 15
12 6 3 24
12 7 78 1
12 9 2 2
12 10 57 26
12 11 2 8
12 14 118 1
12 15 2 22
12 21 1 5
12 22 25 2
12 23 21 1
12 24 16 25
12 26 40 2
13 0 2 11
13 6 8 22
13 7 102 3
13 8 1 19
13 9 2 4
13 11 85 2
13 14 3 20
14 4 5 8
14 8 1 23
14 10 71 1
14 12 11 1
14 13 9 28
14 15 1 15
14 19 12 4
14 23 30 29
14 24 23 1
15 1 24 5
15 6 102 1
15 7 3 2
15 10 88 1
15 11 1 29
15 12 30 1
15 14 3 1
15 24 15 26
15 25 1 21
16 0 39 6
16 1 48 22
16 3 49 20
16 5 13 11
16 7 5 2
16 8 47 20
16 10 35 2
16 12 1 1
16 17 1 23
16 18 1 2
16 24 13 25
17 1 20 1
17 2 31 26
17 3 1 6
17 4 1 3
17 8 39 1
17 10 1 7
17 11 1 2
17 12 1 25
17 16 2 20
17 24 1 20
18 2 12 1
18 3 1 8
18 4 6 1
18 7 84 21
18 8 55 1
18 9 94 1
18 17 145 1
18 20 35 1
18 25 1 4
19 0 72 1
19 4 5 14
19 5 1 23
19 6 34 2
19 8 1 9
19 10 30 2
19 11 93 9
19 17 1 28
19 20 2 5
20 1 40 1
20 3 170 1
20 7 6 7
20 10 1 5
20 14 2 3
20 17 24 25
20 18 5 11
20 19 5 27
20 24 52 1
20 26 39 12
20 27 53 1
21 0 41 1
21 5 3 4
21 9 64 7
21 10 5 18
21 11 72 13
22 7 1 5
22 8 92 1
22 10 1 24
22 12 1 14
23 1 50 6
23 4 2 27
23 9 4 9
23 10 138 4
23 12 12 18
23 17 10 25
23 24 1 23
24 0 13 6
24 1 26 24
24 3 62 12
24 4 65 2
24 5 26 19
24 6 60 3
24 7 2 12
24 8 13 18
24 11 20 3
24 12 2 17
24 14 1 2
24 16 22 23
24 17 3 28
24 20 1 23
24 22 1 23
25 0 63 5
25 1 1 15
25 7 4 28
25 8 1 1
25 9 22 6
25 10 7 25
25 11 251 1
25 15 28 8
25 18 21 24
26 1 1 12
26 9 2 23
26 27 70 2
27 1 2 27
27 3 1 17
27 7 1 9
27 10 1 19
27 11 6 20
27 12 21 5
27 20 1 26
27 25 1 12
27 26 6 1
