0 1 286 27
0 2 39 3
0 3 9 6
0 4 15 29
0 5 31 8
0 6 1 24
0 7 3 15
0 8 38 21
0 9 11 2
0 10 162 2
0 11 156 16
0 14 78 6
0 16 9 11
0 18 2 27
0 19 182 1
0 20 62 1
0 24 9 23
0 25 63 1
0 26 48 23
0 27 1 6
1 0 398 16
1 2 68 1
1 3 10 8
1 4 196 1
1 5 7 12
1 6 1 17
1 8 9 25
1 9 48 1
1 11 1 11
1 12 1 9
1 16 66 26
1 17 2 1
1 24 73 21
2 0 161 1
2 1 10 1
2 3 17 18
2 4 116 1
2 6 34 1
2 7 11 24
2 8 14 1
2 10 171 1
2 11 133 1
2 15 7 26
2 16 50 12
3 0 108 11
3 1 7 10
3 2 125 1
3 5 28 3
3 6 104 1
3 7 3 23
3 8 20 3
3 12 14 2
3 16 55 17
3 18 59 23
3 20 2 26
3 24 43 15
4 1 2 22
4 2 154 1
4 3 128 2
4 5 6 25
4 6 154 1
4 8 3 25
4 9 335 1
4 10 16 1
4 12 97 1
4 15 1 10
4 16 154 5
4 17 125 17
4 18 1 10
4 19 3 11
4 20 1 7
4 22 19 25
4 24 46 1
4 25 77 17
5 0 9 5
5 1 57 18
5 2 10 2
5 3 9 16
5 4 16 1
5 6 57 3
5 8 9 19
5 9 3 8
5 10 1 1
5 11 1 2
5 12 1 25
5 15 6 13
5 16 9 16
5 18 1 3
5 20 70 6
5 24 9 10
6 0 53 1
6 1 4 21
6 2 20 1
6 5 52 3
6 7 70 1
6 8 18 18
6 9 137 1
6 10 1 13
6 11 96 1
6 12 152 2
6 14 34 3
6 16 90 1
6 18 92 24
6 19 2 11
6 26 1 26
7 0 148 1
7 2 240 2
7 3 19 11
7 6 289 1
7 8 7 19
7 9 1 14
7 10 16 5
7 11 49 5
7 12 121 28
7 13 4 13
7 14 1 13
7 15 1 2
7 17 101 1
7 18 1 10
7 19 43 1
7 20 19 1
7 23 1 3
7 25 1 23
8 0 115 21
8 1 211 12
8 2 7 2
8 3 30 20
8 4 12 9
8 5 23 18
8 6 293 1
8 7 193 1
8 9 2 25
8 11 164 1
8 12 1 29
8 14 1 10
8 15 1 15
8 16 8 6
8 17 212 2
8 18 1 21
8 20 164 3
8 24 44 16
8 25 1 17
8 26 73 2
8 27 13 2
9 5 58 1
9 6 35 1
9 7 1 29
9 10 76 25
9 11 105 1
9 14 81 2
9 17 26 1
9 18 57 4
9 19 1 14
9 20 57 1
9 23 2 7
9 24 5 12
9 26 1 14
9 27 39 10
10 3 2 20
10 5 1 16
10 6 97 1
10 7 56 1
10 8 102 1
10 9 30 1
10 11 2 3
10 12 65 5
10 13 76 15
10 14 12 14
10 15 3 2
10 17 28 2
10 21 1 4
10 22 83 2
10 23 4 5
10 26 1 6
11 3 2 15
11 6 2 9
11 7 9 22
11 8 114 20
11 10 1 12
11 12 140 2
11 13 160 1
11 15 143 1
11 16 6 27
11 17 58 1
11 18 1 26
11 19 1 2
11 22 4 18
11 23 75 2
11 24 241 1
11 25 9 25
11 27 3 21
12 1 24 4
12 2 1 13
12 3 1 3
12 4 1 16
12 5 1 3
12 10 1 8
12 11 2 11
12 15 1 7
12 17 28 5
12 21 1 11
12 23 21 1
12 24 1 24
13 0 22 1
13 5 5 5
13 6 3 19
13 7 100 1
13 10 1 5
13 11 82 1
13 14 3 22
13 20 32 6
14 4 5 3
14 6 1 21
14 7 162 2
14 8 3 6
14 9 43 2
14 10 349 1
14 11 204 1
14 12 9 3
14 13 2 7
14 19 12 1
14 20 1 21
14 21 6 8
15 1 6 6
15 3 2 21
15 6 100 4
15 7 19 29
15 10 81 1
15 11 2 1
15 14 28 5
15 18 1 9
15 24 1 15
15 25 1 3
16 0 8 5
16 1 40 23
16 3 22 26
16 4 90 2
16 5 8 8
16 8 8 4
16 11 4 9
16 14 1 11
16 17 6 12
16 18 1 18
16 22 16 16
16 24 39 22
17 1 2 24
17 4 27 8
17 6 32 1
17 7 155 1
17 10 1 13
17 16 1 27
17 27 20 28
18 3 1 25
18 4 206 1
18 5 37 9
18 6 31 4
18 16 5 2
19 0 7 1
19 1 17 1
19 4 2 29
19 7 22 1
19 8 2 15
19 17 5 1
19 20 3 16
19 26 1 18
20 0 2 7
20 1 38 1
20 6 6 5
20 11 183 1
20 13 2 12
20 17 2 26
20 19 5 9
21 7 50 12
21 12 25 2
21 16 4 28
21 19 3 19
21 27 10 1
22 0 39 1
22 8 90 3
22 12 3 16
22 13 2 2
22 20 26 25
23 4 3 10
23 7 1 21
23 8 6 7
23 11 1 24
23 14 3 1
23 20 2 15
23 24 1 24
24 0 79 19
24 1 9 25
24 3 44 21
24 5 8 16
24 7 1 4
24 8 9 9
24 10 10 5
24 11 1 24
24 13 1 1
24 16 129 27
24 20 5 17
25 0 62 6
25 3 1 18
25 7 1 18
25 9 1 4
25 10 7 1
25 11 231 1
25 14 3 29
25 15 31 28
26 1 21 7
26 3 1 23
26 8 9 3
26 12 1 25
26 24 13 14
26 25 17 2
26 27 67 2
27 6 19 29
27 10 1 10
27 12 1 26
27 19 5 27
27 25 6 21
27 26 1 14
