0 1 94 1
0 3 88 1
0 4 1 3
0 5 68 3
0 6 1 19
0 7 18 27
0 8 99 1
0 9 5 4
0 10 146 1
0 12 9 7
0 13 54 4
0 15 43 3
0 16 70 1
0 17 141 2
0 19 133 1
0 20 36 1
0 21 44 17
0 24 157 1
0 26 47 1
1 0 17 1
1 3 87 1
1 4 92 1
1 5 9 19
1 6 14 27
1 8 17 1
1 10 2 10
1 11 39 11
1 12 7 22
1 14 1 13
1 15 46 1
1 16 205 1
1 17 1 12
1 20 2 12
1 22 50 16
1 24 80 1
1 26 1 12
2 0 120 1
2 1 14 1
2 3 67 21
2 4 86 1
2 7 4 23
2 8 1 10
2 9 2 1
2 10 46 1
2 11 108 2
2 22 10 29
3 0 300 1
3 1 33 6
3 2 7 1
3 4 32 2
3 5 2 23
3 6 72 2
3 7 117 13
3 8 142 1
3 10 45 1
3 12 11 2
3 16 83 4
3 18 3 2
3 20 1 19
3 22 10 2
3 24 22 1
3 27 27 19
4 1 4 2
4 5 63 2
4 6 83 1
4 8 4 28
4 9 293 1
4 10 5 1
4 12 79 1
4 15 14 9
4 18 1 14
4 19 1 23
4 20 90 27
5 0 38 1
5 1 109 1
5 3 97 1
5 4 77 1
5 6 212 14
5 7 44 2
5 8 220 1
5 9 82 18
5 10 24 4
5 11 40 11
5 12 1 12
5 16 4 3
5 24 99 1
6 0 74 1
6 1 3 21
6 2 28 1
6 4 386 1
6 5 59 27
6 7 24 1
6 8 183 1
6 9 38 1
6 11 64 1
6 19 4 18
6 22 34 4
6 26 1 11
7 0 105 1
7 2 249 1
7 4 4 22
7 6 220 1
7 8 35 26
7 9 1 22
7 10 269 2
7 11 275 1
7 12 21 14
7 14 10 21
7 15 1 13
7 16 1 12
7 17 86 3
7 18 1 8
7 23 1 27
7 24 1 23
7 25 9 18
7 27 38 8
8 0 83 1
8 1 110 1
8 2 358 5
8 3 112 1
8 4 369 1
8 5 370 1
8 6 3 13
8 7 70 1
8 9 24 3
8 10 226 25
8 11 104 1
8 12 1 15
8 13 3 24
8 14 4 21
8 15 7 2
8 16 143 1
8 20 161 1
8 21 1 6
8 24 68 1
8 27 9 2
9 5 1 1
9 6 336 1
9 7 24 23
9 8 317 1
9 10 29 25
9 11 76 2
9 12 275 13
9 14 69 1
9 15 1 25
9 17 2 25
9 18 46 1
9 20 50 5
9 26 2 15
10 2 6 8
10 3 4 8
10 5 2 28
10 6 30 1
10 7 23 1
10 8 29 1
10 11 3 8
10 12 213 28
10 14 45 1
10 15 1 29
10 17 20 1
10 20 4 1
10 21 4 3
10 22 79 1
10 23 1 1
10 27 57 4
11 0 224 1
11 1 38 25
11 2 165 2
11 3 2 10
11 4 1 16
11 5 1 16
11 7 18 10
11 8 1 20
11 9 67 1
11 10 320 23
11 12 129 1
11 13 144 1
11 14 30 2
11 15 30 1
11 16 1 9
11 18 1 29
11 19 14 10
11 20 1 9
11 23 50 2
11 24 186 1
11 25 12 11
11 27 4 26
12 0 2 13
12 1 1 16
12 3 50 9
12 7 65 1
12 9 3 5
12 10 63 4
12 13 139 1
12 21 1 11
13 6 1 21
13 7 88 2
13 10 71 15
13 14 3 27
13 22 5 2
13 23 4 23
14 3 1 20
14 4 95 2
14 7 140 1
14 8 1 9
14 10 25 1
14 11 188 1
14 15 1 1
14 19 11 6
15 1 19 3
15 4 33 1
15 7 46 29
15 9 1 29
15 10 47 1
15 11 3 14
15 14 11 2
15 20 6 2
15 23 15 5
16 0 29 1
16 1 51 1
16 3 79 4
16 4 74 2
16 5 111 1
16 8 54 1
16 9 31 8
16 14 27 21
16 15 10 2
16 17 272 28
16 18 1 12
16 23 5 23
16 24 4 12
17 1 349 3
17 2 15 22
17 3 1 9
17 4 2 17
17 6 16 1
17 8 22 2
17 9 4 2
17 10 4 24
17 16 2 25
17 18 2 14
17 23 2 26
17 24 1 24
17 25 1 8
18 1 73 4
18 3 1 17
18 4 67 1
18 8 40 4
18 12 17 2
18 15 15 25
18 20 30 11
18 21 14 25
19 0 32 1
19 4 2 11
19 7 14 7
19 8 2 25
19 10 24 1
19 11 87 4
19 13 1 21
19 16 13 1
19 20 2 15
20 0 2 11
20 1 25 1
20 2 5 4
20 3 9 1
20 4 1 14
20 5 1 2
20 8 190 1
20 9 2 22
20 10 1 23
20 17 1 26
20 18 1 8
20 19 8 24
20 23 1 28
20 27 51 9
21 4 6 6
21 10 1 27
21 11 9 3
21 12 17 6
21 14 1 17
21 27 10 1
22 4 32 10
22 8 83 3
22 10 1 2
22 11 2 1
22 12 1 22
22 21 1 6
23 0 41 14
23 1 46 13
23 4 4 8
23 7 1 28
23 11 2 7
23 20 3 25
23 24 1 21
24 0 153 1
24 1 89 1
24 2 1 1
24 3 146 1
24 5 72 1
24 6 51 2
24 8 95 1
24 13 1 26
24 14 21 1
24 16 55 1
24 17 3 8
24 22 6 3
24 27 19 3
25 0 57 1
25 5 16 3
25 7 1 17
25 9 1 22
25 10 1 15
25 11 124 1
25 15 31 2
25 21 3 4
25 22 3 2
25 27 2 19
26 1 1 25
26 3 2 8
26 5 6 10
26 8 6 4
26 12 1 11
26 23 6 7
26 27 10 2
27 2 16 14
27 7 4 9
27 8 75 4
27 11 5 12
27 12 1 29
27 17 22 28
27 25 9 29
27 26 3 7
