0 1 36 1
0 2 82 1
0 3 25 12
0 4 2 12
0 5 49 1
0 6 4 9
0 7 1 3
0 8 50 7
0 9 4 3
0 10 144 1
0 11 1 18
0 16 100 1
0 17 138 1
0 19 128 1
0 24 115 1
0 26 47 1
1 0 387 1
1 3 76 1
1 4 81 1
1 5 104 1
1 6 13 16
1 7 8 13
1 8 46 1
1 9 23 1
1 16 154 20
1 18 1 12
1 24 60 1
1 25 83 12
2 0 116 1
2 1 229 1
2 3 3 9
2 4 83 1
2 5 3 1
2 7 9 26
2 8 1 13
2 10 42 1
2 11 105 2
2 16 1 2
2 19 15 1
2 20 5 4
3 0 23 1
3 2 3 1
3 4 31 1
3 5 20 1
3 6 69 1
3 7 91 8
3 8 81 1
3 9 6 13
3 10 43 1
3 11 61 1
3 13 4 12
3 14 1 12
3 15 39 3
3 16 61 2
3 18 5 23
3 20 19 4
3 22 9 17
3 24 69 1
3 25 27 2
4 1 19 16
4 2 5 1
4 3 106 1
4 5 40 9
4 6 73 1
4 7 126 1
4 9 288 1
4 14 3 9
4 15 29 20
4 17 128 10
4 18 1 1
4 19 2 18
4 20 1 8
4 21 9 1
5 0 23 8
5 1 208 1
5 2 2 25
5 3 40 1
5 4 64 1
5 6 24 1
5 7 42 1
5 8 368 1
5 9 1 18
5 10 1 15
5 12 2 1
5 15 7 25
5 16 54 1
5 17 1 29
5 24 54 1
6 0 43 1
6 1 57 28
6 2 9 1
6 4 381 1
6 5 424 4
6 8 99 1
6 9 30 1
6 11 61 1
6 13 10 7
6 14 19 4
6 17 1 5
6 22 6 8
7 0 100 1
7 2 244 1
7 4 1 1
7 6 212 1
7 8 4 6
7 9 7 16
7 10 1 20
7 11 328 27
7 13 1 4
7 14 54 6
7 15 3 7
7 17 85 1
7 18 51 17
7 21 53 27
7 22 100 6
7 23 1 1
7 25 19 19
7 27 2 2
8 0 43 1
8 1 56 1
8 2 381 1
8 3 72 1
8 4 6 2
8 5 316 1
8 6 130 1
8 7 59 1
8 9 5 21
8 10 262 1
8 11 98 1
8 12 1 26
8 16 97 1
8 17 195 1
8 19 2 10
8 20 160 1
8 21 1 17
8 24 55 1
9 2 24 1
9 6 321 1
9 7 2 2
9 8 51 1
9 10 84 1
9 11 73 1
9 12 70 1
9 15 1 26
9 17 38 10
9 18 44 2
9 20 50 2
9 23 1 8
9 27 35 6
10 2 2 8
10 3 17 9
10 4 1 22
10 5 3 27
10 6 25 1
10 7 20 1
10 8 23 1
10 9 2 15
10 11 3 7
10 12 1 12
10 13 17 16
10 14 37 1
10 15 2 6
10 17 19 1
10 22 37 3
10 24 1 19
10 27 56 5
11 0 222 1
11 1 11 20
11 3 1 23
11 5 1 9
11 6 205 1
11 7 275 23
11 8 1 19
11 9 64 1
11 10 3 11
11 13 141 2
11 14 249 1
11 15 21 1
11 19 2 27
11 24 179 1
11 25 13 20
11 27 1 15
12 3 5 18
12 5 8 24
12 6 5 14
12 7 63 3
12 9 3 15
12 10 9 14
12 13 136 1
12 15 22 2
12 17 3 2
12 20 1 9
12 21 5 23
12 24 1 9
13 6 2 21
13 7 87 1
13 10 49 9
13 11 58 1
13 12 2 28
13 23 1 24
14 8 11 5
14 9 63 1
14 10 13 1
14 11 184 21
14 15 85 1
14 20 1 26
14 24 18 11
14 25 2 9
15 7 43 14
15 9 1 2
15 10 43 1
15 11 7 2
15 23 15 1
15 24 1 21
16 0 18 1
16 1 66 1
16 2 1 11
16 3 58 1
16 5 79 1
16 8 46 1
16 15 9 10
16 18 3 15
16 20 1 3
16 24 50 1
17 1 356 1
17 2 49 29
17 5 1 6
17 9 4 1
17 10 1 23
17 12 2 17
17 14 1 27
17 16 10 3
17 25 1 17
17 27 1 24
18 0 108 2
18 4 61 1
18 6 148 10
18 9 79 1
18 10 112 15
18 17 130 4
18 21 1 24
19 0 28 1
19 5 5 13
19 8 26 3
19 11 87 3
19 13 3 1
19 20 3 18
20 0 1 16
20 2 1 11
20 3 7 25
20 4 2 15
20 12 84 1
20 19 10 25
20 27 2 14
21 5 2 2
21 8 35 10
21 16 8 22
21 19 1 18
22 6 1 4
22 8 83 1
22 10 1 19
22 11 1 28
22 12 1 10
22 20 1 11
22 23 2 11
23 4 3 26
23 10 131 1
23 12 1 20
23 18 3 21
23 22 11 1
23 24 1 19
24 0 97 1
24 1 15 1
24 3 89 1
24 5 15 3
24 6 51 1
24 7 62 12
24 8 43 1
24 10 3 1
24 11 33 20
24 16 48 2
24 25 24 1
24 26 43 8
25 3 13 27
25 7 25 17
25 10 2 2
25 11 112 1
25 12 9 5
25 23 10 6
25 26 36 1
26 1 1 19
26 7 1 21
26 14 14 21
26 23 1 21
26 25 12 1
27 8 75 1
27 10 1 25
27 11 1 7
27 17 1 8
27 26 3 16
