0 1 12 8
0 2 130 2
0 3 13 15
0 4 52 27
0 5 14 1
0 6 204 27
0 7 13 9
0 8 38 8
0 9 1 3
0 10 128 3
0 16 16 19
0 19 81 1
0 22 46 4
0 24 14 22
0 25 50 7
0 27 1 1
1 0 13 12
1 2 3 14
1 3 55 26
1 4 14 1
1 5 22 25
1 6 18 4
1 7 4 14
1 8 16 1
1 9 8 2
1 11 18 25
1 12 2 8
1 14 1 14
1 16 14 17
1 17 6 19
1 19 2 27
1 24 28 23
1 27 2 1
2 0 78 1
2 1 79 1
2 4 56 1
2 7 1 24
2 8 3 27
2 9 13 1
2 10 25 1
2 11 82 2
2 13 3 16
2 17 1 16
3 0 13 8
3 1 15 11
3 2 2 20
3 4 18 1
3 5 65 12
3 6 43 2
3 7 1 22
3 8 14 1
3 10 25 1
3 11 190 18
3 13 1 23
3 16 18 3
3 20 1 19
3 23 1 2
3 24 59 12
3 26 3 15
4 1 49 20
4 2 34 1
4 5 1 27
4 6 49 1
4 8 26 23
4 9 235 1
4 12 61 1
4 13 57 9
4 15 1 15
4 16 131 4
4 18 1 28
4 19 1 26
4 26 37 10
5 0 14 3
5 1 26 21
5 3 14 24
5 4 22 1
5 6 262 1
5 8 11 27
5 9 342 1
5 10 1 29
5 11 33 25
5 12 1 5
5 16 45 13
5 17 3 12
5 24 17 11
5 27 14 3
6 1 3 1
6 2 9 2
6 4 360 1
6 5 325 1
6 7 1 3
6 8 67 1
6 10 27 1
6 12 97 1
6 14 10 1
6 15 4 25
6 17 1 22
6 18 1 4
6 20 146 2
6 21 26 5
6 23 1 8
6 26 5 4
7 0 65 1
7 2 200 1
7 3 407 1
7 4 1 1
7 5 2 28
7 6 144 1
7 8 8 17
7 9 1 4
7 10 2 5
7 11 225 1
7 15 1 27
7 18 1 16
7 24 2 5
7 27 107 14
8 0 38 19
8 1 34 15
8 2 305 15
8 3 15 17
8 4 346 1
8 5 22 15
8 6 6 18
8 9 4 27
8 10 377 1
8 11 53 1
8 12 6 29
8 13 14 16
8 14 1 16
8 15 1 1
8 16 14 14
8 17 178 2
8 18 95 11
8 19 36 16
8 20 146 2
8 24 58 26
8 25 2 11
9 1 169 6
9 5 4 5
9 6 203 1
9 7 1 8
9 8 303 1
9 10 355 1
9 11 50 1
9 12 51 1
9 16 1 21
9 17 2 21
9 18 34 1
9 22 50 1
9 23 1 23
10 0 10 25
10 1 1 7
10 3 74 18
10 4 2 22
10 5 1 6
10 7 3 1
10 8 2 18
10 9 3 25
10 11 7 11
10 12 26 17
10 13 2 16
10 15 1 17
10 16 105 1
10 21 5 22
10 22 35 12
10 24 2 7
10 25 5 6
10 26 8 27
10 27 48 5
11 0 206 2
11 2 186 1
11 3 11 24
11 4 4 25
11 5 2 6
11 6 199 1
11 7 4 8
11 8 1 19
11 9 42 1
11 10 336 1
11 12 117 1
11 13 123 1
11 14 229 1
11 15 1 22
11 18 3 28
11 20 11 17
11 23 28 1
11 24 125 1
11 25 2 7
11 27 3 25
12 1 1 17
12 2 1 16
12 6 86 12
12 7 54 1
12 8 1 25
12 9 3 20
12 10 1 26
12 11 2 7
12 13 118 1
12 14 89 3
12 15 1 26
12 17 2 28
12 18 1 18
12 21 1 12
12 23 10 2
12 26 37 26
12 27 35 1
13 7 75 1
13 11 40 1
13 12 8 27
13 14 1 22
13 15 1 13
13 17 1 1
14 5 3 21
14 7 116 1
14 9 55 1
14 10 209 1
14 11 33 1
14 15 58 2
14 24 16 2
15 2 1 22
15 6 84 1
15 7 2 15
15 8 12 1
15 9 6 25
15 10 19 2
15 11 4 8
15 18 20 28
15 23 8 3
15 24 1 17
16 0 46 15
16 1 27 15
16 3 15 19
16 4 59 1
16 5 15 15
16 8 14 6
16 9 1 4
16 17 4 23
16 18 36 19
16 20 1 28
16 21 6 4
16 24 14 17
17 1 43 1
17 2 1 23
17 3 138 29
17 4 117 26
17 7 127 1
17 8 11 1
17 9 133 5
17 10 1 3
17 12 3 14
17 16 6 12
17 20 1 10
17 23 11 9
17 24 1 5
18 0 101 2
18 1 16 5
18 4 133 1
18 9 68 1
18 16 1 12
18 17 118 3
18 19 32 1
18 26 20 26
19 0 6 1
19 1 1 2
19 3 1 13
19 4 85 11
19 5 9 22
19 6 18 1
19 10 19 2
19 11 81 5
19 15 8 4
19 16 12 2
19 20 1 14
19 21 2 21
20 2 1 1
20 5 4 12
20 7 216 4
20 9 106 1
20 10 1 8
20 17 1 26
20 19 2 25
20 23 4 28
21 7 44 4
21 12 11 1
22 0 34 9
22 8 75 6
22 11 20 16
22 12 3 17
22 21 1 13
22 23 1 1
22 27 1 19
23 7 1 16
23 12 1 28
23 16 1 6
23 24 1 17
24 0 15 19
24 1 14 16
24 2 2 2
24 3 14 10
24 5 15 16
24 8 14 6
24 16 95 3
24 19 4 2
24 26 38 6
25 3 1 19
25 4 1 13
25 7 5 3
25 9 61 23
25 10 2 28
25 11 34 1
25 14 3 1
25 22 3 6
25 27 1 27
26 9 1 1
26 11 3 11
26 19 1 2
26 27 39 1
27 10 2 9
27 12 11 12
27 15 5 28
27 24 8 2
27 25 4 11
27 26 2 8
