0 1 314 1
0 2 58 2
0 3 76 1
0 4 1 18
0 5 31 1
0 7 1 19
0 8 61 1
0 10 110 2
0 14 71 4
0 15 30 1
0 16 64 1
0 17 81 1
0 19 37 1
0 20 3 1
0 24 32 28
0 25 44 1
0 27 1 9
1 0 299 1
1 2 4 11
1 3 61 27
1 4 1 19
1 5 295 1
1 6 7 28
1 7 6 12
1 8 4 14
1 11 2 22
1 12 1 12
1 14 52 17
1 16 343 1
1 17 3 17
1 18 1 20
1 19 2 22
1 20 1 24
1 24 199 3
2 3 23 1
2 4 31 1
2 7 121 20
2 8 40 11
2 10 110 1
2 11 58 2
2 17 1 6
2 19 9 5
3 0 64 20
3 1 280 1
3 2 7 15
3 5 99 1
3 6 20 1
3 7 122 2
3 8 22 1
3 9 2 9
3 11 31 1
3 12 4 13
3 13 5 4
3 14 1 19
3 16 23 8
3 18 3 3
3 19 4 3
3 20 108 17
3 24 124 7
4 0 1 26
4 1 12 23
4 2 23 2
4 3 65 2
4 5 2 10
4 6 14 1
4 7 83 2
4 8 1 9
4 9 171 1
4 10 1 22
4 14 1 24
4 18 2 11
4 19 3 16
4 20 1 9
4 24 34 1
4 26 36 1
4 27 1 19
5 0 250 1
5 1 156 1
5 3 73 10
5 4 55 1
5 6 3 15
5 8 218 1
5 9 115 1
5 10 3 12
5 11 54 25
5 16 19 19
5 17 1 28
5 23 17 10
5 24 51 1
6 0 68 1
6 1 2 29
6 3 135 2
6 4 293 6
6 5 94 1
6 7 1 21
6 8 8 27
6 9 6 21
6 10 82 1
6 11 16 1
6 12 70 1
6 16 67 4
6 17 1 29
6 24 1 11
6 27 1 20
7 0 33 1
7 1 2 4
7 2 145 1
7 3 350 1
7 4 5 8
7 5 1 6
7 6 78 1
7 8 306 6
7 9 14 6
7 10 17 26
7 11 97 1
7 13 2 29
7 15 2 2
7 16 1 27
7 17 57 2
7 18 5 27
7 19 16 5
7 21 4 3
7 22 89 1
7 27 32 5
8 0 23 1
8 1 223 1
8 2 201 1
8 3 124 1
8 4 301 1
8 5 8 27
8 6 131 3
8 7 2 27
8 9 71 11
8 10 244 1
8 11 17 1
8 12 41 2
8 13 2 17
8 14 1 18
8 15 10 15
8 16 59 1
8 17 157 2
8 18 54 26
8 20 130 2
8 21 68 4
8 22 60 2
8 24 10 12
8 25 1 18
9 0 129 1
9 1 243 1
9 2 7 2
9 4 8 24
9 5 5 23
9 6 75 1
9 7 1 6
9 8 235 1
9 10 150 1
9 11 28 1
9 12 217 1
9 14 31 1
9 15 2 28
9 17 1 14
9 21 64 3
9 27 28 1
10 1 1 7
10 4 3 15
10 5 54 28
10 6 3 21
10 8 9 3
10 9 48 25
10 11 4 22
10 14 3 28
10 15 3 29
10 18 1 13
10 27 40 2
11 0 185 2
11 2 167 1
11 3 1 5
11 4 1 18
11 7 326 8
11 7 408 3
11 10 207 1
11 12 105 1
11 13 101 2
11 14 191 1
11 15 9 27
11 17 30 3
11 19 9 1
11 20 1 18
11 23 12 1
11 24 69 1
11 25 1 6
12 1 2 29
12 2 1 21
12 4 11 9
12 6 1 5
12 9 5 21
12 10 1 7
12 13 87 1
12 14 73 2
12 17 6 11
12 23 6 9
12 24 17 18
13 0 41 9
13 6 59 15
13 7 62 3
13 8 2 12
13 12 1 11
13 14 13 28
13 17 1 21
13 23 1 25
13 27 3 1
14 1 14 6
14 7 90 1
14 8 102 5
14 10 93 1
14 11 11 20
14 13 1 3
14 15 21 1
14 19 10 13
15 0 48 6
15 7 30 28
15 8 151 3
15 11 3 7
15 12 8 2
15 14 21 1
16 0 99 1
16 1 25 1
16 2 1 9
16 3 33 24
16 5 71 1
16 8 69 4
16 10 20 6
16 11 5 27
16 17 273 1
16 18 39 21
16 19 36 2
16 24 89 1
17 0 1 1
17 1 253 1
17 2 72 13
17 5 28 10
17 7 112 1
17 14 8 7
17 15 2 27
17 16 6 19
17 18 9 2
17 19 4 3
17 22 2 18
17 23 2 27
18 2 2 1
18 3 3 17
18 4 123 1
18 6 2 29
18 9 55 4
18 10 19 1
18 13 1 22
18 19 30 7
19 7 4 3
19 12 20 2
19 15 7 21
19 20 1 1
20 0 1 28
20 2 1 1
20 3 147 1
20 8 167 1
20 10 1 7
20 13 4 13
20 17 42 26
20 19 11 17
20 21 1 12
20 23 1 1
20 26 34 4
21 8 28 7
21 10 1 23
21 27 11 4
22 0 32 1
22 6 1 27
22 7 101 1
22 8 67 3
22 12 17 2
22 17 41 14
22 23 1 3
23 3 10 1
23 7 11 13
23 11 5 5
23 15 1 23
24 0 145 1
24 1 3 20
24 2 5 1
24 3 92 1
24 5 53 1
24 8 107 1
24 16 124 1
24 17 1 11
24 26 32 3
24 27 13 10
25 1 1 18
25 3 6 18
25 7 1 4
25 10 1 21
25 20 1 26
26 3 2 13
26 7 1 10
26 10 3 5
26 17 4 13
26 20 3 12
26 27 18 1
27 5 4 13
27 7 3 12
27 8 61 1
27 10 6 2
27 11 171 2
27 12 15 8
27 15 1 20
27 26 5 3
