0 1 271 18
0 2 95 1
0 3 26 19
0 4 1 16
0 5 21 3
0 7 1 12
0 8 8 22
0 11 225 1
0 16 24 12
0 17 38 1
0 18 2 29
0 24 30 4
0 25 33 5
1 0 4 3
1 2 12 10
1 3 7 11
1 4 3 24
1 5 21 16
1 6 29 20
1 7 10 4
1 8 77 9
1 9 3 28
1 10 4 22
1 12 1 4
1 16 7 22
1 17 26 15
1 18 2 2
1 22 40 1
1 24 29 9
1 26 45 26
2 1 21 7
2 3 1 9
2 5 2 12
2 6 24 19
2 8 19 29
2 9 93 1
2 10 54 1
2 11 24 1
2 20 1 15
3 0 26 18
3 1 83 18
3 2 18 1
3 5 51 29
3 7 92 1
3 8 8 16
3 11 126 1
3 14 14 19
3 16 47 7
3 17 11 6
3 20 1 18
3 24 44 29
3 25 10 4
4 0 3 12
4 1 23 12
4 5 126 1
4 8 1 24
4 9 69 1
4 10 3 16
4 16 90 3
4 18 39 15
4 21 2 16
4 24 27 4
5 0 6 14
5 1 6 6
5 3 97 22
5 4 1 11
5 6 9 3
5 8 163 22
5 9 5 11
5 10 101 25
5 11 1 5
5 14 1 21
5 16 7 25
5 17 40 7
5 18 16 5
5 21 1 5
5 24 103 8
6 0 21 1
6 1 132 1
6 2 3 7
6 3 54 2
6 4 148 1
6 5 68 12
6 7 3 8
6 8 72 7
6 9 19 19
6 10 243 1
6 13 12 15
6 17 1 14
7 0 2 1
7 1 5 2
7 2 57 1
7 3 136 1
7 4 1 12
7 5 3 12
7 6 8 1
7 8 192 5
7 9 1 16
7 11 6 11
7 12 125 24
7 14 55 3
7 15 1 20
7 16 1 18
7 17 36 1
7 18 2 26
7 22 76 1
7 26 51 1
8 0 40 25
8 1 17 16
8 2 11 1
8 3 6 3
8 4 208 1
8 5 5 8
8 6 12 26
8 7 3 25
8 9 24 7
8 13 2 10
8 14 1 28
8 15 89 6
8 16 7 20
8 17 120 1
8 19 2 15
8 24 112 6
8 25 2 19
9 0 122 1
9 1 200 1
9 4 11 12
9 5 6 1
9 6 1 21
9 7 1 24
9 8 107 1
9 10 83 1
9 12 111 1
9 15 5 22
9 17 1 10
9 20 28 3
9 23 55 6
10 0 12 28
10 1 7 8
10 2 122 1
10 4 1 26
10 5 14 27
10 6 2 13
10 7 3 20
10 8 6 27
10 9 83 26
10 13 1 18
10 14 2 17
10 15 1 19
10 19 1 25
10 22 80 1
10 25 1 23
10 26 1 16
10 27 26 1
11 0 144 2
11 1 7 2
11 3 33 3
11 4 1 11
11 6 181 1
11 7 229 1
11 8 46 1
11 10 264 1
11 12 82 2
11 13 63 1
11 14 98 1
11 15 50 10
11 19 1 9
11 20 5 23
11 22 1 4
11 24 8 1
11 25 66 10
11 26 95 1
12 0 5 29
12 1 40 14
12 2 3 17
12 3 56 8
12 6 1 22
12 8 4 26
12 9 18 6
12 10 2 23
12 11 12 21
12 14 46 1
12 15 1 23
12 17 1 17
12 18 4 16
12 21 2 15
12 24 2 24
12 27 2 3
13 2 3 3
13 4 3 23
13 8 1 21
13 9 1 9
13 10 108 1
13 12 6 23
13 14 22 1
13 15 1 15
14 1 6 5
14 3 4 12
14 7 49 1
14 8 10 1
14 9 24 1
14 11 63 1
14 13 7 6
14 16 20 1
14 18 36 5
14 20 1 25
14 22 17 1
15 1 82 20
15 2 3 5
15 6 58 1
15 7 8 7
15 8 140 2
15 10 2 5
15 11 278 27
15 11 203 1
15 20 52 8
15 27 20 7
16 0 43 26
16 1 24 11
16 3 69 16
16 5 22 9
16 8 7 5
16 17 240 1
16 18 2 9
16 20 3 1
16 24 6 19
17 0 15 5
17 1 104 1
17 4 1 3
17 5 1 23
17 10 3 14
17 14 2 12
17 15 23 3
17 16 1 3
17 18 7 12
17 19 1 14
18 4 36 1
18 8 7 1
18 9 35 4
18 10 113 3
18 15 10 4
18 16 37 3
18 25 33 3
19 0 1 20
19 2 23 8
19 14 1 14
19 15 6 26
19 20 262 1
20 0 2 23
20 2 1 8
20 3 105 1
20 4 7 13
20 7 178 2
20 8 142 1
20 11 149 3
20 13 4 27
20 15 1 19
20 17 10 20
20 18 64 29
20 19 135 1
20 25 46 1
21 4 1 3
21 6 57 3
21 10 1 23
22 5 16 7
22 8 53 1
22 12 53 12
22 20 1 25
22 21 3 1
23 7 1 3
23 11 3 11
23 12 7 17
23 14 1 4
23 15 1 16
23 26 2 27
24 0 7 3
24 1 7 15
24 3 7 21
24 4 48 3
24 5 22 22
24 6 25 2
24 8 21 14
24 10 1 1
24 11 6 1
24 12 1 23
24 16 34 9
24 22 13 14
25 1 1 26
25 3 1 1
25 7 2 23
25 8 6 12
25 9 5 12
25 11 2 21
25 15 19 1
25 16 13 20
25 17 1 15
25 19 2 23
25 20 1 5
25 27 1 13
26 1 25 18
26 3 4 12
26 4 1 17
26 6 2 20
26 11 7 9
26 15 4 16
27 25 43 11
