0 1 174 2
0 2 63 1
0 3 191 1
0 4 1 14
0 5 45 1
0 6 2 7
0 8 3 25
0 10 65 3
0 11 211 2
0 16 207 1
0 17 22 2
0 18 1 15
0 20 2 12
0 24 32 1
1 0 153 1
1 2 5 1
1 3 23 1
1 4 3 2
1 5 203 1
1 6 9 25
1 7 1 7
1 8 122 1
1 9 1 23
1 10 12 28
1 11 184 18
1 14 58 2
1 16 24 5
1 17 2 9
1 18 26 14
1 19 1 27
1 24 93 1
2 1 8 11
2 3 15 29
2 6 30 22
2 7 174 1
2 8 1 22
2 10 30 1
2 11 12 3
2 12 1 11
2 22 7 4
3 0 28 1
3 1 266 1
3 2 31 1
3 5 17 29
3 7 228 1
3 8 36 2
3 11 94 1
3 14 16 20
3 16 160 1
3 20 20 11
3 24 89 1
3 26 27 16
4 0 1 18
4 1 6 12
4 2 70 2
4 5 55 1
4 6 2 6
4 7 35 2
4 8 1 13
4 12 12 3
4 13 41 1
4 15 62 24
4 16 78 1
4 18 90 28
4 19 101 20
4 21 2 2
4 24 24 1
4 26 30 21
5 0 57 1
5 1 164 1
5 3 107 3
5 4 1 15
5 6 17 1
5 7 1 28
5 8 77 1
5 9 29 29
5 10 146 1
5 16 236 1
5 17 1 16
5 18 3 17
5 24 60 1
6 0 10 1
6 1 11 1
6 2 1 25
6 3 7 1
6 4 83 1
6 5 65 21
6 7 2 25
6 8 10 18
6 9 3 24
6 10 161 1
6 13 1 10
6 14 1 19
6 17 6 22
6 20 118 1
6 21 15 2
6 25 95 2
7 1 274 1
7 2 27 1
7 3 56 1
7 4 70 8
7 5 1 14
7 8 150 1
7 9 11 8
7 10 376 11
7 11 36 14
7 13 1 14
7 15 1 18
7 16 1 1
7 18 2 13
7 23 1 24
7 24 179 1
7 25 4 15
8 0 86 5
8 1 124 1
8 3 295 1
8 4 162 1
8 5 111 1
8 6 324 1
8 7 4 20
8 9 2 5
8 10 6 6
8 12 1 28
8 13 1 20
8 14 1 1
8 16 140 1
8 17 103 1
8 18 110 1
8 19 10 24
8 24 16 1
9 0 116 6
9 1 175 1
9 3 1 19
9 4 1 8
9 5 337 1
9 6 12 7
9 8 59 1
9 10 31 1
9 12 61 1
9 15 7 11
9 16 10 8
9 22 34 1
9 23 11 3
9 27 20 1
10 1 1 24
10 2 103 1
10 4 4 16
10 5 3 19
10 6 39 15
10 7 1 7
10 8 15 10
10 9 2 8
10 11 1 1
10 12 213 1
10 13 91 26
10 14 3 2
10 15 2 21
10 18 1 11
10 19 2 15
10 20 1 15
10 22 68 2
10 24 15 29
10 27 21 1
11 0 124 1
11 1 1 15
11 2 108 1
11 5 1 6
11 6 160 1
11 7 145 2
11 8 231 1
11 10 122 1
11 12 72 2
11 13 46 1
11 14 59 1
11 15 131 18
11 17 12 2
11 22 12 19
11 25 42 1
11 27 9 5
12 1 2 27
12 4 49 3
12 5 87 2
12 9 3 26
12 10 1 14
12 13 16 1
12 15 64 15
12 17 1 19
12 21 46 16
13 1 21 1
13 2 6 4
13 8 13 9
13 9 3 28
13 10 96 2
13 12 1 16
13 14 15 1
13 22 1 2
14 2 1 11
14 4 90 5
14 5 7 21
14 8 121 22
14 9 13 3
14 10 4 16
14 11 31 1
14 15 2 26
14 18 34 5
14 20 39 26
14 22 14 1
15 4 11 9
15 5 1 9
15 6 49 5
15 7 213 1
15 8 129 1
15 11 157 1
15 14 1 14
15 16 26 8
15 18 9 14
16 0 97 1
16 1 61 1
16 3 84 1
16 5 63 1
16 6 1 21
16 8 48 1
16 9 1 18
16 17 205 1
16 18 1 3
16 24 20 1
17 0 13 23
17 1 51 1
17 5 1 19
17 6 2 19
17 7 75 2
17 8 1 27
17 10 3 19
17 15 1 9
17 16 6 2
17 22 1 17
18 3 63 5
18 5 19 1
18 6 160 2
18 10 106 3
18 11 2 11
18 13 1 17
18 15 8 27
18 16 2 14
18 17 66 1
18 19 24 16
18 22 20 5
18 24 30 28
18 27 5 17
19 0 25 23
19 1 1 13
19 3 9 6
19 8 2 10
19 10 5 5
19 11 57 5
19 16 6 6
19 17 8 6
19 20 172 1
20 0 3 6
20 2 20 22
20 3 84 1
20 4 1 27
20 9 96 1
20 10 5 18
20 11 140 2
20 19 112 1
20 22 1 23
20 24 33 1
20 25 42 6
21 11 74 2
21 18 24 1
21 24 2 12
21 25 7 16
22 7 84 3
22 10 1 11
22 12 1 24
22 13 2 17
22 20 39 15
22 23 3 1
22 24 7 25
23 6 1 20
23 7 1 14
23 10 84 1
23 11 9 10
23 12 9 16
23 14 1 17
23 18 15 11
23 22 2 15
24 0 55 1
24 1 50 1
24 3 20 1
24 5 22 28
24 8 212 1
24 10 1 18
24 11 212 1
24 15 3 10
24 16 42 1
24 17 1 1
24 23 3 14
24 25 6 1
25 1 1 6
25 3 1 8
25 4 1 22
25 5 27 29
25 7 16 1
25 8 3 24
25 10 1 10
25 11 8 26
25 20 1 7
25 23 17 18
25 27 18 18
26 3 2 3
26 7 4 13
26 20 1 13
26 24 16 3
27 4 1 9
27 6 80 1
27 11 158 2
27 16 3 4
27 18 1 11
27 25 19 12
27 26 75 2
