0 1 89 1
0 2 55 2
0 3 78 1
0 5 3 21
0 6 33 1
0 7 18 5
0 8 5 20
0 9 3 10
0 10 62 1
0 11 208 1
0 15 14 4
0 16 85 1
0 17 19 1
0 18 1 28
0 20 1 7
0 24 84 1
0 27 1 22
1 0 157 1
1 2 51 29
1 3 16 11
1 4 13 29
1 5 95 1
1 6 259 18
1 7 1 11
1 8 10 20
1 9 4 14
1 10 90 21
1 12 54 24
1 16 19 20
1 17 6 29
1 18 1 23
1 19 32 12
1 21 5 17
1 23 1 25
1 24 17 25
1 25 60 5
1 26 48 22
2 1 96 2
2 3 8 18
2 6 4 5
2 7 169 2
2 9 80 1
2 10 25 1
2 11 10 1
2 13 8 17
2 17 1 24
2 20 1 28
3 0 56 1
3 1 79 1
3 2 99 1
3 5 31 1
3 7 203 1
3 8 54 1
3 9 118 13
3 10 2 21
3 11 86 1
3 14 1 1
3 16 85 1
3 17 16 5
3 19 5 6
3 20 2 1
3 24 17 7
3 25 6 2
3 27 16 14
4 0 1 22
4 1 136 3
4 3 18 2
4 5 71 1
4 6 2 14
4 7 32 2
4 8 138 1
4 10 1 27
4 12 11 1
4 16 74 1
4 18 1 4
4 20 1 9
4 27 1 2
5 0 201 1
5 1 176 1
5 3 42 1
5 4 12 20
5 6 188 29
5 8 53 1
5 9 6 4
5 10 270 1
5 12 27 18
5 13 3 15
5 16 132 1
5 20 42 1
5 22 6 1
5 24 99 1
6 1 348 1
6 2 2 16
6 3 121 1
6 4 69 1
6 5 195 1
6 7 5 2
6 8 395 13
6 9 6 25
6 10 142 1
6 12 15 1
6 13 1 9
6 15 110 8
6 17 3 23
6 20 116 1
6 23 1 6
6 24 1 14
7 1 268 1
7 3 41 1
7 5 4 17
7 8 265 1
7 9 10 6
7 10 2 18
7 11 9 8
7 14 122 1
7 15 5 3
7 17 25 1
7 18 3 10
7 22 68 1
7 23 18 21
7 24 176 5
7 25 167 2
8 0 31 1
8 1 343 1
8 2 1 4
8 3 75 1
8 4 151 1
8 5 19 1
8 6 169 1
8 7 4 5
8 9 14 28
8 10 8 19
8 14 92 5
8 15 7 28
8 16 65 1
8 17 98 1
8 19 2 12
8 20 85 1
8 22 38 1
8 23 2 17
8 24 40 1
8 25 7 6
9 0 115 1
9 4 3 1
9 5 313 1
9 6 3 13
9 7 1 3
9 8 49 1
9 10 17 1
9 12 51 1
10 1 3 1
10 2 101 1
10 3 112 1
10 4 5 10
10 5 8 13
10 6 2 16
10 7 5 14
10 8 26 21
10 9 156 26
10 12 249 1
10 14 69 9
10 15 3 20
10 18 2 28
10 19 1 27
10 22 65 2
10 23 1 3
10 25 1 26
10 27 19 8
11 0 119 1
11 3 224 29
11 4 2 10
11 5 4 4
11 6 153 1
11 7 97 1
11 8 145 1
11 10 211 1
11 12 69 2
11 13 43 1
11 14 51 1
11 15 7 16
11 16 71 4
11 17 11 2
11 18 5 27
11 22 38 10
11 25 25 1
12 0 2 15
12 2 1 28
12 4 2 13
12 6 14 14
12 7 19 1
12 8 11 3
12 9 15 4
12 10 5 6
12 11 15 14
12 26 33 5
13 6 7 23
13 7 30 1
13 8 60 15
13 9 1 24
13 10 104 1
13 12 18 14
13 17 8 29
13 22 2 12
13 24 9 14
13 25 6 1
14 1 3 1
14 3 10 12
14 4 89 1
14 5 1 16
14 8 102 27
14 9 11 1
14 10 2 25
14 11 25 1
14 15 1 8
14 17 2 15
14 20 1 23
14 23 12 1
15 2 1 8
15 4 11 4
15 5 1 7
15 6 47 2
15 7 34 2
15 8 126 1
15 9 1 15
15 10 1 22
15 11 240 1
15 14 1 25
15 20 49 1
15 22 1 14
16 0 42 1
16 1 103 1
16 2 37 12
16 3 41 1
16 5 104 1
16 8 36 3
16 11 92 1
16 17 194 1
16 18 1 15
16 23 1 12
16 24 59 1
17 0 13 14
17 1 40 1
17 3 127 18
17 8 1 11
17 9 91 2
17 12 9 5
17 13 1 3
17 15 1 11
17 16 18 1
17 21 1 13
17 27 6 6
18 1 94 1
18 5 16 13
18 6 158 5
18 9 25 3
18 14 2 3
18 16 3 27
19 0 3 14
19 3 1 13
19 5 6 10
19 6 1 11
19 9 61 1
19 13 4 1
19 20 150 1
20 3 79 1
20 7 160 2
20 8 126 1
20 13 27 21
20 14 1 25
20 15 1 7
20 17 1 16
20 19 153 1
20 22 2 3
21 0 33 5
21 8 19 3
21 9 52 1
21 10 1 26
22 2 1 4
22 7 83 2
22 10 9 14
22 12 1 24
22 14 1 8
23 3 5 1
23 4 1 14
23 8 1 17
23 9 62 1
23 10 81 4
23 11 5 3
23 22 2 28
23 24 15 13
23 25 2 3
24 0 24 1
24 1 14 1
24 3 11 1
24 4 45 2
24 5 116 1
24 7 206 2
24 8 160 1
24 11 202 1
24 16 49 5
24 17 55 10
25 3 22 28
25 4 10 9
25 9 1 12
25 11 55 29
25 21 3 17
25 27 6 9
26 0 3 14
26 1 1 28
26 3 2 19
26 14 1 20
26 20 1 27
26 24 17 2
27 1 2 25
27 4 1 24
27 7 5 19
27 9 29 10
27 10 9 17
27 17 25 14
27 26 71 2
