0 1 44 2
0 2 52 1
0 3 34 3
0 4 2 21
0 5 46 1
0 6 256 1
0 7 2 2
0 8 110 1
0 15 13 7
0 16 52 1
0 19 2 9
0 24 43 2
1 0 104 1
1 2 6 1
1 3 176 1
1 4 45 18
1 5 54 1
1 7 4 28
1 8 360 1
1 11 10 4
1 15 15 4
1 16 147 1
1 17 6 20
1 18 1 17
1 20 1 15
1 21 1 23
1 24 40 1
2 1 8 26
2 3 17 20
2 5 4 19
2 6 1 6
2 7 167 1
2 9 78 3
2 10 23 1
2 17 12 13
2 19 3 6
2 20 1 24
2 25 1 17
3 0 14 2
3 1 42 1
3 2 85 1
3 5 22 1
3 6 1 12
3 7 192 1
3 8 82 1
3 11 83 1
3 16 41 1
3 23 9 17
3 24 24 1
3 25 6 3
4 0 1 6
4 2 62 1
4 3 17 4
4 5 61 1
4 6 1 3
4 8 14 11
4 9 24 1
4 14 2 26
4 15 1 23
4 17 6 2
4 18 2 19
4 23 62 27
4 25 65 2
5 0 157 1
5 1 5 16
5 3 49 1
5 4 2 9
5 6 408 1
5 8 67 1
5 9 26 23
5 10 267 1
5 14 1 25
5 16 89 1
5 17 1 23
5 18 16 21
5 20 41 1
5 24 66 1
6 0 1 20
6 1 340 1
6 2 7 20
6 3 44 1
6 4 63 1
6 5 152 15
6 7 2 18
6 8 109 1
6 9 95 23
6 10 134 1
6 12 14 1
6 13 16 3
6 17 6 21
6 24 7 23
6 26 1 20
6 27 5 19
7 0 1 18
7 1 265 2
7 2 19 2
7 3 35 1
7 4 13 29
7 5 1 11
7 8 251 22
7 10 374 1
7 11 102 12
7 12 125 1
7 15 3 22
7 16 10 7
7 18 2 27
7 20 1 10
7 22 67 2
7 25 165 13
7 26 43 1
8 0 20 1
8 1 294 1
8 2 5 29
8 3 221 1
8 4 146 1
8 5 57 1
8 6 106 1
8 7 4 17
8 9 1 15
8 10 9 20
8 11 4 14
8 13 30 22
8 14 2 26
8 15 1 5
8 16 22 1
8 17 97 1
8 19 74 23
8 22 37 3
8 23 7 3
8 24 29 1
9 0 113 3
9 1 166 1
9 4 101 27
9 5 296 6
9 6 13 2
9 7 114 25
9 8 45 1
9 10 13 1
9 12 47 1
9 13 1 23
9 15 5 2
9 18 4 6
9 23 11 16
10 1 1 23
10 2 98 1
10 4 1 18
10 5 11 8
10 6 2 2
10 7 1 3
10 8 3 1
10 9 2 19
10 12 20 2
10 13 138 1
10 14 5 1
10 15 1 28
10 18 1 13
10 21 1 16
11 0 117 2
11 1 2 18
11 5 38 21
11 6 150 1
11 7 76 1
11 8 142 1
11 10 202 1
11 12 68 3
11 13 41 1
11 14 47 1
11 15 1 9
11 16 71 13
11 18 2 12
11 22 1 8
11 25 330 1
11 27 127 26
12 2 11 26
12 3 60 12
12 5 62 1
12 6 1 6
12 7 19 1
12 8 17 23
12 9 84 25
12 10 146 5
12 11 1 21
12 13 11 1
12 14 30 1
13 7 29 1
13 8 2 18
13 9 8 22
13 12 60 17
14 0 3 20
14 8 6 1
14 10 11 26
14 11 22 1
14 20 1 13
14 23 11 4
15 0 29 1
15 3 36 11
15 4 10 8
15 6 47 1
15 7 31 1
15 8 124 2
15 9 2 15
15 10 1 22
15 11 225 1
15 14 1 11
15 23 1 5
15 25 12 6
16 0 14 1
16 1 73 1
16 3 70 1
16 5 61 1
16 8 80 1
16 17 190 1
16 18 1 28
16 24 30 3
17 0 1 15
17 1 36 1
17 3 12 4
17 7 71 1
17 9 90 1
17 11 5 7
17 13 1 16
17 15 1 11
17 16 29 21
17 18 1 17
17 24 1 6
18 0 65 4
18 1 60 1
18 4 6 2
18 5 46 1
18 9 25 1
18 14 2 2
18 16 13 29
18 17 62 1
18 20 14 6
19 0 5 17
19 1 1 6
19 8 3 16
19 10 5 4
19 11 55 4
19 12 14 1
19 20 140 1
20 0 1 10
20 3 77 1
20 7 159 1
20 8 124 2
20 11 137 1
20 12 74 13
20 18 64 6
20 19 144 1
20 24 32 1
21 7 31 2
21 16 1 16
21 19 1 10
21 20 1 24
22 2 1 26
22 8 44 1
22 10 2 24
22 13 3 27
22 16 1 26
23 10 80 1
23 11 1 24
23 14 1 19
23 17 50 2
23 20 1 19
23 26 2 25
24 0 57 1
24 1 16 5
24 2 3 18
24 3 67 1
24 5 72 1
24 8 118 6
24 11 197 1
24 16 13 8
24 18 24 8
24 20 27 14
24 23 1 12
24 25 5 3
24 26 15 1
25 0 26 5
25 3 5 25
25 8 1 9
25 9 1 19
25 10 25 28
25 11 5 26
25 14 26 1
25 17 3 27
25 18 13 2
25 20 1 11
25 27 14 6
26 1 2 15
26 7 4 26
26 11 1 4
26 20 1 2
26 24 17 2
26 27 1 24
27 5 1 7
27 7 87 17
27 8 41 4
27 15 2 5
27 16 2 15
27 26 69 1
