0 1 89 2
0 2 21 1
0 3 54 16
0 5 13 16
0 6 243 24
0 8 30 18
0 10 44 3
0 11 184 2
0 14 57 1
0 16 71 21
0 19 1 16
0 20 1 12
0 24 43 28
0 25 21 1
1 0 61 10
1 2 184 1
1 3 52 2
1 4 95 4
1 5 29 19
1 6 17 1
1 8 14 10
1 9 1 3
1 10 1 10
1 11 214 10
1 13 63 9
1 14 1 1
1 16 13 8
1 17 1 25
1 18 2 2
1 19 2 23
1 21 2 19
1 22 33 3
1 24 52 29
1 25 53 6
2 0 8 23
2 1 1 21
2 3 2 4
2 5 4 12
2 6 5 16
2 7 145 1
2 8 123 1
2 10 4 5
2 12 5 10
2 22 5 15
2 24 3 22
2 27 1 6
3 0 28 9
3 1 31 3
3 5 27 6
3 7 76 1
3 8 15 4
3 10 3 11
3 11 44 1
3 16 13 17
3 20 1 1
3 24 28 21
4 1 138 1
4 2 35 1
4 3 6 6
4 5 17 1
4 6 7 22
4 9 2 2
4 10 19 14
4 11 156 1
4 15 62 18
4 17 14 20
4 22 1 10
5 0 211 3
5 1 61 4
5 3 28 9
5 4 3 2
5 6 193 1
5 8 40 9
5 9 3 13
5 12 1 8
5 16 182 9
5 17 1 16
5 20 36 1
5 24 13 9
6 0 23 1
6 1 390 1
6 2 2 15
6 3 25 1
6 4 12 1
6 5 106 1
6 7 4 25
6 8 113 1
6 9 161 26
6 10 51 1
6 14 1 9
6 19 84 3
6 23 11 10
6 24 1 3
6 27 1 21
7 0 1 16
7 1 232 1
7 4 1 21
7 5 59 21
7 6 1 23
7 8 41 1
7 9 1 24
7 10 334 1
7 11 7 6
7 12 121 3
7 13 6 8
7 14 111 1
7 23 4 15
7 24 9 1
7 25 53 1
7 27 82 2
8 0 13 11
8 1 24 2
8 2 11 29
8 3 24 20
8 4 92 1
8 5 48 26
8 6 132 1
8 7 38 20
8 9 8 15
8 10 6 22
8 11 10 23
8 13 1 15
8 14 1 4
8 16 13 27
8 17 75 1
8 20 67 1
8 24 26 22
8 26 44 2
9 0 106 2
9 1 131 1
9 2 1 28
9 4 56 2
9 5 104 1
9 6 9 8
9 10 4 20
9 12 8 1
9 17 7 26
9 26 12 16
10 0 200 2
10 1 1 20
10 2 79 1
10 3 126 1
10 4 1 17
10 5 3 11
10 6 9 28
10 7 2 10
10 8 121 26
10 9 208 23
10 11 211 1
10 13 85 1
10 14 7 11
10 15 59 4
10 18 1 5
10 21 20 11
10 22 49 3
10 23 1 1
10 24 1 7
11 2 75 1
11 4 5 6
11 5 61 26
11 6 41 1
11 7 2 12
11 8 116 1
11 10 31 1
11 13 23 3
11 14 14 1
11 15 19 1
11 16 81 15
11 19 1 18
11 22 51 20
11 24 2 13
11 25 239 1
11 26 74 1
11 27 1 5
12 0 1 23
12 5 46 1
12 8 1 12
12 9 2 15
12 11 1 24
12 16 57 9
12 21 1 20
12 22 1 16
12 27 1 28
13 3 21 23
13 4 1 20
13 7 19 2
13 8 2 20
13 9 1 24
13 11 1 11
13 12 3 11
14 4 82 2
14 6 105 1
14 8 113 4
14 10 25 24
14 15 2 26
14 20 41 21
14 24 2 11
15 2 1 1
15 5 1 21
15 6 36 3
15 7 189 1
15 9 21 9
15 10 1 27
15 11 107 1
15 14 8 8
15 17 44 1
15 27 16 4
16 0 13 23
16 1 51 9
16 2 1 21
16 3 12 25
16 4 5 1
16 5 14 9
16 8 13 7
16 11 89 1
16 17 132 1
16 18 4 1
16 20 6 15
16 24 13 11
17 0 1 12
17 1 2 3
17 2 88 2
17 4 64 25
17 5 1 15
17 6 1 4
17 7 56 1
17 8 3 4
17 9 77 4
17 10 37 16
17 11 1 24
17 12 3 9
17 15 24 7
17 16 14 7
17 18 1 16
17 19 1 26
17 24 4 29
18 5 12 1
18 7 41 1
18 9 16 1
18 11 1 9
18 16 2 22
18 17 47 2
19 0 4 19
19 1 2 21
19 3 17 5
19 4 84 5
19 8 1 6
19 17 92 9
19 20 40 1
20 0 1 28
20 2 30 20
20 3 51 1
20 4 2 12
20 5 1 12
20 7 138 2
20 8 107 1
20 11 124 1
20 13 40 27
20 15 5 1
20 17 9 1
20 19 64 1
20 23 6 19
20 26 28 3
21 4 61 5
21 8 16 1
21 10 59 11
21 11 69 6
21 18 22 3
21 23 6 2
21 24 1 23
22 1 1 11
22 3 6 6
22 4 15 1
22 6 5 2
22 8 35 2
22 14 2 2
22 16 1 14
22 24 1 7
22 27 1 11
23 0 20 1
23 11 2 17
23 18 2 10
23 22 1 25
23 25 1 2
23 26 2 2
24 0 28 17
24 1 36 17
24 3 13 2
24 5 73 22
24 8 34 6
24 9 20 1
24 11 153 1
24 14 4 8
24 16 38 19
24 22 7 17
24 23 5 16
24 25 2 10
25 0 21 1
25 1 6 16
25 2 1 25
25 7 238 2
25 8 13 1
25 9 67 16
25 11 68 14
25 22 1 16
25 23 1 18
25 27 25 17
26 3 12 1
26 14 18 3
26 20 1 2
26 24 13 3
27 1 65 3
27 5 10 21
27 7 1 29
27 8 34 2
27 11 152 2
