0 1 14 2
0 2 19 1
0 3 25 4
0 5 32 5
0 6 25 2
0 8 34 4
0 10 43 2
0 11 182 2
0 16 11 20
0 17 4 5
0 19 10 26
0 20 1 22
0 24 11 25
1 0 11 27
1 2 148 4
1 3 16 11
1 4 98 24
1 5 12 10
1 6 12 1
1 7 2 15
1 8 37 29
1 9 3 10
1 10 2 15
1 14 3 12
1 16 32 26
1 17 2 17
1 19 20 20
1 24 32 24
2 0 2 22
2 1 179 19
2 3 3 1
2 4 1 3
2 5 6 1
2 6 1 18
2 7 106 1
2 8 117 1
2 9 62 4
2 11 1 1
2 12 6 29
2 14 13 2
2 17 4 13
2 20 5 4
2 27 3 4
3 0 42 10
3 1 44 1
3 5 12 10
3 7 68 1
3 8 121 28
3 10 1 25
3 11 42 1
3 14 10 19
3 16 31 12
3 17 17 21
3 18 53 2
3 19 1 9
3 24 24 24
4 0 1 11
4 1 132 1
4 2 33 1
4 5 14 1
4 6 2 16
4 8 1 25
4 9 1 3
4 10 1 10
4 12 3 1
4 13 34 1
4 14 2 7
4 15 1 19
4 16 56 1
4 17 235 2
5 0 11 17
5 1 85 25
5 2 31 2
5 3 12 26
5 4 11 21
5 6 147 1
5 8 14 9
5 9 3 16
5 10 222 1
5 11 134 1
5 12 76 22
5 13 2 2
5 14 1 17
5 16 11 24
5 17 3 8
5 24 11 12
6 0 21 1
6 1 378 1
6 2 2 1
6 3 23 1
6 5 118 1
6 7 1 20
6 8 46 2
6 9 4 26
6 10 46 1
6 11 1 17
6 14 1 9
6 16 36 2
6 17 1 5
6 21 11 2
6 24 3 16
6 25 86 2
6 26 1 19
7 0 3 23
7 1 229 1
7 4 31 22
7 6 2 28
7 8 25 1
7 9 1 5
7 10 330 1
7 11 6 2
7 13 1 23
7 15 4 25
7 16 8 28
7 21 5 11
7 22 57 2
7 23 3 6
7 25 50 1
7 27 81 1
8 0 12 7
8 1 78 29
8 2 3 2
8 3 10 11
8 4 87 1
8 5 80 26
8 6 133 1
8 7 7 29
8 10 6 29
8 11 5 27
8 13 2 29
8 14 2 11
8 16 53 29
8 17 73 2
8 18 4 2
8 20 66 1
8 22 28 2
8 23 4 29
8 24 24 7
8 27 1 22
9 1 128 1
9 2 1 12
9 3 1 7
9 4 106 15
9 5 86 1
9 6 3 15
9 7 3 19
9 8 7 2
9 10 4 25
9 12 7 1
9 13 1 26
9 15 44 27
10 1 6 2
10 2 75 1
10 4 40 9
10 5 58 17
10 6 30 6
10 7 4 19
10 8 46 26
10 9 160 9
10 11 206 1
10 12 239 1
10 13 83 2
10 14 63 5
10 15 241 21
10 16 98 1
10 21 2 12
10 23 5 26
10 25 3 10
11 0 90 1
11 3 13 12
11 4 1 12
11 7 5 5
11 8 111 1
11 10 22 1
11 12 54 4
11 14 12 1
11 15 89 1
11 19 1 22
11 20 11 12
11 22 1 6
11 25 228 1
11 26 73 2
11 27 129 4
12 1 25 18
12 2 17 24
12 5 44 1
12 7 11 3
12 8 9 14
12 9 87 4
12 11 29 28
12 15 3 6
12 17 57 20
12 21 4 24
12 24 1 12
13 1 15 1
13 4 2 22
13 8 1 1
14 3 1 6
14 6 103 2
14 8 112 1
14 10 27 7
14 15 1 22
14 20 1 28
14 22 8 2
14 25 26 3
15 0 22 6
15 1 1 16
15 5 4 23
15 7 185 1
15 8 105 2
15 11 92 1
15 14 3 21
15 20 44 1
15 22 3 9
15 23 1 11
15 26 2 3
15 27 16 1
16 0 34 17
16 1 11 26
16 2 1 19
16 3 37 5
16 5 114 21
16 8 11 14
16 12 69 3
16 17 128 1
16 18 16 23
16 24 33 16
16 26 1 11
17 0 59 6
17 1 1 3
17 3 121 1
17 4 1 1
17 5 1 25
17 6 6 7
17 8 4 1
17 9 76 4
17 10 44 1
17 16 250 1
17 19 18 1
17 21 1 4
17 22 5 23
17 23 1 19
17 24 1 9
17 26 2 22
17 27 30 22
18 0 54 4
18 1 83 2
18 10 94 3
18 16 15 8
18 17 46 1
18 21 1 7
18 23 1 22
18 26 17 2
19 0 8 25
19 1 3 10
19 16 4 9
19 20 34 1
19 21 1 23
20 0 3 20
20 3 49 2
20 5 1 1
20 7 136 1
20 10 1 28
20 11 123 2
20 12 71 1
20 14 19 16
20 15 4 12
20 17 70 7
20 19 54 1
20 21 1 12
21 15 1 12
21 23 5 15
22 6 20 21
22 8 34 5
22 10 2 10
22 11 119 27
22 17 35 7
23 10 65 1
23 11 18 17
23 20 9 16
23 22 2 3
24 0 11 2
24 1 45 28
24 3 11 25
24 5 12 12
24 6 13 1
24 7 189 2
24 8 150 3
24 10 5 8
24 11 147 1
24 15 1 2
24 16 37 12
24 18 1 28
24 20 1 10
24 23 6 4
24 26 8 6
25 0 20 2
25 2 1 4
25 3 22 9
25 7 236 2
25 8 15 5
25 11 98 26
25 12 2 11
25 16 1 2
25 18 11 16
26 3 3 2
26 6 1 18
26 7 4 5
26 11 3 22
26 14 17 21
26 24 12 7
26 27 1 13
27 2 8 6
27 19 9 11
27 20 52 9
27 25 10 3
27 26 47 1
