0 1 23 26
0 3 7 21
0 4 1 3
0 5 76 11
0 6 21 2
0 8 137 17
0 11 178 1
0 16 6 3
0 18 2 11
0 19 5 14
0 20 2 19
0 24 31 18
1 0 151 12
1 2 128 1
1 3 341 27
1 4 21 17
1 5 71 4
1 6 180 1
1 7 2 1
1 8 25 7
1 9 1 9
1 10 15 29
1 14 20 19
1 15 9 9
1 16 6 1
1 17 9 4
1 19 3 3
1 23 2 11
1 24 6 16
2 0 1 27
2 3 1 29
2 5 4 29
2 6 1 22
2 7 99 1
2 8 111 1
2 10 2 1
2 14 12 1
2 15 25 7
2 16 59 9
2 20 1 9
3 0 185 9
3 1 7 20
3 2 1 29
3 4 1 17
3 5 124 15
3 6 2 18
3 7 53 1
3 8 49 5
3 11 36 2
3 16 7 27
3 17 8 3
3 18 52 2
3 20 162 6
3 22 3 8
3 23 4 20
3 24 45 7
3 25 2 14
4 0 2 1
4 1 118 1
4 5 7 1
4 6 2 3
4 7 14 3
4 8 218 17
4 10 3 3
4 13 33 1
4 17 233 1
4 18 26 24
4 20 2 28
5 0 15 14
5 1 5 2
5 3 82 1
5 4 8 18
5 6 92 1
5 7 1 29
5 8 35 15
5 9 3 2
5 10 213 1
5 12 11 17
5 16 78 13
5 17 55 8
5 18 6 3
5 19 1 25
5 22 11 19
5 24 7 20
6 1 366 1
6 2 1 9
6 3 103 1
6 4 6 1
6 5 95 1
6 7 14 28
6 8 51 1
6 9 2 3
6 10 36 1
6 11 3 17
6 16 35 1
6 17 1 19
6 19 82 1
6 23 1 26
6 24 1 13
6 27 5 1
7 1 223 1
7 3 1 26
7 5 1 1
7 6 1 2
7 8 65 1
7 10 322 1
7 11 390 8
7 13 1 15
7 23 51 4
7 24 4 1
7 25 44 1
8 0 48 21
8 1 5 6
8 2 3 9
8 3 75 6
8 4 79 1
8 5 40 17
8 6 66 1
8 7 43 26
8 9 1 12
8 10 26 26
8 11 1 4
8 13 4 2
8 15 1 6
8 16 7 26
8 17 70 1
8 18 111 2
8 19 1 27
8 22 27 2
8 23 1 19
8 24 65 18
8 25 1 15
9 1 122 1
9 2 2 15
9 3 1 9
9 4 4 1
9 5 32 1
9 6 3 23
9 10 6 28
9 12 3 1
9 13 2 24
9 16 25 18
9 17 82 17
9 19 50 3
9 20 17 2
9 24 1 9
9 25 69 1
9 27 14 8
10 1 1 10
10 2 77 1
10 4 1 8
10 5 1 17
10 6 95 19
10 7 2 21
10 8 161 1
10 9 6 8
10 11 19 1
10 12 235 2
10 13 79 2
10 14 1 19
10 20 1 24
10 21 1 17
10 25 1 6
10 26 12 9
11 1 185 11
11 2 68 2
11 3 210 29
11 5 1 16
11 6 31 1
11 7 19 5
11 8 189 1
11 10 162 1
11 12 52 1
11 14 8 1
11 15 84 1
11 19 1 18
11 22 23 18
11 23 1 12
11 24 1 2
11 25 208 1
11 27 1 28
12 1 2 25
12 2 1 22
12 7 10 1
12 8 23 8
12 9 194 19
12 11 3 15
12 15 3 6
12 16 57 2
12 18 15 7
12 21 1 2
12 22 1 8
12 24 40 9
13 7 16 3
13 8 1 17
13 10 83 1
13 24 1 28
14 0 1 8
14 6 100 3
14 8 107 1
14 9 1 2
14 10 3 1
14 12 14 3
14 15 17 27
14 18 31 11
14 20 1 29
14 26 14 9
15 0 21 6
15 2 1 23
15 3 30 3
15 7 176 1
15 8 102 3
15 10 1 26
15 11 63 1
15 16 24 19
15 24 28 21
15 27 15 15
16 0 6 7
16 1 36 2
16 2 43 16
16 3 53 1
16 5 7 16
16 8 6 4
16 15 3 19
16 17 118 1
16 18 1 3
16 24 228 2
16 27 26 12
17 0 61 14
17 3 119 1
17 5 4 15
17 6 8 4
17 10 1 6
17 11 4 8
17 14 2 21
17 16 10 7
17 18 1 23
18 4 1 12
18 6 151 3
18 9 14 1
18 10 93 1
18 16 18 5
18 17 43 3
18 22 19 4
19 0 9 19
19 1 9 18
19 2 17 6
19 8 2 7
19 20 24 1
20 0 1 5
20 3 45 1
20 4 13 4
20 5 2 5
20 7 133 1
20 9 88 4
20 11 121 1
20 14 2 29
20 17 3 15
20 19 45 1
20 22 3 26
21 1 1 16
21 4 61 16
21 11 68 9
21 12 1 12
21 25 8 20
21 26 10 1
22 2 2 28
22 7 72 1
22 10 1 9
22 12 1 23
22 17 35 1
22 27 3 26
23 0 20 2
23 7 7 13
23 8 1 15
23 10 63 1
23 11 1 24
23 20 1 18
24 0 6 13
24 1 6 13
24 3 6 25
24 5 6 11
24 7 186 2
24 8 6 3
24 10 5 12
24 11 137 1
24 12 1 27
24 16 6 22
24 18 3 16
24 25 1 16
25 4 1 7
25 5 27 3
25 7 232 2
25 11 14 23
25 12 1 17
25 17 3 17
25 27 2 29
26 11 2 3
26 17 1 3
26 22 9 17
26 27 3 25
27 4 3 18
27 7 2 6
27 8 33 1
27 9 24 1
27 10 1 8
27 11 147 2
27 16 5 28
27 25 8 2
27 26 43 1
