0 1 25 1
0 3 20 1
0 5 14 8
0 6 241 1
0 8 113 1
0 16 70 1
0 19 3 11
0 20 3 26
0 24 162 26
0 25 18 1
0 26 33 1
1 0 58 25
1 3 69 4
1 4 262 23
1 5 4 25
1 6 335 1
1 7 1 22
1 8 7 1
1 9 1 5
1 10 1 26
1 13 61 3
1 14 1 23
1 16 130 2
1 17 1 19
1 18 4 22
1 19 1 12
1 20 11 21
1 24 85 8
2 0 2 25
2 3 6 1
2 4 1 28
2 5 2 14
2 6 2 23
2 7 139 1
2 8 166 1
2 9 55 3
2 13 7 4
2 17 21 3
2 20 1 7
2 24 4 24
2 25 1 20
3 0 7 1
3 1 251 1
3 2 2 18
3 4 3 14
3 5 209 1
3 6 1 8
3 7 30 1
3 8 111 1
3 9 114 1
3 10 1 13
3 11 27 2
3 14 1 29
3 15 9 2
3 16 57 1
3 18 51 1
3 24 65 26
4 0 1 9
4 1 407 1
4 3 3 1
4 6 2 26
4 8 3 8
4 10 1 14
4 11 149 2
4 16 48 3
4 20 2 27
4 23 62 3
4 27 1 13
5 0 49 1
5 1 32 23
5 3 71 1
5 4 17 21
5 6 11 1
5 8 56 1
5 9 3 8
5 10 198 1
5 12 47 15
5 14 1 16
5 16 251 18
5 17 15 27
5 20 32 3
5 24 88 1
5 25 1 24
5 26 6 7
6 0 12 3
6 1 321 1
6 2 23 13
6 3 93 1
6 5 223 1
6 7 1 15
6 8 232 1
6 9 2 26
6 10 20 1
6 11 8 2
6 13 5 1
6 17 13 27
6 23 1 2
6 27 1 5
7 0 4 1
7 1 211 1
7 3 1 25
7 4 3 26
7 5 35 14
7 6 1 14
7 8 53 1
7 9 7 29
7 10 306 1
7 11 27 15
7 12 33 25
7 13 3 22
7 14 33 2
7 17 10 1
7 20 2 20
7 23 1 22
7 24 160 2
7 27 78 2
8 0 96 1
8 1 22 3
8 2 3 14
8 3 17 1
8 4 65 1
8 5 174 1
8 6 2 1
8 7 2 15
8 9 385 1
8 10 25 21
8 11 2 8
8 13 105 10
8 14 118 14
8 15 1 22
8 16 7 21
8 17 63 1
8 18 51 2
8 24 18 1
8 25 3 6
9 0 98 1
9 1 111 1
9 2 2 27
9 3 1 12
9 4 1 20
9 5 55 1
9 6 7 19
9 10 4 12
9 11 3 19
9 14 1 12
9 17 1 12
9 22 25 1
9 26 1 4
9 27 13 3
10 2 73 1
10 3 88 3
10 4 1 25
10 5 1 8
10 6 2 11
10 7 1 6
10 8 325 1
10 9 41 1
10 11 266 1
10 12 8 1
10 14 1 11
10 18 1 22
10 22 41 3
10 23 1 20
10 25 1 15
10 26 77 25
11 2 61 1
11 3 4 4
11 4 3 13
11 6 127 1
11 7 17 18
11 8 101 1
11 9 3 20
11 10 2 1
11 12 49 1
11 13 15 2
11 14 3 1
11 15 250 1
11 19 1 11
11 20 31 20
11 22 1 7
11 23 3 21
11 24 6 10
11 25 172 1
11 27 24 19
12 0 1 8
12 1 4 3
12 4 2 20
12 5 73 3
12 8 11 2
12 9 6 24
12 10 8 2
12 11 8 12
12 18 1 7
12 22 2 9
13 1 13 2
13 7 14 1
13 8 1 3
13 9 1 12
13 10 63 1
13 20 16 7
13 22 2 10
14 0 73 27
14 4 78 6
14 6 95 1
14 7 6 3
14 8 89 2
14 10 3 27
14 13 2 21
14 15 2 13
14 24 2 1
15 0 20 1
15 2 7 11
15 5 4 17
15 6 31 1
15 7 169 1
15 8 97 1
15 9 1 12
15 10 8 29
15 11 47 1
15 14 2 15
15 17 42 1
15 20 42 1
15 27 14 21
16 0 26 21
16 1 8 6
16 3 55 1
16 5 6 22
16 8 4 13
16 9 1 7
16 17 101 1
16 18 16 26
16 24 32 15
16 26 2 10
16 27 1 16
17 0 1 25
17 3 117 1
17 4 183 3
17 5 16 18
17 6 2 6
17 8 5 24
17 11 1 15
17 13 1 20
17 16 2 9
17 21 1 28
17 22 5 22
17 27 1 13
18 0 49 1
18 1 45 1
18 5 34 1
18 6 147 1
18 10 90 1
18 13 1 10
18 16 1 7
18 20 9 5
19 0 1 21
19 1 9 9
19 3 1 9
19 11 44 1
19 17 91 1
19 20 8 1
19 21 1 18
19 27 2 18
20 0 67 11
20 1 1 5
20 2 2 7
20 6 1 4
20 7 126 2
20 8 97 2
20 11 117 1
20 13 40 20
20 14 1 2
20 17 25 29
20 19 71 1
20 23 7 11
20 24 26 5
20 25 35 5
20 26 27 2
20 27 42 5
21 11 67 1
21 23 5 3
22 6 2 5
22 8 31 1
22 9 53 1
22 10 75 6
22 11 5 25
22 12 8 18
23 5 1 16
23 6 1 29
23 7 11 10
23 8 1 8
23 10 59 2
23 11 1 2
23 22 3 21
23 24 30 27
24 0 43 13
24 1 162 1
24 2 1 21
24 3 61 1
24 5 67 1
24 8 10 26
24 9 17 4
24 10 2 1
24 11 118 1
24 15 1 25
24 16 95 1
25 0 17 7
25 8 1 17
25 9 1 21
25 10 7 28
25 11 2 16
25 12 37 15
25 13 13 2
25 15 5 1
25 20 12 5
25 21 3 22
26 7 104 1
26 12 36 22
26 20 20 18
26 23 2 7
26 27 2 26
27 1 64 12
27 5 1 7
27 8 30 5
27 13 1 23
27 25 30 22
27 26 35 2
