0 1 52 9
0 3 82 1
0 5 59 1
0 6 231 1
0 8 30 7
0 10 32 1
0 11 163 1
0 16 101 8
0 19 1 28
0 20 3 28
0 24 103 2
1 0 45 1
1 2 78 1
1 3 66 1
1 4 10 21
1 5 121 1
1 6 161 1
1 7 2 27
1 8 416 6
1 10 1 9
1 11 5 9
1 12 108 1
1 13 60 1
1 14 1 3
1 16 121 2
1 18 1 15
1 24 20 11
1 25 47 5
2 0 9 19
2 1 21 6
2 3 32 15
2 6 1 28
2 7 121 1
2 8 110 16
2 9 50 4
2 15 24 5
2 17 11 23
2 20 1 10
2 23 1 6
2 27 2 2
3 0 28 1
3 1 207 1
3 2 10 12
3 5 84 16
3 6 5 24
3 7 12 1
3 8 56 1
3 10 1 26
3 14 24 8
3 16 48 1
3 17 32 13
3 19 1 13
3 20 162 1
3 23 1 7
3 24 111 1
3 25 1 7
3 27 12 2
4 0 1 24
4 1 381 1
4 2 17 1
4 3 1 4
4 6 2 2
4 8 3 16
4 11 144 1
4 16 44 1
4 19 96 5
4 27 1 19
5 0 14 12
5 1 149 1
5 3 19 1
5 4 44 20
5 6 3 6
5 7 1 22
5 8 204 2
5 9 132 7
5 10 180 1
5 14 1 16
5 16 46 1
5 18 5 15
5 20 31 1
5 23 17 26
5 24 50 1
6 0 7 1
6 1 272 1
6 2 1 22
6 3 14 1
6 5 66 1
6 7 6 18
6 8 14 1
6 9 1 11
6 10 8 1
6 11 1 13
6 14 5 8
6 15 101 1
6 17 5 24
6 19 78 1
6 21 8 13
6 22 69 9
6 25 79 2
7 0 2 11
7 3 3 24
7 4 2 19
7 5 93 3
7 6 8 14
7 8 127 1
7 10 288 1
7 11 3 27
7 18 1 14
7 20 1 14
7 21 1 12
7 23 1 8
7 24 152 1
7 25 39 1
7 27 12 3
8 0 48 1
8 1 213 1
8 2 3 7
8 3 216 8
8 4 51 1
8 5 73 1
8 6 5 14
8 7 21 28
8 10 396 12
8 11 1 5
8 13 1 3
8 14 1 27
8 15 1 29
8 16 21 1
8 17 57 1
8 20 53 2
8 24 59 1
9 0 92 1
9 1 99 1
9 3 2 19
9 4 14 28
9 5 16 1
9 6 30 3
9 10 9 25
9 13 1 12
9 20 14 4
9 21 51 2
9 24 1 26
9 26 2 5
9 27 12 1
10 1 1 5
10 2 58 1
10 3 122 1
10 4 2 20
10 6 2 6
10 7 12 22
10 8 318 19
10 9 410 1
10 11 253 1
10 12 227 2
10 13 71 1
10 16 95 2
10 17 1 23
10 23 1 25
10 26 14 29
11 0 70 2
11 2 53 1
11 3 208 1
11 4 13 25
11 5 19 16
11 6 118 1
11 7 23 28
11 8 78 1
11 9 1 6
11 10 106 1
11 12 45 1
11 15 125 1
11 20 132 29
11 22 8 15
11 24 1 12
11 25 133 1
11 26 64 2
11 27 3 24
12 1 1 10
12 4 3 10
12 5 66 2
12 7 7 3
12 8 4 25
12 10 124 3
12 11 3 11
12 14 8 4
12 19 1 21
12 22 1 29
13 3 21 20
13 7 11 3
13 9 2 6
13 12 4 28
13 14 1 28
13 19 1 1
13 21 9 24
13 24 1 2
14 0 1 27
14 6 89 1
14 8 80 1
14 10 18 5
14 11 1 8
14 13 1 2
14 15 5 20
14 17 2 2
14 18 30 5
14 22 5 1
15 6 28 1
15 7 151 1
15 8 91 1
15 9 1 4
15 10 3 1
15 11 14 1
15 13 1 9
15 14 15 27
15 18 32 26
15 24 27 26
15 25 27 1
16 0 21 1
16 1 48 1
16 2 1 22
16 3 4 13
16 5 4 18
16 6 1 10
16 8 72 1
16 11 87 3
16 17 84 1
16 20 6 7
16 24 4 1
16 27 1 24
17 0 2 13
17 2 3 18
17 4 242 2
17 6 1 12
17 8 3 14
17 10 1 11
17 11 7 13
17 13 30 2
17 14 27 9
17 15 7 8
17 16 242 21
17 18 30 9
17 19 2 12
17 24 3 10
17 27 1 2
18 1 41 1
18 4 2 17
18 15 5 11
18 16 3 4
18 27 4 2
19 0 1 10
19 1 1 13
19 3 2 16
20 1 1 20
20 5 2 7
20 7 119 2
20 8 91 1
20 11 112 1
20 19 42 1
20 25 34 1
20 27 42 4
21 1 1 8
21 14 12 1
21 15 2 28
22 7 67 1
22 12 1 11
22 16 2 4
22 24 12 10
22 25 1 24
22 27 1 16
23 5 1 13
23 8 1 11
23 10 55 1
23 11 24 1
23 12 1 23
23 14 1 23
23 20 38 18
23 26 1 22
24 0 56 1
24 1 280 1
24 3 138 1
24 4 37 1
24 5 86 1
24 7 173 1
24 8 184 1
24 11 98 1
24 15 1 23
24 16 115 1
24 17 50 3
24 26 5 1
25 0 16 1
25 2 1 7
25 4 4 15
25 5 3 24
25 7 213 1
25 8 2 23
25 10 1 9
25 11 6 27
25 13 13 1
25 17 2 16
25 18 10 6
25 20 2 22
25 22 1 9
26 1 44 8
26 3 3 8
26 4 1 6
26 11 6 23
26 17 39 22
26 19 5 1
26 27 6 10
27 24 22 7
