0 1 8 15
0 3 12 9
0 4 168 1
0 5 10 29
0 6 33 1
0 7 167 1
0 8 8 22
0 9 144 2
0 10 3 2
0 14 3 26
0 16 9 11
0 18 28 1
0 20 1 1
0 24 18 23
1 0 10 8
1 2 299 1
1 3 10 6
1 5 28 27
1 6 6 10
1 7 219 1
1 8 9 18
1 10 219 2
1 11 5 4
1 16 10 1
1 17 2 13
1 18 98 1
1 20 1 16
1 23 23 8
1 24 44 19
1 25 3 26
2 0 2 2
2 1 4 6
2 3 34 17
2 5 1 9
2 6 63 11
2 7 228 1
2 8 7 2
2 9 3 24
2 10 3 29
2 17 172 4
2 19 23 9
2 22 1 10
2 26 19 2
2 27 5 4
3 0 18 3
3 1 11 19
3 2 3 1
3 5 29 13
3 6 12 26
3 7 5 22
3 8 12 28
3 10 1 23
3 15 6 15
3 16 10 7
3 17 109 1
3 18 2 17
3 19 36 1
3 24 10 27
4 1 158 28
4 2 2 23
4 3 9 21
4 5 4 2
4 6 1 29
4 8 341 1
4 9 1 15
4 10 272 1
4 11 3 5
4 16 9 29
4 18 14 24
5 0 15 27
5 1 10 15
5 3 10 22
5 4 296 1
5 6 83 24
5 7 5 3
5 8 10 4
5 10 157 1
5 12 138 1
5 16 19 27
5 17 58 1
5 24 9 17
6 0 4 10
6 1 289 29
6 2 1 12
6 3 7 2
6 4 81 1
6 5 17 13
6 7 1 20
6 8 175 1
6 9 3 2
6 10 154 1
6 12 11 17
6 15 8 11
6 17 210 1
6 22 1 28
6 24 48 2
6 25 1 22
7 0 10 3
7 3 2 1
7 4 94 2
7 6 1 14
7 8 31 25
7 9 28 1
7 10 42 2
7 11 17 6
7 13 39 3
7 17 1 3
7 18 1 2
7 20 200 1
7 22 3 9
7 25 93 1
7 26 1 2
8 0 10 9
8 1 8 11
8 2 371 11
8 3 8 7
8 4 1 13
8 5 18 8
8 6 1 1
8 9 409 1
8 10 33 20
8 11 3 28
8 13 87 1
8 14 226 2
8 16 10 10
8 17 1 16
8 18 2 4
8 20 160 18
8 22 1 23
8 24 10 27
8 25 94 3
8 27 79 2
9 0 2 23
9 1 2 13
9 3 101 2
9 4 27 20
9 5 72 24
9 6 251 1
9 7 22 1
9 10 350 1
9 11 6 28
9 12 66 1
9 14 2 11
9 17 5 8
9 21 3 15
9 22 1 23
9 25 1 4
10 0 2 6
10 1 225 2
10 2 39 2
10 6 13 2
10 8 139 27
10 9 1 10
10 11 3 6
10 14 17 1
10 17 152 1
10 18 52 3
10 21 4 4
10 22 1 8
10 25 1 3
10 26 2 9
11 0 12 10
11 1 29 2
11 2 1 5
11 3 117 1
11 4 75 1
11 6 1 6
11 7 6 1
11 8 63 1
11 10 178 1
11 12 8 1
11 14 9 1
11 15 63 1
11 18 1 16
11 20 1 14
11 23 124 10
11 25 7 14
11 26 6 7
11 27 81 1
12 0 2 9
12 1 5 1
12 3 1 20
12 6 37 1
12 9 1 20
12 10 40 1
12 20 1 23
12 21 34 1
12 27 1 11
13 5 22 15
13 8 89 1
13 10 51 1
13 11 1 16
13 12 1 24
13 18 14 4
13 20 48 23
13 21 1 25
14 1 104 2
14 6 2 24
14 8 60 1
14 9 5 16
14 10 277 1
14 12 1 7
14 15 5 11
14 17 26 2
14 18 1 19
14 27 24 26
15 3 1 6
15 6 5 16
15 7 181 1
15 8 1 21
15 9 28 1
15 10 6 27
15 11 21 1
15 25 11 5
16 0 21 13
16 1 9 21
16 3 9 15
16 5 9 4
16 8 9 13
16 17 77 1
16 24 19 8
17 0 232 1
17 1 26 1
17 2 16 1
17 3 3 8
17 5 31 4
17 7 7 11
17 9 1 14
17 10 31 1
17 11 69 3
17 12 18 1
17 16 258 1
17 19 24 3
18 1 3 27
18 2 61 1
18 3 1 26
18 6 4 9
18 11 14 1
18 12 78 1
18 16 1 29
18 24 1 28
18 25 2 1
19 0 1 9
19 1 1 9
19 3 38 2
19 6 102 9
19 9 1 4
19 14 10 1
19 20 14 9
20 0 228 2
20 2 82 2
20 3 1 13
20 4 20 1
20 5 1 1
20 7 88 15
20 8 1 23
20 11 1 4
20 19 2 12
20 27 1 6
21 4 2 8
21 9 1 27
21 13 7 3
21 14 1 25
21 15 2 3
22 5 1 20
22 7 1 9
22 8 1 15
22 9 1 13
22 10 64 1
22 14 19 2
22 15 8 7
22 24 8 17
23 4 17 15
23 8 75 2
23 9 23 26
23 10 1 10
23 11 159 1
23 13 1 26
23 15 2 26
23 21 10 5
23 22 17 5
23 27 14 15
24 0 10 12
24 1 10 16
24 3 10 26
24 4 1 6
24 5 19 11
24 8 9 6
24 11 166 1
24 14 1 24
24 16 10 3
24 17 1 15
24 22 1 23
24 23 1 24
24 25 1 14
25 3 6 4
25 7 138 1
25 8 117 2
25 10 66 1
25 11 67 1
25 13 1 11
25 17 15 12
25 27 2 13
26 1 2 4
26 7 1 2
26 24 1 9
26 27 12 1
27 1 2 4
27 4 13 15
27 11 1 28
27 15 2 8
27 19 1 12
27 25 61 5
