0 1 13 9
0 3 16 6
0 4 3 10
0 5 17 24
0 6 216 1
0 7 332 2
0 8 10 16
0 9 1 13
0 10 20 4
0 11 139 1
0 14 48 1
0 16 9 18
0 18 1 25
0 19 12 10
0 20 1 19
0 24 10 23
0 25 11 10
1 0 14 27
1 2 17 1
1 3 16 28
1 4 16 19
1 5 11 6
1 6 261 1
1 7 4 20
1 8 10 19
1 9 10 22
1 10 99 10
1 11 216 13
1 15 4 1
1 16 9 17
1 18 6 11
1 19 67 4
1 20 5 2
1 22 27 1
1 23 2 5
1 24 50 4
1 25 41 2
2 0 1 24
2 1 300 1
2 3 53 24
2 4 3 7
2 6 1 17
2 7 60 1
2 8 87 1
2 11 1 21
2 17 5 8
2 20 1 26
2 25 1 21
2 26 13 2
2 27 3 26
3 0 18 12
3 1 9 3
3 2 3 10
3 4 5 7
3 5 11 3
3 6 9 23
3 8 10 15
3 9 107 2
3 10 3 23
3 13 1 13
3 16 10 14
3 17 1 25
3 19 4 19
3 20 23 1
3 24 10 9
3 27 9 14
4 0 1 1
4 1 311 1
4 5 6 25
4 6 2 15
4 8 1 5
4 9 1 15
4 10 1 6
4 11 132 1
4 17 221 1
4 19 92 1
4 22 1 22
4 25 53 2
5 0 9 29
5 1 9 19
5 3 10 17
5 4 2 25
5 6 36 25
5 7 3 23
5 8 13 8
5 9 138 1
5 10 131 1
5 11 126 2
5 16 19 3
5 17 59 22
5 24 39 4
6 1 145 1
6 2 1 20
6 4 2 28
6 5 9 24
6 7 2 5
6 8 11 2
6 9 352 1
6 10 1 20
6 11 1 4
6 15 94 1
6 16 23 4
6 17 1 20
6 19 70 4
6 20 83 4
6 24 1 3
6 25 71 4
7 0 1 13
7 1 160 2
7 2 1 7
7 3 5 11
7 6 1 12
7 8 44 1
7 10 236 1
7 11 152 1
7 13 2 17
7 14 12 1
7 15 10 2
7 22 42 5
7 23 1 1
7 25 111 1
8 0 16 5
8 1 8 7
8 2 7 3
8 3 9 15
8 4 20 1
8 5 13 6
8 6 16 6
8 7 45 19
8 9 10 1
8 10 357 23
8 11 2 25
8 12 42 1
8 16 10 5
8 17 40 1
8 18 103 2
8 24 21 24
9 0 78 1
9 1 69 1
9 4 1 28
9 5 2 9
9 6 6 16
9 10 20 27
9 12 1 19
9 13 11 13
9 14 3 7
9 16 27 18
9 21 47 5
9 22 19 2
9 26 25 18
9 27 10 5
10 1 1 22
10 2 83 1
10 3 116 2
10 4 1 7
10 6 11 27
10 7 1 13
10 8 367 1
10 9 337 1
10 11 217 1
10 12 201 1
10 13 157 1
10 14 317 11
10 15 2 3
10 18 1 11
10 19 66 5
10 20 1 18
10 21 2 22
10 23 1 11
10 24 1 8
10 25 9 11
10 26 92 12
11 0 50 1
11 1 1 3
11 2 33 1
11 3 175 1
11 5 73 23
11 7 98 16
11 8 42 1
11 9 1 22
11 10 38 1
11 12 34 2
11 13 3 1
11 14 1 6
11 15 227 1
11 16 1 28
11 19 1 8
11 23 4 8
11 24 12 29
11 25 44 1
11 26 54 4
11 27 3 28
12 0 4 21
12 1 8 5
12 4 64 29
12 6 58 1
12 8 5 20
12 9 1 1
12 11 38 25
12 13 2 13
12 26 28 17
13 4 1 29
13 10 36 1
13 11 2 29
13 12 3 17
13 14 1 1
13 22 6 25
13 23 8 10
14 5 2 21
14 6 71 1
14 8 148 1
14 10 5 29
14 11 1 17
14 25 4 3
15 7 102 1
15 8 73 2
15 9 34 6
15 10 37 15
15 12 1 23
15 14 1 13
15 26 1 4
15 27 12 4
16 0 12 7
16 1 15 9
16 3 14 3
16 5 34 7
16 6 2 2
16 8 28 11
16 9 22 23
16 13 20 11
16 17 42 1
16 18 6 1
16 24 10 15
16 27 26 23
17 0 7 23
17 1 3 22
17 3 97 1
17 4 226 2
17 6 1 3
17 8 2 18
17 9 54 3
17 10 54 20
17 11 1 5
17 12 14 18
17 13 1 8
17 16 219 1
17 18 10 21
18 0 37 4
18 1 32 1
18 4 2 16
18 6 130 1
18 7 36 7
18 11 9 8
18 13 11 16
18 16 35 3
18 22 17 29
19 3 2 13
19 8 1 9
19 20 1 1
20 0 1 1
20 1 1 3
20 2 70 8
20 3 15 2
20 5 1 13
20 6 1 23
20 7 100 1
20 11 99 1
20 12 66 7
20 14 1 5
20 17 6 22
20 21 2 12
20 23 1 26
20 26 24 8
21 11 62 9
21 12 1 4
22 12 1 25
22 14 25 4
22 25 2 6
23 6 1 12
23 10 43 1
23 12 58 2
23 14 7 20
23 15 1 3
23 18 1 8
23 21 1 18
24 0 11 27
24 1 10 11
24 3 10 27
24 5 13 24
24 7 151 1
24 8 10 17
24 10 11 7
24 11 51 1
24 15 1 8
24 16 15 12
24 17 47 3
24 18 1 5
24 20 1 14
25 4 2 29
25 7 180 1
25 8 2 28
25 9 11 18
25 18 9 1
25 23 16 17
25 27 21 2
26 5 2 17
26 11 3 21
26 15 1 10
26 17 1 22
26 20 1 22
26 22 14 15
26 27 1 22
27 4 4 1
27 7 1 1
27 8 22 3
27 10 1 14
27 11 113 2
27 25 20 1
27 26 10 1
