0 1 10 8
0 3 9 13
0 4 166 1
0 5 20 3
0 6 31 1
0 7 165 1
0 8 10 9
0 9 144 1
0 10 3 27
0 11 1 13
0 15 2 8
0 16 129 2
0 18 27 4
0 20 6 14
0 24 11 11
1 0 12 29
1 2 291 1
1 3 11 15
1 5 12 24
1 6 15 22
1 8 11 14
1 10 218 1
1 12 9 12
1 13 1 17
1 16 12 22
1 17 2 1
1 19 137 1
1 20 1 18
1 24 11 18
2 0 2 28
2 1 1 22
2 3 5 12
2 4 1 3
2 6 16 5
2 7 226 1
2 8 6 1
2 10 1 4
2 13 13 11
2 14 1 15
2 26 19 3
3 0 14 11
3 1 85 6
3 2 1 2
3 5 10 7
3 6 9 17
3 7 7 22
3 8 27 9
3 10 196 27
3 11 1 7
3 16 18 25
3 18 1 19
3 19 36 2
3 24 11 27
3 25 1 10
4 0 1 3
4 1 3 10
4 2 2 25
4 5 12 28
4 6 4 6
4 7 8 11
4 8 339 1
4 9 1 14
4 11 1 17
4 16 1 2
4 18 1 23
5 0 11 21
5 1 11 26
5 3 11 23
5 4 292 1
5 6 14 9
5 7 3 16
5 8 11 3
5 10 155 1
5 14 41 14
5 15 1 25
5 16 13 1
5 17 58 1
5 24 10 1
5 26 20 24
6 0 1 10
6 1 60 24
6 2 4 7
6 3 6 3
6 4 78 1
6 5 14 9
6 7 10 10
6 8 148 2
6 9 2 1
6 10 150 1
6 11 1 14
6 12 1 4
6 14 1 11
6 21 64 22
6 24 47 4
6 25 3 6
6 27 1 28
7 0 2 14
7 3 25 4
7 4 93 1
7 5 232 1
7 6 1 20
7 8 23 18
7 9 27 1
7 10 41 1
7 11 27 11
7 12 1 14
7 16 12 4
7 18 2 11
7 22 1 7
7 25 91 1
7 26 1 21
7 27 7 15
8 0 11 26
8 1 10 20
8 3 10 2
8 5 11 22
8 7 1 13
8 10 90 28
8 11 7 26
8 14 225 1
8 16 12 13
8 17 1 1
8 18 3 4
8 21 2 4
8 24 10 16
8 26 86 29
8 27 79 2
9 1 2 22
9 3 101 1
9 4 11 15
9 5 2 7
9 6 245 1
9 10 348 1
9 11 4 17
9 12 64 1
9 13 87 2
9 18 1 19
9 19 1 17
9 20 105 7
10 1 224 1
10 2 38 1
10 4 228 1
10 5 8 12
10 6 143 25
10 8 139 1
10 9 1 16
10 11 369 1
10 13 107 1
10 14 15 1
10 16 3 16
10 22 1 11
10 23 113 5
10 24 83 3
10 27 121 8
11 0 106 13
11 1 28 4
11 3 115 1
11 5 57 1
11 6 1 14
11 7 3 1
11 8 61 1
11 9 1 1
11 10 173 1
11 12 9 26
11 13 3 2
11 14 8 1
11 15 55 1
11 16 3 21
11 17 151 7
11 22 56 3
11 23 12 26
11 24 1 8
11 25 2 19
11 27 80 2
12 3 2 6
12 4 72 2
12 9 28 2
12 10 39 2
12 11 43 3
12 14 4 15
12 15 3 1
12 16 2 12
12 19 15 2
12 22 1 4
13 3 2 14
13 8 89 1
13 10 49 2
13 11 1 7
13 12 9 19
13 26 1 24
14 1 104 2
14 4 1 12
14 7 69 13
14 8 58 2
14 10 272 1
14 12 41 4
14 15 5 24
14 17 26 3
15 7 179 1
15 9 28 2
15 10 1 16
15 11 18 1
15 14 1 11
15 22 13 20
16 0 11 19
16 1 11 26
16 3 40 26
16 4 1 24
16 5 11 7
16 6 66 1
16 7 49 6
16 8 11 17
16 11 4 6
16 17 75 1
16 24 19 14
17 1 24 1
17 2 15 4
17 3 1 16
17 4 2 5
17 12 18 2
17 16 256 1
17 20 1 22
18 2 61 1
18 5 4 7
18 6 1 22
18 8 167 2
18 16 23 28
19 0 2 1
19 2 1 17
19 3 38 6
19 7 116 4
19 9 1 6
19 11 1 19
19 12 44 2
19 18 16 4
19 20 13 11
20 0 227 2
20 1 187 2
20 2 82 1
20 11 2 28
20 19 5 7
20 23 3 9
20 27 1 15
21 3 9 24
21 4 1 21
21 5 14 1
21 8 71 3
21 18 1 29
21 26 1 27
22 8 1 7
22 9 1 7
22 12 35 3
22 14 19 10
22 15 2 28
22 23 8 21
23 0 1 29
23 7 34 1
23 8 75 1
23 9 1 8
23 10 2 1
23 13 1 13
23 24 45 4
24 0 11 17
24 1 18 4
24 3 14 17
24 5 25 22
24 6 1 14
24 7 10 1
24 8 18 17
24 11 163 1
24 12 1 25
24 16 11 12
24 22 1 26
24 25 1 4
25 0 82 9
25 7 136 2
25 8 117 1
25 10 66 1
25 11 63 1
25 14 1 1
25 20 8 7
25 27 49 10
26 0 5 4
26 2 9 6
26 6 16 3
26 7 1 26
26 13 2 10
26 16 19 14
26 24 1 8
26 25 1 20
26 27 11 1
27 2 24 13
27 6 1 11
27 8 1 18
27 9 1 19
27 10 14 3
27 17 1 29
27 26 91 25
