0 1 23 20
0 2 13 1
0 3 87 28
0 4 165 2
0 5 11 23
0 6 31 1
0 7 164 1
0 8 11 20
0 9 143 3
0 10 8 2
0 11 2 29
0 12 81 1
0 14 2 20
0 16 12 6
0 17 1 6
0 20 2 8
0 24 11 16
0 25 1 9
0 26 1 15
1 0 18 11
1 2 287 1
1 3 49 9
1 5 12 1
1 6 3 12
1 7 217 1
1 8 11 15
1 9 1 6
1 10 218 1
1 12 2 10
1 13 45 24
1 16 18 19
1 17 58 28
1 18 96 1
1 19 136 3
1 24 11 22
2 0 1 24
2 1 1 12
2 3 2 4
2 5 3 16
2 6 8 5
2 7 225 1
2 8 5 1
2 9 2 21
2 10 1 4
2 11 2 6
2 13 1 7
3 0 27 10
3 1 13 4
3 5 12 20
3 6 7 11
3 7 1 22
3 8 13 25
3 10 2 6
3 11 1 29
3 15 1 25
3 16 18 17
3 18 31 19
3 20 85 2
3 24 11 16
3 27 33 16
4 1 3 12
4 3 1 29
4 5 2 26
4 6 1 3
4 8 338 1
4 10 271 1
4 17 1 1
4 20 1 18
4 22 1 20
4 23 3 27
5 0 20 6
5 1 10 19
5 2 14 1
5 3 88 28
5 4 289 1
5 6 14 26
5 7 5 26
5 8 22 7
5 10 154 1
5 12 137 1
5 16 29 11
5 17 58 1
5 18 36 2
5 20 1 2
5 22 1 6
5 24 22 27
5 25 21 3
6 1 5 11
6 2 1 16
6 4 77 1
6 5 26 21
6 7 4 13
6 8 3 10
6 9 2 1
6 10 148 1
6 11 8 12
6 12 3 17
6 14 2 5
6 17 208 2
6 20 2 7
6 22 1 12
6 23 1 9
7 0 10 9
7 3 3 1
7 4 93 1
7 5 232 4
7 6 1 20
7 8 19 10
7 9 26 3
7 10 40 1
7 11 59 26
7 13 39 1
7 15 5 29
7 18 2 19
7 23 73 1
7 25 90 1
7 27 1 20
8 0 12 20
8 1 14 2
8 2 1 1
8 3 10 18
8 4 1 26
8 5 11 11
8 7 1 2
8 9 6 2
8 10 1 3
8 11 3 2
8 13 86 2
8 14 225 1
8 16 30 5
8 17 1 10
8 24 14 4
8 25 94 1
9 0 1 25
9 2 3 15
9 3 101 2
9 4 1 28
9 5 3 12
9 6 242 1
9 7 21 2
9 10 347 9
9 11 1 28
9 12 63 1
9 14 7 24
9 23 12 7
9 25 21 6
9 27 63 2
10 0 1 29
10 1 223 1
10 2 37 2
10 3 23 1
10 4 227 1
10 5 3 28
10 6 9 24
10 7 3 20
10 8 133 1
10 9 1 11
10 11 368 1
10 13 106 1
10 14 14 1
10 15 223 2
10 18 52 1
10 25 1 11
11 0 1 21
11 2 2 24
11 3 114 1
11 4 74 1
11 5 57 1
11 7 2 2
11 8 60 1
11 9 2 8
11 10 171 27
11 13 1 2
11 14 8 1
11 15 51 1
11 23 1 21
11 24 2 4
11 25 3 4
12 1 4 4
12 3 1 7
12 6 35 1
12 8 155 2
12 9 3 1
12 14 8 25
12 15 3 1
12 20 2 26
12 26 42 28
13 7 2 29
13 8 88 3
13 11 1 17
13 23 3 1
14 2 27 2
14 4 1 25
14 5 14 5
14 7 1 8
14 9 1 21
14 10 270 1
14 13 1 25
14 15 1 28
15 6 2 18
15 7 177 1
15 8 1 18
15 10 10 14
15 11 17 1
15 12 1 16
15 20 2 6
15 24 1 11
16 0 11 5
16 1 11 4
16 3 15 24
16 4 1 15
16 5 12 21
16 6 66 2
16 8 11 1
16 10 85 1
16 12 1 24
16 14 13 21
16 17 74 1
16 18 3 2
16 24 11 3
17 0 230 2
17 1 23 1
17 3 1 20
17 6 255 1
17 7 1 16
17 8 226 1
17 9 1 27
17 11 69 1
17 16 255 1
17 18 75 1
17 19 24 1
17 25 2 7
17 26 2 16
18 2 60 2
18 7 1 12
18 10 3 21
19 0 8 24
19 2 1 17
19 4 2 15
19 10 82 5
19 11 3 3
19 14 10 1
19 17 1 4
19 20 8 4
20 2 81 2
20 4 19 1
20 6 98 3
20 7 3 15
20 10 31 1
20 18 1 13
20 19 2 25
20 25 1 8
20 27 1 20
21 5 14 16
21 9 46 29
21 10 2 8
21 11 2 24
21 13 7 5
21 15 2 1
21 22 1 11
22 7 1 3
22 8 1 29
22 9 1 24
23 2 16 8
23 3 28 27
23 4 2 23
23 7 33 1
23 8 75 1
23 10 3 14
23 11 157 1
23 12 2 6
23 14 26 18
23 17 1 6
23 19 1 22
23 26 7 3
24 0 12 1
24 1 11 23
24 3 11 28
24 5 12 13
24 6 99 22
24 7 9 3
24 8 17 28
24 11 162 1
24 12 1 4
24 16 21 18
25 8 116 2
25 10 65 1
25 11 61 1
25 14 1 15
26 7 27 13
26 10 58 3
26 27 11 1
27 1 1 12
27 3 22 1
27 7 8 1
27 8 5 3
27 17 2 2
27 24 1 23
27 26 4 6
