0 1 17 22
0 2 1 24
0 3 43 7
0 4 10 1
0 5 34 2
0 6 200 2
0 7 325 1
0 8 14 19
0 10 16 1
0 11 129 1
0 13 35 1
0 16 14 2
0 18 1 2
0 19 5 22
0 20 1 17
0 22 3 24
0 24 23 10
0 25 10 1
0 27 5 28
1 0 30 10
1 2 6 1
1 3 196 26
1 4 1 8
1 5 14 7
1 6 201 19
1 7 11 29
1 8 53 14
1 9 1 26
1 10 2 28
1 14 21 25
1 16 20 27
1 17 2 1
1 18 2 6
1 23 1 26
1 24 14 16
1 25 39 2
1 26 4 17
2 0 4 25
2 1 69 1
2 3 4 1
2 4 9 21
2 5 1 4
2 7 90 1
2 8 30 1
2 10 1 10
2 17 4 8
2 20 11 24
2 24 1 9
3 0 32 18
3 1 45 4
3 2 2 6
3 4 14 3
3 5 75 20
3 6 14 13
3 7 3 13
3 8 60 19
3 10 14 9
3 14 24 1
3 16 13 28
3 17 2 16
3 20 156 1
3 23 4 17
3 24 95 6
3 26 23 22
4 0 3 28
4 1 268 1
4 5 8 4
4 6 2 20
4 8 154 26
4 9 1 11
4 10 1 22
4 11 125 3
4 17 211 1
4 18 39 1
4 20 5 2
4 25 52 2
5 0 13 23
5 1 13 17
5 3 17 16
5 4 1 27
5 6 27 28
5 8 17 24
5 9 111 1
5 10 109 1
5 12 8 16
5 16 84 23
5 17 1 13
5 24 14 20
5 25 1 7
5 27 5 9
6 1 95 1
6 2 2 2
6 3 57 2
6 4 3 2
6 5 62 25
6 7 3 21
6 8 48 21
6 9 83 1
6 10 3 20
6 11 1 10
6 14 3 11
6 15 90 3
6 16 21 2
6 17 56 21
6 18 158 3
6 20 78 1
6 24 3 12
7 0 3 19
7 1 143 1
7 2 5 11
7 3 5 8
7 4 115 20
7 5 100 13
7 6 1 3
7 8 15 1
7 10 211 1
7 11 56 1
7 13 2 18
7 14 94 1
7 15 252 1
7 18 80 17
7 19 1 17
7 20 45 14
7 24 116 2
7 25 94 1
7 26 21 4
7 27 63 16
8 0 70 13
8 1 43 8
8 2 2 4
8 3 13 25
8 4 10 2
8 5 17 15
8 6 32 7
8 7 100 1
8 9 349 1
8 10 3 8
8 11 46 21
8 16 13 5
8 17 33 1
8 18 44 1
8 22 14 1
8 24 26 6
8 25 4 20
9 0 71 4
9 1 57 1
9 2 3 17
9 3 1 28
9 4 209 29
9 5 4 28
9 6 2 13
9 7 8 2
9 8 1 17
9 10 4 13
9 11 2 9
9 12 5 23
9 14 4 22
9 16 1 16
9 19 5 3
9 21 45 5
9 27 9 1
10 0 172 1
10 1 1 22
10 2 66 2
10 3 68 1
10 4 1 27
10 5 5 1
10 6 12 28
10 7 1 14
10 8 88 1
10 9 310 1
10 11 94 1
10 12 188 2
10 13 142 1
10 14 23 1
10 15 234 1
10 17 1 13
10 22 21 1
10 23 1 13
10 25 4 12
11 0 42 1
11 1 3 4
11 2 26 1
11 3 156 1
11 4 1 9
11 6 88 1
11 7 26 29
11 8 21 1
11 9 1 25
11 14 2 20
11 15 150 1
11 19 10 23
11 22 1 19
11 23 1 18
11 24 42 18
11 25 18 1
11 27 1 24
12 0 6 22
12 1 2 6
12 4 2 17
12 5 41 17
12 6 228 3
12 8 6 23
12 9 193 1
12 10 257 1
12 11 32 17
12 13 1 14
12 14 1 1
12 17 1 2
12 18 2 21
12 21 7 26
13 3 21 28
13 8 1 19
13 9 1 17
13 10 46 1
13 11 1 29
13 12 2 1
13 14 1 14
13 15 16 1
13 17 15 25
14 2 1 3
14 4 65 5
14 6 63 2
14 8 132 1
14 9 2 17
14 10 14 9
14 11 5 3
14 15 8 1
14 20 42 26
14 25 24 1
14 27 1 28
15 0 11 2
15 6 17 1
15 7 81 1
15 8 66 1
15 10 2 18
15 11 2 29
15 12 1 4
15 13 2 23
15 18 32 5
15 20 35 1
15 25 19 4
16 0 14 12
16 1 14 23
16 2 4 6
16 3 33 1
16 5 14 19
16 6 2 27
16 8 43 18
16 9 1 15
16 11 83 1
16 17 27 1
16 18 193 2
16 20 1 29
16 23 1 3
16 24 23 28
17 0 3 20
17 1 10 9
17 2 126 1
17 3 90 2
17 6 1 24
17 7 28 3
17 9 49 1
17 10 55 11
17 12 1 27
17 13 1 18
17 16 196 1
18 1 67 1
18 2 1 5
18 4 11 21
18 6 124 1
18 10 73 2
18 17 19 2
18 20 6 1
19 0 7 25
19 2 11 5
19 6 1 13
19 7 1 19
19 18 1 5
19 20 10 23
20 0 3 7
20 1 3 18
20 2 1 27
20 3 9 2
20 4 46 25
20 6 2 6
20 8 69 2
20 10 25 15
20 11 93 1
20 13 6 12
20 17 1 8
20 22 20 7
20 24 20 7
21 15 2 5
21 16 3 13
21 25 8 6
22 5 12 5
22 6 1 9
22 10 3 25
22 15 1 5
22 16 1 23
22 24 13 7
23 4 1 20
23 7 112 5
23 8 5 9
23 10 37 2
23 14 7 12
24 0 25 14
24 1 14 9
24 3 19 11
24 5 13 18
24 7 140 1
24 8 50 4
24 9 10 2
24 10 24 8
24 11 33 1
24 13 16 8
24 15 1 20
24 16 13 4
25 4 1 9
25 7 163 2
25 8 36 15
25 11 364 1
25 14 14 3
26 0 10 8
26 6 1 22
26 12 2 21
26 16 6 10
26 19 1 9
26 23 12 13
26 27 15 6
27 7 5 13
27 10 2 7
27 11 104 1
27 14 1 8
27 23 2 11
27 24 19 1
27 25 14 4
27 26 5 1
