0 1 13 27
0 3 241 4
0 5 15 26
0 6 5 8
0 7 1 7
0 8 15 27
0 10 6 15
0 11 1 19
0 16 30 8
0 17 3 5
0 19 1 29
0 20 7 10
0 22 2 22
0 24 63 11
1 0 18 5
1 2 2 17
1 3 14 4
1 4 183 1
1 5 14 6
1 6 401 2
1 8 43 12
1 9 8 27
1 10 1 3
1 11 109 1
1 12 99 14
1 14 93 1
1 16 14 24
1 17 287 1
1 18 1 9
1 24 28 25
2 0 29 26
2 3 11 14
2 4 89 1
2 6 139 1
2 7 1 8
2 8 304 1
2 9 1 3
2 10 7 9
2 17 7 27
2 20 8 4
2 25 13 6
3 0 15 2
3 1 14 29
3 4 10 1
3 5 14 29
3 6 140 1
3 7 4 1
3 8 30 8
3 11 264 10
3 16 36 26
3 17 1 7
3 19 42 1
3 24 15 3
3 26 30 20
4 0 165 1
4 1 14 15
4 3 140 2
4 6 4 23
4 7 4 3
4 8 2 5
4 10 13 23
4 11 1 20
4 13 55 1
4 15 80 8
4 17 2 5
4 18 1 16
4 19 1 2
4 27 1 23
5 0 15 23
5 1 29 20
5 3 14 2
5 4 32 11
5 6 64 1
5 8 13 18
5 9 319 21
5 10 12 2
5 11 1 24
5 16 18 6
5 24 14 5
6 1 16 27
6 2 222 1
6 3 1 11
6 4 201 1
6 5 16 22
6 7 164 1
6 8 77 16
6 9 163 12
6 10 217 1
6 11 62 1
6 12 213 2
6 16 77 18
6 18 24 3
6 25 1 18
6 26 57 4
7 0 1 26
7 1 3 25
7 3 1 22
7 5 7 9
7 6 2 6
7 8 20 25
7 9 222 2
7 10 6 29
7 11 10 10
7 12 3 15
7 14 5 9
7 15 124 1
7 16 22 27
7 17 162 4
7 19 13 1
7 20 202 1
7 21 9 4
7 23 3 24
7 25 245 5
7 26 91 4
8 0 13 6
8 1 14 8
8 2 11 1
8 3 12 14
8 4 89 1
8 5 11 14
8 6 307 1
8 7 4 5
8 9 4 16
8 10 25 6
8 11 7 26
8 13 125 1
8 15 12 1
8 16 14 2
8 20 172 1
8 21 43 5
8 24 14 27
9 2 43 3
9 3 14 4
9 4 168 1
9 5 2 1
9 6 36 12
9 7 29 2
9 8 246 1
9 10 1 4
9 12 38 23
9 14 29 2
9 18 1 5
9 19 1 23
9 22 1 15
10 1 20 2
10 5 184 1
10 6 43 1
10 7 175 1
10 8 357 9
10 9 113 21
10 11 4 12
10 12 43 2
10 13 147 1
10 14 211 1
10 17 1 2
10 19 1 27
10 25 7 23
11 0 12 1
11 2 3 25
11 3 1 8
11 4 4 27
11 5 8 22
11 7 246 1
11 8 3 16
11 10 66 1
11 12 160 17
11 14 2 1
11 15 4 16
11 20 168 1
11 23 1 22
11 24 1 19
11 25 370 1
11 26 114 6
11 27 86 1
12 0 3 4
12 3 56 17
12 4 5 10
12 6 3 13
12 8 7 8
12 9 4 5
12 11 12 13
12 13 130 1
12 22 87 27
12 23 25 19
13 6 88 1
13 7 98 1
13 11 1 25
13 12 121 2
13 17 2 1
13 27 4 27
14 6 75 1
14 7 56 1
14 8 1 3
14 9 7 26
14 13 3 28
14 17 7 14
14 25 13 2
15 0 74 21
15 7 1 1
15 9 9 6
15 10 6 3
15 11 172 1
15 12 19 3
15 27 1 6
16 0 14 16
16 1 38 11
16 3 15 7
16 4 129 1
16 5 14 19
16 8 27 2
16 9 6 5
16 14 1 9
16 17 16 1
16 24 24 16
17 1 231 1
17 2 6 2
17 5 115 1
17 6 81 1
17 8 61 1
17 9 1 24
17 12 59 2
17 18 7 28
17 23 52 4
18 2 2 21
18 3 53 1
18 5 2 12
18 7 29 1
18 16 1 7
18 19 30 2
19 0 2 14
19 1 87 1
19 12 1 19
19 14 3 1
19 15 10 17
19 16 1 3
19 20 2 23
20 0 157 2
20 3 1 1
20 4 1 3
20 6 144 1
20 9 2 10
20 10 1 13
20 11 1 6
20 18 46 8
20 19 1 16
20 23 21 4
20 26 2 28
20 27 1 8
21 0 19 1
21 2 1 20
21 11 83 23
21 14 1 2
21 16 21 3
21 22 15 1
22 9 58 10
22 10 4 11
22 11 1 3
22 23 2 11
23 3 22 1
23 8 100 7
23 12 1 4
23 15 1 18
23 22 2 19
24 0 43 4
24 1 23 9
24 3 15 25
24 5 21 22
24 6 77 7
24 7 1 19
24 8 46 27
24 9 35 1
24 10 1 6
24 11 84 1
24 12 1 27
24 16 14 16
24 17 63 1
24 20 9 1
25 2 1 16
25 6 87 1
25 7 2 1
25 19 10 11
26 8 7 15
26 11 1 10
26 15 6 18
26 23 1 19
26 24 32 1
26 27 39 1
27 11 125 3
27 16 23 26
27 18 4 7
27 26 1 22
