0 1 23 23
0 3 41 18
0 4 265 1
0 5 10 14
0 7 3 26
0 8 11 12
0 13 1 15
0 16 59 19
0 19 2 29
0 20 51 24
0 22 18 9
0 23 59 5
0 24 39 14
0 25 1 11
1 0 37 21
1 2 106 1
1 3 12 28
1 4 204 1
1 5 119 12
1 6 276 1
1 7 52 2
1 8 21 2
1 9 1 6
1 10 1 10
1 11 54 1
1 12 26 17
1 14 76 2
1 15 1 4
1 16 23 23
1 17 68 1
1 18 176 4
1 19 104 1
1 20 47 1
1 24 140 11
1 25 1 1
1 26 59 7
2 0 18 14
2 1 8 11
2 3 14 1
2 4 21 3
2 5 11 4
2 6 20 1
2 7 242 1
2 8 17 1
2 11 1 15
2 14 15 3
2 17 1 19
2 19 27 8
2 21 3 3
2 23 16 12
2 26 1 23
3 0 18 3
3 1 43 27
3 5 10 12
3 6 58 1
3 7 169 1
3 8 10 7
3 11 233 1
3 16 25 19
3 18 28 25
3 19 26 5
3 21 1 24
3 23 1 4
3 24 50 3
3 25 1 21
3 27 31 5
4 0 67 2
4 1 172 5
4 3 88 2
4 5 199 1
4 9 2 1
4 10 2 26
4 12 16 1
4 14 1 4
4 16 4 19
4 17 2 26
4 18 1 7
4 22 2 13
4 23 49 5
5 0 11 11
5 1 32 2
5 3 10 28
5 6 45 1
5 8 68 29
5 9 132 1
5 10 1 18
5 11 160 1
5 16 11 6
5 18 79 1
5 20 3 21
5 22 1 20
5 24 23 8
6 1 15 14
6 2 89 1
6 5 273 1
6 7 18 1
6 8 45 1
6 9 270 1
6 10 14 1
6 12 154 1
6 14 141 2
6 16 12 2
6 17 8 6
6 19 99 11
6 22 2 3
6 24 9 7
6 25 1 26
7 0 3 25
7 2 6 2
7 3 26 1
7 4 3 18
7 5 2 25
7 6 1 3
7 8 5 6
7 9 171 1
7 10 4 3
7 11 3 23
7 12 3 12
7 14 10 4
7 15 16 1
7 17 128 1
7 20 159 2
7 22 106 2
7 25 172 1
7 26 75 2
7 27 20 1
8 0 153 18
8 1 30 29
8 2 3 26
8 3 19 22
8 4 5 1
8 5 27 28
8 6 5 4
8 7 2 1
8 9 2 22
8 10 7 1
8 11 2 10
8 13 85 1
8 14 201 2
8 16 10 12
8 20 135 1
8 21 1 5
8 22 1 24
8 23 5 5
8 24 24 6
9 4 29 1
9 5 144 1
9 6 3 1
9 8 63 1
9 10 297 1
9 12 302 1
9 15 48 1
9 16 5 7
9 17 120 2
9 22 9 22
9 24 2 2
10 0 108 2
10 2 8 25
10 3 5 1
10 4 1 15
10 5 56 1
10 6 1 13
10 7 47 1
10 8 389 1
10 9 138 1
10 11 149 5
10 13 55 1
10 15 12 1
10 16 88 1
10 17 2 21
10 26 3 8
10 27 30 6
11 1 4 3
11 2 3 3
11 3 11 9
11 4 1 26
11 5 13 14
11 6 211 2
11 7 1 6
11 8 16 14
11 9 11 19
11 14 199 1
11 15 48 1
11 19 99 2
11 23 178 1
11 24 2 29
11 25 85 1
11 27 33 2
12 1 9 1
12 2 3 16
12 5 76 2
12 6 3 8
12 7 156 5
12 8 4 6
12 9 5 29
12 11 1 11
12 13 50 1
12 14 66 1
12 15 29 1
12 22 4 1
12 24 2 4
13 1 34 4
13 7 66 1
13 10 14 2
13 11 57 18
13 12 41 1
13 17 4 24
13 24 16 27
13 27 1 27
14 6 31 1
14 7 10 4
14 8 17 2
14 10 222 1
14 11 10 10
14 12 1 26
14 13 20 1
14 15 1 22
14 18 2 4
14 20 2 5
15 0 2 25
15 2 25 2
15 7 29 14
15 8 153 4
15 10 1 23
15 14 19 12
15 23 2 29
16 0 23 5
16 1 11 26
16 3 35 22
16 4 90 1
16 5 60 19
16 7 1 6
16 8 11 6
16 9 1 28
16 17 1 6
16 18 71 1
16 22 9 4
16 23 1 2
16 24 30 2
17 0 1 14
17 1 33 1
17 4 1 22
17 8 20 1
17 10 157 1
17 11 137 2
17 15 66 4
17 16 8 3
17 18 10 12
17 23 50 8
17 25 44 3
18 1 41 6
18 2 3 7
18 4 276 1
18 5 90 1
18 6 19 14
18 7 13 3
18 11 48 16
18 12 2 24
18 17 62 1
18 26 1 25
18 27 6 1
19 0 1 22
19 1 39 1
19 10 17 10
19 20 201 1
19 27 4 28
20 0 71 1
20 1 4 26
20 2 8 3
20 3 3 17
20 4 3 1
20 7 168 1
20 8 193 1
20 10 8 23
20 18 37 1
20 19 176 1
20 21 29 19
20 22 28 5
20 25 2 28
20 27 1 14
21 1 4 1
21 5 1 28
21 7 1 9
21 10 2 17
21 11 80 2
21 13 10 26
22 10 1 25
22 19 1 19
22 26 12 9
23 7 15 8
23 10 5 5
23 11 184 1
23 21 10 10
24 0 37 8
24 1 107 10
24 3 92 29
24 5 83 16
24 7 1 5
24 8 48 4
24 9 21 2
24 15 2 25
24 16 126 9
24 22 12 4
24 27 9 7
25 5 30 6
25 6 67 1
25 7 181 1
25 10 50 1
25 11 3 12
25 20 20 4
26 7 1 16
26 14 21 7
26 15 3 6
26 25 17 7
27 11 68 1
27 26 1 29
