0 1 67 1
0 2 1 25
0 3 35 1
0 4 235 1
0 5 203 1
0 7 11 27
0 8 40 1
0 11 227 1
0 15 1 16
0 16 37 1
0 17 1 2
0 18 112 2
0 19 1 20
0 20 1 19
0 22 21 5
0 24 5 1
0 25 1 5
0 27 51 1
1 0 340 1
1 2 2 2
1 3 29 1
1 4 116 1
1 5 44 1
1 6 159 1
1 7 25 1
1 8 42 9
1 10 1 23
1 11 35 1
1 12 2 19
1 14 68 2
1 16 40 1
1 17 15 1
1 18 165 1
1 20 32 4
1 24 68 1
2 0 172 2
2 1 20 15
2 3 12 1
2 7 11 1
2 10 199 1
2 12 2 26
2 17 1 7
3 0 63 1
3 1 75 1
3 2 3 25
3 5 151 1
3 6 30 1
3 7 56 1
3 8 41 1
3 9 1 13
3 11 192 1
3 12 1 11
3 13 24 6
3 16 19 1
3 18 30 26
3 20 4 22
3 23 4 29
3 24 8 17
3 25 1 3
4 1 3 28
4 5 79 1
4 6 205 1
4 8 6 6
4 9 258 1
4 10 1 10
4 12 6 6
4 13 37 1
4 14 1 11
4 15 71 2
4 16 1 1
4 18 2 26
4 22 1 20
4 26 27 5
4 27 1 29
5 0 15 9
5 1 291 1
5 2 57 10
5 3 21 1
5 4 68 1
5 6 164 1
5 7 10 5
5 8 75 1
5 9 2 1
5 10 3 8
5 11 149 1
5 16 146 1
5 18 68 1
5 19 22 5
5 20 3 22
5 23 10 12
5 24 88 1
6 0 270 2
6 1 66 27
6 2 41 1
6 5 170 1
6 8 56 1
6 9 120 1
6 12 125 1
6 13 7 10
6 14 128 2
6 16 13 26
6 17 7 8
6 19 95 1
6 22 3 21
6 24 1 12
7 0 1 23
7 1 278 1
7 2 213 1
7 3 253 1
7 5 1 4
7 6 1 29
7 8 250 1
7 9 145 2
7 10 3 28
7 11 180 1
7 12 2 26
7 14 1 1
7 17 113 2
7 20 138 2
7 25 129 1
7 27 12 1
8 0 161 1
8 1 21 1
8 2 3 26
8 3 81 1
8 5 20 1
8 6 78 19
8 7 330 8
8 9 38 4
8 10 206 1
8 11 91 10
8 12 206 1
8 14 170 1
8 16 82 1
8 20 117 3
8 24 18 1
8 25 39 3
9 0 1 12
9 1 1 18
9 5 5 1
9 6 121 1
9 8 17 2
9 10 188 1
9 12 236 1
9 17 108 1
9 19 1 25
9 22 1 29
9 27 10 9
10 0 89 2
10 2 209 1
10 3 1 2
10 4 1 18
10 5 20 2
10 6 4 23
10 7 15 1
10 8 255 1
10 9 191 1
10 11 1 22
10 13 26 1
10 14 2 25
10 15 188 1
10 17 1 1
10 18 17 10
10 21 1 8
10 22 1 6
10 23 130 28
10 25 1 23
10 26 1 7
11 2 2 22
11 6 173 2
11 7 7 22
11 8 17 1
11 9 45 14
11 10 4 2
11 12 5 5
11 14 141 1
11 15 103 1
11 17 51 2
11 19 94 2
11 21 79 9
11 22 65 1
11 23 162 2
11 25 12 1
11 26 82 1
12 1 3 9
12 2 2 3
12 5 53 1
12 6 2 20
12 7 151 4
12 9 3 19
12 14 49 1
12 15 21 1
12 17 109 4
12 18 11 14
12 19 6 1
12 21 78 4
13 4 54 22
13 6 56 1
13 8 2 26
13 10 40 27
13 11 2 3
13 14 2 28
13 26 1 4
14 0 71 6
14 5 22 2
14 6 17 2
14 7 1 4
14 8 1 22
14 10 98 1
14 11 9 14
14 13 2 2
14 15 33 12
14 24 20 2
15 1 67 3
15 6 65 1
15 7 124 5
15 10 5 22
15 11 6 28
15 14 59 18
15 21 5 3
15 22 5 1
15 24 1 26
16 0 20 1
16 1 90 1
16 2 53 6
16 3 64 1
16 5 39 6
16 6 2 19
16 8 29 1
16 9 1 17
16 17 5 6
16 24 110 1
17 1 1 1
17 4 3 3
17 6 9 4
17 7 73 1
17 10 146 1
17 16 4 26
17 18 1 16
17 25 40 10
18 4 221 1
18 6 20 22
18 9 1 14
18 15 30 9
18 16 42 1
18 17 46 2
18 19 22 6
19 0 49 1
19 1 23 2
19 6 1 28
19 18 5 28
19 20 125 1
19 25 3 6
20 2 1 24
20 6 113 2
20 7 148 1
20 8 184 1
20 10 8 26
20 11 3 8
20 12 1 20
20 14 1 15
20 18 32 2
20 19 63 1
20 27 4 15
21 8 1 18
21 23 3 1
21 27 11 24
22 11 1 21
22 13 1 7
23 7 20 3
23 10 1 3
23 12 18 22
23 17 39 6
23 18 19 16
24 0 6 29
24 1 9 2
24 3 49 1
24 5 21 1
24 8 64 1
24 10 147 4
24 11 1 9
24 16 54 1
25 7 139 1
25 10 31 1
25 11 2 7
25 15 30 1
25 27 2 7
26 5 18 27
26 7 2 29
26 20 42 17
27 7 4 25
27 8 3 14
27 13 10 20
27 16 24 25
27 26 7 11
