0 1 17 28
0 3 36 26
0 4 203 1
0 5 22 10
0 8 15 15
0 9 34 26
0 11 211 2
0 16 14 20
0 17 3 28
0 18 106 3
0 20 33 23
0 24 15 14
0 27 47 15
1 0 10 25
1 2 2 24
1 3 17 22
1 4 32 1
1 5 15 8
1 6 62 1
1 7 9 1
1 8 15 28
1 9 236 3
1 15 1 7
1 16 34 25
1 18 152 1
1 19 66 1
1 24 29 12
1 25 1 24
2 0 156 1
2 1 3 1
2 3 3 21
2 7 187 1
2 8 3 27
2 10 162 1
2 17 5 16
2 18 16 1
2 27 23 22
3 0 12 15
3 1 81 23
3 2 57 4
3 5 14 21
3 6 12 1
3 8 15 13
3 10 13 3
3 11 150 1
3 16 24 11
3 18 1 1
3 19 14 4
3 20 1 14
3 22 20 7
3 24 14 14
4 2 1 24
4 3 47 1
4 5 12 1
4 6 16 1
4 9 240 1
4 10 1 6
4 11 2 15
4 17 1 10
4 18 9 28
4 24 60 16
4 27 1 27
5 0 45 25
5 1 34 5
5 2 50 2
5 3 24 4
5 4 264 3
5 6 23 7
5 7 4 13
5 8 26 8
5 9 19 21
5 10 1 28
5 11 136 2
5 12 140 2
5 16 41 9
5 17 3 28
5 18 58 3
5 24 78 12
6 1 11 1
6 2 11 1
6 3 178 1
6 4 2 25
6 5 12 17
6 7 1 27
6 8 3 5
6 9 27 1
6 10 5 4
6 12 98 1
6 14 114 1
6 17 9 4
6 24 4 10
7 0 2 22
7 1 253 1
7 2 162 1
7 3 134 1
7 5 2 19
7 6 1 18
7 8 133 1
7 10 13 14
7 11 113 1
7 12 29 14
7 13 1 8
7 14 20 1
7 17 99 1
7 18 101 6
7 20 119 1
7 25 90 1
7 26 61 6
8 0 25 24
8 1 20 3
8 2 2 6
8 3 15 4
8 4 2 4
8 5 43 21
8 6 10 10
8 7 255 1
8 9 43 16
8 10 108 1
8 11 1 21
8 13 52 1
8 14 137 1
8 15 1 15
8 16 15 13
8 19 113 6
8 20 101 3
8 24 17 16
8 25 27 4
8 26 78 26
8 27 4 19
9 0 29 7
9 5 3 10
9 6 28 1
9 7 2 23
9 10 75 1
9 11 1 4
9 12 166 1
9 13 73 1
9 16 1 12
9 17 96 2
10 0 72 1
10 1 1 29
10 2 179 1
10 3 2 7
10 4 2 14
10 5 2 3
10 6 24 2
10 8 132 1
10 9 273 1
10 11 76 25
10 13 8 1
10 14 2 15
10 15 152 1
10 16 79 5
10 18 1 12
10 24 135 3
10 25 65 13
11 2 13 15
11 6 138 1
11 7 9 13
11 8 348 1
11 9 56 16
11 10 16 26
11 13 1 21
11 14 90 1
11 15 200 1
11 17 42 4
11 18 1 28
11 19 90 3
11 22 52 2
11 23 139 1
11 24 251 1
11 26 73 1
11 27 7 1
12 2 3 16
12 5 33 1
12 6 1 22
12 7 146 1
12 8 1 19
12 9 7 26
12 10 1 8
12 11 36 23
12 13 6 1
12 15 14 1
12 21 70 3
12 25 25 1
13 1 24 5
13 6 47 5
13 7 40 4
13 9 13 29
13 10 63 27
13 11 119 27
13 12 2 7
13 18 2 27
13 23 1 18
14 5 17 2
14 8 2 21
14 9 25 25
14 10 22 1
14 11 1 5
14 18 14 19
14 24 17 12
15 0 79 20
15 1 81 5
15 6 55 1
15 8 128 1
15 10 14 13
15 11 4 26
15 14 2 1
15 17 49 1
15 20 28 29
15 24 1 5
15 25 12 7
15 26 2 21
16 0 27 4
16 1 15 25
16 3 51 24
16 4 58 1
16 5 28 15
16 8 21 14
16 10 76 23
16 17 33 3
16 18 8 1
16 24 15 15
17 1 1 25
17 2 154 1
17 6 2 2
17 10 135 1
17 11 119 2
17 14 1 7
17 16 1 3
17 19 2 17
17 23 47 5
17 24 51 3
18 0 1 20
18 1 39 1
18 4 163 1
18 5 74 1
18 6 1 8
18 8 7 26
19 0 60 1
19 1 12 1
19 2 5 2
19 4 9 8
19 5 20 1
19 9 1 1
19 11 5 6
19 16 31 4
19 17 42 6
19 18 8 3
19 20 36 1
20 0 21 1
20 11 4 1
20 12 3 23
20 13 1 3
20 19 5 2
20 21 1 25
21 4 35 15
21 8 1 1
21 9 6 4
21 12 1 3
21 13 10 1
21 20 1 20
21 26 1 17
22 4 16 9
22 14 9 3
23 10 4 1
23 12 1 5
23 14 27 1
23 16 1 27
23 24 32 1
24 0 45 19
24 1 14 8
24 3 26 2
24 5 15 1
24 7 57 4
24 8 32 29
24 9 11 11
24 11 1 10
24 12 4 27
24 15 6 5
24 16 44 29
24 21 14 18
24 22 7 1
24 25 6 2
24 26 28 1
24 27 5 10
25 6 48 5
25 7 100 1
25 11 1 11
25 12 49 14
25 14 24 4
25 15 25 1
25 21 1 27
25 24 1 9
26 11 1 13
26 21 6 27
27 1 1 10
27 7 7 16
27 8 1 4
27 10 33 1
27 16 24 29
27 25 46 2
27 26 16 10
