0 1 49 23
0 2 1 29
0 3 14 21
0 5 14 5
0 6 8 1
0 8 18 17
0 9 127 23
0 13 28 15
0 16 14 22
0 17 122 13
0 19 1 23
0 20 77 2
0 24 14 10
0 25 38 7
1 0 13 8
1 2 6 11
1 3 33 29
1 4 26 1
1 5 19 21
1 6 54 1
1 8 34 20
1 10 252 6
1 12 1 20
1 13 4 23
1 14 59 1
1 16 82 8
1 18 150 3
1 19 64 2
1 24 43 14
1 25 4 2
2 0 153 1
2 1 243 1
2 3 7 24
2 5 58 2
2 6 1 4
2 7 183 1
2 8 2 22
2 10 159 1
2 20 3 19
3 0 124 6
3 1 16 24
3 2 60 2
3 4 1 9
3 5 14 3
3 8 108 15
3 9 5 6
3 10 1 9
3 11 146 1
3 15 5 22
3 16 38 29
3 19 13 2
3 20 2 21
3 24 35 5
3 25 2 13
3 27 28 3
4 0 13 1
4 6 16 1
4 8 3 1
4 9 235 1
4 10 165 1
4 13 32 4
4 15 67 2
4 18 2 5
4 19 2 27
4 25 73 2
5 0 58 15
5 1 13 21
5 2 50 1
5 3 38 14
5 4 260 1
5 6 55 1
5 7 1 5
5 8 16 17
5 9 6 10
5 10 2 13
5 11 135 1
5 12 139 1
5 16 15 11
5 17 1 11
5 18 57 1
5 20 1 15
5 22 1 14
5 24 26 11
6 1 94 1
6 4 3 2
6 5 7 13
6 8 11 22
6 9 22 1
6 10 6 25
6 12 96 1
6 14 112 2
6 16 7 2
6 17 16 9
6 19 90 1
6 22 1 12
6 23 57 2
6 27 33 3
7 0 2 17
7 2 158 1
7 3 124 1
7 4 25 9
7 5 2 11
7 6 1 4
7 8 121 1
7 11 306 1
7 14 18 2
7 17 97 1
7 20 117 1
7 21 1 8
7 22 97 2
7 24 3 13
7 25 87 1
8 0 40 11
8 1 30 22
8 2 1 13
8 3 30 29
8 4 3 2
8 5 30 10
8 6 247 3
8 7 299 1
8 9 1 10
8 10 84 1
8 11 1 6
8 12 8 1
8 13 50 1
8 14 134 1
8 16 27 23
8 24 14 2
8 25 26 4
9 1 3 13
9 2 1 3
9 5 3 17
9 6 22 1
9 10 65 1
9 11 2 15
9 12 160 1
9 13 72 4
9 15 27 1
9 17 95 2
9 19 41 6
10 1 3 29
10 2 175 1
10 3 24 20
10 4 1 6
10 5 2 1
10 6 59 2
10 8 112 1
10 9 257 1
10 11 1 16
10 12 1 27
10 13 7 1
10 14 2 4
10 15 149 1
10 18 4 10
10 22 9 6
10 23 128 1
10 24 134 3
10 27 1 1
11 3 266 2
11 4 1 17
11 5 6 17
11 6 135 1
11 7 10 4
11 8 343 1
11 9 10 1
11 10 14 26
11 12 4 3
11 13 1 1
11 14 85 1
11 15 184 1
11 17 42 1
11 18 1 2
11 19 89 3
11 22 51 2
11 24 43 1
11 26 72 1
12 4 3 27
12 5 32 1
12 6 2 24
12 7 145 3
12 9 69 25
12 10 4 25
12 13 5 1
12 15 13 6
12 25 24 2
13 5 1 19
13 7 39 2
13 8 5 28
13 9 1 17
13 10 3 13
13 11 36 28
13 14 1 1
13 18 28 10
14 8 31 6
14 10 17 1
14 11 4 2
14 12 26 4
14 13 1 26
14 15 42 6
14 17 1 27
15 2 23 11
15 3 1 23
15 7 1 2
15 8 127 1
15 10 25 4
15 11 19 6
15 14 52 1
15 18 3 13
15 24 1 7
16 0 84 13
16 1 15 24
16 3 16 2
16 4 56 1
16 5 42 17
16 6 3 8
16 7 4 18
16 8 44 29
16 12 3 12
16 17 12 17
16 18 7 1
16 24 14 18
17 0 1 29
17 1 1 26
17 2 153 1
17 3 1 11
17 4 1 8
17 5 59 3
17 7 59 1
17 10 133 4
17 11 118 1
17 12 29 5
17 16 31 1
17 19 4 24
17 20 58 2
17 25 37 1
17 27 25 2
18 4 158 1
18 10 93 2
18 14 41 25
18 16 157 1
18 19 19 10
18 24 32 22
18 25 4 4
19 0 56 1
19 2 5 1
19 3 45 4
19 16 31 9
19 18 3 15
19 20 30 1
20 0 19 2
20 1 1 26
20 2 32 16
20 3 3 4
20 4 1 6
20 7 127 2
20 12 1 24
20 14 1 13
20 17 81 13
20 18 29 1
20 24 1 25
20 25 1 28
21 0 11 13
21 4 1 1
21 5 1 7
21 9 6 1
22 0 3 22
22 1 59 4
22 3 6 2
22 8 1 4
22 10 1 17
22 12 92 6
22 13 1 16
22 21 11 1
22 26 11 6
23 0 1 2
23 2 9 21
23 5 1 28
23 6 55 3
23 7 17 2
23 8 71 6
23 10 7 29
23 11 138 1
23 15 30 1
23 20 51 8
24 0 14 10
24 1 14 6
24 3 14 18
24 4 66 25
24 5 47 10
24 7 63 21
24 8 111 6
24 11 2 5
24 14 33 14
24 16 14 25
24 23 3 3
24 25 5 3
25 0 2 13
25 1 4 18
25 7 97 1
25 8 129 1
25 10 17 1
25 11 1 15
25 14 24 4
25 20 13 2
25 23 7 12
25 27 1 19
26 5 1 20
27 3 2 15
27 6 58 2
27 7 1 2
27 8 7 28
27 11 27 3
27 21 6 19
27 25 45 3
27 26 20 14
