0 1 32 1
0 2 1 26
0 3 20 28
0 4 188 1
0 5 33 20
0 6 258 21
0 7 4 4
0 8 73 19
0 10 1 1
0 12 77 7
0 13 29 13
0 16 8 11
0 17 1 16
0 19 4 14
0 20 1 11
0 22 2 14
0 24 19 12
0 25 14 16
0 27 46 3
1 0 4 12
1 2 4 21
1 3 9 12
1 4 10 1
1 5 140 4
1 6 31 1
1 8 19 20
1 9 227 1
1 14 56 1
1 15 1 3
1 16 7 26
1 22 2 24
1 24 39 17
1 26 58 5
2 0 13 1
2 1 224 1
2 3 4 20
2 5 55 5
2 7 165 1
2 8 4 16
2 10 145 2
2 11 1 19
2 12 70 19
2 14 7 1
2 17 1 5
2 23 15 28
3 0 6 13
3 1 172 6
3 2 6 6
3 4 3 8
3 5 22 11
3 6 7 1
3 8 131 6
3 9 1 27
3 10 1 17
3 11 131 1
3 16 7 23
3 20 8 27
3 21 1 24
3 23 2 5
3 24 7 2
4 0 9 1
4 1 167 1
4 5 1 2
4 6 10 1
4 7 225 6
4 8 2 1
4 9 215 1
4 10 1 23
4 17 67 7
4 18 14 19
4 19 3 5
4 20 137 1
4 23 43 1
4 27 6 10
5 0 81 1
5 1 32 5
5 3 134 17
5 4 222 1
5 6 1 6
5 7 1 2
5 8 9 10
5 9 9 29
5 10 1 20
5 11 130 1
5 12 133 1
5 16 52 13
5 17 3 18
5 18 54 1
5 20 3 22
5 23 1 19
5 24 8 27
5 27 1 26
6 0 255 1
6 1 5 1
6 3 168 1
6 4 5 15
6 5 29 3
6 7 3 26
6 8 10 29
6 9 7 1
6 10 4 13
6 12 87 1
6 13 2 6
6 15 4 16
6 17 1 28
6 24 2 3
7 0 1 22
7 1 240 1
7 2 140 1
7 3 90 1
7 5 2 25
7 6 350 6
7 8 66 1
7 9 111 1
7 11 134 6
7 12 1 28
7 13 1 12
7 14 159 3
7 15 1 6
7 17 92 1
7 20 110 1
7 23 2 6
7 26 59 1
8 0 106 5
8 1 38 6
8 2 263 20
8 3 37 11
8 5 10 27
8 6 3 18
8 7 247 1
8 9 3 27
8 10 105 1
8 11 12 11
8 12 5 3
8 13 45 1
8 14 122 1
8 15 4 11
8 16 57 17
8 19 1 28
8 20 95 1
8 21 63 16
8 22 2 10
8 24 7 15
8 27 4 19
9 1 3 21
9 4 1 2
9 5 16 1
9 6 7 1
9 7 1 10
9 10 34 1
9 11 3 15
9 12 136 1
9 17 91 1
10 0 65 2
10 2 163 1
10 3 3 8
10 4 1 9
10 6 15 8
10 8 71 1
10 9 76 1
10 12 4 5
10 14 18 7
10 15 136 1
10 17 111 25
10 18 1 16
10 19 1 20
10 22 1 25
10 25 10 22
10 26 73 26
11 0 3 11
11 4 40 16
11 6 123 1
11 7 19 28
11 8 333 1
11 9 3 14
11 10 4 10
11 14 70 1
11 15 129 1
11 16 42 4
11 20 112 4
11 22 47 1
11 23 128 2
11 24 248 5
11 25 2 24
11 26 68 3
12 0 1 20
12 5 26 1
12 6 1 10
12 8 5 19
12 9 1 7
12 14 28 4
12 15 11 5
12 18 1 8
12 21 67 1
12 22 1 3
12 25 23 5
13 1 23 1
13 2 7 7
13 6 44 1
13 7 36 1
13 8 1 26
13 10 2 28
13 11 1 29
13 14 7 18
13 15 4 27
13 18 27 21
13 25 7 1
14 0 67 8
14 5 15 2
14 7 1 16
14 8 2 20
14 9 109 11
14 10 5 2
14 11 25 17
14 12 24 2
14 13 1 9
14 15 38 1
14 18 14 16
14 20 1 3
14 22 1 14
15 0 1 7
15 1 1 13
15 5 1 4
15 10 26 13
15 11 142 15
15 14 39 1
15 16 23 1
15 17 5 23
15 18 5 27
16 0 63 2
16 1 36 11
16 2 1 11
16 3 8 10
16 4 52 1
16 5 7 25
16 7 1 17
16 8 227 2
16 9 2 3
16 13 1 9
16 14 25 21
16 17 22 3
16 24 8 27
16 27 3 2
17 0 2 20
17 1 4 10
17 2 149 2
17 3 1 8
17 4 9 28
17 5 55 1
17 7 54 1
17 8 1 1
17 10 130 1
17 11 115 4
17 16 31 4
17 18 138 8
17 19 1 1
17 25 36 2
18 0 1 22
18 1 141 4
18 4 139 1
18 5 70 3
18 10 90 1
18 11 17 27
18 12 2 18
18 13 10 2
18 16 36 2
18 17 29 2
18 19 19 4
18 20 1 29
18 23 17 15
19 0 100 1
19 1 8 2
19 6 26 11
19 7 103 6
19 10 8 3
19 17 40 1
19 18 3 27
19 20 13 1
20 1 2 26
20 2 13 16
20 3 1 19
20 5 71 6
20 7 121 1
20 10 8 2
20 11 3 19
20 13 3 3
20 17 2 24
21 5 1 23
21 12 17 3
22 7 26 10
22 9 2 2
22 10 8 28
23 1 2 28
23 7 142 1
23 11 130 1
23 12 1 22
23 21 1 3
23 27 5 2
24 0 52 16
24 1 22 25
24 3 8 6
24 4 4 9
24 5 57 29
24 6 42 4
24 7 1 5
24 8 33 14
24 10 5 6
24 11 3 19
24 12 2 28
24 16 58 1
24 22 6 1
24 25 4 16
24 26 25 3
25 0 2 1
25 7 84 1
25 8 126 1
25 9 1 29
25 10 13 1
25 11 8 10
25 21 10 9
25 27 10 5
26 2 3 1
26 11 4 15
26 18 1 24
26 24 3 14
26 25 6 7
27 0 6 21
27 3 2 4
27 6 56 6
27 8 3 8
27 14 5 10
