0 1 28 14
0 2 5 8
0 3 14 29
0 4 118 2
0 5 29 19
0 6 227 1
0 8 39 8
0 9 6 3
0 11 165 1
0 12 65 1
0 14 1 4
0 16 13 29
0 19 186 2
0 20 165 1
0 22 14 5
0 24 20 27
1 0 10 15
1 2 11 2
1 3 13 22
1 4 4 1
1 5 24 2
1 6 1 10
1 7 1 5
1 8 18 15
1 9 177 1
1 10 283 2
1 12 53 8
1 14 41 2
1 16 38 3
1 17 13 10
1 18 112 1
1 24 18 24
1 27 48 7
2 0 90 1
2 1 102 1
2 3 1 28
2 5 37 1
2 6 5 2
2 7 71 1
2 8 39 25
2 10 73 1
2 11 1 13
2 13 1 19
2 14 2 22
2 20 14 27
3 0 13 20
3 1 14 21
3 2 135 1
3 4 2 13
3 5 29 17
3 7 9 24
3 8 156 9
3 9 6 25
3 10 92 14
3 11 57 1
3 16 38 3
3 20 1 7
3 23 3 13
3 24 36 20
3 25 8 14
4 0 1 29
4 1 27 1
4 2 1 14
4 3 13 3
4 5 13 22
4 6 18 1
4 7 223 2
4 8 295 1
4 9 109 1
4 10 6 2
4 11 5 21
4 13 22 2
4 18 1 12
4 20 127 1
4 22 48 28
4 25 68 1
4 27 42 17
5 0 20 10
5 1 37 19
5 2 26 2
5 3 13 13
5 4 43 1
5 6 25 12
5 7 1 15
5 8 47 28
5 9 2 3
5 10 3 24
5 16 13 20
5 17 2 27
5 20 1 10
5 22 9 27
5 24 13 12
6 0 198 1
6 1 284 1
6 2 1 14
6 4 56 21
6 5 52 11
6 7 1 21
6 8 9 19
6 9 6 29
6 10 19 15
6 11 11 4
6 12 43 2
6 14 75 1
6 17 1 4
6 18 5 23
6 19 76 1
6 20 139 5
7 0 1 27
7 1 173 1
7 2 51 1
7 5 1 8
7 6 81 1
7 8 20 1
7 9 67 1
7 10 63 1
7 11 5 1
7 12 1 7
7 15 11 12
7 17 66 1
7 23 8 16
7 24 1 19
7 25 20 1
8 0 13 19
8 1 219 18
8 2 310 1
8 3 14 1
8 4 19 20
8 5 42 12
8 6 111 1
8 7 69 1
8 9 3 18
8 10 2 22
8 11 4 1
8 14 61 1
8 15 1 22
8 16 25 21
8 17 2 1
8 18 136 1
8 20 65 1
8 24 24 29
8 25 7 4
9 3 1 17
9 4 1 25
9 5 3 26
9 6 4 13
9 7 1 26
9 8 1 26
9 10 2 23
9 11 20 25
9 12 30 1
9 13 54 1
9 14 13 21
9 18 123 1
9 20 46 1
9 22 1 27
9 23 1 2
9 24 67 1
10 1 13 20
10 2 89 1
10 3 1 6
10 5 1 17
10 6 4 25
10 7 1 28
10 8 6 26
10 9 27 1
10 11 255 1
10 12 8 13
10 14 2 21
10 15 66 1
10 16 68 2
10 17 11 22
10 20 1 21
10 22 12 12
10 23 107 4
10 27 9 20
11 0 1 23
11 2 14 20
11 3 217 1
11 4 1 15
11 5 4 2
11 6 63 2
11 7 305 2
11 8 227 1
11 9 3 8
11 10 2 28
11 12 154 2
11 14 9 1
11 15 1 17
11 16 34 5
11 20 88 4
11 22 27 1
11 23 79 2
11 24 180 17
11 25 17 19
12 4 30 1
12 6 1 21
12 8 212 1
12 9 68 16
12 10 3 22
12 13 1 8
12 19 2 2
12 23 1 12
13 4 56 6
13 7 18 1
13 8 39 27
13 10 13 26
13 12 1 28
13 14 15 1
13 17 1 17
13 22 1 25
14 2 1 12
14 4 89 2
14 7 3 3
14 9 4 2
14 10 2 6
14 11 6 12
14 12 108 3
14 17 1 1
14 18 18 11
15 0 83 2
15 6 33 3
15 8 91 2
15 10 10 22
15 11 4 15
15 27 1 25
16 0 13 17
16 1 13 21
16 3 13 2
16 5 19 3
16 6 1 6
16 7 2 3
16 8 13 28
16 9 4 21
16 17 8 7
16 24 13 1
16 25 15 1
17 1 5 22
17 2 114 2
17 4 22 11
17 6 1 2
17 9 135 1
17 10 107 1
17 11 97 1
17 16 9 9
17 19 8 12
17 21 40 9
18 0 3 7
18 1 26 1
18 4 44 1
18 5 51 2
18 8 27 16
18 9 5 3
18 16 5 1
18 17 11 3
19 0 8 1
19 4 3 1
19 5 16 3
19 16 2 25
19 20 7 24
20 1 162 18
20 2 1 4
20 6 79 1
20 7 84 1
20 9 98 1
20 12 13 14
20 15 25 3
20 19 4 3
20 25 2 13
21 7 1 14
21 10 64 1
21 11 69 4
21 12 1 19
21 20 10 5
21 25 11 21
22 8 1 5
22 10 1 17
22 11 45 29
22 13 3 3
22 20 1 2
23 7 125 3
23 8 55 1
23 11 81 1
23 12 6 22
23 15 18 1
23 24 16 5
23 26 17 4
24 0 13 13
24 1 45 26
24 3 59 9
24 5 14 26
24 6 30 1
24 8 13 4
24 9 4 8
24 11 1 27
24 12 1 22
24 16 13 7
24 22 2 8
24 26 14 1
25 0 1 1
25 11 46 1
26 7 6 4
26 10 73 3
26 21 5 10
26 27 1 5
27 8 11 14
27 9 1 20
27 11 3 3
27 17 37 1
27 20 15 1
27 25 16 2
