0 1 11 26
0 2 1 18
0 3 48 21
0 4 97 1
0 5 7 5
0 6 208 1
0 7 181 1
0 8 7 6
0 9 33 20
0 10 165 2
0 11 151 2
0 12 60 3
0 16 56 3
0 18 82 1
0 19 12 1
0 20 2 7
0 23 48 1
0 24 7 13
0 25 1 25
1 0 31 29
1 2 2 26
1 3 7 9
1 4 2 27
1 5 7 27
1 6 2 19
1 8 268 16
1 9 158 1
1 10 276 1
1 14 37 3
1 16 34 20
1 17 23 26
1 18 101 1
1 19 20 1
1 20 1 2
1 21 1 29
1 22 1 12
1 24 7 4
1 25 1 18
1 26 57 2
2 0 67 1
2 1 36 1
2 3 14 28
2 4 1 24
2 5 30 3
2 6 1 26
2 7 47 1
2 8 3 8
2 10 53 1
2 12 7 19
2 14 1 10
2 16 11 2
2 17 1 5
2 19 15 1
2 20 8 21
3 0 8 23
3 1 7 24
3 2 4 1
3 5 20 27
3 7 35 19
3 8 8 4
3 11 38 1
3 15 1 8
3 16 70 3
3 20 2 9
3 24 81 24
4 1 319 1
4 2 1 1
4 5 2 27
4 6 168 1
4 8 266 1
4 9 78 1
4 10 1 17
4 11 1 10
4 12 1 27
4 13 19 3
4 17 82 6
4 21 50 4
5 0 7 11
5 1 35 2
5 3 44 7
5 4 11 1
5 6 3 24
5 8 10 7
5 10 4 1
5 11 91 2
5 12 84 2
5 16 69 4
5 19 24 1
5 20 1 14
5 24 18 17
5 25 1 12
5 27 1 19
6 0 177 2
6 1 206 1
6 2 1 21
6 3 100 1
6 4 9 18
6 5 237 1
6 7 20 4
6 8 207 2
6 9 2 6
6 10 10 29
6 11 16 13
6 12 32 2
6 19 72 1
6 20 135 2
6 23 44 3
7 0 160 19
7 1 151 1
7 2 30 1
7 3 3 8
7 5 1 7
7 6 75 1
7 8 116 1
7 9 54 1
7 10 53 2
7 11 2 14
7 12 38 15
7 14 126 2
7 15 41 15
7 16 1 14
7 17 59 1
7 19 2 28
7 20 63 2
7 22 79 1
7 23 35 12
7 24 1 4
7 25 9 1
8 0 7 12
8 1 8 22
8 2 96 1
8 3 169 4
8 4 1 24
8 5 9 20
8 6 126 1
8 7 39 1
8 9 89 2
8 10 4 5
8 11 14 1
8 12 172 1
8 13 15 2
8 14 44 1
8 15 1 18
8 16 7 15
8 18 129 1
8 21 4 8
8 24 7 2
8 26 4 9
8 27 6 3
9 1 3 28
9 4 1 9
9 5 61 19
9 6 3 1
9 7 2 3
9 8 14 26
9 10 19 20
9 11 1 10
9 12 11 2
9 13 49 1
9 14 4 5
9 15 7 3
9 18 121 2
9 22 34 4
10 0 30 3
10 1 1 1
10 3 1 5
10 4 1 10
10 5 3 18
10 6 2 4
10 7 1 28
10 8 21 7
10 9 1 1
10 11 201 1
10 12 1 4
10 13 1 25
10 14 1 1
10 15 47 1
10 16 66 1
10 18 2 22
10 21 1 6
10 22 1 6
10 23 101 3
10 25 107 25
11 0 2 7
11 1 1 4
11 2 1 28
11 3 195 1
11 4 1 27
11 6 48 1
11 7 284 1
11 8 190 1
11 9 10 25
11 10 1 10
11 13 4 18
11 15 11 13
11 16 32 3
11 19 74 1
11 20 81 2
11 21 69 4
11 23 65 1
11 24 167 1
11 25 5 16
11 27 1 21
12 1 1 29
12 7 123 1
12 8 206 1
12 9 50 1
12 10 1 14
12 15 1 9
12 18 11 21
12 21 44 4
12 22 69 3
13 1 13 1
13 4 4 6
13 7 13 4
13 10 15 6
13 12 1 26
13 14 34 2
13 27 1 2
14 0 58 3
14 8 3 27
14 10 2 9
14 11 1 26
14 12 101 1
14 18 9 1
14 21 18 1
15 7 48 1
15 8 81 2
15 9 5 22
15 10 22 7
15 11 151 1
15 14 1 6
15 16 21 1
15 17 2 17
15 20 8 9
16 0 6 27
16 1 57 18
16 3 56 1
16 4 21 1
16 5 7 3
16 6 15 7
16 8 7 10
16 9 18 14
16 10 7 7
16 17 1 9
16 18 1 3
16 20 2 9
16 24 21 3
17 0 5 13
17 1 2 18
17 3 12 19
17 4 2 1
17 9 130 1
17 10 99 1
17 11 92 1
17 16 2 8
17 20 37 2
17 24 43 7
17 27 19 2
18 1 125 1
18 5 45 2
18 9 5 14
18 11 2 4
18 13 7 6
18 16 83 1
19 0 65 1
19 7 81 1
19 8 2 29
19 9 15 22
19 20 2 8
20 1 1 2
20 6 72 3
20 8 134 2
20 9 95 11
20 16 17 10
20 17 1 18
20 19 2 1
20 21 32 17
21 4 1 7
21 10 3 21
21 19 1 17
21 22 1 23
21 24 1 18
22 1 54 4
22 7 37 11
22 8 5 12
22 10 65 15
22 12 71 1
22 18 5 2
22 23 1 28
22 26 8 6
23 5 2 5
23 6 43 1
23 7 119 2
23 11 66 1
23 12 4 12
23 14 16 8
23 15 14 2
24 0 17 17
24 1 52 28
24 2 2 27
24 3 33 18
24 4 2 25
24 5 33 1
24 6 26 4
24 7 2 9
24 8 87 24
24 11 7 6
24 16 7 13
24 23 5 4
25 4 1 4
25 7 14 1
25 8 94 1
25 11 10 1
25 15 10 1
25 27 1 20
26 7 6 16
26 11 42 6
26 20 1 1
26 27 1 5
27 4 1 22
27 7 1 19
27 23 7 3
27 26 11 1
