0 1 1 4
0 2 5 5
0 3 19 1
0 4 88 1
0 5 8 1
0 6 199 1
0 8 27 1
0 11 145 2
0 13 5 1
0 15 4 4
0 16 82 1
0 17 1 8
0 18 80 2
0 19 1 1
0 20 20 12
0 21 3 24
0 24 31 5
1 0 52 6
1 2 143 18
1 3 29 1
1 4 31 17
1 5 52 25
1 6 11 2
1 7 1 22
1 8 1 7
1 9 150 1
1 10 272 1
1 13 4 12
1 16 18 1
1 17 2 13
1 18 96 2
1 19 17 3
1 21 1 8
1 22 1 14
1 23 22 10
1 24 154 1
1 25 1 15
2 0 58 1
2 1 24 1
2 3 4 1
2 4 2 1
2 5 28 1
2 6 4 24
2 7 37 1
2 8 7 5
2 11 2 26
2 17 2 10
2 20 9 5
2 24 3 22
3 0 20 1
3 1 55 1
3 2 38 1
3 4 1 12
3 5 36 18
3 7 5 20
3 8 55 1
3 9 1 2
3 10 2 7
3 11 31 1
3 12 74 3
3 15 2 23
3 16 128 1
3 20 1 18
3 21 17 23
3 22 18 1
3 23 5 20
3 24 9 1
4 1 289 1
4 2 9 9
4 3 6 1
4 5 2 14
4 6 145 1
4 8 252 1
4 9 65 1
4 10 1 3
4 15 53 1
4 16 1 6
4 20 122 6
5 0 27 1
5 1 5 8
5 3 12 21
5 4 3 1
5 6 4 10
5 7 2 4
5 8 409 2
5 9 25 1
5 10 7 29
5 11 87 2
5 12 79 1
5 14 37 28
5 16 99 1
5 17 1 29
5 24 11 16
5 25 1 5
6 1 172 1
6 2 5 26
6 3 91 2
6 4 4 25
6 5 102 25
6 7 40 1
6 8 242 1
6 9 43 12
6 10 58 12
6 11 1 19
6 12 27 1
6 14 60 3
6 16 1 11
6 18 1 11
6 19 70 1
6 25 93 1
7 0 1 19
7 1 141 1
7 2 22 2
7 3 3 22
7 4 233 3
7 5 2 28
7 6 65 1
7 8 90 1
7 10 44 1
7 11 7 26
7 12 1 17
7 13 1 17
7 14 120 1
7 15 1 20
7 16 1 2
7 17 55 2
7 20 59 1
7 23 35 6
7 24 3 21
8 0 4 2
8 1 251 11
8 2 59 1
8 3 46 1
8 4 2 15
8 5 34 3
8 6 29 1
8 7 36 1
8 9 91 2
8 10 27 11
8 11 1 18
8 12 168 1
8 14 38 1
8 15 2 22
8 16 46 1
8 24 17 1
8 27 1 16
9 1 2 24
9 2 1 25
9 4 1 15
9 6 23 7
9 7 25 28
9 8 17 3
9 10 3 28
9 11 3 25
9 12 6 1
9 14 23 5
9 17 59 3
9 22 11 28
9 25 2 8
10 3 1 26
10 5 1 26
10 6 113 21
10 7 1 7
10 8 5 3
10 11 235 1
10 12 1 9
10 13 4 3
10 14 1 15
10 15 39 1
10 19 1 20
10 22 12 29
10 24 95 1
10 27 4 29
11 0 14 9
11 2 2 21
11 3 184 1
11 4 58 20
11 6 41 2
11 7 385 1
11 8 173 1
11 9 1 29
11 10 25 2
11 15 5 20
11 20 77 4
11 21 69 2
11 23 58 1
11 24 10 1
11 25 57 11
12 6 2 16
12 7 120 1
12 8 1 1
12 9 53 15
12 10 1 21
12 11 3 10
12 13 2 8
12 15 1 1
12 17 92 4
12 19 1 21
12 21 42 3
12 22 67 1
12 23 64 27
13 4 68 4
13 10 5 11
13 12 3 29
13 25 4 1
14 7 1 16
14 8 1 7
14 9 108 1
14 10 5 2
14 11 15 12
14 12 98 1
14 15 2 1
14 22 3 12
15 0 80 7
15 4 73 13
15 5 4 15
15 7 181 4
15 8 77 1
15 9 1 21
15 10 1 7
15 11 79 24
15 14 2 21
15 18 1 9
15 24 10 6
16 0 20 18
16 1 14 1
16 3 21 11
16 5 56 1
16 8 30 22
16 12 6 8
16 17 98 28
16 18 1 6
16 21 21 23
16 24 10 1
16 25 14 1
17 0 2 18
17 1 2 27
17 2 96 1
17 3 1 15
17 4 1 22
17 5 25 4
17 6 1 3
17 7 24 1
17 12 15 1
17 13 50 5
17 16 1 4
17 18 3 2
17 20 36 1
17 22 18 22
18 1 124 1
18 2 2 25
18 4 16 1
18 9 2 6
18 10 65 4
18 14 41 18
18 16 72 2
18 19 13 8
18 20 75 13
19 0 54 1
19 20 2 2
20 2 4 27
20 6 70 1
20 7 68 1
20 9 94 4
20 11 159 2
20 13 1 10
20 17 116 21
20 19 46 21
20 24 8 12
20 25 1 2
21 2 3 21
21 23 1 20
22 5 2 1
22 7 1 25
22 8 5 8
22 11 1 28
22 14 1 2
22 23 1 6
22 25 9 2
23 10 1 28
23 11 59 1
23 12 29 17
23 13 3 1
23 15 12 4
23 16 1 29
23 19 6 10
24 0 24 1
24 1 116 2
24 3 59 1
24 5 20 12
24 6 24 4
24 8 9 17
24 11 1 4
24 12 42 28
24 16 11 6
24 26 9 10
25 0 2 8
25 7 9 1
25 8 90 1
25 9 1 2
25 11 313 1
25 22 9 3
25 27 7 18
26 9 36 2
26 11 42 8
26 27 9 27
27 4 2 15
27 6 44 3
27 7 6 16
27 9 1 16
27 20 13 3
27 26 5 1
