0 1 226 1
0 2 86 14
0 3 66 2
0 4 86 1
0 5 136 1
0 6 196 1
0 7 129 1
0 8 41 1
0 11 144 1
0 13 1 11
0 14 1 23
0 16 2 12
0 18 79 5
0 19 178 1
0 24 50 6
0 25 1 11
1 0 84 1
1 2 3 22
1 3 15 1
1 4 2 28
1 5 11 1
1 6 2 26
1 7 4 15
1 8 46 17
1 10 270 1
1 14 34 3
1 16 26 19
1 17 3 7
1 18 95 1
1 19 16 1
1 24 1 17
1 25 2 7
1 27 45 4
2 0 55 1
2 1 18 1
2 3 14 1
2 5 27 2
2 6 3 28
2 7 35 1
2 8 4 9
2 9 3 1
2 10 43 1
2 11 79 12
2 14 1 13
2 17 2 25
3 0 42 29
3 1 10 1
3 2 30 1
3 4 6 28
3 5 168 12
3 6 2 13
3 7 6 22
3 8 11 29
3 9 2 20
3 10 95 26
3 11 29 2
3 12 76 20
3 15 1 1
3 16 2 7
3 24 28 13
4 0 1 4
4 1 280 1
4 5 39 9
4 6 139 1
4 7 5 1
4 8 249 1
4 9 62 1
4 10 1 1
4 11 111 17
4 12 1 12
4 16 54 28
4 18 1 18
4 25 65 3
5 0 33 1
5 1 57 1
5 2 17 4
5 3 21 19
5 6 33 1
5 7 1 26
5 8 19 1
5 10 133 9
5 12 77 2
5 13 2 17
5 16 65 1
5 17 33 1
5 24 134 8
6 0 165 1
6 1 164 1
6 2 5 22
6 3 89 2
6 4 4 17
6 5 169 1
6 7 6 8
6 8 180 11
6 9 9 24
6 10 3 20
6 11 11 6
6 14 59 2
6 15 108 1
6 17 31 27
6 18 3 2
6 20 133 2
6 22 1 23
7 0 81 13
7 1 139 1
7 2 20 1
7 3 8 28
7 4 232 5
7 6 61 1
7 8 83 1
7 10 310 1
7 11 4 13
7 12 49 17
7 14 118 2
7 15 58 12
7 18 80 2
7 19 1 10
7 20 58 1
7 22 76 3
7 23 1 10
7 24 1 18
8 0 88 19
8 1 20 4
8 2 50 1
8 3 33 1
8 4 1 19
8 5 449 10
8 6 46 1
8 7 29 1
8 9 90 2
8 10 14 18
8 11 408 1
8 12 166 1
8 14 36 1
8 15 6 6
8 16 6 18
8 17 1 6
8 18 125 2
8 19 103 1
8 22 1 23
8 23 1 25
8 24 16 28
8 27 1 18
9 0 2 6
9 1 7 8
9 4 1 28
9 5 232 1
9 6 3 2
9 7 2 2
9 8 19 26
9 10 10 11
9 11 22 24
9 12 4 3
9 13 46 2
9 15 5 2
9 17 58 3
9 20 40 6
9 21 2 15
10 0 26 3
10 1 1 19
10 2 56 2
10 3 36 25
10 4 24 7
10 5 6 12
10 6 1 12
10 7 2 27
10 8 45 11
10 9 1 27
10 11 229 1
10 12 1 4
10 13 4 4
10 14 2 7
10 15 37 2
10 18 38 10
10 19 1 5
10 22 33 28
10 24 94 1
10 25 2 16
10 27 1 21
11 1 5 9
11 3 181 1
11 4 5 8
11 5 1 1
11 6 39 2
11 7 364 1
11 8 169 1
11 9 5 3
11 10 8 19
11 12 146 2
11 13 1 25
11 15 3 15
11 16 30 1
11 19 71 3
11 23 56 2
11 24 6 1
11 25 3 21
11 26 42 1
11 27 1 19
12 2 1 4
12 4 28 3
12 6 1 18
12 7 120 2
12 8 203 1
12 9 195 1
12 10 1 2
12 11 1 1
12 13 4 15
12 15 1 2
12 16 66 5
12 18 1 26
12 21 41 5
12 22 66 1
12 27 5 1
13 4 1 11
13 7 11 2
13 8 27 28
13 12 6 25
13 23 8 19
13 26 7 17
14 5 5 4
14 7 5 11
14 9 107 1
14 10 4 13
14 13 11 1
14 15 1 3
14 23 22 1
15 1 82 17
15 3 1 25
15 7 27 21
15 8 76 1
15 10 3 27
15 11 242 1
15 12 1 13
15 17 1 12
15 19 1 1
15 20 11 27
15 23 2 2
15 25 1 2
15 27 11 24
16 0 24 17
16 1 38 1
16 3 78 1
16 5 43 1
16 8 58 1
16 9 4 4
16 11 42 11
16 12 1 26
16 17 3 19
16 18 1 4
16 24 10 13
16 25 13 28
17 0 3 1
17 1 14 29
17 2 95 1
17 3 16 8
17 4 2 23
17 6 1 27
17 9 126 4
17 15 59 2
17 16 3 20
17 20 35 1
18 0 2 23
18 1 20 1
18 2 55 5
18 3 16 9
18 4 14 2
18 5 41 3
18 6 152 1
18 12 37 25
18 16 70 1
18 17 5 8
18 25 26 24
19 0 55 1
19 3 39 1
19 20 6 3
20 0 1 6
20 1 9 23
20 3 1 6
20 5 60 2
20 8 129 1
20 14 1 25
20 17 5 19
20 19 2 18
20 25 3 3
21 14 1 10
22 0 40 26
22 10 65 22
22 11 2 9
22 12 67 2
22 13 3 29
22 17 23 8
22 21 2 29
22 23 2 4
23 0 2 27
23 7 115 1
23 10 1 3
23 12 1 24
23 16 1 15
23 18 1 27
23 24 10 2
23 26 16 27
24 0 11 16
24 1 107 1
24 3 90 26
24 5 105 1
24 8 13 1
24 11 1 5
24 15 2 23
24 16 28 1
24 23 1 21
25 1 6 6
25 5 26 8
25 7 8 2
25 8 89 1
25 11 306 1
25 13 1 19
25 15 9 4
25 20 5 6
25 22 8 5
26 2 1 7
26 3 27 29
26 4 1 9
26 5 1 7
26 22 1 7
27 3 2 12
27 6 44 4
27 7 2 10
27 16 24 11
27 20 13 4
