0 1 2 10
0 2 2 23
0 3 144 24
0 4 79 1
0 5 190 1
0 6 189 1
0 7 124 2
0 8 66 1
0 9 32 2
0 10 157 2
0 13 30 7
0 14 2 27
0 16 14 8
0 18 78 1
0 19 169 1
0 20 27 27
0 24 119 3
1 0 12 1
1 2 1 3
1 3 167 2
1 4 12 16
1 5 312 1
1 6 35 19
1 7 2 17
1 8 231 1
1 9 141 1
1 13 5 12
1 15 34 23
1 16 63 23
1 17 2 9
1 18 91 1
1 22 2 14
1 23 22 1
1 24 15 12
2 0 48 1
2 1 15 1
2 3 83 1
2 4 2 18
2 6 1 28
2 7 28 2
2 8 12 21
2 10 37 1
2 11 1 22
2 18 47 2
2 19 13 1
3 0 54 1
3 1 44 1
3 2 14 1
3 4 2 15
3 5 29 2
3 6 2 18
3 7 3 15
3 8 112 1
3 10 1 15
3 11 24 2
3 13 24 23
3 15 1 21
3 16 73 1
3 17 130 2
3 24 75 1
4 1 252 1
4 2 4 24
4 5 121 6
4 6 122 1
4 7 3 16
4 8 238 1
4 9 53 1
4 15 52 1
4 16 12 9
4 18 26 1
4 20 121 1
4 22 4 6
5 0 80 18
5 1 105 1
5 3 39 1
5 6 181 1
5 7 2 28
5 8 41 1
5 9 83 1
5 10 134 1
5 11 83 1
5 16 42 1
5 17 6 22
5 24 136 2
5 27 1 16
6 0 158 1
6 1 140 1
6 2 1 12
6 3 83 1
6 4 2 1
6 5 33 1
6 7 8 6
6 8 131 12
6 9 46 15
6 10 107 10
6 17 76 14
6 19 67 6
6 20 131 2
7 0 1 15
7 1 131 2
7 2 15 1
7 3 2 4
7 4 230 2
7 6 50 1
7 8 62 1
7 10 309 1
7 11 6 2
7 12 1 9
7 13 5 19
7 14 114 1
7 15 17 4
7 16 2 3
7 17 52 1
7 20 54 2
7 22 75 1
7 23 4 29
7 24 1 5
7 25 3 1
7 26 38 3
8 0 19 1
8 1 32 5
8 2 19 1
8 3 5 6
8 4 30 5
8 5 48 16
8 6 18 1
8 7 11 1
8 9 87 2
8 10 48 14
8 11 402 21
8 13 11 1
8 14 31 2
8 16 33 29
8 17 5 22
8 19 101 5
8 20 49 1
8 22 1 4
8 24 67 15
8 27 4 13
9 1 6 6
9 3 5 8
9 4 1 2
9 5 57 1
9 6 3 13
9 7 1 15
9 8 2 24
9 10 6 15
9 11 3 15
9 13 45 1
9 14 1 6
9 18 118 1
9 23 15 21
10 1 4 28
10 2 50 1
10 3 1 26
10 4 4 1
10 5 5 2
10 6 2 16
10 7 1 15
10 8 6 27
10 11 198 1
10 12 1 26
10 13 1 24
10 14 1 10
10 15 32 1
10 18 1 19
10 20 1 2
10 24 91 1
10 25 10 19
10 26 73 19
10 27 52 14
11 0 1 21
11 1 5 21
11 2 1 8
11 3 173 1
11 5 160 2
11 6 35 1
11 7 281 1
11 8 157 1
11 9 2 16
11 10 2 9
11 12 144 1
11 15 10 19
11 21 68 1
11 23 52 1
11 24 154 1
11 25 125 29
11 27 2 6
12 0 1 26
12 1 2 2
12 6 18 11
12 7 118 1
12 8 200 1
12 9 43 1
12 10 1 13
12 11 1 15
12 14 2 2
12 16 65 25
12 18 1 17
12 21 39 1
13 6 19 3
13 7 9 1
13 9 1 20
13 16 1 22
13 22 1 8
14 0 55 4
14 1 1 1
14 7 1 7
14 10 3 19
14 11 16 11
14 20 4 23
14 22 3 3
14 23 21 1
14 24 7 3
15 0 80 1
15 3 2 26
15 5 1 27
15 6 24 1
15 7 39 1
15 8 72 1
15 10 13 15
15 11 144 1
15 17 58 4
15 24 14 17
16 1 34 1
16 3 53 1
16 5 20 3
16 6 10 14
16 8 54 2
16 9 1 15
16 10 79 20
16 12 60 14
16 15 14 1
16 17 60 8
16 18 1 18
16 21 1 17
16 24 35 8
17 0 1 2
17 1 8 5
17 2 90 2
17 3 1 22
17 4 43 7
17 5 23 1
17 6 3 18
17 8 1 21
17 9 124 1
17 12 13 5
17 16 1 5
17 20 34 1
18 1 16 2
18 3 16 2
18 5 39 2
18 6 150 4
18 10 63 1
18 16 62 1
18 27 2 15
19 0 46 2
19 3 38 1
19 5 14 2
19 7 76 1
19 8 1 15
19 9 5 26
19 17 20 4
19 18 14 2
19 20 3 6
20 1 182 19
20 2 35 21
20 4 142 1
20 6 67 2
20 7 63 1
20 9 93 6
20 13 19 20
20 14 6 18
20 18 17 13
20 19 55 11
20 23 5 1
20 24 8 12
20 27 1 1
21 15 2 14
21 26 1 14
22 7 1 19
22 9 1 1
22 10 1 19
22 11 2 5
22 12 65 5
23 10 31 6
23 11 53 2
23 12 1 5
23 20 50 4
23 24 8 1
24 0 171 2
24 1 10 1
24 3 56 1
24 5 162 1
24 7 1 18
24 8 181 8
24 10 117 2
24 11 1 13
24 14 30 1
24 16 13 28
25 1 1 4
25 5 25 22
25 6 21 6
25 9 2 21
25 14 12 4
25 24 1 8
25 27 4 4
26 4 1 29
26 25 4 6
26 27 5 23
27 1 1 29
27 3 4 21
27 10 11 6
27 13 7 14
27 14 3 25
27 19 1 24
27 26 58 1
