0 1 16 24
0 2 1 5
0 3 15 13
0 4 36 1
0 5 18 12
0 6 136 1
0 7 105 1
0 8 48 25
0 10 133 1
0 11 104 1
0 15 3 20
0 16 16 17
0 19 97 1
0 24 14 25
0 25 4 12
1 0 17 1
1 2 254 1
1 3 13 18
1 4 206 13
1 5 185 8
1 6 6 24
1 7 1 22
1 8 20 3
1 9 94 1
1 10 236 1
1 11 1 28
1 12 157 5
1 14 23 1
1 16 14 16
1 17 35 18
1 18 63 1
1 19 2 10
1 24 19 10
1 25 44 3
2 0 10 2
2 1 11 8
2 3 4 1
2 4 1 26
2 6 31 7
2 8 346 1
2 10 6 1
2 11 2 23
2 13 1 16
2 17 12 12
2 24 1 24
3 0 17 11
3 1 34 17
3 2 3 24
3 4 50 11
3 5 30 26
3 6 1 13
3 7 18 10
3 8 23 20
3 9 15 19
3 10 4 22
3 16 15 19
3 17 110 3
3 22 16 12
3 24 21 22
3 27 17 1
4 0 12 14
4 1 76 1
4 2 1 24
4 5 7 16
4 6 28 1
4 7 197 2
4 8 158 1
4 9 7 2
4 10 3 9
4 11 175 3
4 12 1 24
4 18 210 1
4 19 75 12
4 22 1 19
4 24 72 4
4 27 1 24
5 0 27 27
5 1 14 17
5 2 5 3
5 3 14 7
5 4 5 4
5 6 90 1
5 8 38 14
5 9 124 1
5 10 6 6
5 11 58 3
5 12 42 2
5 13 2 20
5 16 14 1
5 17 2 2
5 24 15 7
5 27 1 17
6 0 104 1
6 1 16 1
6 2 2 10
6 3 42 2
6 4 5 25
6 5 5 23
6 7 2 7
6 8 27 1
6 9 6 5
6 10 10 17
6 11 5 6
6 14 33 2
6 15 99 1
6 17 18 2
6 18 2 28
6 20 118 1
7 1 80 1
7 3 23 12
7 5 2 1
7 6 276 1
7 10 267 1
7 11 9 24
7 12 3 8
7 13 1 14
7 14 78 1
7 15 1 9
7 16 6 6
7 18 67 1
7 20 31 3
7 24 1 8
7 25 1 11
8 0 22 29
8 1 227 27
8 2 79 1
8 3 15 1
8 4 1 11
8 5 237 21
8 6 57 12
8 7 1 14
8 9 68 1
8 10 18 6
8 11 357 1
8 12 134 1
8 13 2 2
8 14 6 1
8 16 14 12
8 19 92 3
8 24 27 23
8 26 1 26
8 27 1 21
9 0 2 16
9 3 1 16
9 4 75 2
9 5 104 1
9 6 2 23
9 7 2 2
9 8 2 14
9 10 8 26
9 11 2 12
9 13 32 1
9 16 1 1
9 18 105 1
9 21 1 4
10 1 2 22
10 2 13 2
10 3 1 10
10 4 1 6
10 5 1 12
10 6 97 16
10 7 3 3
10 8 6 27
10 9 21 9
10 11 122 1
10 13 1 8
10 14 65 1
10 15 4 1
10 19 14 19
10 20 1 26
10 27 2 1
11 0 2 15
11 1 28 23
11 2 5 15
11 3 110 2
11 7 54 1
11 8 75 1
11 10 193 20
11 13 8 19
11 14 1 27
11 15 58 23
11 17 9 3
11 19 60 3
11 20 56 2
11 21 63 1
11 22 6 1
11 23 22 2
11 24 74 1
11 25 1 11
12 0 2 12
12 1 3 27
12 2 2 12
12 6 1 14
12 9 189 1
12 10 16 3
12 11 51 10
12 13 11 17
12 17 83 2
12 24 1 17
12 25 10 4
13 0 8 1
13 11 49 24
13 12 20 9
13 16 2 25
13 23 1 19
13 24 8 3
13 27 1 29
14 7 1 9
14 8 212 1
14 9 5 16
14 10 4 2
14 12 72 2
14 15 4 17
14 20 1 28
14 25 1 23
15 0 73 6
15 1 82 27
15 4 67 10
15 7 31 1
15 11 160 1
15 12 1 2
15 14 1 29
15 27 22 24
16 0 14 18
16 1 43 23
16 3 18 8
16 5 35 11
16 8 14 12
16 11 35 10
16 18 7 4
16 19 3 4
16 21 1 15
16 24 15 2
16 27 1 14
17 0 1 29
17 1 2 22
17 2 58 2
17 3 1 6
17 4 68 21
17 6 1 3
17 7 10 3
17 8 6 21
17 10 74 2
17 15 54 7
17 16 1 2
17 27 15 1
18 2 4 1
18 4 1 14
18 8 1 26
18 16 16 2
19 0 5 1
19 6 16 17
19 7 61 2
19 12 1 4
19 18 20 7
19 20 138 6
20 0 2 14
20 3 153 3
20 5 51 6
20 6 51 2
20 14 1 27
20 17 3 16
20 19 133 8
21 6 1 6
21 7 1 29
21 11 60 1
21 12 2 22
21 13 10 13
21 20 1 27
22 8 35 10
22 12 50 1
22 14 17 25
22 18 3 1
22 23 10 24
23 0 6 23
23 7 92 2
23 8 36 2
23 11 23 2
23 25 1 23
24 0 34 3
24 1 14 1
24 3 14 1
24 5 16 23
24 6 15 1
24 7 1 12
24 8 43 26
24 11 1 4
24 12 1 4
24 15 25 15
24 16 14 20
25 9 2 27
25 11 133 1
25 15 2 9
25 17 1 25
25 19 12 4
25 23 6 14
25 24 1 7
26 4 1 16
26 17 23 1
26 24 1 28
27 1 1 15
27 10 5 9
27 11 2 12
27 14 2 3
27 18 11 27
27 20 9 10
