0 1 400 1
0 2 2 22
0 3 23 18
0 4 27 1
0 5 83 10
0 7 90 2
0 8 57 29
0 9 121 4
0 10 127 1
0 15 5 5
0 16 24 20
0 18 60 3
0 19 79 1
0 21 1 12
0 24 124 4
0 25 4 2
1 0 11 18
1 2 89 1
1 3 7 21
1 4 9 12
1 5 85 18
1 6 3 1
1 8 10 24
1 9 82 1
1 10 226 2
1 13 2 6
1 16 106 25
1 17 2 20
1 19 1 5
1 21 1 19
1 22 4 9
1 24 52 17
1 26 54 4
2 1 3 3
2 3 1 12
2 5 8 7
2 6 6 5
2 8 90 1
2 9 84 19
2 10 2 3
2 11 123 15
2 25 1 21
2 27 18 25
3 0 66 6
3 1 41 3
3 2 4 24
3 4 1 22
3 5 57 10
3 7 2 15
3 8 9 23
3 9 4 13
3 10 1 5
3 16 22 18
3 17 105 1
3 18 3 26
3 22 15 12
3 23 5 14
3 24 8 19
3 25 3 22
4 0 1 5
4 1 44 1
4 5 197 15
4 6 14 1
4 7 191 1
4 8 138 1
4 13 10 7
4 15 42 5
4 16 1 9
4 18 195 1
4 21 45 1
4 25 58 2
4 26 16 1
5 0 8 9
5 1 40 10
5 3 174 8
5 4 2 27
5 6 14 1
5 8 12 16
5 9 84 1
5 10 1 21
5 11 52 1
5 12 35 1
5 14 38 2
5 16 34 9
5 17 2 24
5 19 24 1
5 20 49 11
5 24 8 21
5 27 1 20
6 1 3 1
6 2 1 23
6 3 33 1
6 4 43 25
6 5 18 2
6 7 2 19
6 8 125 1
6 9 87 19
6 10 75 28
6 12 2 7
6 13 1 26
6 16 113 18
6 17 5 8
6 18 1 19
6 23 32 1
6 25 79 4
7 0 2 9
7 3 6 13
7 5 211 1
7 6 249 1
7 8 1 16
7 11 125 25
7 13 17 20
7 14 69 2
7 15 104 25
7 17 30 3
7 18 65 1
7 19 1 18
7 20 26 3
7 25 2 18
7 26 27 3
8 0 21 26
8 1 8 14
8 2 42 1
8 3 36 7
8 4 1 7
8 5 30 29
8 6 132 2
8 7 1 18
8 9 285 1
8 10 5 27
8 11 337 1
8 12 126 1
8 13 1 1
8 15 6 28
8 16 19 26
8 17 4 13
8 18 100 1
8 19 90 1
8 20 26 4
8 24 8 5
9 0 2 5
9 2 6 8
9 3 2 18
9 4 3 16
9 5 75 1
9 6 2 2
9 7 1 20
9 8 5 27
9 10 6 27
9 11 5 23
9 12 2 11
9 14 3 15
9 17 36 2
9 19 61 15
9 20 29 2
9 22 50 13
10 1 2 24
10 2 7 1
10 3 7 2
10 4 1 13
10 5 5 28
10 6 96 5
10 7 4 12
10 8 84 25
10 9 33 22
10 11 90 1
10 12 1 27
10 13 2 2
10 14 127 1
10 17 1 18
10 20 3 24
10 22 1 24
10 23 72 2
10 24 64 1
10 25 108 27
10 26 73 15
11 0 13 6
11 3 95 1
11 4 149 5
11 6 5 3
11 7 108 1
11 8 58 1
11 9 126 17
11 13 2 8
11 14 2 24
11 15 3 18
11 16 23 1
11 19 58 1
11 20 51 1
11 23 16 3
11 24 56 1
11 25 1 16
11 27 1 13
12 0 2 6
12 1 1 6
12 4 24 1
12 8 172 1
12 9 162 1
12 10 1 3
12 13 13 17
12 17 81 1
12 18 26 28
12 24 9 13
13 4 68 7
13 8 2 13
13 9 1 4
13 10 50 9
13 12 1 13
13 16 1 6
13 23 1 5
13 25 2 2
13 26 2 6
14 3 1 28
14 4 69 6
14 6 1 27
14 7 2 18
14 9 4 2
14 10 39 11
14 11 189 2
14 12 66 2
14 15 8 18
14 19 3 11
15 6 11 1
15 7 150 1
15 8 42 1
15 9 1 2
15 10 182 2
15 11 41 1
15 12 1 10
15 13 14 2
15 14 21 7
15 23 15 7
15 24 27 17
16 0 8 6
16 1 30 28
16 3 57 14
16 5 8 8
16 7 5 10
16 8 54 10
16 10 81 13
16 13 18 21
16 17 70 22
16 18 7 21
16 24 146 17
17 1 1 14
17 3 1 20
17 4 1 9
17 5 9 1
17 6 4 12
17 8 2 14
17 9 105 1
17 10 69 3
17 16 22 1
17 19 32 21
18 3 9 2
18 4 1 5
18 6 127 2
18 7 1 14
18 9 34 3
18 10 46 4
18 12 3 18
18 15 22 23
18 19 9 8
19 3 28 2
19 6 16 17
19 7 57 1
19 18 20 7
19 20 2 7
19 24 1 1
20 2 25 18
20 4 135 8
20 5 50 1
20 7 33 3
20 8 97 1
20 19 3 4
20 21 1 9
20 24 1 21
21 2 3 6
21 4 3 15
21 7 1 20
21 20 1 3
21 23 1 1
22 0 41 15
22 8 1 5
22 11 2 16
22 12 46 4
23 7 87 1
23 16 20 23
23 21 13 1
23 22 1 20
23 25 1 23
23 27 1 22
24 0 41 24
24 1 9 4
24 3 48 14
24 4 4 1
24 5 8 25
24 7 1 25
24 8 91 15
24 14 25 7
24 16 19 25
24 17 55 6
25 7 1 5
25 10 1 25
25 11 95 1
25 12 34 1
25 14 6 9
25 24 1 2
25 26 29 1
25 27 40 28
26 1 54 12
26 4 1 10
26 7 1 22
26 12 1 24
26 20 47 2
26 27 35 27
27 1 2 8
27 4 1 3
27 7 1 21
27 26 19 1
