0 1 10 29
0 3 18 3
0 4 1 3
0 5 16 17
0 6 58 1
0 7 120 1
0 8 13 20
0 9 120 4
0 11 54 1
0 15 1 5
0 16 13 7
0 19 11 2
0 20 71 20
0 21 4 24
0 23 33 1
0 24 13 25
0 27 24 1
1 0 48 26
1 2 41 1
1 3 13 8
1 4 1 1
1 5 14 22
1 6 2 14
1 7 5 21
1 8 14 18
1 9 32 2
1 10 172 1
1 11 1 5
1 14 10 1
1 15 55 5
1 16 31 22
1 17 211 27
1 18 27 1
1 20 3 19
1 24 13 28
1 25 5 17
2 1 11 9
2 3 3 26
2 4 1 28
2 7 3 25
2 8 184 1
2 9 7 1
2 11 14 15
2 13 7 22
2 15 2 3
2 18 9 8
2 20 14 28
3 0 14 6
3 1 16 25
3 2 24 16
3 4 79 3
3 5 18 2
3 6 2 2
3 7 2 27
3 8 13 2
3 10 2 14
3 11 3 11
3 16 19 13
3 17 75 1
3 18 63 19
3 20 2 1
3 24 13 20
3 26 20 21
4 0 40 17
4 1 2 13
4 2 1 19
4 3 1 5
4 5 393 1
4 8 51 1
4 9 1 15
4 12 2 7
4 17 135 2
4 18 22 1
4 20 91 2
5 0 17 19
5 1 13 4
5 3 13 5
5 4 142 11
5 6 11 14
5 7 57 2
5 8 26 15
5 9 5 5
5 10 29 25
5 12 8 3
5 16 23 8
5 18 1 1
5 21 10 7
5 24 12 27
5 27 2 26
6 0 34 2
6 1 2 26
6 2 49 13
6 5 318 2
6 7 155 25
6 8 16 17
6 9 1 29
6 10 43 20
6 11 47 29
6 14 7 4
6 15 81 2
6 17 2 24
6 18 1 24
6 19 38 1
6 22 4 21
6 24 1 27
6 27 7 4
7 1 20 2
7 2 1 21
7 3 4 22
7 4 174 1
7 6 115 1
7 8 4 22
7 10 154 1
7 11 338 21
7 14 30 1
7 17 13 5
7 19 9 16
7 24 38 15
7 25 1 3
7 26 16 6
8 0 23 23
8 1 12 21
8 2 5 1
8 3 14 7
8 4 1 2
8 5 10 25
8 6 429 24
8 7 4 28
8 9 203 1
8 10 7 1
8 11 223 1
8 12 88 1
8 14 2 12
8 15 1 23
8 16 20 11
8 17 1 24
8 19 76 1
8 20 10 1
8 23 1 4
8 24 34 8
8 25 2 20
9 1 6 21
9 2 1 6
9 3 22 14
9 4 9 3
9 5 6 8
9 6 49 26
9 7 3 18
9 8 2 10
9 10 1 1
9 12 1 6
9 16 28 16
9 18 81 1
9 21 1 16
9 26 40 3
10 1 1 7
10 4 11 29
10 6 75 1
10 7 1 10
10 8 126 1
10 9 4 12
10 11 50 1
10 12 117 2
10 13 2 2
10 14 119 1
10 15 1 3
10 18 4 24
10 22 4 8
10 23 48 3
10 24 38 3
11 0 2 19
11 1 4 22
11 2 6 5
11 3 30 1
11 5 113 2
11 6 1 29
11 7 6 8
11 8 4 1
11 9 1 20
11 10 381 1
11 14 2 24
11 15 155 4
11 18 11 5
11 24 2 1
11 25 102 1
11 27 4 24
12 0 1 2
12 1 1 22
12 2 9 1
12 4 130 1
12 5 1 16
12 6 145 10
12 8 136 1
12 9 45 1
12 10 1 27
12 13 19 19
12 14 3 24
12 15 1 17
12 17 69 6
12 27 1 11
13 10 39 1
13 12 2 23
13 14 6 22
14 0 38 1
14 6 7 11
14 8 181 1
14 9 51 2
14 10 1 5
14 11 51 1
14 12 38 1
14 15 1 6
14 17 1 2
14 20 1 10
14 22 1 18
14 26 7 13
15 0 61 1
15 7 75 1
15 8 17 1
15 9 1 27
15 12 1 26
15 20 1 29
15 23 7 2
15 25 1 2
15 27 22 19
16 0 13 16
16 1 34 10
16 3 23 13
16 5 21 17
16 7 1 9
16 8 18 3
16 9 1 22
16 11 26 3
16 17 2 23
16 18 41 14
16 21 22 16
16 22 3 28
16 24 40 24
17 1 1 20
17 2 18 3
17 4 5 21
17 5 1 1
17 6 1 21
17 8 9 22
17 9 82 2
17 11 50 1
17 16 259 1
17 19 12 6
17 20 12 4
17 26 1 24
18 1 70 2
18 4 10 18
18 8 1 26
18 10 31 2
18 12 1 7
18 17 1 11
18 21 24 5
18 24 27 25
19 0 3 12
19 1 1 24
19 3 16 7
19 5 7 2
19 20 146 1
20 0 2 10
20 3 100 2
20 7 11 1
20 9 76 1
20 10 132 2
20 11 115 4
20 13 3 18
20 17 2 21
20 19 50 1
20 21 1 4
20 25 2 18
21 7 1 28
21 11 51 1
21 12 73 2
22 11 4 17
22 25 6 7
23 2 3 1
23 6 23 1
23 7 59 1
23 9 49 8
23 10 1 16
23 21 10 2
23 22 9 18
23 24 1 15
24 0 57 25
24 1 35 15
24 3 13 27
24 5 13 19
24 7 2 1
24 8 13 14
24 10 64 2
24 12 1 6
24 16 17 20
24 23 29 18
24 25 1 16
25 0 3 8
25 2 27 14
25 7 1 7
25 8 34 1
25 10 2 19
25 12 27 7
25 17 1 27
26 3 25 6
26 7 2 28
26 8 4 27
26 9 27 1
26 11 115 5
26 12 1 9
26 27 26 2
27 3 1 2
27 8 92 6
27 11 1 25
27 24 1 14
27 25 3 3
