0 1 34 6
0 3 39 22
0 5 23 25
0 6 45 1
0 7 117 1
0 8 61 26
0 9 114 2
0 10 86 1
0 11 45 1
0 15 1 17
0 16 36 25
0 20 70 1
0 21 1 18
0 24 72 9
0 25 1 27
0 26 2 8
1 0 64 22
1 2 8 1
1 3 46 2
1 4 8 3
1 5 23 19
1 6 1 23
1 7 2 26
1 8 12 16
1 9 23 2
1 10 158 1
1 11 8 27
1 13 7 25
1 15 1 5
1 16 69 7
1 17 54 5
1 24 166 28
1 25 2 28
2 0 1 14
2 1 2 2
2 3 37 14
2 4 5 7
2 6 1 21
2 8 135 1
2 9 4 1
2 10 3 19
2 17 155 1
2 20 1 14
2 24 1 5
3 0 11 20
3 1 9 15
3 2 155 1
3 4 1 3
3 5 45 25
3 6 1 12
3 7 44 20
3 8 10 7
3 9 1 22
3 11 2 21
3 14 8 1
3 16 47 17
3 17 67 2
3 20 145 4
3 24 55 7
4 0 1 11
4 1 2 27
4 2 9 12
4 5 364 1
4 6 1 24
4 7 144 2
4 8 35 1
4 10 265 1
4 12 1 11
4 15 31 1
4 16 15 10
4 18 124 1
4 20 87 1
4 21 38 8
4 26 11 3
4 27 4 20
5 0 29 6
5 1 33 4
5 3 39 8
5 4 29 28
5 6 94 12
5 8 97 6
5 9 6 22
5 11 21 2
5 16 59 4
5 24 30 6
6 0 24 1
6 1 2 18
6 2 7 22
6 3 1 1
6 4 272 1
6 5 195 1
6 7 1 13
6 8 64 14
6 9 269 16
6 10 43 1
6 11 7 19
6 15 77 1
6 17 38 3
6 18 1 9
6 19 34 1
7 0 21 1
7 1 13 1
7 2 17 29
7 3 1 18
7 4 165 1
7 6 88 1
7 8 47 20
7 10 131 1
7 11 157 13
7 12 3 25
7 13 39 11
7 15 1 8
7 16 12 17
7 19 1 19
7 20 4 2
7 25 1 7
8 0 46 7
8 1 34 6
8 2 14 16
8 3 315 12
8 4 1 18
8 5 35 5
8 6 337 1
8 7 4 10
8 9 171 1
8 10 30 1
8 11 194 1
8 12 79 1
8 14 1 28
8 15 2 21
8 16 58 1
8 17 2 27
8 20 7 1
8 22 2 1
8 24 68 4
8 25 2 12
9 0 1 29
9 1 2 13
9 2 1 17
9 5 15 4
9 6 73 1
9 7 6 29
9 8 151 10
9 10 383 1
9 11 4 26
9 12 32 5
9 14 3 24
9 16 1 8
9 20 18 5
9 22 53 20
9 23 8 9
10 1 17 9
10 2 1 4
10 4 114 8
10 5 1 13
10 6 330 1
10 7 14 15
10 8 9 1
10 9 14 22
10 11 38 1
10 13 1 10
10 14 71 1
10 15 6 6
10 16 42 2
10 17 1 9
10 18 34 20
10 19 1 6
10 24 33 2
10 25 158 1
11 5 106 1
11 7 43 25
11 9 5 24
11 10 350 12
11 12 97 1
11 13 2 21
11 14 14 4
11 15 319 1
11 18 1 26
11 20 27 1
11 25 269 1
11 27 16 23
12 0 10 26
12 5 1 6
12 8 127 1
12 9 26 1
12 15 1 12
12 18 1 13
12 22 22 1
13 4 7 23
13 10 32 1
13 11 100 1
13 12 30 1
13 14 1 22
13 15 17 1
13 20 2 9
14 2 13 4
14 7 11 16
14 8 168 1
14 10 11 1
14 11 144 1
14 13 6 1
14 20 1 7
14 22 1 28
14 23 5 2
15 0 58 1
15 4 56 1
15 7 56 1
15 8 13 3
15 10 4 26
15 11 1 13
15 12 1 17
15 20 12 26
16 0 11 8
16 1 188 7
16 2 51 13
16 3 24 16
16 5 158 29
16 8 23 16
16 10 1 26
16 17 5 1
16 18 3 28
16 24 10 7
17 0 20 21
17 1 1 19
17 2 13 1
17 3 1 6
17 4 1 28
17 6 1 29
17 8 10 12
17 11 46 1
17 15 46 11
17 16 247 1
17 18 108 1
18 0 6 22
18 1 62 1
18 4 1 23
18 7 1 9
18 9 53 24
18 10 27 2
18 17 1 20
18 19 5 10
19 0 1 14
19 2 1 8
19 7 35 1
19 8 1 28
19 20 135 1
20 0 1 29
20 3 89 1
20 4 123 1
20 5 37 3
20 6 26 4
20 7 8 2
20 8 60 1
20 15 8 4
20 19 219 1
20 25 1 21
21 0 2 24
21 7 2 6
22 7 9 12
22 9 41 1
22 10 1 8
22 11 4 1
22 12 23 3
22 14 21 1
22 20 5 13
22 24 1 16
23 0 20 4
23 6 21 1
23 9 48 2
23 10 8 4
23 20 44 25
23 26 11 3
24 0 45 13
24 1 25 13
24 3 10 17
24 5 48 27
24 7 192 2
24 8 52 27
24 10 58 1
24 11 4 1
24 16 27 4
24 25 2 23
25 2 26 27
25 3 1 18
25 5 18 2
25 6 1 10
25 9 4 16
25 10 2 3
25 11 2 11
25 12 26 2
25 23 16 2
25 27 31 1
26 7 1 29
26 9 25 15
26 10 48 3
26 11 112 3
26 16 1 12
26 25 35 7
27 4 1 29
27 7 4 9
27 11 1 8
27 13 4 1
27 18 1 29
27 25 2 16
