0 1 5 11
0 3 6 29
0 5 63 6
0 6 42 2
0 7 113 1
0 8 37 9
0 10 85 1
0 11 43 2
0 16 94 12
0 19 2 3
0 20 67 1
0 24 21 12
0 27 22 2
1 0 231 21
1 2 3 2
1 3 6 25
1 5 17 7
1 6 9 24
1 8 19 4
1 9 21 1
1 10 155 1
1 15 1 2
1 16 59 13
1 17 54 8
1 18 20 1
1 21 11 10
1 23 9 6
1 24 43 1
1 25 51 14
1 27 29 11
2 0 1 18
2 1 2 18
2 3 33 9
2 6 3 12
2 7 4 1
2 8 120 1
2 10 1 20
2 11 1 20
2 17 153 1
2 20 27 17
2 24 2 23
3 0 56 29
3 1 38 24
3 2 63 1
3 4 1 29
3 5 20 15
3 7 164 26
3 8 33 6
3 9 1 11
3 11 13 29
3 16 62 13
3 17 66 1
3 18 1 21
3 24 92 23
4 0 19 17
4 1 14 3
4 5 355 1
4 6 1 3
4 8 32 1
4 9 11 23
4 12 2 17
4 16 12 2
4 17 60 1
4 18 4 1
4 27 50 13
5 0 70 22
5 1 8 21
5 3 69 9
5 4 2 3
5 6 32 8
5 8 54 25
5 9 5 2
5 10 29 1
5 12 3 1
5 16 18 29
5 24 43 28
6 0 22 2
6 1 7 26
6 4 269 1
6 5 142 1
6 7 155 16
6 8 48 16
6 9 232 1
6 10 39 1
6 11 1 21
6 15 76 4
6 17 1 16
6 18 2 5
6 25 59 1
6 26 23 2
7 0 18 1
7 2 1 3
7 3 6 15
7 4 162 3
7 6 82 1
7 8 11 3
7 10 125 1
7 11 311 14
7 13 11 20
7 14 21 3
7 15 1 10
7 17 10 1
7 19 1 13
7 20 4 3
7 22 40 2
7 23 85 19
7 25 22 8
7 27 1 12
8 0 79 8
8 1 195 11
8 2 5 16
8 3 41 13
8 4 2 26
8 5 49 15
8 6 71 1
8 7 20 25
8 9 163 1
8 10 328 16
8 11 187 1
8 12 77 1
8 15 1 10
8 16 8 7
8 17 1 4
8 18 67 1
8 19 71 3
8 24 37 26
8 25 1 15
9 0 136 29
9 1 1 21
9 2 2 2
9 4 1 13
9 5 16 10
9 6 68 7
9 7 6 21
9 8 38 26
9 10 149 1
9 11 46 10
9 12 38 8
9 14 4 10
9 15 3 15
9 20 17 5
9 26 39 1
10 1 104 29
10 4 26 4
10 5 3 12
10 6 322 1
10 7 1 15
10 8 380 1
10 9 50 17
10 11 32 1
10 12 1 14
10 13 1 5
10 14 59 1
10 19 6 22
10 21 75 4
10 24 32 1
10 27 1 25
11 0 1 20
11 4 179 5
11 7 8 1
11 9 1 13
11 10 124 1
11 14 1 4
11 15 144 1
11 18 6 9
11 21 51 5
11 25 258 1
11 26 8 8
12 4 9 1
12 5 7 29
12 8 125 1
12 9 22 1
12 10 2 21
12 11 1 22
12 13 1 11
12 14 2 5
12 15 1 17
12 16 56 6
12 20 10 1
12 22 21 2
13 10 29 1
13 14 2 7
13 15 1 7
13 17 1 24
13 24 5 2
14 1 2 14
14 6 2 29
14 8 164 1
14 10 6 1
14 11 138 1
14 13 4 3
14 15 5 10
14 17 2 22
14 22 10 14
14 25 2 11
15 1 3 3
15 10 182 1
15 11 1 16
15 14 2 5
15 16 16 3
15 25 2 4
16 0 8 28
16 1 8 11
16 3 7 8
16 5 8 19
16 7 1 23
16 8 7 11
16 15 10 8
16 18 1 15
16 19 1 12
16 24 22 16
16 25 9 1
17 1 2 26
17 2 11 2
17 3 1 29
17 4 76 15
17 6 10 6
17 8 3 7
17 9 76 1
17 11 45 1
17 14 1 11
17 16 242 1
17 18 106 1
17 20 10 1
17 26 1 23
18 1 60 1
18 3 2 11
18 4 1 15
18 8 1 27
18 12 76 13
18 16 1 17
18 17 1 15
18 20 2 2
18 24 27 3
18 25 27 21
19 0 1 15
19 3 13 5
19 4 74 3
19 9 34 5
19 15 7 2
19 17 2 7
19 20 119 1
20 0 2 19
20 3 86 1
20 6 26 1
20 8 59 1
20 9 73 1
20 10 127 3
20 11 108 3
20 14 1 9
20 19 207 1
20 24 17 26
20 26 20 6
21 14 1 2
21 24 1 20
22 1 41 1
22 8 1 11
22 9 41 1
22 11 1 6
22 15 1 12
23 0 1 8
23 3 1 1
23 8 17 7
23 12 3 14
23 15 2 8
23 25 1 22
24 0 78 25
24 1 8 10
24 3 52 4
24 5 31 11
24 6 4 1
24 8 91 18
24 12 2 12
24 16 46 15
24 18 5 10
25 1 1 5
25 7 2 12
25 9 1 23
25 10 1 22
25 11 1 21
25 23 16 29
26 3 24 25
26 10 48 2
26 13 5 8
26 24 3 3
26 27 22 2
27 0 64 15
27 4 2 9
27 6 24 3
27 8 91 3
27 9 5 16
27 11 4 2
27 17 25 6
27 18 1 8
27 24 1 7
