0 1 10 1
0 5 30 22
0 6 38 1
0 7 105 1
0 8 1 1
0 9 110 3
0 11 40 1
0 13 11 8
0 14 23 18
0 15 1 10
0 16 1 18
0 17 222 2
0 20 128 1
0 24 48 29
0 25 11 27
1 0 21 12
1 4 15 1
1 6 3 12
1 7 41 1
1 8 2 7
1 9 18 2
1 10 149 1
1 11 2 10
1 12 137 1
1 16 111 27
1 17 54 3
1 18 18 1
1 24 2 27
1 25 5 16
2 1 12 24
2 3 50 24
2 4 2 26
2 7 1 6
2 8 97 1
2 10 4 17
2 20 4 29
2 26 19 9
3 0 1 8
3 1 24 24
3 2 126 6
3 4 2 24
3 5 223 28
3 6 8 11
3 7 39 1
3 8 1 1
3 10 1 29
3 12 72 6
3 15 9 5
3 16 14 1
3 17 63 1
3 22 13 2
3 23 5 16
3 24 2 15
3 26 19 5
4 0 44 24
4 1 9 28
4 3 1 11
4 5 339 1
4 6 1 4
4 7 138 2
4 8 26 1
4 9 7 24
4 10 260 1
4 12 41 5
4 18 115 1
5 0 50 28
5 1 2 5
5 3 64 28
5 4 1 26
5 6 32 1
5 7 2 1
5 8 10 5
5 9 7 10
5 10 23 2
5 14 27 6
5 15 9 15
5 16 187 9
5 23 1 17
5 24 2 12
6 1 2 12
6 2 1 13
6 4 176 1
6 5 299 1
6 7 2 11
6 8 155 26
6 9 27 1
6 10 14 1
6 11 117 11
6 14 3 1
6 18 2 18
6 19 32 3
6 22 4 12
6 23 21 1
6 25 58 1
7 0 233 1
7 1 9 1
7 2 2 23
7 3 1 29
7 4 159 1
7 5 160 1
7 6 72 1
7 8 27 23
7 10 116 1
7 11 151 22
7 14 19 1
7 17 8 7
7 24 1 8
7 25 24 20
7 26 13 1
8 0 119 7
8 1 11 1
8 2 3 22
8 3 1 8
8 4 6 16
8 5 9 1
8 6 86 1
8 7 8 21
8 9 150 1
8 10 351 1
8 11 176 1
8 13 2 21
8 14 1 9
8 15 75 4
8 16 2 14
8 17 1 3
8 18 65 1
8 19 70 1
8 24 14 18
9 1 3 24
9 2 1 8
9 3 1 2
9 4 34 14
9 5 20 4
9 6 65 1
9 8 23 23
9 10 84 1
9 11 1 23
9 12 40 8
9 16 1 28
9 18 73 1
9 21 1 4
9 23 29 27
10 2 1 3
10 3 2 1
10 4 1 18
10 5 3 3
10 6 305 1
10 7 12 12
10 8 343 1
10 9 2 11
10 11 24 1
10 13 74 12
10 14 40 13
10 17 1 15
10 19 1 5
10 20 29 12
10 21 74 3
10 22 5 28
11 0 1 13
11 1 1 10
11 2 2 1
11 3 13 2
11 5 101 2
11 7 9 17
11 9 171 5
11 10 346 1
11 14 7 27
11 15 311 1
11 18 11 2
11 21 51 2
11 25 56 1
11 26 8 1
11 27 1 5
12 1 13 20
12 4 6 22
12 5 13 7
12 6 9 22
12 8 121 1
12 9 16 1
12 10 2 12
12 11 95 12
12 18 1 20
12 21 6 1
12 24 2 7
13 10 25 1
13 11 23 18
13 14 1 23
13 15 1 13
14 1 2 5
14 4 49 3
14 6 27 10
14 8 158 2
14 9 38 1
14 10 380 2
14 11 43 1
14 12 28 1
14 18 1 21
14 20 20 26
14 21 13 6
15 7 45 1
15 8 10 4
15 10 179 1
15 11 3 4
15 12 2 19
15 13 4 7
15 14 47 1
16 0 149 18
16 1 35 27
16 2 51 1
16 3 64 25
16 5 1 16
16 8 16 22
16 10 2 14
16 11 24 2
16 15 9 9
16 17 275 1
16 18 1 26
16 24 1 9
17 3 1 10
17 15 45 6
17 16 234 1
17 18 104 1
17 19 3 27
17 22 1 22
17 24 28 3
17 25 12 9
17 26 2 14
18 4 3 19
18 6 87 1
18 9 17 22
18 16 1 16
18 17 1 24
18 19 4 13
18 22 18 3
19 0 2 11
19 1 1 6
19 3 12 8
19 7 32 2
19 8 1 13
19 17 2 9
19 20 31 1
20 0 2 11
20 1 4 3
20 8 56 2
20 12 2 4
20 19 188 1
20 21 1 4
20 27 1 18
21 3 1 20
21 6 1 8
21 7 2 9
21 9 1 28
21 10 69 21
21 11 47 8
21 23 13 10
22 6 2 23
22 7 43 16
22 8 1 20
22 9 40 2
22 11 56 29
22 12 20 6
22 14 20 1
22 20 5 4
22 27 9 5
23 0 1 25
23 5 1 25
23 7 49 1
23 8 16 2
23 10 3 5
23 15 2 27
24 0 57 14
24 1 84 8
24 3 15 4
24 4 65 1
24 5 1 21
24 7 188 2
24 8 2 5
24 9 1 14
24 10 54 1
24 11 20 1
24 13 16 23
24 14 17 4
24 16 8 3
24 23 7 1
24 25 1 6
25 0 12 17
25 3 3 4
25 6 1 1
25 7 5 9
25 10 15 2
25 11 1 7
25 21 10 9
26 0 48 20
26 1 50 6
26 11 110 3
26 13 5 1
26 16 1 4
26 22 1 3
26 24 1 3
26 27 18 28
27 6 23 11
27 7 6 1
27 11 1 26
27 17 24 16
27 18 1 8
27 19 1 11
27 20 5 2
27 23 2 13
27 24 5 3
