0 1 372 2
0 3 32 1
0 6 33 1
0 7 96 2
0 8 288 1
0 9 108 1
0 10 78 2
0 11 37 1
0 12 26 1
0 14 4 5
0 15 30 8
0 16 40 1
0 17 218 1
0 18 35 1
0 20 61 1
0 22 42 23
0 24 127 1
0 27 20 11
1 0 76 1
1 2 1 25
1 3 171 3
1 4 191 1
1 5 24 23
1 7 1 6
1 8 58 19
1 10 143 1
1 11 1 24
1 14 6 1
1 16 24 18
1 18 15 3
1 19 2 20
1 20 8 3
1 24 6 13
1 25 5 14
2 0 3 14
2 1 5 20
2 3 74 22
2 4 106 13
2 6 1 2
2 7 7 2
2 8 74 1
2 11 43 13
2 12 62 1
2 17 147 1
2 20 27 23
2 26 19 19
3 0 4 19
3 1 44 1
3 2 114 1
3 4 4 11
3 5 47 1
3 6 1 12
3 7 44 1
3 8 392 1
3 9 48 4
3 16 12 1
3 17 60 1
3 20 135 1
3 24 17 24
4 0 22 14
4 1 10 15
4 3 2 16
4 5 320 1
4 6 1 3
4 8 21 2
4 9 8 3
4 10 256 1
4 12 5 16
4 13 3 8
4 15 28 5
4 16 21 4
4 18 104 1
4 20 83 3
4 22 1 7
5 0 61 1
5 1 36 1
5 3 49 4
5 4 61 19
5 6 62 26
5 7 10 1
5 8 9 1
5 9 11 28
5 10 91 1
5 12 1 2
5 16 200 9
5 17 126 4
5 21 9 4
5 22 16 24
5 24 58 28
6 0 15 2
6 1 13 27
6 2 8 19
6 4 15 24
6 5 146 1
6 7 9 29
6 8 12 9
6 9 372 1
6 10 195 1
6 11 10 6
6 15 73 1
6 19 30 1
6 27 5 3
7 0 231 1
7 1 6 4
7 2 1 29
7 3 6 18
7 4 155 1
7 5 154 1
7 6 61 1
7 8 4 19
7 10 107 1
7 11 282 1
7 16 3 4
7 18 43 1
7 22 37 5
7 24 55 16
8 0 83 1
8 1 4 14
8 2 3 16
8 3 317 5
8 5 25 1
8 6 381 1
8 7 3 15
8 9 136 1
8 10 264 1
8 11 163 1
8 12 69 1
8 14 3 9
8 16 3 27
8 17 26 28
8 18 62 1
8 21 2 16
8 24 215 1
8 25 1 21
8 27 2 11
9 1 18 25
9 2 1 1
9 3 1 4
9 4 1 5
9 5 49 1
9 6 358 1
9 8 2 16
9 10 75 5
9 12 3 22
9 16 2 9
9 17 12 5
9 18 70 3
9 23 2 15
9 24 39 1
10 2 1 29
10 4 3 11
10 5 7 8
10 6 286 1
10 7 8 4
10 8 301 1
10 9 438 29
10 11 16 1
10 12 1 10
10 13 1 28
10 14 58 1
10 15 1 21
10 19 53 26
10 20 1 16
10 21 74 1
10 22 1 8
10 23 38 1
10 25 18 2
11 0 4 14
11 1 38 15
11 2 4 3
11 4 1 2
11 5 98 1
11 6 1 17
11 7 9 27
11 9 1 26
11 10 329 1
11 13 1 7
11 14 1 5
11 15 282 1
11 19 38 5
11 20 22 5
11 25 34 1
11 27 2 15
12 2 3 6
12 4 121 1
12 5 1 9
12 6 216 1
12 7 69 1
12 8 117 1
12 9 11 1
12 10 197 4
12 11 1 22
12 13 1 12
12 14 1 8
12 15 3 20
12 16 55 6
12 17 63 5
12 22 18 1
13 5 18 8
13 7 1 2
13 8 1 25
13 9 83 22
13 10 170 1
13 11 95 1
13 14 18 22
13 20 1 6
13 27 1 29
14 6 5 20
14 7 2 19
14 8 152 1
14 9 34 2
14 10 367 1
14 11 32 1
14 12 25 1
14 15 1 1
14 17 1 19
14 20 1 7
14 26 6 9
15 0 55 1
15 3 1 4
15 7 38 1
15 11 4 18
15 12 1 21
15 14 23 1
15 20 1 12
15 24 2 27
16 0 8 1
16 1 352 1
16 2 50 4
16 3 46 12
16 4 1 28
16 5 62 1
16 6 1 16
16 8 21 1
16 15 9 7
16 17 270 1
16 18 1 21
16 22 3 2
16 24 25 16
17 1 1 1
17 2 8 1
17 3 57 6
17 6 1 22
17 12 1 3
17 14 1 7
17 15 45 2
17 16 224 1
17 18 101 1
17 25 12 5
18 0 7 11
18 1 53 2
18 4 8 26
18 5 3 1
18 8 1 11
18 14 36 1
18 16 5 11
18 17 1 11
18 23 1 23
19 0 1 18
19 1 4 19
19 3 11 8
19 6 84 9
19 7 30 1
19 11 1 13
19 12 3 22
19 17 2 2
19 20 126 1
20 4 120 2
20 5 35 4
20 8 53 3
20 9 71 1
20 12 4 1
20 14 1 12
20 15 6 8
20 18 6 2
20 19 171 1
20 24 1 9
20 25 24 4
20 26 20 6
21 6 4 5
21 7 2 17
21 24 11 6
22 0 46 23
22 2 3 18
22 10 60 7
22 23 12 3
22 24 1 25
23 1 2 7
23 4 2 13
23 5 1 15
23 7 46 4
23 16 21 6
24 0 52 8
24 1 9 28
24 3 46 1
24 5 29 1
24 7 2 24
24 8 46 7
24 10 51 1
24 16 31 20
24 17 49 4
24 20 1 10
25 1 1 20
25 7 6 8
25 8 24 1
25 9 2 12
25 10 3 7
25 11 2 16
25 14 1 1
25 17 8 12
25 21 10 8
25 24 1 7
26 19 1 7
26 22 1 16
26 23 12 18
26 27 43 1
27 2 2 26
27 9 2 23
27 25 1 24
