0 1 28 18
0 2 152 1
0 3 1 11
0 4 8 5
0 5 3 29
0 7 43 2
0 8 27 24
0 10 44 2
0 16 67 10
0 17 164 1
0 19 2 20
0 20 104 1
0 24 71 4
0 25 11 5
1 0 1 22
1 2 13 14
1 3 35 25
1 4 247 1
1 5 3 2
1 6 8 1
1 7 2 21
1 8 67 17
1 10 77 1
1 11 1 28
1 15 48 1
1 16 20 21
1 17 13 9
1 23 4 1
1 24 25 22
2 0 2 27
2 1 291 1
2 3 36 1
2 6 111 1
2 7 3 5
2 8 9 1
2 9 42 1
2 10 4 14
2 11 45 2
2 12 50 5
2 14 1 26
2 17 104 2
3 0 1 27
3 1 40 24
3 2 3 25
3 5 32 29
3 6 3 7
3 7 85 1
3 8 29 9
3 10 212 2
3 11 17 20
3 12 65 1
3 16 50 9
3 17 29 1
3 19 3 14
3 21 16 13
3 23 7 10
3 24 23 2
4 0 2 5
4 1 3 4
4 5 81 1
4 6 28 13
4 7 87 1
4 9 2 11
4 10 207 2
4 11 187 2
4 12 2 2
4 17 121 1
4 18 15 1
4 21 31 1
4 22 7 5
4 24 63 3
4 25 37 1
5 0 12 2
5 1 4 4
5 3 77 19
5 4 62 1
5 8 206 13
5 9 203 24
5 10 131 1
5 12 1 7
5 15 5 3
5 16 34 12
5 17 109 1
5 20 1 28
5 24 32 24
6 1 9 3
6 2 164 8
6 4 297 1
6 5 12 3
6 7 242 2
6 8 161 1
6 9 211 1
6 10 127 1
6 11 3 18
6 12 10 24
6 13 10 23
6 14 1 4
6 17 175 3
6 27 1 3
7 0 22 1
7 2 1 2
7 3 266 28
7 4 108 1
7 5 88 1
7 8 2 28
7 10 23 1
7 11 63 1
7 15 247 2
7 18 29 2
7 19 1 22
7 22 22 2
7 24 73 7
7 27 27 6
8 0 3 19
8 1 14 15
8 2 2 19
8 3 31 16
8 5 4 25
8 6 10 10
8 7 3 21
8 9 21 1
8 10 107 1
8 11 48 1
8 14 1 9
8 15 2 7
8 16 3 26
8 17 1 7
8 21 76 1
8 23 21 26
8 24 51 27
8 27 1 11
9 1 1 6
9 3 2 21
9 4 324 1
9 5 1 23
9 6 236 1
9 8 375 23
9 10 224 1
9 12 1 5
9 18 45 2
9 23 1 2
9 27 1 29
10 1 1 4
10 2 42 19
10 6 122 1
10 7 2 2
10 8 78 1
10 9 142 1
10 11 1 20
10 12 1 9
10 13 1 23
10 15 1 4
10 20 34 14
10 24 8 2
10 25 147 1
11 0 10 22
11 2 159 2
11 3 1 11
11 5 61 3
11 6 1 13
11 7 2 26
11 8 1 16
11 9 170 2
11 10 200 1
11 12 64 2
11 14 19 2
11 15 61 1
11 18 1 28
11 19 25 1
11 21 41 1
11 22 2 29
11 24 2 18
11 25 56 1
11 27 1 4
12 0 4 19
12 1 4 27
12 3 62 2
12 4 89 1
12 5 1 14
12 6 186 2
12 7 47 1
12 9 3 6
12 10 36 7
12 14 27 1
12 24 28 14
13 3 8 14
13 4 4 11
13 8 140 5
13 9 81 1
13 10 124 1
13 14 1 13
14 1 1 21
14 3 1 6
14 4 32 1
14 6 1 13
14 7 28 5
14 8 78 2
14 9 6 3
14 10 165 1
14 11 58 1
14 12 5 2
14 13 2 1
14 15 16 1
14 17 1 4
14 20 1 9
14 25 7 7
15 0 41 1
15 4 42 2
15 9 2 1
15 10 137 1
15 11 7 21
15 14 1 1
16 0 59 1
16 1 37 15
16 3 122 10
16 5 3 23
16 6 116 19
16 8 3 11
16 12 66 6
16 17 167 1
16 18 136 1
16 21 22 12
16 24 3 16
17 1 153 1
17 3 1 6
17 4 85 3
17 6 21 8
17 8 3 18
17 9 46 1
17 10 17 6
17 11 24 1
17 16 111 1
17 19 2 26
17 20 2 2
17 23 28 9
18 2 1 5
18 4 14 13
18 6 50 3
18 9 14 7
18 11 1 4
18 14 32 4
18 16 1 26
18 17 1 28
19 0 1 8
19 11 1 22
19 15 5 1
19 20 37 1
20 0 5 21
20 1 146 1
20 3 29 1
20 4 104 1
20 10 104 1
20 11 75 2
20 14 2 29
20 17 130 8
20 19 6 1
20 26 3 17
21 8 1 15
21 9 5 3
21 12 95 6
21 24 11 16
22 1 33 9
22 2 1 24
22 12 4 5
22 14 10 4
22 27 8 5
23 1 59 27
23 7 20 1
23 9 36 1
23 11 6 24
23 18 1 1
23 20 39 8
23 21 7 1
23 22 2 1
23 24 1 6
23 25 6 27
24 0 16 12
24 1 3 2
24 3 3 4
24 5 3 4
24 7 145 1
24 8 3 24
24 9 4 12
24 10 24 1
24 11 205 1
24 16 101 15
24 18 3 1
24 22 2 22
24 23 14 2
25 7 1 19
25 9 40 23
25 11 83 18
25 24 2 6
25 27 2 2
26 24 3 14
26 25 26 1
26 27 15 1
27 0 65 23
27 1 1 12
27 4 4 28
27 7 137 1
27 8 3 1
27 9 13 9
27 10 1 15
27 11 3 24
27 16 25 27
27 23 1 19
27 24 1 26
27 26 6 7
