0 1 219 1
0 2 144 1
0 3 11 28
0 4 2 27
0 5 54 19
0 7 38 1
0 8 344 11
0 10 41 2
0 11 6 6
0 12 13 6
0 14 8 23
0 15 20 4
0 16 11 21
0 17 158 1
0 19 3 29
0 24 49 21
0 25 10 19
1 0 61 1
1 2 8 24
1 3 40 8
1 4 108 1
1 5 9 10
1 6 320 1
1 8 340 1
1 10 72 1
1 12 110 2
1 16 11 15
1 17 11 1
1 20 1 26
1 24 7 1
1 25 2 21
2 0 27 12
2 1 257 1
2 3 17 1
2 6 105 1
2 7 11 2
2 8 5 25
2 10 6 28
2 11 43 24
2 12 49 5
2 17 100 1
2 20 2 20
2 23 6 1
2 24 2 1
2 25 2 22
3 1 2 16
3 2 8 28
3 4 1 7
3 5 29 15
3 7 71 2
3 8 23 8
3 10 209 4
3 11 2 1
3 12 64 3
3 16 45 1
3 20 77 1
3 22 9 15
3 24 109 3
4 0 1 2
4 1 3 19
4 5 64 1
4 6 4 22
4 7 83 1
4 9 1 29
4 12 4 11
4 18 10 1
4 19 64 5
5 0 82 1
5 1 17 1
5 3 11 28
5 4 47 16
5 6 5 28
5 7 41 1
5 8 44 1
5 9 10 1
5 10 121 1
5 13 3 5
5 14 15 3
5 16 82 1
5 19 16 3
5 24 26 1
6 1 17 1
6 2 1 1
6 3 5 17
6 4 279 1
6 5 14 16
6 7 235 1
6 8 57 17
6 9 183 1
6 10 111 1
6 11 2 29
6 12 4 21
6 14 1 15
6 16 92 2
6 18 89 12
6 20 61 1
6 23 11 1
7 0 199 1
7 2 3 4
7 3 27 1
7 5 82 1
7 8 20 2
7 9 5 12
7 10 18 1
7 11 37 1
7 12 1 13
7 18 27 5
7 19 1 19
7 23 79 1
7 25 4 25
7 27 1 6
8 0 190 7
8 1 119 1
8 2 8 23
8 3 34 22
8 5 33 1
8 6 13 2
8 7 1 12
8 9 15 1
8 10 125 1
8 13 9 21
8 14 1 17
8 15 9 24
8 16 46 3
8 17 45 15
8 18 34 2
8 23 1 13
8 24 116 1
8 26 73 1
9 2 1 12
9 3 60 15
9 5 152 1
9 6 208 1
9 7 22 10
9 10 246 1
9 11 1 23
9 12 164 26
9 15 1 7
9 19 55 7
9 21 6 15
10 0 1 11
10 1 1 24
10 2 8 10
10 6 105 1
10 7 1 2
10 8 38 1
10 9 417 1
10 11 4 9
10 12 3 27
10 13 2 10
10 14 1 4
10 15 1 28
10 18 79 5
10 24 6 6
11 0 1 2
11 1 55 4
11 2 155 1
11 3 1 15
11 5 58 3
11 6 4 26
11 7 28 22
11 8 13 16
11 9 86 3
11 10 13 1
11 13 107 28
11 15 41 1
11 19 23 8
11 23 1 20
11 24 2 12
11 25 41 1
11 27 1 15
12 1 1 27
12 2 1 2
12 4 85 1
12 5 1 28
12 6 182 1
12 8 69 2
12 9 3 4
12 10 1 5
12 13 2 1
12 14 1 29
12 15 5 14
12 17 49 1
12 18 58 10
12 20 4 10
12 23 68 1
12 24 1 22
13 3 2 29
13 9 80 2
13 10 117 1
13 14 42 1
13 18 23 1
13 20 3 24
14 6 1 7
14 7 33 25
14 8 72 1
14 9 5 1
14 10 143 1
14 11 50 1
14 12 4 1
14 17 1 13
14 20 1 19
14 22 12 9
14 26 3 10
15 1 67 2
15 5 19 3
15 6 1 4
15 9 21 23
15 10 130 1
15 11 7 6
15 16 12 29
15 18 2 7
16 0 17 13
16 1 19 1
16 3 45 19
16 5 45 1
16 8 9 11
16 10 101 5
16 17 156 1
16 18 133 29
16 19 2 27
16 24 7 16
17 0 6 27
17 1 138 1
17 3 1 18
17 5 2 14
17 6 63 27
17 9 44 3
17 10 16 2
17 11 22 4
17 16 101 1
17 18 67 1
17 21 29 4
17 23 28 1
18 1 18 3
18 4 4 20
18 6 47 3
18 7 2 21
18 16 9 15
18 17 1 29
18 24 24 1
19 0 1 25
19 4 52 3
19 6 99 3
19 7 13 1
19 8 1 8
19 18 36 28
19 20 25 1
20 0 2 14
20 3 25 2
20 6 8 1
20 11 73 1
20 19 1 1
20 24 25 8
21 1 1 8
21 2 1 21
21 4 55 6
21 6 1 2
21 7 25 9
21 9 1 14
21 11 36 3
21 23 2 25
21 25 9 10
22 0 46 16
22 1 33 2
22 6 3 13
22 24 4 11
22 26 3 1
23 0 4 23
23 6 10 1
23 7 18 1
23 10 3 5
23 11 4 19
23 17 51 1
23 24 1 3
23 25 1 12
24 0 28 1
24 1 55 1
24 2 1 9
24 3 77 8
24 5 72 2
24 7 140 1
24 8 13 22
24 10 22 2
24 11 194 1
24 16 124 25
24 17 43 1
24 20 1 20
24 23 1 4
24 25 7 19
24 26 1 25
25 0 5 29
25 3 6 5
25 7 5 19
25 8 5 1
25 11 3 11
25 15 2 28
25 27 1 7
26 4 2 21
26 7 1 22
26 27 12 1
27 2 4 22
27 8 84 2
27 9 13 26
27 11 6 29
27 14 6 1
27 25 1 1
27 26 4 3
