0 1 37 14
0 3 192 3
0 4 12 12
0 5 86 1
0 6 1 15
0 7 1 5
0 8 1 9
0 9 113 12
0 10 192 4
0 11 1 23
0 12 110 2
0 16 19 10
0 17 1 20
0 18 1 12
0 19 4 24
0 20 29 25
0 22 1 4
0 24 48 11
1 0 242 24
1 2 1 11
1 3 12 1
1 4 176 28
1 5 1 1
1 7 168 1
1 8 258 1
1 9 2 22
1 10 3 7
1 11 122 1
1 13 1 25
1 14 96 1
1 15 1 18
1 16 80 1
1 17 337 1
1 19 147 3
1 20 100 2
1 24 2 25
2 1 23 1
2 3 6 23
2 4 108 1
2 5 2 18
2 6 170 1
2 7 3 5
2 8 131 1
2 10 7 28
2 12 5 25
2 14 27 7
2 16 45 1
2 27 22 11
3 0 1 4
3 1 33 1
3 2 145 22
3 4 16 1
3 5 73 19
3 6 158 2
3 7 5 22
3 8 146 1
3 12 1 29
3 14 1 1
3 16 46 26
3 17 6 9
3 19 44 10
3 23 4 7
3 24 26 25
4 0 188 1
4 1 8 5
4 2 54 2
4 5 10 1
4 6 164 15
4 7 1 17
4 8 1 10
4 9 263 23
4 10 1 10
4 11 6 29
4 12 61 1
4 17 1 28
4 18 1 27
4 22 1 16
4 26 36 8
5 0 9 5
5 2 1 11
5 3 13 1
5 4 15 13
5 6 202 1
5 8 15 1
5 9 3 24
5 10 27 2
5 12 2 15
5 16 18 7
5 17 1 13
5 24 25 12
5 25 18 19
5 26 11 8
6 0 2 9
6 1 32 11
6 2 244 1
6 3 2 14
6 4 259 1
6 5 27 1
6 7 209 1
6 8 20 18
6 9 9 9
6 10 282 1
6 11 80 2
6 12 223 1
6 14 2 19
6 15 1 12
6 16 3 29
6 20 146 9
6 23 75 3
6 24 1 1
6 25 2 21
7 0 1 4
7 1 1 7
7 2 2 19
7 3 4 26
7 4 2 5
7 5 4 5
7 6 1 4
7 8 12 24
7 9 230 3
7 10 1 24
7 11 5 14
7 15 155 1
7 16 1 23
7 17 169 3
7 18 124 2
7 20 209 2
7 23 1 20
7 24 22 2
7 25 2 7
7 27 57 2
8 0 33 1
8 1 10 22
8 2 56 1
8 3 182 1
8 4 119 1
8 5 196 1
8 6 1 3
8 7 84 27
8 9 1 29
8 10 47 7
8 11 9 27
8 12 1 8
8 14 6 20
8 15 19 1
8 16 5 25
8 17 59 1
8 20 179 1
8 24 12 1
9 0 2 6
9 1 42 1
9 4 206 1
9 5 4 12
9 6 27 7
9 7 40 1
9 8 290 1
9 10 2 18
9 11 6 5
9 12 2 3
9 14 40 1
9 15 79 2
9 16 1 14
9 17 148 2
9 19 3 7
9 25 9 2
10 0 163 1
10 1 32 1
10 5 213 1
10 6 84 1
10 7 209 1
10 8 6 17
10 9 4 22
10 11 7 22
10 12 58 2
10 13 168 1
10 14 284 1
10 15 6 23
10 16 98 5
10 20 14 7
10 21 1 14
10 25 1 24
11 3 6 10
11 4 2 27
11 5 9 26
11 7 166 22
11 8 10 6
11 10 114 1
11 15 11 11
11 16 67 1
11 17 95 4
11 22 116 3
11 24 2 27
11 25 405 1
12 1 36 3
12 3 54 28
12 4 1 26
12 5 142 1
12 6 2 16
12 8 1 9
12 9 1 5
12 10 30 1
12 13 145 1
12 16 1 22
12 21 1 2
12 22 2 25
12 25 43 1
13 1 51 1
13 2 14 23
13 3 1 29
13 4 1 14
13 6 92 1
13 9 1 1
13 11 2 13
13 12 137 2
13 18 27 26
13 22 1 29
13 27 1 22
14 2 1 5
14 3 5 1
14 7 70 2
14 8 2 10
14 9 4 8
14 10 20 20
14 13 40 25
14 18 1 2
15 1 56 7
15 7 5 6
15 9 13 2
15 10 17 1
15 11 243 1
15 12 23 3
15 17 1 14
15 21 9 17
15 27 1 13
16 0 81 1
16 2 1 9
16 3 1 23
16 4 136 2
16 5 2 3
16 6 4 23
16 7 2 15
16 8 115 16
16 10 2 2
16 18 205 1
16 24 28 21
17 1 285 1
17 3 15 1
17 4 5 1
17 6 97 1
17 7 136 1
17 15 1 15
17 16 7 2
17 18 103 3
17 23 52 12
17 24 61 13
18 0 6 3
18 1 9 26
18 5 92 7
18 6 7 27
18 7 33 1
18 8 1 15
18 11 1 4
18 16 13 19
18 17 109 1
18 22 25 16
19 0 1 3
19 6 1 23
19 8 15 7
19 20 6 26
19 24 7 27
20 0 177 1
20 2 1 8
20 3 2 6
20 4 3 2
20 17 1 27
20 19 1 26
20 26 1 28
21 1 8 23
21 4 1 4
21 5 1 12
21 9 24 6
21 14 13 15
21 23 1 2
22 4 33 1
22 6 19 8
22 10 1 5
22 11 1 22
22 12 1 8
22 27 10 23
23 1 1 29
23 4 5 7
23 15 2 6
23 17 2 2
23 20 1 25
23 22 1 10
23 24 3 27
24 0 68 10
24 1 63 26
24 3 26 1
24 5 2 25
24 8 2 20
24 10 1 23
24 11 118 1
24 14 1 17
24 16 1 6
25 2 1 23
25 3 25 1
25 6 91 7
25 8 145 9
25 11 8 1
25 12 59 23
25 15 1 25
25 16 5 9
25 17 1 2
25 18 8 3
26 0 1 20
26 1 1 13
26 6 14 15
26 9 49 29
26 25 1 20
26 27 53 1
27 0 1 13
27 7 4 11
27 11 138 2
27 26 1 26
