0 1 87 1
0 2 127 1
0 3 162 1
0 4 5 15
0 5 40 1
0 8 289 1
0 11 3 4
0 15 1 28
0 16 176 4
0 17 146 1
0 18 14 1
0 19 4 5
0 20 84 1
0 24 39 1
0 25 10 3
0 26 1 2
1 0 246 1
1 2 4 6
1 3 20 4
1 4 201 1
1 5 115 11
1 6 20 8
1 7 3 20
1 8 281 1
1 11 1 6
1 16 62 1
1 17 189 1
1 21 10 26
1 24 43 1
1 26 43 5
2 0 9 28
2 1 180 1
2 6 72 1
2 7 1 14
2 8 9 29
2 10 7 23
2 11 4 1
2 14 1 12
2 16 1 26
3 0 46 1
3 1 43 1
3 2 4 25
3 4 2 29
3 6 1 13
3 7 47 1
3 8 1 15
3 11 3 26
3 16 160 2
3 17 21 3
3 20 66 1
3 24 44 2
4 0 5 18
4 1 7 4
4 2 50 4
4 3 5 10
4 5 33 1
4 6 4 5
4 7 74 2
4 9 31 11
4 10 190 2
4 11 183 6
4 12 6 10
4 14 3 1
4 15 16 1
4 17 104 2
4 18 3 3
4 19 61 3
4 20 58 1
4 22 54 10
5 0 48 1
5 1 4 18
5 3 149 1
5 4 39 1
5 6 17 24
5 7 121 2
5 8 24 14
5 9 188 1
5 10 26 1
5 12 1 22
5 15 4 1
5 16 80 2
5 17 102 2
5 18 1 27
5 20 1 2
5 24 37 21
6 1 3 18
6 2 4 1
6 3 1 19
6 4 240 1
6 5 55 18
6 7 173 1
6 8 247 1
6 9 150 1
6 10 68 1
6 12 10 8
6 14 1 26
6 15 46 1
6 17 80 1
6 18 1 24
7 0 181 1
7 2 1 16
7 3 264 1
7 5 70 1
7 8 3 3
7 11 5 1
7 13 1 22
7 15 224 1
7 16 76 13
7 19 20 5
7 21 5 24
7 23 51 2
7 24 208 3
7 25 99 19
7 26 3 4
7 27 4 13
8 0 94 1
8 1 214 1
8 2 2 9
8 3 371 1
8 5 100 1
8 6 16 8
8 7 152 11
8 10 60 1
8 11 26 2
8 12 23 1
8 13 2 27
8 15 97 19
8 16 150 1
8 17 2 28
8 18 29 2
8 19 45 1
8 20 1 23
8 23 1 25
8 24 23 23
8 25 1 8
8 27 104 28
9 2 7 16
9 4 314 6
9 5 83 1
9 6 151 1
9 7 1 5
9 8 17 1
9 10 176 1
9 12 48 10
9 24 24 2
9 25 1 1
9 26 32 1
10 2 16 17
10 3 68 1
10 6 73 1
10 7 1 24
10 8 39 1
10 9 118 1
10 11 13 8
10 13 1 19
10 14 8 26
10 15 1 14
10 20 1 10
10 21 64 1
10 23 11 1
10 25 137 2
11 0 9 16
11 1 1 17
11 2 146 1
11 3 1 12
11 5 52 1
11 6 14 18
11 7 192 1
11 8 8 14
11 9 168 1
11 10 154 1
11 15 10 1
11 18 27 28
11 23 3 10
11 24 5 4
11 25 17 1
12 3 59 3
12 5 2 20
12 6 172 1
12 8 61 2
12 9 1 3
12 11 3 2
12 13 68 1
12 18 14 11
12 19 1 26
12 22 2 1
12 24 2 20
12 26 1 2
13 9 2 1
13 10 102 1
13 11 59 2
13 12 80 6
13 14 2 1
13 22 1 12
13 26 1 22
14 1 4 29
14 6 4 6
14 7 112 15
14 8 59 1
14 10 98 1
14 11 34 1
14 12 2 1
14 13 1 21
14 15 2 2
14 16 1 1
14 20 1 3
15 0 37 1
15 1 64 1
15 7 1 28
15 9 6 6
15 10 27 1
15 11 2 22
15 22 4 13
15 23 1 12
15 25 3 27
16 0 122 1
16 1 170 1
16 3 31 3
16 5 166 1
16 8 54 1
16 9 87 4
16 10 2 4
16 17 134 1
16 23 1 29
16 24 80 1
17 0 215 1
17 1 185 1
17 2 1 29
17 3 2 28
17 4 7 11
17 5 1 26
17 6 109 10
17 7 1 3
17 8 3 13
17 9 40 1
17 11 20 1
17 16 81 1
17 19 1 5
17 22 1 12
18 0 2 3
18 1 14 1
18 2 58 1
18 4 8 19
18 6 41 1
18 9 15 9
18 10 8 3
18 16 7 26
18 17 1 24
18 23 1 12
18 25 31 8
19 0 60 10
19 1 1 27
19 10 2 29
19 20 6 1
20 0 76 24
20 1 136 2
20 2 4 24
20 3 18 1
20 4 98 3
20 7 1 20
20 10 97 3
20 11 67 1
20 13 24 19
20 16 1 28
20 19 1 18
20 25 1 13
21 7 2 27
21 9 6 27
21 12 93 1
21 22 1 16
21 24 11 27
21 26 10 5
22 1 31 11
22 6 7 21
22 9 26 1
22 15 1 24
22 21 6 24
22 24 7 19
22 26 2 25
23 0 2 16
23 8 4 2
23 11 5 24
23 15 6 16
23 16 1 29
23 19 6 22
23 22 1 1
23 24 1 7
23 25 2 8
24 0 19 1
24 1 189 1
24 3 81 1
24 5 138 4
24 7 130 1
24 8 35 1
24 9 1 26
24 10 18 1
24 11 170 1
24 16 63 1
24 23 11 1
24 25 8 21
24 26 5 2
24 27 3 11
25 3 1 26
25 5 11 4
25 7 6 20
25 9 1 26
25 10 2 10
25 11 5 29
25 17 14 27
25 21 9 1
26 7 13 27
26 8 12 12
26 11 85 1
26 15 2 8
26 19 1 7
26 27 6 1
27 2 1 16
27 4 4 15
27 8 1 4
27 11 1 13
27 12 2 4
27 24 18 12
27 26 1 19
