0 1 57 8
0 2 125 1
0 3 115 1
0 5 14 1
0 7 25 1
0 8 245 2
0 10 35 1
0 15 1 14
0 16 44 16
0 17 144 2
0 18 14 1
0 19 14 10
0 20 82 1
0 21 3 21
0 23 20 11
0 24 268 1
0 25 9 14
1 0 194 29
1 2 44 14
1 3 8 2
1 4 192 1
1 5 30 16
1 6 22 1
1 7 1 12
1 8 243 1
1 10 59 2
1 11 3 25
1 13 42 7
1 15 45 6
1 16 42 1
1 17 4 1
1 19 3 21
1 21 1 21
1 24 20 20
2 0 4 24
2 1 168 1
2 6 69 2
2 7 43 28
2 8 6 17
2 15 1 19
2 17 89 2
2 21 13 5
2 24 1 10
2 25 2 5
3 0 385 1
3 1 24 8
3 2 15 11
3 4 11 2
3 5 84 1
3 7 40 1
3 8 234 1
3 11 4 17
3 16 131 1
3 17 21 1
3 20 65 1
3 23 7 1
3 24 30 1
4 0 12 14
4 1 145 13
4 3 14 23
4 5 28 1
4 6 97 12
4 9 11 15
4 10 188 1
4 16 4 11
4 17 103 1
4 18 3 1
4 19 60 5
4 20 57 1
4 26 6 22
4 27 51 8
5 0 122 4
5 1 337 1
5 3 153 6
5 4 56 1
5 6 10 13
5 7 119 2
5 8 228 1
5 9 178 1
5 10 23 1
5 16 58 1
5 17 102 1
5 18 1 10
5 20 1 1
5 21 5 26
5 24 9 8
6 1 2 14
6 2 247 1
6 4 234 1
6 5 13 6
6 7 170 1
6 8 206 1
6 9 142 1
6 10 61 1
6 11 1 19
6 12 6 20
6 13 1 8
6 14 2 5
6 15 45 3
6 18 1 16
6 20 56 1
6 21 2 27
6 25 32 2
7 0 178 1
7 1 2 9
7 2 5 23
7 3 256 1
7 4 93 1
7 5 68 1
7 8 13 2
7 10 9 1
7 11 2 1
7 15 222 1
7 18 24 1
7 23 51 1
7 24 208 2
7 27 1 5
8 0 18 1
8 1 15 17
8 2 12 19
8 3 368 1
8 5 76 1
8 6 16 6
8 7 1 2
8 9 4 1
8 10 48 1
8 11 24 1
8 12 23 1
8 14 3 25
8 16 124 1
8 17 1 6
8 24 2 1
8 27 1 2
9 0 1 4
9 2 30 22
9 4 6 1
9 5 74 1
9 6 143 1
9 7 1 23
9 8 15 1
9 10 165 1
9 14 21 25
9 15 1 26
9 18 38 1
9 21 13 17
9 22 66 6
9 23 2 8
9 25 43 1
9 26 32 1
9 27 1 2
10 0 1 3
10 1 11 25
10 2 2 2
10 3 117 3
10 5 271 2
10 6 68 1
10 7 1 23
10 8 32 1
10 9 107 1
10 11 8 13
10 12 8 11
10 14 1 18
10 15 2 18
10 16 26 1
10 20 1 19
10 22 6 8
10 25 136 1
11 1 8 10
11 6 3 2
11 7 25 4
11 8 3 20
11 10 148 1
11 12 56 2
11 14 28 13
11 15 7 1
11 22 1 26
11 23 8 5
11 24 1 8
11 25 14 1
11 27 34 14
12 0 1 13
12 1 1 1
12 3 59 6
12 4 77 1
12 5 1 29
12 6 170 1
12 8 60 1
12 9 7 26
12 10 13 23
12 11 1 17
12 14 4 27
12 15 1 24
12 23 66 1
12 24 1 7
13 3 2 29
13 5 13 10
13 6 1 12
13 7 3 3
13 8 6 1
13 10 100 1
13 12 69 22
14 1 40 3
14 3 1 27
14 6 1 6
14 8 57 1
14 9 2 2
14 10 92 1
14 11 32 1
14 13 1 25
14 15 11 1
14 17 1 6
14 20 1 3
15 9 6 18
15 10 119 1
15 11 53 17
15 18 30 9
15 23 1 4
16 0 80 1
16 1 89 1
16 3 17 1
16 5 126 1
16 8 130 1
16 17 130 1
16 18 7 2
16 19 12 15
16 24 38 1
17 1 180 1
17 3 1 21
17 4 1 7
17 6 3 18
17 7 2 1
17 8 1 6
17 9 39 1
17 16 78 1
17 22 1 12
17 24 20 3
17 25 5 24
18 0 3 8
18 4 1 5
18 6 41 1
18 8 1 2
18 9 1 4
18 10 7 5
18 16 1 3
18 17 1 12
18 20 71 2
19 0 1 16
19 1 21 8
19 7 10 1
19 8 1 10
19 10 1 6
19 12 3 1
20 0 1 24
20 1 135 2
20 2 84 2
20 3 17 3
20 4 98 2
20 8 19 1
20 10 97 2
20 12 2 26
20 19 1 23
20 21 34 29
20 25 1 24
21 6 1 11
21 10 69 18
21 26 1 16
22 9 26 2
22 10 122 4
22 12 2 4
23 4 9 19
23 8 3 17
23 10 3 5
23 11 3 9
23 15 3 29
23 21 6 3
24 0 77 1
24 1 146 1
24 3 47 21
24 5 34 9
24 8 5 13
24 10 17 1
24 11 166 1
24 15 28 1
24 16 21 9
24 18 3 3
24 22 3 26
24 26 2 26
25 1 7 13
25 4 1 11
25 7 1 26
25 10 1 28
25 11 6 14
25 21 8 12
26 0 43 9
26 7 1 19
26 8 1 21
26 10 32 2
26 18 18 17
26 22 1 20
26 25 23 1
26 27 5 2
27 1 12 24
27 2 4 8
27 3 9 17
27 4 2 25
27 24 1 20
