0 1 61 2
0 2 118 1
0 3 94 5
0 4 10 24
0 5 137 1
0 8 161 1
0 9 64 1
0 10 33 1
0 12 10 7
0 16 79 1
0 17 140 1
0 19 5 29
0 20 11 2
0 24 186 1
0 26 1 3
0 27 12 2
1 0 256 1
1 2 7 14
1 3 83 1
1 4 171 1
1 5 26 5
1 6 11 4
1 7 2 28
1 8 138 1
1 10 55 2
1 11 3 6
1 12 102 2
1 13 43 1
1 15 31 1
1 16 106 1
1 17 70 1
1 19 1 17
1 20 1 3
1 24 16 1
1 26 43 11
2 0 1 23
2 1 142 1
2 4 1 17
2 6 65 1
2 7 2 11
2 8 3 16
2 10 2 2
2 13 12 29
2 18 30 3
2 20 112 9
3 0 274 2
3 2 12 9
3 5 104 1
3 7 43 2
3 8 34 1
3 10 200 3
3 11 1 28
3 16 49 1
3 17 19 1
3 19 5 7
3 20 61 1
3 24 85 1
3 26 14 18
4 0 134 20
4 1 3 23
4 2 142 2
4 3 6 18
4 5 20 1
4 6 51 28
4 8 2 20
4 9 70 10
4 10 184 1
4 12 6 28
4 14 1 29
4 15 15 1
4 17 99 1
4 18 1 1
4 19 59 1
4 20 56 3
4 22 54 24
4 27 1 16
5 0 69 1
5 1 255 1
5 3 165 1
5 4 29 1
5 6 42 29
5 7 115 1
5 8 148 1
5 9 58 1
5 10 15 1
5 12 2 12
5 16 93 1
5 17 100 3
5 18 2 22
5 24 25 2
6 0 1 5
6 1 1 4
6 2 242 1
6 3 1 28
6 4 219 1
6 5 12 8
6 7 220 1
6 8 117 1
6 9 123 1
6 10 243 1
6 11 2 26
6 12 10 8
6 17 171 1
6 18 8 23
6 22 12 21
6 25 31 2
7 0 171 1
7 2 1 19
7 3 237 1
7 8 1 11
7 9 1 6
7 10 6 1
7 15 215 1
7 18 23 5
7 21 1 18
7 22 17 1
7 24 207 11
7 25 1 5
7 27 43 20
8 0 174 1
8 1 123 14
8 2 18 25
8 3 307 1
8 5 90 1
8 6 70 21
8 9 2 4
8 10 30 1
8 12 21 1
8 13 2 2
8 14 3 22
8 15 28 27
8 16 16 4
8 17 3 9
8 19 43 1
8 23 6 7
8 24 98 14
8 25 1 7
8 26 70 9
9 0 1 1
9 1 112 14
9 2 1 21
9 4 310 1
9 5 64 1
9 6 123 1
9 8 8 1
9 10 142 1
9 11 119 7
9 12 50 6
9 14 122 2
9 21 1 9
9 24 23 3
10 1 4 6
10 2 8 11
10 3 114 2
10 4 1 6
10 5 269 1
10 6 57 1
10 8 18 1
10 9 81 1
10 11 2 13
10 12 1 24
10 13 134 24
10 14 3 11
10 15 3 10
10 18 80 3
10 19 69 25
10 20 2 13
10 25 133 2
11 0 13 11
11 2 141 2
11 3 1 21
11 4 186 4
11 5 48 1
11 6 12 28
11 7 176 1
11 8 7 23
11 10 133 1
11 12 54 3
11 14 3 10
11 16 5 8
11 21 37 2
11 23 3 12
11 24 20 27
11 25 9 1
11 27 2 18
12 0 1 21
12 1 1 15
12 2 1 8
12 3 58 7
12 5 4 16
12 6 166 1
12 8 57 1
12 9 2 26
12 13 93 1
12 14 31 7
12 18 63 18
12 24 1 25
13 3 3 20
13 7 2 5
13 8 136 16
13 10 94 1
13 20 2 20
14 2 22 5
14 5 2 25
14 6 5 9
14 7 4 14
14 8 52 2
14 10 77 1
14 11 27 1
14 15 8 1
14 17 4 24
15 3 41 12
15 4 38 2
15 7 1 19
15 9 6 27
15 10 138 1
15 11 2 6
15 12 1 12
15 14 1 27
15 16 12 2
16 0 91 1
16 1 20 22
16 2 38 11
16 3 65 9
16 4 3 28
16 5 60 1
16 8 51 1
16 13 1 6
16 14 32 6
16 17 122 1
16 18 133 1
16 24 137 1
17 1 122 1
17 3 4 27
17 4 161 21
17 5 3 6
17 6 110 24
17 8 5 5
17 9 37 3
17 10 12 2
17 14 3 16
17 16 71 1
18 0 20 22
18 4 103 25
18 6 38 3
18 11 88 11
18 16 1 26
18 17 14 22
19 0 61 5
19 1 19 10
19 6 97 3
19 8 9 23
19 20 1 2
20 0 1 28
20 2 82 3
20 8 17 2
20 11 65 1
20 13 14 7
20 22 6 2
20 24 1 10
21 5 21 5
21 8 3 26
21 16 11 1
21 20 3 25
22 8 1 11
22 24 5 2
22 25 3 5
23 7 13 1
23 12 3 22
23 13 1 27
23 15 1 25
23 16 21 4
23 21 5 7
24 0 33 1
24 1 49 1
24 3 93 1
24 5 124 1
24 7 124 1
24 8 86 3
24 10 16 1
24 11 157 1
24 16 63 1
24 20 3 1
24 26 1 25
25 0 6 18
25 3 2 29
25 7 3 6
25 10 12 18
25 11 123 14
25 12 14 14
25 15 2 26
26 7 2 8
26 11 83 1
26 13 3 13
26 24 12 6
26 27 4 2
27 1 1 2
27 6 11 8
27 8 83 1
27 10 1 5
27 11 10 19
27 18 4 7
27 23 1 1
27 26 3 25
