0 1 11 4
0 2 90 1
0 3 8 1
0 4 23 8
0 5 9 22
0 7 9 1
0 8 8 14
0 9 54 3
0 10 24 3
0 14 3 25
0 16 8 2
0 17 120 1
0 19 2 17
0 20 69 1
0 24 8 3
1 0 4 6
1 2 172 25
1 3 18 27
1 4 55 1
1 5 14 13
1 6 239 1
1 7 12 26
1 8 95 25
1 10 39 1
1 11 3 4
1 13 13 6
1 16 9 20
1 17 63 1
1 19 1 6
1 20 1 2
1 24 9 4
1 25 7 24
1 26 41 15
2 0 29 21
2 1 46 1
2 3 13 12
2 5 2 15
2 6 87 1
2 7 3 2
2 8 96 23
2 9 23 3
2 10 22 12
2 11 179 1
2 18 27 1
2 20 3 14
2 26 19 18
3 0 6 4
3 1 9 9
3 2 3 11
3 5 8 1
3 7 19 1
3 8 7 7
3 10 188 1
3 11 2 29
3 16 8 2
3 17 12 4
3 19 6 19
3 20 45 1
3 23 20 19
3 24 8 25
4 1 111 12
4 2 46 1
4 3 1 13
4 6 2 11
4 7 57 1
4 8 5 26
4 9 1 8
4 10 164 1
4 11 176 2
4 12 34 13
4 17 81 1
4 19 54 1
5 0 8 17
5 1 19 25
5 2 1 19
5 3 10 4
5 4 225 1
5 6 45 4
5 7 106 1
5 8 139 4
5 9 276 1
5 10 10 1
5 12 1 29
5 13 19 13
5 14 10 1
5 16 8 2
5 17 92 4
5 24 8 5
5 25 19 1
6 0 4 3
6 1 175 10
6 2 220 1
6 4 157 1
6 5 1 9
6 7 150 1
6 8 1 1
6 9 52 1
6 10 173 1
6 12 1 18
6 13 20 29
6 14 1 11
6 19 8 2
6 21 1 24
6 22 67 27
6 24 2 2
6 25 26 1
7 0 141 1
7 1 1 23
7 2 2 13
7 3 167 1
7 6 1 14
7 8 56 25
7 11 4 3
7 15 184 1
7 16 1 11
7 20 1 25
7 25 1 13
7 27 4 29
8 0 9 27
8 1 7 21
8 2 164 1
8 3 10 9
8 4 162 1
8 5 11 12
8 6 45 9
8 7 186 1
8 11 5 2
8 14 1 21
8 16 23 21
8 17 2 8
8 18 21 1
8 20 2 16
8 23 1 4
8 24 8 5
8 25 26 28
9 0 31 6
9 2 66 7
9 4 281 1
9 5 22 1
9 6 52 1
9 8 347 1
9 10 56 1
9 11 169 2
9 12 9 10
9 18 29 4
9 23 47 11
9 24 19 5
9 25 6 1
9 27 1 3
10 0 6 10
10 2 2 24
10 3 59 2
10 4 1 29
10 5 261 1
10 6 21 1
10 7 306 13
10 8 3 12
10 9 318 1
10 11 6 23
10 12 3 17
10 14 4 18
10 15 1 22
10 17 175 7
10 20 2 5
10 22 5 9
10 24 1 3
11 0 1 16
11 1 2 13
11 2 125 1
11 3 4 9
11 5 38 2
11 6 43 15
11 7 339 1
11 8 1 9
11 9 162 1
11 10 82 1
11 12 47 1
11 15 1 11
11 17 3 8
11 21 34 2
11 22 1 22
11 23 11 3
11 24 1 2
11 27 38 20
12 0 1 9
12 4 62 2
12 5 74 15
12 6 149 1
12 7 32 1
12 8 45 2
12 9 3 3
12 11 3 23
12 13 82 1
12 16 45 4
12 17 40 6
12 24 1 13
13 4 62 9
13 5 12 6
13 8 132 1
13 9 76 2
13 10 71 1
13 12 74 1
13 14 12 1
14 3 19 25
14 8 34 2
14 10 27 1
14 13 4 1
14 20 2 1
14 22 3 1
15 0 31 1
15 4 35 1
15 7 1 23
15 9 1 17
15 10 111 1
15 11 279 12
15 12 1 13
15 14 2 29
16 0 8 29
16 1 8 7
16 3 22 16
16 5 9 23
16 6 116 5
16 8 8 24
16 17 88 1
16 18 74 1
16 24 14 16
16 25 5 2
17 0 7 2
17 1 68 1
17 2 1 24
17 5 1 1
17 6 1 4
17 7 1 25
17 8 2 18
17 9 31 1
17 10 8 1
17 14 4 4
17 16 42 1
17 19 3 9
18 0 2 18
18 1 6 2
18 4 1 5
18 12 1 22
18 14 29 4
18 15 13 2
18 16 3 6
18 25 31 17
19 0 3 12
19 1 4 28
19 4 41 4
19 8 7 21
19 10 3 11
19 12 5 24
19 20 1 4
20 0 1 22
20 8 12 1
20 19 2 18
20 22 6 1
21 8 1 10
21 9 2 23
21 22 2 4
22 6 1 2
22 8 9 24
22 14 4 3
22 17 8 4
22 20 1 13
23 0 2 24
23 5 1 18
23 7 8 1
23 9 30 2
23 10 134 26
23 11 1 16
23 12 2 21
23 14 1 13
24 0 8 23
24 1 16 19
24 2 1 3
24 3 48 29
24 5 8 6
24 7 106 2
24 8 8 5
24 9 1 14
24 11 118 1
24 12 60 2
24 16 9 12
24 23 6 1
24 25 2 29
24 26 1 29
25 0 1 10
25 1 7 19
25 4 1 2
25 7 9 21
25 9 4 12
25 10 1 3
25 11 30 7
25 12 12 14
25 15 6 18
25 17 11 26
26 4 1 9
26 6 3 22
26 8 2 8
26 16 1 5
26 25 19 2
27 4 11 28
27 5 1 2
27 7 1 2
27 11 9 1
27 19 1 27
27 25 1 6
27 26 1 28
