0 1 3 17
0 2 65 1
0 3 4 24
0 5 89 19
0 6 5 22
0 7 1 3
0 8 4 21
0 9 1 18
0 11 1 8
0 13 3 17
0 16 5 9
0 17 1 14
0 19 4 19
0 20 5 5
0 23 63 2
0 24 4 21
0 25 1 19
1 0 8 17
1 2 1 3
1 3 3 7
1 4 10 28
1 5 4 7
1 6 403 20
1 7 163 1
1 8 2 17
1 10 2 13
1 11 119 1
1 12 1 16
1 14 95 5
1 16 7 28
1 17 327 1
1 18 178 20
1 20 98 2
1 24 4 14
2 0 2 27
2 1 14 1
2 3 3 20
2 4 104 1
2 5 4 19
2 6 164 1
2 7 7 5
2 8 337 1
2 9 47 3
2 12 2 17
2 13 1 1
3 0 13 5
3 1 4 20
3 2 20 18
3 5 4 15
3 6 154 2
3 8 15 28
3 11 2 1
3 16 4 5
3 17 1 6
3 24 7 9
4 0 183 1
4 1 12 22
4 2 51 1
4 6 6 6
4 8 20 12
4 9 6 17
4 10 5 19
4 11 2 21
4 12 59 1
4 14 2 4
4 17 5 27
4 18 1 2
4 24 1 19
5 0 4 19
5 1 5 6
5 3 4 26
5 4 6 20
5 6 178 1
5 8 2 6
5 9 4 25
5 12 1 18
5 16 4 22
5 17 1 15
5 19 21 3
5 20 1 9
5 24 4 3
6 0 1 28
6 1 3 29
6 2 240 1
6 3 4 8
6 4 246 1
6 5 8 1
6 7 199 1
6 8 30 29
6 10 268 1
6 11 76 1
6 15 2 29
6 16 1 13
6 18 30 3
6 19 1 17
6 20 2 7
6 24 4 20
6 25 2 26
7 0 2 27
7 1 9 13
7 3 8 7
7 4 2 25
7 6 8 26
7 8 4 16
7 10 2 14
7 11 6 10
7 15 148 1
7 16 1 4
7 20 207 1
7 23 2 17
7 26 93 7
8 0 3 28
8 1 3 6
8 2 44 1
8 3 181 27
8 4 112 1
8 5 132 14
8 6 245 11
8 7 8 21
8 9 1 10
8 10 106 11
8 11 1 26
8 12 3 10
8 15 17 3
8 16 4 23
8 17 56 2
8 20 177 2
8 21 1 5
8 23 21 1
8 24 4 25
8 27 1 21
9 0 2 8
9 3 18 2
9 4 198 1
9 5 3 13
9 6 42 29
9 7 37 2
9 8 280 1
9 10 13 16
9 11 5 1
9 13 86 4
9 14 37 2
9 20 88 1
9 21 3 17
9 22 1 11
9 27 24 4
10 0 161 3
10 5 207 1
10 6 74 1
10 7 202 1
10 8 30 6
10 9 110 22
10 11 2 6
10 12 55 1
10 13 163 2
10 14 268 1
10 16 98 1
10 23 1 16
10 27 1 7
11 3 1 12
11 6 294 1
11 7 255 1
11 8 24 16
11 10 103 1
11 12 1 6
11 13 1 1
11 14 1 6
11 15 10 16
11 24 2 6
11 25 400 4
11 26 117 1
12 1 35 1
12 2 1 15
12 5 140 1
12 6 2 12
12 9 11 23
12 13 142 1
12 20 52 4
12 22 1 20
12 27 20 5
13 8 1 14
13 9 1 11
13 11 3 10
13 12 134 1
13 15 2 2
13 21 11 20
13 24 1 29
13 26 3 23
14 2 1 16
14 7 67 2
14 8 1 25
14 9 50 24
14 11 1 3
14 15 3 1
15 4 1 10
15 6 100 2
15 7 6 24
15 10 14 2
15 11 188 1
15 14 1 13
15 17 35 19
15 18 11 17
15 27 1 27
16 0 4 7
16 1 4 27
16 3 6 5
16 4 135 1
16 5 4 28
16 6 1 26
16 8 4 12
16 17 29 2
16 18 201 1
16 24 4 6
17 0 1 26
17 1 274 1
17 6 93 2
17 7 134 3
17 8 70 1
17 9 1 4
17 10 180 1
17 11 157 1
17 14 13 2
17 18 5 15
17 20 100 2
17 22 1 7
17 27 36 1
18 1 3 4
18 2 1 14
18 3 54 6
18 4 284 29
18 9 7 1
18 11 34 20
18 16 3 13
18 17 108 1
18 20 3 7
18 23 15 10
19 0 10 14
19 3 1 11
19 5 26 1
19 6 2 6
19 9 1 29
19 10 33 3
19 14 3 22
19 20 226 2
20 0 173 1
20 3 3 20
20 10 2 8
20 11 163 20
20 15 55 1
20 17 2 7
20 19 1 11
20 21 1 27
20 25 2 13
21 0 19 12
21 9 24 3
21 12 1 15
21 15 9 3
21 26 4 28
22 10 14 15
22 15 11 5
22 23 15 25
23 1 1 11
23 12 2 7
23 13 10 7
23 15 2 13
23 18 1 18
23 20 48 1
23 24 2 5
24 0 5 20
24 1 4 13
24 3 31 2
24 4 1 10
24 5 6 12
24 7 1 7
24 8 5 6
24 9 37 2
24 10 1 9
24 11 110 1
24 16 5 20
24 18 22 14
24 25 27 1
25 2 1 21
25 3 24 9
25 7 3 26
25 10 111 1
25 15 3 7
25 22 10 2
26 24 35 1
26 27 50 1
27 1 1 16
27 11 135 2
27 18 1 20
27 25 6 3
