0 1 3 17
0 2 19 2
0 3 1 19
0 4 1 3
0 5 1 29
0 6 2 19
0 8 158 1
0 17 61 1
0 19 56 11
0 20 18 1
0 21 4 7
0 22 51 7
0 24 61 3
0 25 68 2
1 0 20 1
1 2 234 1
1 3 39 1
1 4 2 1
1 5 5 9
1 6 21 1
1 7 1 11
1 8 117 1
1 9 3 22
1 12 68 1
1 14 1 17
1 15 20 27
1 16 2 25
1 17 84 1
1 19 1 20
1 20 2 24
1 22 51 4
1 24 33 19
1 25 11 2
1 26 37 1
2 0 12 7
2 1 3 21
2 3 9 1
2 4 173 5
2 6 31 1
2 8 2 11
2 11 135 2
2 12 30 2
2 13 1 7
3 1 1 6
3 2 105 11
3 4 156 4
3 5 20 25
3 6 8 2
3 7 10 5
3 8 6 1
3 10 139 1
3 11 5 15
3 16 33 23
3 20 9 2
3 24 12 1
4 0 2 23
4 1 11 1
4 2 128 1
4 3 3 16
4 5 2 22
4 6 6 8
4 8 12 17
4 9 1 25
4 10 100 1
4 12 1 2
4 14 76 1
4 17 33 2
4 18 4 27
4 19 36 4
4 20 32 4
5 0 32 10
5 1 248 6
5 3 31 15
5 4 20 1
5 6 236 1
5 7 64 1
5 8 73 1
5 9 1 18
5 10 14 1
5 11 1 3
5 12 1 22
5 16 51 12
5 17 67 1
5 21 3 1
6 0 3 13
6 1 244 1
6 2 115 1
6 3 3 28
6 4 17 1
6 5 38 1
6 7 114 1
6 8 13 21
6 9 1 24
6 10 18 1
6 11 2 3
6 16 67 1
6 17 53 1
6 19 1 11
6 20 27 2
7 0 57 1
7 1 1 2
7 3 8 1
7 5 7 1
7 6 31 8
7 8 208 1
7 9 3 12
7 11 168 19
7 13 72 17
7 14 1 25
7 15 78 1
7 21 6 7
7 23 90 1
7 24 168 1
7 25 2 14
7 27 4 27
8 0 16 13
8 1 1 1
8 2 84 1
8 3 13 1
8 4 267 1
8 5 5 9
8 6 349 1
8 7 254 1
8 9 8 27
8 10 44 2
8 11 1 20
8 13 3 2
8 14 2 7
8 16 38 11
8 18 6 1
8 20 3 4
8 23 1 21
8 24 25 11
9 1 92 1
9 2 99 6
9 3 1 10
9 4 154 1
9 5 1 5
9 6 2 18
9 8 200 1
9 10 2 15
9 11 148 2
9 12 302 1
9 14 110 2
9 18 11 4
9 22 62 1
10 0 2 19
10 2 43 4
10 4 2 1
10 5 189 1
10 6 1 16
10 7 298 1
10 8 6 7
10 9 24 1
10 11 42 6
10 13 125 1
10 14 4 6
10 15 58 6
10 16 14 2
10 17 159 3
10 18 84 15
10 19 4 3
10 20 2 11
10 21 51 1
10 22 113 1
10 25 78 2
10 26 10 29
11 2 73 2
11 3 4 14
11 4 183 1
11 6 6 23
11 7 90 1
11 8 3 21
11 9 38 2
11 13 123 3
11 14 264 1
11 15 20 6
11 17 4 28
11 18 1 4
11 23 2 24
11 24 1 4
11 25 3 16
11 27 38 18
12 5 1 11
12 6 92 1
12 8 15 3
12 9 8 5
12 10 21 1
12 13 51 2
12 14 19 22
12 22 1 17
12 26 1 19
12 27 1 7
13 2 1 13
13 6 1 16
13 9 59 2
13 11 10 1
13 12 36 2
13 17 56 4
14 1 1 9
14 5 2 5
14 6 5 21
14 9 5 29
14 10 4 20
14 11 1 5
14 13 22 2
14 15 2 17
14 17 6 16
14 22 10 1
14 23 1 27
14 24 1 4
14 25 1 2
15 6 6 18
15 7 1 25
15 8 5 9
15 10 37 1
15 11 233 7
15 14 1 22
15 23 1 23
15 25 1 19
15 27 14 1
16 0 7 4
16 1 42 22
16 2 26 7
16 3 56 7
16 5 6 19
16 7 3 6
16 8 21 1
16 10 97 2
16 18 107 1
16 24 24 8
17 1 12 1
17 2 4 8
17 3 147 19
17 4 77 1
17 5 9 9
17 6 11 25
17 13 23 5
17 19 1 21
18 0 26 10
18 5 1 23
18 7 1 7
18 17 1 5
18 21 18 10
19 1 1 11
19 2 4 9
19 6 82 1
19 11 3 24
19 12 1 28
19 20 20 6
20 0 191 17
20 1 87 1
20 2 59 3
20 4 71 2
20 7 2 23
20 11 32 2
20 13 1 13
20 19 27 6
20 21 1 13
20 24 3 23
20 27 53 23
21 4 61 22
21 16 9 15
22 4 1 1
22 6 26 16
22 7 1 2
22 8 16 8
23 0 1 3
23 10 136 1
23 13 1 6
23 14 1 27
23 24 1 13
24 0 8 1
24 1 9 15
24 3 20 1
24 4 47 1
24 5 9 28
24 7 53 1
24 11 21 1
24 15 16 1
24 16 5 17
24 20 3 1
24 26 13 15
25 4 1 14
25 7 200 15
25 10 56 15
25 11 228 1
26 8 9 8
26 9 11 20
26 10 18 4
26 11 55 2
26 18 19 7
26 20 44 5
26 24 4 16
26 27 1 3
27 2 1 26
27 3 23 5
27 4 2 8
27 5 1 14
27 7 118 3
27 10 5 4
27 11 1 15
27 24 1 20
27 25 65 1
27 26 3 2
