0 1 9 15
0 2 15 1
0 3 7 2
0 4 28 9
0 5 23 21
0 6 1 11
0 7 2 9
0 8 5 7
0 15 25 5
0 16 5 14
0 17 57 1
0 19 2 23
0 24 5 2
0 27 5 2
1 0 5 21
1 2 107 1
1 3 7 8
1 5 6 2
1 6 13 1
1 7 39 6
1 8 4 5
1 9 1 20
1 10 4 5
1 11 1 12
1 12 65 4
1 16 6 12
1 17 71 1
1 19 3 1
1 20 9 9
1 24 6 1
2 0 5 29
2 1 3 1
2 3 47 1
2 4 171 1
2 5 18 22
2 6 30 2
2 7 1 2
2 8 1 29
2 9 4 7
2 10 2 24
2 11 131 1
2 12 29 1
2 14 1 8
2 15 1 24
2 16 1 21
2 20 19 5
2 21 13 29
2 27 7 7
3 0 6 3
3 1 12 22
3 2 10 1
3 5 17 24
3 7 5 11
3 8 7 16
3 9 2 4
3 10 134 2
3 11 1 11
3 12 47 3
3 15 36 1
3 16 6 15
3 18 61 2
3 24 5 25
4 1 387 1
4 2 122 1
4 3 1 23
4 5 3 10
4 6 6 26
4 8 4 25
4 10 95 2
4 12 2 1
4 14 74 1
4 17 30 1
4 18 7 9
4 21 20 3
4 25 21 1
4 26 3 16
5 0 5 23
5 1 6 5
5 3 6 6
5 4 12 1
5 6 126 1
5 7 59 1
5 8 2 18
5 9 2 14
5 12 1 23
5 16 5 6
5 17 64 3
5 18 2 1
5 20 78 3
5 22 16 17
5 24 6 27
5 25 14 1
6 1 227 1
6 2 106 1
6 3 16 20
6 4 11 2
6 5 6 1
6 7 77 1
6 8 12 24
6 9 4 6
6 10 12 1
6 12 41 17
6 14 1 16
6 17 153 1
6 20 26 1
6 23 2 1
6 25 11 1
7 0 51 2
7 1 7 20
7 3 3 2
7 5 5 2
7 6 69 15
7 8 178 1
7 10 6 11
7 11 34 22
7 14 9 9
7 15 70 1
7 17 2 12
7 19 3 14
7 24 165 1
8 0 5 11
8 1 5 16
8 2 57 1
8 3 5 8
8 4 258 1
8 5 8 29
8 6 115 1
8 7 224 13
8 9 3 28
8 10 6 12
8 11 1 4
8 13 1 18
8 14 1 18
8 16 6 17
8 17 39 21
8 19 20 5
8 22 65 3
8 23 43 2
8 24 6 20
8 25 1 28
9 0 20 1
9 1 128 1
9 2 1 3
9 3 1 15
9 4 143 1
9 5 2 27
9 6 3 29
9 8 187 1
9 10 6 26
9 11 144 1
9 12 292 1
9 21 1 18
9 27 3 27
10 0 1 25
10 1 20 1
10 3 107 1
10 4 265 3
10 5 180 1
10 6 4 22
10 8 18 17
10 9 14 1
10 11 26 25
10 12 257 1
10 13 78 22
10 14 2 11
10 17 157 1
10 20 4 26
10 21 50 3
10 22 111 2
11 2 69 1
11 3 1 24
11 5 11 6
11 7 54 1
11 8 1 9
11 9 33 1
11 10 1 16
11 12 23 3
11 13 120 1
11 14 3 1
11 15 77 16
11 17 1 18
11 21 25 1
11 23 1 28
11 24 1 1
11 25 14 16
12 1 22 9
12 6 87 2
12 8 14 1
12 9 12 27
12 14 1 26
12 15 1 21
12 16 37 6
12 21 1 25
12 23 50 1
12 24 52 17
13 4 55 4
13 7 1 4
13 8 101 1
13 9 58 1
13 12 75 1
13 17 55 16
14 7 1 1
14 10 5 28
14 11 2 15
14 13 19 2
14 15 1 7
14 20 39 12
15 1 44 1
15 3 29 6
15 6 3 12
15 7 3 5
15 11 225 1
15 22 9 19
15 24 16 8
15 26 1 4
16 0 6 27
16 1 5 11
16 2 25 2
16 3 5 18
16 4 4 15
16 5 6 15
16 8 6 9
16 24 31 16
17 1 48 1
17 2 10 24
17 4 74 1
17 5 1 14
17 6 1 29
17 7 3 28
17 12 2 2
17 19 29 28
17 22 43 21
17 24 12 1
18 0 1 1
18 2 43 9
18 4 17 16
18 16 2 8
18 22 12 11
19 6 80 1
19 11 3 6
19 12 5 27
19 20 99 21
20 5 8 11
20 7 2 28
20 10 64 1
20 11 31 1
20 19 2 4
20 24 1 18
20 25 1 7
20 26 30 10
21 3 3 12
21 7 1 22
21 12 71 2
21 18 8 6
21 19 1 26
21 24 2 29
21 25 8 6
21 27 7 23
22 1 21 10
22 2 1 8
22 5 1 19
22 6 1 15
22 8 16 27
22 10 83 1
22 17 5 1
22 20 1 22
22 23 1 16
23 3 1 21
23 11 3 5
23 17 47 1
23 21 2 19
23 22 1 14
24 0 5 8
24 1 26 8
24 3 5 14
24 5 5 20
24 6 1 2
24 7 49 1
24 8 5 18
24 11 16 2
24 14 2 2
24 16 6 15
24 17 32 5
24 22 1 9
24 26 1 27
25 0 1 4
25 2 12 15
25 4 28 11
25 6 10 15
25 7 7 15
25 8 1 22
25 9 63 20
25 10 3 15
25 11 12 1
25 12 7 4
25 14 3 11
25 27 1 29
26 2 1 27
26 5 18 12
26 8 10 21
26 27 1 4
27 4 17 28
27 7 116 4
27 8 63 6
27 10 1 23
27 25 64 1
