0 1 59 17
0 2 5 2
0 3 30 7
0 4 3 26
0 5 33 2
0 6 15 24
0 7 1 6
0 8 13 12
0 16 13 6
0 17 43 1
0 19 4 1
0 20 7 2
0 24 13 4
1 0 42 23
1 2 86 1
1 3 55 3
1 4 2 29
1 5 13 7
1 7 252 28
1 8 12 29
1 9 1 14
1 11 1 5
1 12 58 3
1 15 18 3
1 16 13 12
1 17 53 1
1 18 3 5
1 19 1 18
1 20 3 21
1 21 1 15
1 24 13 12
1 25 78 20
2 1 23 13
2 3 121 1
2 4 157 2
2 7 222 16
2 10 8 2
2 14 2 2
2 17 17 1
2 18 12 2
2 20 113 18
3 0 14 21
3 1 45 12
3 2 31 1
3 5 14 15
3 6 129 2
3 7 3 26
3 8 32 16
3 10 118 1
3 15 33 8
3 16 107 20
3 24 13 10
4 0 231 6
4 1 106 2
4 3 1 5
4 5 82 14
4 6 27 1
4 8 12 8
4 9 1 10
4 10 79 1
4 11 145 4
4 16 31 1
4 18 2 14
4 24 48 10
4 26 2 17
5 0 13 8
5 1 24 2
5 2 2 12
5 3 13 12
5 6 38 1
5 7 44 1
5 8 10 23
5 9 13 7
5 11 5 2
5 12 19 21
5 13 1 21
5 16 13 2
5 24 19 11
5 25 12 2
6 0 41 22
6 1 189 1
6 2 76 1
6 3 54 12
6 5 17 29
6 7 98 1
6 8 18 6
6 9 7 23
6 11 300 1
6 13 5 22
6 14 4 1
6 15 14 1
6 16 61 1
6 17 38 2
6 20 21 3
6 21 4 24
6 22 10 1
7 0 34 1
7 1 90 19
7 2 20 2
7 3 1 12
7 4 25 2
7 6 3 13
7 8 139 10
7 9 3 12
7 10 1 20
7 11 14 29
7 14 6 24
7 15 46 1
7 17 4 28
7 20 6 5
7 21 5 12
7 22 2 3
7 23 79 2
7 24 151 2
7 27 4 22
8 0 23 26
8 1 18 26
8 2 143 1
8 3 20 12
8 4 226 1
8 5 56 23
8 6 68 1
8 7 98 1
8 9 2 6
8 10 12 27
8 11 3 21
8 13 35 20
8 14 12 4
8 15 147 6
8 16 26 8
8 17 3 15
8 20 1 8
8 21 70 7
8 22 60 6
8 23 1 26
8 24 52 16
8 26 57 1
9 0 18 2
9 1 88 1
9 4 108 1
9 5 10 11
9 6 3 8
9 8 145 1
9 10 10 2
9 11 137 2
9 12 256 1
9 13 1 28
9 14 1 27
9 15 1 11
9 18 7 1
9 21 1 19
9 25 60 15
9 27 3 3
10 0 1 11
10 2 1 12
10 3 91 1
10 4 256 1
10 5 151 1
10 6 2 29
10 7 15 1
10 8 67 17
10 11 2 12
10 12 252 1
10 14 2 9
10 15 3 8
10 17 152 1
10 22 105 12
10 25 63 2
10 26 10 1
11 1 5 25
11 3 17 4
11 5 7 1
11 6 1 26
11 8 1 26
11 9 19 1
11 10 2 10
11 12 19 1
11 13 107 2
11 14 240 1
11 15 6 23
11 22 3 22
11 24 20 2
11 25 3 18
11 26 1 18
11 27 2 27
12 0 1 22
12 1 81 5
12 5 141 12
12 6 72 1
12 9 55 5
12 10 17 2
12 11 165 7
12 13 42 2
12 14 1 8
12 16 36 1
12 17 24 3
12 18 1 11
12 19 2 22
12 21 2 16
12 24 1 26
12 26 5 28
13 3 1 7
13 7 1 14
13 10 4 3
13 12 57 1
13 14 1 9
13 22 1 25
13 25 1 16
14 3 6 21
14 5 1 16
14 9 1 16
14 10 3 20
14 11 1 15
14 13 30 1
14 15 1 3
14 17 66 8
14 20 2 6
15 1 40 1
15 3 26 4
15 4 20 2
15 6 1 16
15 7 3 29
15 8 1 13
15 10 18 1
15 11 133 1
15 14 9 22
15 23 1 10
15 24 14 1
16 0 47 21
16 1 52 8
16 3 13 9
16 4 7 28
16 5 13 28
16 8 23 21
16 10 94 6
16 17 1 1
16 18 74 1
16 24 14 26
17 0 141 1
17 1 24 1
17 2 7 16
17 3 9 2
17 4 70 3
17 5 12 17
17 8 94 27
17 12 1 22
17 14 10 14
18 0 1 29
18 2 40 1
18 4 296 2
18 5 3 8
18 7 1 26
18 9 33 24
18 17 6 16
18 20 61 1
19 2 4 12
19 4 20 1
19 8 2 10
19 11 1 9
19 12 5 3
19 13 2 4
19 14 2 29
19 17 7 3
19 20 11 21
20 2 48 2
20 4 64 1
20 7 1 11
20 11 25 1
20 14 7 14
20 17 109 7
20 19 20 21
20 26 1 22
21 19 2 28
21 20 1 13
21 25 8 5
22 8 16 6
22 10 75 2
22 12 1 1
22 15 1 29
22 25 1 2
23 11 3 24
23 14 1 2
23 20 29 18
23 21 1 6
23 22 1 15
23 24 43 16
24 0 29 8
24 1 51 21
24 3 35 22
24 5 165 2
24 7 36 2
24 8 71 15
24 11 4 3
24 13 10 11
24 16 62 1
24 22 1 12
24 26 5 14
25 7 7 17
25 8 1 19
25 10 8 16
25 11 129 1
25 14 1 21
25 15 1 13
25 17 2 28
25 18 1 11
25 24 34 27
26 2 1 17
26 3 14 17
26 10 15 5
26 12 9 28
26 27 5 5
27 3 24 22
27 4 3 11
27 5 1 12
27 8 59 2
27 24 1 29
27 26 1 25
