0 1 76 1
0 2 347 13
0 3 74 20
0 4 118 1
0 5 134 25
0 6 131 1
0 7 54 6
0 8 32 21
0 9 1 4
0 10 2 15
0 11 31 1
0 12 135 1
0 16 7 4
0 17 2 20
0 19 10 1
0 20 1 18
0 24 29 1
1 0 5 18
1 2 22 16
1 3 96 27
1 4 142 3
1 5 31 20
1 6 433 5
1 6 50 22
1 7 151 5
1 8 4 23
1 9 60 1
1 10 1 17
1 11 311 1
1 12 7 13
1 13 89 1
1 16 7 11
1 17 17 3
1 18 6 23
1 19 188 2
1 20 9 4
1 24 137 13
1 27 2 18
2 0 264 1
2 1 6 4
2 3 171 1
2 4 14 1
2 5 31 3
2 6 350 1
2 7 105 1
2 8 2 27
2 9 67 1
2 10 364 24
2 11 1 18
2 16 1 4
2 17 2 18
2 20 209 2
3 0 5 22
3 1 54 6
3 2 6 7
3 4 26 21
3 5 47 4
3 6 1 11
3 8 6 7
3 9 3 12
3 10 293 2
3 11 2 18
3 16 104 23
3 24 8 18
3 27 18 13
4 1 8 26
4 2 1 18
4 5 265 1
4 6 151 3
4 7 341 2
4 8 216 1
4 9 5 5
4 10 19 14
4 11 207 1
4 12 27 1
4 13 8 8
4 15 5 13
4 17 1 3
4 18 6 27
5 0 188 16
5 1 7 26
5 3 7 8
5 4 83 1
5 6 208 7
5 7 20 24
5 8 334 12
5 9 72 1
5 10 325 21
5 12 18 14
5 16 23 1
5 17 4 25
5 18 84 2
5 24 70 14
5 25 2 22
6 0 1 19
6 1 43 1
6 5 167 1
6 7 254 1
6 8 10 21
6 9 65 15
6 10 373 1
6 11 1 28
6 12 3 8
6 14 152 1
6 17 18 29
6 18 2 8
6 19 158 1
6 20 151 2
6 23 15 2
6 24 6 4
6 26 7 8
7 0 1 14
7 1 215 8
7 2 112 1
7 3 157 1
7 5 60 1
7 6 122 1
7 8 315 6
7 9 358 1
7 10 196 28
7 11 1 28
7 14 85 1
7 15 7 24
7 16 107 1
7 19 183 1
7 20 1 28
7 21 22 15
7 24 314 1
7 27 4 17
8 0 7 17
8 1 58 22
8 2 4 25
8 3 6 8
8 4 111 6
8 5 62 24
8 6 34 7
8 7 111 1
8 9 139 1
8 10 342 1
8 11 3 22
8 12 16 16
8 13 1 24
8 14 14 1
8 15 34 24
8 16 130 3
8 17 8 17
8 18 111 1
8 21 2 15
8 23 11 2
8 24 7 26
8 27 35 29
9 1 16 3
9 2 168 13
9 3 1 7
9 4 2 6
9 5 7 17
9 6 7 1
9 7 2 16
9 8 2 12
9 10 13 9
9 11 249 1
9 12 5 17
9 14 9 3
9 15 3 15
9 17 1 4
9 18 200 1
9 23 5 13
9 25 4 12
9 26 42 4
10 0 1 17
10 1 45 1
10 2 359 3
10 3 2 19
10 4 345 1
10 5 1 10
10 6 5 1
10 7 4 12
10 8 400 16
10 9 33 1
10 11 111 1
10 14 4 22
10 15 1 14
10 18 56 2
10 19 1 3
10 20 48 1
10 22 11 3
10 23 1 11
10 25 4 19
10 27 11 1
11 0 1 5
11 1 117 1
11 2 34 1
11 4 28 2
11 6 137 1
11 7 113 5
11 8 116 15
11 9 1 16
11 10 3 19
11 12 180 1
11 14 32 1
11 15 69 4
11 16 136 6
11 18 4 20
11 19 43 3
11 20 3 29
11 22 140 1
11 23 27 1
11 24 44 1
11 25 194 20
11 27 232 1
12 1 1 28
12 4 198 1
12 5 4 26
12 6 15 2
12 8 2 24
12 9 8 22
12 10 1 24
12 11 237 1
12 14 1 21
12 15 1 19
12 18 4 28
12 20 1 24
12 21 1 11
12 22 7 16
12 24 26 1
13 3 16 2
13 4 3 4
13 6 132 2
13 8 6 13
13 9 39 2
13 10 261 1
13 11 36 5
13 12 1 2
13 14 1 13
13 23 1 23
14 1 45 1
14 7 45 24
14 8 157 1
14 11 268 10
14 12 16 17
14 13 2 23
14 15 48 3
14 17 111 2
14 23 42 23
15 1 1 16
15 2 35 1
15 6 2 17
15 7 46 18
15 8 5 27
15 11 12 1
15 13 2 3
15 14 2 1
15 20 3 9
15 25 9 19
15 26 20 1
15 27 19 1
16 0 125 11
16 1 140 12
16 3 155 3
16 4 4 20
16 5 8 11
16 8 100 1
16 9 2 15
16 13 1 17
16 17 250 1
16 18 31 1
16 19 3 22
16 21 35 3
16 24 8 16
16 25 1 20
17 0 3 25
17 1 291 1
17 2 1 6
17 3 85 1
17 4 268 1
17 5 1 14
17 6 2 5
17 7 2 19
17 8 4 17
17 10 1 25
17 12 108 1
17 14 2 1
17 26 21 4
17 27 1 3
18 0 6 4
18 4 359 15
18 5 68 2
18 6 2 26
18 7 1 25
18 11 125 3
18 12 6 11
18 17 1 10
18 19 2 4
19 1 13 18
19 3 1 5
19 7 1 4
19 8 3 13
19 10 113 6
19 11 64 2
19 12 1 17
19 14 9 4
19 20 5 2
20 0 6 7
20 1 49 3
20 2 1 26
20 3 3 15
20 6 234 1
20 7 335 2
20 8 1 29
20 14 2 12
20 15 92 7
20 17 5 2
20 19 18 24
20 25 15 2
21 6 10 9
21 7 66 1
21 9 2 9
21 10 1 6
21 12 13 15
21 14 25 15
21 22 1 26
22 0 43 2
22 12 152 1
22 13 9 20
22 16 32 29
22 21 1 2
23 8 68 3
23 10 129 1
23 11 12 21
23 12 11 3
23 13 17 1
23 15 4 29
23 17 81 26
23 18 2 13
23 24 7 4
23 26 1 10
24 0 108 29
24 1 148 18
24 3 29 17
24 5 7 3
24 6 91 2
24 8 284 29
24 10 2 21
24 11 10 1
24 12 89 15
24 16 191 18
24 17 59 3
24 18 1 19
24 22 1 3
25 1 2 2
25 3 1 18
25 6 1 28
25 7 379 3
25 8 4 1
25 11 300 1
25 12 17 7
25 17 1 27
25 20 1 6
25 24 4 22
25 27 7 6
26 4 1 22
26 7 42 4
26 18 41 22
26 20 1 18
27 7 40 1
27 18 24 22
27 21 1 2
27 26 1 20
