0 1 140 1
0 2 332 1
0 3 23 1
0 4 77 1
0 5 105 1
0 6 90 1
0 7 5 3
0 8 134 1
0 9 1 18
0 12 126 1
0 13 1 20
0 16 8 7
0 17 6 11
0 18 121 12
0 20 4 2
0 21 3 16
0 23 14 4
0 24 59 1
1 0 195 1
1 2 21 16
1 3 12 2
1 4 42 1
1 5 64 3
1 6 2 18
1 7 52 16
1 8 276 1
1 9 33 1
1 10 5 7
1 11 287 1
1 15 2 20
1 16 76 4
1 17 248 1
1 19 167 2
1 24 119 1
1 25 1 14
2 0 213 1
2 1 44 21
2 3 18 1
2 6 291 1
2 7 85 1
2 8 4 26
2 9 50 2
2 11 2 15
2 16 17 20
2 17 4 5
2 19 36 8
3 0 142 4
3 1 11 8
3 2 62 1
3 4 126 20
3 5 29 13
3 6 1 25
3 7 2 15
3 8 6 6
3 10 265 2
3 11 1 21
3 15 1 20
3 16 184 1
3 19 55 1
3 24 49 10
4 0 1 3
4 1 104 19
4 2 6 16
4 3 3 1
4 5 126 1
4 6 3 15
4 8 59 1
4 9 36 3
4 10 1 9
4 11 189 1
4 12 15 2
4 17 1 8
4 18 296 11
4 20 4 28
4 21 34 1
4 26 70 1
5 0 49 1
5 1 123 1
5 3 203 1
5 4 180 1
5 6 183 13
5 7 2 16
5 8 170 1
5 10 300 1
5 11 1 15
5 16 28 1
5 17 1 1
5 24 207 1
5 27 1 20
6 1 3 2
6 2 1 1
6 3 1 1
6 4 2 1
6 5 5 29
6 7 231 1
6 8 234 1
6 10 62 1
6 11 19 9
6 12 1 20
6 14 130 1
6 16 17 15
6 17 1 25
6 20 137 1
6 23 11 1
6 24 3 5
6 25 1 17
7 0 2 18
7 1 42 3
7 2 59 1
7 3 61 1
7 4 8 1
7 5 33 2
7 6 155 1
7 8 4 13
7 9 339 2
7 10 2 14
7 11 15 13
7 14 58 1
7 15 17 15
7 16 99 1
7 18 130 2
7 20 1 20
7 23 3 1
7 25 3 24
7 27 1 26
8 0 256 1
8 1 135 2
8 2 53 25
8 3 299 1
8 4 4 12
8 5 130 1
8 6 26 13
8 7 193 14
8 9 70 1
8 10 84 9
8 11 412 24
8 12 1 23
8 13 16 26
8 14 1 8
8 15 3 17
8 16 251 1
8 17 13 18
8 19 45 2
8 20 302 2
8 24 254 4
8 26 4 19
9 0 2 18
9 3 5 10
9 4 2 23
9 5 41 8
9 6 1 11
9 7 1 2
9 8 2 26
9 11 210 1
9 12 2 21
9 14 2 1
9 16 1 1
9 17 5 22
9 18 192 1
9 22 14 17
9 23 1 19
9 25 2 2
10 0 16 2
10 1 23 1
10 2 17 1
10 3 5 23
10 4 311 1
10 5 4 10
10 6 2 3
10 8 281 1
10 9 14 2
10 11 67 1
10 12 1 22
10 14 4 19
10 15 1 23
10 19 2 4
10 20 38 1
10 22 4 6
10 23 15 29
10 24 49 2
10 25 2 8
10 27 7 1
11 1 92 1
11 5 2 24
11 6 97 1
11 7 304 25
11 8 3 4
11 9 1 28
11 10 3 13
11 12 164 2
11 14 6 1
11 15 6 1
11 18 121 25
11 20 4 9
11 21 2 11
11 22 124 1
11 25 118 1
11 26 3 8
12 1 1 7
12 3 72 1
12 4 175 1
12 5 15 19
12 7 9 27
12 8 1 10
12 9 168 16
12 10 2 22
12 11 225 2
12 13 1 7
12 14 7 24
12 15 1 26
12 18 101 2
12 19 59 11
12 22 28 6
12 26 52 9
12 27 6 18
13 3 14 7
13 6 122 3
13 8 16 28
13 9 29 3
13 10 217 1
13 11 40 26
13 12 226 7
13 14 1 11
13 16 17 3
13 17 15 6
13 22 1 28
13 23 5 13
13 24 1 15
14 1 35 2
14 8 114 1
14 9 121 1
14 10 2 29
14 11 355 1
14 13 4 6
14 15 36 1
14 25 3 18
14 27 2 1
15 0 64 1
15 3 23 2
15 7 2 10
15 8 5 11
15 9 138 1
15 11 3 20
15 13 1 19
15 14 8 3
15 20 4 9
15 24 54 5
15 27 16 4
16 0 187 1
16 1 83 1
16 3 167 1
16 4 67 8
16 5 245 1
16 8 186 1
16 9 10 10
16 17 181 1
16 18 7 1
16 19 37 26
16 24 159 1
17 0 9 16
17 1 215 1
17 4 233 1
17 6 11 17
17 7 4 11
17 8 7 27
17 9 16 10
17 12 99 3
17 16 9 5
17 19 147 1
17 20 1 23
17 21 1 20
17 22 3 7
17 25 2 23
17 26 2 13
18 0 2 11
18 1 1 27
18 2 76 4
18 4 4 10
18 5 55 1
18 9 1 17
18 11 119 1
18 12 16 23
18 13 30 1
18 16 27 10
18 17 1 29
18 21 42 21
18 25 1 2
19 0 33 1
19 1 2 18
19 6 2 1
19 11 55 2
19 17 2 6
19 20 11 29
19 24 1 28
20 0 1 7
20 1 34 3
20 6 227 1
20 7 322 1
20 16 3 22
20 19 1 20
20 23 4 24
20 27 40 2
21 6 8 1
21 7 61 6
21 11 1 10
21 12 1 25
21 18 41 19
21 20 1 7
21 24 1 28
21 26 1 16
22 8 1 13
22 10 219 22
22 21 24 10
23 0 2 1
23 1 1 17
23 8 59 1
23 10 113 1
23 11 2 9
23 18 1 20
23 22 3 15
24 0 17 1
24 1 92 1
24 3 82 2
24 5 245 1
24 7 1 26
24 8 91 1
24 10 5 25
24 14 3 27
24 16 5 24
24 18 1 27
24 19 23 12
24 25 12 2
24 26 20 2
24 27 1 5
25 1 118 18
25 6 2 11
25 7 359 1
25 8 10 27
25 11 247 17
25 12 1 2
25 15 4 6
25 20 3 14
25 24 4 26
25 27 1 27
26 6 5 18
26 9 81 5
26 20 1 9
26 22 1 16
27 8 52 1
27 11 2 9
27 14 25 1
27 21 15 3
27 24 1 18
