0 1 116 1
0 2 332 1
0 3 4 23
0 4 76 1
0 5 84 2
0 6 89 1
0 7 389 18
0 8 114 1
0 9 1 21
0 11 15 1
0 12 126 2
0 15 61 2
0 16 6 7
0 17 6 21
0 18 1 22
0 20 1 16
0 22 31 2
0 24 38 1
0 26 70 2
1 0 174 1
1 2 86 4
1 3 362 1
1 4 40 1
1 5 38 1
1 6 181 10
1 7 4 27
1 8 253 1
1 9 32 2
1 10 2 14
1 11 286 2
1 12 1 18
1 14 2 3
1 16 54 1
1 17 247 1
1 18 6 1
1 21 1 24
1 23 105 26
1 24 111 1
1 25 9 28
1 26 1 17
1 27 4 9
2 0 212 1
2 1 7 1
2 3 16 1
2 5 19 1
2 6 289 1
2 7 83 1
2 8 6 3
2 11 1 17
2 17 1 15
2 18 32 2
2 20 199 4
3 0 79 1
3 1 16 1
3 2 68 23
3 4 17 25
3 5 167 1
3 6 37 21
3 7 5 24
3 8 170 1
3 9 3 24
3 11 148 21
3 16 163 1
3 17 240 1
3 18 41 1
3 19 54 3
3 20 11 20
3 24 239 1
3 25 3 9
3 27 1 29
4 0 1 8
4 1 26 1
4 2 2 25
4 3 3 19
4 5 123 1
4 6 48 29
4 7 321 1
4 8 57 1
4 9 4 11
4 10 1 22
4 11 189 1
4 15 5 18
4 17 1 9
4 18 1 1
4 21 33 8
4 22 22 1
4 23 90 1
4 24 1 18
4 26 69 10
5 0 29 27
5 1 102 1
5 3 182 1
5 4 176 1
5 6 361 1
5 7 2 12
5 8 148 1
5 9 1 18
5 10 298 1
5 12 4 28
5 16 7 18
5 17 4 10
5 18 70 1
5 24 186 1
5 27 3 5
6 0 9 7
6 2 1 8
6 4 1 1
6 5 6 7
6 7 229 1
6 8 226 1
6 9 2 19
6 10 59 1
6 11 1 19
6 12 1 9
6 13 158 1
6 14 129 1
6 17 3 5
6 18 1 27
6 20 137 2
6 23 11 3
6 27 13 24
7 0 1 20
7 1 3 27
7 2 58 1
7 3 58 10
7 4 7 1
7 6 152 1
7 8 26 11
7 10 1 23
7 11 10 11
7 13 7 21
7 14 57 2
7 15 2 8
7 16 99 5
7 17 51 1
7 22 9 3
7 23 3 29
7 27 189 5
8 0 235 1
8 1 169 3
8 2 200 29
8 3 276 1
8 4 3 26
8 5 129 15
8 6 108 20
8 7 5 18
8 9 68 1
8 10 269 6
8 14 1 2
8 15 1 27
8 16 230 1
8 17 1 24
8 18 94 1
8 22 83 2
9 0 2 14
9 1 2 1
9 2 4 16
9 3 2 2
9 4 1 18
9 5 200 11
9 6 2 3
9 7 2 27
9 8 8 6
9 10 1 17
9 11 208 1
9 12 16 12
9 13 135 16
9 14 1 8
9 15 2 10
9 16 1 25
9 17 15 16
9 18 192 3
9 20 2 10
9 22 5 27
9 24 18 3
9 26 1 25
10 1 23 1
10 2 17 1
10 3 1 4
10 4 310 1
10 5 146 2
10 7 1 20
10 8 272 1
10 11 64 27
10 12 1 2
10 13 1 20
10 14 14 16
10 15 3 12
10 19 4 22
10 20 37 1
10 23 1 16
10 25 1 18
10 27 6 9
11 1 91 1
11 2 16 2
11 3 3 10
11 5 10 4
11 6 96 1
11 7 58 4
11 8 2 21
11 9 1 23
11 10 35 28
11 13 1 20
11 14 5 1
11 15 3 10
11 16 133 2
11 22 124 1
11 23 10 3
11 24 10 1
11 25 114 1
11 26 1 18
11 27 206 1
12 3 72 1
12 4 174 1
12 5 17 23
12 7 1 12
12 8 1 12
12 9 2 6
12 10 2 10
12 15 83 15
12 21 27 16
12 22 2 22
13 1 2 27
13 4 1 29
13 8 11 13
13 10 216 1
13 11 5 27
13 12 21 26
13 14 1 6
13 20 1 23
13 22 3 3
13 26 1 3
14 3 36 2
14 6 1 2
14 8 113 1
14 9 121 1
14 10 1 16
14 11 353 1
14 12 1 10
14 13 1 5
14 15 35 1
14 17 108 1
14 18 1 13
14 20 1 21
14 25 2 21
14 27 2 1
15 0 64 1
15 1 4 28
15 4 120 4
15 6 11 18
15 7 1 7
15 9 137 4
15 11 4 22
15 14 13 17
15 18 39 1
16 0 167 1
16 1 63 1
16 3 146 1
16 4 4 3
16 5 224 1
16 7 33 1
16 8 165 4
16 11 149 25
16 17 179 1
16 18 6 1
16 20 65 1
16 21 35 12
16 24 139 1
16 26 1 14
17 1 212 1
17 3 65 2
17 4 232 2
17 6 4 3
17 10 22 24
17 18 216 1
17 19 147 1
18 0 113 2
18 1 5 5
18 5 54 1
18 6 5 4
18 7 1 28
18 10 212 3
18 11 118 3
18 13 30 10
19 0 32 3
19 1 204 10
19 3 65 29
19 5 30 3
19 6 3 12
19 7 2 8
19 8 1 26
19 9 29 6
19 14 8 8
19 20 4 2
19 24 1 20
20 0 8 3
20 2 1 13
20 3 2 2
20 5 60 1
20 6 226 2
20 7 321 1
20 12 1 2
20 16 1 22
20 19 175 15
20 26 2 5
21 6 7 1
21 8 62 3
21 9 98 18
21 12 2 22
21 13 3 9
21 22 5 10
23 0 2 16
23 3 33 2
23 8 58 2
23 10 112 2
23 11 1 21
23 16 6 1
24 0 16 6
24 1 71 1
24 3 79 1
24 5 224 1
24 6 81 1
24 8 69 1
24 10 5 8
24 14 1 27
24 16 178 1
24 17 2 7
24 18 1 21
25 2 1 8
25 6 4 16
25 7 358 1
25 8 5 29
25 9 108 24
25 10 218 2
25 11 140 1
25 17 1 17
25 20 1 12
25 24 2 6
25 26 7 2
25 27 24 13
26 10 24 1
26 11 202 1
26 15 20 29
26 23 2 6
26 27 16 2
27 2 37 7
27 7 27 1
27 8 52 1
27 11 13 28
27 14 24 13
27 20 1 1
27 24 1 3
27 26 1 2
