0 1 67 1
0 2 328 1
0 3 19 1
0 4 71 1
0 5 11 29
0 6 83 1
0 7 1 16
0 8 40 24
0 12 125 2
0 14 4 5
0 16 94 1
0 17 4 2
0 18 20 1
0 20 4 15
0 21 4 25
0 24 76 1
0 25 6 3
0 27 75 16
1 0 118 1
1 2 6 23
1 3 277 1
1 4 30 1
1 5 61 1
1 6 1 28
1 7 72 3
1 8 122 1
1 9 29 2
1 10 2 24
1 11 283 1
1 13 82 2
1 16 21 1
1 17 238 1
1 19 164 1
1 21 26 1
1 22 90 4
1 24 14 14
1 27 1 15
2 0 205 1
2 1 92 11
2 3 7 1
2 6 281 1
2 7 108 1
2 8 10 5
2 9 48 1
2 10 19 20
2 11 3 3
2 16 1 10
2 17 4 11
2 24 6 3
3 0 84 1
3 1 2 13
3 2 42 4
3 4 3 11
3 5 90 1
3 6 1 16
3 7 2 6
3 8 20 1
3 11 81 29
3 14 1 20
3 15 4 2
3 16 66 1
3 18 40 3
3 19 53 2
3 21 27 8
3 24 143 1
3 26 21 5
4 0 3 26
4 1 9 21
4 2 2 14
4 3 1 26
4 5 108 1
4 6 3 20
4 7 319 1
4 8 191 26
4 9 1 14
4 10 1 21
4 11 187 1
4 14 1 1
4 16 4 1
4 17 1 9
4 18 2 25
4 19 1 19
4 24 8 2
5 0 106 1
5 1 136 1
5 3 101 1
5 4 158 1
5 6 258 1
5 7 2 25
5 8 49 1
5 9 2 28
5 10 57 1
5 11 16 17
5 12 185 14
5 14 6 1
5 15 1 8
5 16 223 1
5 17 1 6
5 19 1 15
5 21 29 5
5 24 120 1
5 27 3 29
6 3 1 2
6 4 374 1
6 5 9 18
6 7 246 1
6 8 324 1
6 9 15 12
6 10 166 1
6 11 447 1
6 12 1 28
6 14 126 1
6 16 2 22
6 17 4 2
6 20 135 1
6 27 3 7
7 0 50 28
7 1 1 4
7 2 52 1
7 3 36 1
7 4 6 1
7 5 30 1
7 6 79 1
7 8 15 22
7 10 32 11
7 11 11 28
7 12 1 26
7 14 54 1
7 15 12 2
7 16 98 5
7 17 50 1
7 18 129 2
7 22 2 10
7 24 308 3
7 25 4 3
7 27 198 4
8 0 138 1
8 1 108 1
8 2 1 22
8 3 171 1
8 4 1 15
8 5 7 6
8 6 103 15
8 7 35 29
8 9 61 1
8 10 17 15
8 11 2 1
8 12 1 14
8 13 2 13
8 14 10 21
8 15 1 3
8 16 148 1
8 17 1 29
8 18 91 1
8 19 44 1
8 22 81 1
8 24 241 1
8 27 4 15
9 1 2 7
9 4 67 29
9 5 2 3
9 6 4 7
9 7 77 17
9 8 41 11
9 10 2 27
9 11 203 1
9 12 5 5
9 16 1 29
9 17 1 29
9 22 4 16
9 23 3 6
10 0 4 6
10 1 21 1
10 2 14 2
10 3 1 9
10 4 305 1
10 5 8 4
10 6 1 10
10 7 1 21
10 8 114 1
10 9 7 1
10 11 53 1
10 12 2 25
10 14 27 23
10 15 1 1
10 22 4 1
10 25 2 4
10 26 7 15
11 0 6 8
11 2 14 3
11 3 6 2
11 5 3 18
11 7 47 14
11 8 2 10
11 9 2 16
11 10 3 15
11 12 161 1
11 14 3 1
11 15 29 1
11 18 1 3
11 21 1 18
11 24 7 3
11 25 95 1
11 26 8 15
11 27 202 2
12 4 171 1
12 5 1 9
12 7 1 12
12 8 85 8
12 9 38 25
12 10 1 21
12 11 223 3
12 13 2 7
12 15 1 13
12 17 180 5
12 20 1 9
12 21 3 5
12 22 29 21
12 25 71 1
13 0 13 1
13 1 84 5
13 7 4 3
13 10 210 1
13 11 4 26
13 14 6 1
13 17 15 6
13 20 1 27
13 27 4 25
14 3 35 8
14 7 1 29
14 8 107 1
14 9 117 2
14 10 8 29
14 11 345 1
14 13 6 14
14 15 30 1
14 16 4 16
14 20 3 27
14 24 1 19
15 5 1 6
15 6 1 2
15 7 9 7
15 8 4 4
15 11 2 2
15 14 4 8
15 20 1 27
15 24 56 1
15 25 9 10
16 0 7 27
16 1 127 1
16 3 54 1
16 5 15 8
16 6 12 3
16 8 129 1
16 9 1 21
16 10 1 26
16 15 8 20
16 17 170 1
16 18 4 2
16 23 1 10
16 24 26 1
16 25 1 13
17 0 3 28
17 1 14 1
17 2 15 14
17 3 63 1
17 4 228 1
17 6 21 15
17 7 1 13
17 9 3 2
17 10 9 26
17 13 1 27
17 20 5 15
18 0 1 16
18 1 17 21
18 2 75 5
18 5 52 2
18 6 1 23
18 11 118 1
18 14 52 8
18 16 3 6
18 17 4 10
18 23 1 15
18 27 3 13
19 7 4 23
19 12 1 9
19 17 2 12
19 20 10 26
19 21 1 2
19 22 1 2
19 27 5 3
20 0 22 22
20 1 32 2
20 6 225 1
20 7 319 1
20 8 279 21
20 10 57 1
20 15 88 1
20 16 2 6
20 19 1 6
20 21 47 1
20 26 11 6
20 27 39 7
21 4 23 2
21 5 1 8
21 7 61 3
21 8 61 5
21 13 1 13
21 17 2 6
21 23 21 3
21 24 1 24
22 1 12 10
22 2 11 1
22 4 90 5
22 6 3 21
22 8 1 8
22 10 4 1
22 24 7 17
23 11 32 19
23 14 3 8
23 15 3 1
23 16 6 4
23 22 1 10
23 24 2 1
23 26 1 26
24 0 14 1
24 1 50 1
24 3 36 3
24 4 1 23
24 5 145 1
24 6 80 1
24 7 1 25
24 8 76 1
24 9 116 2
24 10 2 28
24 14 1 26
24 16 82 1
24 17 8 9
24 20 63 6
24 23 15 1
24 26 19 1
25 2 22 15
25 7 354 1
25 8 12 25
25 9 1 15
25 10 215 2
25 11 120 1
25 12 1 24
25 15 4 1
25 27 3 14
26 7 34 1
26 9 81 1
26 20 2 28
26 27 14 1
27 3 1 10
27 22 4 2
27 24 1 23
27 26 1 26
