0 1 47 7
0 2 327 1
0 3 4 25
0 4 70 1
0 5 73 10
0 6 82 1
0 7 9 15
0 8 66 1
0 9 1 18
0 11 13 1
0 13 3 6
0 16 85 1
0 17 41 27
0 18 20 1
0 20 1 6
0 24 59 1
0 26 69 2
0 27 5 29
1 0 102 1
1 2 7 26
1 3 258 1
1 4 29 1
1 5 44 1
1 6 1 24
1 7 3 2
1 8 103 1
1 10 7 4
1 11 282 2
1 12 2 7
1 16 4 1
1 17 237 1
1 18 1 16
1 19 163 1
1 21 26 9
1 24 134 1
1 25 104 14
1 27 2 17
2 0 203 1
2 1 105 18
2 3 6 1
2 5 18 1
2 6 279 1
2 7 106 1
2 8 21 3
2 9 47 1
2 10 4 15
2 12 3 26
2 15 1 4
2 16 2 4
2 18 31 3
2 20 198 1
3 0 66 1
3 1 116 1
3 2 60 2
3 4 4 22
3 5 73 1
3 6 2 27
3 7 2 1
3 8 2 8
3 9 1 29
3 10 260 1
3 11 14 14
3 12 3 1
3 16 49 1
3 24 126 1
4 1 11 29
4 2 4 24
4 5 105 1
4 6 42 6
4 7 318 1
4 8 47 1
4 9 10 24
4 10 1 25
4 11 186 2
4 12 13 1
4 14 1 2
4 15 9 20
4 16 4 1
4 17 57 2
4 18 4 3
4 19 1 21
4 25 2 4
5 0 89 1
5 1 119 1
5 2 4 12
5 3 84 1
5 4 154 1
5 6 238 1
5 7 188 15
5 8 32 6
5 9 1 1
5 10 55 1
5 11 3 8
5 14 6 7
5 16 206 1
5 18 67 1
5 24 102 4
5 27 1 10
6 2 1 11
6 4 373 1
6 5 10 29
6 7 244 1
6 8 308 1
6 10 162 1
6 11 446 12
6 12 51 3
6 14 125 1
6 15 1 17
6 16 1 4
6 17 1 5
6 20 135 1
6 22 4 3
6 26 5 3
7 0 102 5
7 1 50 13
7 2 50 1
7 3 33 1
7 4 6 3
7 5 29 2
7 6 77 1
7 8 3 26
7 9 335 2
7 10 3 19
7 11 11 28
7 12 1 13
7 14 53 2
7 15 2 7
7 17 49 1
7 20 2 8
7 21 1 21
7 22 134 21
7 23 5 15
7 25 1 27
8 0 120 1
8 1 89 1
8 2 1 1
8 3 152 1
8 4 50 20
8 5 80 1
8 6 48 4
8 7 61 19
8 9 59 1
8 10 260 1
8 11 2 1
8 12 2 11
8 14 1 29
8 15 2 15
8 16 131 2
8 17 1 20
8 18 91 1
8 19 43 2
8 21 1 18
8 22 81 2
8 24 223 1
9 1 2 10
9 3 1 19
9 4 2 7
9 5 2 22
9 6 2 26
9 7 1 13
9 8 17 5
9 10 1 10
9 11 202 1
9 12 4 2
9 15 13 7
9 17 2 23
9 20 139 6
9 26 1 14
10 0 283 2
10 1 20 2
10 3 27 16
10 4 304 1
10 5 2 22
10 6 1 11
10 7 8 29
10 8 104 1
10 9 6 1
10 11 50 1
10 13 3 13
10 14 27 11
10 15 13 8
10 18 44 3
10 20 36 1
10 22 4 1
10 23 134 17
10 25 2 3
10 26 1 26
11 0 1 3
11 1 87 1
11 3 2 27
11 4 17 1
11 6 91 1
11 7 23 17
11 8 75 7
11 10 2 11
11 12 161 2
11 14 3 3
11 15 26 1
11 16 132 5
11 18 2 25
11 21 1 27
11 22 121 2
11 25 91 1
11 26 2 16
12 1 2 15
12 2 5 15
12 3 71 1
12 4 170 2
12 5 9 9
12 7 1 20
12 8 1 16
12 9 171 18
12 10 1 5
12 13 1 8
12 14 1 27
12 17 1 22
12 18 12 16
12 22 65 25
12 23 1 7
12 25 70 2
13 0 12 7
13 1 1 22
13 2 18 4
13 3 14 3
13 6 120 3
13 10 209 1
13 12 226 26
13 14 11 2
13 20 1 23
13 22 3 24
14 0 119 1
14 2 1 29
14 6 232 1
14 8 106 1
14 10 2 28
14 11 344 1
14 12 1 25
14 15 28 26
14 26 3 27
15 0 63 1
15 3 22 1
15 5 1 10
15 7 325 25
15 11 4 27
15 12 3 5
15 13 3 3
15 14 14 27
15 16 1 19
15 17 1 6
15 24 56 1
15 26 18 4
16 0 92 1
16 1 111 1
16 3 37 1
16 4 14 7
16 5 166 1
16 6 38 10
16 8 112 2
16 10 1 16
16 11 1 3
16 17 168 1
16 19 1 26
16 24 9 10
16 25 1 25
17 0 18 13
17 1 11 1
17 2 1 7
17 3 62 2
17 4 227 1
17 5 1 9
17 6 1 3
17 8 5 23
17 9 4 28
17 10 208 2
17 16 7 1
17 18 213 2
17 20 1 10
17 22 3 4
17 26 21 4
18 0 6 20
18 1 3 26
18 9 10 10
18 11 117 2
18 12 1 11
19 1 1 24
19 6 1 28
19 7 6 16
19 8 1 18
19 9 28 4
19 10 106 2
19 20 4 18
20 0 15 14
20 2 1 13
20 3 1 9
20 5 59 1
20 6 225 4
20 7 319 1
20 10 57 2
20 12 1 1
20 14 1 19
20 15 88 1
20 19 3 20
20 21 47 5
20 22 1 23
20 23 1 8
21 2 1 19
21 6 7 6
21 20 1 11
21 24 1 22
22 2 10 28
22 7 3 11
22 8 1 22
22 10 3 3
23 2 2 16
23 7 2 3
23 9 7 28
23 11 13 5
23 12 6 10
23 15 3 1
23 24 1 12
24 0 13 28
24 1 33 1
24 3 81 1
24 4 77 22
24 5 128 1
24 6 80 2
24 7 1 18
24 8 86 1
24 14 3 8
24 16 64 1
24 22 2 13
24 23 14 4
24 26 18 1
25 1 1 3
25 2 1 12
25 3 1 2
25 6 1 21
25 7 353 1
25 9 1 14
25 11 118 1
25 12 1 8
25 13 20 3
25 15 4 1
25 20 1 10
25 22 9 2
25 24 2 16
25 26 2 13
25 27 2 1
26 4 1 21
26 7 33 5
26 9 81 1
26 10 23 5
26 14 1 11
26 19 1 7
26 23 27 10
26 25 3 3
26 27 13 3
27 6 121 1
27 7 26 1
27 11 242 23
27 15 3 25
27 20 1 4
27 21 1 3
27 24 12 28
27 26 1 27
