0 1 22 18
0 2 301 1
0 3 41 9
0 4 47 1
0 5 15 9
0 6 57 1
0 7 1 29
0 8 14 8
0 12 118 1
0 13 2 23
0 14 1 4
0 15 53 3
0 16 35 6
0 17 42 26
0 20 2 7
0 24 15 29
0 26 67 7
1 0 23 17
1 2 6 11
1 3 20 20
1 5 13 16
1 6 1 16
1 7 2 19
1 8 16 4
1 9 15 1
1 10 1 5
1 11 264 1
1 13 77 1
1 15 2 19
1 16 19 17
1 17 227 5
1 18 1 25
1 19 147 1
1 24 14 8
1 25 13 4
2 0 165 1
2 3 3 13
2 5 11 2
2 6 232 1
2 7 74 1
2 8 5 29
2 11 42 9
2 12 16 4
2 16 1 13
2 17 2 21
2 18 26 2
2 22 17 1
3 0 16 29
3 1 23 28
3 2 188 24
3 4 1 25
3 5 14 28
3 6 18 16
3 7 2 11
3 8 15 20
3 9 1 6
3 10 237 1
3 11 2 19
3 16 14 29
3 18 35 2
3 20 253 5
3 21 1 14
3 22 1 21
3 24 38 15
3 25 1 28
3 26 20 1
4 1 291 16
4 2 8 13
4 5 38 1
4 6 105 23
4 7 302 1
4 8 185 1
4 10 4 24
4 12 7 3
4 13 1 11
4 16 3 1
4 17 2 22
4 18 359 23
4 26 68 2
5 0 15 15
5 1 14 22
5 3 60 15
5 4 84 1
5 6 9 5
5 7 10 14
5 8 15 12
5 9 7 2
5 10 272 1
5 11 1 8
5 16 14 27
5 17 1 5
5 24 14 6
5 25 1 5
5 27 2 3
6 0 12 1
6 1 1 12
6 4 319 1
6 5 60 5
6 7 197 1
6 8 135 4
6 8 282 1
6 8 239 17
6 9 102 15
6 10 329 1
6 11 21 2
6 12 123 3
6 14 109 1
6 17 7 17
6 18 3 1
6 19 150 1
6 26 3 12
7 0 58 6
7 1 53 3
7 2 24 1
7 3 17 1
7 4 2 1
7 5 15 1
7 6 129 1
7 8 66 4
7 9 319 1
7 10 4 28
7 11 25 9
7 14 37 2
7 15 6 7
7 16 93 3
7 20 253 7
7 25 5 2
7 27 213 1
8 0 14 22
8 1 13 19
8 2 386 1
8 3 12 2
8 4 14 2
8 5 19 2
8 6 19 27
8 7 48 20
8 9 26 1
8 10 171 1
8 12 31 25
8 14 2 26
8 15 1 21
8 16 23 20
8 17 2 17
8 18 79 1
8 24 13 27
8 26 1 9
8 27 1 20
9 0 1 22
9 1 311 4
9 2 6 18
9 4 383 19
9 5 143 1
9 6 3 5
9 7 1 16
9 8 2 2
9 10 3 20
9 11 174 1
9 12 2 20
9 13 139 17
9 15 2 18
9 17 143 16
9 22 2 8
9 24 14 3
10 1 10 1
10 2 4 18
10 3 30 10
10 4 277 1
10 5 1 23
10 6 6 23
10 8 73 1
10 9 1 16
10 11 40 1
10 12 5 24
10 13 1 3
10 14 4 5
10 15 3 8
10 18 37 5
10 20 29 2
10 23 1 5
10 24 36 2
10 25 1 17
10 26 1 29
11 0 29 18
11 1 70 1
11 3 3 26
11 5 1 8
11 6 66 1
11 7 197 1
11 8 8 14
11 9 1 3
11 10 15 26
11 12 149 3
11 17 1 29
11 18 1 29
11 20 1 25
11 21 2 24
11 22 109 2
11 23 2 5
11 25 52 1
11 26 2 9
11 27 182 2
12 1 2 28
12 3 66 1
12 4 154 1
12 5 1 5
12 9 9 3
12 10 21 6
12 14 1 4
12 21 27 5
12 22 1 7
12 25 68 1
12 26 50 19
13 0 10 15
13 2 16 18
13 4 5 20
13 5 6 2
13 6 113 1
13 7 206 4
13 9 21 1
13 10 176 1
13 12 3 1
13 14 2 26
13 17 13 6
13 18 1 3
13 20 7 29
13 21 6 4
13 22 1 4
14 1 28 2
14 8 78 1
14 9 98 2
14 10 15 6
14 11 297 1
14 12 1 17
14 13 24 1
14 15 25 1
14 17 105 7
14 26 3 23
15 3 17 3
15 4 118 1
15 7 1 26
15 8 48 1
15 9 129 4
15 11 12 10
15 12 1 14
15 13 24 24
15 14 15 27
15 20 4 3
15 23 1 21
15 25 9 21
15 26 16 17
15 27 13 6
16 0 54 15
16 1 14 29
16 3 14 10
16 4 1 28
16 5 14 10
16 6 1 9
16 8 14 16
16 17 123 1
16 24 28 12
17 0 4 24
17 1 142 1
17 2 1 29
17 3 50 1
17 4 201 1
17 5 1 23
17 6 1 26
17 7 1 17
17 9 1 27
17 12 92 2
17 13 1 1
17 16 156 4
17 18 203 1
17 19 144 3
17 20 1 16
17 26 2 11
18 0 1 15
18 4 323 2
18 5 43 1
18 6 1 1
18 7 1 8
18 9 159 13
18 11 112 5
18 12 1 28
18 14 50 8
19 5 29 2
19 6 2 19
19 11 48 1
19 12 1 20
19 16 1 29
19 17 5 13
19 20 34 19
19 23 2 19
20 0 2 16
20 2 1 26
20 7 307 1
20 10 49 2
20 15 85 1
20 19 256 2
20 23 11 18
20 24 2 2
21 1 81 10
21 6 5 12
21 7 58 1
21 8 58 2
21 14 23 2
21 17 1 28
21 24 11 16
21 26 3 16
22 1 10 1
22 5 3 5
22 7 1 2
22 8 62 26
22 10 218 1
22 11 1 12
22 12 139 3
22 25 1 22
23 1 1 7
23 2 1 19
23 11 23 10
23 14 2 1
23 17 82 12
23 22 2 1
24 0 29 14
24 1 22 12
24 3 14 3
24 4 1 16
24 5 61 21
24 8 14 3
24 9 113 7
24 10 15 13
24 14 1 27
24 16 14 21
24 25 9 2
24 27 1 26
25 1 6 28
25 4 117 8
25 5 1 23
25 6 9 15
25 7 327 1
25 8 1 5
25 9 1 21
25 10 198 2
25 11 221 1
25 12 1 28
25 20 1 20
25 24 1 1
25 26 1 15
26 20 3 12
26 23 2 19
27 7 19 1
27 14 22 7
27 20 2 24
27 22 4 1
27 24 1 29
27 26 1 27
