0 1 23 23
0 2 285 1
0 3 380 3
0 3 71 1
0 5 22 6
0 6 45 1
0 8 26 11
0 11 3 3
0 12 115 1
0 16 99 11
0 17 1 10
0 18 1 16
0 19 1 8
0 20 11 14
0 22 27 2
0 23 10 2
0 24 51 13
0 25 1 18
0 26 66 1
1 0 91 11
1 2 117 16
1 3 26 26
1 5 22 18
1 6 53 28
1 7 1 4
1 8 27 14
1 10 15 26
1 11 253 1
1 12 2 15
1 16 22 8
1 17 205 1
1 18 9 3
1 19 137 2
1 21 1 22
1 24 56 14
1 26 2 13
2 0 144 1
2 1 6 1
2 3 4 11
2 6 205 1
2 7 50 1
2 8 10 24
2 9 31 2
2 10 16 1
2 11 1 6
2 16 1 2
2 17 15 20
2 20 184 1
3 0 29 1
3 1 42 18
3 2 16 11
3 5 22 29
3 6 1 19
3 7 3 14
3 8 22 16
3 9 5 14
3 10 224 1
3 11 3 29
3 16 22 21
3 17 228 2
3 24 61 11
3 25 11 4
3 27 1 8
4 0 10 15
4 2 1 3
4 3 1 2
4 5 14 1
4 6 6 4
4 8 159 3
4 10 2 28
4 11 166 1
4 13 6 23
4 16 253 1
4 17 31 7
4 18 1 23
4 22 17 1
5 0 76 14
5 1 23 29
5 2 1 3
5 3 166 24
5 4 49 1
5 6 1 13
5 7 1 24
5 8 49 10
5 9 41 26
5 10 282 1
5 11 2 11
5 16 129 19
5 17 14 24
5 18 52 2
5 21 28 2
5 23 3 5
5 24 51 2
5 25 7 3
6 0 57 2
6 1 2 15
6 2 1 21
6 3 9 18
6 4 300 1
6 5 103 29
6 7 192 1
6 8 155 2
6 9 99 1
6 10 282 1
6 11 94 15
6 11 366 1
6 14 100 1
6 16 12 29
6 17 1 5
6 18 9 4
6 20 119 1
6 27 3 6
7 0 2 1
7 1 59 25
7 2 13 1
7 3 10 1
7 6 21 1
7 8 10 1
7 9 309 1
7 10 1 2
7 11 70 17
7 12 3 5
7 15 4 21
7 22 1 5
7 23 2 7
7 24 303 1
7 25 3 26
8 0 33 11
8 1 22 17
8 2 11 1
8 3 36 3
8 4 176 15
8 5 27 9
8 6 16 15
8 6 275 12
8 6 240 13
8 7 3 10
8 9 13 1
8 10 341 1
8 11 2 1
8 14 3 29
8 15 1 18
8 16 22 22
8 17 4 13
8 18 73 1
8 19 33 3
8 20 288 1
8 21 2 28
8 22 69 4
8 24 22 21
8 27 1 1
9 2 4 7
9 3 2 17
9 4 59 1
9 5 118 1
9 6 14 19
9 7 7 17
9 8 2 8
9 10 4 20
9 11 159 1
9 12 1 13
9 15 1 20
9 17 7 20
9 18 180 1
9 21 50 7
9 22 1 4
9 23 1 1
9 24 12 3
9 26 1 22
10 0 19 28
10 1 5 1
10 2 345 1
10 3 20 29
10 4 262 1
10 5 6 21
10 6 2 15
10 8 150 1
10 9 2 14
10 11 20 1
10 12 2 10
10 13 11 21
10 14 3 10
10 15 11 25
10 16 161 29
10 18 34 2
10 19 1 25
10 23 1 19
10 25 39 18
11 0 343 6
11 2 3 2
11 3 26 7
11 4 8 1
11 5 3 27
11 6 54 1
11 7 297 1
11 8 2 18
11 9 3 6
11 10 4 6
11 15 3 28
11 17 2 28
11 24 1 13
11 25 86 1
11 27 171 1
12 1 3 21
12 4 145 1
12 5 2 1
12 7 1 24
12 8 1 24
12 9 187 27
12 10 2 1
12 11 208 3
12 13 1 28
12 14 183 9
12 19 56 2
12 22 1 17
13 0 9 10
13 3 12 1
13 4 2 10
13 8 17 2
13 10 157 1
13 11 14 7
13 12 223 1
13 14 5 14
13 18 1 9
13 20 26 29
13 22 1 1
13 23 8 4
13 24 25 28
13 25 1 4
13 26 15 14
13 27 1 3
14 3 30 3
14 6 219 1
14 8 64 1
14 9 88 1
14 10 31 24
14 11 270 1
14 12 58 10
14 13 26 1
14 15 10 1
14 24 1 20
15 2 29 1
15 5 22 11
15 6 2 1
15 7 19 12
15 8 1 1
15 9 125 3
15 11 33 29
15 12 1 20
15 16 4 28
15 17 1 1
15 20 1 12
16 0 121 8
16 1 34 27
16 3 23 28
16 4 1 14
16 5 23 10
16 6 44 6
16 7 26 1
16 8 77 19
16 13 1 28
16 14 2 19
16 17 99 1
16 19 5 9
16 24 72 13
16 25 27 19
17 0 1 26
17 1 107 1
17 3 43 1
17 4 187 1
17 6 4 8
17 7 37 18
17 10 1 11
17 11 1 26
17 12 89 1
17 13 1 3
17 16 146 1
17 18 196 1
17 19 142 8
17 20 1 21
17 21 1 15
17 26 2 9
18 0 1 8
18 1 1 9
18 4 20 1
18 10 205 2
18 11 110 1
18 12 1 22
18 16 296 1
18 17 8 17
18 20 67 2
18 21 42 15
18 22 30 17
19 0 320 1
19 1 9 8
19 7 199 25
19 8 8 5
19 10 98 1
19 11 45 1
19 17 1 28
19 20 4 17
19 22 5 22
20 0 1 14
20 1 18 1
20 3 253 2
20 7 299 1
20 11 3 4
20 12 1 6
20 15 83 1
20 18 2 11
20 19 251 1
20 27 36 1
21 4 20 1
21 7 56 4
21 9 100 22
22 1 9 13
22 4 87 4
22 8 4 16
22 9 2 14
22 10 214 1
22 23 24 9
22 24 1 22
23 7 225 1
23 8 47 1
23 10 91 2
23 11 1 13
23 15 1 1
23 20 4 11
23 21 1 19
24 0 23 18
24 1 152 24
24 3 23 4
24 4 1 20
24 5 100 23
24 7 1 17
24 8 22 23
24 10 17 23
24 11 1 12
24 12 89 10
24 16 34 19
24 17 1 5
24 26 11 6
25 2 1 25
25 5 1 22
25 6 9 27
25 7 310 1
25 11 4 1
25 12 17 3
25 20 1 23
25 22 7 21
25 26 1 25
26 1 1 27
26 7 26 3
26 8 118 5
26 11 1 29
26 13 1 4
26 14 19 26
26 23 28 22
26 24 1 4
26 25 2 4
27 5 1 29
27 13 20 17
27 20 1 15
27 24 1 14
27 26 23 1
