0 1 127 22
0 2 274 1
0 3 19 9
0 5 56 5
0 6 38 1
0 7 115 21
0 8 20 19
0 12 112 2
0 16 19 21
0 17 3 17
0 18 15 22
0 19 3 19
0 20 74 2
0 24 34 5
1 0 42 28
1 2 83 7
1 3 18 1
1 4 1 24
1 5 19 16
1 6 288 1
1 7 1 27
1 8 18 25
1 9 6 1
1 10 64 16
1 11 247 1
1 12 3 4
1 13 73 3
1 14 9 24
1 16 64 16
1 17 182 1
1 19 132 1
1 24 42 13
1 25 112 2
1 26 1 6
2 0 132 1
2 1 256 16
2 3 22 22
2 6 188 1
2 7 36 27
2 8 101 29
2 9 28 3
2 11 2 8
2 13 13 12
2 14 1 15
2 18 23 2
2 20 180 2
3 0 21 7
3 1 20 17
3 2 195 6
3 4 1 6
3 5 37 21
3 6 1 10
3 7 4 5
3 8 73 23
3 9 14 6
3 10 216 1
3 11 3 11
3 13 36 19
3 16 72 20
3 17 225 1
3 19 43 1
3 20 6 3
3 24 20 4
4 2 8 16
4 3 1 27
4 5 6 1
4 6 160 6
4 7 287 1
4 8 147 1
4 10 6 10
4 11 161 2
4 13 1 2
4 15 8 16
4 16 251 1
4 17 96 5
4 18 1 24
4 19 5 27
4 20 1 7
5 0 32 24
5 1 54 27
5 2 1 29
5 3 75 13
5 4 31 1
5 6 8 2
5 7 34 1
5 8 23 19
5 9 24 20
5 10 266 1
5 11 1 14
5 12 5 3
5 16 62 29
5 17 18 10
5 24 30 24
5 25 18 26
5 26 12 5
6 0 6 25
6 1 2 4
6 2 1 8
6 3 320 1
6 4 281 1
6 5 21 15
6 7 169 1
6 8 201 24
6 9 81 1
6 10 106 1
6 11 360 1
6 12 1 3
6 13 148 1
6 16 3 18
6 17 47 2
6 20 116 1
6 25 1 14
6 27 2 6
7 0 2 15
7 1 1 18
7 2 8 1
7 5 7 1
7 6 101 7
7 8 2 7
7 9 303 1
7 10 46 27
7 11 272 4
7 12 4 29
7 13 6 29
7 14 25 2
7 15 8 7
7 16 88 2
7 18 116 1
7 20 3 5
7 23 1 2
7 24 298 1
7 25 1 16
7 27 3 23
8 0 62 6
8 1 19 7
8 2 143 1
8 3 111 28
8 4 8 15
8 5 51 5
8 6 280 10
8 7 5 24
8 9 7 1
8 10 253 1
8 11 258 24
8 13 1 20
8 14 1 25
8 15 1 9
8 16 20 1
8 18 69 1
8 19 31 4
8 20 285 1
8 21 1 8
8 24 34 23
8 26 104 3
8 27 1 3
9 1 3 8
9 2 1 15
9 3 21 3
9 4 386 1
9 5 288 27
9 6 4 11
9 7 1 26
9 8 11 4
9 10 5 17
9 11 150 1
9 12 4 6
9 13 2 23
9 15 1 29
9 16 6 16
9 17 3 27
9 23 1 28
9 26 1 23
10 0 290 13
10 1 3 2
10 2 338 1
10 3 1 22
10 4 253 1
10 5 49 16
10 6 18 5
10 7 12 14
10 8 209 11
10 9 4 12
10 11 204 1
10 12 5 17
10 13 2 23
10 14 7 17
10 15 18 9
10 16 1 1
10 23 19 2
10 24 28 1
11 0 342 11
11 2 2 1
11 3 4 21
11 6 47 1
11 7 80 1
11 8 9 5
11 9 26 11
11 10 3 26
11 13 1 29
11 15 3 28
11 17 1 29
11 18 4 3
11 19 25 1
11 20 1 25
11 21 2 14
11 22 99 1
11 25 60 1
11 27 164 2
12 1 10 16
12 4 139 1
12 7 7 15
12 8 1 26
12 9 5 26
12 10 2 8
12 13 4 7
12 14 183 17
12 15 3 7
12 22 1 14
12 24 16 3
13 1 3 13
13 5 5 1
13 6 105 3
13 7 203 1
13 9 16 3
13 10 146 1
13 12 220 1
13 17 11 15
13 18 1 23
13 20 1 11
13 23 12 6
13 25 1 10
13 26 1 5
13 27 5 7
14 8 56 2
14 9 82 2
14 10 12 19
14 11 254 1
14 13 37 1
14 15 45 1
14 18 3 22
14 20 92 26
14 23 3 19
14 25 1 13
15 1 1 17
15 7 13 18
15 10 1 1
15 11 6 26
15 12 10 16
15 13 25 24
15 14 1 28
15 27 12 4
16 0 140 11
16 1 20 22
16 3 19 17
16 4 11 22
16 5 19 6
16 6 1 29
16 8 20 20
16 11 149 25
16 17 86 1
16 19 6 4
16 24 20 15
16 27 14 2
17 0 5 3
17 1 88 1
17 3 39 2
17 4 179 1
17 5 1 26
17 6 1 1
17 7 54 27
17 8 1 19
17 10 210 19
17 16 135 1
17 18 192 1
17 25 1 23
17 26 2 9
18 1 3 2
18 2 66 2
18 4 10 1
18 6 11 10
18 9 5 7
18 12 1 18
18 16 25 1
18 20 66 1
19 0 15 9
19 1 204 19
19 7 1 29
19 17 7 1
19 20 3 29
19 24 1 17
20 0 5 14
20 2 1 23
20 3 24 1
20 5 49 2
20 6 213 1
20 12 1 10
20 14 1 21
20 19 80 25
20 26 1 4
20 27 35 1
21 1 1 17
21 5 2 17
21 12 12 21
21 13 1 28
21 17 1 20
21 20 3 14
22 4 87 7
22 6 1 1
22 9 50 29
22 11 1 8
22 16 32 27
22 17 10 1
22 23 23 4
23 3 30 2
23 4 66 5
23 6 1 20
23 7 223 1
23 8 44 1
23 10 87 2
23 11 1 24
23 15 4 1
23 19 10 23
23 22 16 2
24 0 187 15
24 1 38 9
24 3 82 4
24 5 55 23
24 6 67 1
24 8 62 19
24 11 1 21
24 12 5 2
24 15 8 20
24 16 20 8
24 18 2 9
24 23 5 2
25 7 300 1
25 10 183 1
25 11 170 1
25 12 1 19
25 16 1 4
25 17 3 1
25 21 17 28
26 7 24 1
26 9 80 3
26 10 17 3
26 12 11 4
26 13 1 27
26 22 20 4
26 24 1 6
27 6 117 9
27 7 13 2
27 8 40 3
27 18 21 15
27 20 2 6
27 24 13 10
27 26 20 27
