0 1 1 8
0 2 241 1
0 3 107 1
0 4 15 1
0 5 39 1
0 6 22 1
0 7 119 2
0 8 82 11
0 12 106 2
0 15 43 1
0 16 6 28
0 17 2 11
0 18 22 20
0 19 6 27
0 20 2 29
0 21 25 11
0 24 32 27
0 25 1 6
1 0 171 12
1 2 6 1
1 3 141 28
1 4 2 9
1 5 34 29
1 6 431 1
1 7 1 19
1 8 3 19
1 10 90 8
1 12 2 15
1 13 69 3
1 16 85 5
1 17 295 1
1 18 11 23
1 19 115 1
1 24 17 1
2 0 97 1
2 1 222 1
2 3 11 7
2 4 1 24
2 6 143 1
2 7 28 15
2 8 113 12
2 10 8 8
2 11 1 26
2 12 1 14
2 13 12 2
2 14 2 8
2 16 2 11
2 17 17 4
2 19 29 2
2 27 28 2
3 0 227 1
3 1 30 25
3 2 24 1
3 5 12 29
3 6 3 19
3 7 49 25
3 8 52 1
3 10 193 1
3 11 97 29
3 14 65 8
3 16 42 1
3 17 216 2
3 24 86 1
3 25 1 24
4 0 2 25
4 1 365 1
4 2 3 17
4 3 9 1
4 6 170 8
4 7 270 1
4 8 107 1
4 9 4 1
4 10 1 19
4 11 149 1
4 13 1 9
4 15 1 4
4 17 2 6
4 18 2 12
4 20 1 27
4 26 65 4
5 0 202 1
5 1 46 11
5 2 15 29
5 3 117 1
5 6 42 26
5 7 2 18
5 8 106 4
5 9 38 9
5 10 221 1
5 12 6 1
5 16 17 13
5 17 37 2
5 18 40 1
5 24 204 4
5 25 18 16
5 27 4 9
6 0 7 1
6 1 17 28
6 2 1 17
6 3 313 2
6 4 316 1
6 5 313 9
6 7 131 1
6 8 149 1
6 9 35 9
6 10 285 1
6 11 357 1
6 12 2 4
6 14 79 1
6 16 1 24
6 17 6 8
6 18 7 21
6 23 4 5
7 0 203 21
7 1 3 29
7 3 1 18
7 5 1 2
7 6 69 1
7 8 392 1
7 9 284 1
7 10 4 26
7 11 25 13
7 12 1 28
7 13 3 15
7 14 15 1
7 15 2 11
7 16 83 3
7 17 24 4
7 19 152 2
7 24 283 1
7 25 2 9
8 0 11 20
8 1 55 1
8 2 74 1
8 3 79 22
8 4 1 2
8 5 60 1
8 6 15 24
8 7 3 1
8 10 84 2
8 11 255 27
8 12 25 23
8 13 1 19
8 14 2 9
8 15 1 3
8 16 25 13
8 17 20 7
8 20 275 2
8 21 86 20
8 24 195 2
8 27 2 16
9 1 372 13
9 2 16 1
9 3 13 16
9 4 384 2
9 5 215 20
9 6 73 25
9 7 2 15
9 10 16 19
9 11 125 1
9 12 2 17
9 15 1 12
9 16 9 14
9 17 1 5
9 20 152 27
10 2 313 1
10 3 2 18
10 4 226 1
10 5 3 7
10 6 3 6
10 7 16 3
10 8 83 1
10 9 4 3
10 11 133 1
10 12 1 15
10 13 36 15
10 14 185 1
10 15 6 3
10 19 2 5
10 23 4 23
10 24 20 1
10 25 2 10
10 26 3 6
11 3 1 2
11 5 1 9
11 6 30 1
11 7 130 1
11 8 6 23
11 9 2 1
11 10 7 9
11 13 3 29
11 14 7 5
11 15 4 19
11 16 124 5
11 20 17 8
11 21 2 16
11 24 4 25
11 25 34 1
11 26 4 2
11 27 145 1
12 0 1 28
12 1 1 8
12 4 123 1
12 5 2 25
12 7 1 21
12 8 2 2
12 9 6 12
12 10 1 8
12 11 195 2
12 13 7 29
12 14 18 2
12 15 87 13
12 16 20 1
12 21 1 15
13 1 2 8
13 4 6 17
13 8 44 11
13 9 11 6
13 10 116 1
13 11 212 7
13 12 214 2
13 14 3 10
13 20 27 3
14 1 18 4
14 6 205 3
14 8 36 1
14 10 8 22
14 11 206 1
14 13 53 1
14 15 21 1
14 20 92 12
14 23 42 7
15 0 46 1
15 3 11 2
15 6 23 26
15 7 377 4
15 8 176 7
15 9 115 1
15 10 6 13
15 11 84 27
15 14 61 10
15 16 1 2
15 20 1 4
15 23 8 6
15 26 14 6
16 0 132 1
16 1 11 1
16 3 48 1
16 4 2 1
16 5 74 1
16 8 136 1
16 17 53 1
16 18 1 10
16 24 74 29
17 0 1 20
17 1 43 1
17 3 29 1
17 4 155 1
17 5 2 17
17 6 2 8
17 7 3 15
17 8 1 20
17 9 17 10
17 10 1 17
17 16 114 1
17 19 138 8
17 22 1 22
17 23 59 1
17 25 64 12
17 26 5 29
17 27 4 5
18 0 13 11
18 1 1 29
18 4 134 1
18 6 1 23
18 10 198 1
18 12 1 28
18 16 298 21
18 17 186 25
18 23 1 9
19 0 303 1
19 5 26 1
19 6 8 11
19 8 157 24
19 9 20 4
19 17 4 18
19 20 12 7
19 25 1 5
20 0 4 2
20 1 10 2
20 2 1 18
20 3 1 1
20 6 206 2
20 7 281 1
20 9 1 24
20 11 1 2
20 12 1 27
20 19 74 1
20 25 6 3
21 8 52 1
21 11 4 26
21 12 12 16
21 20 27 20
21 24 1 16
22 3 30 6
22 4 85 2
22 8 74 25
22 9 16 3
22 12 127 1
22 23 17 1
22 24 1 27
22 25 1 9
23 7 217 1
23 10 76 2
23 11 1 20
23 13 13 1
23 15 40 1
23 22 10 3
24 0 286 10
24 1 247 1
24 3 11 1
24 4 1 19
24 5 151 17
24 7 4 12
24 8 203 1
24 10 3 4
24 11 1 1
24 16 32 1
24 17 1 11
24 18 4 27
25 0 1 14
25 1 1 6
25 2 22 9
25 4 114 7
25 6 11 11
25 7 268 1
25 8 2 3
25 9 113 19
25 10 165 2
25 11 90 1
25 12 4 13
25 16 1 20
25 26 2 21
25 27 2 9
26 6 13 11
26 8 114 9
26 15 24 22
26 17 1 4
26 24 1 24
27 0 99 13
27 5 1 1
27 7 8 5
27 8 35 2
27 11 48 1
27 13 20 6
27 14 19 4
27 15 13 28
27 24 3 8
27 25 1 18
27 26 117 26
