0 1 22 29
0 2 238 1
0 3 12 19
0 4 14 1
0 5 87 1
0 7 118 3
0 8 25 24
0 9 265 2
0 12 106 1
0 16 55 27
0 17 5 20
0 18 1 23
0 19 2 1
0 20 24 11
0 21 1 2
0 24 129 1
0 25 1 19
1 0 212 13
1 2 108 8
1 3 68 20
1 4 5 14
1 5 11 1
1 6 425 1
1 7 2 28
1 8 161 1
1 9 1 1
1 10 2 19
1 11 226 1
1 12 3 18
1 16 99 6
1 17 289 2
1 18 15 21
1 19 114 1
1 21 2 19
1 24 10 29
1 27 1 6
2 0 95 1
2 1 213 1
2 3 11 12
2 6 139 1
2 7 34 1
2 8 31 6
2 9 19 1
2 10 7 1
2 12 7 5
2 13 12 12
2 19 28 1
2 24 3 2
2 27 28 4
3 0 25 1
3 1 43 1
3 2 17 1
3 5 116 1
3 6 4 23
3 7 4 5
3 8 33 22
3 9 14 13
3 10 191 1
3 11 22 4
3 15 3 25
3 16 8 22
3 17 215 1
3 19 37 2
3 20 3 1
3 23 1 2
3 24 295 1
3 27 1 19
4 0 1 24
4 1 364 1
4 2 2 4
4 6 1 11
4 7 268 1
4 8 104 1
4 9 2 28
4 10 2 5
4 13 18 2
4 16 244 1
4 17 6 14
4 20 1 23
4 21 26 1
4 22 14 13
4 23 84 3
5 0 181 10
5 1 43 1
5 3 2 24
5 4 1 1
5 6 20 22
5 7 1 9
5 8 20 1
5 9 43 9
5 10 218 1
5 12 6 1
5 15 1 11
5 16 1 24
5 17 41 15
5 20 5 6
5 24 26 12
6 0 6 13
6 1 4 14
6 2 3 8
6 3 312 3
6 4 311 1
6 5 8 12
6 7 126 1
6 8 118 1
6 9 196 1
6 10 278 1
6 11 355 1
6 12 28 17
6 13 143 1
6 14 78 1
6 15 1 5
6 16 4 3
6 17 1 14
6 20 105 1
6 27 1 18
7 0 2 1
7 3 2 17
7 5 1 1
7 6 66 1
7 8 26 10
7 9 283 1
7 10 3 25
7 11 72 4
7 13 6 2
7 15 1 14
7 18 108 2
7 19 152 2
7 22 6 8
7 25 1 25
8 0 59 13
8 1 48 17
8 2 66 1
8 3 167 1
8 4 6 2
8 5 56 1
8 6 214 1
8 7 1 13
8 10 76 1
8 11 387 1
8 12 3 1
8 14 5 24
8 15 1 28
8 16 231 2
8 17 11 21
8 19 25 2
8 20 275 1
8 21 2 24
8 22 59 2
8 24 183 11
8 25 2 6
8 27 1 28
9 0 1 6
9 1 1 14
9 3 86 5
9 4 383 1
9 5 273 1
9 6 5 1
9 7 1 13
9 8 2 2
9 10 77 12
9 11 123 1
9 12 2 23
9 13 2 3
9 15 1 16
9 16 4 26
9 17 1 23
9 18 168 3
9 23 1 29
9 26 1 29
9 27 1 28
10 2 18 1
10 3 57 24
10 4 224 1
10 5 39 2
10 6 13 22
10 8 69 1
10 9 4 27
10 11 127 1
10 12 1 10
10 13 2 12
10 14 2 25
10 15 2 26
10 17 284 3
10 18 26 2
10 20 19 1
10 24 19 2
10 25 37 27
11 3 6 17
11 5 3 19
11 6 29 1
11 7 27 1
11 8 2 18
11 10 121 22
11 12 127 1
11 14 2 7
11 15 7 18
11 20 233 6
11 24 4 27
11 25 30 1
11 26 4 4
11 27 143 2
12 0 3 29
12 4 122 1
12 5 1 19
12 6 1 3
12 8 3 26
12 9 1 2
12 10 1 23
12 11 194 2
12 13 11 12
12 14 18 2
12 16 19 5
12 21 2 21
12 22 1 17
13 4 1 28
13 7 200 1
13 10 114 1
13 11 11 1
13 12 213 14
13 14 7 24
13 20 2 16
13 22 3 27
13 24 1 27
14 3 26 2
14 9 64 2
14 10 73 13
14 11 202 1
14 13 17 1
14 15 19 1
14 16 2 26
14 19 2 7
15 0 45 3
15 1 3 4
15 3 10 4
15 5 4 5
15 6 6 15
15 10 1 26
15 11 12 25
15 12 1 25
15 14 1 14
15 16 1 15
15 20 1 27
15 23 3 27
16 0 1 27
16 1 109 1
16 3 81 4
16 4 6 15
16 5 60 1
16 6 17 23
16 7 21 2
16 8 115 4
16 9 2 16
16 17 51 1
16 19 39 11
16 24 131 1
16 26 1 9
17 0 2 9
17 1 41 1
17 3 29 1
17 4 153 1
17 5 2 23
17 6 139 12
17 7 1 4
17 8 11 16
17 10 3 29
17 11 7 27
17 15 1 20
17 16 110 1
17 18 180 1
17 20 1 28
17 22 1 3
17 25 1 20
17 26 21 10
18 0 1 9
18 2 61 2
18 4 131 1
18 8 255 1
18 9 1 24
18 16 24 1
19 0 300 1
19 1 25 5
19 8 15 19
19 18 4 12
19 20 63 5
19 22 1 29
19 23 1 25
20 0 22 29
20 1 9 4
20 2 63 16
20 3 1 1
20 6 206 2
20 7 280 1
20 10 35 2
20 11 1 1
20 14 1 14
20 19 69 1
20 23 1 13
20 27 32 12
21 1 4 10
21 4 17 2
21 6 3 1
21 7 52 2
21 12 1 16
21 13 11 10
21 15 1 3
21 16 32 2
21 17 2 9
21 22 1 6
22 1 7 9
22 4 85 10
22 8 5 18
22 10 205 1
22 13 11 16
22 15 1 19
22 21 23 1
22 23 17 1
22 24 18 3
22 25 1 22
23 0 2 3
23 5 1 22
23 7 216 1
23 10 75 1
24 0 53 16
24 1 226 17
24 3 6 4
24 4 1 11
24 5 55 11
24 6 61 1
24 7 1 20
24 8 180 1
24 9 108 1
24 10 4 4
24 11 2 21
24 13 1 22
24 16 73 1
24 17 5 29
24 18 1 8
24 22 1 23
24 23 1 9
24 26 6 9
24 27 1 12
25 2 5 7
25 3 65 1
25 7 265 1
25 8 17 15
25 10 164 1
25 11 85 1
25 12 1 28
25 14 42 14
25 16 3 5
25 20 5 4
25 21 17 16
25 22 7 1
25 27 1 13
26 1 51 21
26 6 1 27
26 13 11 27
26 14 3 14
26 21 5 24
26 24 1 19
26 25 58 2
27 8 34 2
27 11 47 6
27 20 1 25
27 26 19 2
