0 1 41 12
0 2 237 1
0 3 98 17
0 4 14 1
0 5 318 6
0 6 20 2
0 8 27 1
0 12 105 4
0 13 9 22
0 16 129 6
0 17 59 17
0 19 4 2
0 20 1 10
0 22 24 5
0 23 8 2
0 24 117 1
1 0 44 1
1 2 3 15
1 3 263 1
1 4 2 27
1 5 6 9
1 6 422 28
1 7 3 3
1 8 148 23
1 10 2 28
1 11 225 1
1 12 67 26
1 13 68 3
1 14 7 19
1 16 39 1
1 17 175 2
1 18 4 3
1 19 113 1
1 21 29 6
1 22 85 2
1 24 28 1
2 0 94 1
2 1 209 1
2 3 6 7
2 4 3 25
2 6 138 1
2 7 32 1
2 8 116 6
2 9 19 1
2 10 6 1
2 11 1 9
2 17 1 10
2 18 18 2
2 19 28 5
2 20 168 2
3 0 24 1
3 1 32 22
3 2 14 1
3 5 105 8
3 6 1 17
3 7 11 18
3 8 41 26
3 9 3 8
3 10 190 1
3 11 3 23
3 16 182 6
3 17 215 2
3 18 27 1
3 20 3 1
3 24 297 1
3 27 2 2
4 0 1 19
4 1 362 14
4 2 4 24
4 3 1 6
4 5 1 15
4 6 5 5
4 7 267 2
4 8 102 1
4 9 385 21
4 9 66 1
4 11 147 2
4 13 1 28
4 15 1 11
4 16 243 2
4 17 1 6
4 18 2 25
4 19 2 8
4 21 25 6
4 24 2 3
5 0 333 1
5 1 31 1
5 2 9 5
5 3 111 14
5 4 1 1
5 6 40 3
5 7 4 23
5 8 12 13
5 9 23 16
5 10 216 1
5 11 1 1
5 12 5 19
5 14 1 1
5 16 103 6
5 18 39 1
6 0 379 1
6 1 13 1
6 2 1 28
6 4 308 1
6 5 9 15
6 7 123 1
6 8 102 1
6 9 192 1
6 10 275 1
6 11 354 1
6 12 1 27
6 13 142 5
6 14 78 1
6 16 19 27
6 17 67 3
6 18 16 5
6 20 105 1
6 25 2 19
7 0 3 2
7 1 72 24
7 3 1 20
7 5 1 1
7 6 65 1
7 8 178 1
7 9 282 1
7 10 424 1
7 11 251 18
7 12 6 21
7 13 6 13
7 15 13 18
7 16 83 2
7 20 1 4
7 21 1 14
7 24 281 1
7 25 1 7
8 0 64 1
8 1 28 1
8 2 62 1
8 3 153 6
8 4 5 12
8 5 47 1
8 6 204 3
8 7 1 22
8 10 69 1
8 11 386 1
8 12 4 6
8 14 43 1
8 15 2 11
8 16 48 23
8 20 274 1
8 24 110 1
8 25 1 5
8 27 13 23
9 1 3 27
9 4 383 1
9 5 266 1
9 6 9 28
9 7 1 21
9 8 3 8
9 10 6 20
9 11 122 1
9 12 98 22
9 15 19 8
9 16 4 10
9 20 1 15
9 21 45 3
10 2 17 1
10 3 1 12
10 4 223 1
10 5 12 6
10 6 4 28
10 7 15 8
10 8 62 1
10 9 17 24
10 11 125 1
10 12 1 28
10 13 2 29
10 14 111 12
10 15 8 4
10 20 18 3
10 23 14 27
10 25 2 15
10 26 2 5
11 1 42 2
11 3 11 28
11 6 28 2
11 7 15 17
11 8 8 23
11 9 1 25
11 10 7 14
11 12 126 2
11 13 2 16
11 14 1 1
11 15 13 2
11 17 4 21
11 18 150 7
11 20 9 24
11 22 86 1
11 23 1 11
11 24 1 1
11 25 29 1
11 26 1 9
12 1 11 27
12 2 120 13
12 3 57 2
12 4 121 2
12 5 1 4
12 7 11 14
12 9 3 5
12 10 3 23
12 13 8 29
12 17 176 9
12 21 1 11
12 22 1 1
13 0 7 6
13 1 1 26
13 3 10 1
13 4 1 22
13 6 97 1
13 7 200 1
13 10 112 1
13 11 11 1
13 12 15 1
13 17 10 3
13 18 44 17
13 20 28 15
13 21 4 9
13 22 1 10
13 23 2 2
14 6 204 2
14 7 310 7
14 8 34 1
14 10 8 22
14 11 200 1
14 12 60 8
14 13 17 1
14 15 18 1
14 18 1 6
14 22 2 3
14 24 1 13
15 8 2 13
15 9 114 1
15 10 1 24
15 11 7 25
15 12 12 22
15 14 15 28
15 18 34 1
15 21 2 4
15 23 1 5
15 25 1 18
15 27 10 2
16 0 126 1
16 1 99 2
16 3 89 1
16 5 48 1
16 6 1 6
16 8 22 1
16 9 5 2
16 10 4 1
16 11 149 2
16 17 49 1
16 18 3 21
16 24 118 15
16 25 2 24
16 26 2 12
16 27 14 5
17 0 1 9
17 1 39 1
17 3 28 2
17 4 152 1
17 5 1 15
17 6 2 6
17 7 14 1
17 9 3 23
17 12 80 4
17 13 1 12
17 15 3 7
17 16 382 1
17 18 179 2
17 20 4 19
17 21 2 25
17 25 1 21
18 1 13 29
18 3 1 28
18 4 130 1
18 5 26 3
18 6 163 3
18 7 187 11
18 8 254 1
18 11 102 2
18 12 3 12
18 15 2 12
18 16 23 1
18 17 1 9
19 0 299 1
19 1 204 1
19 3 3 22
19 6 1 10
19 7 1 7
19 10 91 2
19 11 37 1
19 17 1 23
19 20 5 15
19 24 1 1
20 0 9 24
20 2 7 14
20 4 1 15
20 5 44 6
20 7 279 1
20 14 65 18
20 18 1 27
20 19 66 1
20 21 45 1
20 23 9 3
20 25 5 9
21 6 3 6
21 11 10 15
21 12 1 6
21 13 1 9
21 17 4 23
22 0 33 1
22 6 3 17
22 9 66 20
22 10 204 1
22 12 126 1
22 15 1 12
22 20 1 29
22 21 22 6
22 23 17 1
22 24 9 29
23 6 7 24
23 7 216 2
23 10 75 2
23 11 1 16
23 12 1 1
23 15 39 3
23 22 10 1
24 0 6 1
24 1 198 1
24 3 163 10
24 5 95 1
24 6 60 3
24 7 9 28
24 8 256 27
24 9 108 1
24 10 3 9
24 11 1 8
24 14 3 5
24 15 1 8
24 16 61 1
25 3 65 26
25 6 5 1
25 7 264 1
25 8 18 11
25 10 163 1
25 11 82 1
25 19 20 2
25 22 6 24
25 24 11 9
25 26 9 8
25 27 65 21
26 3 28 3
26 6 1 18
26 10 14 3
26 12 10 2
26 15 1 6
26 19 1 27
27 10 1 7
27 17 1 9
27 23 18 2
27 25 1 27
