0 1 36 1
0 2 223 1
0 3 345 1
0 4 9 2
0 5 240 2
0 6 15 1
0 8 127 1
0 9 264 3
0 16 101 1
0 17 1 3
0 19 4 28
0 20 96 29
0 24 151 1
0 27 2 25
1 0 142 1
1 2 2 25
1 3 17 17
1 4 8 12
1 5 21 1
1 6 62 1
1 7 1 24
1 8 187 1
1 10 3 1
1 11 218 1
1 12 8 14
1 13 67 2
1 15 141 11
1 16 85 1
1 17 271 1
1 19 107 1
1 24 46 1
2 0 81 1
2 1 209 1
2 3 31 29
2 4 2 14
2 6 121 1
2 7 21 1
2 8 197 4
2 9 16 4
2 12 17 28
2 14 1 24
2 17 1 13
2 24 2 12
3 0 26 15
3 1 55 1
3 2 251 11
3 4 1 3
3 5 73 1
3 6 1 14
3 7 22 12
3 8 56 4
3 10 181 1
3 15 1 26
3 16 99 1
3 17 211 2
3 19 34 4
3 22 12 13
3 23 1 4
3 24 94 1
4 0 4 5
4 1 18 1
4 2 1 5
4 3 8 2
4 5 1 19
4 6 8 3
4 7 260 1
4 8 88 1
4 9 70 1
4 10 1 17
4 11 142 2
4 15 1 5
4 16 240 1
4 17 54 19
4 21 25 2
4 23 84 3
4 25 117 19
4 27 25 1
5 0 186 1
5 1 57 1
5 3 200 1
5 6 221 22
5 7 1 20
5 8 92 1
5 9 23 25
5 10 199 1
5 11 1 4
5 15 4 19
5 16 278 1
5 17 6 19
5 18 36 1
5 20 125 10
5 24 150 6
6 0 50 9
6 1 20 23
6 2 8 3
6 4 238 1
6 5 2 17
6 7 138 1
6 8 84 1
6 9 402 1
6 10 242 1
6 11 74 1
6 12 1 16
6 14 72 2
6 16 3 14
6 17 1 19
6 20 101 2
6 23 4 2
6 27 1 2
7 0 1 25
7 1 10 23
7 3 4 23
7 6 51 1
7 8 3 1
7 9 274 1
7 10 1 19
7 11 180 23
7 13 1 26
7 14 10 3
7 15 3 13
7 18 106 1
7 19 148 2
7 20 11 3
7 22 3 25
7 23 198 14
7 24 274 2
7 25 1 14
7 27 4 13
8 0 25 1
8 1 11 5
8 2 102 1
8 3 349 1
8 4 247 17
8 5 170 1
8 6 432 16
8 9 1 14
8 10 124 1
8 11 373 1
8 12 1 5
8 13 1 28
8 14 1 20
8 15 11 6
8 16 5 3
8 17 2 20
8 18 54 1
8 20 270 2
8 22 56 1
8 24 162 1
8 25 5 2
9 1 389 8
9 2 173 1
9 4 53 26
9 5 196 1
9 6 30 13
9 7 6 11
9 8 329 22
9 10 26 13
9 11 113 1
9 12 165 2
9 13 138 26
9 14 2 21
9 15 2 11
9 16 4 25
9 18 165 1
9 21 43 3
9 22 4 7
9 24 7 6
10 0 1 19
10 2 308 1
10 3 1 26
10 4 213 1
10 5 2 7
10 6 36 16
10 7 157 2
10 8 111 1
10 9 5 6
10 11 100 1
10 12 1 9
10 13 1 13
10 14 195 2
10 15 1 11
10 17 283 3
10 18 23 1
10 20 17 1
10 24 17 1
10 25 1 25
11 1 37 3
11 3 2 4
11 5 8 14
11 6 23 1
11 7 97 18
11 8 15 28
11 9 1 12
11 10 8 7
11 12 122 1
11 13 1 26
11 14 5 18
11 15 9 13
11 17 7 25
11 19 18 4
11 20 2 20
11 23 1 2
11 24 1 11
11 25 15 1
11 26 1 9
11 27 135 1
12 0 1 22
12 1 39 11
12 4 115 2
12 5 2 6
12 6 2 5
12 7 10 10
12 9 130 7
12 10 3 7
12 13 5 8
12 15 87 4
12 16 18 7
12 21 2 13
12 22 2 22
12 27 3 4
13 10 101 1
13 11 39 28
13 12 6 1
13 15 13 1
13 22 1 2
14 2 1 15
14 8 27 1
14 9 58 1
14 10 4 26
14 11 182 1
14 12 41 8
14 13 9 1
14 15 11 1
14 24 26 2
14 25 34 8
15 7 15 1
15 9 111 1
15 10 10 1
15 11 13 10
15 12 5 18
15 14 16 1
15 16 5 8
15 24 50 3
15 26 14 1
16 0 47 1
16 1 9 5
16 3 59 1
16 5 173 1
16 6 45 8
16 8 22 1
16 9 3 25
16 17 39 1
16 18 1 18
16 19 40 21
16 24 258 1
16 25 1 1
17 0 3 14
17 1 26 1
17 4 143 1
17 5 3 4
17 6 2 23
17 7 1 10
17 8 7 21
17 9 2 8
17 11 3 27
17 13 3 4
17 16 366 1
17 20 1 11
17 22 1 9
17 23 58 2
17 25 1 28
17 26 2 13
18 2 59 5
18 3 1 24
18 4 297 1
18 5 24 1
18 6 39 19
18 8 252 3
18 11 100 5
18 13 25 4
18 16 12 1
18 17 1 22
18 20 61 2
19 0 285 1
19 1 202 6
19 6 2 3
19 8 1 22
19 9 18 2
19 10 90 1
19 11 35 1
19 12 2 1
19 17 1 28
19 20 356 7
19 21 8 12
19 24 1 3
19 26 9 17
20 1 7 2
20 2 12 1
20 3 10 3
20 6 203 2
20 7 273 2
20 8 12 1
20 10 33 1
20 14 1 19
20 19 381 1
21 4 16 4
21 12 1 10
21 24 2 21
22 8 1 9
22 9 1 28
22 10 201 2
22 11 1 22
23 4 63 2
23 6 8 20
23 11 60 13
23 15 37 4
23 20 1 6
23 21 23 20
24 0 233 1
24 1 141 1
24 3 142 10
24 4 1 1
24 5 227 1
24 7 17 14
24 8 194 1
24 10 1 7
24 11 4 12
24 12 89 19
24 14 1 4
24 16 196 4
24 23 1 2
25 1 1 3
25 3 4 25
25 4 114 1
25 5 1 8
25 6 16 27
25 7 251 1
25 8 1 26
25 9 1 28
25 10 156 2
25 11 58 1
25 12 5 2
25 16 11 13
25 17 6 17
25 20 5 13
25 24 4 12
25 27 1 20
27 0 99 3
27 8 32 2
27 11 45 1
27 13 19 6
27 14 19 2
27 21 16 21
27 26 13 1
