0 1 9 1
0 2 188 1
0 3 190 2
0 5 104 22
0 7 353 1
0 8 95 1
0 13 1 18
0 15 35 1
0 16 79 1
0 17 1 16
0 18 3 15
0 19 1 26
0 20 8 3
0 21 1 26
0 23 6 1
0 24 49 1
0 25 1 23
0 27 2 15
1 0 189 15
1 2 444 26
1 3 16 2
1 4 11 5
1 5 11 1
1 6 391 1
1 7 1 9
1 8 78 1
1 10 3 25
1 11 199 1
1 12 2 18
1 13 63 1
1 14 2 15
1 16 66 1
1 17 126 1
1 19 91 1
1 21 3 5
1 24 43 1
1 25 114 12
1 26 1 7
2 0 54 1
2 1 173 1
2 3 8 26
2 4 4 23
2 6 83 1
2 7 4 18
2 8 3 8
2 9 10 1
2 10 351 1
2 22 14 28
2 24 1 14
3 0 157 1
3 1 58 17
3 2 4 5
3 4 1 10
3 5 23 17
3 6 100 8
3 7 13 17
3 8 80 1
3 10 158 1
3 11 21 21
3 15 1 20
3 16 39 1
3 19 29 3
3 22 1 8
3 23 1 28
3 24 56 1
4 0 4 3
4 1 2 9
4 2 4 29
4 3 13 27
4 5 14 3
4 6 57 8
4 6 396 2
4 6 152 25
4 8 57 1
4 9 57 1
4 10 1 22
4 11 130 1
4 13 5 22
4 15 1 10
4 16 232 3
4 17 1 11
4 19 1 21
4 21 22 9
4 23 82 4
5 0 274 1
5 1 5 10
5 3 38 14
5 4 1 15
5 6 79 19
5 7 16 17
5 8 104 1
5 9 54 10
5 10 157 1
5 11 1 11
5 13 1 19
5 15 3 11
5 16 103 1
5 18 28 4
5 24 46 2
5 27 4 20
6 0 418 1
6 1 17 9
6 2 4 17
6 3 286 1
6 4 286 1
6 5 224 6
6 5 296 1
6 7 99 1
6 8 5 7
6 9 114 1
6 10 165 1
6 11 348 1
6 12 14 27
6 13 134 3
6 14 59 1
6 17 1 13
6 18 1 13
6 19 133 1
6 20 92 2
6 25 1 9
7 0 26 5
7 1 9 9
7 2 1 8
7 3 2 9
7 8 221 1
7 9 254 2
7 10 7 4
7 11 6 29
7 12 27 22
7 15 1 25
7 18 99 2
7 20 271 24
7 21 41 8
7 22 3 18
7 23 1 28
7 24 256 2
7 25 1 8
8 0 33 1
8 1 13 6
8 2 68 1
8 3 24 12
8 4 1 4
8 5 119 1
8 6 237 1
8 7 177 8
8 7 277 1
8 9 1 19
8 10 45 1
8 11 240 1
8 12 2 15
8 14 2 5
8 16 205 1
8 17 26 5
8 21 11 13
8 24 2 25
8 25 4 5
8 26 105 26
9 0 3 23
9 1 7 1
9 3 1 4
9 4 363 13
9 5 96 1
9 6 37 17
9 7 1 11
9 8 19 9
9 10 24 20
9 11 91 1
9 15 24 25
9 16 5 8
9 22 8 29
9 26 10 14
10 2 284 1
10 3 3 28
10 4 187 1
10 5 9 24
10 6 61 20
10 7 436 28
10 8 14 1
10 9 46 15
10 11 50 1
10 12 17 21
10 13 1 27
10 14 1 21
10 15 19 15
10 20 12 2
10 22 1 16
10 24 11 1
10 25 2 12
10 26 1 21
11 3 1 22
11 5 9 26
11 6 11 1
11 7 155 1
11 8 9 19
11 9 11 6
11 10 8 14
11 12 111 1
11 13 1 22
11 14 1 1
11 15 6 23
11 17 8 15
11 18 2 27
11 19 15 1
11 20 9 23
11 21 1 24
11 23 1 3
11 24 1 24
12 1 1 24
12 4 100 2
12 5 1 22
12 6 2 23
12 7 11 28
12 8 1 5
12 10 2 25
12 11 180 1
12 13 6 2
12 14 16 1
12 17 174 7
12 20 3 24
12 21 1 4
12 22 8 6
12 23 1 15
13 6 86 1
13 7 191 1
13 8 1 28
13 9 6 2
13 10 75 1
13 11 13 1
13 12 202 1
13 14 65 20
13 15 9 6
13 20 7 25
14 1 12 3
14 3 21 3
14 5 2 8
14 6 187 2
14 7 308 1
14 8 14 1
14 10 4 14
14 11 138 1
14 12 1 17
14 13 40 1
14 22 1 14
14 24 2 7
15 1 3 28
15 2 23 1
15 3 6 8
15 6 10 28
15 7 38 12
15 8 1 17
15 9 103 3
15 10 2 20
15 11 10 26
15 14 2 1
15 17 7 12
15 26 13 1
16 0 56 1
16 1 136 1
16 3 16 4
16 5 70 1
16 6 41 21
16 8 49 1
16 9 3 15
16 10 2 19
16 11 147 21
16 12 97 6
16 17 18 1
16 18 11 25
16 23 1 27
16 24 40 1
16 27 13 4
17 0 1 12
17 1 5 2
17 3 17 2
17 4 121 1
17 6 1 28
17 7 1 27
17 11 1 4
17 16 324 1
17 18 162 3
17 20 2 20
18 0 13 11
18 1 62 17
18 4 113 1
18 6 2 16
18 16 276 1
18 20 57 6
18 23 1 21
19 0 250 1
19 1 200 1
19 3 65 1
19 6 12 10
19 11 30 2
19 17 2 4
19 24 4 28
20 0 26 25
20 1 3 7
20 2 13 8
20 6 195 3
20 7 258 1
20 10 27 2
20 19 343 1
21 6 2 1
21 7 48 1
21 12 2 28
21 18 39 11
21 22 6 25
22 3 30 25
22 8 24 19
22 9 4 4
22 11 4 11
22 12 115 1
22 18 23 1
22 23 9 1
23 0 1 15
23 6 1 15
23 7 205 1
23 8 30 2
23 10 61 1
23 13 11 2
23 16 3 9
23 22 3 4
23 25 1 21
24 0 55 1
24 1 73 1
24 3 47 1
24 5 3 3
24 6 52 4
24 7 1 20
24 8 156 1
24 10 9 15
24 11 4 29
24 16 20 1
24 18 1 1
24 20 50 1
24 27 1 1
25 0 1 12
25 2 6 18
25 3 4 26
25 4 112 3
25 7 217 1
25 8 2 21
25 9 115 24
25 10 139 1
25 11 15 1
25 12 5 23
25 22 6 3
26 2 2 2
26 4 1 11
26 11 194 1
26 14 3 15
26 18 40 23
26 19 1 9
26 20 3 24
26 23 3 13
26 24 1 13
26 27 2 6
27 0 97 7
27 6 112 1
27 7 3 2
27 8 28 2
27 17 1 7
27 19 12 2
27 25 1 9
27 26 113 1
