0 1 1 22
0 2 185 1
0 3 179 1
0 5 49 1
0 6 5 2
0 8 78 1
0 9 1 28
0 12 96 3
0 16 59 1
0 17 1 24
0 18 164 28
0 19 1 11
0 20 2 12
0 24 36 1
1 0 120 1
1 2 19 1
1 3 30 1
1 4 7 15
1 5 253 12
1 6 383 27
1 7 1 23
1 8 62 1
1 10 10 14
1 11 198 1
1 12 1 28
1 14 1 7
1 16 47 1
1 17 120 1
1 18 1 2
1 19 90 1
1 20 1 18
1 21 30 5
1 24 23 1
2 0 52 1
2 1 161 1
2 3 3 25
2 4 1 28
2 6 80 1
2 7 19 1
2 8 42 29
2 10 2 27
2 16 5 6
2 18 13 7
2 25 43 1
3 0 145 1
3 1 45 1
3 2 187 1
3 5 34 1
3 6 1 20
3 7 4 20
3 8 65 1
3 10 156 1
3 11 1 16
3 16 27 1
3 17 200 1
3 20 245 2
3 21 1 9
3 23 1 5
3 24 37 1
4 0 3 6
4 1 329 1
4 2 5 16
4 5 3 14
4 6 400 15
4 7 241 1
4 8 55 1
4 9 54 1
4 11 129 1
4 13 9 12
4 15 8 7
4 17 7 19
4 18 78 1
4 22 12 3
4 26 63 3
5 0 255 1
5 1 75 1
5 2 1 7
5 3 26 1
5 4 1 28
5 6 17 17
5 7 11 13
5 8 95 1
5 9 109 3
5 10 154 1
5 11 29 10
5 12 3 2
5 16 84 1
5 17 32 8
5 24 37 1
6 0 416 1
6 1 29 14
6 2 34 11
6 3 285 1
6 4 280 1
6 5 3 25
6 7 95 1
6 8 6 21
6 9 379 4
6 10 159 1
6 11 346 1
6 12 3 14
6 14 58 1
6 15 12 20
6 17 2 10
6 18 2 24
6 20 91 1
7 0 21 12
7 1 5 20
7 2 1 15
7 3 2 24
7 5 1 2
7 6 21 1
7 8 154 1
7 9 253 1
7 10 19 21
7 11 39 26
7 12 4 25
7 15 27 29
7 17 15 1
7 18 98 4
7 19 140 2
7 20 13 5
7 24 255 1
7 25 1 29
8 0 14 4
8 1 18 1
8 2 57 1
8 3 5 24
8 4 1 9
8 5 102 1
8 6 188 1
8 7 273 1
8 9 1 24
8 10 38 1
8 11 237 1
8 14 1 4
8 15 1 10
8 16 186 1
8 17 1 15
8 18 44 2
8 20 259 1
8 22 49 4
8 24 110 14
8 25 6 11
8 27 1 24
9 0 20 14
9 3 1 12
9 4 51 1
9 5 82 1
9 6 5 1
9 7 3 21
9 10 12 20
9 11 89 1
9 12 1 8
9 14 1 26
9 18 155 2
9 20 7 12
9 21 40 1
9 23 11 19
10 0 19 1
10 2 281 1
10 3 1 10
10 4 185 1
10 5 4 20
10 6 31 26
10 7 4 1
10 8 10 1
10 9 61 12
10 11 46 1
10 12 5 16
10 13 1 21
10 14 1 2
10 15 5 22
10 18 18 5
10 20 12 4
10 24 10 1
10 25 2 9
11 0 338 3
11 1 26 2
11 2 1 2
11 3 1 7
11 7 127 1
11 8 1 6
11 9 17 20
11 10 4 7
11 12 111 1
11 13 2 5
11 14 11 15
11 15 18 19
11 18 1 26
11 21 1 20
11 22 71 1
11 23 1 22
11 24 8 12
11 26 28 12
11 27 115 2
12 0 1 16
12 1 42 28
12 3 50 4
12 4 99 2
12 5 12 2
12 7 1 12
12 8 4 2
12 10 1 20
12 13 20 6
12 18 1 8
12 19 51 3
13 7 190 3
13 8 1 4
13 9 5 6
13 10 73 1
13 11 12 12
13 12 4 1
13 14 6 28
13 19 2 28
14 0 111 1
14 2 1 5
14 5 8 7
14 6 186 2
14 9 43 1
14 10 71 3
14 11 135 1
14 12 1 29
14 13 9 1
14 17 96 1
14 25 2 21
15 1 2 15
15 2 22 9
15 6 5 29
15 8 1 11
15 10 4 27
15 11 95 29
15 12 4 8
15 13 27 13
15 14 59 3
15 25 2 4
15 26 13 1
16 0 42 1
16 1 118 1
16 2 1 6
16 3 19 1
16 4 2 4
16 5 50 1
16 8 30 1
16 14 2 26
16 17 16 1
16 18 7 11
16 19 1 22
16 24 12 1
17 1 4 2
17 2 3 28
17 3 16 3
17 4 119 1
17 6 5 16
17 7 4 29
17 8 2 13
17 10 1 10
17 11 4 2
17 12 72 1
17 13 1 20
17 16 320 1
17 21 3 29
17 22 38 10
17 26 21 26
17 27 1 10
18 0 1 10
18 2 54 2
18 4 109 1
18 6 1 21
18 7 2 25
18 8 247 1
18 9 178 14
18 14 44 3
18 16 277 1
18 17 36 16
19 0 247 1
19 3 64 10
19 10 84 5
19 11 30 1
19 17 5 16
19 18 4 23
19 20 1 22
20 3 18 1
20 7 257 1
20 10 27 1
20 12 1 3
20 15 74 1
20 16 117 28
20 18 1 26
20 19 336 1
20 23 1 7
20 27 29 12
21 8 47 1
21 11 19 17
21 13 12 12
21 19 1 9
21 20 4 4
21 26 15 2
22 4 82 5
22 6 2 2
22 8 1 18
22 10 192 2
22 11 9 3
22 12 114 3
22 13 1 6
22 14 1 18
22 26 6 9
23 1 1 27
23 5 1 13
23 6 8 9
23 8 30 3
23 13 11 1
24 0 36 1
24 1 54 1
24 3 28 1
24 4 1 4
24 5 25 1
24 7 11 5
24 8 136 1
24 9 103 2
24 11 12 14
24 13 21 4
24 14 7 29
24 16 30 1
24 19 22 5
25 5 6 26
25 6 17 29
25 7 214 1
25 11 13 1
25 12 24 11
25 16 1 23
25 24 14 23
25 27 4 27
26 1 51 22
26 2 1 5
26 4 1 26
26 7 14 5
26 8 110 4
26 13 1 26
26 15 1 15
26 20 1 25
27 7 3 3
27 8 27 3
27 9 1 15
27 11 40 2
27 19 12 1
27 23 17 1
27 25 2 16
27 26 111 2
