0 1 3 28
0 2 178 1
0 3 2 16
0 5 25 1
0 6 4 1
0 7 142 1
0 8 16 10
0 10 296 25
0 13 1 2
0 15 33 3
0 16 31 23
0 17 1 8
0 19 1 3
0 20 10 23
0 21 6 27
0 22 21 3
0 24 10 1
0 26 61 2
0 27 1 3
1 0 3 6
1 2 10 1
1 3 5 1
1 4 7 2
1 5 87 1
1 6 234 4
1 7 1 6
1 8 30 1
1 10 2 4
1 11 194 1
1 12 1 14
1 13 61 1
1 14 7 13
1 16 25 1
1 17 105 1
1 18 37 26
1 19 87 1
1 21 31 24
1 22 81 8
1 24 59 1
1 25 8 11
1 26 1 11
1 27 8 21
2 0 47 1
2 1 128 1
2 3 4 8
2 4 1 17
2 6 73 1
2 7 15 1
2 8 70 20
2 10 346 1
2 12 10 28
2 20 149 2
3 0 1 27
3 1 27 13
3 2 161 1
3 5 8 1
3 6 1 11
3 7 37 18
3 8 9 24
3 9 160 1
3 10 151 1
3 11 7 26
3 14 62 7
3 15 14 16
3 16 3 1
3 17 197 1
3 18 22 1
3 20 1 1
3 22 13 18
3 23 1 27
3 24 11 1
3 27 3 14
4 0 67 7
4 1 313 1
4 2 5 23
4 3 6 26
4 5 10 18
4 7 238 1
4 8 50 1
4 9 46 1
4 10 2 12
4 13 1 1
4 15 2 8
4 17 1 18
4 18 18 13
4 19 1 12
4 26 62 12
5 0 228 1
5 1 54 4
5 2 10 4
5 3 3 1
5 4 6 16
5 6 371 16
5 7 1 3
5 8 2 11
5 9 5 21
5 10 146 1
5 11 11 4
5 12 2 1
5 16 57 1
5 17 3 15
5 18 26 4
5 20 3 2
5 22 2 8
5 24 10 1
5 25 2 3
5 26 9 27
6 0 413 1
6 1 8 10
6 2 8 24
6 3 280 1
6 4 264 1
6 5 192 23
6 7 84 1
6 8 13 5
6 9 369 1
6 10 145 1
6 11 341 1
6 12 1 29
6 14 55 1
6 16 1 17
6 17 2 25
6 18 2 19
6 20 90 1
7 0 32 22
7 1 4 19
7 3 14 23
7 8 419 1
7 9 249 1
7 10 2 28
7 11 14 7
7 12 3 5
7 14 3 1
7 15 1 3
7 17 14 1
7 19 138 3
7 20 14 7
7 24 251 1
7 25 8 18
8 0 3 1
8 1 6 1
8 2 329 1
8 3 159 1
8 4 1 5
8 5 223 1
8 6 189 1
8 7 268 7
8 10 23 1
8 11 346 1
8 13 217 13
8 14 261 13
8 15 6 28
8 16 159 1
8 17 7 20
8 18 42 1
8 19 17 3
8 20 257 1
8 24 52 29
8 25 1 4
8 26 1 15
8 27 1 2
9 0 1 13
9 1 1 21
9 4 45 12
9 5 128 1
9 6 20 8
9 7 107 1
9 8 1 19
9 10 18 26
9 11 85 1
9 13 138 1
9 14 4 1
9 15 1 20
9 18 153 3
9 21 39 1
10 0 308 27
10 2 275 1
10 3 2 24
10 4 180 1
10 5 2 7
10 6 8 3
10 7 18 1
10 8 6 1
10 9 18 12
10 11 38 1
10 12 10 29
10 13 8 23
10 14 7 10
10 15 2 22
10 18 17 5
10 19 3 11
10 20 11 5
10 25 6 16
11 0 337 2
11 1 24 2
11 3 16 4
11 5 4 26
11 7 19 1
11 8 133 20
11 9 1 2
11 10 11 23
11 12 108 3
11 13 9 17
11 14 1 21
11 15 6 8
11 16 119 6
11 17 1 14
11 18 150 10
11 19 14 1
11 20 251 27
11 21 1 5
11 22 69 1
11 24 8 24
11 26 1 17
12 1 6 12
12 2 118 19
12 4 96 2
12 5 1 22
12 6 3 17
12 9 134 1
12 10 11 21
12 13 1 13
12 17 174 4
12 18 19 2
12 24 11 3
13 3 7 22
13 4 7 7
13 6 84 1
13 8 5 9
13 10 68 1
13 11 3 2
13 12 200 1
13 14 25 2
13 15 9 1
13 22 2 19
13 26 16 15
14 2 1 10
14 3 21 1
14 6 184 1
14 7 306 6
14 9 40 1
14 10 4 26
14 11 127 1
14 13 36 1
14 16 1 18
14 17 96 1
14 22 2 13
14 23 1 29
14 24 2 25
15 4 107 1
15 5 28 23
15 7 373 1
15 10 13 5
15 11 47 1
15 12 1 20
15 13 1 3
15 14 12 1
15 16 1 13
15 21 1 28
15 25 5 28
16 0 16 5
16 1 18 1
16 3 7 19
16 4 14 19
16 5 23 1
16 6 1 6
16 7 16 1
16 8 3 1
16 17 13 1
16 18 4 23
16 24 20 1
16 27 12 4
17 0 268 17
17 3 15 2
17 4 115 1
17 6 22 18
17 7 54 3
17 9 31 4
17 10 1 18
17 11 1 6
17 12 71 5
17 13 5 27
17 16 312 1
17 18 159 1
17 20 2 29
18 0 6 17
18 1 1 28
18 2 53 4
18 4 100 1
18 6 11 25
18 8 245 3
18 12 10 19
18 16 271 1
18 17 2 20
18 20 57 1
18 24 17 1
18 27 1 15
19 0 239 1
19 1 23 7
19 3 16 19
19 6 5 4
19 10 83 1
19 17 5 12
19 18 1 25
19 20 6 5
19 27 3 13
20 1 3 1
20 3 5 1
20 5 37 2
20 6 193 1
20 7 254 1
20 8 283 1
20 9 1 27
20 10 25 4
20 12 4 18
20 14 1 17
20 19 317 1
20 23 17 15
21 11 13 27
21 27 17 3
22 4 82 3
22 6 1 21
22 10 191 1
22 24 9 9
22 27 1 17
23 4 59 1
23 6 1 26
23 7 202 2
23 11 3 4
23 15 32 3
23 21 23 12
23 22 2 4
24 0 9 1
24 1 87 1
24 2 38 1
24 3 1 1
24 4 2 23
24 5 1 27
24 7 24 11
24 8 120 19
24 10 1 3
24 11 22 4
24 14 1 24
24 16 12 20
24 19 22 11
24 22 2 1
25 3 5 1
25 7 207 1
25 10 134 2
25 11 8 1
25 18 1 23
25 20 1 14
26 1 1 11
26 2 1 28
26 3 26 1
26 6 1 28
26 7 14 2
26 10 10 3
26 11 192 5
26 14 20 1
26 20 2 4
26 25 54 8
26 27 1 21
27 0 97 4
27 10 177 1
27 11 39 1
27 16 36 7
27 17 1 10
27 20 1 16
27 25 1 4
27 26 108 1
