0 1 99 13
0 2 133 1
0 3 19 28
0 5 23 13
0 7 120 1
0 8 53 2
0 9 257 1
0 10 293 1
0 16 21 22
0 17 4 24
0 18 3 9
0 19 39 4
0 20 10 12
0 21 34 24
0 23 3 14
0 24 23 1
0 25 42 21
1 0 67 20
1 2 331 1
1 3 112 29
1 4 4 8
1 5 306 26
1 6 333 1
1 7 8 1
1 8 21 4
1 9 4 17
1 10 2 16
1 11 170 1
1 14 9 11
1 16 76 20
1 17 66 1
1 19 68 1
1 24 117 17
2 1 154 1
2 3 56 5
2 4 4 22
2 6 35 1
2 8 74 29
2 9 3 5
2 10 312 1
2 14 1 18
2 17 1 10
2 20 134 1
3 0 65 9
3 1 34 13
3 2 48 1
3 4 2 12
3 5 57 15
3 6 5 24
3 7 4 24
3 8 24 7
3 10 123 1
3 13 33 1
3 16 22 26
3 17 182 2
3 18 17 9
3 20 244 1
3 22 1 5
3 24 24 11
3 25 2 7
3 26 13 7
3 27 32 24
4 0 14 28
4 1 362 1
4 2 3 20
4 3 24 27
4 5 4 8
4 6 2 3
4 7 214 1
4 8 21 1
4 9 388 1
4 10 1 17
4 11 111 1
4 12 1 17
4 13 1 20
4 14 1 10
4 15 1 7
4 16 218 1
4 17 32 13
4 18 390 1
4 19 20 10
4 24 1 5
5 0 35 18
5 1 67 18
5 2 8 19
5 3 21 15
5 4 3 17
5 6 133 1
5 7 44 20
5 8 41 3
5 9 109 1
5 10 97 1
5 11 4 7
5 15 2 12
5 16 83 8
5 17 2 7
5 24 21 3
5 26 9 3
6 0 385 1
6 1 65 4
6 2 30 2
6 3 251 1
6 4 123 1
6 5 302 1
6 7 71 1
6 8 120 1
6 9 277 1
6 10 69 1
6 11 366 1
6 12 7 18
6 13 124 1
6 15 14 26
6 16 6 13
6 18 41 18
6 19 125 1
6 20 78 1
6 22 114 12
6 27 2 18
7 0 2 3
7 1 1 22
7 2 1 19
7 3 25 28
7 4 1 24
7 5 1 11
7 6 1 1
7 8 159 1
7 9 222 1
7 11 86 20
7 13 2 1
7 15 6 19
7 16 69 1
7 19 128 1
7 20 1 22
7 24 225 1
7 25 10 3
7 27 4 1
8 0 23 12
8 1 47 5
8 2 34 3
8 3 79 18
8 4 41 2
8 5 22 17
8 6 119 1
8 7 206 1
8 9 2 1
8 10 3 15
8 11 88 11
8 14 1 16
8 15 1 13
8 16 22 2
8 17 46 10
8 18 32 2
8 20 242 1
8 21 11 27
8 24 22 19
8 25 15 22
9 0 13 11
9 2 7 2
9 4 354 1
9 5 34 1
9 6 4 1
9 7 52 22
9 8 332 24
9 10 5 7
9 12 194 25
9 15 1 13
9 19 86 2
9 21 34 4
9 27 2 28
10 0 307 1
10 1 1 15
10 2 235 1
10 3 1 2
10 4 148 1
10 5 332 3
10 6 69 7
10 7 430 1
10 8 3 5
10 9 6 8
10 11 5 1
10 12 1 11
10 13 1 7
10 14 325 1
10 15 80 25
10 16 160 5
10 17 273 4
10 19 1 10
10 22 1 26
10 23 1 2
10 24 4 2
10 25 45 8
10 26 2 1
11 1 14 1
11 2 1 26
11 3 2 14
11 5 1 16
11 7 160 1
11 8 5 22
11 9 4 17
11 10 3 20
11 13 2 13
11 14 5 14
11 15 137 15
11 18 5 26
11 22 56 1
11 23 4 2
11 24 3 23
11 25 5 27
11 26 3 21
11 27 89 1
12 1 1 25
12 6 1 11
12 7 3 2
12 8 2 1
12 9 206 1
12 10 2 25
12 11 164 1
12 13 7 9
12 14 8 1
12 16 13 4
12 18 21 23
12 19 49 1
12 20 2 24
12 21 1 18
12 23 1 14
13 1 2 12
13 4 1 1
13 6 73 1
13 7 179 2
13 8 1 1
13 10 40 1
13 11 6 23
13 12 169 1
13 20 9 27
13 25 4 20
14 5 3 5
14 6 166 2
14 8 1 5
14 9 25 1
14 10 11 18
14 11 78 1
14 13 18 1
14 15 1 11
14 18 1 23
14 19 1 24
14 22 1 21
14 23 1 2
14 26 31 20
15 1 4 19
15 2 19 9
15 4 102 1
15 6 1 11
15 7 6 1
15 8 26 16
15 9 90 1
15 10 11 1
15 11 3 21
15 12 1 20
15 14 1 1
15 16 1 11
15 17 16 25
15 24 43 3
15 25 2 22
15 27 6 1
16 0 45 2
16 1 38 10
16 3 131 4
16 4 1 14
16 5 22 8
16 6 5 25
16 8 22 4
16 9 1 13
16 13 1 6
16 17 1 1
16 18 8 10
16 22 1 8
16 24 90 14
17 0 81 3
17 1 1 11
17 2 255 1
17 3 7 6
17 4 88 2
17 5 43 10
17 6 1 29
17 7 2 7
17 11 12 22
17 12 65 1
17 16 253 1
17 18 143 1
17 25 84 7
18 1 2 9
18 2 48 1
18 4 45 24
18 6 1 20
18 8 237 2
18 10 181 4
18 11 88 2
18 12 8 22
18 16 225 1
18 19 1 19
18 20 53 1
18 21 41 1
19 0 184 1
19 1 22 1
19 2 1 24
19 4 5 23
19 6 1 5
19 10 77 4
19 17 29 3
19 18 4 21
19 20 71 1
19 21 8 7
19 24 1 12
20 2 4 7
20 3 248 1
20 4 2 19
20 5 32 2
20 6 183 3
20 7 233 1
20 8 8 1
20 9 1 17
20 10 19 1
20 12 125 13
20 15 69 1
20 17 1 18
20 18 1 16
20 19 200 1
20 23 1 18
20 27 26 8
21 5 13 17
21 9 99 13
21 11 1 17
21 20 4 18
21 22 1 22
22 4 80 1
22 5 1 2
22 8 1 1
22 10 178 3
22 11 2 9
22 12 102 1
22 13 8 4
22 27 8 17
23 0 10 2
23 1 2 14
23 7 190 2
23 10 46 1
23 11 7 24
23 14 1 7
24 0 68 15
24 1 62 14
24 2 36 13
24 3 36 13
24 5 100 24
24 6 43 1
24 7 3 15
24 8 37 27
24 9 98 1
24 11 57 19
24 13 3 20
24 14 27 5
24 16 40 6
24 17 3 4
25 1 1 22
25 5 24 25
25 7 164 1
25 8 3 19
25 10 112 2
25 12 1 1
25 20 1 29
25 21 17 7
25 24 5 1
26 8 105 4
26 9 76 4
26 11 186 4
26 17 2 28
26 24 1 15
26 27 1 23
27 2 37 7
27 8 21 3
27 10 175 16
27 14 15 4
27 15 1 21
27 20 2 21
27 24 1 12
27 25 1 7
27 26 83 1
