0 1 96 1
0 2 83 1
0 3 302 1
0 5 237 1
0 6 2 4
0 7 334 1
0 8 116 1
0 9 248 1
0 10 10 1
0 15 20 3
0 16 152 1
0 17 224 27
0 19 1 23
0 20 20 25
0 22 16 1
0 24 3 8
1 0 172 1
1 2 153 1
1 3 99 1
1 4 10 27
1 5 309 1
1 6 69 1
1 8 99 14
1 9 1 2
1 10 2 8
1 11 141 1
1 13 49 5
1 16 126 1
1 17 100 1
1 19 47 2
1 21 1 8
1 23 97 3
1 24 168 1
1 26 5 7
1 27 1 27
2 1 50 1
2 3 24 1
2 4 8 23
2 8 280 18
2 10 262 1
2 12 2 11
2 16 1 7
2 17 37 23
2 20 114 1
2 23 1 17
2 27 22 6
3 0 137 1
3 1 22 1
3 2 2 23
3 4 8 4
3 5 260 1
3 6 1 2
3 7 68 20
3 8 25 1
3 10 90 1
3 15 1 2
3 16 56 3
3 17 162 1
3 18 13 5
3 23 1 7
3 24 165 2
3 25 3 10
4 0 1 21
4 1 63 1
4 3 13 17
4 5 26 29
4 6 110 1
4 7 184 2
4 8 2 4
4 9 345 1
4 10 7 1
4 11 93 2
4 12 2 9
4 14 1 17
4 16 201 1
4 17 1 26
4 18 74 21
4 27 17 1
5 0 19 1
5 1 38 1
5 2 1 26
5 3 91 27
5 4 7 9
5 6 425 4
5 7 239 11
5 8 250 1
5 9 81 16
5 10 49 1
5 11 1 29
5 12 221 1
5 15 7 26
5 16 181 1
5 17 58 1
5 24 16 11
5 25 3 18
5 26 7 6
6 0 345 1
6 1 60 26
6 2 6 16
6 3 211 1
6 4 89 1
6 5 23 1
6 7 2 1
6 8 24 22
6 9 145 1
6 10 12 1
6 11 323 1
6 13 113 3
6 15 4 21
6 16 1 19
6 19 115 1
6 27 15 27
7 0 1 14
7 1 98 21
7 2 2 28
7 3 8 21
7 4 1 13
7 6 1 3
7 8 136 3
7 9 189 1
7 11 45 1
7 15 1 25
7 16 61 2
7 17 3 1
7 18 79 1
7 20 2 2
7 21 1 24
7 22 8 27
7 24 191 1
7 25 115 26
8 1 149 22
8 2 112 1
8 3 10 6
8 4 31 2
8 5 12 16
8 6 9 1
8 7 131 1
8 9 13 21
8 10 7 27
8 11 41 1
8 13 9 1
8 15 2 27
8 16 72 1
8 17 82 7
8 18 21 3
8 20 222 2
8 23 1 2
8 24 133 1
8 26 9 28
9 0 26 2
9 3 10 4
9 4 52 1
9 5 4 26
9 6 22 27
9 7 55 14
9 8 314 1
9 10 4 22
9 11 34 1
9 12 25 1
9 14 1 17
9 17 12 6
9 18 126 1
9 19 83 1
9 22 2 3
9 23 1 23
10 2 180 1
10 3 1 16
10 4 111 1
10 5 2 27
10 6 3 11
10 7 113 22
10 8 22 7
10 9 12 8
10 11 1 20
10 12 3 14
10 13 2 4
10 14 278 1
10 15 2 9
10 16 158 2
10 17 264 2
10 19 3 21
10 25 14 3
11 0 351 1
11 1 5 1
11 2 1 27
11 3 2 8
11 5 4 29
11 7 19 1
11 9 1 16
11 10 2 26
11 12 79 2
11 13 4 21
11 14 18 28
11 15 4 22
11 17 13 7
11 21 6 23
11 22 42 1
11 23 6 3
11 24 4 11
11 25 26 2
11 27 64 1
12 4 58 1
12 5 15 24
12 6 1 14
12 8 1 5
12 9 389 1
12 10 5 2
12 13 4 17
12 16 11 1
12 19 46 8
12 21 1 11
13 1 110 20
13 2 9 3
13 6 61 3
13 7 166 1
13 8 47 1
13 10 15 1
13 12 128 1
13 14 51 1
13 20 1 13
14 2 1 16
14 4 1 27
14 5 2 27
14 6 143 1
14 7 277 1
14 10 252 19
14 11 32 1
14 12 66 29
14 15 3 2
14 24 2 19
15 4 96 7
15 6 1 18
15 7 341 1
15 9 77 1
15 10 15 25
15 11 155 1
15 12 1 24
15 14 29 1
15 16 8 22
15 19 5 12
15 20 90 19
15 23 1 19
15 24 38 1
16 0 175 2
16 1 245 1
16 3 84 1
16 5 152 1
16 6 1 23
16 7 8 12
16 8 130 1
16 9 127 18
16 12 97 15
16 14 5 11
16 17 1 6
16 18 37 12
16 19 7 10
16 24 220 1
17 0 45 1
17 1 1 2
17 2 240 1
17 4 60 1
17 5 3 28
17 6 3 13
17 7 5 17
17 10 9 1
17 11 1 11
17 12 57 1
17 16 182 1
17 18 123 2
17 21 4 25
18 0 4 7
18 1 2 8
18 2 40 2
18 3 4 28
18 4 13 1
18 9 10 4
18 10 171 4
18 11 80 3
18 13 21 1
18 16 166 1
18 22 25 14
19 0 118 1
19 3 61 4
19 4 1 11
19 6 1 29
19 15 6 4
19 17 5 29
19 18 2 27
19 20 369 1
20 2 127 3
20 3 220 1
20 4 2 18
20 6 170 1
20 7 207 2
20 9 1 29
20 11 2 15
20 12 2 23
20 18 1 26
20 19 74 1
20 23 19 14
20 25 1 1
20 26 5 12
20 27 24 1
21 0 54 2
21 1 1 9
21 7 39 3
21 10 1 18
21 17 1 16
22 1 2 6
22 6 114 3
22 8 18 2
22 9 2 3
22 13 4 7
22 27 1 15
23 6 12 2
23 7 173 2
23 8 16 2
23 9 5 1
23 15 16 1
23 19 10 13
23 27 3 1
24 0 93 1
24 1 143 25
24 3 109 9
24 4 95 14
24 5 10 27
24 7 1 7
24 8 176 21
24 9 91 3
24 11 6 22
24 16 3 26
24 17 1 7
24 18 2 20
24 20 41 1
24 21 1 29
24 27 3 9
25 0 1 4
25 3 2 10
25 5 2 22
25 6 82 20
25 7 113 1
25 8 6 14
25 9 113 3
25 10 87 1
25 11 8 4
25 15 1 18
25 16 5 21
25 20 1 23
25 24 1 21
25 27 3 18
26 8 100 5
26 11 178 1
26 27 2 11
27 1 1 29
27 4 2 7
27 11 228 2
27 14 13 1
27 15 5 27
27 17 6 29
27 20 1 19
27 21 17 4
27 25 33 27
27 26 52 1
