0 1 105 23
0 2 1 9
0 3 30 1
0 4 235 1
0 5 423 5
0 6 250 1
0 7 2 29
0 8 43 1
0 9 1 24
0 11 85 1
0 13 25 23
0 16 17 4
0 17 1 21
0 18 4 7
0 19 119 1
0 20 1 20
0 21 1 3
0 22 42 2
0 23 27 5
0 24 61 4
1 0 217 1
1 2 69 1
1 3 12 5
1 4 176 1
1 5 45 1
1 6 5 28
1 7 5 12
1 8 445 26
1 8 52 5
1 9 151 1
1 10 1 27
1 11 357 1
1 12 1 13
1 13 102 2
1 14 1 28
1 16 153 1
1 17 10 29
1 19 228 2
1 24 310 1
2 1 3 27
2 3 30 23
2 4 76 1
2 5 65 1
2 7 242 1
2 8 186 1
2 9 111 1
2 10 2 17
2 11 164 25
2 12 1 11
2 17 1 19
2 19 45 2
2 22 20 2
3 0 326 3
3 1 182 1
3 2 231 1
3 5 17 1
3 6 1 24
3 7 222 1
3 8 64 1
3 10 339 1
3 11 1 3
3 16 24 10
3 17 241 12
3 18 62 3
3 20 1 22
3 24 71 12
4 0 20 2
4 1 4 17
4 2 1 7
4 5 369 1
4 6 58 9
4 7 373 1
4 8 192 1
4 9 12 13
4 10 3 15
4 11 247 2
4 12 69 1
4 18 2 10
4 21 47 1
4 22 34 10
4 24 2 12
4 26 76 2
4 27 46 1
5 0 3 24
5 1 14 1
5 2 2 2
5 3 16 19
5 4 131 10
5 6 20 25
5 7 1 14
5 8 216 1
5 9 249 1
5 11 1 29
5 12 3 7
5 14 24 7
5 16 226 1
5 18 117 3
6 0 351 22
6 1 237 1
6 2 82 1
6 3 1 22
6 4 6 4
6 5 40 28
6 7 428 2
6 8 22 28
6 9 17 7
6 10 32 22
6 11 3 25
6 12 1 24
6 14 202 2
6 17 2 16
6 21 2 3
6 23 27 5
6 26 13 3
7 0 4 14
7 1 2 10
7 2 277 1
7 3 299 1
7 5 149 1
7 6 260 1
7 8 5 11
7 10 2 7
7 11 170 1
7 13 1 9
7 14 161 2
7 16 124 1
7 17 109 1
7 20 3 15
7 22 1 22
7 23 2 23
7 25 18 1
8 0 36 4
8 1 72 1
8 2 28 20
8 3 188 1
8 4 1 21
8 5 59 1
8 6 109 1
8 7 7 26
8 9 292 1
8 10 14 8
8 11 2 16
8 12 150 10
8 14 12 9
8 16 14 6
8 18 155 1
8 19 82 1
8 24 41 19
9 1 241 1
9 4 6 8
9 5 3 13
9 6 273 1
9 8 4 9
9 10 212 1
9 11 337 1
9 12 4 11
9 13 1 2
9 14 50 1
9 15 1 16
9 17 3 4
9 20 1 4
9 23 34 26
10 0 1 9
10 1 122 1
10 2 1 17
10 3 1 15
10 5 13 24
10 6 181 1
10 7 4 16
10 8 6 4
10 9 256 1
10 11 77 1
10 12 8 1
10 13 19 2
10 15 7 1
10 16 1 1
10 18 85 1
10 20 76 3
10 22 39 1
10 23 5 10
10 25 2 12
10 27 28 4
11 0 1 1
11 1 187 1
11 2 96 1
11 3 16 1
11 4 60 2
11 6 249 1
11 7 7 19
11 8 7 7
11 10 30 1
11 12 216 1
11 13 10 1
11 14 165 1
11 15 155 1
11 18 1 9
11 20 2 21
11 22 176 2
11 23 93 1
11 24 198 1
11 25 306 5
11 26 1 6
11 27 281 1
12 1 1 24
12 2 1 24
12 4 248 2
12 6 67 1
12 7 4 6
12 9 2 4
12 10 6 1
12 11 260 1
12 14 153 1
12 15 1 17
12 18 3 16
12 23 14 1
12 25 83 5
12 27 13 1
13 1 1 7
13 2 24 1
13 5 15 14
13 9 67 3
13 10 343 1
13 11 2 2
13 12 9 3
13 14 5 1
13 19 1 1
14 1 69 4
14 3 51 7
14 7 1 22
14 8 267 1
14 9 200 1
14 10 201 1
14 13 2 29
14 15 1 18
14 17 116 1
15 1 1 27
15 2 40 1
15 3 45 1
15 5 1 9
15 7 5 9
15 8 1 15
15 9 155 19
15 10 58 1
15 11 160 1
15 14 1 1
15 17 1 8
15 23 2 8
16 0 204 1
16 1 156 2
16 3 36 2
16 5 43 5
16 6 3 19
16 9 2 16
16 12 1 24
16 14 27 7
16 17 353 11
16 18 147 1
16 24 104 1
17 0 1 17
17 1 224 1
17 2 4 2
17 3 137 1
17 4 343 1
17 5 1 23
17 7 3 2
17 8 1 2
17 9 2 22
17 16 3 21
17 23 72 2
17 25 58 13
18 0 1 21
18 3 1 5
18 4 2 4
18 5 103 1
18 6 1 1
18 9 1 2
18 12 1 23
18 16 7 1
18 17 1 4
18 24 29 1
18 27 1 20
19 0 9 7
19 1 2 4
19 2 7 5
19 3 2 25
19 4 12 2
19 7 1 28
19 8 2 1
19 20 21 1
20 0 1 17
20 1 95 1
20 2 1 13
20 4 11 3
20 7 354 2
20 8 2 5
20 10 102 3
20 11 44 1
20 14 1 6
20 17 16 2
20 18 1 15
20 19 12 4
20 23 9 18
20 27 51 2
21 4 36 4
21 10 5 1
22 7 23 1
22 10 1 7
22 11 6 4
22 14 14 4
22 23 14 2
22 24 1 7
23 3 41 1
23 6 1 22
23 10 168 1
23 11 1 24
23 15 1 15
23 22 1 15
24 0 82 5
24 1 357 1
24 3 57 28
24 5 8 7
24 6 113 1
24 7 15 2
24 8 78 1
24 10 1 15
24 11 126 1
24 12 1 13
24 15 44 4
24 16 449 1
24 26 47 1
25 9 1 4
25 11 5 1
25 26 1 4
26 9 81 6
26 10 43 6
26 24 9 1
26 27 112 1
27 7 75 1
27 10 1 26
27 11 1 26
27 25 26 2
27 26 63 17
