0 1 389 13
0 2 71 1
0 3 186 1
0 4 1 27
0 5 78 24
0 6 1 12
0 7 82 1
0 8 41 1
0 9 245 1
0 10 283 1
0 11 1 16
0 16 26 1
0 18 1 13
0 19 5 2
0 20 8 23
0 21 1 23
0 24 18 2
0 25 2 27
1 0 83 1
1 2 193 1
1 3 26 1
1 4 4 16
1 5 19 16
1 6 231 1
1 8 82 1
1 9 3 4
1 10 150 7
1 11 133 1
1 16 86 1
1 17 77 1
1 18 1 9
1 19 42 1
1 20 1 7
1 22 74 7
1 24 180 1
1 27 18 25
2 1 24 1
2 3 116 1
2 4 8 16
2 5 1 17
2 8 16 1
2 10 249 1
2 12 11 12
2 13 7 1
2 14 3 21
2 17 22 5
2 18 5 1
2 19 16 8
2 20 109 1
2 25 38 1
3 0 56 1
3 1 103 1
3 2 2 1
3 4 7 1
3 5 304 1
3 6 1 13
3 7 31 4
3 8 48 1
3 9 154 3
3 10 82 1
3 11 1 12
3 14 56 7
3 15 1 23
3 16 71 1
3 17 157 1
3 23 23 11
3 24 34 2
3 25 4 6
4 0 1 16
4 1 165 1
4 2 5 4
4 3 2 15
4 5 4 3
4 6 378 1
4 7 177 1
4 9 324 1
4 10 20 19
4 11 89 1
4 13 1 20
4 16 197 1
4 17 7 28
4 18 367 1
4 19 1 11
4 20 2 29
4 23 75 2
4 24 1 2
4 25 119 13
5 0 52 1
5 1 114 1
5 3 241 1
5 4 4 12
5 6 272 15
5 8 58 29
5 9 251 1
5 10 39 1
5 11 1 7
5 16 255 1
5 24 30 7
6 0 333 1
6 1 4 2
6 2 3 23
6 3 200 1
6 4 109 1
6 7 32 1
6 8 21 14
6 9 109 1
6 10 5 1
6 11 311 1
6 12 6 18
6 13 110 1
6 14 20 2
6 15 1 18
6 18 50 8
6 19 112 3
6 21 1 26
6 27 28 5
7 2 12 10
7 3 5 1
7 5 1 17
7 6 3 5
7 8 88 1
7 9 180 1
7 10 19 23
7 11 347 1
7 12 2 8
7 15 1 15
7 16 59 5
7 19 111 1
7 20 1 28
7 21 1 18
7 24 183 1
7 25 2 26
7 26 164 5
7 27 2 3
8 0 61 17
8 1 54 1
8 2 78 1
8 3 250 1
8 4 9 21
8 5 297 1
8 6 3 23
8 7 76 1
8 9 2 6
8 10 8 2
8 11 351 1
8 12 201 14
8 13 7 4
8 14 52 3
8 15 1 15
8 16 49 1
8 17 20 28
8 18 19 1
8 19 6 4
8 20 217 1
8 21 4 23
8 24 14 12
8 25 1 11
8 26 7 21
8 27 2 14
9 0 1 21
9 1 378 1
9 3 4 10
9 4 32 1
9 5 4 26
9 6 3 13
9 7 1 3
9 8 310 1
9 10 3 8
9 12 183 1
9 13 124 1
9 14 4 14
9 16 1 6
9 17 2 3
9 18 122 2
9 22 1 1
9 23 1 23
9 25 1 24
9 26 2 3
10 0 304 1
10 1 1 24
10 2 167 1
10 3 1 15
10 4 103 1
10 6 89 14
10 7 399 1
10 8 15 23
10 9 5 13
10 11 3 4
10 12 2 5
10 13 16 16
10 14 251 1
10 15 102 16
10 17 261 1
10 18 6 4
11 0 345 2
11 2 1 7
11 3 2 2
11 5 3 16
11 6 1 18
11 7 3 1
11 8 3 22
11 9 1 15
11 10 8 8
11 12 75 2
11 13 14 9
11 14 3 1
11 15 3 27
11 16 109 2
11 20 1 6
11 21 1 26
11 22 38 3
11 23 5 18
11 24 25 6
11 25 4 17
11 26 1 28
11 27 57 1
12 0 1 19
12 1 131 4
12 5 3 16
12 6 12 18
12 7 14 14
12 8 7 24
12 9 83 1
12 10 1 22
12 13 1 7
12 14 159 2
12 21 3 22
12 23 1 20
12 26 42 2
13 4 13 27
13 6 58 3
13 7 162 2
13 8 2 1
13 10 11 1
13 11 4 2
13 12 117 1
13 14 43 1
13 17 3 10
13 22 2 8
13 27 9 29
14 2 4 5
14 3 12 1
14 4 1 6
14 6 137 1
14 7 271 2
14 10 1 12
14 11 23 2
14 12 5 1
14 15 11 3
14 20 2 12
14 22 6 11
14 23 30 6
15 5 1 4
15 6 2 7
15 7 326 1
15 8 1 12
15 9 73 2
15 10 2 7
15 11 174 17
15 12 1 13
15 14 19 1
15 23 1 9
16 0 170 1
16 1 70 1
16 3 71 1
16 4 1 3
16 5 210 1
16 6 1 2
16 8 70 1
16 10 1 17
16 17 2 8
16 18 27 2
16 19 8 5
16 22 1 29
16 24 85 1
17 1 9 1
17 2 234 2
17 4 53 1
17 5 1 3
17 6 292 15
17 7 57 12
17 8 5 2
17 9 7 28
17 16 164 1
17 18 118 2
17 20 1 8
17 22 1 5
17 23 49 7
18 1 103 12
18 2 39 1
18 3 1 28
18 4 208 1
18 6 81 9
18 8 221 3
18 9 1 18
18 11 78 3
18 16 151 1
18 20 46 8
18 23 13 17
19 0 102 1
19 1 187 1
19 4 1 8
19 5 17 3
19 8 22 3
19 10 68 3
19 11 15 5
19 15 6 11
19 17 1 14
19 20 336 2
20 0 1 4
20 2 1 2
20 3 212 1
20 4 1 1
20 5 25 1
20 7 200 1
20 8 295 1
20 18 3 22
20 19 50 1
20 21 41 3
20 26 1 13
21 0 54 1
21 8 36 5
21 11 1 28
21 19 1 29
21 22 1 12
21 23 13 7
21 24 1 20
21 27 17 1
22 4 75 10
22 7 1 4
22 8 1 25
22 11 4 2
22 12 84 1
22 14 1 1
22 17 4 4
22 18 20 9
22 21 17 5
22 25 1 26
23 1 1 28
23 5 1 5
23 11 9 8
23 15 14 2
23 17 78 9
23 27 2 20
24 0 14 9
24 1 78 1
24 3 87 1
24 5 73 3
24 7 2 14
24 8 132 1
24 10 2 24
24 11 63 12
24 16 47 1
24 22 1 1
24 27 1 14
25 0 1 26
25 3 2 15
25 7 101 1
25 8 4 22
25 9 113 1
25 10 81 1
25 11 24 5
25 22 3 28
25 24 24 1
26 4 1 23
26 9 74 15
26 11 175 3
26 15 26 24
26 19 1 11
26 24 1 16
26 27 7 25
27 0 91 12
27 4 1 26
27 8 14 2
27 10 179 7
27 12 61 1
27 14 12 6
27 15 20 5
27 18 16 1
27 21 17 18
