0 1 97 14
0 2 23 1
0 3 41 9
0 4 1 26
0 5 39 27
0 6 10 26
0 7 341 1
0 8 24 11
0 9 228 2
0 10 266 3
0 11 1 6
0 14 117 3
0 16 21 22
0 17 267 3
0 19 8 12
0 24 32 27
0 25 2 19
0 27 1 21
1 0 40 5
1 2 33 1
1 3 24 19
1 4 3 1
1 5 226 3
1 6 78 1
1 7 186 3
1 8 61 5
1 9 3 20
1 10 1 2
1 11 97 1
1 16 21 24
1 17 26 1
1 18 2 26
1 19 20 1
1 21 1 5
1 24 39 25
1 26 8 12
2 0 1 10
2 1 8 15
2 3 12 1
2 4 8 25
2 5 2 16
2 7 1 6
2 8 55 1
2 9 1 25
2 10 177 1
2 13 4 8
2 14 9 25
2 17 229 1
2 19 11 11
2 20 82 1
3 0 32 7
3 1 23 16
3 2 5 26
3 5 65 13
3 6 3 27
3 7 10 1
3 8 23 13
3 10 45 1
3 11 263 1
3 12 2 29
3 13 28 2
3 16 57 17
3 20 162 1
3 23 2 22
3 24 21 21
3 25 7 28
4 0 38 12
4 1 79 1
4 2 71 28
4 3 2 16
4 5 34 9
4 6 335 21
4 7 138 1
4 9 214 1
4 11 67 1
4 14 1 8
4 15 12 16
4 16 171 2
4 17 1 16
4 18 332 1
4 19 3 9
4 24 18 22
4 26 54 7
5 0 42 28
5 1 23 6
5 3 21 16
5 4 28 8
5 7 352 1
5 8 48 3
5 9 90 1
5 10 4 2
5 11 12 23
5 12 183 2
5 16 21 29
5 24 34 6
5 27 30 15
6 0 270 1
6 1 18 4
6 2 12 25
6 3 144 1
6 4 50 1
6 5 65 13
6 8 5 28
6 9 4 1
6 10 1 6
6 11 248 1
6 12 4 18
6 13 95 1
6 15 7 1
6 16 1 3
6 18 1 8
6 19 98 3
6 20 46 1
6 21 1 18
6 22 112 2
6 24 1 3
6 25 1 15
7 0 41 27
7 1 2 1
7 2 1 9
7 3 3 21
7 4 2 1
7 5 2 10
7 6 1 26
7 8 270 1
7 11 53 1
7 12 2 16
7 13 204 1
7 14 1 12
7 15 134 23
7 18 63 2
7 19 92 1
7 20 2 8
7 24 136 1
7 25 1 21
8 0 22 18
8 1 46 20
8 3 33 19
8 4 247 4
8 5 16 22
8 6 64 1
8 7 181 5
8 9 8 16
8 10 75 15
8 11 16 1
8 12 34 6
8 13 232 1
8 15 4 21
8 16 23 2
8 17 1 20
8 19 2 1
8 20 189 2
8 24 24 20
8 25 5 24
9 0 57 28
9 4 266 1
9 5 73 17
9 6 359 1
9 7 1 12
9 8 239 1
9 10 10 1
9 11 8 1
9 12 155 1
9 13 112 1
9 14 2 27
9 18 101 1
9 19 77 1
10 0 295 1
10 1 2 20
10 2 99 1
10 3 3 17
10 4 61 1
10 6 2 26
10 7 352 1
10 8 124 29
10 9 1 16
10 11 5 19
10 12 17 29
10 13 2 29
10 14 249 1
10 15 1 7
10 17 246 1
10 18 1 8
10 19 1 20
10 23 214 4
10 26 18 23
10 27 1 20
11 0 314 1
11 2 12 1
11 3 85 6
11 5 42 2
11 6 4 26
11 7 44 20
11 8 272 22
11 9 39 13
11 10 1 28
11 13 12 22
11 14 2 21
11 15 288 1
11 16 102 3
11 21 3 6
11 22 23 1
11 23 8 27
11 24 2 19
11 25 65 25
11 26 18 27
11 27 30 2
12 0 1 12
12 1 1 16
12 4 31 3
12 5 1 4
12 6 2 1
12 8 4 16
12 9 336 1
12 10 1 19
12 13 13 21
12 14 134 2
12 19 41 1
12 23 1 24
13 1 1 16
13 4 15 25
13 6 43 2
13 7 142 1
13 11 196 1
13 12 65 1
13 14 8 1
13 20 1 1
13 25 2 4
14 0 94 1
14 2 7 2
14 3 7 13
14 4 2 9
14 5 1 18
14 6 106 1
14 8 1 2
14 10 148 1
14 12 1 11
14 13 1 21
14 15 6 24
14 22 3 19
15 4 87 1
15 6 7 18
15 7 239 1
15 10 4 20
15 11 172 1
15 12 1 20
15 13 16 2
15 16 9 13
15 22 9 2
15 25 2 1
16 0 22 14
16 1 38 7
16 2 3 7
16 3 30 13
16 4 2 9
16 5 30 22
16 6 15 17
16 8 21 2
16 9 127 29
16 11 140 1
16 17 17 22
16 18 20 1
16 20 36 1
16 24 21 21
17 1 3 18
17 2 202 1
17 5 2 20
17 6 2 20
17 7 1 26
17 8 346 2
17 11 4 20
17 12 44 1
17 14 1 25
17 16 81 1
17 18 92 2
17 20 96 1
17 21 60 24
17 23 46 1
18 1 115 11
18 3 1 13
18 4 112 1
18 8 202 2
18 9 182 4
18 11 68 1
18 12 8 9
18 16 79 1
18 19 61 3
18 23 13 5
18 27 10 1
19 0 35 1
19 1 173 1
19 6 1 10
19 7 175 1
19 8 21 1
19 10 58 3
19 12 62 2
19 20 209 1
19 26 1 23
20 1 1 18
20 3 168 1
20 5 18 4
20 7 165 1
20 8 283 2
20 9 2 16
20 10 4 5
20 14 77 5
20 17 1 29
21 11 1 5
21 22 1 22
21 24 2 24
22 9 8 25
22 10 133 2
22 11 10 26
22 12 65 2
22 20 4 28
22 21 14 2
22 24 33 1
23 4 46 2
23 6 3 10
23 7 144 1
23 11 73 17
23 14 1 2
23 15 4 3
23 17 77 5
23 22 1 17
23 24 3 21
23 25 2 21
24 0 22 4
24 1 21 4
24 3 57 26
24 5 87 14
24 7 74 3
24 8 122 13
24 10 5 23
24 11 27 7
24 16 69 25
24 19 21 2
24 21 1 6
24 26 1 1
25 0 1 23
25 3 59 1
25 6 6 25
25 7 47 1
25 10 50 1
25 11 8 10
25 18 45 7
26 3 19 1
26 7 1 22
26 11 161 1
26 12 4 3
26 13 1 2
26 14 3 25
26 22 22 18
26 23 32 23
26 27 2 3
27 6 95 2
27 7 1 24
27 11 210 1
27 25 42 3
27 26 13 1
