0 1 318 1
0 3 83 1
0 4 4 12
0 5 80 1
0 6 16 3
0 7 256 1
0 8 165 2
0 9 206 1
0 10 240 1
0 11 31 14
0 16 84 1
0 17 119 1
0 19 4 2
0 21 45 5
0 22 9 1
0 24 339 1
0 25 1 4
1 0 205 1
1 2 2 24
1 3 60 4
1 4 3 26
1 5 304 1
1 7 51 1
1 8 78 2
1 9 27 6
1 11 62 2
1 12 1 29
1 13 30 1
1 15 125 3
1 16 356 1
1 18 3 8
1 19 5 2
1 24 161 1
1 26 10 26
1 27 84 12
2 0 3 17
2 1 65 9
2 3 5 18
2 4 4 15
2 5 1 4
2 6 7 7
2 7 1 17
2 8 138 1
2 10 102 1
2 11 249 1
2 12 1 8
2 14 1 27
2 17 228 1
2 19 7 3
3 0 380 1
3 1 245 1
3 5 38 2
3 6 1 12
3 7 128 22
3 8 321 2
3 9 2 1
3 11 109 1
3 13 25 2
3 16 71 1
3 17 96 1
3 18 3 6
3 20 112 1
3 24 241 1
4 0 13 3
4 1 32 1
4 3 40 27
4 5 75 10
4 6 129 1
4 7 99 1
4 8 3 5
4 9 105 1
4 10 350 1
4 13 2 7
4 15 20 8
4 16 142 1
4 17 9 25
4 18 241 1
4 20 1 13
4 21 8 6
4 27 9 7
5 0 129 1
5 1 113 1
5 3 73 21
5 4 58 11
5 6 105 10
5 7 319 2
5 8 295 13
5 11 4 11
5 12 142 1
5 16 240 1
5 24 116 1
5 26 4 7
6 0 197 1
6 1 87 3
6 2 246 22
6 3 86 1
6 5 6 1
6 7 1 2
6 8 184 1
6 9 10 9
6 10 5 29
6 11 178 1
6 13 77 1
6 16 1 1
6 18 8 29
6 20 30 4
6 21 2 4
6 25 1 2
7 0 7 1
7 2 2 5
7 3 46 4
7 4 2 10
7 5 1 5
7 6 2 16
7 8 48 1
7 9 92 1
7 10 401 1
7 11 34 1
7 12 1 3
7 13 191 2
7 14 9 1
7 15 16 1
7 16 40 2
7 18 49 3
7 19 72 1
7 24 88 1
7 25 162 9
7 26 150 1
7 27 204 1
8 0 229 1
8 1 157 1
8 2 4 23
8 3 62 24
8 4 248 1
8 5 204 1
8 6 53 26
8 7 135 1
8 9 105 8
8 10 14 26
8 11 189 1
8 13 214 1
8 15 1 14
8 16 38 21
8 17 3 23
8 20 158 1
8 23 2 12
8 24 124 1
8 25 2 25
9 0 3 15
9 1 282 1
9 4 153 1
9 5 133 26
9 6 410 1
9 7 1 10
9 8 156 1
9 10 152 1
9 12 30 1
9 13 96 1
9 16 13 25
9 17 1 2
9 18 78 3
9 23 1 22
9 26 1 16
10 0 274 1
10 1 38 18
10 2 41 1
10 4 26 1
10 5 321 1
10 6 215 17
10 7 321 1
10 8 14 20
10 9 93 1
10 11 3 29
10 12 1 1
10 13 4 26
10 14 123 1
10 15 145 28
10 17 226 1
10 24 2 11
11 0 273 1
11 2 21 11
11 3 1 25
11 4 3 19
11 5 26 17
11 6 3 1
11 7 29 28
11 8 61 1
11 9 2 9
11 10 73 28
11 12 37 1
11 13 20 6
11 14 1 5
11 15 55 1
11 16 94 2
11 17 1 25
11 18 2 4
11 21 93 13
11 22 10 1
11 23 32 12
11 24 4 4
11 25 3 17
11 26 1 9
11 27 9 4
12 0 1 6
12 3 20 2
12 4 13 2
12 6 1 23
12 9 216 1
12 10 117 8
12 13 2 14
12 14 104 1
12 15 137 4
12 17 149 6
12 21 1 3
12 25 35 2
13 6 29 1
13 8 175 1
13 10 2 15
13 11 167 4
13 12 21 1
14 2 3 12
14 3 4 1
14 4 3 12
14 6 73 1
14 7 192 1
14 8 2 29
14 10 248 1
14 11 3 21
14 13 1 23
14 15 30 22
14 17 71 6
14 22 4 15
14 27 1 23
15 0 6 5
15 1 1 29
15 2 7 13
15 6 2 25
15 7 141 1
15 8 6 25
15 10 5 4
15 11 65 1
15 12 1 26
15 14 6 26
16 0 179 1
16 1 214 1
16 3 54 1
16 4 2 25
16 5 46 29
16 6 1 4
16 8 7 12
16 10 10 22
16 17 34 1
16 18 1 19
16 19 44 11
16 20 30 1
16 24 86 19
17 1 71 3
17 2 160 1
17 5 10 2
17 6 6 22
17 8 322 2
17 16 20 1
17 20 8 7
17 24 1 11
18 1 1 6
18 2 20 3
18 4 34 1
18 6 264 4
18 7 186 1
18 8 178 2
18 9 200 1
18 10 136 2
18 16 21 1
18 19 60 8
18 22 22 1
18 24 9 10
18 25 1 9
18 27 5 12
19 1 139 2
19 6 4 5
19 7 161 1
19 10 48 1
19 11 4 1
19 17 2 27
19 18 1 7
19 20 40 1
20 0 320 1
20 3 118 1
20 4 1 7
20 7 126 1
20 8 260 1
20 11 1 29
20 12 131 28
20 17 2 22
20 19 3 27
21 2 1 3
21 7 27 1
21 12 113 5
21 26 20 20
22 2 3 1
22 7 2 11
22 10 106 1
22 12 45 1
22 15 1 21
22 16 32 5
23 1 1 5
23 7 115 2
23 11 69 1
23 16 1 20
24 0 123 1
24 1 167 1
24 3 59 10
24 5 289 1
24 8 80 1
24 10 2 4
24 11 15 12
24 13 21 2
24 14 1 26
24 15 30 1
24 16 45 1
24 20 27 6
25 0 1 18
25 4 91 1
25 7 9 2
25 10 24 2
25 11 11 12
25 12 7 19
25 14 36 2
25 15 1 17
25 24 2 3
25 27 5 2
26 3 16 2
26 11 144 3
26 14 1 15
26 17 2 6
26 27 3 26
27 4 4 3
27 6 87 3
27 7 2 25
27 9 3 23
27 11 177 1
27 12 54 1
