0 1 194 1
0 2 1 17
0 3 46 1
0 4 1 25
0 5 213 1
0 6 1 24
0 7 223 1
0 8 13 26
0 9 196 1
0 10 228 1
0 11 2 15
0 12 45 1
0 16 32 2
0 18 198 1
0 20 1 6
0 24 87 1
1 0 413 1
1 2 4 15
1 3 48 1
1 5 66 1
1 6 1 22
1 8 169 1
1 9 61 19
1 11 50 2
1 14 136 5
1 16 113 1
1 17 2 22
1 18 53 1
1 19 1 3
1 22 61 8
1 24 94 1
2 0 2 3
2 1 7 8
2 3 6 15
2 4 8 1
2 5 1 26
2 6 10 11
2 7 5 8
2 8 104 1
2 10 77 1
2 11 232 1
2 12 2 9
2 14 24 23
2 15 1 17
2 16 1 10
2 17 215 1
2 20 45 1
2 24 1 14
2 25 27 4
3 0 313 1
3 1 366 1
3 2 32 1
3 7 125 1
3 8 158 1
3 10 8 1
3 11 312 1
3 14 42 6
3 16 40 1
3 17 84 1
3 20 94 1
3 24 70 1
3 25 2 18
4 0 8 17
4 1 4 2
4 3 2 28
4 5 164 2
4 6 97 1
4 7 84 2
4 8 3 1
4 9 71 1
4 10 6 1
4 11 38 1
4 12 1 7
4 14 1 26
4 15 87 12
4 16 130 1
4 18 197 1
4 19 1 21
4 20 24 5
4 24 2 2
5 0 109 4
5 1 218 1
5 2 1 24
5 3 51 1
5 4 2 4
5 6 387 14
5 7 302 1
5 8 16 14
5 9 2 3
5 10 2 8
5 11 4 27
5 12 125 2
5 15 1 24
5 16 26 1
5 18 1 25
5 20 105 2
5 24 7 3
5 25 3 29
6 0 169 1
6 1 2 10
6 2 246 29
6 3 66 1
6 4 1 28
6 5 13 7
6 7 1 16
6 8 295 1
6 9 5 27
6 10 11 27
6 11 153 1
6 17 365 1
6 19 76 3
6 20 25 3
6 24 1 2
6 25 2 11
6 27 1 27
7 0 3 2
7 1 356 1
7 2 2 9
7 3 1 9
7 4 47 6
7 5 12 1
7 6 2 4
7 8 9 1
7 9 76 1
7 10 315 1
7 11 1 20
7 12 2 2
7 14 12 16
7 15 13 3
7 16 37 2
7 17 1 5
7 20 351 2
7 21 2 4
7 24 71 1
7 25 312 10
7 27 197 1
8 0 185 1
8 1 40 1
8 2 4 19
8 3 19 1
8 4 215 3
8 5 90 1
8 6 1 3
8 7 80 1
8 9 3 20
8 10 171 12
8 11 147 1
8 13 205 1
8 14 67 8
8 15 2 9
8 16 41 1
8 17 4 8
8 20 145 1
8 21 3 11
8 24 110 1
8 25 1 29
8 27 117 1
9 0 1 27
9 1 258 1
9 2 92 2
9 4 113 1
9 5 278 3
9 6 263 1
9 8 189 1
9 10 97 1
9 12 90 1
9 13 89 2
9 14 45 29
9 16 1 18
9 17 246 15
9 18 70 1
9 20 151 11
9 21 12 4
9 22 34 20
9 23 2 11
9 27 1 19
10 0 263 1
10 1 10 18
10 2 24 2
10 4 17 1
10 5 379 1
10 6 1 21
10 7 278 1
10 8 198 3
10 9 73 1
10 11 10 16
10 12 1 25
10 13 1 18
10 14 94 1
10 15 13 15
10 16 145 9
10 17 217 1
10 22 1 21
10 23 204 2
10 24 3 16
10 26 1 9
11 0 256 1
11 1 2 16
11 2 14 20
11 3 1 26
11 4 7 16
11 5 1 15
11 6 1 15
11 7 13 18
11 8 173 1
11 9 9 7
11 10 317 26
11 14 3 16
11 15 55 1
11 23 1 21
11 24 2 7
11 25 2 3
11 26 32 18
11 27 4 5
12 0 1 26
12 5 121 27
12 6 8 17
12 8 1 24
12 9 166 1
12 10 6 9
12 11 87 1
12 14 92 1
12 19 36 1
12 20 2 27
12 21 8 16
12 25 32 5
12 26 34 9
13 4 3 18
13 6 24 1
13 7 108 2
13 8 24 7
13 11 157 1
13 15 2 5
13 22 1 21
13 23 14 12
13 27 3 14
14 2 1 16
14 4 1 22
14 5 37 10
14 6 61 1
14 7 173 2
14 8 1 25
14 9 2 17
14 10 241 1
14 11 1 9
14 13 1 29
14 15 57 2
14 21 1 9
14 22 5 10
14 25 49 7
14 26 33 26
15 0 4 4
15 6 2 21
15 7 107 1
15 8 246 8
15 10 1 22
15 11 22 1
15 13 6 2
15 14 1 1
15 18 21 9
15 22 6 2
15 23 41 1
16 0 31 1
16 1 62 1
16 2 1 16
16 3 43 1
16 4 2 20
16 5 49 1
16 8 19 1
16 10 11 6
16 14 44 25
16 17 37 17
16 18 1 10
16 20 28 2
16 21 30 12
16 23 5 28
16 24 46 1
17 0 333 1
17 1 3 27
17 2 143 1
17 3 1 28
17 5 6 1
17 6 6 19
17 9 5 8
17 10 276 1
17 12 30 6
17 13 1 18
17 16 7 1
17 18 56 2
17 22 53 3
17 23 40 1
18 1 3 18
18 2 17 3
18 4 15 1
18 6 260 4
18 8 169 1
18 10 129 2
18 11 54 1
18 16 8 1
18 17 205 25
18 21 37 4
19 1 125 2
19 2 5 22
19 4 2 10
19 5 10 1
19 6 1 23
19 7 154 2
19 8 150 1
19 10 44 1
19 17 16 10
19 18 1 13
19 20 8 1
20 0 27 15
20 3 99 1
20 4 4 8
20 7 112 1
20 8 250 2
20 9 1 21
20 11 1 21
20 15 44 2
20 16 113 1
20 17 2 11
20 19 4 28
20 23 2 5
21 2 19 19
21 11 37 23
21 26 1 17
22 0 14 4
22 6 97 1
22 8 161 28
22 9 11 15
22 10 95 1
22 11 40 1
22 14 1 24
22 15 1 5
22 18 15 15
23 0 1 6
23 2 1 13
23 3 10 5
23 4 38 2
23 5 5 5
23 7 104 1
23 10 3 1
23 12 2 24
23 13 1 1
23 20 1 12
23 24 13 6
24 0 144 1
24 1 61 1
24 3 15 1
24 5 49 1
24 7 5 7
24 8 71 1
24 9 66 1
24 10 2 1
24 11 2 15
24 13 6 14
24 15 27 2
24 16 18 4
25 4 88 2
25 6 3 9
25 7 2 1
25 8 12 26
25 9 105 3
25 10 16 3
25 11 15 11
25 12 2 9
25 15 1 19
25 20 1 7
25 23 5 10
25 24 4 1
25 27 37 1
26 0 1 10
26 3 15 1
26 9 68 1
26 11 137 2
26 27 2 21
27 0 80 2
27 1 1 20
27 4 1 6
27 7 1 21
27 8 2 2
27 9 16 8
27 10 157 1
27 11 162 1
27 20 71 19
