0 1 266 5
0 2 8 11
0 3 52 28
0 4 212 1
0 5 35 1
0 6 227 1
0 7 1 10
0 8 234 1
0 9 6 6
0 10 1 16
0 16 154 1
0 17 6 9
0 18 1 9
0 19 91 1
0 20 2 4
0 22 40 4
0 23 26 1
0 24 242 1
1 0 74 1
1 2 18 1
1 3 201 1
1 4 138 1
1 5 83 1
1 6 10 23
1 7 3 18
1 8 40 1
1 9 132 1
1 10 4 26
1 11 349 2
1 12 1 15
1 14 2 25
1 16 256 1
1 17 5 12
1 18 1 8
1 19 222 3
1 20 30 2
1 24 340 3
2 0 339 1
2 1 5 14
2 3 1 1
2 4 61 1
2 6 1 1
2 7 166 1
2 8 112 1
2 9 103 1
2 10 2 23
2 11 2 18
2 12 1 12
2 17 1 21
2 18 53 1
2 19 44 2
2 21 1 24
3 0 120 1
3 1 118 10
3 2 129 1
3 4 110 11
3 5 215 1
3 6 1 7
3 7 155 1
3 8 164 1
3 9 1 25
3 10 333 2
3 11 4 11
3 16 314 1
3 17 243 29
3 20 6 19
3 24 58 1
3 27 1 26
4 1 5 4
4 2 1 18
4 5 207 1
4 6 3 13
4 7 369 2
4 8 280 1
4 9 4 5
4 10 4 18
4 11 240 2
4 12 60 1
4 14 12 2
4 15 2 26
4 17 16 19
4 18 113 20
4 25 1 21
4 27 44 1
5 0 276 1
5 1 224 1
5 3 98 1
5 4 155 1
5 6 21 11
5 7 8 29
5 8 311 1
5 9 75 11
5 10 3 2
5 12 1 7
5 16 260 1
5 17 1 22
5 18 111 3
5 19 1 22
5 20 125 5
5 23 8 1
5 24 370 1
6 1 109 25
6 2 58 1
6 3 5 23
6 4 18 16
6 5 45 1
6 7 234 1
6 8 22 3
6 9 5 25
6 10 150 2
6 12 7 10
6 15 1 1
6 16 6 11
6 17 7 21
6 24 16 2
6 26 11 10
7 0 3 13
7 1 2 24
7 2 245 1
7 3 244 1
7 4 50 2
7 5 130 1
7 6 232 1
7 8 35 24
7 10 7 10
7 11 300 14
7 11 202 1
7 13 2 8
7 14 146 1
7 16 120 2
7 17 100 2
7 20 1 19
7 23 2 26
7 24 2 12
7 25 9 1
7 26 2 10
7 27 3 16
8 0 172 1
8 1 181 6
8 2 48 11
8 3 65 1
8 4 82 20
8 5 321 1
8 6 36 8
8 7 5 9
8 9 321 1
8 10 280 15
8 11 13 29
8 12 5 17
8 13 136 28
8 14 3 5
8 16 209 1
8 17 2 7
8 19 76 4
8 23 23 2
8 24 205 2
8 25 8 1
8 26 1 22
9 1 5 3
9 2 1 11
9 3 1 21
9 4 23 1
9 5 12 7
9 6 194 1
9 7 1 3
9 8 120 27
9 10 185 28
9 11 322 1
9 12 2 14
9 14 40 1
9 16 1 6
9 17 2 13
9 21 74 3
9 27 2 2
10 1 105 1
10 2 1 18
10 3 1 6
10 4 402 2
10 5 2 15
10 6 130 1
10 7 2 11
10 8 18 21
10 9 34 20
10 11 163 1
10 14 1 13
10 15 2 1
10 17 2 2
10 18 79 2
10 20 70 2
10 22 32 3
10 23 2 10
10 24 102 1
10 25 1 8
10 27 25 1
11 1 173 1
11 4 53 2
11 6 227 1
11 7 11 28
11 8 2 9
11 10 11 1
11 12 209 1
11 13 5 4
11 14 134 1
11 15 126 1
11 18 1 16
11 20 1 17
11 21 46 16
11 23 78 1
11 24 163 1
11 25 83 1
11 27 273 2
12 1 1 14
12 2 2 8
12 3 90 6
12 4 240 1
12 7 2 1
12 9 2 11
12 10 2 3
12 14 2 11
12 16 39 4
12 18 2 1
12 20 1 18
12 21 1 21
12 22 1 15
12 23 11 6
12 24 34 1
12 25 81 4
13 4 1 19
13 8 3 25
13 9 62 1
13 10 332 1
13 11 1 20
13 12 168 11
13 17 24 6
13 24 1 14
14 1 65 1
14 3 49 4
14 4 20 3
14 8 247 1
14 9 191 2
14 10 138 1
14 11 4 10
14 12 1 17
14 13 1 20
14 15 8 23
14 18 1 12
14 22 6 4
15 1 4 15
15 4 127 13
15 5 1 2
15 7 7 6
15 8 1 10
15 10 42 1
15 11 208 1
15 17 1 22
15 24 1 26
16 0 96 1
16 1 205 1
16 2 6 2
16 3 4 3
16 4 3 14
16 5 91 11
16 6 1 13
16 8 317 1
16 9 2 14
16 15 13 1
16 17 343 1
16 18 121 1
16 19 1 3
16 24 278 1
16 26 1 4
16 27 19 14
17 0 3 20
17 1 367 1
17 2 3 27
17 3 127 2
17 4 330 1
17 6 1 4
17 7 1 11
17 9 1 9
17 10 1 25
17 12 124 1
17 16 1 4
18 0 1 7
18 4 354 14
18 5 97 1
18 6 3 16
18 16 15 18
18 17 1 13
18 20 87 3
18 21 43 5
18 22 34 17
19 0 3 28
19 1 1 3
19 4 9 6
19 7 1 24
19 8 4 28
19 11 82 1
19 15 12 7
19 20 2 2
20 0 3 4
20 1 86 1
20 2 1 19
20 3 3 6
20 5 80 4
20 7 352 6
20 8 3 16
20 10 96 1
20 15 99 3
20 17 13 1
20 18 1 14
20 19 17 26
20 23 9 19
21 6 16 8
21 12 1 10
21 26 1 3
22 1 23 1
22 4 95 4
22 5 7 17
22 7 20 1
22 9 1 26
22 10 1 18
22 11 4 1
22 13 5 13
22 23 1 4
22 24 7 28
22 27 1 18
23 6 92 20
23 8 88 1
23 9 92 22
23 11 1 12
23 12 22 4
23 15 3 25
23 17 1 12
23 18 4 1
23 20 2 20
23 21 1 2
23 24 25 1
23 26 16 2
24 0 159 1
24 1 101 1
24 3 310 1
24 4 1 2
24 5 132 1
24 7 9 2
24 8 30 1
24 9 122 8
24 10 1 7
24 11 96 1
24 16 272 1
24 17 2 15
24 22 2 2
24 25 28 4
25 1 1 23
25 2 1 9
25 8 1 9
25 10 270 1
25 14 38 12
25 15 21 2
25 18 1 5
25 26 1 3
26 10 41 1
26 19 4 28
26 20 1 15
26 27 99 1
27 10 1 1
27 11 9 25
27 13 1 17
27 17 1 21
27 21 1 22
27 22 6 6
27 24 1 4
27 25 19 3
27 26 65 3
