0 1 9 1
0 2 1 16
0 3 134 18
0 4 6 25
0 5 6 23
0 6 2 1
0 7 140 1
0 8 79 15
0 10 194 1
0 12 33 3
0 13 2 24
0 14 105 1
0 16 80 16
0 19 30 1
0 24 23 2
0 25 2 26
0 27 93 13
1 0 213 6
1 2 6 22
1 3 6 21
1 4 349 1
1 5 5 23
1 6 16 8
1 7 421 1
1 8 149 22
1 9 4 15
1 10 244 3
1 11 24 3
1 13 19 3
1 14 123 1
1 16 6 21
1 17 9 1
1 18 3 1
1 20 3 8
1 21 33 14
1 24 6 1
1 25 127 7
2 0 1 10
2 1 3 23
2 3 26 25
2 5 3 10
2 6 1 15
2 7 2 14
2 8 9 1
2 9 7 20
2 10 25 1
2 11 186 1
2 12 81 24
2 17 174 1
2 20 23 1
3 0 21 29
3 1 41 23
3 2 103 1
3 4 212 1
3 5 29 13
3 6 284 1
3 7 259 1
3 8 5 7
3 11 227 1
3 16 17 23
3 17 55 1
3 20 50 2
3 24 56 27
3 25 43 13
4 0 4 20
4 1 2 11
4 2 296 1
4 3 41 4
4 5 124 1
4 6 131 1
4 7 51 2
4 8 39 19
4 9 11 2
4 10 67 2
4 14 1 18
4 15 5 21
4 16 99 2
4 18 92 1
5 0 47 10
5 1 37 13
5 2 3 3
5 3 6 2
5 4 349 29
5 6 256 1
5 7 249 1
5 8 17 1
5 9 77 4
5 10 3 18
5 11 20 23
5 12 82 1
5 16 101 10
5 18 1 25
5 19 25 5
5 24 195 23
6 0 101 1
6 1 230 1
6 2 86 1
6 3 24 1
6 4 2 17
6 5 169 1
6 7 4 24
6 8 8 1
6 9 10 27
6 10 60 7
6 11 91 1
6 12 269 1
6 13 52 2
6 16 2 12
6 20 13 3
6 21 2 12
6 24 1 13
6 27 1 3
7 0 373 1
7 1 61 13
7 2 1 11
7 3 357 1
7 5 2 8
7 6 5 19
7 8 3 7
7 9 41 1
7 10 193 1
7 11 21 20
7 12 1 15
7 13 165 2
7 14 1 29
7 15 301 1
7 18 32 5
7 21 3 24
7 22 162 1
7 23 166 1
7 24 33 2
7 25 10 7
7 27 177 1
8 0 7 9
8 1 93 5
8 2 118 19
8 3 50 11
8 4 239 1
8 5 7 24
8 6 291 2
8 9 2 25
8 10 315 1
8 11 57 1
8 12 28 1
8 13 179 2
8 14 48 1
8 16 35 10
8 17 197 10
8 22 2 1
8 23 1 9
8 24 74 20
8 25 1 4
8 27 1 16
9 0 70 1
9 1 193 1
9 2 65 2
9 4 33 1
9 5 214 1
9 6 73 1
9 8 46 1
9 10 79 1
9 11 1 27
9 12 87 1
9 13 71 3
9 15 136 2
9 16 1 23
9 17 247 2
9 18 49 1
9 20 163 1
9 22 1 9
9 23 2 5
9 25 1 21
10 0 233 1
10 1 1 28
10 2 1 1
10 5 290 1
10 6 112 2
10 7 173 1
10 8 361 1
10 9 265 9
10 11 59 11
10 12 1 19
10 13 304 12
10 14 2 1
10 15 361 1
10 17 194 1
10 19 1 1
10 20 1 13
10 21 6 6
10 22 1 7
10 23 188 2
10 24 3 29
10 25 244 2
10 26 30 13
10 27 1 4
11 0 209 1
11 1 2 11
11 4 14 24
11 5 151 13
11 6 18 2
11 7 6 23
11 8 39 22
11 9 1 28
11 10 102 1
11 13 3 10
11 14 1 7
11 15 19 1
11 17 1 17
11 20 276 2
11 23 3 17
11 24 5 25
11 26 1 5
12 0 23 27
12 1 1 10
12 2 92 2
12 5 100 3
12 6 1 27
12 8 1 13
12 9 55 1
12 10 1 18
12 11 64 1
12 13 111 1
12 14 62 1
13 2 1 2
13 7 83 1
13 8 152 1
13 9 1 12
13 10 4 2
13 11 115 1
13 14 6 15
13 15 1 29
13 18 42 1
13 20 1 26
13 22 1 1
13 24 21 4
14 4 1 17
14 5 1 21
14 6 33 1
14 7 125 1
14 8 3 10
14 9 3 16
14 10 74 1
14 11 14 22
14 12 108 1
14 15 33 1
14 22 11 23
14 23 5 8
14 27 2 19
15 3 1 13
15 4 63 2
15 6 11 25
15 7 35 1
15 8 235 2
15 10 23 16
15 13 1 6
15 14 3 3
15 19 5 29
15 22 10 6
15 23 30 1
15 25 1 1
15 26 3 4
16 0 6 7
16 1 28 19
16 3 41 13
16 4 1 17
16 5 83 12
16 6 1 1
16 8 6 25
16 9 4 2
16 17 2 19
16 18 104 8
16 22 17 4
16 24 6 28
17 0 283 1
17 1 6 26
17 2 99 1
17 3 9 14
17 5 7 11
17 8 278 2
17 9 236 3
17 10 9 11
17 11 1 6
17 12 22 1
17 13 1 5
17 16 1 9
17 18 34 2
17 20 1 3
17 22 1 17
17 26 11 27
18 0 198 4
18 1 49 27
18 2 10 5
18 3 1 10
18 5 1 19
18 6 245 2
18 8 142 1
18 9 181 3
18 11 43 6
18 12 22 28
18 17 220 2
19 0 2 27
19 1 89 1
19 2 1 29
19 3 36 1
19 4 1 26
19 5 7 1
19 6 1 27
19 7 136 2
19 8 11 1
19 17 10 11
19 20 2 19
20 0 290 1
20 5 4 14
20 6 97 2
20 7 76 1
20 8 222 1
20 9 1 7
20 11 10 10
20 13 2 22
20 19 3 26
21 3 2 25
21 7 19 2
21 12 103 4
21 18 32 14
21 20 1 25
21 22 7 24
21 24 2 11
22 3 28 14
22 6 88 2
22 7 3 26
22 9 91 8
22 10 68 3
22 12 21 4
22 20 1 21
23 7 75 2
23 11 208 3
23 12 3 15
23 14 1 24
23 15 2 9
23 21 16 1
23 24 15 7
24 0 49 19
24 1 35 25
24 3 6 18
24 5 52 28
24 7 88 20
24 8 60 25
24 9 56 1
24 11 46 19
24 12 81 6
24 16 60 4
24 20 20 1
24 22 33 26
24 25 3 17
24 26 8 7
25 4 80 1
25 9 98 5
25 11 29 17
25 12 1 7
25 14 27 1
25 17 100 6
25 18 49 19
25 20 20 11
25 23 1 4
25 24 19 21
25 27 17 1
26 4 1 2
26 6 34 6
26 21 1 15
26 25 16 6
27 3 1 23
27 6 75 5
27 7 1 18
27 9 2 6
27 11 118 2
27 15 24 2
27 26 4 29
