0 2 4 21
0 3 82 14
0 4 3 10
0 5 12 11
0 6 5 18
0 7 124 1
0 8 366 1
0 9 163 1
0 10 187 2
0 11 11 26
0 16 63 1
0 17 321 1
0 19 19 22
0 24 128 17
1 0 34 1
1 2 39 8
1 3 94 19
1 4 244 1
1 5 16 1
1 6 4 14
1 7 409 1
1 8 11 1
1 9 1 2
1 10 240 7
1 11 20 2
1 12 20 28
1 13 18 2
1 15 109 5
1 16 25 20
1 17 9 20
1 18 235 2
1 19 1 21
1 20 1 28
1 21 11 5
1 24 40 13
1 27 19 17
2 0 6 23
2 1 9 19
2 3 32 29
2 4 4 28
2 6 29 7
2 7 9 22
2 8 1 1
2 10 18 1
2 12 10 29
2 14 1 24
2 16 1 2
2 17 165 1
2 20 20 1
3 0 73 1
3 1 371 20
3 2 12 1
3 4 205 1
3 5 345 4
3 6 278 4
3 7 45 5
3 8 197 5
3 8 71 21
3 8 399 1
3 9 111 2
3 11 209 1
3 15 6 24
3 16 12 1
3 20 43 1
3 23 39 28
3 24 63 1
3 25 2 4
4 0 4 17
4 1 3 21
4 2 289 1
4 3 20 15
4 5 53 1
4 6 103 1
4 8 44 17
4 9 5 1
4 10 402 1
4 15 21 22
4 16 93 2
4 18 74 1
4 23 56 1
4 24 10 13
4 26 44 6
5 0 373 4
5 1 50 17
5 2 65 15
5 3 30 1
5 4 115 1
5 6 306 1
5 7 237 1
5 8 41 21
5 9 46 19
5 10 2 15
5 12 74 1
5 13 3 24
5 16 31 25
5 17 5 25
5 21 13 3
5 24 52 21
6 0 88 1
6 1 208 1
6 2 77 1
6 3 18 2
6 4 12 16
6 5 61 1
6 7 2 5
6 8 19 5
6 9 161 7
6 10 3 3
6 11 80 1
6 12 60 1
6 14 1 15
6 16 2 19
6 17 320 1
6 18 3 19
6 20 11 3
6 21 2 15
6 22 97 3
6 25 1 23
6 27 2 11
7 0 13 1
7 1 330 27
7 2 1 7
7 3 188 1
7 4 21 22
7 5 1 29
7 6 6 15
7 8 3 24
7 10 250 1
7 11 151 1
7 15 281 1
7 17 3 24
7 18 30 2
7 19 43 1
7 20 334 1
7 23 160 1
7 24 27 1
7 25 315 1
7 26 133 4
7 27 172 1
8 0 59 1
8 1 428 21
8 2 5 26
8 3 16 25
8 4 177 1
8 5 49 17
8 6 135 8
8 7 1 13
8 9 2 8
8 10 171 1
8 11 43 1
8 12 24 2
8 13 173 2
8 14 260 1
8 16 126 3
8 17 1 14
8 20 107 1
8 24 13 20
8 25 1 26
8 27 2 17
9 0 1 24
9 1 179 1
9 2 60 1
9 4 22 1
9 5 238 1
9 6 262 1
9 7 2 16
9 8 127 1
9 10 66 1
9 11 5 27
9 12 67 1
9 14 3 16
9 15 134 1
9 16 61 2
9 18 44 3
9 21 6 2
9 22 16 12
10 1 22 14
10 5 270 1
10 6 331 1
10 7 153 1
10 8 324 1
10 9 240 1
10 11 6 28
10 12 1 4
10 13 306 2
10 15 12 1
10 17 189 1
10 20 1 26
10 21 2 6
10 23 184 4
10 24 13 20
10 25 18 27
11 0 199 1
11 1 4 23
11 2 142 12
11 4 9 21
11 5 1 16
11 6 4 7
11 7 136 1
11 8 32 13
11 9 1 7
11 10 66 1
11 12 14 3
11 13 168 28
11 15 72 1
11 17 1 23
11 21 103 9
11 23 3 25
11 25 2 11
12 1 3 18
12 2 90 2
12 5 6 1
12 6 1 18
12 9 39 1
12 10 279 5
12 11 60 2
12 13 136 1
12 14 56 1
12 15 121 3
12 17 133 2
12 18 139 10
12 21 11 3
12 23 20 15
13 1 120 10
13 4 13 13
13 7 78 3
13 9 1 2
13 10 3 9
13 11 106 1
13 14 14 9
13 25 1 14
13 26 1 25
14 1 1 7
14 2 22 8
14 4 1 2
14 5 2 29
14 6 28 1
14 7 115 1
14 8 32 23
14 9 1 25
14 10 123 1
14 11 10 28
14 15 50 8
14 17 58 5
15 3 1 17
15 4 61 1
15 6 1 27
15 8 232 2
15 10 1 18
15 11 1 19
15 12 36 4
15 14 36 25
15 22 10 2
16 0 13 6
16 1 143 2
16 3 120 1
16 5 74 10
16 6 2 4
16 8 435 1
16 13 37 7
16 17 30 28
16 18 2 27
16 22 6 8
16 24 18 1
17 0 272 1
17 1 173 4
17 2 90 2
17 3 4 25
17 5 19 27
17 7 6 10
17 8 270 1
17 9 234 2
17 10 8 2
17 11 2 12
17 12 20 3
17 19 72 3
17 20 10 21
17 21 65 27
17 22 1 11
17 23 34 8
18 1 1 7
18 3 1 25
18 5 2 12
18 6 241 3
18 9 178 2
18 10 107 1
18 11 41 5
18 20 23 4
19 0 8 20
19 3 34 2
19 4 9 21
19 17 59 13
19 20 3 3
20 0 278 1
20 1 1 19
20 2 8 3
20 3 47 1
20 4 1 7
20 6 93 1
20 8 216 1
20 9 3 15
20 11 2 8
20 19 237 18
20 21 34 6
20 23 2 2
20 26 4 5
21 10 1 25
21 12 102 1
21 13 12 23
21 17 1 22
21 24 23 11
22 8 1 28
22 9 11 22
22 10 63 2
22 12 18 1
22 14 2 27
22 20 2 23
22 21 4 16
23 0 1 24
23 1 1 28
23 11 37 1
23 12 3 20
23 24 1 19
24 0 208 2
24 1 105 1
24 3 116 10
24 5 35 10
24 7 1 11
24 8 31 1
24 9 53 4
24 10 237 2
24 11 71 1
24 13 20 16
24 15 17 1
24 16 257 3
24 20 18 4
24 21 1 14
24 23 5 25
24 27 2 6
25 0 21 11
25 1 130 10
25 7 1 10
25 8 7 1
25 9 96 2
25 11 247 16
25 19 14 9
25 27 13 3
26 4 13 25
26 12 1 8
26 14 28 2
26 17 10 7
26 18 36 1
26 25 15 3
26 27 4 12
27 4 2 6
27 7 1 25
27 9 4 26
27 10 140 2
27 16 29 5
27 26 1 11
