0 1 193 1
0 2 5 21
0 3 42 1
0 4 1 22
0 5 46 13
0 6 6 12
0 7 119 1
0 8 256 1
0 9 161 1
0 12 30 1
0 13 1 5
0 16 248 18
0 17 318 1
0 19 251 1
0 21 2 13
0 24 117 1
0 26 38 2
1 0 275 15
1 0 241 1
1 2 110 15
1 3 73 27
1 4 231 1
1 5 33 1
1 6 28 10
1 7 405 1
1 8 111 21
1 9 2 17
1 12 1 19
1 13 17 8
1 16 406 3
1 17 18 10
1 18 50 3
1 21 33 15
1 22 54 1
1 24 64 1
2 0 2 21
2 1 50 20
2 3 165 1
2 4 92 29
2 6 2 28
2 7 113 10
2 9 1 4
2 10 15 2
2 11 172 1
2 17 162 1
2 20 19 1
3 0 94 1
3 1 132 1
3 2 69 1
3 4 202 1
3 5 388 2
3 6 277 2
3 7 197 6
3 8 403 28
3 9 110 2
3 11 203 1
3 12 8 1
3 16 184 3
3 17 48 1
3 20 40 1
3 24 17 1
3 25 2 1
4 0 26 24
4 1 6 15
4 2 286 1
4 3 1 11
4 5 108 19
4 6 94 1
4 7 43 1
4 8 6 19
4 9 4 1
4 12 21 24
4 16 91 1
4 17 2 29
4 18 68 1
4 19 62 11
4 21 4 2
4 24 57 26
4 27 4 7
5 0 359 11
5 1 3 12
5 3 66 10
5 4 87 1
5 6 294 1
5 7 233 1
5 8 349 1
5 9 8 21
5 10 10 14
5 11 1 10
5 12 71 1
5 14 2 13
5 16 125 18
5 21 12 9
5 24 141 1
5 26 3 1
6 0 84 1
6 1 192 1
6 2 74 1
6 3 16 2
6 4 7 24
6 5 27 1
6 7 5 9
6 8 41 19
6 9 5 3
6 10 4 16
6 11 76 1
6 12 266 1
6 14 2 23
6 16 1 26
6 17 317 1
6 22 96 4
7 0 77 1
7 1 56 1
7 2 12 8
7 3 111 1
7 4 3 16
7 5 1 26
7 6 3 5
7 8 4 22
7 9 33 1
7 10 243 1
7 11 36 24
7 12 17 19
7 14 35 4
7 15 274 1
7 17 2 2
7 18 29 5
7 20 332 2
7 23 158 2
7 24 25 1
7 25 9 23
7 26 133 1
7 27 171 1
8 0 52 1
8 1 45 1
8 2 5 7
8 3 147 2
8 4 236 1
8 5 213 2
8 6 257 1
8 7 3 11
8 9 10 3
8 10 153 1
8 11 39 1
8 12 23 1
8 13 171 2
8 14 257 2
8 16 176 1
8 17 266 7
8 18 1 16
8 20 105 2
8 22 1 1
8 23 1 18
8 24 110 1
8 25 4 20
8 27 2 20
9 0 72 8
9 1 174 1
9 2 58 1
9 4 18 1
9 5 208 1
9 6 49 1
9 7 16 5
9 8 119 1
9 10 42 1
9 11 1 9
9 12 61 1
9 13 66 3
9 16 1 29
9 19 59 1
9 25 1 20
10 1 4 10
10 5 263 1
10 6 323 1
10 7 146 1
10 8 249 1
10 9 215 1
10 11 3 14
10 12 2 20
10 15 10 1
10 16 137 1
10 17 187 2
10 20 2 11
10 21 1 8
10 22 2 13
10 23 183 1
10 25 242 1
11 0 195 2
11 2 2 2
11 3 8 1
11 5 1 10
11 6 1 12
11 7 317 23
11 8 144 1
11 9 3 4
11 10 355 1
11 13 13 15
11 14 237 19
11 15 58 1
11 20 273 5
11 23 1 27
11 24 2 12
11 25 127 8
12 2 90 1
12 5 121 5
12 6 1 9
12 7 197 19
12 9 34 1
12 10 32 28
12 13 134 2
12 15 121 1
12 21 106 10
12 23 1 16
12 25 24 1
13 5 1 1
13 6 10 1
13 9 4 12
13 10 31 29
13 11 103 1
13 14 2 14
13 18 41 9
13 20 8 18
13 23 11 4
14 0 69 2
14 2 1 24
14 4 1 25
14 5 3 23
14 8 3 4
14 9 4 1
14 10 109 1
14 11 3 15
14 12 87 1
14 13 2 20
14 15 22 1
14 20 87 5
14 25 46 1
14 27 1 1
15 6 1 24
15 7 21 2
15 8 231 1
15 9 14 2
15 10 23 2
15 11 1 14
15 12 58 13
15 13 1 1
15 14 1 9
15 16 3 4
15 17 20 28
15 19 1 25
15 23 26 2
16 0 43 15
16 1 337 1
16 3 113 17
16 5 129 1
16 6 3 7
16 8 38 9
16 10 2 28
16 17 193 17
16 21 29 1
16 23 2 10
16 24 19 3
16 27 5 12
17 0 268 1
17 1 176 21
17 2 87 1
17 3 2 20
17 4 2 20
17 5 156 1
17 7 7 14
17 14 1 20
17 16 1 2
17 18 29 1
17 20 1 10
17 22 1 9
17 24 1 16
18 4 1 15
18 6 240 1
18 7 170 3
18 9 177 1
18 16 1 28
18 17 215 1
18 20 23 1
18 21 35 10
18 23 16 16
19 0 8 28
19 1 79 2
19 2 6 4
19 6 18 13
19 8 7 2
19 12 72 27
19 20 8 5
19 26 1 28
20 0 273 1
20 1 1 16
20 2 8 1
20 3 44 1
20 4 1 16
20 6 91 1
20 7 67 2
20 11 1 27
20 17 6 12
20 19 3 8
20 23 1 5
20 25 1 16
20 27 9 17
21 5 2 16
21 9 76 1
21 12 101 1
21 25 6 8
22 7 26 7
22 8 163 1
22 10 61 1
22 12 17 3
22 14 2 3
22 23 25 1
23 0 2 23
23 1 9 11
23 4 30 1
23 7 68 1
23 11 34 1
23 12 2 8
23 14 1 2
23 17 69 12
23 22 2 13
23 26 32 10
24 0 19 10
24 1 65 1
24 3 285 1
24 5 287 1
24 7 12 12
24 8 148 1
24 9 53 1
24 10 7 2
24 14 8 20
24 16 310 1
24 20 18 6
24 21 8 8
24 23 2 22
24 26 5 21
25 0 1 13
25 2 3 15
25 9 95 3
25 10 1 3
25 12 1 21
25 16 1 17
25 26 3 5
25 27 12 2
26 4 1 9
26 11 112 2
26 13 1 27
26 17 1 22
26 18 35 1
26 24 1 13
27 4 1 25
27 7 14 22
27 24 2 11
27 26 6 18
