0 1 128 1
0 2 1 25
0 3 113 1
0 4 109 9
0 5 176 1
0 6 1 16
0 7 112 1
0 8 188 1
0 9 158 2
0 11 1 7
0 12 29 5
0 13 1 3
0 16 109 1
0 17 314 1
0 19 245 1
0 24 2 28
0 25 106 28
1 0 334 1
1 2 6 15
1 3 72 17
1 4 72 1
1 5 309 1
1 6 38 11
1 7 400 1
1 8 125 20
1 9 2 27
1 10 239 2
1 11 17 2
1 12 1 26
1 15 108 1
1 16 431 1
1 17 5 23
1 20 2 9
1 24 53 29
2 0 2 9
2 1 1 22
2 3 58 11
2 4 21 7
2 5 5 17
2 6 4 18
2 7 3 3
2 9 1 21
2 10 13 1
2 11 168 1
2 12 2 12
2 17 158 1
2 22 6 18
2 23 2 16
2 24 1 29
3 0 335 1
3 1 87 27
3 2 49 1
3 4 199 1
3 5 345 2
3 7 25 18
3 8 187 3
3 9 108 1
3 11 196 1
3 12 4 16
3 14 33 1
3 15 1 20
3 16 133 1
3 17 46 1
3 20 37 1
3 24 40 1
3 25 1 28
3 27 33 19
4 0 1 28
4 1 3 29
4 2 283 1
4 5 309 1
4 6 83 1
4 7 41 1
4 8 4 16
4 10 397 1
4 12 62 26
4 13 15 2
4 14 9 24
4 15 5 8
4 16 89 1
4 18 62 1
4 19 2 16
5 0 49 5
5 1 27 1
5 3 166 2
5 4 71 1
5 6 181 1
5 7 228 1
5 8 288 1
5 9 15 15
5 10 1 14
5 12 67 1
5 13 2 15
5 14 9 4
5 16 30 7
5 17 1 4
5 18 1 11
5 19 23 12
5 24 24 1
6 0 79 1
6 1 217 1
6 2 317 1
6 4 2 28
6 5 5 1
6 7 4 8
6 8 35 18
6 9 79 8
6 10 8 24
6 11 72 1
6 12 263 2
6 13 46 3
6 14 1 27
6 15 7 1
6 17 313 1
6 18 1 2
6 19 54 2
6 21 1 21
6 25 69 19
6 27 1 2
7 0 72 1
7 1 51 1
7 2 1 10
7 3 95 1
7 4 1 9
7 5 1 12
7 6 5 14
7 8 10 16
7 9 30 1
7 10 234 1
7 11 139 15
7 12 45 9
7 14 2 8
7 15 266 1
7 17 2 2
7 18 28 4
7 19 40 4
7 22 158 5
7 23 156 1
7 24 23 1
7 25 61 1
7 26 132 1
8 0 278 21
8 1 375 4
8 2 5 8
8 3 99 14
8 4 227 1
8 5 61 10
8 6 325 1
8 7 5 28
8 9 4 14
8 10 125 3
8 11 34 1
8 12 20 1
8 13 169 1
8 14 253 1
8 16 94 1
8 17 7 10
8 23 1 10
8 24 101 1
8 25 1 23
8 26 112 6
8 27 1 22
9 0 1 10
9 1 169 1
9 2 56 2
9 4 15 1
9 5 16 1
9 6 25 1
9 7 16 17
9 8 108 8
9 10 62 1
9 12 53 1
9 14 57 5
9 15 131 1
9 16 1 13
9 17 1 3
9 22 1 28
9 25 2 20
9 27 1 25
10 1 1 16
10 5 254 1
10 6 404 1
10 7 138 1
10 8 299 1
10 9 184 1
10 11 3 11
10 12 8 27
10 14 1 24
10 18 2 26
10 19 1 4
10 21 1 3
10 22 1 17
10 27 7 4
11 0 191 1
11 1 5 15
11 2 1 28
11 3 151 9
11 6 36 29
11 7 41 6
11 8 133 15
11 9 1 29
11 10 339 1
11 13 1 22
11 15 48 1
11 17 2 8
11 20 272 3
11 21 103 13
11 25 290 1
11 26 1 27
12 0 1 9
12 1 7 28
12 5 121 1
12 6 2 3
12 8 1 26
12 9 28 1
12 10 24 16
12 13 6 10
12 14 51 2
12 15 119 3
12 19 30 2
12 21 1 9
12 23 5 21
13 4 1 1
13 10 20 13
13 11 100 1
13 14 14 8
13 22 1 2
13 25 1 14
14 0 69 1
14 1 2 24
14 2 3 21
14 4 1 1
14 5 1 13
14 8 1 25
14 9 11 9
14 10 93 1
14 11 2 23
14 12 104 2
14 13 67 2
14 15 65 1
14 19 1 26
14 20 87 1
14 21 1 1
14 22 1 8
14 24 49 2
14 26 33 23
15 3 1 24
15 4 59 2
15 6 1 4
15 10 2 8
15 11 2 22
15 12 7 17
15 14 1 4
15 23 25 1
15 24 7 7
15 25 34 1
15 26 2 24
16 0 203 1
16 1 42 15
16 3 6 12
16 4 245 18
16 5 18 6
16 8 350 1
16 9 5 18
16 17 3 13
16 18 3 1
16 19 1 19
16 22 6 29
16 24 1 16
17 0 263 1
17 1 187 21
17 2 84 1
17 3 1 17
17 8 264 1
17 12 19 1
17 16 1 13
17 18 27 2
17 20 1 3
17 27 10 6
18 1 1 16
18 4 1 13
18 6 238 2
18 7 169 2
18 8 132 1
18 9 175 3
18 11 40 2
18 13 11 3
18 14 22 1
18 17 213 1
18 19 57 5
18 20 23 1
19 0 1 6
19 1 76 2
19 2 1 14
19 4 1 24
19 6 3 24
19 10 30 4
19 20 11 26
20 0 268 1
20 3 41 1
20 6 89 3
20 8 211 1
20 9 19 13
20 19 35 7
20 23 1 28
20 26 3 23
21 5 1 21
21 14 7 4
22 10 59 1
22 11 7 8
22 14 1 27
22 19 1 10
22 20 1 15
22 23 1 6
22 24 32 7
23 0 2 13
23 1 1 18
23 6 113 7
23 9 75 1
23 11 198 1
23 14 1 2
23 20 1 2
23 25 1 15
24 0 205 1
24 1 24 1
24 3 222 6
24 5 240 2
24 7 1 1
24 8 313 1
24 15 15 6
24 16 243 1
24 25 2 27
24 27 18 8
25 0 1 4
25 1 1 20
25 3 34 4
25 4 77 1
25 7 2 6
25 9 94 3
25 19 14 8
25 20 6 26
25 24 20 28
25 26 5 15
25 27 10 3
26 1 62 19
26 3 11 8
26 5 1 8
26 9 62 5
26 24 1 28
26 25 14 2
27 7 1 9
27 11 103 1
27 15 1 7
27 26 1 14
