0 1 323 15
0 2 7 25
0 3 93 1
0 4 3 4
0 5 192 1
0 6 1 17
0 7 109 1
0 8 132 1
0 10 180 1
0 11 83 17
0 13 8 18
0 14 102 1
0 16 78 3
0 17 311 1
0 19 242 1
0 20 342 14
0 24 82 1
0 27 101 10
1 0 297 1
1 2 93 27
1 3 69 2
1 4 61 10
1 5 256 6
1 6 13 19
1 7 396 1
1 8 99 13
1 9 48 17
1 10 15 1
1 11 16 3
1 12 4 16
1 13 17 1
1 16 388 12
1 17 2 4
1 20 1 27
1 24 36 14
1 25 6 1
2 0 1 21
2 1 5 5
2 4 26 14
2 5 1 10
2 6 1 14
2 7 5 2
2 8 1 19
2 9 2 24
2 10 11 3
2 11 165 1
2 12 82 10
2 14 1 6
2 16 5 20
2 17 156 1
2 20 16 3
2 25 21 1
2 27 12 2
3 0 267 1
3 1 54 1
3 2 38 2
3 4 197 2
3 5 306 1
3 6 48 1
3 7 185 1
3 8 166 1
3 11 192 1
3 16 97 2
3 17 44 2
3 24 342 1
3 25 17 8
4 1 13 10
4 2 281 1
4 5 298 1
4 6 77 1
4 7 39 2
4 8 11 12
4 10 395 1
4 11 15 1
4 13 4 29
4 14 1 5
4 16 87 1
4 17 4 26
4 18 58 1
4 23 55 1
4 25 105 6
5 0 25 1
5 1 170 16
5 3 152 1
5 4 61 1
5 6 68 1
5 7 225 1
5 8 287 1
5 9 7 3
5 10 29 6
5 11 11 3
5 12 65 2
5 14 1 7
5 15 1 25
5 16 128 1
5 22 23 26
5 24 285 1
6 0 76 1
6 1 204 1
6 2 314 1
6 4 20 8
6 5 2 1
6 7 29 23
6 8 19 3
6 9 10 6
6 10 3 28
6 11 69 2
6 12 261 2
6 13 45 1
6 14 1 12
6 17 311 1
6 19 54 1
6 22 95 5
6 23 4 22
7 0 68 1
7 1 47 1
7 2 13 10
7 3 85 1
7 4 76 22
7 5 4 13
7 6 3 12
7 8 19 24
7 9 29 2
7 10 186 1
7 11 59 15
7 13 156 1
7 14 5 18
7 15 261 1
7 17 7 29
7 21 15 9
7 23 154 2
7 24 21 1
7 25 60 1
7 27 167 3
8 0 13 3
8 1 81 25
8 2 9 13
8 3 133 6
8 4 222 1
8 5 88 12
8 6 207 1
8 7 4 14
8 9 7 25
8 10 432 1
8 11 31 1
8 12 19 1
8 13 167 1
8 14 250 1
8 16 55 1
8 17 4 22
8 19 1 23
8 20 101 1
8 21 24 1
8 24 145 1
8 25 2 9
8 27 1 7
9 0 72 26
9 1 166 1
9 2 55 1
9 3 172 1
9 4 13 1
9 5 171 7
9 6 242 1
9 7 1 15
9 8 20 1
9 10 20 1
9 11 1 6
9 12 49 1
9 14 2 22
9 16 1 18
9 17 1 1
9 18 41 1
9 20 160 11
9 22 16 25
9 26 69 15
9 27 1 18
10 0 219 1
10 1 1 24
10 3 32 28
10 5 249 1
10 6 397 1
10 7 133 1
10 8 278 1
10 9 166 1
10 11 84 4
10 12 287 29
10 14 1 11
10 16 135 8
10 17 184 1
10 19 1 28
10 21 16 12
10 25 238 3
10 26 12 26
10 27 4 6
11 0 189 1
11 1 11 12
11 2 146 9
11 4 14 6
11 5 1 6
11 6 5 19
11 7 5 1
11 8 33 13
11 9 1 10
11 10 329 1
11 15 39 1
11 16 79 1
11 17 1 24
11 18 168 5
11 20 272 2
11 23 18 20
11 24 145 28
11 25 126 15
11 27 1 22
12 2 88 3
12 3 9 3
12 5 120 2
12 6 3 14
12 7 1 5
12 9 25 1
12 10 6 18
12 11 56 1
12 13 108 1
12 15 119 1
12 23 1 24
12 25 24 1
13 4 3 29
13 6 9 1
13 7 73 3
13 8 9 2
13 9 1 2
13 10 11 5
13 11 98 1
13 14 8 21
13 23 10 4
13 24 20 14
14 4 1 5
14 5 41 24
14 7 105 1
14 8 1 24
14 10 83 1
14 11 29 18
14 12 103 1
14 13 66 26
14 15 62 1
14 17 57 1
15 1 109 1
15 4 58 4
15 11 2 9
16 0 146 19
16 1 45 1
16 3 264 1
16 5 344 1
16 8 27 24
16 17 2 21
16 19 1 7
16 24 298 1
17 0 260 1
17 1 2 11
17 3 14 29
17 5 1 14
17 7 1 9
17 8 262 2
17 11 2 23
17 19 69 4
17 20 148 7
17 24 5 20
17 27 33 16
18 0 196 6
18 1 58 22
18 2 7 5
18 3 18 22
18 4 1 14
18 5 2 23
18 6 237 2
18 7 169 1
18 8 131 1
18 9 174 1
18 11 39 4
18 13 11 1
18 14 21 6
18 16 2 17
18 17 212 1
18 24 5 11
18 27 6 28
19 0 1 26
19 3 31 5
19 5 5 17
19 7 128 1
19 8 142 3
19 20 3 8
19 22 7 5
20 0 265 1
20 3 39 1
20 4 15 12
20 6 88 2
20 7 63 2
20 8 210 1
20 11 4 11
20 16 108 4
20 17 1 27
20 19 9 26
20 22 5 13
21 12 99 1
21 17 2 10
21 22 7 13
21 25 6 10
22 4 55 1
22 7 5 7
22 10 58 2
22 12 16 1
23 1 14 19
23 4 30 1
23 5 6 19
23 7 64 1
23 11 195 6
23 12 2 24
23 14 1 16
23 15 1 5
23 24 3 28
23 25 1 8
24 0 157 1
24 1 361 1
24 3 91 2
24 5 12 21
24 8 273 2
24 10 6 11
24 13 5 2
24 16 185 9
24 21 8 17
24 23 1 26
24 25 1 10
24 26 1 1
25 2 43 12
25 9 94 1
25 11 82 1
25 12 13 3
25 13 5 1
25 27 10 1
26 0 2 2
26 6 1 5
26 8 68 1
26 10 1 26
26 15 28 1
26 23 29 1
26 27 33 1
27 3 1 12
27 6 72 2
27 7 8 5
27 10 137 1
27 11 101 1
27 25 1 3
27 26 1 9
