0 1 369 1
0 2 1 1
0 3 76 21
0 4 7 3
0 5 171 1
0 6 1 10
0 7 107 1
0 8 413 1
0 9 156 1
0 10 179 2
0 11 1 20
0 14 101 7
0 16 38 1
0 17 310 1
0 19 241 1
0 21 53 7
0 24 88 1
1 0 271 1
1 2 138 3
1 3 264 2
1 4 62 1
1 5 212 1
1 6 11 23
1 7 395 1
1 8 296 1
1 9 4 13
1 10 15 1
1 13 16 5
1 15 107 1
1 16 204 1
1 17 3 20
1 20 7 15
1 23 76 1
1 24 27 2
1 25 6 3
1 26 1 13
2 0 2 24
2 1 1 21
2 3 29 1
2 4 2 21
2 5 1 20
2 6 6 14
2 7 7 11
2 9 4 25
2 11 165 1
2 14 27 29
2 17 155 1
2 25 20 3
3 0 266 1
3 1 57 1
3 2 3 9
3 5 286 1
3 6 47 2
3 7 182 1
3 8 145 29
3 9 107 1
3 11 190 1
3 16 1 27
3 20 35 1
3 22 1 5
3 23 1 14
3 24 322 1
3 25 1 18
4 0 2 23
4 1 17 18
4 2 280 2
4 5 294 1
4 6 75 1
4 8 56 2
4 9 1 2
4 10 394 1
4 11 15 2
4 12 1 20
4 13 2 19
4 15 89 13
4 16 87 1
4 18 57 1
4 19 2 2
4 23 54 4
4 24 11 28
5 0 4 17
5 1 219 1
5 3 131 8
5 4 58 1
5 6 46 1
5 7 224 1
5 8 367 1
5 9 16 20
5 10 4 21
5 11 1 8
5 14 13 14
5 15 26 5
5 16 107 1
5 17 1 1
5 18 1 16
5 21 12 1
5 24 275 2
6 0 75 1
6 1 200 1
6 2 313 1
6 3 12 3
6 4 14 1
6 5 2 1
6 7 7 26
6 8 20 9
6 9 20 20
6 10 8 11
6 13 45 2
6 14 4 13
6 16 1 11
6 17 310 1
6 18 1 12
6 19 53 4
6 20 9 7
6 24 1 13
6 25 2 28
7 0 67 1
7 1 46 1
7 2 8 5
7 3 82 1
7 4 1 11
7 5 1 2
7 6 12 25
7 8 7 8
7 10 184 1
7 11 107 12
7 12 1 3
7 13 156 1
7 14 4 23
7 15 259 1
7 18 28 1
7 19 39 3
7 20 329 3
7 24 21 1
7 25 59 3
7 26 131 2
8 0 33 2
8 1 357 2
8 2 92 28
8 3 313 1
8 4 220 1
8 5 77 1
8 6 183 1
8 7 5 11
8 9 3 4
8 10 178 2
8 10 303 1
8 11 30 1
8 12 19 1
8 13 167 1
8 14 249 1
8 16 34 1
8 17 4 13
8 18 1 6
8 19 1 3
8 20 101 1
8 21 24 9
8 22 1 1
8 23 1 3
8 24 124 1
8 25 63 1
9 0 1 12
9 1 164 1
9 2 54 3
9 3 171 3
9 4 12 1
9 5 241 1
9 6 238 1
9 7 2 12
9 8 18 1
9 10 14 1
9 11 1 10
9 12 48 1
9 13 64 1
9 14 4 21
9 15 130 1
9 16 7 25
9 18 40 3
9 22 2 21
9 25 27 21
9 27 7 13
10 0 218 2
10 1 10 7
10 5 247 1
10 6 395 1
10 7 132 1
10 8 272 1
10 9 159 1
10 11 35 12
10 12 3 8
10 13 9 19
10 14 2 15
10 15 1 9
10 17 183 2
10 19 2 21
10 20 2 14
10 21 1 13
10 23 180 2
10 24 1 1
10 27 7 2
11 0 188 1
11 2 1 24
11 3 9 21
11 4 3 22
11 5 3 3
11 6 2 22
11 7 1 16
11 8 30 1
11 9 1 11
11 10 326 1
11 13 1 2
11 14 2 25
11 15 37 1
11 16 78 5
11 23 1 22
11 24 5 17
11 25 185 1
11 26 81 29
12 6 30 28
12 9 24 1
12 10 280 26
12 11 55 1
12 13 107 2
12 14 49 2
12 15 119 1
12 17 130 3
12 20 2 21
12 25 23 3
13 4 13 28
13 6 8 1
13 10 1 16
13 11 97 1
13 18 41 1
13 25 1 3
14 4 2 18
14 6 23 2
14 7 104 1
14 8 1 17
14 9 2 3
14 10 80 1
14 11 2 22
14 12 103 1
14 15 60 1
14 17 57 1
14 20 86 7
15 1 108 15
15 3 1 5
15 6 12 22
15 7 15 1
15 8 227 1
15 10 72 7
15 11 3 22
15 12 1 20
15 14 6 21
15 23 24 2
16 0 232 4
16 1 24 1
16 3 244 1
16 4 9 11
16 5 324 1
16 6 1 16
16 8 23 26
16 11 124 6
16 12 8 3
16 17 12 24
16 18 106 25
16 22 1 4
16 24 277 1
17 0 259 2
17 1 5 16
17 2 81 1
17 6 10 4
17 7 1 1
17 9 231 4
17 16 3 16
17 18 26 1
17 20 3 16
17 21 2 26
17 22 3 9
18 1 5 19
18 3 3 23
18 4 1 18
18 7 169 1
18 8 130 2
18 9 174 1
18 10 103 1
18 13 10 8
18 17 211 1
19 0 10 23
19 1 74 1
19 2 2 3
19 4 1 27
19 7 128 1
19 10 30 2
19 17 60 9
19 18 6 14
19 20 3 17
20 0 264 1
20 1 21 16
20 2 192 3
20 3 39 1
20 4 2 25
20 8 209 1
20 9 1 12
20 11 1 12
20 14 2 23
20 17 1 5
20 19 2 8
20 22 2 25
20 24 1 25
21 3 2 13
21 9 75 1
21 11 2 19
21 12 99 1
21 14 7 3
21 20 40 25
21 24 1 2
22 3 28 2
22 4 54 5
22 6 84 1
22 7 2 22
22 9 91 26
22 11 2 12
22 12 15 3
22 13 1 25
23 4 30 1
23 5 6 24
23 7 64 1
23 12 1 9
23 14 1 3
23 22 1 18
24 0 136 1
24 1 375 1
24 3 150 1
24 5 200 1
24 7 1 14
24 8 40 18
24 16 59 2
24 18 4 29
24 22 3 22
24 23 1 14
24 25 1 1
24 26 1 13
25 0 2 23
25 3 34 1
25 7 1 20
25 8 224 1
25 9 94 1
25 11 81 6
25 13 5 1
25 14 23 8
25 16 3 2
25 17 99 5
25 18 1 27
25 27 9 1
26 4 1 28
26 6 1 8
26 8 68 5
26 11 109 1
26 12 1 1
26 15 28 21
26 20 75 15
26 23 28 21
26 27 32 6
27 10 137 1
27 11 100 1
27 16 28 4
27 26 1 5
