0 1 40 1
0 2 4 25
0 4 1 6
0 5 76 1
0 6 4 21
0 7 71 1
0 8 438 1
0 9 140 1
0 10 160 1
0 11 8 15
0 13 2 1
0 16 11 1
0 17 282 1
0 19 60 1
0 23 1 20
0 24 43 1
0 25 1 2
0 27 2 28
1 0 18 1
1 2 8 18
1 3 119 1
1 4 80 1
1 5 2 1
1 6 35 6
1 7 359 1
1 8 355 29
1 9 1 11
1 10 183 1
1 12 1 1
1 14 109 1
1 15 100 4
1 16 20 1
1 17 13 16
1 18 46 1
1 19 1 13
1 20 1 29
1 21 1 10
1 22 49 2
1 24 7 1
2 0 45 27
2 1 224 8
2 3 125 1
2 6 2 5
2 7 64 22
2 8 9 26
2 9 1 25
2 11 137 2
2 12 1 17
2 14 1 4
2 15 1 23
2 20 8 3
3 0 97 1
3 1 230 1
3 2 1 9
3 4 175 1
3 5 56 11
3 6 262 1
3 7 97 1
3 8 38 1
3 10 1 18
3 11 144 1
3 12 1 16
3 14 28 4
3 16 11 1
3 20 19 1
3 21 26 21
3 24 68 1
4 1 4 12
4 2 256 1
4 3 48 9
4 5 32 1
4 6 25 1
4 7 25 3
4 8 2 14
4 10 371 1
4 11 9 1
4 12 2 3
4 14 13 20
4 16 71 1
4 18 22 2
4 19 5 6
5 0 80 1
5 1 208 1
5 3 2 1
5 4 395 1
5 6 67 1
5 7 190 1
5 8 47 1
5 9 5 2
5 10 25 23
5 11 37 2
5 13 6 21
5 14 5 21
5 16 24 1
5 18 2 10
5 24 3 1
6 0 47 1
6 1 141 1
6 2 280 1
6 3 2 2
6 4 6 20
6 5 63 16
6 7 5 7
6 8 168 23
6 9 10 24
6 10 83 9
6 11 43 1
6 12 251 1
6 13 36 1
6 14 1 24
6 15 2 9
6 16 1 25
6 17 284 1
6 23 1 20
6 25 2 11
7 0 354 1
7 1 318 1
7 2 23 10
7 3 56 1
7 4 2 4
7 5 15 1
7 6 39 22
7 8 14 21
7 9 16 1
7 10 127 1
7 11 56 29
7 12 1 15
7 13 143 1
7 14 1 27
7 15 203 1
7 17 2 16
7 19 31 1
7 23 138 1
7 25 317 7
8 0 146 1
8 1 8 23
8 2 296 6
8 4 142 1
8 5 1 8
8 6 107 1
8 7 4 22
8 9 1 20
8 10 114 1
8 11 8 1
8 14 227 1
8 16 59 1
8 17 1 4
8 18 1 21
8 20 84 2
8 24 9 1
8 25 136 22
8 26 20 11
9 0 1 27
9 1 130 1
9 2 41 1
9 5 140 1
9 6 123 1
9 8 69 1
9 10 111 2
9 11 1 8
9 12 13 1
9 14 1 15
9 15 122 1
9 17 242 5
9 18 30 4
9 21 4 1
9 26 78 2
10 0 200 1
10 1 12 1
10 2 2 23
10 4 1 6
10 5 192 1
10 6 365 1
10 7 86 1
10 8 199 1
10 9 61 1
10 11 12 18
10 12 14 3
10 13 44 2
10 14 2 2
10 15 350 1
10 17 169 1
10 18 1 9
10 19 2 11
10 21 1 1
10 22 1 24
10 25 228 1
10 26 4 11
10 27 1 20
11 0 161 1
11 1 1 5
11 2 1 11
11 3 275 1
11 4 1 28
11 6 1 25
11 7 404 7
11 8 244 1
11 10 281 1
11 13 18 25
11 14 33 2
11 17 5 15
11 19 1 1
11 20 264 1
11 21 1 21
11 23 1 9
11 25 165 1
11 26 2 19
11 27 1 8
12 0 2 17
12 1 1 1
12 6 27 11
12 8 6 1
12 9 2 2
12 10 281 28
12 11 45 1
12 13 103 1
12 14 35 2
12 18 2 9
12 21 2 11
12 22 124 1
12 26 28 2
13 6 4 7
13 7 60 1
13 8 6 1
13 9 1 26
13 10 28 13
13 11 75 1
13 14 9 28
13 20 10 18
13 27 14 20
14 0 62 3
14 1 2 15
14 4 4 23
14 5 3 24
14 7 80 1
14 8 5 20
14 9 2 14
14 10 42 1
14 11 2 12
14 12 78 2
14 15 24 1
14 27 6 23
15 4 53 1
15 6 1 5
15 8 213 2
15 10 1 11
15 11 12 16
15 12 1 20
15 14 6 2
15 23 16 4
15 25 28 2
16 0 32 5
16 1 222 1
16 2 1 27
16 3 2 1
16 5 44 1
16 6 2 9
16 8 41 1
16 11 121 1
16 17 1 11
16 22 1 17
16 24 31 1
16 25 30 9
17 0 228 1
17 1 18 9
17 3 1 17
17 4 6 5
17 8 240 1
17 14 1 7
17 16 2 6
17 19 61 3
17 21 67 22
17 24 15 8
17 25 103 9
18 1 1 12
18 2 5 1
18 4 4 8
18 5 10 27
18 6 224 2
18 7 162 5
18 8 116 1
18 10 93 1
18 16 1 3
18 17 198 1
18 19 56 1
18 25 1 24
19 0 12 15
19 1 56 1
19 2 17 16
19 4 7 16
19 7 117 1
19 8 139 1
19 18 1 16
19 20 38 29
19 24 12 16
20 0 228 1
20 1 2 1
20 4 3 27
20 6 77 1
20 7 47 1
20 16 106 9
20 17 5 4
20 18 1 4
20 19 2 1
20 22 7 16
20 25 1 13
20 26 3 7
21 5 3 13
21 7 14 10
21 8 12 5
21 10 3 4
21 12 95 1
21 20 1 11
22 0 7 13
22 3 27 2
22 6 78 2
22 8 2 6
22 9 11 23
22 10 45 1
22 11 1 2
22 15 2 15
22 20 1 27
22 21 2 13
22 23 31 10
23 0 4 9
23 2 1 21
23 4 27 1
23 8 1 12
23 9 70 2
23 11 173 1
23 14 24 11
23 15 1 7
23 18 1 17
23 24 3 22
24 0 60 28
24 1 87 1
24 2 15 1
24 3 44 1
24 5 33 1
24 6 1 11
24 8 15 1
24 9 45 3
24 10 2 17
24 11 41 1
24 13 3 14
24 16 4 1
24 20 15 1
24 21 1 16
24 25 6 14
25 1 127 3
25 3 29 1
25 6 10 21
25 7 2 14
25 9 87 2
25 11 282 1
25 13 3 15
25 14 20 1
25 15 2 2
25 19 14 1
25 23 1 13
25 27 2 6
26 0 2 25
26 8 63 1
26 9 60 2
26 11 98 3
26 19 1 22
26 24 4 23
26 25 9 7
26 27 51 1
27 6 67 1
27 7 2 18
27 11 78 2
27 16 28 2
27 25 86 3
27 26 1 2
