0 1 147 4
0 2 2 24
0 3 68 8
0 4 85 16
0 5 18 8
0 6 1 10
0 7 35 1
0 8 73 12
0 10 136 1
0 11 2 29
0 14 92 1
0 16 18 25
0 17 243 1
0 19 35 1
0 20 331 2
0 22 2 1
0 24 40 15
1 0 60 28
1 2 1 17
1 3 111 11
1 4 80 1
1 5 19 6
1 6 65 20
1 7 310 1
1 8 48 20
1 9 1 14
1 10 222 1
1 11 1 2
1 12 29 16
1 13 9 2
1 14 98 1
1 16 139 17
1 17 3 20
1 18 39 1
1 19 1 7
1 20 56 8
1 24 18 11
1 26 1 2
2 0 148 12
2 1 270 1
2 3 20 1
2 5 1 20
2 6 35 19
2 7 5 16
2 8 75 20
2 9 7 21
2 11 105 1
2 15 1 6
2 16 75 3
2 17 100 2
2 18 4 23
2 23 5 7
2 25 14 10
2 27 9 1
3 0 35 29
3 1 344 24
3 2 6 2
3 4 147 2
3 5 101 8
3 6 16 1
3 7 15 1
3 8 30 2
3 9 80 2
3 10 1 16
3 11 91 1
3 14 24 1
3 16 91 23
3 20 5 4
3 24 231 22
3 25 2 27
3 26 1 22
4 0 1 6
4 1 47 22
4 2 220 1
4 3 55 27
4 5 163 1
4 7 12 4
4 8 27 19
4 9 3 24
4 10 337 1
4 12 1 20
4 14 28 2
4 16 53 2
4 17 389 1
4 20 2 2
4 23 47 6
5 0 58 20
5 1 18 19
5 3 18 18
5 4 239 1
5 6 8 5
5 7 147 1
5 8 18 4
5 9 314 10
5 10 1 7
5 11 1 25
5 13 12 7
5 16 18 24
5 18 10 20
5 20 80 2
5 24 18 23
6 1 109 1
6 2 31 1
6 4 6 8
6 5 283 16
6 7 2 21
6 8 14 13
6 9 3 13
6 10 3 25
6 11 20 1
6 12 224 25
6 14 6 13
6 17 248 2
6 19 35 2
6 21 1 25
6 22 84 1
6 23 4 18
6 24 1 12
6 25 109 16
7 0 334 1
7 1 287 1
7 2 44 15
7 3 197 1
7 4 1 22
7 5 1 11
7 6 4 28
7 8 209 19
7 9 5 2
7 10 186 1
7 11 206 28
7 12 61 17
7 14 3 8
7 15 136 1
7 20 298 1
7 22 144 3
7 24 1 3
7 25 42 1
7 26 115 5
8 0 99 26
8 0 427 27
8 1 33 20
8 3 20 16
8 4 105 1
8 5 24 13
8 6 11 10
8 7 6 14
8 9 386 12
8 10 37 3
8 12 279 1
8 13 128 1
8 14 212 1
8 15 198 2
8 16 65 12
8 17 1 2
8 18 3 27
8 20 65 2
8 23 2 20
8 24 40 22
9 0 3 19
9 1 90 1
9 2 27 1
9 3 155 1
9 4 2 16
9 5 13 1
9 6 20 1
9 7 13 2
9 8 20 1
9 10 11 1
9 11 9 9
9 14 3 19
9 15 109 2
9 16 5 4
9 17 236 1
9 24 5 10
9 25 15 14
9 27 1 11
10 0 176 1
10 1 18 13
10 2 1 16
10 3 21 2
10 4 1 14
10 5 127 1
10 6 267 1
10 7 41 1
10 8 82 12
10 9 6 1
10 11 359 13
10 12 53 20
10 14 13 7
10 15 313 1
10 16 125 2
10 17 152 1
10 22 2 7
10 23 153 1
10 24 4 26
10 25 218 2
10 26 2 5
10 27 2 12
11 0 129 1
11 1 1 16
11 2 1 18
11 3 262 10
11 4 1 18
11 5 162 5
11 6 1 10
11 7 272 1
11 8 213 1
11 10 140 1
11 13 9 21
11 14 178 1
11 15 4 28
11 17 1 4
11 20 254 1
11 21 12 12
11 23 16 1
11 24 324 1
11 25 243 1
11 26 1 4
11 27 1 8
12 2 75 1
12 5 216 1
12 6 1 19
12 9 1 16
12 11 33 1
12 13 87 1
12 14 20 2
12 17 116 1
12 19 24 3
12 22 111 1
13 7 45 3
13 8 109 1
13 10 2 1
13 11 50 2
13 12 4 25
13 14 1 13
13 20 43 15
13 22 1 16
13 23 7 1
13 27 15 7
14 1 8 8
14 2 1 26
14 4 1 26
14 5 16 24
14 7 52 2
14 8 2 8
14 9 18 11
14 11 2 24
14 13 56 1
14 17 46 7
14 20 80 1
15 3 2 26
15 6 34 20
15 8 194 1
15 11 6 27
15 12 5 21
15 14 78 1
15 16 1 6
15 25 21 1
16 0 19 17
16 1 158 19
16 3 19 26
16 5 36 18
16 6 2 23
16 7 1 21
16 8 82 6
16 17 1 23
16 18 13 1
16 24 18 26
17 0 188 1
17 1 1 23
17 3 7 12
17 4 2 8
17 6 376 2
17 8 211 1
17 9 213 1
17 10 261 1
17 11 3 13
17 12 10 2
17 15 96 20
17 16 2 4
17 20 3 25
17 24 1 20
18 0 187 2
18 3 1 17
18 4 18 26
18 5 1 20
18 6 207 1
18 8 97 2
18 9 149 3
18 12 10 12
18 16 2 21
18 17 180 2
18 19 54 2
18 20 15 2
18 22 15 28
18 23 3 12
18 24 3 17
19 0 4 23
19 1 36 1
19 3 17 2
19 5 3 1
19 6 3 23
19 7 102 2
19 8 130 3
19 10 19 7
19 17 5 19
19 18 30 7
19 20 3 3
19 24 4 29
20 0 182 1
20 1 36 19
20 2 184 5
20 6 63 2
20 8 170 1
20 11 71 17
20 13 1 8
20 14 2 13
20 15 24 1
20 16 104 1
20 17 1 3
20 19 121 1
20 23 9 7
20 24 7 15
20 25 1 11
20 27 6 2
21 0 39 1
21 1 83 1
21 5 1 26
21 6 1 17
21 7 12 1
21 8 10 1
21 9 65 1
21 10 1 24
21 11 2 14
21 12 86 3
21 16 23 26
21 26 1 28
22 6 71 3
22 8 6 13
22 10 30 2
22 11 14 5
22 13 1 27
22 18 10 20
22 23 29 3
22 25 1 20
23 0 8 11
23 1 1 27
23 2 9 17
23 7 34 1
23 9 65 1
23 10 1 1
23 11 138 1
23 12 1 18
23 15 4 27
23 21 11 10
23 26 31 1
24 0 107 16
24 1 214 25
24 3 19 26
24 5 18 25
24 7 1 14
24 8 18 24
24 10 229 2
24 11 11 1
24 15 7 1
24 16 35 3
24 25 3 22
24 26 14 2
25 0 2 25
25 1 121 5
25 3 22 1
25 7 22 16
25 8 208 1
25 10 1 26
25 11 205 1
25 14 15 3
25 19 13 4
25 24 19 2
26 4 13 26
26 8 57 2
26 14 4 9
26 24 1 24
26 25 5 4
27 0 62 9
27 1 1 7
27 7 36 2
27 9 3 16
27 10 117 2
27 12 41 3
27 16 26 24
27 24 1 27
27 25 69 1
27 26 19 28
