0 1 111 1
0 2 5 22
0 3 177 1
0 4 2 29
0 5 27 1
0 6 2 12
0 7 7 3
0 8 280 1
0 9 95 1
0 10 107 2
0 11 3 17
0 15 1 14
0 16 184 1
0 17 194 1
0 19 128 1
0 20 354 1
0 23 1 23
0 24 17 1
1 0 53 1
1 2 48 1
1 3 287 1
1 4 188 1
1 5 143 1
1 6 3 5
1 7 246 1
1 8 96 1
1 9 1 4
1 10 205 1
1 12 2 6
1 16 377 1
1 17 3 7
1 18 202 1
1 19 8 3
1 20 2 28
1 24 63 2
1 25 114 3
2 0 23 25
2 1 89 1
2 3 2 9
2 6 1 5
2 7 29 19
2 8 5 9
2 9 86 26
2 10 2 22
2 11 68 1
2 16 1 19
2 17 66 1
2 25 11 2
3 0 238 1
3 1 7 22
3 2 22 23
3 4 113 1
3 5 369 1
3 6 217 1
3 7 2 4
3 8 247 1
3 9 62 1
3 10 10 14
3 11 40 1
3 16 21 5
3 18 1 3
3 24 235 1
3 25 7 1
4 0 415 2
4 1 9 28
4 2 171 1
4 5 31 1
4 6 3 14
4 7 2 1
4 8 2 23
4 9 6 10
4 10 291 1
4 12 5 22
4 14 1 9
4 16 34 1
4 17 367 2
4 18 2 11
4 19 1 17
4 22 1 22
5 0 225 1
5 1 388 1
5 2 87 1
5 3 146 1
5 4 75 1
5 6 64 23
5 7 98 1
5 8 289 1
5 9 289 1
5 10 2 26
5 11 9 21
5 12 7 1
5 15 30 11
5 16 34 17
5 19 15 13
5 24 125 1
6 1 108 1
6 2 195 1
6 4 4 5
6 5 254 1
6 7 3 15
6 8 155 19
6 9 449 12
6 10 35 23
6 11 3 1
6 12 214 1
6 14 3 5
6 17 203 1
6 19 25 1
6 21 4 7
6 27 1 3
7 0 284 1
7 1 223 1
7 3 88 1
7 4 2 25
7 6 143 4
7 8 6 27
7 10 146 1
7 11 405 23
7 11 275 1
7 12 52 24
7 13 106 1
7 14 28 19
7 15 65 1
7 16 10 7
7 17 3 26
7 19 12 1
7 23 93 2
7 25 27 1
7 27 115 1
8 0 206 1
8 1 188 2
8 2 90 1
8 3 16 21
8 4 67 1
8 5 157 1
8 6 48 23
8 7 6 17
8 9 375 1
8 10 144 1
8 11 1 21
8 12 249 1
8 14 157 1
8 16 51 1
8 17 1 18
8 19 1 25
8 20 45 1
8 23 1 24
8 24 89 1
8 25 2 17
8 26 4 6
9 0 1 21
9 1 48 2
9 2 13 2
9 3 141 2
9 4 4 1
9 5 12 7
9 6 2 3
9 7 355 2
9 10 3 26
9 11 15 19
9 12 3 16
9 13 29 3
9 15 93 3
9 16 68 7
9 20 146 4
9 22 3 27
9 27 1 1
10 0 146 1
10 1 3 21
10 2 1 14
10 3 283 1
10 4 1 29
10 5 60 1
10 6 141 1
10 7 7 1
10 8 146 1
10 11 2 29
10 13 290 1
10 14 64 9
10 15 254 1
10 16 118 1
10 18 1 9
10 20 20 17
10 21 26 13
10 22 4 12
10 25 190 1
10 27 1 25
11 0 92 2
11 1 1 7
11 2 17 18
11 3 231 1
11 4 24 3
11 6 1 8
11 7 270 1
11 8 160 1
11 10 218 1
11 13 10 1
11 14 16 1
11 15 178 28
11 16 60 7
11 17 2 27
11 19 5 27
11 21 1 29
11 22 1 17
11 23 25 24
11 24 91 1
11 25 162 1
11 26 4 6
11 27 8 13
12 1 1 26
12 2 65 2
12 4 1 5
12 6 2 8
12 8 330 3
12 9 3 21
12 10 5 17
12 13 67 1
12 15 87 1
12 19 21 1
12 22 94 2
12 23 1 10
12 27 2 22
13 1 112 1
13 5 1 12
13 7 29 3
13 8 86 1
13 9 1 13
13 10 6 16
13 11 25 1
13 12 15 10
13 14 7 1
13 15 18 19
14 0 47 1
14 1 2 24
14 4 3 18
14 7 25 1
14 8 1 24
14 9 1 9
14 10 6 9
14 11 1 5
14 12 75 1
14 13 3 1
14 15 1 15
14 19 7 22
14 21 3 25
14 22 23 12
15 0 1 10
15 3 2 2
15 7 1 5
15 10 114 1
15 11 29 23
15 14 45 1
15 16 8 14
15 20 91 9
15 22 3 2
15 23 1 12
15 27 1 15
16 0 231 1
16 1 87 1
16 3 142 1
16 4 3 4
16 5 200 1
16 8 167 1
16 9 128 3
16 10 19 21
16 11 109 1
16 14 1 14
16 18 266 1
16 19 1 14
16 23 5 20
16 24 107 1
17 0 139 1
17 1 3 20
17 2 15 2
17 3 1 15
17 4 1 6
17 6 350 1
17 8 175 1
17 10 247 1
17 11 1 18
17 16 4 12
17 18 1 11
17 24 1 21
17 26 35 12
17 27 1 23
18 0 179 1
18 3 2 14
18 4 30 5
18 5 7 8
18 6 182 1
18 7 143 1
18 9 131 1
18 10 65 2
18 13 6 12
18 16 40 25
18 17 157 1
18 20 12 1
18 27 2 7
19 0 67 24
19 3 10 2
19 4 1 17
19 6 47 24
19 9 1 11
19 17 2 24
19 20 6 12
19 26 15 8
20 0 129 1
20 1 1 29
20 2 170 1
20 6 48 1
20 8 142 1
20 9 1 8
20 11 5 4
20 19 32 1
20 22 2 8
20 25 2 26
21 7 8 3
21 9 57 4
21 10 1 16
21 12 14 3
21 22 21 5
21 23 1 3
22 1 1 29
22 4 42 1
22 5 1 7
22 7 1 27
22 11 7 22
22 13 2 8
22 16 30 11
22 23 20 1
22 25 1 13
23 11 118 1
23 12 1 8
23 15 1 8
23 17 62 1
23 22 1 4
23 24 65 1
24 0 36 6
24 1 263 3
24 3 84 1
24 5 137 1
24 8 211 1
24 9 30 1
24 10 214 2
24 11 316 1
24 15 2 14
24 16 204 1
24 21 1 1
24 25 2 23
25 0 1 24
25 1 114 1
25 7 2 21
25 10 1 25
25 11 94 5
25 16 2 28
25 23 1 2
25 26 1 4
26 3 6 3
26 10 1 23
26 11 68 3
26 24 2 19
26 27 70 1
27 0 57 1
27 2 24 6
27 3 1 15
27 7 51 18
27 8 2 25
27 10 103 1
27 11 28 1
27 12 37 7
27 17 81 2
27 23 4 1
27 25 46 1
