0 1 49 16
0 2 41 8
0 3 22 28
0 5 101 26
0 6 1 22
0 8 21 20
0 9 74 1
0 10 82 1
0 11 156 26
0 16 61 11
0 17 148 1
0 18 152 4
0 19 68 1
0 20 313 1
0 21 1 12
0 24 22 23
1 0 28 20
1 2 146 1
1 3 19 14
1 4 48 1
1 5 23 16
1 6 6 14
1 7 186 1
1 8 52 29
1 10 175 1
1 12 220 6
1 13 2 15
1 14 71 3
1 15 70 3
1 16 34 7
1 17 16 9
1 18 189 2
1 20 184 29
1 22 34 7
1 24 21 26
2 1 53 1
2 3 10 25
2 4 117 2
2 8 4 23
2 9 91 28
2 10 1 22
2 11 39 1
2 15 12 9
2 17 38 2
2 18 1 10
2 19 1 20
2 24 1 7
2 25 8 1
2 27 5 3
3 0 22 25
3 1 204 14
3 4 82 1
3 5 22 26
3 6 168 1
3 7 3 4
3 8 38 29
3 10 1 1
3 12 9 16
3 14 13 3
3 15 60 4
3 16 22 6
3 18 1 7
3 20 1 17
3 24 59 28
3 25 1 4
4 1 3 23
4 2 124 1
4 3 20 5
4 6 2 12
4 8 3 6
4 9 4 3
4 10 245 1
4 12 3 12
4 17 339 1
4 18 2 7
4 19 1 13
4 20 1 28
4 24 1 2
4 25 85 1
5 0 78 16
5 1 39 13
5 3 21 12
5 4 2 1
5 6 260 2
5 7 58 1
5 8 50 7
5 9 214 1
5 10 3 15
5 16 37 26
5 18 20 26
5 20 63 1
5 21 6 2
5 23 1 29
5 24 40 5
6 1 11 1
6 2 116 1
6 3 2 19
6 4 286 28
6 5 245 6
6 7 4 27
6 8 143 1
6 9 439 1
6 10 16 20
6 10 89 19
6 10 354 18
6 10 295 23
6 12 177 1
6 14 19 3
6 15 147 3
6 17 160 1
6 21 26 20
6 22 68 1
6 23 1 21
6 24 3 25
6 26 1 10
6 27 2 13
7 0 215 1
7 1 165 1
7 2 29 1
7 3 22 1
7 5 2 19
7 6 1 13
7 8 4 10
7 10 21 1
7 11 181 1
7 14 187 2
7 15 20 1
7 17 56 22
7 20 242 1
7 21 20 14
7 22 121 4
7 23 71 2
7 24 1 25
7 25 239 1
7 26 93 3
8 0 31 3
8 1 273 22
8 2 133 1
8 3 22 8
8 4 27 1
8 5 24 27
8 6 13 7
8 7 10 22
8 9 397 1
8 10 2 1
8 11 2 1
8 12 217 2
8 13 76 2
8 14 105 1
8 15 185 1
8 16 22 26
8 18 1 28
8 19 2 28
8 20 28 2
8 22 2 29
8 23 1 10
8 24 44 20
8 25 1 4
8 26 2 4
9 0 1 23
9 1 20 2
9 3 126 2
9 4 13 26
9 5 7 6
9 6 28 4
9 8 2 8
9 10 26 5
9 11 36 12
9 12 2 2
9 13 18 5
9 16 10 13
9 20 139 6
9 24 6 21
9 25 2 22
9 27 1 24
10 1 1 10
10 2 4 9
10 3 249 1
10 4 3 13
10 5 17 2
10 6 150 1
10 8 2 1
10 9 6 23
10 11 252 1
10 12 427 3
10 13 240 1
10 14 8 4
10 15 193 1
10 19 3 3
10 20 21 10
10 22 1 11
10 23 113 1
10 25 159 1
11 1 1 26
11 2 1 29
11 3 92 1
11 6 9 3
11 7 5 1
11 8 104 1
11 9 401 1
11 10 92 1
11 13 1 29
11 14 127 1
11 15 6 12
11 16 54 1
11 17 123 24
11 20 221 1
11 24 243 1
11 25 17 1
11 27 2 11
12 0 1 7
12 1 243 5
12 4 1 24
12 5 153 1
12 6 111 10
12 8 312 2
12 9 2 3
12 11 11 1
12 13 33 1
12 14 1 2
12 15 74 3
12 18 124 2
12 19 18 1
12 22 77 3
13 8 62 2
13 10 3 6
13 12 1 19
13 14 43 1
13 15 1 13
13 17 2 6
13 18 35 2
13 20 67 24
13 22 5 2
13 24 13 3
13 25 4 17
14 1 1 28
14 4 1 7
14 5 1 14
14 7 8 1
14 8 1 29
14 9 6 15
14 10 3 11
14 11 1 16
14 12 57 2
14 13 4 1
14 15 1 17
14 17 34 1
14 24 34 3
15 3 2 9
15 7 11 6
15 8 139 1
15 9 1 26
15 10 205 1
15 11 2 10
15 14 15 1
15 16 1 28
15 20 86 2
15 27 1 11
16 0 46 23
16 1 21 11
16 2 35 2
16 3 22 10
16 5 21 20
16 6 21 5
16 8 27 22
16 18 203 1
16 22 1 8
16 24 57 6
17 0 97 1
17 1 196 1
17 3 4 18
17 4 17 1
17 5 26 10
17 6 318 1
17 8 142 2
17 9 180 1
17 10 231 1
17 16 2 16
17 19 31 1
17 20 12 29
17 24 1 15
18 3 1 28
18 4 73 8
18 5 1 11
18 7 131 3
18 8 57 2
18 9 112 1
18 10 52 1
18 16 16 27
18 17 134 1
18 25 5 20
19 0 1 11
19 6 2 20
19 7 69 2
19 18 31 8
19 22 6 29
19 24 1 4
19 26 15 17
20 0 83 1
20 2 150 1
20 4 4 23
20 8 117 2
20 9 1 12
20 10 3 23
20 11 18 5
20 19 71 1
20 21 27 7
20 23 1 1
20 25 4 18
20 26 14 4
21 6 8 16
21 9 51 1
21 11 3 8
21 12 7 1
21 24 1 27
22 5 1 8
22 8 168 1
22 9 97 3
22 10 6 3
22 15 16 24
22 20 1 15
23 0 1 19
23 2 2 23
23 6 93 4
23 10 10 15
23 11 79 1
23 13 2 6
23 15 26 18
23 17 58 10
23 24 56 1
23 25 16 23
24 0 61 22
24 1 22 28
24 3 74 2
24 4 112 1
24 5 21 29
24 7 174 1
24 8 67 10
24 10 196 2
24 11 225 1
24 16 33 6
24 17 16 12
24 19 14 5
24 21 13 29
25 1 105 1
25 3 10 1
25 6 152 3
25 7 2 5
25 8 169 1
25 10 3 10
25 11 163 1
25 14 6 1
25 16 2 26
25 20 37 3
25 23 1 24
25 27 4 9
26 0 1 27
26 4 30 27
26 7 3 15
26 10 1 7
26 11 54 1
26 14 32 18
26 15 29 12
26 17 3 25
26 27 36 1
27 1 10 21
27 2 22 2
27 6 45 4
27 7 3 17
27 11 11 2
27 12 34 3
27 17 79 4
27 19 3 14
27 26 1 19
