0 1 96 3
0 2 1 7
0 3 131 1
0 4 1 10
0 5 135 1
0 6 28 7
0 7 3 6
0 8 32 29
0 9 57 2
0 11 3 22
0 14 70 5
0 16 93 1
0 17 113 1
0 18 142 1
0 19 28 1
0 20 274 1
0 23 1 8
0 24 93 1
1 0 173 28
1 2 189 1
1 3 190 1
1 5 98 25
1 6 17 6
1 7 141 1
1 8 149 1
1 9 4 10
1 10 152 1
1 11 1 18
1 13 1 1
1 16 4 4
1 17 5 22
1 18 183 1
1 19 1 4
1 20 1 4
1 24 10 4
2 0 1 1
2 3 16 20
2 4 109 2
2 7 122 1
2 8 6 2
2 9 2 23
2 10 1 25
2 11 21 1
2 16 84 25
2 17 21 1
2 20 1 20
3 0 40 25
3 1 55 2
3 2 160 1
3 4 59 2
3 5 135 20
3 6 129 1
3 7 4 24
3 8 31 1
3 9 35 3
3 10 1 24
3 12 22 16
3 15 55 1
3 16 74 20
3 19 1 17
3 20 1 23
3 22 1 15
3 24 49 1
3 25 7 4
3 27 51 6
4 0 383 1
4 1 337 17
4 2 89 1
4 3 53 1
4 5 3 6
4 6 3 19
4 7 1 8
4 8 256 24
4 9 4 5
4 10 206 1
4 12 196 13
4 17 312 1
4 18 3 6
4 20 1 11
4 22 1 23
4 23 34 1
5 0 226 1
5 1 232 1
5 3 11 1
5 4 1 7
5 6 126 7
5 7 32 2
5 8 281 1
5 9 32 1
5 10 252 11
5 11 41 26
5 13 1 3
5 14 17 23
5 16 263 20
5 17 206 3
5 19 10 14
5 24 9 29
6 0 1 24
6 2 62 1
6 3 1 2
6 4 2 12
6 5 61 1
6 7 175 1
6 8 40 1
6 9 54 1
6 10 94 1
6 11 2 24
6 12 143 1
6 14 3 2
6 15 137 2
6 17 127 1
6 21 4 16
6 23 18 19
6 24 10 7
6 26 1 4
7 0 161 1
7 1 121 1
7 2 3 1
7 3 1 24
7 4 28 3
7 5 180 13
7 6 13 29
7 8 21 7
7 9 1 11
7 10 64 1
7 11 43 1
7 12 67 10
7 13 71 1
7 14 4 29
7 15 2 1
7 20 218 1
7 23 54 1
7 24 3 29
7 25 191 1
7 26 85 1
7 27 79 1
8 0 98 11
8 1 393 16
8 2 288 1
8 3 385 13
8 4 29 1
8 5 50 1
8 6 112 1
8 7 17 7
8 9 348 1
8 10 4 26
8 11 15 17
8 12 191 2
8 13 58 1
8 14 68 1
8 15 30 2
8 16 85 1
8 17 9 20
8 19 1 22
8 22 1 1
8 23 1 16
8 24 121 19
8 25 145 3
8 27 154 5
9 0 1 19
9 3 113 2
9 4 99 28
9 5 92 20
9 6 28 19
9 7 308 1
9 8 2 14
9 10 18 11
9 11 2 17
9 12 33 14
9 13 11 2
9 16 1 21
9 17 200 1
9 19 32 2
9 20 133 4
9 23 98 6
9 25 43 26
10 0 98 1
10 1 2 4
10 2 3 20
10 3 217 1
10 4 10 20
10 6 90 1
10 7 1 25
10 8 5 6
10 9 16 22
10 11 418 24
10 12 415 1
10 13 195 1
10 14 38 24
10 15 144 1
10 17 94 2
10 18 6 7
10 20 20 4
10 22 5 20
10 23 96 2
10 24 1 29
10 26 1 2
11 0 41 2
11 1 1 8
11 2 1 15
11 3 158 1
11 5 164 1
11 6 22 10
11 7 16 14
11 8 62 1
11 9 392 2
11 10 26 1
11 13 182 1
11 14 231 1
11 15 3 18
11 16 49 1
11 17 1 20
11 18 156 5
11 20 207 1
11 23 1 8
11 24 205 1
11 25 20 1
11 27 1 19
12 1 237 2
12 5 125 1
12 7 2 18
12 8 294 1
12 9 4 20
12 10 410 4
12 13 16 1
12 15 64 1
12 20 1 4
13 1 103 4
13 5 1 29
13 7 9 3
13 8 45 2
13 10 1 4
13 11 2 1
13 12 3 22
13 14 29 1
13 20 2 18
14 1 12 11
14 3 1 10
14 4 4 3
14 8 1 7
14 9 1 26
14 10 148 15
14 11 1 11
14 12 52 2
14 15 13 10
14 20 68 1
14 23 2 29
14 27 1 14
15 0 1 19
15 5 38 15
15 7 4 6
15 8 117 2
15 9 1 25
15 10 59 1
15 11 418 1
15 13 1 12
15 18 7 14
16 0 419 3
16 1 6 25
16 3 65 1
16 4 230 1
16 5 160 22
16 8 35 1
16 9 117 1
16 10 1 16
16 12 91 2
16 17 117 1
16 18 147 1
16 24 46 6
17 0 67 1
17 1 173 1
17 3 2 19
17 4 29 11
17 6 288 1
17 9 166 1
17 10 217 1
17 13 87 28
17 14 1 13
17 16 45 17
17 19 24 2
17 20 159 10
17 23 19 1
17 27 1 15
18 1 171 1
18 4 4 26
18 5 5 11
18 6 137 2
18 7 122 1
18 9 97 2
18 11 12 1
18 12 102 27
18 13 4 1
18 16 102 21
18 26 1 12
19 0 2 28
19 4 1 3
19 6 1 23
19 8 93 1
19 20 52 1
19 25 1 3
20 0 52 1
20 1 1 24
20 2 131 2
20 4 15 17
20 9 1 15
20 11 87 22
20 19 142 1
20 22 17 22
21 11 1 4
22 3 20 2
22 4 33 3
22 6 48 2
22 7 1 22
22 17 1 17
22 18 7 4
23 5 20 18
23 7 2 2
23 8 1 11
23 10 1 25
23 12 2 17
23 15 3 24
23 20 3 18
23 25 1 25
23 27 1 21
24 0 139 15
24 1 20 1
24 3 4 15
24 4 110 1
24 5 97 6
24 7 164 1
24 8 114 1
24 9 17 8
24 10 180 2
24 11 153 1
24 16 50 1
24 22 25 1
24 26 4 20
25 1 98 1
25 7 4 14
25 8 151 2
25 10 3 7
25 11 74 1
25 14 3 6
25 17 84 4
25 23 6 24
25 26 49 1
25 27 2 3
26 7 2 23
26 9 47 4
26 11 43 1
26 17 2 21
26 24 7 3
26 27 14 2
27 1 2 13
27 3 1 9
27 4 1 27
27 8 1 7
27 10 78 1
27 13 9 4
27 25 13 1
27 26 71 14
