0 1 114 7
0 3 285 1
0 4 2 11
0 5 105 1
0 7 3 20
0 8 161 1
0 9 41 1
0 11 1 20
0 14 63 3
0 15 1 21
0 18 129 1
0 20 226 1
0 24 116 1
0 26 18 2
1 0 56 14
1 2 20 1
1 3 114 1
1 4 2 11
1 5 82 10
1 6 332 1
1 7 93 1
1 8 35 1
1 10 124 1
1 11 1 26
1 15 52 2
1 16 11 1
1 17 88 9
1 20 1 19
1 24 19 1
1 25 91 1
2 1 8 10
2 3 4 6
2 4 47 1
2 5 6 2
2 6 393 1
2 7 108 1
2 8 47 29
2 9 2 28
2 10 23 2
2 11 6 2
2 18 1 13
2 26 4 22
3 0 8 1
3 1 14 1
3 2 78 1
3 4 36 1
3 5 115 1
3 6 86 1
3 7 4 4
3 8 52 1
3 10 53 23
3 11 1 1
3 13 5 4
3 15 48 3
3 16 10 1
3 17 1 20
3 19 1 1
3 20 3 25
3 24 36 1
4 0 358 1
4 1 342 1
4 2 52 2
4 3 45 9
4 5 11 15
4 6 4 22
4 8 1 16
4 9 93 9
4 10 163 1
4 11 1 28
4 12 1 10
4 14 2 17
4 17 276 1
4 18 5 28
4 22 1 7
4 23 29 8
4 25 73 3
4 26 26 6
5 0 26 1
5 1 19 1
5 2 42 1
5 3 20 1
5 4 7 18
5 6 183 1
5 8 166 1
5 9 3 26
5 10 6 18
5 12 1 4
5 16 48 1
5 17 199 3
5 18 1 4
5 23 4 6
5 24 2 3
6 0 4 23
6 1 6 3
6 2 18 1
6 3 7 9
6 4 5 5
6 5 30 9
6 7 11 19
6 8 13 21
6 9 125 1
6 10 38 1
6 11 1 7
6 12 105 1
6 14 3 25
6 16 1 15
6 17 91 2
6 22 53 6
6 24 1 29
6 26 5 6
6 27 4 2
7 0 105 1
7 1 76 1
7 2 292 1
7 3 2 14
7 4 1 16
7 5 325 3
7 6 219 1
7 8 283 1
7 9 1 2
7 10 23 2
7 11 117 1
7 12 1 26
7 14 1 28
7 15 1 1
7 17 3 2
7 22 100 1
7 23 37 2
7 24 3 18
7 25 133 1
7 26 74 1
8 0 20 1
8 1 304 29
8 2 123 1
8 3 151 1
8 5 301 1
8 6 29 19
8 7 4 12
8 9 312 1
8 10 20 15
8 11 4 17
8 12 160 2
8 14 33 2
8 15 185 1
8 16 81 1
8 18 2 11
8 23 9 13
8 24 5 1
8 25 6 20
9 0 2 6
9 3 97 3
9 4 39 6
9 6 9 18
9 7 277 1
9 8 2 23
9 10 165 4
9 11 13 19
9 12 75 19
9 14 129 3
9 24 10 5
9 25 23 2
10 0 75 1
10 2 4 18
10 3 178 1
10 4 1 3
10 6 20 1
10 7 1 6
10 8 9 9
10 9 50 5
10 11 269 1
10 12 391 1
10 13 143 1
10 14 1 27
10 15 91 1
10 16 96 3
10 17 77 1
10 20 1 18
10 25 104 2
10 26 91 22
10 27 1 19
11 1 84 9
11 3 111 1
11 4 36 2
11 5 1 1
11 6 325 16
11 7 94 19
11 8 18 1
11 9 367 1
11 13 82 1
11 14 153 1
11 15 13 4
11 15 410 26
11 15 50 20
11 17 39 7
11 18 151 7
11 19 1 18
11 20 189 1
11 21 3 16
11 22 1 4
11 23 60 1
11 24 138 1
11 27 2 10
12 1 227 2
12 4 7 26
12 8 269 2
12 9 2 17
12 10 386 1
12 13 18 1
12 15 51 1
12 17 78 2
12 18 112 1
12 21 126 1
12 23 1 23
12 26 17 4
13 4 2 5
13 8 28 1
13 9 4 24
13 10 9 23
13 12 7 5
13 14 4 2
13 20 1 29
14 1 15 1
14 2 2 6
14 3 1 18
14 4 1 2
14 8 13 20
14 9 12 27
14 10 13 29
14 12 37 2
14 13 1 14
14 15 6 19
14 18 59 10
14 22 28 1
14 24 26 1
15 0 1 4
15 2 1 3
15 4 19 1
15 5 36 4
15 6 41 1
15 7 27 17
15 8 92 1
15 9 2 14
15 10 36 1
15 11 372 1
15 14 1 20
15 17 17 7
15 18 6 1
16 0 156 1
16 1 45 23
16 3 17 1
16 4 213 1
16 5 21 1
16 8 25 1
16 17 325 1
16 18 86 1
16 24 50 2
16 26 2 18
17 0 38 1
17 1 279 1
17 2 1 28
17 4 31 14
17 5 179 1
17 6 251 1
17 7 293 21
17 11 2 1
17 14 3 18
17 16 1 19
17 19 17 2
17 24 1 2
17 25 102 8
17 27 1 22
18 0 147 1
18 1 102 1
18 2 2 29
18 3 73 13
18 4 70 26
18 5 2 3
18 6 113 2
18 7 111 1
18 11 8 1
18 16 1 21
18 17 93 2
18 23 1 15
18 25 1 11
19 4 1 18
19 20 27 1
20 0 24 2
20 1 1 19
20 2 109 1
20 3 1 25
20 4 2 19
20 5 1 5
20 8 76 2
20 9 70 25
20 11 1 20
20 12 113 4
20 17 45 15
20 19 52 1
20 22 1 16
21 1 74 2
21 2 19 28
21 6 13 10
21 17 1 8
22 1 1 25
22 4 29 2
22 7 1 19
22 12 1 28
22 13 7 1
22 14 34 3
22 25 2 26
23 4 9 10
23 6 81 5
23 8 17 17
23 10 2 8
23 11 26 1
23 12 52 20
23 13 6 10
23 15 1 1
23 26 24 2
24 0 28 1
24 1 109 2
24 3 62 1
24 5 23 1
24 7 150 20
24 8 14 1
24 10 160 1
24 11 81 1
24 12 53 3
24 14 46 14
24 16 11 1
24 18 52 1
24 22 21 2
24 26 6 5
25 6 146 19
25 7 4 26
25 8 130 1
25 9 39 5
25 10 2 1
25 11 6 1
25 12 1 24
25 20 1 26
25 24 8 2
25 26 43 3
25 27 1 8
26 4 1 8
26 10 1 11
26 18 30 3
26 19 1 28
26 23 18 2
27 3 1 4
27 4 1 16
27 5 22 3
27 6 34 2
27 7 1 5
27 9 1 6
27 17 75 2
27 23 1 5
