0 1 37 21
0 2 1 29
0 3 288 28
0 5 61 12
0 7 5 1
0 8 21 18
0 9 29 1
0 10 32 1
0 11 6 25
0 14 58 1
0 15 1 28
0 16 22 29
0 17 52 2
0 20 189 1
0 23 2 7
0 24 60 7
1 0 27 15
1 2 1 24
1 3 39 3
1 4 3 26
1 5 56 14
1 6 325 1
1 7 62 1
1 8 21 1
1 9 310 2
1 10 195 1
1 11 8 28
1 12 231 1
1 14 41 4
1 16 91 12
1 17 2 1
1 18 133 1
1 19 6 23
1 20 12 23
1 24 22 26
1 25 85 1
2 0 86 1
2 1 7 16
2 3 78 1
2 4 89 1
2 6 354 1
2 7 35 3
2 8 414 7
2 9 2 15
2 10 3 12
2 11 1 1
2 23 13 13
2 24 13 23
3 0 272 23
3 1 50 8
3 4 22 2
3 5 38 16
3 6 57 1
3 7 4 8
3 8 21 9
3 10 1 15
3 11 4 18
3 12 2 6
3 14 4 6
3 16 34 18
3 18 3 24
3 20 16 19
3 24 39 15
3 25 4 10
3 27 53 21
4 0 320 1
4 1 407 1
4 2 30 1
4 3 8 1
4 5 4 25
4 6 102 29
4 8 1 28
4 9 25 8
4 10 131 1
4 11 3 1
4 12 223 4
4 13 115 16
4 15 123 1
4 17 246 1
4 18 6 21
4 24 70 2
5 0 22 1
5 1 35 10
5 2 31 1
5 3 22 7
5 4 77 29
5 6 3 6
5 7 2 2
5 8 52 18
5 9 11 8
5 11 237 3
5 15 11 26
5 16 63 29
5 17 192 2
5 24 23 12
6 0 2 3
6 1 4 26
6 2 2 1
6 3 3 2
6 4 3 13
6 5 41 4
6 8 105 6
6 9 290 1
6 10 311 1
6 11 1 14
6 12 79 1
6 14 4 25
6 18 258 1
6 20 1 27
6 23 2 12
6 24 2 21
7 0 68 1
7 1 48 1
7 2 232 1
7 3 6 5
7 5 15 2
7 6 404 1
7 8 265 1
7 9 1 10
7 10 5 1
7 11 15 1
7 13 42 2
7 14 7 28
7 15 2 18
7 16 1 1
7 17 1 1
7 20 166 1
7 22 90 4
7 23 26 1
7 24 2 24
7 25 93 1
8 0 22 10
8 1 19 16
8 2 26 1
8 3 21 13
8 5 18 24
8 6 55 4
8 7 284 1
8 9 48 1
8 10 10 4
8 11 2 23
8 12 137 1
8 13 26 3
8 14 14 1
8 15 166 2
8 16 57 8
8 17 6 3
8 18 4 29
8 19 3 15
8 21 90 25
8 24 92 17
8 25 1 21
9 0 1 16
9 1 1 5
9 3 85 1
9 4 20 10
9 5 94 1
9 6 45 23
9 7 251 1
9 8 2 22
9 10 4 6
9 11 19 23
9 12 30 6
9 15 40 3
9 16 1 6
9 19 23 3
9 25 24 1
10 0 59 1
10 1 1 4
10 2 17 17
10 3 147 1
10 4 2 14
10 5 1 8
10 7 24 15
10 8 147 28
10 9 199 18
10 11 17 17
10 12 367 1
10 13 104 1
10 14 36 1
10 15 56 1
10 17 64 3
10 21 1 29
10 22 2 5
10 23 64 2
10 25 83 1
11 0 11 1
11 1 13 22
11 2 23 2
11 3 103 1
11 4 10 18
11 5 96 1
11 6 14 7
11 7 123 25
11 9 342 1
11 10 2 5
11 12 3 4
11 13 165 1
11 14 99 1
11 15 314 1
11 16 38 6
11 17 5 23
11 19 35 9
11 20 174 3
11 22 5 19
11 23 197 1
11 24 89 1
11 25 4 3
11 27 1 23
12 0 15 8
12 4 21 3
12 5 69 1
12 8 248 1
12 9 5 5
12 10 360 2
12 13 5 1
12 14 3 27
12 15 42 2
12 18 106 1
12 20 52 15
12 23 1 1
12 24 1 21
12 25 2 11
13 0 3 10
13 6 4 6
13 12 18 11
13 26 17 29
13 27 19 17
14 3 6 23
14 4 7 6
14 5 17 3
14 6 2 28
14 10 3 15
14 11 439 1
14 12 33 1
14 13 2 2
14 16 2 10
14 19 10 13
14 20 60 1
14 23 1 3
14 26 27 2
14 27 4 20
15 1 13 1
15 2 1 8
15 5 34 2
15 6 38 1
15 7 2 13
15 8 74 1
15 10 125 15
15 11 230 1
15 14 1 15
15 16 2 22
15 17 76 6
15 23 1 24
15 27 1 2
16 0 57 25
16 1 22 13
16 2 1 19
16 3 67 25
16 5 22 25
16 8 22 2
16 11 87 3
16 17 93 1
16 18 48 1
16 19 54 1
16 20 3 1
16 23 1 1
16 24 43 20
16 27 1 23
17 1 60 1
17 2 1 20
17 4 1 14
17 6 220 1
17 8 69 1
17 9 135 2
17 11 169 12
17 16 1 11
17 18 2 20
17 19 12 1
18 0 137 3
18 1 90 2
18 4 104 2
18 5 56 11
18 6 95 1
18 7 102 3
18 8 21 1
18 9 67 1
18 10 25 1
18 15 36 4
18 19 40 12
19 0 48 1
19 1 2 3
19 4 4 2
19 9 1 12
19 11 1 1
19 17 4 22
19 18 1 15
19 20 277 1
20 2 92 1
20 3 1 19
20 4 1 9
20 10 22 5
20 11 5 12
20 16 86 3
20 17 1 24
20 18 2 25
20 23 47 6
20 24 24 5
20 26 1 6
21 10 16 26
21 11 1 2
22 4 25 3
22 5 2 3
22 6 36 1
22 7 1 22
22 12 5 5
22 14 30 4
22 15 16 4
23 2 20 16
23 10 3 3
23 13 7 27
23 18 1 19
23 22 1 12
23 24 25 1
23 25 2 11
24 0 156 2
24 1 35 28
24 3 70 14
24 4 105 1
24 5 43 24
24 6 1 10
24 7 114 1
24 8 30 11
24 9 9 1
24 10 143 1
24 11 38 1
24 12 50 1
24 13 12 17
24 15 1 8
24 16 27 5
25 1 83 1
25 4 34 8
25 6 4 15
25 7 4 15
25 8 113 1
25 10 1 7
25 12 50 13
25 16 3 12
25 17 77 1
25 27 1 25
26 3 1 24
26 8 29 2
26 14 32 29
26 17 2 26
26 19 1 12
26 24 77 8
26 25 1 5
27 0 38 1
27 1 1 24
27 3 16 20
27 4 1 2
27 7 34 8
27 8 5 26
27 10 57 1
27 12 25 11
