0 1 13 2
0 2 6 23
0 3 145 1
0 5 59 9
0 6 13 28
0 7 2 3
0 8 7 10
0 9 23 2
0 14 54 1
0 16 194 26
0 18 111 3
0 19 1 15
0 20 166 1
0 24 9 17
0 27 89 1
1 0 12 26
1 2 10 10
1 3 64 12
1 4 4 5
1 5 33 9
1 6 125 1
1 7 46 1
1 8 71 22
1 8 220 6
1 8 443 14
1 10 174 1
1 11 2 2
1 12 226 3
1 15 41 1
1 16 22 22
1 17 85 1
1 18 119 1
1 19 103 22
1 20 3 13
1 21 1 21
1 24 43 8
1 25 80 4
2 0 223 1
2 1 51 14
2 3 158 1
2 4 91 1
2 5 59 1
2 6 325 1
2 7 90 1
2 8 151 3
2 9 3 3
2 10 10 17
2 18 1 24
2 20 5 25
3 0 35 6
3 1 9 16
3 2 2 13
3 4 15 2
3 5 82 15
3 6 41 1
3 7 3 1
3 8 126 21
3 10 1 25
3 16 78 3
3 17 1 18
3 19 2 1
3 20 5 1
3 24 86 29
3 25 63 20
4 0 295 1
4 1 346 1
4 3 7 5
4 5 3 24
4 6 3 23
4 9 4 13
4 10 112 1
4 11 1 20
4 12 1 16
4 14 1 21
4 18 61 26
4 19 15 22
4 23 24 5
4 24 71 7
5 0 46 11
5 1 61 1
5 2 24 1
5 3 9 14
5 4 4 1
5 6 14 2
5 8 10 27
5 9 30 26
5 10 13 28
5 12 1 15
5 15 34 27
5 16 9 11
5 18 1 9
5 19 6 1
5 24 8 9
5 25 40 4
6 0 2 15
6 1 4 20
6 3 1 3
6 4 38 19
6 5 17 24
6 7 11 1
6 8 139 16
6 9 220 1
6 10 259 1
6 11 1 19
6 12 64 2
6 14 88 17
6 15 107 2
6 16 1 18
6 17 53 2
6 18 253 1
6 19 1 8
6 20 1 1
6 22 44 3
6 24 25 9
6 27 2 22
7 0 49 1
7 2 195 1
7 3 4 27
7 4 1 27
7 5 7 1
7 6 191 1
7 8 289 1
7 9 1 10
7 11 1 10
7 13 35 3
7 14 1 12
7 15 1 4
7 17 19 20
7 20 152 1
7 24 8 4
7 25 71 1
8 0 94 1
8 1 6 6
8 2 2 1
8 3 68 3
8 5 105 9
8 6 101 1
8 7 271 7
8 9 245 1
8 10 11 2
8 11 2 17
8 12 123 1
8 14 6 3
8 15 155 1
8 16 79 22
8 17 354 1
8 18 1 16
8 19 1 3
8 23 2 13
8 24 28 29
8 25 1 29
8 27 6 27
9 1 2 8
9 2 1 24
9 3 78 1
9 4 2 23
9 5 102 1
9 6 13 24
9 7 235 1
9 8 2 5
9 10 401 5
9 11 1 11
9 12 29 1
9 14 115 2
9 15 34 2
9 16 1 13
9 23 90 6
9 25 1 15
9 27 1 2
10 1 1 16
10 2 20 14
10 3 129 1
10 4 6 19
10 5 6 24
10 6 1 3
10 7 4 10
10 8 20 27
10 9 148 16
10 11 2 16
10 12 350 1
10 13 83 1
10 14 55 1
10 15 39 1
10 18 5 17
10 20 41 27
10 21 1 25
10 22 10 29
10 23 56 3
10 24 26 14
10 27 4 26
11 3 86 1
11 5 153 1
11 7 292 9
11 9 325 1
11 10 2 26
11 12 1 11
11 13 65 1
11 14 71 1
11 15 413 1
11 16 36 2
11 19 7 9
11 23 43 6
11 24 60 1
11 25 18 16
11 27 1 21
12 3 1 22
12 5 56 1
12 8 235 1
12 9 60 13
12 10 343 1
12 13 1 3
12 17 66 5
12 21 111 3
12 22 32 1
12 23 15 17
12 24 1 22
12 26 14 2
13 1 90 1
13 3 1 16
13 5 1 23
13 9 1 7
13 10 1 23
13 11 1 12
13 12 1 4
13 14 1 9
13 20 1 24
14 0 21 1
14 1 27 24
14 3 1 11
14 6 8 17
14 7 1 16
14 8 5 1
14 9 21 3
14 10 1 29
14 11 434 2
14 12 22 1
14 13 1 5
14 15 94 2
14 19 12 20
14 20 57 4
14 22 20 5
14 23 1 12
14 27 4 9
15 2 1 24
15 5 33 1
15 6 167 1
15 7 2 24
15 8 63 1
15 10 119 1
15 11 226 4
15 14 1 21
15 19 14 9
16 0 231 22
16 1 134 5
16 3 29 14
16 4 189 2
16 5 54 16
16 8 32 6
16 9 101 3
16 10 5 7
16 17 292 1
16 18 29 1
16 24 51 27
16 26 1 25
17 1 57 1
17 2 2 29
17 3 1 11
17 4 1 16
17 5 191 2
17 6 202 1
17 8 58 1
17 10 177 1
17 11 1 18
17 13 89 3
17 14 1 8
17 16 5 5
17 18 2 4
17 19 10 3
17 26 59 14
18 0 131 2
18 1 152 1
18 3 4 8
18 4 1 2
18 8 16 1
18 9 60 1
18 26 1 2
19 1 4 25
19 2 6 26
19 4 1 5
19 7 29 1
19 8 66 1
19 12 65 11
19 16 41 15
19 20 210 1
20 0 4 1
20 1 166 27
20 2 82 2
20 3 4 7
20 4 1 2
20 8 52 3
20 11 2 8
20 17 1 11
20 18 1 20
20 22 1 28
20 24 1 20
21 3 1 20
21 6 1 20
21 10 6 8
21 11 80 15
21 15 1 3
21 17 51 10
21 18 21 28
22 1 1 13
22 5 4 28
22 7 1 8
23 1 2 17
23 5 23 29
23 8 5 13
23 10 1 8
23 11 6 1
23 14 9 8
23 15 45 3
23 22 2 14
23 24 20 1
24 0 95 20
24 1 8 22
24 3 8 14
24 4 103 2
24 5 57 26
24 7 244 1
24 8 94 5
24 10 133 1
24 11 19 1
24 13 12 1
24 15 1 17
24 16 161 10
24 17 84 1
25 1 79 1
25 6 2 2
25 7 3 20
25 8 103 1
25 9 29 2
25 10 1 16
25 11 5 3
25 15 42 3
25 17 74 2
25 27 2 14
26 7 18 12
26 10 1 12
26 12 1 10
26 22 13 7
26 27 1 19
27 0 35 1
27 3 16 14
27 4 1 23
27 7 70 9
27 11 1 10
27 15 32 11
27 16 20 2
27 26 127 1
