0 1 52 29
0 3 205 15
0 5 66 9
0 6 41 28
0 7 3 28
0 8 4 2
0 9 22 1
0 10 24 1
0 11 1 20
0 14 54 1
0 16 5 10
0 18 110 3
0 19 1 4
0 20 163 1
0 24 257 9
0 27 89 1
1 0 8 27
1 2 3 8
1 3 60 27
1 4 8 9
1 5 254 24
1 6 283 1
1 7 43 1
1 8 3 28
1 9 97 2
1 10 171 1
1 11 1 22
1 12 225 1
1 15 40 4
1 16 5 10
1 17 82 1
1 18 117 2
1 19 10 27
1 20 13 1
1 21 1 2
1 23 39 5
1 24 39 28
1 26 60 2
2 0 220 1
2 1 33 6
2 3 21 1
2 4 88 1
2 6 320 1
2 7 85 1
2 8 147 2
2 9 5 8
2 10 162 10
2 15 1 18
2 19 1 9
2 20 13 15
2 23 2 17
2 24 13 3
2 26 2 23
3 0 280 26
3 1 138 14
3 2 4 25
3 5 5 18
3 6 39 2
3 7 55 23
3 8 4 21
3 9 11 5
3 10 1 9
3 11 2 24
3 15 39 4
3 16 113 23
3 19 1 21
3 20 1 6
3 24 71 16
4 0 291 1
4 1 336 1
4 2 17 3
4 3 186 11
4 5 8 1
4 6 16 29
4 9 2 10
4 10 109 1
4 12 1 23
4 17 225 1
4 18 27 20
4 20 2 13
4 22 1 22
4 25 65 1
4 26 23 7
5 0 35 9
5 1 323 9
5 2 23 4
5 3 5 12
5 4 4 5
5 6 15 23
5 8 235 17
5 8 367 13
5 9 16 20
5 10 98 1
5 11 234 1
5 12 11 20
5 13 1 16
5 16 76 27
5 18 24 6
5 20 39 1
5 24 27 9
6 0 4 27
6 1 59 20
6 3 10 12
6 4 312 1
6 5 16 25
6 7 9 28
6 8 89 28
6 9 207 1
6 10 38 1
6 11 1 5
6 12 62 1
6 14 42 20
6 15 106 1
6 16 175 7
6 17 51 2
6 18 252 2
6 20 1 28
6 22 44 2
7 0 46 1
7 1 32 1
7 2 190 1
7 3 17 1
7 4 54 14
7 6 185 1
7 8 277 1
7 9 1 19
7 11 2 9
7 13 35 1
7 14 1 2
7 15 1 22
7 17 2 27
7 20 150 1
7 21 68 2
7 22 84 2
7 23 19 1
7 24 1 21
7 25 68 1
7 26 61 4
8 0 25 8
8 1 16 28
8 3 237 28
8 6 63 1
8 7 170 1
8 9 237 1
8 10 90 10
8 11 4 9
8 12 121 1
8 13 19 1
8 14 5 3
8 15 153 1
8 16 52 14
8 18 23 22
8 19 1 1
8 22 2 1
8 24 5 5
9 0 1 5
9 1 1 19
9 3 77 1
9 4 4 16
9 5 87 1
9 6 48 11
9 7 232 1
9 8 5 4
9 10 3 1
9 11 20 25
9 12 2 10
9 14 113 2
9 20 116 1
9 22 29 20
9 24 1 28
9 27 3 16
10 0 49 1
10 2 5 27
10 3 127 1
10 4 102 14
10 5 1 25
10 6 2 15
10 7 3 9
10 8 10 20
10 9 43 25
10 11 324 1
10 12 347 2
10 13 80 1
10 14 48 21
10 15 36 1
10 18 2 9
10 20 8 18
10 23 55 2
10 24 8 29
10 25 69 1
10 26 9 7
10 27 77 4
11 1 118 28
11 2 19 18
11 3 82 1
11 4 2 19
11 7 12 1
11 10 6 7
11 13 63 2
11 14 67 1
11 15 398 1
11 17 6 18
11 18 144 3
11 19 4 5
11 20 164 1
11 21 127 23
11 23 190 2
11 24 56 1
11 25 4 12
11 27 3 9
12 0 10 9
12 4 1 24
12 5 54 1
12 6 157 1
12 7 3 2
12 8 233 1
12 9 2 19
12 13 1 1
12 15 36 2
12 19 10 2
12 20 2 13
12 21 111 1
12 22 31 1
13 0 5 23
13 4 96 22
13 6 1 24
13 8 11 2
13 9 9 19
13 11 2 16
13 12 2 23
13 14 1 2
13 15 19 3
13 19 6 8
13 20 68 3
14 1 18 24
14 3 7 12
14 4 1 3
14 7 2 23
14 8 3 6
14 9 157 1
14 10 109 28
14 11 432 9
14 12 21 2
14 13 1 24
14 15 5 2
14 23 3 8
15 1 84 29
15 2 1 5
15 3 2 7
15 4 12 3
15 5 32 3
15 7 4 24
15 8 61 1
15 10 115 1
15 11 117 1
15 13 1 24
15 14 1 20
15 20 70 1
15 24 1 29
16 0 122 9
16 1 4 4
16 2 5 14
16 3 5 1
16 5 5 8
16 8 153 21
16 9 101 1
16 10 3 24
16 17 82 1
16 18 27 1
16 21 22 1
16 24 4 10
16 27 1 11
17 1 48 1
17 2 2 25
17 3 68 20
17 4 1 24
17 5 190 1
17 6 199 1
17 7 9 1
17 8 56 2
17 9 126 1
17 11 1 14
17 13 89 27
17 16 2 24
17 18 1 2
17 19 9 1
18 0 130 2
18 4 51 19
18 6 83 2
18 7 96 1
18 8 15 4
18 9 58 1
18 12 100 1
18 16 5 24
18 17 67 2
18 20 2 2
19 0 241 2
19 8 65 1
19 11 3 15
19 18 2 27
19 20 199 1
20 1 1 16
20 2 81 1
20 3 1 3
20 6 8 1
20 8 51 2
20 9 14 16
20 11 1 8
20 15 3 2
20 16 83 10
20 24 1 23
20 25 1 19
20 26 1 24
21 3 1 26
21 10 2 20
21 12 37 3
21 13 13 3
21 15 1 2
21 16 18 2
21 17 3 2
21 20 8 10
21 25 2 10
22 1 5 28
22 5 1 6
22 6 32 4
22 9 82 1
22 13 3 2
22 14 27 1
23 2 1 11
23 6 72 3
23 8 18 27
23 10 28 10
23 11 5 2
23 12 1 24
23 15 44 4
23 19 7 9
23 24 19 3
23 25 2 19
24 0 4 27
24 1 84 22
24 3 5 23
24 5 62 21
24 6 3 2
24 7 241 1
24 8 124 15
24 9 7 1
24 10 131 1
24 11 17 1
24 13 11 14
24 15 1 1
24 16 27 15
24 17 83 3
24 25 1 29
24 26 1 7
25 2 30 1
25 4 31 3
25 6 2 1
25 7 1 20
25 9 28 5
25 10 47 2
25 11 14 20
25 15 42 1
25 20 2 1
25 26 35 1
25 27 4 17
26 4 1 17
26 7 1 23
26 10 1 10
26 11 19 1
26 25 1 7
27 4 1 2
27 7 5 23
27 9 1 19
27 20 1 25
27 26 125 2
