0 1 28 15
0 3 91 22
0 4 2 19
0 5 12 1
0 6 1 4
0 7 3 22
0 8 68 3
0 9 22 1
0 10 23 3
0 11 6 11
0 15 1 21
0 16 2 1
0 17 37 1
0 20 161 1
0 24 2 5
1 0 398 8
1 2 7 26
1 3 119 6
1 4 8 24
1 5 12 12
1 6 275 1
1 7 42 1
1 9 97 1
1 10 168 1
1 11 8 2
1 14 35 5
1 16 187 2
1 17 361 1
1 18 116 1
1 19 1 6
1 20 1 7
1 21 1 13
1 24 2 16
1 25 79 5
1 26 60 14
2 0 218 1
2 1 31 7
2 3 38 18
2 4 86 1
2 5 2 7
2 6 317 1
2 7 82 1
2 8 143 1
2 9 1 22
2 10 4 16
2 20 1 16
2 26 4 7
3 0 55 5
3 1 129 13
3 2 5 20
3 4 14 1
3 5 306 9
3 6 38 1
3 7 3 1
3 8 36 29
3 10 1 11
3 11 7 8
3 12 1 25
3 16 2 16
3 17 2 18
3 18 4 2
3 19 1 14
3 22 5 7
3 24 106 7
4 0 289 1
4 1 329 1
4 3 6 1
4 5 8 7
4 6 6 21
4 9 2 21
4 10 108 1
4 11 1 16
4 12 16 6
4 13 2 1
4 14 1 27
4 15 121 3
4 17 223 1
4 18 2 21
4 22 1 19
4 23 24 6
4 24 3 7
4 25 64 1
5 0 138 9
5 1 1 10
5 3 87 11
5 4 38 3
5 6 34 14
5 8 3 15
5 9 29 19
5 11 233 1
5 16 2 24
5 17 185 1
5 20 38 5
5 24 2 10
5 25 39 7
6 0 3 4
6 1 11 22
6 3 1 28
6 4 310 1
6 5 14 8
6 7 65 2
6 8 26 6
6 9 198 1
6 10 31 1
6 11 1 20
6 12 61 1
6 14 6 10
6 15 106 1
6 16 1 7
6 17 50 2
6 18 251 4
6 22 43 3
6 24 2 17
6 27 1 11
7 0 45 1
7 1 30 1
7 2 186 1
7 3 61 6
7 4 6 7
7 5 320 1
7 6 181 1
7 8 268 1
7 9 9 24
7 11 2 27
7 12 1 21
7 14 1 25
7 15 9 2
7 21 68 17
7 22 83 2
7 23 18 4
7 24 1 6
7 25 66 1
7 27 40 1
8 0 64 2
8 1 103 5
8 3 5 1
8 5 32 27
8 6 19 5
8 7 165 1
8 9 232 1
8 10 76 9
8 11 15 27
8 13 18 2
8 16 23 13
8 17 352 3
8 18 1 4
8 19 2 14
8 21 90 1
8 22 1 12
8 23 67 21
8 24 88 26
9 3 76 1
9 4 6 10
9 5 74 1
9 6 3 4
9 7 230 1
9 8 23 9
9 10 408 27
9 11 1 12
9 12 2 25
9 14 112 1
9 16 2 17
9 25 71 4
10 0 48 1
10 1 407 27
10 2 1 23
10 3 125 1
10 4 7 27
10 5 3 5
10 6 1 17
10 7 1 18
10 8 30 1
10 9 10 16
10 11 317 1
10 12 346 1
10 13 78 1
10 14 187 19
10 15 35 1
10 17 55 3
10 19 1 13
10 20 25 2
10 21 2 27
10 22 15 2
10 23 54 1
10 24 1 27
10 25 68 1
10 26 1 26
11 0 5 2
11 1 19 8
11 3 80 1
11 4 4 5
11 6 337 13
11 7 149 17
11 9 321 1
11 10 8 3
11 13 62 1
11 14 64 1
11 15 387 7
11 17 9 16
11 19 1 1
11 20 163 2
11 22 2 16
11 23 189 29
11 24 54 1
11 25 6 1
12 1 210 2
12 2 30 6
12 4 2 18
12 5 53 1
12 6 156 3
12 7 3 2
12 9 10 24
12 10 339 1
12 13 1 1
12 14 3 1
12 15 36 1
12 17 65 5
12 19 9 12
12 20 1 22
12 21 110 2
12 24 1 13
12 25 2 2
13 8 11 3
13 12 4 19
13 14 2 6
13 22 5 2
14 1 3 3
14 3 1 6
14 7 1 21
14 10 355 9
14 12 20 1
14 13 3 9
14 15 4 1
14 17 17 5
14 18 57 1
14 21 1 3
14 22 20 1
14 24 19 2
14 25 10 2
14 26 26 4
14 27 1 18
15 3 1 7
15 7 79 20
15 8 60 2
15 10 112 1
15 11 330 1
15 12 135 10
15 14 2 13
15 16 1 1
15 20 69 6
15 23 1 20
16 0 59 9
16 1 221 5
16 3 103 15
16 5 24 6
16 7 3 1
16 8 21 25
16 9 100 6
16 13 32 1
16 17 79 1
16 18 25 1
16 19 53 3
16 23 7 7
16 24 60 2
17 1 42 3
17 2 1 28
17 3 1 7
17 4 7 22
17 5 190 1
17 6 197 1
17 8 55 1
17 9 125 2
17 10 175 1
17 14 1 3
17 16 6 5
17 18 2 29
17 20 18 15
17 24 1 3
17 26 4 22
18 0 130 1
18 2 3 24
18 3 6 25
18 4 3 3
18 5 13 5
18 6 82 2
18 7 96 2
18 11 4 2
18 12 34 28
18 17 66 1
18 20 2 1
18 27 1 8
19 0 240 1
19 2 1 18
19 4 80 8
19 8 64 1
19 9 6 20
19 11 1 13
19 20 191 1
19 24 7 14
20 1 3 28
20 2 80 1
20 5 5 8
20 6 7 3
20 8 50 1
20 10 1 4
20 12 108 1
20 15 3 5
20 17 1 8
20 18 2 2
20 19 1 18
20 22 6 4
20 23 25 19
20 25 1 25
21 1 70 1
21 5 21 28
21 10 1 5
21 11 1 21
21 15 1 22
21 16 18 1
21 17 3 4
22 10 1 4
22 12 3 28
22 13 2 17
22 14 27 4
23 8 1 2
23 11 4 2
23 12 24 13
23 17 48 13
24 0 41 22
24 1 283 25
24 2 1 1
24 3 2 24
24 4 103 1
24 5 2 10
24 6 3 25
24 7 240 1
24 8 166 3
24 10 130 1
24 11 16 1
24 12 47 3
24 14 1 15
24 16 44 24
24 23 40 2
24 25 1 27
24 26 34 27
25 0 1 23
25 2 29 2
25 5 17 22
25 6 1 1
25 7 1 26
25 8 101 1
25 10 48 2
25 11 6 22
25 18 51 1
25 23 20 28
25 24 1 19
25 27 8 20
26 3 1 11
26 6 1 14
26 7 1 9
26 10 2 1
26 17 1 19
26 24 74 8
26 27 1 5
27 1 1 18
27 4 1 27
27 7 1 29
27 8 1 26
27 9 1 18
27 10 50 2
27 11 1 6
27 14 1 20
27 26 124 1
