0 1 13 23
0 3 46 1
0 5 43 25
0 7 1 22
0 8 312 14
0 10 20 1
0 11 6 17
0 15 1 1
0 16 5 25
0 19 2 16
0 20 150 1
0 23 3 7
0 24 276 1
0 25 122 8
0 27 87 11
1 0 344 1
1 2 4 13
1 3 24 13
1 4 22 16
1 5 64 7
1 6 232 1
1 7 35 1
1 8 420 7
1 9 306 2
1 10 158 1
1 11 2 5
1 15 38 2
1 16 94 1
1 17 130 1
1 18 110 1
1 19 1 13
1 23 38 1
1 24 75 1
1 25 77 3
1 26 1 1
2 0 78 1
2 1 6 19
2 3 21 11
2 4 80 1
2 5 1 1
2 6 301 1
2 7 19 1
2 8 381 1
2 9 11 14
2 10 34 17
2 13 2 20
2 16 82 16
2 18 24 28
2 19 1 16
2 20 1 19
2 24 1 14
3 0 12 1
3 1 129 23
3 2 11 29
3 5 72 1
3 6 31 1
3 7 7 11
3 8 5 12
3 9 9 4
3 10 3 5
3 11 5 4
3 16 11 1
3 17 1 3
3 18 5 10
3 19 12 19
3 22 5 1
3 24 46 1
4 0 276 1
4 1 13 1
4 2 12 2
4 3 185 1
4 5 4 26
4 6 3 10
4 9 4 5
4 10 99 1
4 11 3 6
4 13 2 12
4 17 213 2
4 18 4 2
4 20 4 8
4 22 2 16
5 0 95 1
5 1 346 1
5 2 20 2
5 3 27 4
5 4 8 18
5 6 20 13
5 8 390 26
5 9 8 18
5 12 2 14
5 14 18 24
5 16 47 18
5 18 4 8
5 20 37 2
5 24 215 2
6 0 3 23
6 1 8 9
6 3 12 2
6 4 206 1
6 5 84 12
6 8 195 4
6 9 173 1
6 10 234 1
6 11 1 3
6 12 54 1
6 14 7 8
6 15 102 3
6 16 175 17
6 17 44 2
6 18 249 1
6 21 1 29
6 23 7 10
6 24 5 15
6 26 2 16
7 0 36 1
7 1 24 1
7 2 169 1
7 3 4 19
7 4 1 5
7 5 314 1
7 6 157 1
7 8 304 23
7 9 4 8
7 11 9 5
7 13 31 1
7 15 3 11
7 20 142 1
7 21 24 21
7 22 81 1
7 24 37 10
7 25 56 1
7 26 59 1
8 0 28 1
8 1 353 1
8 3 252 29
8 5 411 1
8 6 21 1
8 7 226 8
8 9 216 1
8 10 95 27
8 11 3 21
8 12 113 1
8 13 16 1
8 14 2 1
8 15 146 1
8 16 46 16
8 17 3 8
8 18 1 26
8 19 24 26
8 21 89 3
8 23 2 14
8 24 60 1
8 26 121 1
8 27 2 12
9 1 2 11
9 3 72 2
9 4 10 16
9 5 365 1
9 6 54 29
9 7 222 1
9 8 9 12
9 10 179 11
9 11 1 8
9 12 69 7
9 14 60 1
9 15 30 1
9 16 114 16
9 20 113 2
9 23 89 1
9 24 12 26
9 25 1 22
9 27 1 25
10 0 44 1
10 1 2 21
10 2 1 9
10 3 116 1
10 4 6 25
10 5 3 5
10 6 1 10
10 7 4 1
10 8 186 9
10 9 4 3
10 11 170 1
10 12 337 1
10 13 68 1
10 14 358 1
10 15 27 2
10 16 84 2
10 17 52 1
10 18 2 24
10 20 1 17
10 22 15 19
10 24 1 16
10 25 62 1
10 26 95 7
11 1 6 5
11 3 69 1
11 4 3 17
11 5 149 1
11 6 1 26
11 7 39 20
11 9 312 1
11 10 9 12
11 12 2 20
11 13 154 1
11 14 52 1
11 15 221 1
11 19 1 4
11 20 159 1
11 23 48 2
11 24 42 1
11 25 14 20
11 27 1 6
12 0 16 26
12 1 207 1
12 2 29 2
12 4 2 28
12 6 117 1
12 8 225 1
12 9 2 8
12 10 329 2
12 14 1 11
12 15 33 3
12 17 63 4
12 20 2 10
12 22 27 2
12 26 14 3
13 4 2 21
13 5 8 6
13 12 30 22
13 21 4 25
13 27 20 17
14 1 19 10
14 3 12 1
14 5 49 3
14 6 1 7
14 7 4 6
14 9 4 24
14 10 3 20
14 11 428 1
14 12 22 1
14 13 1 27
14 15 89 1
14 17 16 3
14 23 9 2
14 27 5 29
15 3 5 4
15 7 19 20
15 8 55 1
15 10 100 1
15 11 270 1
15 12 135 1
15 14 1 18
16 0 10 21
16 1 15 1
16 3 28 1
16 4 182 1
16 5 75 1
16 7 1 26
16 8 70 1
16 12 81 1
16 17 62 1
16 18 18 1
16 24 79 1
17 0 8 1
17 1 222 1
17 2 1 14
17 4 7 23
17 5 187 1
17 6 188 1
17 7 292 1
17 8 50 1
17 9 121 1
17 11 2 3
17 14 24 11
17 16 1 20
17 22 6 25
17 24 1 5
17 25 98 13
17 26 1 7
17 27 3 20
18 0 127 1
18 1 146 2
18 2 2 17
18 4 2 25
18 5 6 13
18 6 77 2
18 9 54 2
18 16 1 3
18 19 38 3
19 0 50 1
19 1 1 28
19 7 26 1
19 8 61 2
19 12 65 3
19 16 41 2
19 17 1 3
19 20 157 1
19 26 16 6
20 1 32 14
20 3 1 21
20 6 6 6
20 7 1 23
20 8 46 3
20 9 3 20
20 10 1 16
20 19 1 27
20 24 2 12
21 11 80 12
22 3 16 1
22 4 22 6
22 7 97 6
22 8 143 3
22 19 2 26
22 20 1 26
22 25 11 24
23 6 70 5
23 8 1 9
23 10 1 13
23 11 2 5
23 15 43 1
23 18 2 6
23 19 6 3
23 24 16 2
23 25 2 3
24 0 7 24
24 1 92 6
24 3 41 12
24 4 102 1
24 5 23 1
24 7 232 1
24 8 126 6
24 10 125 2
24 11 9 1
24 12 46 2
24 16 237 1
24 23 38 1
25 0 98 15
25 1 76 1
25 2 29 3
25 7 3 8
25 8 96 1
25 9 26 4
25 10 1 19
25 11 5 28
25 20 3 17
25 24 30 3
25 26 33 2
25 27 2 10
26 8 25 1
26 14 31 13
26 18 28 8
26 19 2 4
27 2 15 1
27 3 19 20
27 6 25 1
27 26 117 2
