0 1 72 17
0 2 4 2
0 3 286 1
0 4 32 1
0 5 45 1
0 6 40 5
0 7 4 21
0 8 245 7
0 13 90 22
0 15 1 9
0 16 89 1
0 18 101 2
0 19 3 29
0 20 133 1
0 23 1 10
0 24 165 1
0 25 131 1
1 0 156 17
1 2 36 22
1 3 246 1
1 4 31 15
1 5 164 1
1 6 89 1
1 7 25 1
1 8 233 1
1 9 92 2
1 10 142 1
1 11 13 21
1 12 217 1
1 14 30 1
1 16 155 1
1 17 113 1
1 18 99 1
1 19 1 11
1 20 1 5
1 22 19 1
1 24 17 24
2 0 196 1
2 1 6 11
2 3 65 1
2 4 22 1
2 5 35 1
2 6 274 1
2 7 57 1
2 8 90 1
2 9 10 1
2 10 30 14
2 13 1 27
2 15 1 13
2 16 83 3
2 19 3 21
2 27 1 6
3 0 97 1
3 1 89 1
3 2 6 24
3 4 7 1
3 5 38 1
3 6 22 2
3 7 2 28
3 8 156 1
3 10 3 21
3 11 1 16
3 12 62 28
3 16 56 1
3 23 40 3
3 24 33 1
4 0 255 1
4 1 351 6
4 3 23 5
4 5 92 25
4 6 64 2
4 8 394 26
4 9 180 4
4 11 1 21
4 12 1 21
4 13 1 17
4 17 198 1
4 18 4 1
4 21 1 2
4 22 3 21
4 25 60 4
5 0 135 1
5 1 147 1
5 2 16 1
5 3 256 1
5 4 7 13
5 6 71 2
5 8 148 1
5 9 7 3
5 10 361 1
5 12 1 22
5 16 77 4
5 18 1 1
5 22 12 13
5 24 357 1
6 0 18 28
6 1 4 22
6 3 3 24
6 4 85 27
6 5 249 10
6 7 8 1
6 8 109 18
6 9 114 1
6 10 263 1
6 11 1 26
6 12 44 1
6 14 1 29
6 17 35 1
6 18 244 1
6 20 1 25
6 23 5 19
6 24 1 27
6 26 9 1
7 0 25 1
7 2 141 1
7 3 33 12
7 5 19 6
7 6 376 1
7 8 158 1
7 9 16 3
7 10 1 3
7 11 8 22
7 12 108 12
7 14 244 25
7 15 2 15
7 19 1 14
7 20 131 2
7 22 76 1
7 24 22 22
7 25 41 2
8 0 200 5
8 1 144 1
8 2 2 15
8 3 280 1
8 6 4 3
8 7 63 1
8 9 178 1
8 10 55 17
8 11 2 19
8 12 102 2
8 13 11 2
8 15 136 2
8 16 24 7
8 17 349 1
8 18 1 9
8 19 6 1
8 24 85 1
8 27 157 8
9 1 1 26
9 4 29 24
9 5 272 1
9 6 73 27
9 7 208 1
9 8 24 22
9 10 11 5
9 11 4 17
9 12 182 16
9 16 114 25
9 17 152 2
9 18 1 2
9 19 17 2
9 21 2 23
9 22 72 7
9 24 1 28
9 27 37 8
10 0 37 3
10 1 1 17
10 2 1 10
10 3 102 2
10 4 1 12
10 5 26 23
10 6 3 24
10 7 51 14
10 8 8 16
10 9 4 9
10 11 255 1
10 12 322 1
10 13 53 1
10 14 210 1
10 15 17 1
10 16 82 1
10 17 46 2
10 18 52 1
10 20 42 17
10 24 1 6
10 25 53 2
10 26 1 14
10 27 1 11
11 1 118 15
11 2 292 28
11 3 52 1
11 4 1 11
11 5 143 8
11 6 1 22
11 7 150 28
11 9 297 1
11 10 29 13
11 13 144 1
11 14 35 1
11 15 125 1
11 22 3 21
11 24 26 1
11 25 4 10
11 27 1 5
12 0 4 10
12 1 202 1
12 3 1 25
12 4 14 19
12 5 38 1
12 6 155 1
12 7 1 3
12 9 85 8
12 10 314 1
12 14 9 27
12 15 29 4
12 21 102 2
12 22 23 1
12 27 4 15
13 0 2 15
13 6 4 21
13 10 183 1
13 11 2 8
13 12 117 2
13 17 1 3
14 1 7 5
14 2 1 9
14 4 30 20
14 6 2 25
14 7 1 4
14 8 9 1
14 9 42 14
14 10 109 25
14 11 412 1
14 12 13 1
14 13 16 9
14 15 29 1
14 19 13 13
14 24 17 3
14 25 8 1
15 1 5 18
15 7 2 5
15 9 1 9
15 10 82 1
15 11 180 1
15 14 8 9
15 16 4 1
15 23 1 23
16 0 211 1
16 1 201 1
16 3 133 1
16 4 174 2
16 5 95 1
16 8 360 3
16 11 79 4
16 17 278 1
16 24 48 1
17 1 184 1
17 2 1 2
17 4 11 18
17 6 173 1
17 7 6 8
17 8 43 1
17 9 114 2
17 10 164 1
17 11 22 6
17 14 8 28
17 15 81 6
17 16 1 16
17 20 18 13
17 26 2 24
17 27 1 12
18 0 121 2
18 1 80 1
18 4 1 9
18 6 69 1
18 9 49 1
18 17 55 2
19 0 98 1
19 1 1 4
19 9 1 21
19 16 40 3
19 20 105 1
19 26 16 21
20 1 1 9
20 2 67 2
20 3 1 6
20 4 2 25
20 5 1 11
20 7 2 8
20 8 40 1
20 10 2 13
20 11 13 7
20 14 94 3
20 17 1 18
20 18 4 24
20 19 9 8
20 22 7 23
20 26 2 17
21 3 1 28
21 9 27 3
21 10 7 19
21 12 30 1
21 15 5 20
21 16 17 6
21 19 1 16
22 1 5 16
22 4 21 1
22 5 1 15
22 7 1 24
22 8 139 4
22 11 22 5
22 12 1 5
22 14 23 5
23 2 20 6
23 5 1 4
23 7 1 21
23 8 1 20
23 10 1 13
23 15 40 2
23 20 74 22
23 21 1 13
23 22 1 20
23 25 2 3
23 26 21 1
24 0 210 1
24 1 377 2
24 3 316 1
24 5 89 4
24 6 2 4
24 7 218 1
24 8 2 1
24 9 4 10
24 10 117 1
24 11 2 1
24 15 2 5
24 16 39 19
24 22 13 6
24 27 1 20
25 0 1 25
25 6 138 4
25 7 11 14
25 10 1 5
25 11 6 18
25 21 13 18
25 24 29 1
25 27 30 2
26 0 1 10
26 4 39 12
26 5 1 8
26 6 1 21
26 7 2 7
26 9 37 1
26 11 14 1
27 1 4 26
27 5 18 1
27 8 2 24
27 10 44 1
27 11 4 12
27 15 31 2
27 16 19 10
27 18 1 27
27 26 106 1
