0 1 8 7
0 2 2 8
0 3 17 21
0 4 162 1
0 5 14 10
0 6 177 1
0 7 35 24
0 8 14 12
0 11 49 2
0 12 143 1
0 13 1 24
0 14 1 2
0 16 13 26
0 17 5 29
0 19 41 1
0 20 3 13
0 21 1 16
0 23 21 10
0 24 14 3
0 27 1 25
1 0 195 1
1 2 2 7
1 3 12 23
1 4 254 1
1 5 15 19
1 6 27 20
1 7 8 4
1 8 11 5
1 9 92 1
1 10 2 25
1 11 331 1
1 12 1 1
1 16 25 22
1 17 2 29
1 18 2 19
1 19 207 1
1 21 24 27
1 24 16 19
1 27 2 1
2 0 306 1
2 1 98 9
2 3 289 1
2 4 33 1
2 5 44 2
2 6 394 1
2 7 148 1
2 8 12 1
2 9 84 2
2 10 1 26
2 11 11 20
2 13 20 5
2 18 46 1
2 20 214 1
2 25 1 3
3 0 210 1
3 1 11 29
3 2 2 1
3 4 1 12
3 5 27 28
3 7 46 1
3 8 15 24
3 9 2 1
3 11 131 3
3 15 1 18
3 16 14 22
3 18 53 2
3 19 68 3
3 20 5 26
3 23 1 19
3 24 20 22
3 25 1 7
4 1 58 10
4 2 5 24
4 5 112 1
4 6 10 6
4 7 356 3
4 8 130 1
4 9 1 17
4 10 1 9
4 12 42 1
4 13 1 29
4 15 3 7
4 16 1 4
4 17 1 15
4 18 2 11
4 21 41 2
4 25 1 7
4 26 73 2
5 0 15 18
5 1 12 8
5 3 25 8
5 4 297 1
5 6 20 4
5 7 1 10
5 8 9 25
5 9 194 1
5 10 348 1
5 11 1 4
5 12 1 11
5 16 14 25
5 24 14 9
6 0 1 7
6 1 92 1
6 2 19 1
6 3 2 4
6 4 2 13
6 5 192 1
6 7 277 1
6 8 25 5
6 9 3 2
6 10 311 1
6 11 443 16
6 12 15 26
6 14 173 2
6 15 1 18
6 17 1 27
6 18 1 20
6 20 165 1
6 22 1 19
6 24 11 1
6 27 9 22
7 0 5 18
7 1 23 10
7 2 174 1
7 3 163 1
7 4 32 1
7 5 92 1
7 6 167 1
7 8 101 29
7 10 4 18
7 11 106 1
7 12 1 24
7 14 114 1
7 15 1 4
7 16 113 3
7 18 148 4
7 20 1 17
7 22 3 10
7 23 2 15
7 24 314 19
7 27 4 5
8 0 19 13
8 1 12 10
8 2 5 18
8 3 186 18
8 4 2 21
8 5 38 29
8 6 27 1
8 7 6 7
8 9 223 1
8 10 109 9
8 11 3 8
8 12 1 14
8 13 14 15
8 14 4 8
8 15 1 21
8 16 17 15
8 18 128 1
8 19 65 3
8 20 316 4
8 22 104 1
8 24 14 10
8 27 3 21
9 0 1 20
9 1 2 23
9 2 2 2
9 4 7 13
9 5 7 24
9 6 77 1
9 7 1 25
9 8 6 6
9 10 127 1
9 11 286 1
9 12 13 1
9 13 130 6
9 19 95 7
9 20 3 14
9 21 69 1
9 26 2 28
10 0 1 25
10 1 72 1
10 2 2 9
10 3 3 1
10 4 375 2
10 5 6 26
10 6 46 1
10 7 2 16
10 8 121 11
10 9 172 1
10 11 70 1
10 14 3 27
10 18 67 2
10 20 58 3
10 22 20 1
10 23 2 29
10 24 83 2
10 25 2 19
10 26 1 5
11 0 2 2
11 1 144 1
11 2 55 1
11 4 39 2
11 6 180 1
11 7 77 10
11 8 6 7
11 10 1 19
11 12 195 1
11 14 75 1
11 15 124 1
11 16 139 2
11 19 51 3
11 20 3 9
11 21 1 5
11 22 155 2
11 23 49 2
11 24 95 1
11 25 260 1
12 3 84 5
12 5 1 22
12 6 31 2
12 8 3 4
12 9 9 21
12 11 247 1
12 13 5 2
12 19 64 1
12 21 3 3
13 1 5 21
13 6 141 1
13 7 209 23
13 8 1 29
13 9 50 1
13 10 299 1
13 14 1 16
13 18 44 20
13 20 2 8
14 4 13 5
14 8 201 1
14 9 170 1
14 10 36 1
14 11 291 1
14 12 1 19
14 13 7 13
14 15 3 26
14 22 2 13
15 0 81 2
15 3 35 4
15 7 29 17
15 8 2 13
15 10 15 2
15 11 31 1
15 13 14 20
15 14 5 17
15 16 1 7
15 20 1 6
16 0 14 6
16 1 15 28
16 3 13 10
16 4 10 22
16 5 18 7
16 6 8 27
16 8 17 25
16 17 3 15
16 18 69 1
16 21 35 4
16 24 29 27
17 0 1 9
17 1 131 1
17 4 300 1
17 5 1 21
17 6 1 29
17 8 3 21
17 9 2 27
17 10 2 9
17 12 115 3
17 15 2 22
17 16 3 29
17 18 240 1
17 22 1 22
17 23 69 2
18 1 1 23
18 2 88 2
18 4 70 11
18 5 82 3
18 15 1 21
18 16 15 17
18 17 1 18
19 0 8 2
19 1 191 21
19 3 58 15
19 4 5 2
19 7 4 10
19 8 1 17
19 14 9 10
19 18 1 29
19 20 3 3
20 0 4 8
20 1 66 1
20 2 2 20
20 3 1 5
20 4 4 5
20 5 73 1
20 7 346 1
20 9 2 1
20 12 1 3
20 15 96 2
20 17 9 1
20 18 3 10
20 19 55 7
20 23 2 10
21 11 1 11
21 12 5 24
21 15 5 3
22 6 1 28
22 7 13 2
22 8 1 29
22 13 1 8
22 16 31 21
22 20 1 23
23 7 1 2
23 9 1 13
23 11 5 9
23 12 16 4
23 15 27 24
23 21 19 2
23 24 15 1
24 0 98 10
24 1 14 7
24 2 47 10
24 3 14 28
24 5 70 6
24 6 100 1
24 8 14 13
24 9 121 4
24 10 2 25
24 11 43 1
24 12 1 21
24 14 1 26
24 16 14 22
24 17 1 3
24 25 22 7
25 3 4 14
25 5 1 27
25 7 6 9
25 8 3 1
25 9 1 29
25 10 256 1
25 11 26 1
25 14 1 25
25 15 15 2
25 26 1 22
25 27 2 21
26 3 36 2
26 4 1 9
26 7 50 1
26 10 35 1
26 24 2 2
26 27 68 1
27 2 1 17
27 7 53 1
27 11 5 24
27 18 26 9
27 20 1 16
27 22 6 7
27 25 7 1
27 26 2 8
