0 1 49 5
0 2 167 1
0 5 1 26
0 6 150 1
0 7 2 27
0 8 1 7
0 9 8 3
0 13 91 5
0 14 44 1
0 16 2 11
0 18 91 1
0 19 2 18
0 20 100 1
0 21 57 15
0 23 3 24
0 24 3 23
0 27 83 6
1 0 1 3
1 2 29 12
1 3 3 5
1 4 13 16
1 5 3 25
1 6 144 29
1 8 21 4
1 10 111 1
1 11 1 15
1 12 207 3
1 16 16 2
1 17 316 1
1 18 80 1
1 19 127 22
1 20 3 17
1 24 2 21
1 26 1 10
2 0 183 1
2 1 57 21
2 3 2 2
2 4 73 12
2 5 26 2
2 6 217 1
2 7 14 1
2 8 267 1
2 9 155 27
2 10 1 2
2 11 1 16
2 15 30 21
2 17 1 13
2 18 1 22
2 19 1 5
2 20 23 27
2 21 3 24
3 0 4 13
3 1 4 2
3 2 23 22
3 4 1 7
3 5 2 15
3 7 409 25
3 7 113 23
3 8 3 10
3 10 2 18
3 11 2 21
3 12 3 12
3 16 49 20
3 17 4 8
3 20 1 1
3 24 2 6
3 25 59 1
4 0 214 1
4 1 249 5
4 3 175 1
4 5 7 9
4 6 2 19
4 7 4 20
4 8 389 1
4 9 1 18
4 10 61 1
4 12 1 13
4 14 22 27
4 17 168 1
4 18 2 1
4 20 1 20
4 22 2 8
4 23 19 7
4 25 56 1
5 0 2 20
5 1 6 11
5 3 2 20
5 4 14 21
5 6 55 1
5 7 1 29
5 9 3 21
5 10 86 1
5 11 216 2
5 12 2 3
5 16 2 29
5 24 2 17
5 25 36 1
6 0 3 13
6 1 4 21
6 2 1 3
6 3 18 13
6 4 93 1
6 5 312 1
6 7 264 1
6 8 149 4
6 9 29 1
6 10 216 1
6 11 1 29
6 12 27 1
6 14 2 28
6 15 86 2
6 18 232 1
6 22 34 1
6 26 1 21
7 0 8 2
7 1 4 2
7 2 91 1
7 3 28 1
7 4 21 28
7 5 5 1
7 6 65 1
7 8 102 1
7 9 2 5
7 10 2 25
7 11 13 29
7 15 2 22
7 20 110 2
7 21 1 9
7 24 1 4
7 25 19 1
8 0 2 24
8 2 38 18
8 4 2 9
8 5 53 1
8 6 31 9
8 7 374 1
8 9 120 1
8 10 225 21
8 11 6 27
8 12 82 1
8 15 117 1
8 16 13 2
8 17 335 1
8 18 1 29
8 19 1 6
8 24 3 22
8 26 116 4
8 27 162 9
9 1 13 21
9 2 5 21
9 3 55 3
9 4 8 5
9 5 141 1
9 7 181 1
9 8 129 28
9 10 240 3
9 12 4 25
9 14 33 1
9 15 18 4
9 17 139 2
9 18 1 10
9 25 28 18
10 1 45 5
10 2 3 23
10 3 77 1
10 4 3 14
10 5 2 21
10 6 2 1
10 7 17 2
10 8 5 7
10 9 1 29
10 11 208 1
10 12 289 1
10 14 310 1
10 18 12 23
10 20 1 1
10 24 23 12
10 27 4 17
11 1 1 9
11 2 8 2
11 3 25 1
11 6 10 11
11 7 7 25
11 8 1 18
11 9 266 1
11 10 5 9
11 12 1 12
11 13 40 1
11 14 10 1
11 15 251 1
11 17 2 3
11 19 5 7
11 20 137 1
11 22 1 10
11 23 175 1
11 25 16 2
11 27 4 13
12 0 11 26
12 1 190 2
12 2 21 2
12 4 98 8
12 6 196 1
12 8 191 1
12 10 281 1
12 11 1 13
12 14 1 25
12 15 22 2
12 16 1 5
12 17 54 1
12 21 92 1
12 23 1 1
12 27 1 25
13 0 1 21
13 6 2 3
13 11 8 2
13 14 3 14
13 15 24 3
13 20 6 12
14 1 2 1
14 4 31 11
14 7 2 21
14 8 46 1
14 9 43 20
14 10 106 7
14 11 369 1
14 12 7 2
14 15 72 1
14 17 12 5
14 23 1 16
14 27 17 21
15 3 53 6
15 5 28 1
15 6 154 2
15 7 1 18
15 8 34 1
15 9 1 22
15 10 50 1
15 11 48 1
15 14 1 14
15 16 1 13
15 20 62 1
15 22 1 15
15 23 2 1
15 24 1 28
15 27 7 16
16 0 2 6
16 1 2 20
16 2 2 22
16 3 3 24
16 4 158 1
16 5 2 28
16 6 160 5
16 8 3 1
16 10 1 2
16 11 75 1
16 17 30 1
16 24 11 11
17 1 127 1
17 2 5 4
17 3 189 7
17 4 31 18
17 5 173 1
17 6 143 1
17 7 288 2
17 10 149 2
17 11 7 20
17 14 3 4
17 18 1 4
17 19 4 1
17 24 1 16
17 25 95 7
17 26 1 7
18 0 111 2
18 1 124 1
18 3 10 29
18 4 1 1
18 5 1 27
18 6 54 1
18 15 32 5
18 17 42 2
18 22 7 2
18 23 1 16
19 0 79 1
19 1 1 2
19 4 1 16
19 7 15 1
19 8 48 2
19 9 10 21
19 16 38 1
19 20 29 1
20 0 1 5
20 1 177 21
20 2 52 3
20 3 20 6
20 7 2 19
20 9 1 25
20 18 1 20
20 19 30 19
21 3 1 18
21 27 13 26
22 1 11 3
22 5 1 23
22 6 23 3
22 8 132 2
22 10 1 5
22 12 3 1
22 14 19 3
22 23 10 7
23 0 7 29
23 1 1 22
23 2 5 1
23 6 62 6
23 7 1 29
23 8 8 11
23 10 2 7
23 12 25 4
23 14 7 4
23 24 6 1
24 0 2 6
24 1 2 24
24 3 2 26
24 5 4 11
24 6 7 20
24 7 190 1
24 8 2 23
24 10 101 1
24 15 1 2
24 16 2 5
24 19 9 15
24 25 5 16
25 0 1 28
25 1 65 5
25 6 131 1
25 7 2 21
25 8 72 2
25 9 18 3
25 10 52 10
25 11 23 6
25 15 32 3
25 17 68 2
25 26 25 5
25 27 2 7
26 0 1 2
26 4 1 8
26 7 3 14
26 11 9 1
26 14 30 24
26 27 1 20
27 0 29 1
27 4 1 11
27 7 1 5
27 8 2 22
27 11 1 25
27 15 29 2
27 17 68 4
27 25 1 16
27 26 80 1
