0 1 17 10
0 2 157 1
0 3 17 6
0 4 38 1
0 5 39 21
0 6 140 5
0 7 1 20
0 8 75 29
0 11 8 13
0 16 40 16
0 17 2 2
0 19 47 1
0 20 67 1
0 24 80 29
0 26 9 12
0 27 80 1
1 0 15 27
1 2 78 29
1 3 32 12
1 4 14 13
1 5 18 21
1 6 224 1
1 7 1 2
1 8 16 23
1 9 351 1
1 10 79 1
1 11 1 27
1 12 195 1
1 14 16 1
1 15 23 1
1 16 58 16
1 17 127 1
1 18 59 1
1 24 18 23
1 25 60 1
2 0 146 1
2 1 2 7
2 3 7 2
2 4 44 2
2 5 46 2
2 6 153 1
2 7 176 1
2 8 129 1
2 10 16 1
2 11 3 21
2 13 1 22
2 17 1 7
2 18 1 15
2 20 1 2
3 0 90 26
3 1 232 29
3 2 10 23
3 5 18 10
3 7 403 1
3 8 47 6
3 10 1 24
3 11 2 7
3 16 18 13
3 17 1 28
3 20 3 11
3 24 18 28
3 25 54 1
4 0 167 1
4 1 216 1
4 3 151 1
4 5 14 14
4 6 398 11
4 8 369 1
4 9 1 21
4 11 1 20
4 12 11 14
4 13 113 2
4 14 115 20
4 17 135 1
4 18 12 2
4 20 3 28
5 0 65 20
5 1 62 14
5 2 2 1
5 3 59 17
5 4 10 3
5 6 355 10
5 7 2 21
5 8 13 11
5 9 311 1
5 10 71 1
5 12 9 3
5 13 32 25
5 15 33 3
5 16 54 7
5 18 1 4
5 22 9 20
5 23 9 1
5 24 44 27
6 0 2 16
6 1 4 14
6 2 24 8
6 3 6 14
6 4 168 1
6 5 261 1
6 7 23 1
6 8 78 20
6 10 116 1
6 11 7 25
6 12 12 1
6 14 4 4
6 18 217 1
6 20 1 13
6 21 1 11
6 22 28 6
6 24 27 23
6 26 2 22
7 2 45 1
7 3 4 27
7 5 279 1
7 6 10 1
7 8 254 1
7 9 1 22
7 10 1 15
7 11 335 18
7 13 10 1
7 15 90 19
7 17 3 4
7 20 88 1
7 22 57 2
7 24 1 21
7 25 3 4
7 26 40 2
8 0 76 2
8 1 16 22
8 2 5 2
8 3 69 27
8 4 2 8
8 5 65 5
8 6 25 14
8 7 346 2
8 9 59 1
8 10 246 25
8 11 26 22
8 12 61 1
8 15 96 1
8 16 39 16
8 18 10 9
8 19 1 10
8 22 1 6
8 24 19 3
8 25 10 1
8 27 159 1
9 0 8 1
9 1 25 15
9 3 43 3
9 4 7 27
9 5 13 1
9 6 52 1
9 7 151 1
9 8 4 3
9 10 22 1
9 11 260 8
9 12 2 11
9 14 101 1
9 17 124 2
9 18 3 11
9 23 78 5
9 24 1 13
9 25 3 23
10 0 15 3
10 2 1 13
10 3 51 1
10 4 1 7
10 5 56 16
10 6 46 1
10 7 2 28
10 8 435 24
10 9 274 1
10 11 130 1
10 12 251 1
10 13 9 2
10 14 172 1
10 16 70 1
10 18 1 7
10 23 23 2
10 24 1 9
10 27 7 4
11 1 2 12
11 2 280 1
11 3 6 2
11 4 139 29
11 5 204 1
11 6 14 2
11 7 138 2
11 8 2 15
11 9 229 1
11 10 3 6
11 13 23 1
11 15 109 1
11 16 24 4
11 17 2 17
11 22 2 8
11 23 58 1
11 25 4 13
11 26 188 3
12 0 1 3
12 1 176 2
12 2 16 4
12 4 1 25
12 5 9 1
12 6 144 1
12 8 165 1
12 9 8 11
12 10 243 1
12 13 2 18
12 14 1 10
12 17 46 4
12 20 1 27
12 21 81 1
12 23 82 29
13 0 3 24
13 1 75 3
13 6 1 16
13 10 11 1
13 11 1 1
13 14 22 28
13 17 3 18
14 0 9 3
14 1 2 23
14 4 3 6
14 6 1 17
14 7 4 7
14 8 272 1
14 9 14 28
14 10 92 1
14 11 310 1
14 13 6 2
14 15 33 1
14 23 1 20
14 25 3 1
15 0 23 16
15 3 1 16
15 6 145 1
15 7 1 18
15 8 21 1
15 9 2 2
15 10 22 1
15 12 120 1
15 14 1 15
15 17 70 2
15 20 57 1
15 23 7 2
15 24 2 20
15 25 2 9
15 26 1 6
15 27 4 13
16 0 18 14
16 1 32 1
16 3 18 26
16 4 139 1
16 5 19 23
16 6 156 26
16 8 35 4
16 9 83 2
16 10 28 19
16 17 196 1
16 24 37 7
16 26 1 1
17 1 56 1
17 2 2 2
17 3 2 21
17 4 10 10
17 5 160 2
17 6 112 1
17 7 279 2
17 8 16 1
17 9 86 3
17 10 133 2
17 11 1 27
17 12 2 22
17 16 16 2
17 22 11 2
18 0 99 1
18 1 68 1
18 2 1 25
18 4 41 1
18 5 10 26
18 6 39 2
18 7 71 4
18 9 27 4
18 14 1 27
18 16 88 29
18 19 32 2
18 23 1 24
19 0 35 1
19 1 1 25
19 2 6 10
19 4 1 22
19 8 39 2
19 9 1 27
19 11 1 25
19 17 85 2
19 18 1 17
19 21 10 7
19 26 16 25
20 1 1 25
20 2 37 2
20 3 50 23
20 9 22 18
20 11 1 29
20 17 2 7
20 19 32 9
20 23 1 15
20 26 49 9
21 0 21 5
21 10 10 24
21 12 14 4
21 17 54 14
21 20 44 12
21 23 1 8
22 1 1 14
22 5 1 26
22 6 18 28
22 7 1 11
22 10 1 15
22 11 5 11
22 12 1 23
22 16 25 16
22 20 50 9
22 21 2 6
22 25 4 15
23 0 1 13
23 6 56 4
23 7 2 21
23 10 36 12
23 11 1 23
23 14 3 28
23 15 26 5
23 24 2 1
24 0 18 29
24 1 49 27
24 3 19 7
24 5 61 3
24 7 158 1
24 8 70 5
24 10 83 1
24 11 1 21
24 15 1 24
24 16 73 14
24 17 82 25
24 22 8 2
24 25 2 2
25 1 58 2
25 2 22 1
25 4 20 1
25 6 121 3
25 8 56 1
25 10 55 10
25 11 4 15
25 15 26 1
25 16 1 14
25 20 2 4
25 27 5 4
26 0 1 22
26 4 1 5
26 7 2 24
26 8 16 1
26 25 3 5
26 27 4 8
27 2 11 2
27 7 1 23
27 8 2 14
27 9 1 27
27 12 17 19
27 17 66 1
27 20 83 4
27 26 52 1
