0 1 236 1
0 2 6 3
0 3 98 1
0 4 1 25
0 5 103 1
0 6 3 28
0 7 335 1
0 8 197 1
0 9 4 16
0 10 3 27
0 13 33 16
0 15 1 3
0 16 64 1
0 17 27 5
0 18 1 14
0 19 42 1
0 23 1 12
0 24 283 1
0 27 65 29
1 0 205 1
1 2 11 1
1 3 169 1
1 4 194 1
1 5 93 1
1 6 6 15
1 7 40 1
1 8 108 9
1 10 2 24
1 13 58 2
1 16 70 1
1 17 6 16
1 18 1 23
1 20 61 24
1 21 30 1
2 0 1 7
2 1 5 7
2 3 20 8
2 4 241 2
2 6 1 15
2 8 23 7
2 9 71 3
2 11 9 17
2 14 17 1
2 16 31 3
2 17 7 22
2 20 6 4
2 24 7 20
3 0 83 1
3 1 5 1
3 5 114 1
3 6 153 1
3 7 212 1
3 8 110 3
3 9 145 1
3 10 20 22
3 11 2 26
3 13 1 20
3 16 94 8
3 17 3 26
3 22 1 27
3 24 3 17
4 0 252 1
4 1 22 24
4 5 108 1
4 6 4 25
4 7 242 1
4 8 215 1
4 9 11 1
4 10 358 3
4 11 55 1
4 12 3 24
4 14 1 5
4 16 15 3
4 17 237 1
4 18 6 27
4 21 1 27
4 23 1 29
5 0 342 1
5 1 70 7
5 2 1 7
5 3 39 1
5 4 1 26
5 6 198 1
5 7 201 1
5 8 24 1
5 9 246 1
5 10 2 16
5 14 2 1
5 16 111 1
5 17 1 28
5 22 1 1
5 24 312 1
6 1 6 15
6 2 21 15
6 3 3 4
6 4 6 29
6 5 8 1
6 7 104 1
6 8 381 5
6 8 411 19
6 9 3 23
6 10 3 2
6 13 1 9
6 16 141 1
6 20 2 4
6 22 1 29
6 25 99 3
6 27 1 5
7 2 92 1
7 3 61 1
7 5 1 27
7 6 5 9
7 8 5 18
7 10 2 11
7 11 291 1
7 13 62 2
7 14 102 1
7 15 131 1
7 17 87 1
7 18 1 22
7 20 192 1
7 21 3 24
7 22 2 4
7 25 1 29
7 26 1 5
8 0 308 1
8 1 146 21
8 2 3 16
8 3 71 3
8 5 295 1
8 6 217 15
8 7 5 18
8 9 141 1
8 10 25 1
8 11 1 14
8 12 1 24
8 13 5 13
8 16 122 1
8 17 1 11
8 19 2 28
8 23 76 2
8 24 323 1
8 25 3 23
8 26 10 4
8 27 1 1
9 0 190 3
9 2 133 2
9 4 33 1
9 5 20 13
9 6 9 23
9 7 3 27
9 8 34 1
9 10 136 1
9 11 211 1
9 12 375 1
9 15 1 14
9 20 1 10
9 22 50 1
9 23 1 1
9 25 1 5
10 0 2 5
10 2 268 1
10 3 4 25
10 4 3 19
10 5 1 14
10 6 239 1
10 8 139 1
10 9 355 1
10 11 9 21
10 12 1 14
10 13 2 10
10 14 3 28
10 15 254 1
10 16 28 8
10 18 17 24
10 19 35 2
10 20 1 21
10 22 1 7
10 24 150 8
10 25 177 2
10 26 2 4
10 27 132 1
11 0 1 15
11 1 187 1
11 2 254 1
11 3 2 1
11 5 3 1
11 7 167 1
11 8 278 1
11 9 2 25
11 10 121 27
11 13 203 3
11 14 67 20
11 15 60 1
11 17 1 29
11 23 196 1
11 24 7 2
11 25 90 1
11 27 101 1
12 1 4 4
12 5 1 5
12 9 1 21
12 10 2 5
12 13 1 22
12 15 106 3
12 18 1 9
12 20 10 4
12 21 7 5
12 22 1 6
12 27 1 9
13 1 90 2
13 7 98 3
13 9 103 5
13 10 4 4
13 11 92 2
13 12 83 1
13 14 14 19
13 16 1 29
13 20 7 13
14 0 89 2
14 8 1 10
14 11 2 26
14 13 1 7
14 15 15 1
14 18 6 2
14 25 2 1
15 0 76 1
15 4 1 21
15 6 7 17
15 7 53 9
15 8 1 10
15 9 2 13
15 10 5 21
15 11 17 1
15 13 16 1
15 14 71 1
15 23 13 19
16 0 101 1
16 1 24 1
16 3 9 1
16 5 111 1
16 6 14 4
16 7 2 19
16 8 217 18
16 9 4 24
16 12 68 14
16 17 1 8
16 18 20 7
16 20 4 24
16 24 153 8
17 1 34 27
17 2 202 2
17 3 1 21
17 5 18 3
17 7 251 7
17 9 72 1
17 15 78 1
17 16 366 1
17 27 8 11
18 0 1 14
18 1 1 4
18 2 4 29
18 4 209 1
18 5 7 19
18 6 26 1
18 10 52 2
18 11 141 2
18 12 1 25
18 16 1 3
18 17 110 2
18 22 29 1
18 27 17 16
19 0 278 1
19 1 154 1
19 3 1 18
19 5 2 19
19 6 1 29
19 7 7 3
19 10 1 8
19 11 30 5
19 12 21 7
19 17 104 1
19 18 2 7
19 20 108 1
19 23 1 25
20 0 283 1
20 1 1 5
20 2 99 1
20 3 1 10
20 4 2 23
20 7 4 20
20 10 107 1
20 11 126 1
20 14 2 15
20 15 39 5
20 17 96 3
20 18 2 28
20 19 19 1
20 23 2 18
20 25 65 6
21 0 1 23
21 1 1 15
21 7 1 9
21 8 1 3
21 15 15 1
21 18 24 11
21 27 1 16
22 10 5 7
22 14 15 2
22 21 2 14
22 25 1 16
23 0 61 25
23 6 82 1
23 7 2 1
23 9 15 3
23 11 22 4
23 12 2 22
23 17 1 26
23 19 2 24
23 25 14 1
24 0 25 1
24 1 60 1
24 3 237 1
24 5 5 1
24 6 121 1
24 8 5 16
24 9 1 11
24 11 115 1
24 14 1 13
24 15 30 1
24 16 68 2
25 1 5 3
25 6 1 27
25 7 257 1
25 11 1 18
25 14 4 23
26 7 1 10
26 10 2 4
26 11 8 23
26 24 1 9
26 25 27 22
27 1 72 27
27 2 2 8
27 3 2 17
27 7 14 5
27 15 17 1
27 19 1 3
27 25 1 6
