0 1 32 1
0 3 49 1
0 4 52 9
0 5 171 1
0 6 2 5
0 7 308 1
0 8 51 1
0 10 1 4
0 11 9 17
0 12 8 6
0 14 1 16
0 15 2 23
0 16 29 1
0 17 1 5
0 18 1 13
0 19 21 1
0 23 1 14
0 24 136 1
1 0 30 5
1 2 1 19
1 3 139 6
1 4 142 1
1 5 67 1
1 6 2 10
1 7 26 1
1 8 218 1
1 9 178 9
1 10 12 16
1 11 303 1
1 12 145 1
1 16 49 1
1 17 1 22
1 18 2 12
1 20 62 5
1 24 31 1
1 26 67 1
2 0 232 1
2 1 4 11
2 3 27 25
2 4 228 1
2 7 1 8
2 8 3 1
2 9 62 2
2 10 4 24
2 11 3 24
2 16 28 1
2 17 7 1
2 18 76 6
2 19 4 24
2 25 36 1
3 0 35 1
3 1 136 1
3 2 4 1
3 5 70 1
3 6 132 1
3 7 30 1
3 8 144 1
3 9 141 3
3 10 1 12
3 11 1 18
3 12 2 6
3 16 15 1
3 17 1 25
3 18 3 28
3 20 3 28
3 24 40 1
3 27 8 2
4 0 228 1
4 1 19 1
4 2 1 20
4 5 52 1
4 6 2 16
4 7 229 1
4 8 178 1
4 9 2 1
4 10 3 1
4 12 3 9
4 17 220 1
4 18 21 17
4 23 1 26
4 26 64 1
4 27 1 21
5 0 92 1
5 1 67 1
5 3 58 1
5 4 2 25
5 6 235 1
5 7 180 1
5 8 81 2
5 9 29 1
5 10 3 11
5 11 2 3
5 14 1 1
5 16 7 1
5 20 57 5
5 24 33 1
5 25 2 6
6 1 5 18
6 2 1 2
6 3 1 6
6 4 5 29
6 5 9 2
6 7 68 1
6 8 334 9
6 8 313 24
6 8 166 21
6 9 24 6
6 10 3 4
6 12 3 16
6 13 104 17
6 14 27 19
6 22 4 20
6 24 7 18
6 26 53 1
6 27 4 4
7 0 9 8
7 1 1 29
7 2 63 1
7 3 20 1
7 5 11 29
7 6 1 4
7 8 30 4
7 9 2 2
7 10 2 18
7 11 248 1
7 12 1 12
7 13 54 3
7 15 99 1
7 18 2 6
7 20 178 1
7 21 4 6
7 22 2 26
7 23 5 3
7 25 1 7
8 0 73 1
8 1 99 1
8 2 5 5
8 3 52 1
8 5 60 1
8 6 182 1
8 7 25 23
8 9 122 1
8 10 80 1
8 11 2 18
8 12 1 26
8 13 2 15
8 16 15 1
8 17 29 25
8 18 59 28
8 20 89 1
8 21 23 2
8 24 51 1
8 25 1 26
9 0 183 1
9 6 10 2
9 7 1 13
9 8 237 1
9 10 79 1
9 11 190 1
9 12 333 1
9 17 2 18
9 20 3 18
9 21 49 1
9 23 59 8
9 24 2 13
10 1 35 18
10 2 245 1
10 3 9 20
10 4 263 18
10 6 287 1
10 8 367 1
10 9 9 1
10 11 3 14
10 12 1 10
10 13 1 19
10 14 162 9
10 15 231 1
10 18 19 24
10 21 1 8
10 22 2 21
10 24 1 8
10 25 165 2
11 0 31 11
11 1 172 2
11 2 246 1
11 7 1 21
11 8 257 1
11 9 1 17
11 10 3 13
11 13 193 1
11 15 106 11
11 16 81 1
11 17 1 4
11 18 4 29
11 19 2 11
11 20 4 4
11 21 99 1
11 23 179 1
11 24 1 28
11 25 40 1
12 1 1 17
12 4 1 23
12 5 2 24
12 6 211 1
12 8 1 29
12 9 1 27
12 11 1 24
12 13 1 18
12 15 103 2
12 19 55 4
12 23 83 8
13 1 88 2
13 3 3 8
13 5 1 14
13 6 1 18
13 8 108 1
13 10 2 7
13 11 78 1
13 12 63 1
13 14 12 8
13 20 3 27
13 26 14 2
14 5 57 1
14 6 3 26
14 8 1 9
14 10 1 12
14 11 66 13
14 12 3 23
14 13 2 4
14 15 2 3
14 18 3 1
14 22 5 9
14 24 7 1
15 0 71 5
15 1 11 21
15 2 1 5
15 6 1 15
15 9 1 9
15 14 48 1
15 16 1 11
15 18 22 3
15 21 14 2
15 22 1 18
15 25 41 3
16 0 92 1
16 1 111 1
16 3 28 1
16 4 2 20
16 5 36 1
16 6 11 1
16 8 154 1
16 9 6 13
16 11 6 17
16 12 1 14
16 17 1 15
16 18 1 7
16 20 4 10
16 24 26 1
17 0 1 1
17 1 11 21
17 2 192 1
17 5 13 5
17 6 24 2
17 7 248 1
17 11 1 25
17 13 12 10
17 16 360 1
18 0 31 11
18 4 169 1
18 9 170 7
18 14 1 1
18 16 34 6
18 17 100 2
18 21 35 20
18 27 2 13
19 0 253 1
19 1 143 2
19 4 1 10
19 5 1 28
19 7 1 12
19 9 2 29
19 10 2 1
19 12 20 2
19 20 286 1
20 0 265 1
20 2 88 1
20 4 158 23
20 7 14 12
20 9 6 4
20 11 117 1
20 12 1 14
20 15 37 3
20 16 1 17
20 22 50 8
21 0 1 10
21 3 2 2
21 4 41 1
21 5 24 8
21 7 1 9
21 12 32 1
21 26 9 14
22 0 57 16
22 2 9 26
22 7 31 1
22 8 106 4
22 10 2 13
22 12 2 28
22 18 1 20
22 23 1 26
23 0 2 18
23 3 1 17
23 7 4 6
23 9 12 4
23 10 139 1
23 11 6 22
23 12 2 28
23 13 2 1
23 19 2 5
23 24 1 21
23 25 12 15
23 27 17 21
24 0 22 1
24 1 137 1
24 3 35 1
24 5 25 3
24 7 31 1
24 8 203 1
24 10 21 1
24 11 81 1
24 12 1 28
24 14 1 3
24 16 3 29
24 20 82 3
24 21 3 20
24 22 31 5
24 25 1 6
25 1 7 7
25 4 83 3
25 7 233 1
25 9 1 22
25 18 1 13
25 24 46 8
26 5 27 22
26 7 122 21
26 20 1 9
27 3 1 22
27 11 1 1
27 25 1 15
