0 1 15 23
0 3 25 16
0 4 4 28
0 5 16 21
0 6 2 17
0 7 279 1
0 8 76 24
0 9 1 7
0 11 15 26
0 14 1 27
0 15 1 27
0 16 16 20
0 17 2 1
0 18 1 6
0 23 3 15
0 24 25 1
1 0 214 27
1 2 7 13
1 3 16 27
1 4 324 1
1 5 14 28
1 6 1 25
1 7 14 1
1 8 16 23
1 9 179 13
1 10 5 13
1 11 1 16
1 12 137 2
1 13 51 3
1 14 8 6
1 15 8 5
1 16 21 12
1 17 6 23
1 18 10 25
1 19 2 19
1 20 6 13
1 24 15 26
2 0 207 1
2 1 2 22
2 3 168 1
2 4 212 2
2 8 1 24
2 10 1 21
2 12 7 16
2 18 74 3
2 24 1 14
2 25 35 2
2 27 1 7
3 0 83 19
3 1 104 18
3 2 5 4
3 4 212 1
3 5 27 1
3 6 109 2
3 7 133 1
3 8 17 20
3 9 137 2
3 10 1 5
3 11 77 4
3 13 1 21
3 16 15 13
3 17 62 17
3 20 1 12
3 22 1 21
3 24 15 12
3 25 3 6
4 0 201 1
4 1 284 1
4 2 3 11
4 3 199 1
4 5 13 1
4 6 102 17
4 7 215 1
4 8 141 1
4 10 346 1
4 11 39 1
4 13 20 4
4 14 5 11
4 15 98 2
4 16 6 4
4 17 201 1
4 18 52 7
4 22 62 5
4 23 29 4
4 25 1 11
5 0 35 9
5 1 27 13
5 3 15 25
5 4 7 17
5 6 54 4
5 7 158 2
5 8 32 11
5 9 43 1
5 10 2 5
5 11 2 22
5 12 1 29
5 16 20 1
5 17 1 25
5 18 76 1
5 20 54 2
5 24 15 5
5 25 1 19
5 26 1 6
6 0 10 1
6 1 24 16
6 2 257 1
6 3 1 18
6 4 2 11
6 5 47 21
6 7 38 1
6 8 286 9
6 9 8 25
6 10 58 16
6 12 244 23
6 13 1 23
6 17 302 1
6 21 2 16
6 22 46 22
6 24 3 13
7 0 25 23
7 1 1 29
7 2 38 1
7 4 1 26
7 5 2 24
7 6 2 6
7 8 9 11
7 9 3 9
7 10 2 10
7 11 110 13
7 12 2 21
7 13 46 2
7 15 69 1
7 18 32 23
7 20 164 1
7 21 10 26
7 25 58 17
7 27 96 1
8 0 23 1
8 1 17 10
8 2 19 18
8 3 17 18
8 5 64 20
8 6 227 1
8 7 53 9
8 9 103 1
8 10 9 1
8 11 3 3
8 13 117 9
8 14 4 7
8 15 207 1
8 16 15 7
8 17 30 10
8 18 2 13
8 19 12 23
8 20 78 1
8 21 21 1
8 24 15 24
8 25 5 23
8 27 6 18
9 0 175 1
9 1 1 13
9 2 117 2
9 5 9 29
9 6 120 1
9 7 18 5
9 8 190 1
9 10 313 1
9 11 169 1
9 12 285 1
9 15 11 22
9 18 163 1
9 20 2 11
9 23 1 13
10 2 218 1
10 3 4 18
10 4 8 13
10 5 13 8
10 6 244 1
10 7 1 13
10 8 366 1
10 9 212 1
10 11 3 7
10 12 1 11
10 13 12 21
10 14 2 9
10 15 205 1
10 19 29 1
10 20 1 23
10 22 22 25
10 23 175 1
10 27 122 1
11 0 38 29
11 1 157 1
11 2 236 2
11 7 8 1
11 8 49 1
11 9 1 6
11 10 3 5
11 12 2 15
11 13 180 1
11 15 276 1
11 17 1 23
11 19 3 11
11 22 82 1
11 23 161 1
11 24 99 7
11 25 8 2
11 26 1 21
11 27 72 2
12 0 150 1
12 1 4 13
12 2 42 4
12 5 1 23
12 7 192 3
12 8 1 3
12 9 3 28
12 11 2 23
12 13 1 20
12 15 98 1
12 17 3 4
12 18 6 22
12 25 2 1
12 26 1 25
12 27 1 2
13 6 1 28
13 8 97 1
13 10 8 19
13 12 44 1
13 14 29 1
13 15 22 7
13 18 2 20
13 20 2 17
14 5 56 1
14 6 146 15
14 8 18 11
14 9 128 1
14 10 2 9
14 11 7 1
14 13 6 21
14 17 7 7
14 27 11 1
15 6 1 22
15 7 262 15
15 8 1 25
15 10 5 1
15 11 3 3
15 14 26 1
15 18 21 1
15 21 1 18
15 23 1 20
16 0 15 2
16 1 34 25
16 3 25 21
16 4 2 18
16 5 24 4
16 8 29 14
16 18 7 17
16 24 29 2
17 0 3 25
17 1 95 6
17 2 179 1
17 4 302 2
17 6 15 2
17 11 1 2
17 15 74 11
17 16 336 1
17 19 1 1
17 20 1 1
17 24 14 1
18 0 3 19
18 1 5 23
18 4 129 1
18 6 13 1
18 16 8 11
18 24 42 3
18 26 21 4
19 0 223 1
19 1 131 1
19 3 1 22
19 4 3 20
19 5 1 23
19 7 1 15
19 10 1 4
19 11 23 1
19 18 2 24
19 20 265 1
20 0 244 1
20 1 2 8
20 2 78 1
20 4 1 2
20 6 1 14
20 7 274 15
20 10 92 2
20 11 108 1
20 16 5 23
20 19 2 2
21 4 39 1
21 6 1 18
21 9 26 10
22 8 101 3
22 13 1 11
22 17 1 1
22 26 1 17
23 1 33 6
23 7 22 14
23 11 1 18
23 17 1 17
24 0 16 4
24 1 15 2
24 3 14 29
24 5 15 23
24 7 20 1
24 8 29 2
24 9 1 8
24 11 51 1
24 15 24 1
24 16 15 11
24 20 81 2
24 26 2 15
25 0 96 5
25 4 81 7
25 7 207 1
25 9 28 26
25 10 204 20
25 11 281 4
25 15 1 28
26 1 6 5
26 7 1 11
26 14 1 2
26 20 1 9
26 23 21 2
27 0 58 5
27 3 12 8
27 6 1 3
27 7 6 3
27 10 1 27
27 11 227 1
27 12 26 3
27 26 27 1
