0 1 19 10
0 3 216 25
0 4 5 7
0 5 28 13
0 6 8 11
0 7 262 1
0 8 29 16
0 9 2 16
0 13 1 16
0 14 2 28
0 16 36 6
0 18 1 5
0 20 2 2
0 24 18 24
0 25 108 4
0 27 5 6
1 0 23 19
1 2 4 24
1 3 18 27
1 4 280 6
1 5 24 7
1 6 46 10
1 8 70 27
1 9 1 20
1 10 1 29
1 11 294 6
1 12 132 1
1 15 39 5
1 16 35 14
1 17 2 3
1 18 1 23
1 19 1 4
1 20 33 13
1 21 25 13
1 23 43 1
1 24 77 13
2 0 191 1
2 1 5 18
2 3 121 1
2 4 202 1
2 5 1 29
2 6 218 14
2 7 1 23
2 8 2 13
2 10 1 24
2 11 4 25
2 17 207 3
2 24 1 18
3 0 20 16
3 1 16 4
3 2 42 24
3 5 18 22
3 6 97 1
3 7 94 1
3 8 53 24
3 10 1 5
3 11 3 18
3 13 3 21
3 14 34 1
3 16 18 24
3 20 10 12
3 21 11 2
3 24 27 29
4 0 186 1
4 1 158 1
4 2 144 29
4 3 193 1
4 5 2 2
4 7 207 1
4 8 122 1
4 10 340 1
4 11 35 2
4 16 4 3
4 17 190 1
4 18 19 6
4 19 1 29
4 20 2 4
4 22 61 3
4 24 93 7
4 26 62 14
4 27 67 3
5 0 18 20
5 1 129 25
5 3 18 17
5 4 7 29
5 6 70 1
5 7 146 1
5 8 35 28
5 10 2 25
5 11 1 8
5 12 2 11
5 16 37 1
5 17 1 15
5 18 71 1
5 20 52 1
5 22 4 17
5 23 6 7
5 24 50 16
6 0 25 2
6 1 3 14
6 2 246 1
6 3 1 22
6 4 284 25
6 5 123 20
6 7 24 2
6 8 181 1
6 9 4 9
6 10 11 3
6 12 1 12
6 14 3 29
6 16 132 1
6 17 301 24
6 19 95 1
6 20 21 7
6 24 4 14
6 25 85 1
7 0 5 2
7 2 26 1
7 5 146 17
7 6 88 22
7 8 4 6
7 9 9 14
7 10 6 13
7 11 92 1
7 14 61 1
7 15 54 1
7 17 64 1
7 20 156 1
7 21 2 4
7 22 129 22
7 23 1 2
7 25 2 14
7 26 1 2
7 27 91 1
8 0 18 25
8 1 25 29
8 2 1 26
8 3 25 8
8 4 2 10
8 5 17 15
8 6 330 1
8 7 3 6
8 9 87 1
8 11 2 16
8 13 3 1
8 16 18 16
8 17 3 5
8 19 1 7
8 20 72 2
8 23 62 3
8 24 37 10
9 1 1 14
9 2 112 3
9 5 197 13
9 6 397 1
9 7 8 12
9 8 163 1
9 10 264 1
9 11 157 1
9 12 256 1
9 14 3 25
9 15 5 13
9 17 2 8
9 22 41 6
9 26 43 12
10 2 202 1
10 4 2 14
10 5 1 23
10 6 212 29
10 7 1 26
10 8 301 1
10 9 153 1
10 11 6 18
10 12 1 11
10 13 4 18
10 14 1 23
10 15 189 1
10 22 1 11
10 25 144 2
10 26 1 28
11 0 2 20
11 1 148 1
11 2 230 1
11 3 1 21
11 6 2 21
11 7 1 16
11 8 24 1
11 9 23 25
11 10 198 27
11 14 146 9
11 15 20 1
11 17 3 25
11 18 4 10
11 19 126 26
11 24 3 26
11 25 1 1
11 26 2 5
11 27 64 2
12 0 149 4
12 1 1 20
12 4 20 29
12 5 4 2
12 6 182 1
12 7 189 1
12 9 3 19
12 10 23 22
12 11 3 4
12 13 101 18
12 14 154 1
12 22 1 25
13 4 72 3
13 8 90 2
13 11 56 2
13 12 35 1
13 14 43 10
14 1 1 22
14 4 58 1
14 6 1 27
14 8 1 24
14 9 121 1
14 10 2 24
14 11 5 6
14 13 20 6
14 20 34 1
14 22 1 23
15 1 6 29
15 6 1 22
15 9 21 15
15 11 9 19
15 12 1 18
15 14 15 1
15 16 1 5
15 27 3 1
16 0 106 26
16 1 56 27
16 3 53 14
16 5 51 16
16 8 47 23
16 12 1 1
16 15 1 14
16 17 71 29
16 18 5 4
16 23 2 15
16 24 30 8
17 1 4 29
17 2 172 1
17 4 298 1
17 5 7 2
17 9 52 3
17 10 47 1
17 16 319 1
17 18 81 1
17 19 1 6
17 21 30 1
17 22 58 4
17 25 1 24
17 27 2 25
18 1 1 8
18 4 108 1
18 7 24 2
18 14 1 10
18 16 1 27
19 0 204 1
19 1 124 2
19 2 27 1
19 4 1 26
19 7 2 12
19 8 140 1
19 20 222 1
19 23 5 3
20 0 232 1
20 4 1 11
20 6 1 1
20 10 88 1
20 13 2 28
20 14 4 3
20 17 82 3
20 19 1 18
20 23 1 28
21 0 1 1
21 5 23 8
21 9 4 18
21 11 6 1
21 18 2 24
21 20 1 1
22 1 4 8
22 3 1 26
22 12 12 21
22 18 3 22
22 23 2 4
23 7 22 21
23 10 126 3
23 11 1 10
24 0 79 26
24 1 18 11
24 3 18 6
24 5 33 1
24 7 15 1
24 8 17 11
24 10 12 1
24 11 37 1
24 16 18 9
24 23 6 16
25 0 95 1
25 3 2 2
25 7 191 1
25 11 131 1
25 12 7 17
25 15 1 20
25 16 1 19
25 23 5 3
26 1 6 11
26 9 63 1
26 11 1 16
26 12 51 7
26 23 1 24
27 0 1 22
27 3 12 26
27 7 4 4
27 8 1 10
27 9 1 5
27 10 1 14
27 11 224 2
27 22 1 11
27 25 1 7
27 26 22 26
