0 1 50 23
0 3 22 8
0 4 1 7
0 5 107 3
0 6 4 12
0 7 252 1
0 8 120 9
0 9 2 26
0 11 1 15
0 15 1 4
0 16 38 25
0 20 1 8
0 24 15 13
1 0 44 16
1 2 49 10
1 3 16 9
1 4 270 1
1 5 13 22
1 6 320 27
1 8 15 19
1 10 2 17
1 14 1 24
1 15 5 25
1 16 89 11
1 17 266 22
1 18 8 9
1 24 14 13
1 25 14 8
1 27 1 6
2 0 182 1
2 1 418 4
2 3 140 1
2 4 197 1
2 7 1 11
2 8 2 19
2 9 45 1
2 10 7 8
2 14 10 1
2 17 204 2
3 0 342 21
3 1 13 13
3 2 4 28
3 5 61 7
3 7 84 1
3 8 49 17
3 9 133 5
3 10 20 18
3 11 13 12
3 12 1 17
3 13 1 14
3 16 45 16
3 17 1 2
3 18 4 6
3 20 2 21
3 24 48 11
4 0 177 1
4 1 127 1
4 2 1 6
4 3 189 1
4 6 102 1
4 7 202 2
4 8 111 1
4 10 336 1
4 15 96 2
4 16 3 4
4 17 184 1
4 18 1 1
4 20 1 25
4 23 1 29
4 27 1 15
5 0 15 5
5 1 197 1
5 2 1 10
5 3 62 29
5 4 3 9
5 6 25 1
5 7 139 1
5 8 122 21
5 9 1 5
5 10 19 27
5 11 6 4
5 12 39 22
5 16 132 23
5 17 24 13
5 20 50 5
5 24 31 1
5 25 1 19
5 27 6 12
6 0 332 2
6 1 3 19
6 2 40 1
6 3 21 9
6 4 6 22
6 5 36 27
6 7 18 1
6 8 166 29
6 9 162 25
6 10 6 11
6 11 4 13
6 12 3 12
6 13 110 14
6 17 13 1
6 20 21 14
6 22 47 7
6 24 1 23
6 27 55 18
7 0 383 11
7 1 1 25
7 3 1 13
7 6 10 25
7 8 3 24
7 9 1 10
7 10 5 20
7 11 98 1
7 13 40 1
7 15 46 1
7 19 58 15
7 20 152 1
7 24 6 8
7 25 16 22
8 0 14 15
8 1 163 18
8 3 41 2
8 4 1 4
8 5 14 1
8 6 268 1
8 7 2 18
8 9 71 1
8 10 1 11
8 11 7 8
8 13 1 28
8 16 15 29
8 17 7 10
8 18 3 26
8 19 20 10
8 20 69 1
8 24 81 26
8 25 3 7
8 26 6 4
8 27 5 17
9 1 1 4
9 2 109 2
9 5 71 1
9 6 249 1
9 7 1 21
9 8 148 1
9 10 235 1
9 11 150 1
9 12 240 1
9 13 3 4
9 14 1 7
9 15 15 22
9 17 3 16
9 20 1 24
9 22 40 5
9 25 2 29
10 1 3 1
10 2 193 1
10 4 309 19
10 5 3 28
10 6 149 1
10 7 2 9
10 8 291 1
10 9 123 1
10 11 2 11
10 12 1 14
10 13 1 26
10 14 2 19
10 15 181 1
10 16 20 5
10 18 19 7
10 20 3 6
11 0 1 14
11 1 143 1
11 2 226 1
11 7 3 8
11 8 211 8
11 10 13 8
11 12 3 23
11 13 168 1
11 15 280 1
11 16 75 3
11 23 144 2
11 24 1 7
11 27 60 1
12 1 1 5
12 5 3 2
12 6 176 1
12 8 2 27
12 9 5 14
12 10 1 5
12 11 194 21
12 13 2 29
12 14 152 4
12 15 94 1
12 17 1 23
12 18 7 9
12 21 1 2
12 27 2 28
13 2 1 23
13 7 73 1
13 8 87 1
13 9 90 1
13 10 3 22
13 11 52 1
13 15 2 16
13 17 54 2
13 25 1 10
13 27 15 5
14 0 82 5
14 3 1 18
14 4 56 2
14 6 1 11
14 7 1 28
14 8 1 5
14 9 116 2
14 10 15 9
14 11 1 1
14 13 1 3
14 15 1 29
14 23 17 1
14 27 9 6
15 2 1 24
15 6 1 26
15 7 32 2
15 8 1 6
15 9 1 25
15 10 243 2
15 11 11 21
15 18 20 1
16 0 32 21
16 1 69 11
16 3 64 8
16 4 1 27
16 5 15 26
16 6 6 8
16 8 51 13
16 9 1 25
16 13 1 15
16 18 1 2
16 21 1 21
16 24 44 4
17 1 25 10
17 2 167 2
17 4 296 1
17 6 9 1
17 8 275 2
17 9 50 2
17 11 212 8
17 16 309 1
18 1 2 11
18 3 6 2
18 4 96 1
18 5 10 27
18 6 9 1
18 8 1 1
18 9 165 2
18 16 1 8
18 17 81 1
18 19 41 1
19 0 193 1
19 1 120 2
19 3 1 19
19 9 67 3
19 10 3 2
19 17 92 4
19 20 197 1
20 0 225 1
20 2 69 1
20 3 44 8
20 9 3 16
20 11 100 2
20 12 1 15
20 13 1 5
20 15 31 6
20 16 2 27
20 18 6 24
20 19 2 22
20 22 51 13
20 25 3 13
21 4 37 2
21 5 23 23
21 7 72 15
21 9 6 14
21 12 21 2
22 1 3 22
22 4 16 1
22 6 1 9
22 7 22 3
22 8 96 3
22 12 1 20
22 13 1 29
22 19 5 12
22 24 2 14
22 26 15 18
23 0 65 25
23 2 3 14
23 3 1 4
23 7 2 29
23 9 8 11
23 11 29 5
23 18 20 9
23 22 1 11
24 0 15 24
24 1 71 4
24 3 33 15
24 5 62 14
24 8 30 3
24 10 10 3
24 11 29 2
24 12 4 1
24 16 14 6
24 20 80 1
24 25 41 13
25 7 182 1
25 9 1 3
25 11 275 24
25 14 7 22
25 16 1 6
25 17 19 3
25 20 37 3
26 7 8 25
26 8 105 5
26 24 62 6
26 27 4 27
27 0 6 21
27 6 2 29
27 7 4 1
27 11 221 3
27 12 24 12
27 14 26 3
27 26 5 1
