0 1 34 29
0 3 21 16
0 4 5 1
0 5 10 21
0 6 2 20
0 7 245 1
0 8 9 3
0 9 3 29
0 11 10 12
0 13 1 24
0 16 10 6
0 17 186 21
0 18 11 20
0 23 1 6
0 24 50 27
0 26 62 1
0 27 1 6
1 0 22 2
1 2 4 29
1 3 28 15
1 4 249 1
1 5 108 29
1 7 5 1
1 8 137 1
1 9 110 24
1 10 1 27
1 11 291 2
1 12 127 1
1 16 45 13
1 17 80 3
1 18 29 16
1 19 1 12
1 20 1 2
1 21 24 8
1 22 72 4
1 24 64 26
1 27 1 7
2 0 176 1
2 1 1 18
2 3 113 1
2 4 192 1
2 6 218 24
2 7 4 29
2 8 3 22
2 9 43 1
2 10 1 14
2 11 7 20
2 12 11 24
2 17 3 2
2 19 1 13
2 23 4 1
3 0 30 11
3 1 55 28
3 2 12 22
3 5 52 1
3 7 70 1
3 8 12 22
3 10 1 24
3 11 1 22
3 12 1 12
3 13 1 5
3 16 27 25
3 17 2 4
3 18 4 25
3 20 3 14
3 22 2 20
3 24 128 16
3 25 1 25
3 27 5 21
4 0 171 1
4 1 103 1
4 2 16 9
4 3 186 1
4 6 16 2
4 7 199 1
4 8 103 1
4 10 333 1
4 11 31 2
4 16 3 1
4 17 179 1
4 18 7 17
4 20 16 1
4 21 3 19
4 22 60 13
4 23 2 7
4 26 62 3
5 0 121 10
5 1 29 21
5 2 69 21
5 3 87 15
5 4 3 15
5 6 4 1
5 7 134 1
5 8 14 21
5 9 1 1
5 10 9 8
5 11 1 18
5 12 1 14
5 15 1 8
5 16 10 27
5 17 2 11
5 20 49 7
5 24 45 7
6 1 7 3
6 2 24 16
6 3 6 1
6 4 5 28
6 5 33 24
6 7 14 1
6 8 82 1
6 9 4 27
6 10 3 29
6 12 7 15
6 21 71 5
6 22 11 12
6 24 4 11
6 25 81 1
7 1 1 24
7 3 2 1
7 4 2 19
7 5 13 23
7 6 1 29
7 8 4 15
7 9 11 5
7 10 7 3
7 11 63 1
7 14 53 1
7 15 40 1
7 17 59 1
7 20 149 1
7 25 3 7
8 0 168 9
8 1 22 21
8 2 1 1
8 3 12 3
8 4 2 13
8 5 23 13
8 6 367 1
8 7 3 9
8 9 60 1
8 10 2 5
8 11 7 19
8 13 2 25
8 14 277 1
8 16 102 19
8 17 1 17
8 18 1 7
8 19 13 4
8 23 59 1
8 24 121 9
8 25 4 13
9 1 2 7
9 2 107 3
9 5 187 18
9 6 240 1
9 8 137 1
9 10 207 1
9 11 145 1
9 12 228 1
9 13 2 14
9 14 2 23
9 17 3 1
9 27 8 1
10 2 186 1
10 3 1 5
10 4 5 20
10 6 131 1
10 7 4 7
10 8 251 1
10 9 102 1
10 11 3 25
10 13 12 24
10 14 36 24
10 15 174 1
10 20 4 21
10 21 1 10
10 25 136 1
11 1 139 1
11 2 223 1
11 3 1 29
11 6 3 26
11 7 3 17
11 8 3 1
11 10 7 1
11 13 165 1
11 14 9 26
11 15 249 1
11 17 1 2
11 22 72 2
11 23 140 1
11 24 19 6
11 27 57 1
12 1 2 29
12 4 7 6
12 5 1 27
12 6 172 1
12 7 187 3
12 8 1 17
12 9 5 15
12 10 89 22
12 13 1 3
12 14 151 1
12 17 1 12
12 18 1 3
12 20 6 2
12 22 95 16
13 6 1 22
13 10 1 9
13 11 49 2
13 12 26 2
13 14 1 5
13 20 3 23
13 22 1 2
14 0 82 1
14 2 35 4
14 9 113 1
14 10 3 11
14 11 2 16
14 15 1 29
14 17 2 2
14 18 1 12
14 20 32 5
14 22 9 2
14 24 3 18
14 26 3 4
14 27 9 3
15 0 62 1
15 6 13 23
15 7 259 16
15 8 2 12
15 10 241 2
15 11 4 25
15 14 7 1
15 24 25 1
16 0 37 18
16 1 9 18
16 3 63 27
16 4 2 15
16 5 60 9
16 8 192 12
16 11 54 3
16 12 69 28
16 15 1 13
16 18 1 27
16 22 1 13
16 24 10 10
17 0 2 13
17 1 4 2
17 3 1 13
17 4 293 14
17 5 5 3
17 6 7 1
17 7 239 4
17 9 48 2
17 13 9 15
17 16 301 1
17 18 75 2
17 21 29 5
17 24 12 6
18 0 9 29
18 3 1 15
18 4 88 1
18 6 8 1
18 12 98 10
18 14 7 9
18 16 1 20
18 17 78 2
18 20 1 9
19 0 184 1
19 1 117 1
19 7 3 23
19 8 1 18
19 12 17 1
19 18 1 22
19 20 187 1
20 0 220 1
20 2 66 1
20 4 3 6
20 6 1 29
20 14 6 9
20 15 31 3
20 16 1 22
20 19 3 12
21 8 1 2
21 10 5 8
21 12 20 1
21 15 13 22
21 24 7 5
22 8 95 1
22 12 1 12
22 21 2 10
23 1 31 1
23 7 10 3
23 10 121 2
23 11 4 22
23 16 1 19
23 27 16 13
24 0 27 11
24 1 28 29
24 2 5 22
24 3 118 3
24 5 10 27
24 7 10 3
24 8 10 22
24 9 1 17
24 11 24 2
24 15 20 3
24 16 24 1
24 17 2 6
24 21 3 1
24 26 1 28
25 7 175 1
25 11 107 1
25 14 30 19
25 15 1 18
25 16 1 6
25 26 39 11
26 0 2 19
26 11 2 24
26 14 1 26
26 16 20 3
26 24 62 1
26 27 3 5
27 1 1 3
27 8 1 6
27 9 1 8
27 10 19 27
27 14 26 1
27 22 3 27
27 26 2 2
