0 1 44 5
0 2 2 5
0 3 20 13
0 4 73 23
0 5 5 23
0 6 1 11
0 7 240 1
0 8 5 13
0 11 4 11
0 15 61 26
0 16 6 5
0 17 1 16
0 18 1 17
0 20 1 7
0 22 1 11
0 24 27 10
0 26 62 1
1 0 3 13
1 2 94 12
1 3 157 17
1 4 234 1
1 5 22 21
1 6 33 5
1 8 6 18
1 9 1 22
1 10 1 26
1 11 290 1
1 13 47 2
1 15 1 8
1 16 19 21
1 20 3 2
1 22 72 7
1 23 41 2
1 24 52 13
1 25 13 7
2 0 171 1
2 1 29 1
2 3 40 1
2 4 189 1
2 6 1 19
2 7 1 9
2 8 9 5
2 9 41 3
2 10 1 4
2 11 13 23
2 14 9 8
2 17 202 1
2 19 2 3
2 24 1 4
3 0 7 28
3 1 5 28
3 2 5 25
3 4 202 1
3 5 66 14
3 6 82 1
3 7 61 1
3 8 8 12
3 9 131 5
3 10 2 25
3 11 15 27
3 16 6 15
3 17 13 21
3 20 1 4
3 24 5 27
4 0 166 1
4 1 87 5
4 2 18 9
4 6 14 27
4 7 196 2
4 8 98 1
4 10 331 1
4 11 30 3
4 12 1 6
4 15 95 2
4 17 176 1
4 18 1 6
4 21 4 10
4 23 3 1
5 0 6 16
5 1 7 16
5 3 51 28
5 4 4 28
5 7 130 1
5 8 100 21
5 10 6 29
5 11 4 2
5 12 10 21
5 16 6 7
5 17 2 11
5 24 6 18
5 26 1 12
6 0 328 15
6 1 8 8
6 2 35 1
6 3 8 9
6 4 65 8
6 5 226 5
6 7 11 1
6 8 194 10
6 9 12 17
6 10 84 26
6 13 1 5
6 14 3 2
6 15 143 1
6 17 4 1
6 18 199 1
6 24 7 2
6 25 80 1
6 26 48 12
7 0 22 24
7 1 4 16
7 2 14 1
7 3 3 27
7 4 1 23
7 5 2 5
7 6 100 6
7 8 20 6
7 9 5 2
7 10 1 16
7 11 37 9
7 13 37 1
7 15 37 1
7 17 57 2
7 18 1 29
7 19 9 6
7 20 146 1
7 21 1 1
7 25 22 23
7 26 2 17
8 0 6 23
8 1 4 21
8 2 62 20
8 3 27 2
8 4 1 27
8 5 59 23
8 6 284 1
8 7 1 4
8 9 53 1
8 10 2 23
8 11 3 11
8 13 38 13
8 14 275 1
8 16 18 20
8 17 9 24
8 19 35 13
8 20 65 2
8 24 6 20
8 25 4 26
9 0 164 1
9 1 1 18
9 2 106 1
9 3 139 4
9 5 270 1
9 6 229 1
9 7 1 14
9 8 130 1
9 10 190 1
9 11 142 1
9 12 220 1
9 14 1 22
9 18 161 29
9 20 2 23
9 25 1 27
10 1 2 3
10 2 182 1
10 3 1 22
10 4 2 4
10 6 119 1
10 7 11 3
10 8 217 3
10 9 89 1
10 11 11 23
10 12 30 27
10 13 5 2
10 14 1 10
10 15 169 1
10 16 19 3
10 19 24 1
10 22 1 26
10 24 2 2
10 25 134 1
10 27 116 2
11 0 2 19
11 2 221 1
11 3 2 26
11 6 5 14
11 7 4 28
11 8 205 1
11 9 232 22
11 10 4 1
11 12 1 18
11 13 163 1
11 14 24 28
11 15 229 1
11 16 74 3
11 17 1 16
11 19 1 16
11 22 70 1
11 23 137 1
11 24 20 27
11 25 1 23
11 27 55 1
12 5 15 9
12 9 11 22
12 13 175 25
12 15 92 5
12 18 1 17
13 6 3 28
13 7 70 1
13 8 82 2
13 9 87 4
13 10 1 16
13 11 47 2
13 20 11 3
13 25 2 15
14 2 35 6
14 3 1 8
14 7 2 26
14 9 111 1
14 10 6 27
14 11 20 29
14 12 1 12
14 13 21 10
14 18 11 4
14 21 23 9
14 23 16 1
14 26 3 5
15 3 1 5
15 6 1 9
15 7 60 1
15 8 3 13
15 9 1 6
15 11 4 5
15 12 1 28
15 14 5 1
16 0 49 22
16 1 5 21
16 3 6 23
16 4 6 5
16 5 97 1
16 8 22 27
16 10 1 3
16 11 1 7
16 12 2 7
16 17 69 2
16 18 1 12
16 20 27 1
16 22 24 14
16 23 2 12
16 24 65 5
17 0 1 18
17 1 39 29
17 2 162 1
17 4 13 2
17 5 5 1
17 6 6 5
17 7 239 1
17 8 271 2
17 10 42 1
17 16 296 1
17 25 2 4
18 0 1 9
18 1 7 23
18 2 3 11
18 4 83 1
18 10 34 1
18 14 1 5
18 16 1 12
18 25 1 17
18 26 21 5
19 0 179 1
19 6 4 6
19 7 4 25
19 9 1 14
19 16 9 1
19 17 91 1
19 20 174 1
19 24 2 26
20 0 216 1
20 2 64 3
20 3 3 19
20 10 83 1
20 11 96 1
20 12 41 1
20 19 3 12
21 8 2 5
21 9 4 8
21 11 5 1
21 12 19 3
22 0 5 6
22 7 21 1
22 10 1 17
22 11 1 26
22 12 3 18
22 18 1 16
23 11 29 2
23 12 1 27
23 14 31 5
23 17 3 28
23 26 2 8
24 0 80 22
24 1 62 13
24 3 33 13
24 5 41 23
24 8 47 22
24 10 8 2
24 11 21 2
24 16 56 16
24 17 2 7
24 23 1 25
25 6 134 1
25 7 171 1
25 8 185 1
25 9 7 10
25 11 99 1
25 12 1 15
25 23 4 13
26 3 20 2
26 11 1 2
26 16 20 1
26 24 61 9
26 27 1 18
27 3 2 4
27 5 18 18
27 10 5 26
27 11 217 2
27 17 1 24
27 25 3 10
27 26 84 2
