0 1 3 8
0 3 12 18
0 4 1 6
0 5 204 1
0 6 2 24
0 7 232 1
0 9 1 5
0 11 1 28
0 15 1 9
0 20 3 4
0 22 1 21
0 24 125 1
0 27 5 15
1 0 41 19
1 2 9 25
1 3 14 17
1 4 264 1
1 5 116 23
1 6 281 2
1 8 249 2
1 9 1 2
1 10 1 5
1 13 46 1
1 14 11 29
1 15 1 25
1 16 15 1
1 20 37 20
1 24 51 1
1 27 7 12
2 0 164 1
2 1 23 1
2 3 89 1
2 4 184 2
2 7 4 8
2 8 2 27
2 9 39 3
2 10 9 6
2 11 5 19
2 12 1 1
2 13 1 13
2 18 69 8
2 24 8 10
2 25 33 1
3 0 1 13
3 1 6 4
3 2 78 2
3 4 200 1
3 5 112 1
3 6 77 1
3 7 49 1
3 8 54 10
3 10 1 7
3 11 1 13
3 13 14 13
3 15 6 20
3 16 62 13
3 17 65 9
3 18 1 19
3 20 1 17
3 24 104 1
3 26 1 12
4 0 160 1
4 1 79 1
4 2 2 16
4 6 426 1
4 7 193 1
4 8 91 1
4 9 2 3
4 11 29 1
4 12 2 2
4 14 1 4
4 15 95 1
4 16 2 1
4 18 60 10
4 20 1 8
4 24 92 1
4 25 1 22
4 26 61 26
5 0 121 1
5 1 27 9
5 2 2 1
5 4 33 4
5 6 3 7
5 7 125 1
5 8 4 26
5 10 3 7
5 11 1 18
5 12 1 6
5 16 176 24
5 21 4 9
5 24 17 14
5 26 1 21
6 1 3 26
6 2 29 12
6 3 2 25
6 4 2 28
6 5 304 20
6 7 8 1
6 8 25 1
6 9 40 1
6 10 6 23
6 12 5 10
6 13 6 4
6 14 28 10
6 15 142 2
6 16 128 1
6 17 301 2
6 20 4 27
6 25 79 2
7 0 5 1
7 1 1 9
7 2 11 1
7 3 4 22
7 5 1 13
7 6 195 9
7 8 33 24
7 9 2 14
7 10 1 3
7 11 27 1
7 15 32 1
7 16 129 2
7 17 55 2
7 18 3 21
7 19 9 15
7 25 64 24
8 1 13 1
8 2 300 13
8 3 2 22
8 5 17 1
8 6 163 1
8 7 3 7
8 9 75 1
8 10 4 21
8 11 37 1
8 12 2 1
8 14 271 1
8 15 198 1
8 16 113 29
8 17 1 10
8 18 1 3
8 19 22 28
8 20 63 1
8 21 17 12
8 24 12 5
8 25 1 6
8 27 6 5
9 0 161 2
9 2 104 1
9 5 49 1
9 6 211 1
9 8 119 1
9 10 164 1
9 11 137 1
9 12 207 1
9 14 8 27
9 17 3 26
9 20 12 14
9 23 4 10
9 24 2 14
10 2 175 1
10 4 1 1
10 6 102 1
10 7 7 1
10 8 184 1
10 9 71 1
10 11 2 13
10 12 1 28
10 13 2 9
10 15 163 1
10 18 2 27
10 20 1 5
10 21 1 6
10 22 4 9
10 25 131 1
10 27 115 1
11 0 1 1
11 1 133 1
11 2 218 1
11 3 2 9
11 7 11 15
11 8 195 1
11 10 2 16
11 13 159 1
11 15 142 1
11 16 73 6
11 17 25 3
11 21 94 4
11 22 68 3
11 23 132 1
11 24 2 11
11 25 1 16
11 26 3 23
12 5 3 17
12 6 164 1
12 7 185 2
12 9 3 10
12 13 1 7
12 25 1 1
13 1 82 1
13 7 68 1
13 8 79 1
13 10 1 6
13 11 44 1
13 12 21 1
13 15 2 6
14 2 35 1
14 5 53 4
14 6 1 24
14 7 3 25
14 8 2 20
14 10 43 24
14 11 2 15
14 13 1 22
14 17 2 20
14 20 31 8
14 22 1 13
14 26 3 13
14 27 9 3
15 0 60 1
15 3 1 3
15 4 99 9
15 6 1 3
15 7 56 1
15 9 1 25
15 10 71 1
15 11 24 28
15 13 7 1
15 14 2 1
15 26 18 21
16 0 103 1
16 1 151 1
16 3 65 1
16 4 1 13
16 5 61 1
16 8 108 20
16 9 35 5
16 10 1 20
16 11 3 25
16 12 3 15
16 13 30 7
16 14 19 5
16 17 247 2
16 18 5 14
16 20 1 5
16 24 10 1
16 27 10 1
17 0 1 20
17 1 2 16
17 2 158 1
17 4 11 1
17 7 237 5
17 9 45 1
17 10 40 3
17 14 30 7
17 15 72 1
17 16 287 1
17 18 71 2
17 23 12 1
17 25 1 17
18 1 1 26
18 2 69 3
18 3 1 29
18 4 75 1
18 9 162 4
18 10 33 1
18 12 98 11
18 17 74 2
19 0 170 1
19 4 1 12
19 5 4 28
19 6 128 12
19 7 2 5
19 9 3 22
19 17 89 6
19 20 155 1
20 0 211 1
20 1 2 26
20 3 6 15
20 6 8 8
20 7 4 1
20 9 3 1
20 10 81 2
20 14 2 10
20 16 2 5
20 17 77 1
20 18 2 27
20 19 2 17
21 12 18 4
21 14 15 7
21 18 2 26
21 22 9 10
22 0 5 2
22 6 2 15
22 10 81 15
22 12 1 23
22 14 5 4
22 21 2 16
22 23 2 7
22 25 1 18
22 27 10 21
23 0 2 19
23 1 30 1
23 7 23 16
23 8 2 1
23 11 145 9
23 22 6 10
23 24 32 25
24 0 103 1
24 1 232 1
24 3 18 1
24 8 26 1
24 10 7 4
24 11 17 1
24 16 17 1
24 21 1 21
25 0 91 6
25 4 77 5
25 6 134 1
25 7 164 1
25 8 183 2
25 9 1 14
25 10 25 1
25 11 86 1
25 12 4 5
25 17 18 6
25 20 35 5
26 11 1 27
26 17 33 3
26 23 1 25
26 27 6 10
27 3 1 10
27 8 10 8
27 12 23 17
27 16 1 11
27 20 60 5
27 21 1 23
27 22 1 14
27 25 3 17
27 26 82 1
