0 1 7 23
0 2 6 10
0 3 124 1
0 5 124 1
0 6 3 2
0 7 189 1
0 8 19 1
0 11 2 15
0 12 1 13
0 16 40 1
0 19 1 1
0 24 229 1
0 25 103 3
0 26 60 1
0 27 70 28
1 0 105 1
1 2 5 14
1 3 348 1
1 4 159 1
1 5 39 2
1 6 31 1
1 8 134 1
1 9 13 15
1 10 9 17
1 12 112 1
1 16 199 1
1 17 12 2
1 18 2 10
1 20 5 21
1 22 70 5
1 23 36 3
1 24 149 1
1 26 62 1
2 0 123 1
2 1 9 24
2 3 57 1
2 4 156 1
2 7 2 3
2 8 18 5
2 10 2 15
2 17 185 1
3 0 304 1
3 1 168 1
3 2 1 15
3 5 227 1
3 6 51 1
3 7 4 2
3 8 19 6
3 9 122 2
3 10 52 23
3 11 3 14
3 16 141 1
3 20 3 5
3 22 1 25
3 24 105 1
3 27 4 2
4 0 124 1
4 1 197 1
4 2 203 23
4 3 164 1
4 5 3 1
4 6 35 20
4 7 171 2
4 8 52 1
4 9 9 29
4 10 307 1
4 11 20 4
4 12 246 6
4 17 144 2
4 18 1 13
4 19 1 11
4 25 1 4
5 0 64 6
5 1 184 1
5 2 11 15
5 3 57 1
5 4 4 26
5 6 31 24
5 7 95 1
5 8 38 1
5 9 5 7
5 10 1 2
5 11 28 19
5 12 3 13
5 16 5 26
5 18 53 2
5 24 15 27
6 0 26 1
6 1 4 10
6 2 10 1
6 3 1 8
6 4 1 24
6 5 46 26
6 8 208 1
6 9 3 5
6 10 3 9
6 11 1 4
6 15 138 2
6 16 121 2
6 17 291 2
6 19 82 1
6 22 1 17
7 0 9 1
7 1 2 11
7 3 4 6
7 5 1 10
7 6 209 4
7 8 2 13
7 9 2 18
7 10 5 2
7 11 2 1
7 12 131 1
7 13 26 1
7 14 30 1
7 15 9 1
7 19 61 24
7 20 123 1
7 22 14 19
7 24 248 1
7 25 4 29
7 26 3 2
7 27 69 2
8 0 19 1
8 1 5 9
8 2 436 1
8 3 252 1
8 4 1 6
8 5 171 1
8 6 56 1
8 7 8 1
8 9 32 1
8 10 6 24
8 11 9 3
8 12 267 3
8 14 245 1
8 15 188 1
8 16 48 2
8 17 1 24
8 18 21 12
8 20 50 1
8 21 15 1
8 22 1 1
8 23 49 3
8 24 52 1
8 26 3 11
8 27 7 5
9 1 1 8
9 4 3 29
9 5 74 1
9 6 357 1
9 7 1 26
9 8 64 1
9 10 61 1
9 11 108 1
9 12 139 1
9 14 1 22
9 17 2 20
9 21 37 4
9 26 39 5
10 2 135 1
10 3 3 18
10 4 1 26
10 6 28 1
10 7 40 19
10 8 178 1
10 9 5 1
10 11 143 20
10 12 1 22
10 13 63 1
10 14 17 1
10 15 124 1
10 19 19 7
10 22 1 27
10 24 180 4
11 0 10 19
11 1 112 1
11 2 198 1
11 3 1 18
11 6 7 1
11 7 18 27
11 8 138 1
11 9 1 25
11 10 1 23
11 12 2 15
11 13 139 1
11 14 18 1
11 15 125 1
11 17 1 2
11 22 56 1
11 23 106 1
11 24 2 6
11 25 2 29
11 26 1 2
11 27 35 2
12 0 144 1
12 5 5 16
12 6 137 1
12 7 178 1
12 8 1 10
12 9 4 1
12 14 137 1
12 23 69 3
12 26 1 10
13 8 64 2
13 9 78 1
13 10 3 27
13 11 29 1
13 14 28 2
13 17 51 1
13 22 1 17
14 0 77 1
14 2 31 4
14 3 50 19
14 4 45 1
14 5 50 4
14 8 1 24
14 9 88 1
14 10 3 28
14 11 14 17
14 12 4 25
14 15 5 6
14 18 1 11
14 21 23 2
14 24 1 14
14 26 3 1
15 2 22 8
15 6 1 15
15 7 249 1
15 8 3 24
15 10 290 1
15 11 26 15
15 13 3 12
15 16 5 5
16 0 16 1
16 1 231 1
16 3 89 4
16 5 53 1
16 6 2 1
16 8 105 1
16 12 70 11
16 17 238 1
16 18 1 7
16 20 28 13
16 23 3 25
16 24 83 2
17 1 3 13
17 4 287 2
17 7 229 1
17 8 254 1
17 10 31 2
17 14 27 3
17 16 236 1
17 18 58 1
18 1 29 22
18 4 36 1
18 6 2 1
18 7 15 5
18 8 5 10
18 12 1 12
18 13 3 6
18 14 1 27
18 16 1 16
18 25 1 16
19 0 121 1
19 1 94 1
19 3 8 23
19 4 1 4
19 6 5 25
19 7 1 12
19 8 141 8
19 10 4 3
19 11 13 3
19 15 2 6
19 18 1 6
19 20 74 1
20 0 178 1
20 1 7 21
20 2 48 2
20 3 8 1
20 6 1 15
20 10 71 1
20 12 1 16
20 16 7 14
20 18 70 24
20 19 5 11
20 24 11 2
21 4 33 1
21 5 22 7
21 9 1 27
21 11 3 1
21 15 12 18
22 7 14 2
22 10 15 26
22 12 19 25
22 14 3 1
22 20 1 4
22 21 2 28
23 0 65 23
23 3 1 9
23 6 67 3
23 7 1 19
23 11 2 11
23 12 7 13
24 0 19 13
24 1 38 1
24 2 4 2
24 3 48 1
24 5 8 2
24 8 209 1
24 10 3 1
24 11 1 4
24 15 15 2
24 16 118 1
24 21 13 2
25 1 1 18
25 4 74 1
25 7 125 1
25 10 195 3
25 11 328 1
25 15 1 5
25 20 31 8
25 24 38 3
26 5 1 13
26 6 2 24
26 8 102 8
26 17 31 6
26 23 1 24
26 24 56 7
26 27 2 23
27 0 1 11
27 1 5 22
27 8 2 8
27 10 2 15
27 11 199 1
27 26 10 2
