0 1 19 24
0 2 1 1
0 3 22 24
0 4 2 21
0 5 14 14
0 6 28 9
0 7 147 1
0 8 13 22
0 9 5 19
0 11 6 29
0 13 1 1
0 16 22 20
0 17 9 13
0 19 7 22
0 20 2 19
0 23 2 9
0 24 125 26
0 26 58 1
1 0 9 9
1 2 4 3
1 3 157 22
1 4 164 1
1 5 13 24
1 6 357 1
1 8 13 4
1 10 1 17
1 11 259 1
1 13 36 1
1 14 122 12
1 16 21 25
1 17 243 1
1 18 4 11
1 19 1 13
1 21 19 16
1 22 68 6
1 24 14 13
2 0 85 1
2 4 127 1
2 5 7 24
2 6 312 1
2 7 2 19
2 8 18 29
2 10 2 10
2 11 14 3
2 12 1 15
2 16 13 10
2 17 167 1
2 18 60 4
2 19 1 13
3 0 13 24
3 1 21 4
3 2 41 1
3 4 168 1
3 5 14 14
3 6 30 1
3 8 16 24
3 10 1 1
3 11 52 13
3 16 15 19
3 19 1 22
3 20 3 1
3 24 14 1
3 26 1 9
4 0 91 1
4 1 92 1
4 2 7 17
4 3 146 1
4 5 6 6
4 6 402 1
4 7 150 1
4 8 24 1
4 9 4 6
4 10 284 1
4 11 13 1
4 17 118 2
4 19 1 10
4 23 1 14
4 24 89 1
5 0 14 4
5 1 27 25
5 2 68 4
5 3 14 24
5 4 3 14
5 6 162 1
5 7 69 1
5 8 37 2
5 9 7 22
5 10 28 10
5 11 4 18
5 12 1 20
5 16 14 18
5 20 38 3
5 24 21 28
5 25 4 29
6 0 302 1
6 1 3 22
6 2 207 1
6 3 22 19
6 5 195 4
6 8 1 18
6 9 136 23
6 10 17 29
6 12 51 24
6 14 24 1
6 17 282 1
6 21 2 21
6 24 86 7
6 25 62 1
7 0 351 1
7 1 2 17
7 3 4 9
7 5 178 29
7 8 418 25
7 9 28 12
7 10 1 18
7 11 17 10
7 18 4 7
7 19 1 21
7 20 104 1
7 21 5 12
7 22 127 4
7 24 232 1
7 25 1 12
7 27 58 1
8 0 14 27
8 1 12 20
8 2 391 1
8 3 25 17
8 4 3 14
8 5 33 8
8 6 11 6
8 7 31 2
8 9 18 1
8 10 9 17
8 11 6 8
8 13 1 19
8 14 216 1
8 16 14 29
8 17 1 20
8 18 106 13
8 19 2 29
8 23 42 4
8 24 14 9
8 26 2 10
9 0 134 1
9 1 1 10
9 3 131 1
9 4 1 4
9 5 21 1
9 6 256 1
9 7 1 4
9 8 26 1
9 10 3 1
9 11 82 1
9 12 80 1
9 14 1 28
9 17 3 6
9 25 2 25
9 27 3 9
10 2 98 1
10 3 1 27
10 4 1 20
10 5 276 24
10 6 122 1
10 7 1 6
10 8 26 1
10 9 1 11
10 11 8 16
10 12 1 27
10 13 2 14
10 14 291 1
10 15 89 1
10 18 2 1
10 20 14 15
10 23 170 2
10 25 92 1
10 27 99 4
11 0 8 10
11 1 92 1
11 2 176 1
11 3 4 13
11 5 2 8
11 6 2 9
11 7 140 17
11 8 88 1
11 10 16 18
11 14 327 2
11 15 31 1
11 17 4 14
11 22 45 2
11 23 81 1
11 24 22 9
11 25 5 11
11 27 22 1
12 1 1 15
12 5 2 3
12 6 111 2
12 9 4 20
12 14 124 1
12 15 76 3
12 22 22 5
13 4 61 1
13 5 20 4
13 7 45 2
13 8 50 2
13 9 69 3
13 10 3 25
13 11 16 1
13 14 15 1
13 21 3 5
13 22 3 25
13 27 15 1
14 0 72 4
14 1 5 22
14 2 28 4
14 6 8 17
14 7 5 23
14 9 69 1
14 10 3 1
14 11 1 2
14 13 14 1
14 15 6 19
14 16 8 6
14 17 1 8
14 22 7 21
14 23 7 9
15 7 6 12
15 8 3 11
15 10 264 1
15 11 4 19
15 14 1 2
15 23 14 1
15 24 16 1
16 0 13 7
16 1 13 29
16 3 17 14
16 4 7 13
16 5 21 14
16 8 13 5
16 10 1 9
16 11 16 26
16 14 16 11
16 15 2 20
16 17 216 1
16 18 74 2
16 24 26 8
17 0 1 12
17 1 1 14
17 2 115 1
17 9 27 3
17 14 23 5
17 16 185 1
17 19 116 3
18 0 1 15
18 1 1 10
18 2 4 23
18 3 4 20
18 8 4 18
18 9 148 3
18 14 2 29
18 17 48 2
18 21 35 22
18 25 1 10
19 0 76 1
19 1 76 2
19 2 20 1
19 3 7 19
19 4 3 24
19 5 3 21
19 9 1 1
19 10 3 24
19 20 19 1
19 24 2 4
19 26 1 5
20 0 146 1
20 3 2 14
20 15 22 9
20 16 1 8
20 17 61 1
20 19 26 13
20 21 44 2
20 24 9 3
20 25 4 27
21 0 2 4
21 1 70 26
21 4 30 2
21 9 1 24
22 10 5 26
22 13 12 3
22 20 1 21
22 26 18 21
23 0 6 7
23 7 1 5
23 10 93 2
23 15 1 20
23 18 21 15
23 25 7 2
23 26 4 15
24 0 14 24
24 1 13 29
24 3 14 11
24 5 14 5
24 8 14 9
24 9 1 28
24 11 1 16
24 16 14 2
24 17 10 4
24 22 26 12
24 23 2 3
25 0 81 2
25 7 89 1
25 10 18 1
25 11 271 1
25 14 7 1
25 22 2 22
25 24 34 9
26 23 1 25
26 27 3 13
27 0 2 3
27 1 2 21
27 2 4 9
27 5 1 2
27 9 2 24
27 10 7 9
27 11 181 1
27 12 19 12
27 16 33 11
27 25 1 8
27 26 61 1
