0 1 23 12
0 2 26 1
0 3 18 17
0 4 1 26
0 5 40 16
0 6 6 1
0 7 130 1
0 8 60 23
0 9 7 1
0 11 1 28
0 16 27 15
0 17 1 17
0 18 16 1
0 19 1 5
0 20 16 29
0 24 54 14
1 0 47 28
1 2 3 9
1 3 31 28
1 4 111 1
1 5 18 26
1 6 190 1
1 8 17 5
1 10 4 20
1 11 251 2
1 12 94 1
1 13 34 7
1 16 19 27
1 17 295 1
1 18 5 23
1 20 6 28
1 23 32 1
1 24 45 19
1 27 63 2
2 0 70 1
2 1 297 1
2 3 4 20
2 4 115 1
2 6 296 1
2 7 60 10
2 8 4 4
2 10 12 19
2 11 2 6
2 12 5 2
2 17 158 1
2 24 1 1
2 26 5 1
3 0 34 18
3 1 31 6
3 2 46 1
3 5 64 28
3 6 22 2
3 7 1 26
3 8 19 16
3 10 107 12
3 11 2 8
3 14 23 2
3 16 18 17
3 17 2 29
3 24 34 16
4 0 77 1
4 1 57 1
4 2 1 9
4 3 137 1
4 5 9 16
4 6 72 1
4 7 141 1
4 8 15 1
4 9 3 22
4 10 273 1
4 12 237 1
4 17 107 1
4 18 25 13
5 0 58 16
5 1 21 16
5 3 18 18
5 4 10 27
5 6 10 25
5 7 58 1
5 8 21 6
5 9 73 17
5 10 62 1
5 11 30 4
5 12 4 17
5 16 19 19
5 17 2 11
5 24 18 12
5 27 26 9
6 0 13 1
6 1 9 6
6 2 185 1
6 3 2 21
6 4 52 1
6 5 377 1
6 7 2 9
6 8 12 4
6 9 6 3
6 10 5 2
6 11 2 22
6 12 243 1
6 16 112 1
6 18 168 2
6 19 70 1
6 20 1 12
6 24 10 16
6 25 58 2
6 27 2 9
7 0 336 1
7 1 1 17
7 2 1 29
7 3 16 6
7 4 1 23
7 5 1 8
7 8 397 1
7 9 5 25
7 10 1 15
7 11 33 10
7 13 15 1
7 17 30 1
7 18 1 11
7 19 3 7
7 20 96 1
7 21 24 16
7 23 1 8
7 24 224 1
7 25 2 29
7 27 53 1
8 0 40 9
8 1 131 23
8 2 345 1
8 3 20 1
8 4 7 24
8 5 93 12
8 6 31 2
8 7 71 1
8 10 8 14
8 11 7 19
8 12 251 1
8 14 202 1
8 15 170 1
8 16 36 19
8 18 1 7
8 23 39 4
8 24 18 17
8 25 2 11
8 27 3 9
9 1 4 27
9 2 71 2
9 3 128 1
9 4 3 21
9 5 21 1
9 6 53 1
9 7 4 24
9 8 14 1
9 11 72 1
9 12 58 1
9 13 109 4
9 17 1 13
9 18 153 3
9 20 1 13
9 21 31 4
9 23 1 23
10 0 1 25
10 1 321 1
10 2 83 1
10 3 2 22
10 5 71 1
10 6 94 1
10 7 5 19
10 8 6 1
10 9 2 19
10 11 1 14
10 12 1 20
10 13 12 26
10 14 278 1
10 15 74 1
10 16 11 3
10 18 2 11
10 20 15 26
10 21 1 10
10 22 42 29
10 25 83 2
11 0 213 29
11 1 83 1
11 2 166 1
11 3 1 19
11 6 1 28
11 7 67 11
11 8 69 1
11 10 188 25
11 13 108 1
11 14 312 1
11 24 1 9
11 25 39 14
11 27 17 1
12 1 112 22
12 3 2 21
12 4 3 10
12 5 1 12
12 6 101 1
12 7 166 1
12 8 1 4
12 9 2 25
12 10 27 2
12 14 118 2
12 16 1 16
12 17 9 20
12 18 17 11
12 22 105 2
12 23 62 1
13 6 19 20
13 7 40 1
13 8 44 3
13 9 65 1
13 10 1 22
13 14 28 1
13 15 17 3
13 21 1 11
13 25 1 8
14 0 71 1
14 4 35 1
14 7 13 4
14 8 1 10
14 9 61 1
14 10 3 25
14 12 1 10
14 13 8 1
14 15 3 26
14 16 8 5
14 17 39 21
14 21 22 1
15 7 1 15
15 8 4 2
15 9 59 16
15 10 250 1
15 11 9 25
15 14 2 24
15 16 1 7
15 20 86 1
15 26 16 3
16 0 44 28
16 1 21 14
16 3 53 16
16 5 68 16
16 8 117 4
16 10 3 27
16 14 15 21
16 15 3 11
16 17 65 19
16 18 2 16
16 24 61 16
17 0 7 23
17 3 7 19
17 4 267 1
17 8 229 2
17 13 5 13
17 16 162 1
17 18 40 2
17 21 25 3
17 22 54 1
18 0 1 18
18 1 1 1
18 8 1 14
18 10 17 3
18 27 1 12
19 0 58 1
19 1 68 2
19 8 2 1
19 11 8 3
19 12 12 1
19 17 74 1
19 20 2 1
19 25 1 26
20 0 132 2
20 1 27 29
20 6 1 28
20 7 272 1
20 8 1 3
20 11 65 1
20 12 1 18
20 16 8 10
20 17 58 2
20 19 37 6
21 9 31 6
21 12 5 9
22 3 2 4
22 8 73 2
22 10 2 21
22 21 12 3
22 25 4 8
23 7 13 26
23 8 132 1
23 10 88 1
23 17 6 13
23 18 21 16
23 25 6 9
23 26 4 11
24 0 18 27
24 1 18 3
24 3 44 11
24 5 26 11
24 6 96 5
24 8 18 12
24 9 91 12
24 12 1 1
24 15 9 9
24 16 50 10
24 17 1 28
24 22 25 14
24 25 41 19
24 26 1 9
25 3 3 16
25 6 123 2
25 7 75 1
25 8 159 2
25 11 232 1
25 12 71 14
25 15 1 12
25 20 26 3
25 27 2 15
26 3 17 1
26 7 2 1
26 8 99 1
26 20 12 19
26 27 2 15
27 3 1 9
27 6 1 9
27 10 76 19
27 11 172 2
27 12 19 1
27 16 33 9
27 26 51 2
