0 1 6 13
0 2 5 7
0 3 57 26
0 5 2 12
0 6 1 6
0 7 104 1
0 8 124 7
0 11 1 22
0 13 1 14
0 16 166 21
0 19 1 27
0 20 1 27
0 22 1 1
0 23 9 27
0 24 2 24
0 26 56 1
0 27 8 12
1 0 8 21
1 2 2 11
1 3 301 9
1 4 66 1
1 5 24 21
1 6 5 1
1 8 283 15
1 9 223 5
1 10 3 4
1 11 240 1
1 12 86 3
1 16 78 3
1 17 204 1
1 18 5 5
1 19 5 4
1 20 43 25
1 22 65 1
1 24 36 14
2 0 48 1
2 1 180 1
2 3 10 8
2 5 8 9
2 6 269 1
2 7 2 2
2 8 11 29
2 9 10 1
2 10 10 19
2 11 1 8
2 17 144 1
2 20 1 14
2 24 2 27
3 0 334 1
3 1 18 23
3 2 9 1
3 4 147 2
3 5 11 8
3 6 12 2
3 7 9 24
3 8 3 6
3 9 103 4
3 10 1 9
3 11 1 17
3 14 20 6
3 16 1 4
3 17 2 17
3 18 11 25
3 19 1 23
3 20 1 21
3 24 2 14
3 26 1 27
4 0 58 1
4 1 18 1
4 2 1 16
4 5 4 1
4 6 379 1
4 7 127 1
4 9 4 11
4 10 255 2
4 12 231 1
4 14 14 29
4 16 1 7
4 17 91 1
4 19 1 29
4 25 16 4
4 26 57 2
5 0 2 11
5 1 3 17
5 2 63 1
5 3 95 11
5 4 2 29
5 6 75 1
5 7 43 1
5 8 28 1
5 9 42 27
5 10 89 12
5 11 5 13
5 12 20 20
5 15 1 23
5 16 2 15
5 17 1 10
5 18 32 3
5 24 7 24
5 25 1 9
6 0 288 2
6 1 3 20
6 2 151 1
6 3 102 16
6 4 132 1
6 5 190 1
6 7 1 17
6 8 59 10
6 9 2 21
6 10 2 26
6 11 4 6
6 14 156 2
6 16 107 3
6 17 263 1
7 0 316 1
7 1 3 25
7 2 1 2
7 3 3 22
7 4 11 3
7 5 1 24
7 8 398 1
7 9 1 29
7 11 116 10
7 12 6 2
7 13 10 2
7 15 1 26
7 17 24 1
7 19 1 10
7 20 84 1
7 21 11 17
7 24 210 1
7 25 2 23
7 26 2 25
7 27 45 2
8 0 55 3
8 1 132 10
8 2 292 1
8 3 296 17
8 4 3 5
8 5 94 28
8 6 55 5
8 7 292 1
8 9 1 2
8 10 8 8
8 11 1 3
8 12 241 1
8 14 180 1
8 16 83 28
8 17 89 2
8 19 8 7
8 20 26 2
8 24 190 22
8 25 1 20
9 0 119 1
9 1 1 13
9 3 122 2
9 4 4 27
9 6 174 1
9 7 1 14
9 8 3 1
9 10 4 21
9 11 56 1
9 12 31 1
9 13 106 1
9 14 13 9
9 15 1 1
9 17 1 20
9 18 148 4
9 20 1 12
9 22 24 6
9 23 1 22
9 25 6 23
10 1 11 1
10 2 61 1
10 5 53 1
10 6 52 1
10 7 1 19
10 8 1 2
10 9 22 26
10 12 1 12
10 13 1 29
10 14 145 1
10 15 54 1
10 22 7 10
10 23 163 2
10 24 12 27
10 25 71 2
10 27 90 4
11 1 71 1
11 2 150 1
11 3 1 24
11 6 1 19
11 7 10 6
11 8 44 1
11 9 1 5
11 10 6 2
11 13 94 2
11 14 289 1
11 17 53 5
11 19 131 1
11 22 34 2
11 24 7 2
11 25 11 17
11 27 10 3
12 1 1 1
12 2 21 1
12 5 2 1
12 6 84 2
12 7 160 4
12 9 18 14
12 13 2 1
12 15 67 3
12 17 1 19
12 18 3 13
12 19 48 3
12 22 20 14
12 23 58 1
12 26 2 15
13 1 69 4
13 6 10 23
13 7 34 1
13 10 4 5
13 18 2 24
13 21 1 19
14 1 1 28
14 2 24 2
14 6 10 27
14 7 1 8
14 9 49 1
14 10 79 18
14 13 2 12
14 15 3 22
14 25 1 24
15 0 40 1
15 3 53 4
15 4 90 2
15 6 2 15
15 7 212 4
15 8 2 21
15 9 2 3
15 10 228 1
15 11 9 6
15 14 1 26
15 16 2 26
15 20 85 1
15 23 25 1
15 24 12 1
15 25 29 1
16 0 2 10
16 1 1 1
16 3 52 14
16 4 136 5
16 5 16 26
16 8 2 22
16 9 7 24
16 10 2 22
16 11 67 23
16 17 59 1
16 18 2 6
16 20 1 5
16 24 20 28
16 25 34 1
16 27 7 1
17 0 11 11
17 2 91 1
17 4 252 1
17 7 209 1
17 11 202 7
17 14 19 5
17 15 63 2
17 16 128 1
17 18 33 3
17 25 80 13
17 26 55 4
18 0 2 15
18 1 3 24
18 7 7 10
18 9 139 1
18 12 1 19
18 14 44 1
18 16 112 25
18 17 36 1
18 24 40 26
18 25 1 17
19 0 35 1
19 1 57 2
19 3 1 3
19 4 1 6
19 9 68 18
19 10 2 11
19 11 6 1
19 17 69 4
20 0 112 1
20 1 6 7
20 3 52 17
20 6 2 5
20 7 264 1
20 14 1 16
20 15 19 1
20 19 11 6
20 25 67 14
20 27 1 26
21 0 2 18
21 9 10 19
22 2 6 2
22 3 1 29
22 9 1 7
22 10 1 5
22 11 3 27
22 21 2 26
23 0 1 17
23 2 4 19
23 4 63 7
23 10 80 1
23 12 1 29
23 14 18 8
24 0 70 6
24 1 69 8
24 3 1 6
24 5 2 8
24 8 80 9
24 11 1 16
24 12 1 25
24 14 41 5
24 16 1 8
24 21 2 18
24 23 1 16
24 25 7 8
25 2 1 5
25 6 119 2
25 7 54 1
25 10 188 1
25 11 161 1
25 14 6 14
25 16 1 29
25 17 11 1
25 20 24 7
25 26 38 3
25 27 11 9
26 11 3 15
26 14 3 29
26 17 28 2
26 22 1 3
26 23 2 24
26 24 45 6
26 25 1 15
26 27 1 16
27 0 13 23
27 8 1 20
27 10 42 16
27 11 159 1
27 21 1 5
27 22 4 19
27 26 37 1
