0 1 2 21
0 2 22 24
0 3 19 1
0 5 20 11
0 6 1 7
0 7 90 1
0 8 10 12
0 9 1 5
0 11 1 7
0 13 6 11
0 16 23 1
0 18 1 24
0 19 2 18
0 20 3 17
0 23 1 27
0 24 121 13
1 0 32 16
1 2 123 15
1 3 24 1
1 4 25 1
1 5 6 19
1 6 281 1
1 7 2 19
1 8 37 20
1 9 221 1
1 10 1 2
1 11 232 1
1 13 30 1
1 14 132 1
1 16 80 17
1 17 256 10
1 18 1 15
1 19 2 1
1 20 1 1
1 24 24 1
1 26 57 1
1 27 1 24
2 0 37 1
2 1 118 1
2 3 5 7
2 4 84 2
2 6 251 1
2 7 2 9
2 8 3 13
2 10 38 14
2 11 9 17
2 17 135 1
2 20 2 15
3 0 206 6
3 1 80 1
3 2 35 1
3 4 139 2
3 5 109 1
3 6 8 1
3 7 4 11
3 8 412 1
3 9 99 4
3 13 15 3
3 15 1 29
3 16 29 18
3 20 4 3
3 24 17 1
4 0 48 1
4 1 5 1
4 2 33 13
4 3 116 1
4 5 35 14
4 6 39 3
4 7 118 1
4 9 5 24
4 10 244 1
4 11 5 9
4 12 227 1
4 17 81 2
4 18 2 9
4 20 1 21
4 22 50 1
4 23 14 20
4 25 2 29
5 0 72 2
5 1 62 1
5 3 12 1
5 4 1 28
5 6 46 2
5 7 35 1
5 8 411 4
5 9 9 29
5 12 1 2
5 16 24 1
5 21 1 12
5 24 57 1
6 0 1 25
6 1 179 11
6 2 130 1
6 3 1 10
6 4 367 1
6 5 62 1
6 7 1 12
6 8 20 10
6 9 320 12
6 10 1 2
6 11 58 2
6 12 49 1
6 15 124 4
6 16 104 1
6 17 254 1
6 19 62 2
6 22 1 12
6 24 2 27
6 26 38 2
7 0 301 1
7 1 19 7
7 2 1 22
7 3 4 1
7 8 351 1
7 9 1 29
7 11 44 26
7 12 175 25
7 17 20 1
7 20 77 1
7 24 201 2
7 25 88 13
7 26 1 6
8 0 116 9
8 1 94 24
8 2 236 1
8 3 46 18
8 4 2 14
8 5 101 1
8 6 94 12
8 7 380 1
8 10 8 15
8 11 2 23
8 13 3 8
8 14 167 1
8 15 154 3
8 16 26 1
8 19 1 9
8 20 23 1
8 23 32 4
8 24 30 4
8 25 1 13
9 0 113 1
9 1 37 5
9 4 9 28
9 5 2 16
9 6 10 1
9 7 6 11
9 10 9 16
9 12 18 1
9 13 103 2
9 17 22 20
9 18 145 2
9 21 27 3
9 22 23 2
9 25 1 24
10 0 3 1
10 1 315 1
10 2 49 1
10 3 1 14
10 5 37 1
10 6 32 1
10 7 8 1
10 8 3 21
10 9 3 7
10 11 423 1
10 12 1 1
10 13 3 10
10 14 244 1
10 15 42 1
10 17 1 26
10 22 1 2
10 24 7 4
10 25 64 1
11 1 64 1
11 2 140 2
11 3 1 6
11 4 1 19
11 6 1 7
11 7 300 3
11 8 31 1
11 10 27 1
11 13 86 1
11 14 272 1
11 15 3 4
11 16 59 2
11 17 1 4
11 21 82 5
11 23 47 1
11 24 6 10
11 25 3 22
11 26 8 8
12 0 133 4
12 1 1 5
12 2 19 1
12 5 11 16
12 6 75 1
12 8 17 9
12 9 20 27
12 14 102 1
12 16 1 11
12 18 1 8
12 22 20 2
12 26 1 20
13 1 68 1
13 6 3 26
13 7 30 2
13 8 31 1
13 9 56 1
13 10 1 6
13 14 3 2
13 15 13 5
13 20 7 25
13 22 9 27
14 7 2 21
14 10 41 11
14 13 22 2
14 15 1 11
15 0 37 4
15 3 52 2
15 4 88 2
15 6 23 29
15 7 197 1
15 10 214 1
15 11 2 14
15 12 1 20
15 14 1 20
15 23 6 1
15 25 27 1
16 0 35 15
16 1 6 15
16 2 1 22
16 3 277 1
16 5 275 1
16 8 17 1
16 9 1 20
16 10 1 10
16 17 235 1
16 18 2 8
16 20 1 5
16 22 25 27
16 24 88 1
17 0 2 26
17 1 204 15
17 2 83 1
17 7 204 1
17 9 16 5
17 10 13 3
17 11 201 1
17 14 18 1
17 16 109 1
17 19 110 3
18 1 1 28
18 5 12 4
18 16 2 1
18 17 31 3
19 0 23 1
19 10 1 4
19 11 5 1
19 17 66 2
19 20 2 6
19 21 1 10
19 26 2 3
20 0 100 1
20 3 2 26
20 6 2 25
20 7 259 1
20 8 1 2
20 11 53 1
20 12 1 24
20 14 1 29
20 16 2 14
20 18 5 26
20 19 167 25
20 25 67 11
21 0 4 6
21 8 1 26
21 9 1 16
21 10 1 19
21 14 11 4
21 20 1 9
22 2 5 14
22 6 9 27
22 10 1 13
22 11 3 2
22 12 24 27
22 27 1 24
23 1 18 8
23 7 1 20
23 10 75 1
23 12 1 18
23 16 1 4
24 0 17 1
24 1 132 24
24 3 114 1
24 5 142 1
24 8 127 1
24 11 1 3
24 16 62 9
24 20 71 1
25 7 43 1
25 10 181 1
25 11 122 1
25 14 6 2
25 24 28 1
25 27 1 17
26 0 1 7
26 1 2 1
26 8 95 8
26 11 2 24
26 22 17 8
26 23 1 21
26 27 1 7
27 0 1 10
27 6 12 18
27 12 17 1
27 14 20 1
27 20 53 1
