0 1 32 1
0 2 103 1
0 3 71 3
0 4 1 26
0 5 56 1
0 6 2 25
0 7 425 2
0 8 333 1
0 10 1 14
0 11 19 27
0 16 29 1
0 19 201 1
0 20 32 2
0 23 1 8
0 24 51 1
0 27 3 29
1 0 109 1
1 2 221 1
1 3 104 1
1 4 22 25
1 5 184 2
1 6 6 4
1 7 146 1
1 8 87 1
1 9 2 14
1 10 3 28
1 11 1 1
1 14 1 6
1 15 1 5
1 16 396 12
1 17 3 8
1 18 2 16
1 19 6 2
1 20 1 9
1 21 38 1
1 24 319 1
1 25 43 1
2 0 1 11
2 1 1 9
2 3 21 1
2 4 3 3
2 6 3 22
2 7 71 1
2 8 191 1
2 9 118 1
2 10 31 1
2 20 39 1
3 0 12 1
3 1 408 2
3 5 26 22
3 6 249 2
3 7 201 1
3 8 33 1
3 10 1 21
3 11 2 4
3 16 6 13
3 17 3 3
3 18 17 25
3 22 13 15
3 24 6 13
4 0 352 2
4 1 2 27
4 5 65 1
4 6 3 11
4 8 398 1
4 9 158 1
4 10 1 21
4 12 1 2
4 14 2 23
4 18 1 22
4 21 66 22
4 23 1 17
5 0 35 7
5 1 51 19
5 2 1 18
5 3 37 1
5 4 213 1
5 6 7 7
5 7 282 2
5 8 273 2
5 9 5 22
5 10 1 26
5 11 1 28
5 13 1 9
5 16 16 1
5 24 22 2
6 0 4 29
6 1 127 1
6 2 2 21
6 3 3 1
6 4 2 16
6 5 27 3
6 7 345 1
6 8 5 1
6 9 45 1
6 11 26 2
6 12 5 27
6 14 1 16
6 19 125 1
6 20 158 4
6 26 65 3
6 27 1 16
7 1 31 1
7 2 270 1
7 3 98 1
7 5 7 10
7 6 9 6
7 8 2 16
7 9 1 6
7 10 7 18
7 11 8 3
7 12 1 9
7 14 185 1
7 15 297 1
7 18 2 5
7 19 43 5
7 20 250 1
7 23 42 1
7 24 2 2
7 25 1 3
7 27 154 1
8 0 27 2
8 1 223 1
8 2 3 20
8 3 2 21
8 4 88 1
8 5 309 1
8 6 6 27
8 7 3 10
8 9 236 1
8 10 227 1
8 12 266 2
8 13 5 15
8 14 3 22
8 15 3 2
8 16 96 1
8 18 53 5
8 19 1 18
8 20 155 3
8 24 28 17
9 1 34 2
9 3 1 27
9 4 209 1
9 5 2 11
9 6 45 21
9 8 128 1
9 10 2 26
9 11 300 1
9 13 1 29
9 16 19 5
9 18 3 11
9 19 5 1
9 22 65 3
9 23 1 17
9 24 1 8
10 0 27 1
10 1 2 27
10 3 1 23
10 4 1 16
10 5 2 29
10 6 3 25
10 7 37 1
10 8 16 25
10 9 5 6
10 11 2 3
10 12 2 9
10 14 5 21
10 23 2 4
11 0 4 17
11 1 256 1
11 2 1 12
11 3 79 1
11 5 30 1
11 6 29 2
11 7 395 1
11 8 166 1
11 10 5 8
11 13 1 5
11 14 5 16
11 15 6 24
11 22 140 2
11 23 255 1
11 25 128 1
11 27 175 1
12 2 69 3
12 3 4 1
12 6 292 1
12 8 2 2
12 9 84 1
12 10 4 29
12 13 3 17
12 22 84 27
12 23 96 10
12 27 58 11
13 7 139 1
13 8 168 3
13 11 166 1
13 12 184 1
13 16 1 20
13 18 1 15
13 22 2 7
13 23 4 9
13 25 1 4
14 4 98 2
14 6 1 5
14 7 32 1
14 8 3 16
14 10 240 1
14 11 1 7
14 15 121 1
14 17 1 22
14 18 1 16
14 22 1 18
14 23 36 10
15 3 1 4
15 7 1 6
15 10 3 24
15 11 292 1
15 12 4 2
15 14 2 1
15 17 5 12
16 0 1 17
16 1 34 1
16 3 47 29
16 5 408 5
16 7 1 26
16 8 9 24
16 9 1 2
16 11 1 28
16 12 1 25
16 17 6 24
16 24 6 20
17 0 19 1
17 1 8 24
17 2 1 29
17 6 111 1
17 10 109 2
17 11 2 18
17 12 3 3
17 14 55 1
17 15 84 1
17 16 364 9
17 18 156 2
17 25 1 23
18 2 61 3
18 4 385 1
18 5 1 20
18 10 84 1
18 12 1 4
18 13 10 1
18 16 1 11
18 17 159 1
19 0 1 13
19 3 44 12
19 11 53 1
19 12 28 13
19 13 6 24
19 18 1 6
19 20 3 4
20 0 340 4
20 2 146 1
20 3 3 29
20 8 23 2
20 15 53 3
20 16 1 24
20 17 123 3
20 18 2 7
20 19 347 1
21 4 52 4
21 5 27 22
21 18 23 5
21 20 1 25
22 0 1 11
22 7 62 1
22 10 2 20
22 11 15 4
22 12 1 22
22 24 15 3
23 0 1 18
23 4 78 11
23 8 133 20
23 10 173 6
23 11 1 15
23 13 8 1
23 17 1 17
23 22 5 6
24 0 13 1
24 1 10 20
24 3 12 1
24 7 124 1
24 8 60 1
24 11 308 1
24 14 35 2
24 16 23 1
24 26 1 1
25 5 7 3
25 7 328 5
25 8 193 29
25 10 1 28
25 11 4 28
25 14 1 8
25 27 33 1
26 1 15 2
26 9 66 14
26 11 2 26
26 24 1 1
26 25 2 23
26 27 32 1
27 1 67 19
27 2 9 16
27 7 46 2
27 8 1 16
27 10 1 24
27 15 24 1
27 16 29 17
27 24 7 1
27 26 2 8
