0 2 1 7
0 3 41 1
0 4 2 16
0 5 118 1
0 6 4 7
0 7 78 1
0 8 23 1
0 9 11 11
0 10 11 1
0 11 10 28
0 16 139 1
0 17 5 28
0 18 1 17
0 19 15 3
0 20 1 20
0 24 51 16
0 25 92 3
1 0 129 1
1 2 1 24
1 3 113 1
1 4 25 1
1 5 110 8
1 6 236 1
1 7 3 24
1 8 420 1
1 10 7 1
1 11 225 1
1 12 77 3
1 14 1 1
1 16 18 1
1 17 249 1
1 18 2 20
1 19 12 11
1 22 63 5
1 24 67 1
1 26 56 2
2 0 28 1
2 1 73 1
2 3 5 2
2 4 75 1
2 5 1 7
2 6 235 1
2 7 2 3
2 8 3 23
2 10 1 3
2 11 3 2
2 17 128 1
2 20 1 10
2 23 1 16
3 0 101 1
3 1 292 2
3 2 66 1
3 4 132 2
3 5 68 1
3 6 4 2
3 7 15 4
3 8 15 27
3 10 4 13
3 11 100 22
3 13 2 18
3 16 89 1
3 17 1 7
3 20 9 26
3 24 117 1
3 25 1 5
4 0 39 1
4 3 109 1
4 5 3 1
4 6 353 1
4 7 111 1
4 9 2 3
4 12 223 1
4 17 74 1
4 18 7 29
4 20 1 5
4 24 85 2
4 25 20 8
5 0 137 2
5 1 86 1
5 2 60 3
5 3 36 1
5 4 1 27
5 6 41 3
5 7 28 2
5 8 155 1
5 9 4 8
5 10 3 12
5 11 3 13
5 12 10 7
5 13 1 15
5 16 112 1
5 20 29 2
5 21 1 26
5 24 164 1
6 0 266 1
6 1 75 9
6 2 113 1
6 3 8 19
6 4 45 1
6 5 3 1
6 7 3 17
6 8 167 3
6 9 318 1
6 10 2 12
6 11 5 22
6 14 20 1
6 16 102 2
6 17 246 1
6 22 1 17
6 25 46 1
7 0 287 1
7 1 85 23
7 2 5 12
7 3 161 21
7 4 2 22
7 5 94 23
7 6 35 1
7 8 377 1
7 9 14 22
7 10 254 1
7 11 23 14
7 15 2 5
7 16 115 1
7 19 2 20
7 25 75 23
7 27 37 2
8 0 96 1
8 1 138 1
8 2 186 1
8 3 204 1
8 4 7 28
8 5 371 1
8 6 397 17
8 7 273 1
8 10 7 4
8 11 16 20
8 13 1 16
8 14 155 1
8 15 149 1
8 16 27 10
8 17 14 11
8 18 1 8
8 24 78 1
8 25 83 29
9 0 108 1
9 1 15 18
9 2 52 1
9 4 3 7
9 5 3 20
9 6 105 1
9 7 1 27
9 10 3 16
9 11 41 1
9 12 10 1
9 14 1 6
9 17 7 19
9 18 142 1
9 20 1 20
9 21 25 3
9 22 21 1
9 23 1 26
9 25 4 16
10 0 1 19
10 1 307 5
10 2 40 1
10 3 1 13
10 5 259 1
10 6 19 1
10 7 11 4
10 8 6 5
10 9 26 12
10 12 4 4
10 13 2 14
10 14 204 1
10 19 9 7
10 22 14 11
10 25 58 1
11 1 58 1
11 2 132 1
11 3 2 5
11 5 2 7
11 6 17 21
11 7 12 20
11 9 81 1
11 10 330 18
11 12 3 26
11 14 258 1
11 15 2 11
11 20 1 5
11 21 81 4
11 23 40 2
11 24 1 7
11 25 7 20
12 1 1 28
12 2 17 1
12 5 2 20
12 6 67 1
12 7 153 1
12 8 1 28
12 9 55 29
12 10 43 2
12 11 1 2
12 13 179 2
12 14 97 1
12 17 1 18
12 20 1 3
12 21 1 8
12 23 53 3
13 0 1 24
13 7 27 1
13 8 27 1
13 10 1 20
13 14 10 3
13 18 21 10
13 27 14 2
14 3 54 6
14 7 2 5
14 9 37 1
14 10 2 24
14 13 28 2
14 22 5 2
14 27 3 5
15 1 117 19
15 3 50 8
15 6 20 13
15 7 9 1
15 9 102 5
15 10 201 1
15 11 175 29
15 14 3 1
15 16 4 21
16 0 173 3
16 1 182 1
16 3 16 2
16 5 221 2
16 8 197 1
16 13 31 2
16 17 30 1
16 18 4 8
16 24 36 1
17 0 3 8
17 1 32 1
17 2 75 1
17 4 234 1
17 5 1 26
17 8 202 2
17 10 11 2
17 12 2 28
17 15 60 11
17 16 93 1
17 20 2 28
18 0 3 2
18 1 1 23
18 3 1 7
18 8 1 25
18 9 131 3
18 10 10 1
18 14 44 16
18 16 110 1
18 17 28 1
18 20 3 6
18 24 40 4
19 0 15 1
19 1 45 2
19 3 61 3
19 4 6 28
19 7 1 8
19 13 6 15
19 20 1 3
20 1 6 1
20 3 2 26
20 4 1 25
20 6 11 8
20 11 49 2
20 13 1 2
20 17 48 2
20 19 44 9
20 27 1 12
21 9 2 19
21 15 10 1
22 6 43 25
22 7 4 1
22 9 1 25
22 10 1 14
22 18 26 28
22 20 4 13
22 21 2 12
22 26 18 13
22 27 11 3
23 1 17 4
23 4 62 1
23 8 126 6
23 10 70 2
23 11 66 12
23 14 15 8
23 15 2 7
23 20 25 7
23 21 3 23
24 0 47 1
24 1 193 1
24 3 1 15
24 5 207 1
24 6 87 3
24 7 1 7
24 8 328 8
24 10 1 17
24 11 5 14
24 16 87 1
24 20 71 2
24 26 2 19
25 3 6 27
25 7 34 1
25 8 141 2
25 10 175 1
25 11 91 1
25 12 73 12
25 20 22 1
25 27 9 22
26 0 41 13
26 3 14 13
26 10 1 5
26 15 17 22
26 23 1 20
26 27 1 19
27 4 70 1
27 6 3 26
27 7 1 15
27 8 1 6
27 11 143 1
27 12 16 3
27 22 6 14
27 25 82 7
27 26 22 2
