0 1 172 1
0 2 23 15
0 3 6 23
0 5 232 1
0 6 2 29
0 7 67 1
0 8 69 6
0 9 19 16
0 11 1 20
0 14 1 4
0 15 1 13
0 16 78 1
0 17 290 5
0 18 1 15
0 19 2 28
0 20 5 19
0 22 1 16
0 23 1 24
0 24 131 1
0 26 53 3
1 0 65 3
1 2 81 1
1 3 324 1
1 4 16 2
1 5 78 1
1 6 132 1
1 7 3 13
1 8 226 1
1 10 1 14
1 11 218 2
1 12 73 3
1 14 131 1
1 16 28 1
1 17 221 1
1 18 1 6
1 22 63 1
1 23 26 2
1 24 44 6
1 27 1 11
2 0 20 2
2 1 38 1
2 3 4 23
2 4 66 1
2 5 1 6
2 6 218 1
2 7 1 8
2 8 43 15
2 9 4 4
2 10 11 17
2 11 1 21
2 12 1 13
2 13 1 18
2 15 26 1
2 17 120 2
3 0 176 1
3 1 230 1
3 2 5 1
3 4 126 1
3 5 31 13
3 7 21 9
3 8 9 3
3 9 92 1
3 11 1 21
3 14 17 2
3 15 1 5
3 16 21 1
3 17 4 10
3 20 3 22
3 24 90 5
4 5 3 25
4 6 321 1
4 9 11 7
4 11 3 2
4 12 219 2
4 13 4 13
4 14 1 19
4 17 66 1
4 18 2 24
4 19 1 20
4 20 5 21
4 23 1 1
4 24 84 8
5 0 212 1
5 1 66 1
5 2 57 1
5 3 30 1
5 4 7 9
5 6 258 1
5 7 22 1
5 8 286 1
5 9 1 28
5 10 9 10
5 11 6 12
5 13 2 2
5 16 194 1
5 17 2 12
5 20 27 2
5 24 137 1
6 0 254 1
6 1 4 22
6 2 97 1
6 3 1 20
6 4 124 1
6 5 4 11
6 7 17 15
6 8 62 29
6 9 352 1
6 10 2 28
6 11 2 22
6 12 234 1
6 13 22 1
6 14 18 2
6 15 119 2
6 16 99 2
6 17 238 1
6 18 143 1
6 24 89 16
6 25 44 1
7 0 272 1
7 1 3 2
7 2 8 11
7 3 37 28
7 4 28 23
7 6 233 1
7 8 301 1
7 9 41 11
7 10 3 1
7 11 11 6
7 15 1 1
7 17 15 2
7 18 34 19
7 19 7 5
7 20 65 2
7 21 45 25
7 23 5 21
7 24 185 2
7 25 4 27
7 26 64 25
8 0 381 1
8 1 78 1
8 2 146 1
8 3 283 1
8 4 2 13
8 5 183 1
8 6 40 10
8 7 217 2
8 9 1 7
8 10 6 24
8 11 1 26
8 12 223 1
8 14 143 1
8 15 144 1
8 16 3 3
8 17 3 17
8 24 28 17
9 1 2 25
9 3 113 1
9 4 6 9
9 5 4 14
9 6 72 1
9 7 1 21
9 10 3 7
9 11 34 1
9 12 4 1
9 13 99 2
9 14 1 15
9 15 83 10
9 17 3 29
9 20 2 14
9 22 20 5
9 25 2 25
9 26 32 2
10 1 302 1
10 2 31 2
10 3 38 14
10 5 25 1
10 7 2 22
10 8 12 28
10 9 51 1
10 11 146 1
10 13 45 8
10 14 183 1
10 15 26 1
10 20 1 25
10 21 2 28
10 23 154 1
10 25 52 1
11 1 52 1
11 3 3 6
11 4 3 11
11 5 1 15
11 6 1 16
11 7 10 15
11 10 144 1
11 12 9 13
11 13 72 1
11 14 241 1
11 15 3 26
11 16 56 2
11 20 1 2
11 22 24 2
11 23 34 1
11 24 1 21
11 25 11 8
11 26 5 20
12 4 216 1
12 5 6 13
12 6 60 1
12 8 37 7
12 9 2 19
12 10 39 15
12 15 58 2
12 17 2 21
12 21 1 23
12 26 3 3
13 1 64 4
13 4 50 7
13 8 24 1
13 10 1 24
13 12 2 26
13 14 6 1
13 15 11 2
13 18 1 14
13 20 14 29
14 0 62 7
14 6 9 6
14 7 8 4
14 10 163 19
14 11 380 2
14 13 20 1
14 15 13 27
14 17 1 9
14 18 22 29
14 21 20 2
15 3 49 5
15 4 86 2
15 5 1 29
15 7 172 1
15 8 192 7
15 10 188 1
15 11 4 3
15 12 1 29
15 14 7 25
15 16 19 28
15 23 21 7
16 0 55 6
16 1 221 1
16 3 128 1
16 4 9 16
16 5 94 1
16 8 97 1
16 9 1 28
16 10 6 24
16 12 2 29
16 17 13 1
16 20 1 17
16 24 10 11
17 0 1 3
17 1 342 1
17 2 68 1
17 4 226 1
17 5 1 23
17 6 1 11
17 7 196 2
17 8 195 1
17 12 1 9
17 13 3 4
17 14 16 5
17 16 78 1
17 18 22 4
17 19 107 3
17 23 6 2
18 2 4 2
18 3 62 4
18 5 8 2
18 8 4 7
18 11 125 3
18 12 2 13
18 16 99 1
18 17 24 1
18 19 31 6
18 25 14 18
19 0 8 2
19 1 40 1
19 4 3 28
19 7 39 15
19 8 5 2
19 9 6 16
19 10 1 8
19 12 9 3
19 17 62 1
19 18 1 28
19 20 7 12
19 24 1 1
20 0 80 1
20 2 14 2
20 3 87 17
20 7 250 2
20 8 1 13
20 10 43 1
20 11 45 3
20 12 1 24
20 17 45 2
20 18 1 8
20 19 2 19
20 21 43 3
20 22 1 9
20 27 1 2
21 4 24 3
21 6 1 19
21 7 85 11
21 12 1 1
21 20 1 20
22 3 1 6
22 21 2 22
22 25 1 14
22 27 1 16
23 0 70 24
23 1 16 12
23 7 5 20
23 10 66 1
23 11 66 9
24 0 36 1
24 1 116 1
24 3 97 1
24 5 119 1
24 7 1 24
24 8 243 1
24 11 1 21
24 15 4 3
24 16 98 1
24 23 4 16
24 25 40 24
24 26 1 26
24 27 1 4
25 0 69 3
25 3 8 9
25 6 112 1
25 7 26 1
25 10 169 2
25 11 64 1
25 12 73 1
25 18 14 19
25 20 20 8
25 26 12 9
25 27 2 22
26 9 55 10
26 11 9 4
26 12 51 3
26 16 17 1
26 18 1 15
26 20 2 28
26 25 4 10
26 27 3 22
27 2 17 5
27 11 136 1
27 14 18 15
27 17 4 12
27 25 5 29
27 26 17 1
