0 1 144 1
0 2 96 12
0 3 68 1
0 4 1 26
0 5 121 1
0 7 58 1
0 8 28 1
0 9 1 5
0 10 245 1
0 11 3 10
0 16 61 1
0 19 2 10
0 20 43 5
0 24 89 1
1 0 21 3
1 2 61 24
1 3 241 1
1 4 1 4
1 5 17 1
1 6 93 1
1 7 1 10
1 8 8 15
1 9 107 1
1 12 70 2
1 15 1 25
1 16 142 1
1 17 197 1
1 18 1 21
1 20 1 5
1 21 14 10
1 24 28 1
2 1 17 1
2 3 29 24
2 4 59 1
2 5 1 26
2 6 203 1
2 7 2 25
2 8 5 3
2 10 1 16
2 11 14 27
2 17 114 1
2 18 48 2
2 20 1 11
2 23 1 1
2 25 23 5
3 0 177 1
3 1 138 1
3 2 9 1
3 4 120 1
3 5 23 1
3 7 21 22
3 8 215 1
3 9 89 2
3 11 100 10
3 16 13 14
3 17 22 4
3 19 4 19
3 20 1 27
3 24 31 1
4 0 26 2
4 3 96 1
4 5 3 5
4 6 295 1
4 7 98 1
4 9 5 1
4 10 216 1
4 16 1 20
4 17 60 1
4 18 224 1
4 23 14 19
4 24 83 1
4 25 1 10
5 0 145 1
5 1 18 1
5 3 17 1
5 4 7 1
5 6 174 2
5 8 251 15
5 9 43 5
5 10 9 3
5 11 63 28
5 12 2 13
5 16 90 1
5 18 20 4
5 19 1 17
5 22 1 10
5 24 39 1
6 0 245 1
6 1 1 13
6 2 84 1
6 4 356 1
6 5 9 4
6 7 2 17
6 8 19 29
6 9 309 9
6 11 8 1
6 14 14 2
6 16 97 1
6 17 231 1
6 18 138 1
6 22 2 28
6 23 1 19
6 24 1 11
6 25 41 4
6 27 77 28
7 0 260 1
7 1 4 22
7 2 1 18
7 3 29 7
7 4 3 6
7 6 268 1
7 8 58 1
7 9 15 29
7 10 251 23
7 11 111 10
7 12 13 28
7 13 4 2
7 15 1 21
7 16 112 3
7 17 13 3
7 20 60 1
7 21 1 23
7 23 2 6
7 24 178 1
7 25 121 15
7 26 18 6
7 27 31 3
8 0 291 1
8 1 26 1
8 2 111 1
8 3 180 1
8 4 2 16
8 5 128 26
8 6 54 11
8 7 173 1
8 10 48 5
8 11 1 13
8 12 218 1
8 14 133 1
8 16 33 1
8 17 2 13
8 18 125 5
8 23 26 1
8 24 38 1
8 25 4 26
8 27 1 3
9 0 98 1
9 1 47 20
9 2 44 2
9 4 17 29
9 5 5 14
9 6 49 1
9 7 1 14
9 8 1 23
9 10 52 20
9 11 29 1
9 14 1 18
9 15 83 23
9 17 4 16
9 26 31 2
10 0 2 17
10 2 25 1
10 3 5 13
10 4 3 1
10 5 247 1
10 6 3 2
10 7 2 14
10 8 15 11
10 9 32 28
10 11 134 24
10 13 55 27
10 14 149 1
10 15 20 1
10 17 2 19
10 20 1 27
10 21 107 9
10 22 1 5
10 25 47 1
11 0 1 5
11 1 48 1
11 2 117 1
11 3 9 17
11 5 1 28
11 6 50 24
11 7 2 20
11 10 323 1
11 12 1 27
11 13 66 2
11 14 226 1
11 15 4 11
11 16 54 1
11 17 2 18
11 22 21 4
11 23 29 1
11 25 3 29
11 26 1 13
12 0 129 1
12 4 14 1
12 5 48 24
12 7 147 1
12 8 23 9
12 9 2 11
12 10 278 1
12 11 194 22
12 13 169 2
12 14 87 3
12 16 2 20
12 18 1 22
12 22 15 1
12 23 49 5
13 0 1 4
13 7 21 2
13 8 21 1
13 9 47 3
13 10 93 22
13 12 1 20
13 14 3 1
14 0 61 5
14 1 21 19
14 6 172 1
14 7 1 23
14 10 1 9
14 11 376 2
14 13 16 2
14 15 33 2
15 1 117 3
15 2 1 28
15 7 158 1
15 9 1 6
15 10 177 1
15 11 89 26
15 12 1 5
15 14 5 15
15 23 20 4
16 0 131 1
16 1 96 1
16 2 1 22
16 3 30 1
16 5 81 1
16 8 22 9
16 9 9 10
16 10 4 26
16 17 220 1
16 18 2 7
16 23 24 18
16 24 23 2
16 26 1 17
17 0 2 26
17 1 193 1
17 2 63 1
17 3 30 5
17 4 218 1
17 5 1 23
17 6 3 7
17 7 192 2
17 8 189 2
17 9 11 1
17 10 8 1
17 11 195 6
17 15 58 10
17 16 66 1
17 18 20 2
17 27 21 22
18 0 1 29
18 1 4 8
18 4 1 7
18 9 125 2
18 11 124 5
18 13 1 2
18 16 89 1
18 21 35 8
18 24 40 1
18 27 3 3
19 0 4 3
19 1 36 2
19 2 13 1
19 3 58 2
19 5 20 21
19 13 6 2
19 15 5 12
19 20 2 21
19 25 1 22
20 0 72 1
20 2 12 2
20 3 3 20
20 6 2 10
20 7 246 1
20 8 2 4
20 10 41 1
20 11 43 1
20 13 21 3
20 17 43 2
20 19 1 10
20 27 1 15
21 26 6 5
22 6 7 17
22 8 57 1
22 11 3 3
22 20 1 17
22 21 6 11
22 23 7 1
23 2 4 23
23 3 13 2
23 4 60 7
23 7 1 24
24 0 5 4
24 1 102 1
24 3 10 1
24 4 1 10
24 5 38 1
24 7 3 10
24 8 177 1
24 10 1 23
24 11 2 13
24 12 10 29
24 16 2 16
24 17 3 25
24 21 1 7
24 22 20 6
24 26 3 29
25 7 20 2
25 10 164 2
25 11 44 1
25 15 1 26
25 18 1 7
25 27 12 22
26 1 1 6
26 5 1 19
26 9 55 7
26 13 15 9
26 15 17 1
26 20 1 25
26 23 1 7
26 25 4 21
27 7 1 12
27 11 130 1
27 25 81 10
27 26 13 1
