0 1 180 1
0 2 99 1
0 3 59 1
0 4 2 17
0 5 415 2
0 8 33 1
0 10 235 13
0 12 26 6
0 13 1 11
0 16 2 17
0 17 104 12
0 18 75 1
0 19 196 1
0 20 30 1
0 26 69 11
1 0 90 1
1 2 203 1
1 3 344 1
1 4 3 29
1 5 176 1
1 6 9 6
1 7 142 1
1 8 49 1
1 9 10 3
1 10 7 5
1 12 185 2
1 14 1 4
1 16 21 1
1 17 4 1
1 18 1 14
1 19 6 1
1 20 2 7
1 23 61 2
1 24 44 1
2 0 2 19
2 1 1 6
2 3 13 1
2 6 4 17
2 7 66 1
2 8 175 1
2 12 1 24
2 16 45 6
2 20 37 1
2 21 15 28
3 0 337 1
3 1 14 9
3 2 14 1
3 6 247 1
3 7 199 2
3 8 6 3
3 10 1 28
3 11 4 5
3 16 9 29
3 17 1 24
3 24 7 23
4 0 350 1
4 1 8 6
4 2 2 13
4 5 56 1
4 6 3 19
4 8 393 1
4 9 151 1
4 10 3 20
4 11 98 1
4 13 41 2
4 17 305 1
4 18 1 24
4 19 1 28
4 21 1 11
4 27 1 10
5 0 101 1
5 1 44 20
5 2 1 22
5 3 5 23
5 4 200 1
5 6 12 14
5 7 280 2
5 8 30 23
5 9 29 15
5 11 1 25
5 15 17 18
5 16 30 1
5 17 14 22
5 21 11 2
5 24 27 1
5 27 17 21
6 0 304 23
6 1 116 1
6 2 3 16
6 4 2 3
6 5 381 9
6 7 337 1
6 9 37 1
6 11 24 1
6 12 1 11
6 17 2 3
6 18 217 5
6 20 160 11
6 21 2 23
6 25 123 1
6 26 64 9
7 0 4 14
7 1 29 1
7 2 264 1
7 3 85 1
7 4 22 3
7 5 1 11
7 6 1 17
7 8 4 10
7 10 2 20
7 11 83 12
7 14 182 2
7 15 292 1
7 16 140 1
7 17 135 1
7 22 2 13
7 23 40 2
7 24 1 21
7 25 1 22
8 0 27 1
8 1 23 1
8 2 5 28
8 3 352 1
8 4 84 1
8 5 279 1
8 6 8 6
8 7 13 22
8 9 231 1
8 10 379 1
8 12 3 1
8 13 2 22
8 17 1 17
8 18 1 25
8 19 16 19
8 22 29 6
8 23 101 1
8 24 176 1
8 25 1 5
8 26 21 1
8 27 2 22
9 1 32 1
9 4 202 1
9 5 3 10
9 6 8 21
9 7 8 24
9 8 123 28
9 10 152 10
9 11 298 1
9 12 1 9
9 22 65 1
9 27 22 1
10 1 5 22
10 4 3 20
10 5 1 8
10 6 1 4
10 7 34 1
10 8 8 27
10 9 3 3
10 11 1 4
10 14 2 12
10 16 44 2
10 19 53 6
10 23 4 19
11 0 1 6
11 3 75 1
11 5 29 1
11 6 27 1
11 7 333 1
11 8 162 1
11 9 3 6
11 10 6 28
11 14 5 15
11 15 39 11
11 16 97 1
11 17 6 22
11 20 30 3
11 22 139 3
11 23 254 1
11 25 117 1
11 27 173 1
12 0 1 19
12 1 1 4
12 2 69 1
12 4 3 29
12 6 291 1
12 7 208 23
12 8 2 1
12 9 78 1
12 10 1 14
12 11 2 8
12 13 1 15
12 14 1 19
12 22 2 7
12 24 10 11
13 4 91 1
13 7 137 2
13 10 1 2
13 12 181 2
13 15 1 22
13 25 2 3
14 5 55 26
14 6 1 24
14 7 30 1
14 8 12 21
14 10 227 1
14 11 3 9
14 12 2 13
14 15 119 2
14 24 18 1
15 0 95 1
15 1 93 25
15 2 2 7
15 3 1 22
15 7 7 27
15 10 1 4
15 11 274 1
15 14 4 2
16 0 314 1
16 1 380 1
16 2 3 7
16 3 38 1
16 5 47 27
16 6 33 3
16 7 1 11
16 8 290 8
16 14 27 2
16 17 210 27
16 22 23 9
16 24 34 1
16 25 38 13
17 1 1 24
17 6 108 1
17 7 252 2
17 9 112 3
17 10 108 2
17 14 54 5
17 16 2 27
17 18 154 2
17 19 1 17
17 23 23 4
17 24 26 3
18 0 1 19
18 2 1 13
18 3 1 17
18 4 381 1
18 6 69 2
18 8 2 11
18 10 82 3
18 12 2 13
18 16 8 21
18 17 157 3
18 20 1 2
19 0 1 20
19 4 1 23
19 6 3 10
19 20 30 2
20 0 340 1
20 1 2 10
20 2 144 3
20 3 2 7
20 10 141 1
20 12 30 9
20 13 1 20
20 19 335 1
20 23 1 18
20 25 1 8
20 26 25 9
20 27 1 24
21 3 4 1
21 4 52 6
21 7 1 8
21 8 1 28
21 11 19 6
21 12 68 2
21 24 13 1
22 6 1 17
22 7 61 1
22 10 34 19
22 11 14 4
22 12 3 7
22 18 1 6
22 21 7 8
22 25 1 22
23 7 10 3
23 9 28 2
23 11 1 7
23 14 1 8
23 16 2 6
23 25 18 1
24 0 68 1
24 1 5 8
24 3 11 14
24 4 6 7
24 5 13 2
24 6 128 17
24 7 121 1
24 8 338 1
24 10 68 1
24 11 303 1
24 16 4 1
24 22 29 4
24 23 5 2
24 25 1 3
25 1 1 24
25 8 1 17
25 10 1 14
25 11 4 23
25 12 53 4
25 14 1 21
25 19 2 20
25 20 57 2
25 24 1 2
25 27 31 3
26 1 15 1
26 11 77 5
26 15 26 1
26 23 21 18
26 24 1 9
26 27 30 1
27 8 81 3
27 10 2 2
27 26 5 9
