0 1 19 21
0 2 1 10
0 3 38 9
0 4 371 10
0 5 17 25
0 6 1 2
0 7 30 1
0 8 18 25
0 9 18 4
0 11 1 19
0 13 7 21
0 14 1 16
0 16 53 4
0 17 3 18
0 19 2 26
0 20 51 13
0 24 18 16
0 27 11 1
1 0 18 23
1 2 272 1
1 3 42 27
1 5 38 10
1 6 53 1
1 7 18 9
1 8 67 16
1 10 13 14
1 11 190 2
1 14 126 1
1 16 19 21
1 17 284 1
1 18 1 19
1 19 2 19
1 22 59 1
1 24 29 17
1 27 1 10
2 0 2 1
2 1 1 29
2 3 37 9
2 4 35 1
2 5 6 1
2 6 148 1
2 7 1 8
2 8 12 6
2 10 29 18
2 11 1 11
2 12 1 26
2 13 1 22
2 15 23 2
2 16 4 6
2 20 11 17
2 24 16 3
2 26 6 14
3 0 39 17
3 1 44 17
3 2 3 25
3 4 98 2
3 5 31 8
3 7 41 2
3 8 66 18
3 10 2 19
3 11 58 28
3 12 14 7
3 13 1 20
3 15 9 15
3 16 25 19
3 20 1 24
3 24 19 13
3 26 3 19
4 0 9 1
4 1 3 25
4 2 247 20
4 3 75 1
4 5 2 20
4 6 199 1
4 7 77 1
4 8 1 15
4 9 2 24
4 10 185 1
4 12 202 1
4 14 2 26
4 15 72 3
4 17 39 2
4 18 205 1
4 19 1 20
4 20 1 22
4 22 44 1
4 24 81 3
4 27 1 17
5 0 39 21
5 1 162 5
5 2 42 1
5 3 24 29
5 4 250 1
5 6 27 1
5 7 5 2
5 8 31 3
5 9 5 11
5 11 1 5
5 12 1 18
5 13 2 5
5 16 47 2
5 17 4 2
5 20 22 1
5 24 18 4
5 25 10 13
6 0 206 1
6 1 98 1
6 2 42 1
6 3 1 13
6 4 15 10
6 5 36 28
6 7 12 22
6 8 5 17
6 9 275 1
6 10 354 5
6 11 1 4
6 12 221 1
6 14 9 1
6 15 108 1
6 17 204 1
6 18 121 2
6 19 46 1
6 22 82 14
6 23 1 2
6 27 1 24
7 0 214 1
7 1 17 20
7 2 4 17
7 3 329 28
7 6 18 1
7 8 193 1
7 10 241 1
7 11 10 1
7 15 2 8
7 16 107 3
7 18 1 24
7 19 1 1
7 20 44 1
7 21 47 6
7 23 1 7
7 26 1 1
8 0 55 24
8 1 34 4
8 2 20 1
8 3 18 24
8 4 6 5
8 5 326 23
8 5 167 9
8 6 29 24
8 7 275 9
8 9 1 3
8 10 3 11
8 11 1 21
8 12 198 1
8 14 98 1
8 15 121 1
8 16 22 17
8 17 7 17
8 18 4 8
8 19 52 11
8 20 8 1
8 24 42 18
8 25 9 20
9 0 83 1
9 1 1 12
9 4 1 17
9 5 7 19
9 6 1 1
9 7 7 21
9 8 3 11
9 10 9 22
9 11 14 1
9 13 89 4
9 14 1 7
9 17 19 14
9 19 1 18
9 21 19 5
10 0 3 18
10 1 267 1
10 2 7 1
10 3 1 9
10 5 214 1
10 6 1 9
10 7 1 26
10 8 56 4
10 9 10 25
10 11 110 7
10 14 14 11
10 20 1 1
10 22 1 25
10 23 140 3
10 24 5 1
10 27 70 2
11 0 213 2
11 1 32 2
11 2 91 1
11 3 1 27
11 4 2 3
11 5 1 18
11 6 18 21
11 7 140 1
11 10 141 1
11 12 12 20
11 14 170 1
11 15 41 11
11 22 13 5
11 24 52 3
11 25 25 23
12 2 11 2
12 4 207 1
12 5 1 26
12 6 34 1
12 9 7 14
12 10 270 1
12 13 7 1
12 15 47 3
12 17 2 19
12 18 1 13
12 21 2 3
12 22 10 4
12 26 1 15
13 7 13 4
13 8 11 2
13 9 38 3
13 16 1 14
13 19 1 15
13 23 1 11
14 0 56 2
14 4 16 5
14 7 14 14
14 10 7 1
14 11 351 1
14 13 10 2
14 15 17 1
14 19 1 4
14 20 16 1
15 2 1 1
15 5 4 11
15 7 110 1
15 8 1 1
15 10 135 1
15 11 72 1
15 14 49 21
15 18 11 3
15 20 80 1
15 22 13 2
16 0 39 18
16 1 38 21
16 3 81 4
16 5 48 3
16 8 18 19
16 9 17 2
16 10 2 6
16 11 1 2
16 12 1 23
16 14 12 1
16 17 172 1
16 24 35 3
16 25 32 1
17 0 2 26
17 1 329 1
17 2 43 1
17 3 9 18
17 4 190 1
17 6 2 27
17 8 167 2
17 15 55 5
17 16 30 1
17 19 101 1
17 20 2 29
17 25 1 24
18 0 1 22
18 1 12 14
18 3 73 1
18 4 1 24
18 6 5 2
18 7 1 19
18 8 28 14
18 16 133 1
18 19 29 1
19 1 22 2
19 4 1 14
19 5 7 18
19 6 122 3
19 7 1 10
19 8 139 20
19 17 52 5
19 18 23 12
19 20 3 15
19 21 1 28
19 26 2 2
20 0 46 1
20 1 24 3
20 2 5 3
20 6 15 15
20 8 1 1
20 11 32 2
20 12 1 16
20 17 36 1
20 19 7 28
20 25 20 21
21 6 1 8
21 8 5 12
21 10 1 28
22 3 4 9
22 9 3 25
22 10 4 8
22 11 1 26
22 12 1 23
22 13 4 2
22 16 20 13
23 6 45 7
23 7 18 13
23 10 50 3
23 11 1 10
23 12 1 20
23 15 3 23
23 17 8 5
23 22 10 2
24 0 19 23
24 1 72 20
24 3 48 21
24 5 48 7
24 7 2 10
24 8 73 4
24 11 19 19
24 16 19 21
24 23 1 12
25 1 104 16
25 3 8 20
25 8 118 1
25 9 10 28
25 10 144 1
25 11 2 2
25 13 1 5
25 24 20 2
25 26 9 15
26 0 59 15
26 6 7 23
26 7 14 5
26 11 35 21
26 24 30 5
26 27 35 22
27 1 86 11
27 2 1 28
27 3 1 10
27 10 85 28
27 13 2 22
27 19 3 3
27 21 14 12
27 25 1 25
