0 1 448 8
0 1 3 7
0 2 2 15
0 3 21 26
0 5 34 2
0 6 1 16
0 7 29 2
0 8 19 7
0 9 1 2
0 10 233 1
0 11 2 15
0 15 1 9
0 16 55 5
0 19 1 18
0 20 1 16
0 23 10 27
0 24 57 24
0 27 11 16
1 0 18 15
1 2 267 1
1 3 43 1
1 4 1 21
1 5 19 3
1 6 50 1
1 7 3 26
1 8 16 15
1 9 93 1
1 10 54 6
1 12 58 1
1 13 21 1
1 14 125 6
1 16 26 1
1 17 282 1
1 19 1 9
1 20 59 14
1 21 12 5
1 22 59 5
1 24 20 11
1 27 1 24
2 0 1 4
2 1 2 13
2 3 58 8
2 4 35 1
2 5 40 15
2 6 147 1
2 7 5 7
2 10 41 7
2 11 28 19
2 12 1 17
2 17 90 1
2 20 1 10
2 25 21 4
3 0 22 22
3 1 40 27
3 2 5 17
3 5 25 5
3 7 17 17
3 8 18 4
3 10 2 1
3 13 11 10
3 14 12 4
3 16 18 7
3 17 1 13
3 19 1 15
3 20 2 2
3 24 18 10
3 25 1 28
4 0 9 2
4 1 5 18
4 3 74 2
4 5 4 13
4 6 196 1
4 7 77 1
4 8 2 15
4 9 1 21
4 10 184 1
4 12 201 2
4 16 4 24
4 18 204 1
4 19 3 9
4 22 44 2
5 0 28 22
5 1 45 14
5 2 42 2
5 3 35 2
5 4 250 1
5 6 17 1
5 8 30 15
5 9 301 1
5 10 4 1
5 11 67 20
5 15 1 1
5 16 36 22
5 19 25 17
5 20 21 8
5 24 23 4
6 0 205 1
6 1 97 1
6 2 41 1
6 3 24 7
6 4 132 1
6 5 18 24
6 7 2 14
6 8 58 9
6 9 271 1
6 10 271 1
6 11 1 20
6 12 220 1
6 14 9 1
6 15 108 1
6 16 89 1
6 17 203 1
6 19 45 4
6 21 3 28
6 24 2 22
6 26 32 1
7 0 213 1
7 1 1 22
7 2 23 23
7 3 2 26
7 4 1 17
7 6 16 1
7 8 188 1
7 9 2 7
7 10 240 2
7 11 32 15
7 12 2 7
7 15 4 17
7 18 36 22
7 19 2 26
7 20 44 1
7 22 119 23
7 24 151 1
7 25 97 27
7 26 2 28
7 27 22 1
8 0 83 18
8 1 18 11
8 2 18 1
8 3 18 9
8 4 4 25
8 5 20 13
8 6 155 9
8 7 64 1
8 9 1 16
8 10 24 12
8 11 1 17
8 12 198 1
8 14 97 1
8 15 120 3
8 16 52 17
8 17 1 18
8 19 1 10
8 20 7 6
8 24 69 26
8 27 35 29
9 0 83 1
9 1 1 11
9 2 32 1
9 3 99 1
9 4 8 4
9 5 97 17
9 6 1 1
9 7 2 25
9 8 1 26
9 10 48 15
9 11 14 2
9 15 28 20
9 17 1 28
9 20 3 16
9 26 29 2
10 1 266 1
10 2 7 2
10 4 335 1
10 5 213 1
10 7 2 5
10 8 15 9
10 9 15 11
10 11 386 1
10 12 49 29
10 13 1 3
10 14 104 1
10 15 4 2
10 17 2 28
10 20 6 16
10 21 2 23
10 22 30 19
10 24 5 2
10 25 31 1
11 2 91 1
11 3 39 3
11 4 1 7
11 5 2 26
11 6 8 14
11 7 135 1
11 9 64 29
11 10 139 1
11 12 28 18
11 13 46 2
11 14 168 1
11 15 5 8
11 17 1 12
11 19 128 17
11 20 5 29
11 23 13 1
11 25 2 1
11 26 1 5
12 0 123 1
12 1 1 6
12 3 1 5
12 4 207 1
12 6 33 1
12 7 136 2
12 8 2 18
12 9 1 17
12 10 269 1
12 11 192 7
12 13 6 1
12 14 70 1
12 16 3 7
12 17 3 19
12 21 4 22
12 23 43 2
13 2 1 16
13 4 44 3
13 6 12 5
13 10 66 9
13 12 11 20
13 14 1 2
13 18 1 23
13 20 1 21
13 25 2 21
13 27 13 1
14 1 12 3
14 6 24 3
14 8 114 1
14 9 14 3
14 10 7 1
14 11 350 1
14 15 17 1
14 17 1 29
14 20 15 12
14 21 19 3
15 0 25 3
15 3 44 1
15 5 1 26
15 6 45 25
15 7 109 1
15 10 134 1
15 11 69 11
15 14 6 25
15 20 79 6
15 25 17 1
16 0 18 22
16 1 26 8
16 2 2 25
16 3 18 24
16 5 18 26
16 8 22 24
16 11 1 15
16 14 11 27
16 17 171 1
16 18 113 1
16 20 1 20
16 24 18 17
16 25 32 2
17 0 3 8
17 1 327 1
17 2 42 1
17 3 2 13
17 4 189 1
17 6 2 18
17 7 178 1
17 9 5 7
17 12 1 7
17 16 29 1
17 19 100 3
17 24 2 2
17 27 2 6
18 0 1 22
18 1 1 12
18 3 73 27
18 4 1 29
18 5 106 1
18 6 1 9
18 8 6 18
18 9 113 2
18 11 120 2
18 16 132 1
18 19 28 12
18 21 34 28
18 22 32 1
19 3 54 1
19 7 1 14
19 11 1 2
19 16 2 4
19 20 3 20
19 23 1 20
19 27 1 16
20 0 45 1
20 3 5 14
20 4 1 19
20 6 2 28
20 7 229 2
20 8 1 20
20 13 1 26
20 17 36 2
20 19 373 1
20 23 66 10
20 24 3 3
21 0 1 24
21 9 1 26
21 26 5 20
22 4 4 13
22 6 49 19
22 8 48 3
22 9 2 16
22 10 1 1
22 11 3 12
22 12 3 23
22 20 2 10
22 23 14 1
23 0 2 28
23 3 1 5
23 7 11 26
23 8 118 1
23 13 1 20
23 20 22 1
23 24 38 3
24 0 18 18
24 1 48 17
24 3 33 29
24 5 18 16
24 7 3 5
24 8 19 18
24 10 2 4
24 11 3 5
24 12 1 24
24 16 18 26
24 22 18 1
24 26 4 9
24 27 1 24
25 0 61 1
25 3 1 6
25 6 102 1
25 8 117 2
25 10 144 1
25 16 7 20
25 17 6 1
25 18 10 21
25 20 16 5
26 8 89 2
26 21 17 9
26 22 17 2
26 23 1 1
26 25 15 7
27 3 17 25
27 7 4 6
27 8 1 21
27 9 1 22
27 11 106 1
27 17 4 12
27 19 9 2
