0 1 17 19
0 2 1 6
0 3 20 1
0 5 17 28
0 6 1 20
0 7 26 2
0 8 17 14
0 9 1 19
0 10 231 1
0 13 2 25
0 16 78 20
0 19 72 17
0 20 2 22
0 21 1 16
0 23 15 22
0 24 126 27
0 25 83 1
0 26 50 1
1 0 58 24
1 2 244 1
1 3 49 26
1 4 1 29
1 5 52 4
1 6 103 1
1 8 57 11
1 9 90 1
1 10 242 12
1 13 20 7
1 15 1 8
1 16 17 7
1 17 269 1
1 18 2 25
1 19 1 7
1 20 4 19
1 21 12 5
1 22 58 3
1 24 17 2
1 27 2 12
2 1 2 28
2 3 1 2
2 4 32 1
2 6 139 1
2 7 2 9
2 8 18 8
2 10 2 9
2 11 30 22
2 13 1 23
2 16 4 1
2 17 87 1
2 24 1 20
2 25 20 6
2 27 1 25
3 0 14 26
3 1 19 18
3 2 3 9
3 5 124 9
3 7 3 19
3 8 16 16
3 9 76 3
3 11 181 23
3 12 1 21
3 13 1 9
3 16 38 5
3 20 2 25
3 23 18 1
3 24 17 23
4 1 5 7
4 5 1 22
4 6 184 1
4 7 74 1
4 9 24 16
4 10 180 1
4 12 199 1
4 17 36 1
4 18 164 1
4 20 1 26
4 25 3 24
5 0 17 27
5 1 17 7
5 2 41 1
5 3 16 11
5 4 5 1
5 6 50 1
5 7 4 3
5 8 14 3
5 9 95 1
5 10 1 1
5 11 50 7
5 12 1 14
5 16 16 8
5 24 35 27
5 27 2 28
6 0 200 1
6 1 86 10
6 2 37 1
6 3 9 23
6 4 121 1
6 5 18 10
6 7 11 17
6 8 368 23
6 9 254 1
6 10 372 6
6 11 21 6
6 12 217 2
6 17 199 2
6 18 119 1
6 19 44 4
6 20 197 4
6 24 1 5
7 0 206 1
7 1 1 22
7 2 1 23
7 3 4 11
7 4 9 25
7 5 13 1
7 6 249 1
7 8 336 1
7 9 16 21
7 10 242 1
7 11 50 29
7 15 12 4
7 17 7 1
7 18 1 14
7 20 42 1
7 21 47 8
7 23 1 22
7 24 147 1
7 25 138 1
7 27 20 3
8 0 16 27
8 1 25 11
8 2 12 1
8 3 236 20
8 4 53 8
8 5 19 14
8 6 171 1
8 7 40 1
8 9 3 29
8 10 4 19
8 11 43 25
8 12 195 1
8 13 27 1
8 15 118 2
8 16 45 21
8 19 1 23
8 23 19 1
8 24 16 26
9 1 2 14
9 3 98 1
9 4 2 1
9 5 6 2
9 8 3 4
9 10 19 28
9 11 12 1
9 12 1 17
9 18 123 1
9 21 18 1
9 26 29 1
10 0 19 5
10 1 262 1
10 2 5 3
10 3 50 15
10 4 333 1
10 5 206 1
10 6 1 29
10 7 21 2
10 8 127 14
10 9 10 3
10 11 130 5
10 12 1 19
10 13 1 29
10 14 91 1
10 15 3 1
10 17 2 1
10 18 177 1
10 19 4 12
10 20 1 23
10 23 138 3
10 24 4 1
10 25 29 1
10 27 68 4
11 0 212 1
11 2 87 1
11 3 1 8
11 6 1 24
11 7 107 13
11 9 239 1
11 10 324 1
11 14 161 1
11 15 5 18
11 17 3 7
11 18 2 2
11 22 12 3
11 24 51 18
11 25 2 22
11 26 2 28
12 3 4 11
12 5 126 12
12 6 31 2
12 7 135 2
12 8 34 10
12 9 6 5
12 13 2 1
12 14 68 2
12 15 46 2
12 16 1 4
12 21 1 24
12 23 42 1
12 26 4 21
13 6 13 7
13 7 12 1
13 8 10 3
13 10 97 24
13 12 4 17
13 20 1 20
14 1 1 13
14 3 54 3
14 6 23 3
14 7 1 12
14 8 112 1
14 9 13 2
14 10 3 1
14 11 346 1
14 15 33 2
14 16 4 2
14 18 1 19
14 21 18 2
15 4 79 7
15 5 1 5
15 6 2 15
15 7 102 1
15 10 129 1
15 11 180 1
15 12 21 4
15 14 21 14
15 22 13 1
15 23 14 2
15 26 11 12
16 0 16 18
16 1 16 9
16 3 87 9
16 5 16 28
16 8 16 6
16 10 2 21
16 12 1 28
16 13 30 19
16 15 7 12
16 17 165 1
16 18 3 11
16 23 3 26
16 24 17 6
16 27 6 1
17 0 1 28
17 1 155 1
17 3 1 3
17 8 164 1
17 12 2 23
17 16 25 1
17 18 11 1
17 21 20 1
17 27 21 27
18 4 6 22
18 5 104 4
18 8 3 15
18 10 4 1
18 11 120 2
18 12 2 24
18 16 63 1
18 20 6 23
18 26 16 11
18 27 23 14
19 1 20 1
19 10 6 29
19 17 51 3
19 20 12 1
20 0 42 2
20 1 23 17
20 5 17 7
20 7 227 2
20 8 2 28
20 12 4 25
20 17 35 1
20 19 370 1
20 27 1 29
21 6 2 20
21 9 1 28
21 25 14 15
22 6 1 3
22 8 47 3
22 11 2 29
22 12 24 26
22 16 1 15
22 18 1 3
22 20 4 24
22 23 13 1
23 3 1 6
23 7 1 20
23 10 48 1
23 12 1 17
24 0 17 29
24 1 56 26
24 3 53 13
24 5 17 9
24 7 3 28
24 8 29 2
24 11 5 12
24 16 28 14
24 20 66 1
24 21 1 1
24 25 39 1
24 27 1 12
25 2 37 1
25 3 1 27
25 4 54 2
25 6 100 4
25 7 3 1
25 8 115 1
25 9 1 13
25 10 141 1
25 13 1 2
25 15 1 28
25 16 1 5
25 17 5 14
25 20 16 2
26 12 1 8
26 24 29 5
26 27 1 15
27 9 4 23
27 11 103 2
27 20 48 2
27 25 2 2
