0 1 60 19
0 2 1 28
0 3 16 7
0 4 3 7
0 5 10 9
0 7 17 1
0 8 2 27
0 9 14 17
0 11 8 10
0 15 1 29
0 16 2 16
0 19 19 2
0 20 4 4
0 24 15 19
1 0 3 18
1 2 221 1
1 3 33 11
1 4 3 11
1 5 47 21
1 6 57 1
1 7 6 25
1 8 29 6
1 9 196 1
1 12 50 4
1 13 18 3
1 14 122 5
1 15 3 8
1 16 122 4
1 17 225 1
1 18 9 18
1 19 2 9
1 24 106 1
1 26 50 5
2 1 10 20
2 3 17 19
2 4 22 2
2 5 2 20
2 6 114 1
2 7 11 13
2 8 223 1
2 10 3 1
2 11 11 25
2 16 3 2
2 17 76 1
2 18 38 4
2 20 8 10
3 0 11 15
3 1 62 18
3 2 8 28
3 4 84 2
3 5 1 9
3 7 15 18
3 8 51 19
3 14 11 1
3 16 29 29
3 19 1 7
3 20 1 16
3 21 6 16
3 23 17 1
3 24 71 3
3 25 1 7
4 1 5 8
4 3 62 1
4 5 14 1
4 6 142 1
4 7 65 1
4 8 1 11
4 9 4 21
4 10 164 1
4 17 28 1
4 18 191 1
4 20 1 15
5 0 36 23
5 1 20 26
5 3 2 3
5 4 228 1
5 6 2 29
5 8 157 1
5 9 102 1
5 10 79 1
5 11 7 28
5 12 60 13
5 16 235 26
5 17 1 3
5 19 25 26
5 24 2 23
5 27 2 17
6 0 180 1
6 1 93 1
6 2 22 1
6 3 1 29
6 4 323 1
6 5 81 20
6 7 2 14
6 8 403 1
6 9 274 1
6 10 260 1
6 11 15 11
6 12 23 1
6 14 132 1
6 15 102 3
6 17 186 1
6 18 110 2
6 19 40 1
6 22 2 3
6 23 1 6
6 27 1 24
7 0 184 1
7 1 10 27
7 2 27 24
7 3 7 26
7 6 241 1
7 8 123 6
7 9 1 2
7 10 226 1
7 11 264 8
7 15 2 22
7 16 104 1
7 17 4 7
7 18 2 3
7 20 35 1
7 22 119 1
8 0 433 23
8 1 3 3
8 3 20 8
8 4 1 4
8 5 2 15
8 6 142 26
8 7 203 1
8 9 14 21
8 10 9 29
8 11 2 26
8 12 185 1
8 13 169 2
8 14 77 1
8 15 109 1
8 16 61 3
8 18 4 24
8 19 1 11
8 22 1 22
8 24 100 21
8 25 1 16
9 0 74 1
9 1 1 4
9 2 25 1
9 3 93 1
9 4 4 20
9 5 17 27
9 6 2 5
9 7 202 23
9 8 12 14
9 10 5 28
9 14 5 25
9 18 118 1
9 22 12 11
9 25 5 12
9 26 27 9
10 0 11 25
10 1 247 1
10 2 1 3
10 3 1 13
10 4 341 1
10 5 182 1
10 6 2 10
10 7 2 2
10 8 187 9
10 9 9 14
10 11 72 1
10 13 137 3
10 14 53 1
10 20 2 25
10 21 2 20
10 22 19 3
10 23 133 1
10 24 183 1
10 26 112 5
10 27 64 1
11 0 99 1
11 2 76 1
11 3 1 8
11 4 1 13
11 5 28 13
11 6 10 26
11 7 298 1
11 9 229 1
11 10 10 24
11 13 35 1
11 14 134 1
11 15 21 11
11 20 2 25
11 22 9 4
11 23 7 1
11 24 51 2
11 25 14 16
11 26 1 15
12 1 2 17
12 2 9 1
12 5 2 1
12 6 23 1
12 7 129 4
12 8 2 6
12 9 192 19
12 10 54 21
12 13 140 1
12 14 60 1
12 15 42 1
12 17 1 25
13 1 55 1
13 9 33 1
13 12 1 7
13 14 2 19
13 18 1 1
13 21 14 14
13 23 3 11
14 0 53 1
14 1 1 9
14 4 13 3
14 7 3 20
14 10 217 1
14 11 327 1
14 13 2 2
14 15 13 1
14 17 2 14
14 18 1 15
14 22 19 5
14 27 1 4
15 1 112 7
15 3 41 1
15 5 1 27
15 7 80 1
15 9 111 10
15 10 110 1
15 11 142 16
15 12 2 6
15 13 1 27
15 16 25 20
16 0 37 13
16 1 1 6
16 3 2 29
16 5 43 3
16 8 293 13
16 17 138 1
16 18 173 1
16 19 2 6
16 22 1 8
16 24 2 16
17 0 3 25
17 1 137 1
17 3 2 10
17 4 172 1
17 5 2 23
17 6 3 17
17 7 170 1
17 8 153 1
17 11 184 5
17 18 7 1
17 20 1 25
17 25 1 10
17 27 1 7
18 0 13 5
18 1 12 5
18 4 6 3
18 6 5 2
18 8 11 28
18 9 106 1
18 16 123 1
19 1 15 2
19 4 10 27
19 6 118 4
19 7 37 29
19 10 1 15
19 15 7 25
19 17 48 1
19 18 1 29
19 20 3 17
19 24 9 29
19 27 1 26
20 0 32 1
20 1 179 1
20 3 3 5
20 6 1 1
20 7 218 1
20 8 1 6
20 10 27 2
20 11 26 5
20 12 62 6
20 13 3 21
20 15 9 13
20 16 1 3
20 18 13 19
20 19 350 1
20 27 1 10
21 9 33 24
21 20 2 12
22 0 58 5
22 4 3 11
22 8 43 5
22 12 3 13
22 13 3 2
22 14 1 6
22 20 3 26
23 4 56 1
23 7 18 6
23 11 61 3
23 14 7 1
23 15 1 2
23 22 14 5
23 24 10 2
24 0 36 6
24 1 2 16
24 3 152 8
24 4 3 29
24 5 94 29
24 6 71 1
24 7 5 9
24 8 19 2
24 11 2 25
24 16 29 29
24 17 13 17
24 23 2 4
25 0 57 1
25 3 1 24
25 6 96 2
25 8 108 1
25 12 73 29
25 20 14 4
26 7 2 1
26 9 52 1
26 12 1 10
26 17 23 1
26 27 1 20
27 1 86 6
27 6 1 23
27 7 3 9
27 11 92 2
27 15 1 27
27 17 2 10
