0 1 305 3
0 2 2 15
0 3 14 29
0 5 46 21
0 7 12 2
0 8 27 1
0 9 1 21
0 10 220 2
0 11 1 2
0 16 11 11
0 17 37 3
0 19 2 22
0 20 1 8
0 24 177 15
0 25 79 1
0 26 49 1
1 0 69 23
1 2 174 1
1 3 17 2
1 4 2 24
1 5 49 29
1 6 34 1
1 7 1 18
1 8 54 1
1 9 85 2
1 11 170 1
1 12 48 1
1 14 121 5
1 15 1 27
1 16 30 1
1 17 203 1
1 18 1 20
1 19 2 25
1 23 18 5
1 24 60 5
1 27 3 9
2 1 8 1
2 3 111 1
2 4 18 1
2 5 1 28
2 6 101 1
2 7 2 8
2 8 386 1
2 10 35 12
2 11 1 10
2 13 1 17
2 22 9 1
2 24 1 19
2 27 5 24
3 0 366 3
3 1 60 2
3 2 42 23
3 4 79 1
3 5 40 1
3 7 3 21
3 8 41 1
3 11 3 17
3 14 10 5
3 16 16 1
3 18 2 13
3 20 1 13
3 24 46 1
4 1 3 7
4 2 241 1
4 5 1 26
4 6 122 1
4 7 60 2
4 8 4 20
4 9 3 6
4 10 157 1
4 15 68 1
4 16 3 8
4 17 24 1
4 18 179 1
4 19 39 14
4 24 78 1
4 27 76 19
5 0 375 7
5 1 77 6
5 2 32 1
5 3 71 1
5 4 207 1
5 6 8 1
5 8 212 17
5 9 54 1
5 11 53 28
5 16 8 9
5 18 7 4
5 19 3 28
5 20 18 2
5 24 28 1
6 0 171 1
6 1 174 15
6 3 1 19
6 4 95 1
6 5 11 21
6 7 18 16
6 8 140 23
6 9 238 1
6 10 248 1
6 11 1 13
6 12 17 1
6 13 125 2
6 16 82 1
6 17 179 1
6 18 106 2
6 19 38 4
6 20 194 1
6 27 1 13
7 0 173 1
7 1 1 15
7 2 1 4
7 3 1 3
7 4 1 29
7 5 14 1
7 6 9 2
7 8 103 1
7 9 2 18
7 10 216 1
7 11 262 1
7 12 192 9
7 15 27 5
7 18 1 27
7 19 1 19
7 21 1 1
7 23 11 15
7 24 127 1
7 25 185 1
7 26 69 19
8 0 145 1
8 1 41 22
8 2 1 12
8 3 73 6
8 4 5 27
8 5 7 3
8 6 146 1
8 7 169 1
8 9 7 5
8 10 350 1
8 12 180 1
8 14 69 1
8 15 105 1
8 16 35 1
8 18 1 15
8 19 1 26
8 22 1 22
8 23 15 7
8 24 103 1
8 25 1 2
9 1 3 2
9 4 5 25
9 5 4 1
9 6 1 28
9 7 6 4
9 8 21 13
9 10 5 22
9 12 2 15
9 14 57 17
9 17 1 7
9 19 1 23
9 24 91 5
9 26 27 4
10 0 1 21
10 1 239 1
10 5 169 1
10 6 1 9
10 7 1 29
10 8 195 7
10 9 14 6
10 11 49 7
10 12 1 2
10 13 2 28
10 14 39 1
10 18 175 3
10 19 3 3
10 20 3 28
10 22 11 26
10 24 181 1
10 25 20 2
10 27 62 1
11 0 208 1
11 1 21 1
11 2 70 2
11 3 44 9
11 5 19 29
11 6 1 23
11 7 238 1
11 8 4 24
11 9 62 1
11 10 292 1
11 12 4 2
11 14 121 1
11 15 5 28
11 17 2 24
11 23 4 4
11 24 1 3
11 25 33 22
11 26 33 17
12 1 1 14
12 2 8 2
12 4 201 3
12 5 4 27
12 6 20 1
12 7 127 1
12 8 1 7
12 9 53 27
12 10 251 1
12 13 132 1
12 16 1 3
12 17 4 28
12 18 46 4
12 22 5 16
12 23 37 1
13 0 1 15
13 1 53 2
13 2 2 21
13 8 5 2
13 9 31 1
13 10 87 3
13 11 2 2
13 12 4 22
13 16 23 10
13 19 1 29
13 20 1 16
13 22 9 2
13 25 14 22
14 1 2 22
14 6 167 1
14 7 2 12
14 9 6 3
14 10 83 1
14 11 317 1
14 15 19 1
14 22 18 3
14 25 4 24
15 2 1 10
15 3 39 7
15 4 76 2
15 6 2 13
15 7 69 1
15 9 2 13
15 10 100 1
15 11 157 1
15 18 9 1
15 23 9 2
15 26 10 19
16 0 141 2
16 1 17 5
16 2 1 27
16 3 80 1
16 4 13 25
16 5 103 7
16 8 11 1
16 12 84 8
16 15 1 16
16 17 126 1
16 18 106 1
16 20 1 3
16 23 25 25
16 24 58 1
16 25 31 8
17 0 1 29
17 1 306 1
17 3 6 4
17 6 3 10
17 8 147 2
17 13 1 4
17 16 9 1
17 20 3 2
17 21 18 13
17 22 47 18
17 27 22 12
18 1 1 15
18 2 81 3
18 3 1 25
18 4 1 4
18 8 15 13
18 11 116 8
18 12 1 25
18 16 112 1
18 20 1 16
18 25 1 24
18 27 5 3
19 1 13 1
19 2 7 1
19 4 3 12
19 6 117 3
19 7 1 4
19 13 6 1
19 16 1 25
19 17 46 1
19 20 9 22
19 24 1 13
20 0 27 1
20 1 1 2
20 3 3 29
20 6 2 3
20 7 214 1
20 9 1 10
20 11 24 2
20 12 9 14
20 16 1 23
20 17 30 1
20 18 78 3
20 19 69 1
21 7 2 29
21 9 1 20
21 16 15 2
22 8 41 4
22 9 2 2
22 14 1 21
23 1 10 13
23 3 18 1
23 5 1 15
23 11 58 1
23 15 1 11
23 19 1 13
23 20 19 16
23 22 13 1
23 24 8 1
24 0 107 1
24 1 42 1
24 3 170 20
24 5 36 1
24 6 69 4
24 7 10 4
24 8 237 26
24 10 1 28
24 11 41 28
24 12 44 8
24 16 26 1
24 21 19 5
25 3 9 7
25 6 94 2
25 8 104 1
25 9 5 3
25 11 2 29
25 20 13 6
25 27 2 14
26 11 116 22
26 17 22 2
26 20 1 8
26 27 42 1
27 7 4 24
27 9 5 14
27 11 87 1
27 13 3 26
27 23 1 10
27 25 75 1
