0 1 190 1
0 2 1 20
0 3 18 8
0 5 4 7
0 7 11 1
0 8 3 7
0 11 26 17
0 12 1 2
0 15 1 15
0 16 107 25
0 18 1 26
0 19 4 26
0 20 1 14
0 24 31 1
0 25 78 1
1 0 5 11
1 2 152 1
1 3 21 1
1 4 3 24
1 5 12 1
1 6 37 1
1 7 6 16
1 8 76 1
1 11 168 1
1 15 41 18
1 16 11 1
1 17 194 1
1 18 3 3
1 21 11 1
1 24 12 19
2 1 8 20
2 3 99 1
2 4 17 1
2 5 1 4
2 6 96 1
2 7 21 24
2 8 377 3
2 10 1 18
2 11 3 29
2 17 68 2
2 18 36 5
2 20 20 8
2 27 1 1
3 0 12 28
3 1 339 1
3 2 13 29
3 4 77 1
3 5 53 18
3 6 1 24
3 7 116 7
3 8 186 1
3 9 67 1
3 12 2 19
3 15 9 17
3 16 11 1
3 17 2 19
3 19 1 24
3 22 1 18
3 24 35 24
3 26 3 2
4 0 1 1
4 1 3 21
4 3 56 1
4 6 113 1
4 7 58 1
4 8 4 19
4 9 30 5
4 10 153 1
4 12 186 1
4 14 2 20
4 18 173 1
4 20 2 22
4 22 41 1
4 26 52 4
5 0 30 16
5 1 173 25
5 2 31 2
5 3 43 1
5 4 197 1
5 6 8 22
5 8 108 1
5 9 29 1
5 10 74 1
5 11 1 7
5 12 60 7
5 13 3 22
5 14 3 9
5 16 140 16
5 17 9 13
5 18 7 1
5 24 120 1
5 25 1 13
6 0 167 1
6 1 55 1
6 2 13 2
6 3 1 28
6 4 85 1
6 5 60 20
6 7 9 16
6 8 310 1
6 9 222 1
6 10 2 3
6 11 1 23
6 12 14 1
6 13 124 1
6 14 126 2
6 16 81 2
6 17 176 1
6 18 104 1
6 19 38 1
6 21 1 7
6 27 1 4
7 0 168 1
7 1 3 9
7 2 7 1
7 3 1 14
7 4 3 29
7 5 88 1
7 6 222 1
7 8 84 1
7 9 1 21
7 10 241 1
7 11 56 1
7 15 6 28
7 16 102 1
7 18 3 2
7 20 30 2
7 21 48 25
7 23 1 26
7 24 124 1
7 25 183 1
7 26 24 28
8 0 103 1
8 1 293 2
8 2 1 20
8 3 56 9
8 4 1 10
8 5 111 1
8 6 233 1
8 7 153 1
8 9 2 29
8 10 291 8
8 11 8 10
8 12 177 2
8 13 25 1
8 14 66 1
8 15 103 1
8 16 39 1
8 17 10 27
8 18 10 2
8 19 44 13
8 22 1 7
8 24 137 1
8 25 12 8
9 0 68 1
9 1 4 11
9 2 21 3
9 4 2 4
9 5 60 17
9 6 8 8
9 7 8 15
9 8 9 27
9 10 20 29
9 12 1 17
9 13 81 2
9 14 10 28
9 17 24 14
9 20 45 9
9 21 15 7
9 26 27 1
10 0 10 18
10 1 235 1
10 3 156 29
10 4 335 1
10 5 164 1
10 6 3 13
10 7 1 11
10 8 40 8
10 9 4 28
10 11 367 1
10 12 35 6
10 13 6 26
10 14 32 1
10 16 2 5
10 22 1 28
10 23 128 1
10 25 19 1
10 26 112 1
11 1 19 2
11 3 1 19
11 4 1 22
11 5 28 24
11 6 4 23
11 7 196 1
11 8 1 14
11 9 59 2
11 10 125 1
11 12 42 10
11 13 30 1
11 14 115 1
11 15 146 18
11 17 5 1
11 18 133 1
11 19 126 2
11 23 4 1
11 25 86 26
12 0 116 2
12 1 2 22
12 4 200 1
12 6 18 1
12 10 249 1
12 13 129 1
12 14 55 1
12 15 39 1
12 17 3 4
12 18 46 18
12 26 2 20
12 27 1 10
13 2 1 7
13 6 2 4
13 9 30 1
13 10 1 10
13 12 3 7
13 14 2 3
13 17 36 1
14 1 8 3
14 3 52 14
14 5 26 5
14 6 19 1
14 8 101 1
14 9 5 3
14 10 75 7
14 11 312 1
14 12 107 28
14 15 15 27
14 19 1 25
14 21 18 1
14 22 17 2
15 4 75 5
15 6 30 6
15 7 65 1
15 10 96 1
15 11 137 1
15 12 2 19
15 13 1 15
16 0 147 4
16 1 121 1
16 3 142 1
16 5 128 29
16 6 1 26
16 8 282 1
16 10 3 1
16 11 86 19
16 15 1 24
16 17 120 1
16 18 103 2
16 19 1 9
16 24 2 18
16 27 5 9
17 0 2 28
17 1 299 1
17 2 26 2
17 3 7 13
17 4 162 1
17 5 1 13
17 7 164 2
17 8 145 1
17 11 182 1
17 13 1 1
17 16 7 1
17 19 95 1
17 27 4 3
18 1 1 3
18 3 2 22
18 4 22 20
18 8 11 16
18 9 101 1
18 16 107 1
18 17 7 1
18 19 26 2
18 25 2 20
19 0 2 17
19 1 12 1
19 3 48 1
19 4 90 28
19 6 117 1
19 7 1 6
19 8 138 3
19 20 3 12
19 26 3 25
20 0 25 1
20 1 37 22
20 5 19 24
20 6 2 5
20 8 15 1
20 11 23 2
20 13 2 23
20 15 9 1
20 16 5 24
20 19 61 1
20 22 55 22
20 26 7 2
21 4 18 4
21 10 108 16
21 13 2 3
21 16 14 22
21 20 1 23
22 3 1 29
22 8 41 1
22 11 1 23
22 12 3 7
23 2 1 25
23 3 18 14
23 4 54 9
23 6 40 4
23 8 111 4
23 10 39 1
23 11 57 1
23 12 15 1
23 13 1 2
23 18 26 11
24 0 36 27
24 1 19 1
24 3 3 22
24 5 53 1
24 6 69 1
24 7 24 23
24 8 70 1
24 10 1 13
24 11 2 7
24 14 35 1
24 16 68 4
25 0 54 3
25 1 3 3
25 6 93 2
25 8 102 1
25 11 2 29
25 15 1 24
25 24 16 1
25 26 33 2
26 5 27 5
26 6 3 8
26 10 3 14
26 11 1 25
26 18 1 28
26 24 24 1
26 25 15 19
27 5 1 16
27 6 1 19
27 7 2 13
27 9 6 13
27 12 11 3
27 25 74 3
