0 1 32 1
0 2 47 18
0 3 69 1
0 4 369 1
0 5 55 1
0 7 4 1
0 8 12 22
0 10 210 1
0 11 1 28
0 15 104 23
0 16 40 1
0 19 3 7
0 20 3 28
0 23 1 5
0 24 170 1
0 25 74 6
1 0 114 1
1 2 99 1
1 3 222 1
1 4 3 21
1 5 118 1
1 6 17 1
1 7 1 23
1 8 169 1
1 9 183 1
1 10 1 14
1 11 154 1
1 12 40 1
1 16 40 1
1 17 144 1
1 18 1 2
1 19 32 13
1 20 1 8
1 21 10 2
1 24 207 1
2 1 5 11
2 3 39 1
2 4 9 1
2 6 68 1
2 7 1 10
2 8 333 1
2 10 12 10
2 11 4 6
2 12 8 11
2 20 1 8
2 26 6 22
3 0 57 1
3 1 110 1
3 2 10 29
3 4 65 2
3 5 18 9
3 6 2 16
3 7 15 22
3 8 125 1
3 11 179 1
3 13 4 5
3 16 94 3
3 18 32 27
3 20 1 10
3 22 24 3
3 23 15 1
3 24 72 1
3 26 7 7
4 1 49 22
4 2 230 1
4 5 1 1
4 6 72 1
4 7 48 2
4 8 1 25
4 9 7 17
4 10 135 1
4 12 176 1
4 14 1 14
4 18 140 1
4 20 2 15
4 22 39 2
4 25 24 13
4 26 51 4
5 0 348 1
5 1 165 1
5 3 83 1
5 4 177 1
5 6 24 11
5 8 57 6
5 9 202 1
5 10 63 1
5 12 2 6
5 13 3 9
5 14 3 29
5 16 146 1
5 24 228 1
5 25 1 1
6 0 144 1
6 1 147 1
6 2 4 1
6 3 8 19
6 4 303 1
6 5 65 6
6 7 2 9
6 8 287 1
6 9 181 1
6 10 211 1
6 11 1 3
6 14 115 2
6 16 76 1
6 17 159 1
6 18 94 2
6 19 33 1
6 20 190 4
6 24 1 6
6 27 82 10
7 0 142 1
7 1 15 12
7 2 1 8
7 3 15 1
7 4 18 16
7 5 181 1
7 6 214 1
7 8 232 1
7 9 1 16
7 10 216 1
7 11 135 19
7 14 1 9
7 15 2 22
7 16 99 1
7 19 143 16
7 20 23 2
7 22 114 3
7 23 1 27
7 24 108 1
7 25 174 1
7 26 4 23
8 0 26 1
8 1 171 1
8 2 4 20
8 3 46 1
8 4 5 20
8 5 218 12
8 6 153 25
8 7 103 1
8 9 5 24
8 10 261 1
8 14 49 1
8 15 92 1
8 16 68 1
8 17 31 17
8 18 1 20
8 19 1 1
8 24 42 1
8 27 52 10
9 0 60 2
9 1 2 17
9 2 16 1
9 4 2 11
9 5 3 12
9 6 8 4
9 8 2 19
9 10 225 11
9 12 1 23
9 13 76 1
9 14 9 13
9 15 86 4
9 17 1 7
9 20 46 6
9 24 88 3
10 0 1 5
10 1 216 1
10 4 323 2
10 5 133 1
10 6 2 29
10 7 35 16
10 8 8 25
10 9 3 28
10 11 354 19
10 13 1 14
10 14 9 1
10 18 172 8
10 20 81 15
10 22 11 10
10 24 174 4
10 25 12 1
11 0 200 3
11 1 13 2
11 3 57 19
11 4 4 27
11 5 3 12
11 6 12 21
11 7 356 1
11 9 47 1
11 10 93 1
11 13 21 2
11 14 86 1
11 15 5 9
11 17 11 21
11 20 6 9
11 23 1 1
11 24 374 1
11 27 1 17
12 0 113 1
12 1 3 13
12 2 6 2
12 5 21 5
12 6 11 1
12 8 1 1
12 9 13 9
12 11 20 2
12 13 109 2
12 18 25 29
12 21 1 3
12 25 1 29
12 27 60 4
13 6 1 7
13 9 25 1
13 10 1 15
13 11 1 12
13 14 7 25
13 19 1 3
13 22 9 2
14 0 48 2
14 1 1 9
14 4 9 2
14 6 15 2
14 7 2 13
14 8 95 2
14 10 206 1
14 11 284 1
14 12 52 1
14 15 6 1
14 16 3 4
14 18 3 7
14 22 15 1
14 25 1 10
14 27 1 1
15 1 109 5
15 4 72 5
15 7 42 1
15 9 2 9
15 10 74 1
15 11 122 1
15 12 1 14
15 14 33 1
15 17 1 22
15 20 75 6
15 23 5 3
15 25 9 2
15 26 10 3
16 0 50 1
16 1 232 1
16 2 1 19
16 3 72 4
16 5 135 1
16 8 166 1
16 9 1 3
16 10 1 22
16 17 91 1
16 18 167 1
16 19 1 6
16 23 25 23
16 24 76 1
17 0 49 1
17 1 81 1
17 3 7 8
17 4 144 1
17 5 2 23
17 6 16 24
17 7 156 1
17 16 1 2
17 19 91 3
17 21 17 6
17 26 50 18
17 27 1 19
18 1 1 25
18 2 79 2
18 3 75 14
18 4 3 24
18 5 91 1
18 6 6 14
18 8 31 7
18 10 1 1
18 14 47 25
18 16 92 1
18 17 4 2
18 22 32 5
18 25 3 25
18 26 15 1
19 1 7 2
19 5 1 2
19 7 46 22
19 8 135 1
19 10 1 26
19 12 4 19
19 20 3 14
20 0 15 1
20 1 37 2
20 3 155 27
20 4 177 5
20 7 200 2
20 8 1 23
20 9 1 22
20 16 7 4
20 19 42 1
20 22 55 2
21 1 64 6
21 14 6 22
21 16 14 2
22 3 2 2
22 13 1 5
22 14 1 16
22 16 20 19
22 21 19 1
22 23 5 1
22 25 2 19
23 0 8 23
23 1 9 3
23 6 37 2
23 8 107 1
23 10 32 4
23 11 51 2
23 15 1 21
23 22 8 2
23 24 5 3
24 0 69 1
24 1 193 1
24 3 22 1
24 5 23 1
24 8 219 1
24 10 3 3
24 11 58 25
24 16 1 12
24 17 1 10
24 23 1 18
24 25 1 1
24 26 1 27
24 27 1 10
25 4 48 1
25 6 88 3
25 8 93 2
25 10 111 1
25 11 4 1
25 14 34 1
25 20 11 14
25 27 5 19
26 0 60 13
26 6 1 18
26 8 83 2
26 18 32 21
26 24 20 2
27 4 63 1
27 7 2 17
27 8 27 4
27 9 1 4
27 10 1 4
27 13 3 27
27 20 44 7
27 25 67 2
