0 1 370 1
0 2 2 6
0 3 61 1
0 4 366 2
0 5 48 1
0 6 200 17
0 7 1 3
0 8 21 1
0 10 205 1
0 12 1 18
0 16 42 1
0 17 312 2
0 19 210 1
0 20 1 14
0 23 27 19
0 24 95 1
0 26 46 1
1 0 7 27
1 2 65 1
1 3 59 4
1 4 15 20
1 5 21 12
1 6 3 1
1 7 4 18
1 8 158 3
1 9 174 1
1 11 147 1
1 12 37 3
1 13 13 3
1 14 115 1
1 16 133 1
1 17 121 1
1 19 1 26
1 20 71 14
1 22 53 4
1 23 15 3
1 24 56 1
2 1 10 3
2 3 128 1
2 4 6 1
2 6 56 1
2 7 57 29
2 8 293 1
2 10 3 18
2 12 9 2
2 16 1 4
2 17 50 1
2 18 31 1
2 20 1 28
3 0 90 1
3 1 13 1
3 2 4 10
3 4 60 1
3 5 42 1
3 6 1 6
3 7 14 11
3 8 33 1
3 9 57 1
3 11 12 2
3 15 1 5
3 16 80 1
3 18 2 27
3 20 2 3
4 1 4 4
4 5 306 20
4 5 146 1
4 6 54 1
4 7 43 2
4 8 1 25
4 9 2 26
4 10 126 1
4 12 171 1
4 15 63 1
4 16 2 7
4 17 11 2
4 18 123 1
4 19 1 12
4 20 4 17
5 0 216 1
5 1 114 1
5 3 52 1
5 4 159 1
5 6 42 14
5 8 272 1
5 9 135 1
5 10 261 1
5 12 1 15
5 16 59 2
5 19 2 18
5 24 75 1
5 25 24 22
5 27 3 14
6 0 132 1
6 1 74 1
6 3 37 19
6 4 11 1
6 5 269 11
6 7 4 18
6 8 412 1
6 9 136 1
6 10 349 1
6 11 18 17
6 14 110 1
6 16 74 1
6 17 150 2
6 18 89 2
6 20 188 6
6 23 2 25
6 24 3 28
6 26 26 3
7 0 129 1
7 1 1 9
7 2 2 22
7 4 9 10
7 5 82 2
7 6 196 1
7 8 185 1
7 9 65 11
7 10 417 1
7 11 39 1
7 15 1 27
7 19 3 14
7 20 20 1
7 23 1 6
7 24 100 1
7 25 169 1
7 26 26 29
7 27 8 2
8 0 249 1
8 1 88 1
8 2 3 3
8 3 204 1
8 4 5 10
8 5 51 25
8 6 179 1
8 7 71 1
8 9 2 7
8 10 328 1
8 12 158 1
8 14 41 1
8 16 13 1
8 17 1 18
8 18 141 12
8 22 1 6
8 24 63 1
9 1 3 21
9 2 13 1
9 3 79 1
9 4 4 19
9 5 47 3
9 6 30 15
9 7 1 7
9 8 14 6
9 10 229 8
9 12 1 21
9 14 1 11
9 15 84 19
9 17 1 2
9 19 5 14
9 20 1 12
9 21 12 6
9 25 1 22
10 1 206 1
10 5 118 1
10 6 2 24
10 7 8 12
10 8 38 26
10 9 3 18
10 11 94 1
10 15 1 10
10 17 8 3
10 20 1 19
10 22 1 2
10 23 117 1
10 26 111 1
10 27 53 3
11 0 198 2
11 1 11 1
11 3 15 4
11 4 1 27
11 5 2 2
11 6 2 29
11 7 278 1
11 8 4 5
11 9 215 1
11 10 65 1
11 12 6 3
11 14 72 1
11 15 3 4
11 16 42 1
11 17 4 24
11 21 67 2
11 24 364 1
11 26 38 20
11 27 1 15
12 0 111 1
12 4 187 1
12 5 21 5
12 7 115 4
12 8 1 25
12 9 214 17
12 10 47 1
12 11 18 1
12 13 100 1
12 14 42 1
12 15 31 5
12 16 6 4
12 18 15 18
12 21 10 22
12 22 92 3
12 23 31 2
13 10 183 8
13 12 3 23
13 14 1 4
13 20 1 21
13 21 14 10
14 7 1 5
14 8 167 1
14 10 56 1
14 11 269 1
14 12 106 1
14 13 1 1
14 15 5 1
14 22 14 1
14 24 1 21
14 25 2 24
15 6 3 18
15 7 33 1
15 8 201 1
15 10 64 1
15 11 206 1
15 14 28 1
15 16 1 25
15 25 7 8
16 0 91 1
16 1 77 1
16 3 18 1
16 5 81 1
16 7 2 1
16 8 7 27
16 9 1 5
16 12 3 4
16 17 77 1
16 18 92 27
16 23 3 24
16 24 31 2
17 0 61 20
17 1 272 1
17 2 14 3
17 3 2 22
17 4 136 1
17 5 2 2
17 6 1 12
17 7 151 2
17 8 125 1
17 12 10 2
17 19 89 2
17 22 46 1
17 24 1 10
17 27 1 16
18 0 4 7
18 1 1 27
18 2 78 2
18 4 5 14
18 5 88 1
18 6 2 13
18 8 21 19
18 9 90 1
18 12 1 18
18 16 79 1
18 20 1 22
18 27 28 21
19 0 8 27
19 1 5 1
19 4 1 6
19 6 111 1
19 8 134 1
19 10 2 11
19 20 67 24
20 0 11 1
20 1 176 3
20 4 5 9
20 6 1 29
20 7 194 2
20 16 3 17
20 19 11 1
20 22 55 7
20 24 1 3
20 26 6 2
20 27 2 4
21 4 15 14
21 6 2 21
21 12 2 22
21 16 14 14
21 18 32 2
21 25 1 4
22 2 3 2
22 6 1 22
22 11 22 26
22 16 1 9
22 20 1 23
22 21 18 7
22 23 3 1
23 1 8 8
23 7 9 6
23 8 105 5
23 10 29 1
23 11 46 1
23 16 8 27
23 17 1 27
23 24 4 1
23 25 1 1
24 0 30 1
24 1 59 1
24 3 34 1
24 5 51 1
24 6 62 2
24 7 1 17
24 8 81 11
24 10 1 2
24 11 59 17
24 16 1 4
24 17 2 27
24 23 1 10
24 26 1 26
25 2 36 6
25 7 1 26
25 8 89 1
25 9 1 28
25 10 105 1
25 11 8 2
25 12 73 22
25 27 1 11
26 0 1 3
26 7 135 4
26 8 81 1
26 24 19 1
27 1 2 11
27 3 1 25
27 8 28 12
27 10 50 1
27 11 66 1
27 12 9 23
27 14 12 19
27 22 8 11
27 25 64 1
27 26 1 5
