0 1 325 1
0 2 3 18
0 3 12 1
0 4 365 1
0 5 36 1
0 8 7 1
0 9 37 6
0 10 203 1
0 15 1 23
0 16 11 1
0 17 311 1
0 19 2 2
0 20 6 13
0 24 63 1
0 27 14 2
1 0 101 1
1 2 48 1
1 3 51 1
1 4 4 6
1 5 69 1
1 6 8 1
1 7 3 6
1 8 140 5
1 9 171 29
1 11 144 1
1 13 13 4
1 14 115 2
1 15 1 9
1 16 103 1
1 17 113 1
1 18 3 25
1 19 1 1
1 20 4 23
1 22 53 3
1 24 25 1
2 0 1 12
2 1 5 8
2 3 108 15
2 6 52 1
2 7 1 12
2 8 278 1
2 10 10 23
2 11 35 29
2 16 1 5
2 17 48 1
2 20 1 9
3 0 51 1
3 1 261 3
3 2 4 26
3 4 58 1
3 6 2 15
3 7 2 13
3 8 82 1
3 9 56 1
3 11 10 2
3 16 48 1
3 17 2 14
3 18 2 22
3 19 1 16
3 20 205 7
3 24 12 1
3 25 1 7
3 26 2 29
4 1 8 26
4 2 221 1
4 3 38 2
4 5 142 1
4 6 48 1
4 8 2 6
4 9 3 9
4 10 123 1
4 12 169 1
4 16 10 14
4 17 10 1
4 18 117 1
4 19 1 4
4 20 7 7
4 21 69 9
4 22 37 8
4 24 74 10
4 25 4 20
5 0 184 1
5 1 81 1
5 2 21 2
5 3 21 1
5 4 146 1
5 6 153 26
5 8 230 1
5 9 36 1
5 10 256 1
5 11 1 8
5 16 1 20
5 20 13 9
5 24 44 1
5 26 1 17
6 0 128 1
6 1 61 15
6 3 1 26
6 4 287 1
6 5 52 1
6 7 2 18
6 8 328 25
6 9 120 1
6 10 339 1
6 11 2 13
6 12 200 1
6 13 119 1
6 14 108 1
6 17 147 1
6 18 88 1
6 19 30 4
6 23 1 15
6 27 1 1
7 0 124 1
7 1 1 2
7 2 31 23
7 3 342 1
7 4 1 16
7 5 80 2
7 6 188 1
7 8 169 1
7 9 1 13
7 10 411 1
7 11 292 1
7 14 1 4
7 15 1 25
7 16 96 7
7 18 1 7
7 19 1 5
7 20 19 1
7 24 97 1
7 25 166 1
7 26 1 13
8 0 214 1
8 1 61 1
8 2 3 23
8 3 234 1
8 4 34 16
8 5 421 1
8 6 96 1
8 7 61 1
8 9 37 8
8 10 303 1
8 15 85 1
8 16 13 1
8 17 1 25
8 19 2 25
8 24 63 1
8 25 24 12
8 27 78 24
9 0 55 1
9 1 1 22
9 3 77 1
9 4 38 24
9 5 15 16
9 6 6 21
9 7 12 27
9 8 9 3
9 10 14 11
9 12 9 7
9 14 4 19
9 19 1 15
9 20 1 28
10 0 2 12
10 1 203 1
10 3 256 17
10 4 315 1
10 5 113 1
10 6 12 4
10 7 1 10
10 8 6 8
10 9 3 22
10 11 82 1
10 12 2 3
10 15 2 26
10 18 171 1
10 20 82 24
10 22 12 11
10 23 116 1
10 25 9 2
10 27 52 3
11 2 46 2
11 3 30 19
11 4 1 13
11 5 1 4
11 6 1 13
11 7 230 1
11 9 212 1
11 10 53 1
11 12 35 1
11 13 16 1
11 14 68 1
11 15 6 24
11 17 1 28
11 21 66 6
11 24 362 1
11 25 1 1
11 26 2 8
12 1 1 15
12 2 4 13
12 4 186 1
12 6 7 1
12 7 114 2
12 8 2 10
12 9 5 19
12 13 96 1
12 16 7 25
12 27 1 1
13 9 22 2
13 10 5 8
13 11 1 24
13 12 1 24
13 14 5 1
13 16 1 6
13 20 1 16
13 22 8 1
14 0 46 1
14 6 12 1
14 7 1 10
14 8 164 1
14 10 45 1
14 11 264 1
14 12 2 11
14 15 3 1
14 20 10 9
15 0 15 1
15 1 108 1
15 4 70 2
15 7 30 1
15 8 200 1
15 10 61 1
15 11 186 1
15 12 3 4
15 14 24 1
15 22 9 16
15 23 4 1
16 0 59 1
16 1 44 1
16 2 1 19
16 3 24 1
16 5 49 1
16 7 136 22
16 8 33 1
16 11 1 28
16 12 3 12
16 17 72 1
16 18 157 1
16 24 9 1
16 25 30 3
17 0 1 8
17 1 262 1
17 2 13 1
17 3 11 21
17 4 133 1
17 6 3 23
17 7 150 1
17 8 123 1
17 18 1 4
17 20 1 14
17 22 45 16
18 1 1 29
18 4 3 29
18 5 86 2
18 6 11 27
18 9 89 1
18 16 106 1
18 25 8 28
18 26 14 7
19 0 1 14
19 6 110 4
19 7 2 10
19 20 5 29
19 24 9 22
20 1 175 16
20 3 5 4
20 7 192 2
20 8 3 12
20 9 1 21
20 10 18 1
20 13 5 25
20 14 70 19
20 17 24 1
20 19 304 1
20 24 1 2
20 26 5 26
20 27 2 24
21 8 5 2
21 9 1 20
21 25 1 2
22 4 2 7
22 8 33 2
22 11 3 28
22 14 2 10
22 16 1 25
22 18 2 18
23 2 1 14
23 4 52 1
23 6 35 7
23 7 1 2
23 10 28 3
23 11 44 1
23 12 23 21
23 19 1 29
23 21 1 17
23 24 32 1
23 26 24 2
24 0 19 1
24 1 27 1
24 3 14 1
24 5 20 1
24 7 1 1
24 8 17 1
24 10 1 1
24 11 8 28
24 16 29 1
24 17 1 13
24 26 19 25
24 27 1 2
25 1 1 1
25 7 2 9
25 8 87 1
25 11 16 8
25 17 3 3
25 18 2 1
25 26 37 2
25 27 74 4
26 7 135 8
26 11 1 13
26 27 16 2
27 6 20 2
27 10 86 12
27 11 64 1
27 20 43 10
27 25 62 2
