0 1 5 23
0 2 52 19
0 3 11 16
0 5 8 8
0 6 216 1
0 8 26 18
0 9 37 12
0 10 197 1
0 13 2 19
0 14 3 23
0 15 3 26
0 16 11 19
0 17 304 2
0 18 137 8
0 19 33 9
0 20 3 13
0 22 66 7
0 23 30 18
0 24 9 3
0 25 69 6
1 0 13 1
1 2 59 1
1 3 8 12
1 4 4 17
1 5 10 12
1 7 6 24
1 8 7 23
1 9 61 1
1 11 135 2
1 13 12 1
1 16 9 18
1 17 85 1
1 20 1 21
1 21 8 16
1 24 9 18
2 1 5 29
2 3 104 1
2 6 37 1
2 7 5 2
2 8 266 1
2 10 1 27
2 11 2 23
2 15 17 2
2 17 40 2
3 0 9 4
3 1 10 8
3 2 2 5
3 4 50 1
3 5 8 29
3 6 3 13
3 7 28 21
3 8 7 6
3 9 51 1
3 10 5 14
3 11 8 1
3 12 1 6
3 16 8 26
3 20 1 20
3 24 18 23
3 25 1 13
4 0 1 8
4 1 4 9
4 2 211 1
4 3 32 1
4 5 69 2
4 6 29 1
4 7 35 3
4 8 3 14
4 9 1 23
4 10 111 1
4 11 1 10
4 12 161 2
4 14 89 10
4 15 60 3
4 17 6 3
4 18 132 1
4 20 8 4
5 0 16 29
5 1 8 18
5 2 17 4
5 3 9 29
5 4 171 1
5 6 81 15
5 7 1 8
5 8 5 22
5 9 15 1
5 10 238 1
5 11 46 16
5 12 2 13
5 16 9 5
5 17 10 14
5 24 9 8
6 0 113 1
6 1 57 1
6 3 37 12
6 4 247 1
6 5 55 1
6 7 8 10
6 8 43 1
6 9 114 1
6 10 301 1
6 11 2 8
6 13 116 3
6 14 100 2
6 17 136 1
6 23 2 22
6 24 91 27
6 25 17 1
6 26 24 11
6 27 1 3
7 0 108 1
7 1 1 17
7 2 5 9
7 3 220 1
7 4 1 25
7 5 178 1
7 6 163 1
7 8 135 1
7 9 1 5
7 10 391 1
7 11 379 1
7 15 2 23
7 20 15 1
7 22 109 11
7 23 1 4
7 25 154 25
7 27 6 1
8 0 8 8
8 1 10 29
8 2 4 22
8 3 7 24
8 4 5 16
8 5 6 15
8 6 52 13
8 7 29 1
8 9 2 16
8 10 107 1
8 11 3 16
8 14 29 1
8 15 77 1
8 16 11 23
8 18 29 13
8 19 1 4
8 24 8 3
9 0 49 1
9 1 1 3
9 4 6 26
9 5 6 9
9 6 65 6
9 7 1 13
9 8 8 7
9 10 3 4
9 12 4 9
9 14 1 5
9 15 83 1
9 16 1 20
9 18 97 1
9 19 3 8
9 24 85 5
9 25 2 6
10 0 2 12
10 1 189 1
10 2 2 2
10 4 305 1
10 5 94 1
10 6 3 9
10 7 36 3
10 8 253 27
10 9 18 11
10 11 318 1
10 13 134 16
10 14 1 9
10 15 1 4
10 18 169 1
10 20 1 16
10 22 4 17
10 23 111 1
11 0 190 24
11 2 39 1
11 3 7 21
11 4 1 11
11 5 1 14
11 6 2 26
11 7 310 1
11 8 8 15
11 10 316 1
11 13 12 2
11 14 51 1
11 15 6 14
11 16 39 1
11 17 4 3
11 19 120 2
11 21 64 5
11 24 346 1
11 26 4 15
11 27 1 26
12 1 6 16
12 2 4 1
12 4 179 2
12 5 5 4
12 7 110 1
12 8 102 18
12 9 213 1
12 10 43 1
12 11 186 3
12 13 83 1
12 14 34 2
12 15 27 2
12 17 23 27
12 23 28 3
12 24 1 3
13 6 1 18
13 10 2 29
13 11 4 3
13 12 2 27
13 14 4 27
13 17 32 1
13 18 1 9
13 23 1 29
14 0 43 7
14 6 159 2
14 7 3 7
14 8 81 1
14 10 184 1
14 11 242 1
14 12 2 1
14 13 1 5
14 15 9 1
14 17 3 25
14 18 1 26
14 21 16 3
14 22 11 2
14 24 1 10
15 3 32 1
15 6 1 27
15 7 19 1
15 8 196 1
15 10 48 1
15 11 119 8
15 12 1 8
15 14 57 1
15 18 7 24
15 20 72 9
16 0 9 20
16 1 15 6
16 3 9 23
16 4 14 22
16 5 9 19
16 6 1 26
16 7 1 2
16 8 17 9
16 11 5 19
16 14 9 2
16 17 55 1
16 18 141 1
16 20 60 29
16 24 12 1
17 0 97 25
17 1 54 1
17 4 122 1
17 5 1 7
17 6 3 1
17 7 144 1
17 8 114 1
17 11 170 4
17 12 1 1
17 19 86 1
17 25 85 1
18 1 3 26
18 2 76 4
18 4 43 3
18 6 2 25
18 8 23 6
18 14 2 26
18 16 88 1
19 0 1 25
19 4 1 24
19 7 7 21
19 9 71 10
19 12 3 27
19 17 35 5
19 20 100 9
19 26 3 10
20 0 6 1
20 6 11 25
20 7 184 1
20 8 1 5
20 12 1 8
20 19 257 1
20 23 63 21
21 9 2 8
21 13 1 21
21 20 9 22
21 24 1 1
22 10 1 9
22 12 1 1
22 14 2 16
22 18 1 14
22 20 1 28
23 3 1 17
23 6 33 8
23 7 2 12
23 10 24 4
23 11 181 1
23 12 1 19
23 18 1 4
23 24 28 14
24 0 9 18
24 1 8 7
24 3 8 27
24 4 1 3
24 5 11 19
24 8 8 6
24 11 3 5
24 14 31 1
24 16 10 16
24 20 58 9
24 25 34 2
25 1 99 1
25 3 1 13
25 7 3 4
25 8 81 1
25 10 94 1
25 11 5 19
25 15 5 29
25 26 35 2
25 27 1 6
26 12 52 10
27 2 1 12
27 4 61 1
27 7 1 24
27 9 6 5
27 14 12 1
27 20 42 14
