0 1 22 29
0 2 5 22
0 3 23 23
0 4 353 1
0 5 59 4
0 8 22 17
0 10 193 1
0 12 2 26
0 13 1 18
0 16 16 16
0 17 300 1
0 19 33 6
0 20 1 24
0 21 1 13
0 24 77 26
1 0 20 8
1 2 32 1
1 3 15 19
1 4 4 1
1 5 16 15
1 7 1 16
1 8 14 28
1 9 53 1
1 10 239 1
1 14 111 1
1 16 16 13
1 17 70 1
1 24 16 4
1 26 45 6
2 0 1 18
2 1 42 16
2 3 70 1
2 5 2 9
2 6 29 1
2 7 4 3
2 8 227 1
2 10 39 23
2 11 19 10
2 13 1 22
2 17 36 1
2 18 27 1
2 20 4 18
2 24 4 12
3 0 14 13
3 1 23 26
3 2 25 9
3 4 46 1
3 5 45 11
3 6 1 29
3 7 13 11
3 8 25 19
3 9 49 1
3 10 193 3
3 13 16 20
3 16 18 5
3 17 26 1
3 18 32 8
3 20 1 1
3 24 15 17
3 25 2 27
3 26 8 28
4 0 2 24
4 1 49 8
4 2 205 1
4 3 28 1
4 5 429 1
4 6 19 1
4 8 44 22
4 9 1 26
4 10 104 1
4 12 157 1
4 16 1 2
4 18 120 1
4 19 40 28
4 26 49 5
5 0 36 18
5 1 41 27
5 3 34 21
5 4 79 1
5 6 14 9
5 8 11 16
5 9 59 1
5 10 45 1
5 11 14 14
5 12 1 10
5 13 3 1
5 14 8 12
5 16 16 23
5 17 19 9
5 19 1 24
5 24 16 18
6 0 105 1
6 1 21 10
6 3 1 19
6 4 226 1
6 5 348 1
6 7 50 22
6 8 7 14
6 9 80 1
6 10 290 1
6 11 1 14
6 12 182 1
6 14 96 1
6 15 82 3
6 16 67 3
6 17 129 1
6 18 77 2
6 20 184 1
6 24 21 3
6 25 15 4
7 0 98 1
7 1 1 7
7 2 6 3
7 3 210 1
7 4 21 23
7 5 10 2
7 6 130 1
7 8 105 1
7 10 379 1
7 11 267 1
7 15 5 19
7 19 144 18
7 20 12 3
7 24 80 1
7 25 119 1
7 27 4 2
8 0 15 25
8 1 17 22
8 2 4 11
8 3 23 8
8 4 29 14
8 5 13 2
8 6 97 1
8 7 16 1
8 9 4 9
8 10 46 1
8 12 141 1
8 13 19 22
8 14 24 1
8 15 73 2
8 16 26 21
8 24 30 29
8 27 80 1
9 1 1 2
9 2 8 1
9 4 43 2
9 5 197 1
9 6 17 11
9 7 1 3
9 8 4 24
9 10 10 18
9 12 6 5
9 13 66 1
9 18 94 1
9 25 2 24
10 0 2 12
10 1 181 1
10 4 299 2
10 5 83 1
10 6 6 17
10 7 1 13
10 8 4 21
10 9 1 3
10 11 290 1
10 14 1 4
10 15 2 18
10 17 1 19
10 20 94 13
10 23 107 2
10 24 162 1
10 26 109 11
11 0 90 1
11 2 34 1
11 3 53 21
11 4 1 9
11 5 1 20
11 6 1 3
11 7 126 1
11 8 1 4
11 9 38 1
11 10 289 1
11 12 1 26
11 13 9 1
11 14 42 1
11 15 8 11
11 16 38 6
11 19 118 6
11 24 335 1
11 25 242 1
11 27 2 6
12 0 105 5
12 1 40 14
12 3 2 10
12 4 175 1
12 6 2 2
12 7 107 1
12 8 18 16
12 9 2 1
12 10 220 1
12 11 184 24
12 13 75 1
12 14 31 3
12 15 26 1
12 21 2 8
12 23 27 3
12 25 1 12
13 0 1 10
13 1 44 6
13 7 1 7
13 11 1 6
13 12 2 25
13 14 1 18
13 16 4 3
13 18 1 2
13 23 1 1
14 1 1 13
14 7 1 7
14 8 74 1
14 10 155 1
14 11 229 1
14 13 2 21
14 15 8 1
14 17 1 19
14 21 15 5
14 22 10 1
15 0 12 2
15 3 30 6
15 6 1 25
15 7 13 2
15 10 41 2
15 11 111 1
15 14 48 1
15 16 26 5
15 20 72 1
15 25 5 1
15 27 1 23
16 0 21 5
16 1 15 10
16 2 1 28
16 3 25 2
16 4 196 1
16 5 15 27
16 8 43 1
16 11 1 27
16 12 2 22
16 17 46 1
16 18 90 1
16 24 16 19
17 0 1 28
17 1 31 1
17 4 115 1
17 6 2 8
17 8 109 1
17 12 1 12
17 19 84 1
17 22 44 14
17 23 2 1
17 27 1 14
18 4 2 6
18 5 79 1
18 6 2 16
18 16 78 1
18 19 22 13
18 25 1 4
19 0 1 27
19 4 13 29
19 9 6 18
19 15 8 8
19 20 110 7
19 25 3 22
20 1 33 3
20 3 75 3
20 7 179 1
20 8 1 21
20 9 1 14
20 10 14 2
20 11 12 1
20 12 1 2
20 14 11 3
20 16 7 28
20 19 2 23
20 25 68 1
20 27 6 5
21 0 2 27
21 5 13 15
21 10 1 2
21 25 1 27
21 26 4 29
22 8 28 3
22 10 1 26
22 11 1 22
22 14 1 7
22 17 1 21
23 2 2 28
23 4 50 1
23 5 1 14
23 7 2 26
23 8 100 1
23 13 2 2
23 15 5 16
23 17 2 6
23 24 1 2
23 27 9 7
24 0 32 17
24 1 15 25
24 3 16 1
24 5 26 14
24 7 1 25
24 8 25 8
24 10 2 17
24 11 1 24
24 12 1 16
24 16 20 13
24 20 58 1
24 27 3 23
25 3 4 7
25 5 2 9
25 6 79 2
25 9 14 28
25 10 89 1
25 11 3 13
25 12 73 14
25 15 4 11
25 27 4 16
26 9 47 6
26 20 17 24
27 6 1 28
27 7 5 21
27 11 51 1
27 13 4 14
27 18 37 18
27 25 53 1
27 26 1 11
