0 1 321 8
0 2 1 17
0 3 69 22
0 4 345 1
0 5 19 1
0 8 55 28
0 10 187 1
0 11 2 2
0 16 18 20
0 17 293 1
0 19 6 27
0 20 1 1
0 21 1 4
0 23 1 23
0 24 46 10
0 25 66 1
0 26 44 1
1 0 52 27
1 2 15 1
1 3 17 11
1 4 4 1
1 5 25 3
1 6 1 27
1 7 1 4
1 8 83 17
1 9 162 13
1 10 5 1
1 13 10 3
1 16 44 21
1 17 50 1
1 19 2 21
1 24 52 12
1 26 45 1
2 0 8 1
2 1 39 10
2 3 31 1
2 6 19 2
2 7 1 1
2 8 335 1
2 9 2 1
2 10 1 4
2 11 108 20
2 17 30 2
2 20 47 2
2 27 9 17
3 0 48 21
3 1 22 24
3 2 45 28
3 5 94 23
3 6 4 14
3 7 3 5
3 8 16 19
3 11 155 1
3 14 4 11
3 15 8 16
3 16 58 27
3 17 20 2
3 24 36 11
4 0 2 10
4 1 23 22
4 2 195 1
4 3 24 1
4 5 61 1
4 6 9 1
4 8 3 5
4 9 4 27
4 10 94 1
4 12 151 1
4 14 90 5
4 16 6 26
4 17 2 7
4 18 103 1
4 26 48 9
4 27 1 7
5 0 20 16
5 1 39 11
5 2 12 1
5 3 18 5
5 4 141 1
5 6 43 15
5 7 1 8
5 8 42 20
5 9 21 1
5 10 28 11
5 11 1 21
5 13 2 15
5 16 32 9
5 20 10 2
5 24 96 24
5 25 2 26
5 27 3 18
6 0 92 1
6 1 102 1
6 3 10 11
6 4 193 1
6 5 231 1
6 7 2 9
6 8 122 4
6 9 40 19
6 10 253 1
6 11 3 4
6 12 172 1
6 13 112 1
6 14 89 2
6 15 79 1
6 16 64 1
6 17 119 1
6 18 71 2
6 19 23 4
6 23 4 16
7 0 85 1
7 1 17 7
7 2 44 25
7 3 201 29
7 4 1 18
7 5 3 1
7 6 102 1
7 8 68 1
7 9 103 17
7 10 360 1
7 11 324 1
7 14 1 16
7 15 1 18
7 18 1 23
7 19 1 21
7 20 10 1
7 21 1 2
7 23 1 21
7 24 72 1
7 25 107 1
8 0 17 16
8 1 19 7
8 2 8 12
8 3 16 28
8 4 1 24
8 5 23 16
8 6 78 1
8 7 3 1
8 9 71 20
8 10 360 1
8 13 154 4
8 14 18 1
8 15 67 2
8 16 100 4
8 18 2 12
8 22 1 22
8 24 87 9
8 27 1 22
9 1 3 26
9 4 50 20
9 5 75 1
9 6 7 12
9 7 1 21
9 8 10 14
9 10 12 10
9 12 2 7
9 13 63 1
9 14 1 20
9 15 22 1
9 17 1 5
9 18 89 2
9 26 22 2
10 0 8 14
10 1 170 1
10 2 5 16
10 3 1 1
10 4 290 1
10 5 68 1
10 6 6 18
10 7 13 21
10 8 13 19
10 9 70 10
10 11 269 1
10 12 3 2
10 14 1 26
10 17 1 15
10 18 165 5
10 20 94 16
10 23 103 1
10 24 157 1
11 0 84 1
11 2 28 1
11 3 2 25
11 4 1 1
11 5 16 15
11 6 1 18
11 7 160 1
11 8 3 12
11 9 32 1
11 10 20 1
11 12 1 11
11 13 6 4
11 15 1 10
11 17 30 11
11 18 128 11
11 20 1 24
11 23 1 5
11 24 317 1
11 25 136 1
11 27 3 23
12 1 1 27
12 3 14 11
12 4 169 1
12 7 103 2
12 8 1 12
12 9 259 15
12 10 209 1
12 13 65 1
12 14 27 1
12 19 37 1
12 21 1 5
12 22 80 1
12 23 25 4
12 24 1 2
12 26 1 15
13 1 42 7
13 6 77 18
13 11 3 27
13 12 1 24
13 14 2 12
13 18 1 20
14 0 40 2
14 1 2 1
14 6 8 27
14 7 3 25
14 10 149 1
14 11 209 1
14 12 151 2
14 13 1 22
14 15 4 1
14 17 1 12
14 18 26 21
14 25 1 1
15 5 1 26
15 7 7 1
15 8 189 2
15 10 32 1
15 11 59 1
15 12 2 17
15 14 18 1
15 20 70 8
16 0 18 10
16 1 18 13
16 3 36 2
16 4 20 1
16 5 34 19
16 8 52 25
16 11 86 5
16 17 34 1
16 18 75 1
16 19 3 8
16 20 2 6
16 24 38 15
16 26 1 22
17 0 1 26
17 1 225 1
17 3 1 18
17 4 105 2
17 6 38 23
17 7 134 1
17 8 101 1
17 11 165 2
17 14 5 2
17 19 81 1
17 20 1 14
17 25 84 9
18 0 3 26
18 1 31 1
18 2 74 1
18 4 27 14
18 5 76 1
18 6 11 21
18 16 64 1
18 19 22 3
19 0 2 13
19 3 36 3
19 5 1 25
19 6 104 1
19 7 12 22
19 17 31 5
19 20 2 1
20 2 1 17
20 4 174 10
20 5 1 5
20 7 172 1
20 10 12 5
20 11 10 1
20 19 190 1
21 1 61 19
21 8 98 1
21 20 9 25
22 0 1 21
22 3 9 18
22 8 26 1
22 12 23 1
22 18 1 28
23 4 48 6
23 8 97 2
23 10 19 1
23 13 1 8
23 15 1 8
23 16 2 27
23 21 6 6
23 24 26 3
24 0 18 15
24 1 18 14
24 3 77 23
24 5 29 7
24 6 54 1
24 7 7 29
24 8 57 5
24 10 1 17
24 11 3 21
24 16 46 28
24 17 5 20
24 20 56 9
24 27 1 24
25 0 42 1
25 3 2 17
25 6 76 1
25 7 4 25
25 8 72 1
25 10 82 1
25 11 12 16
25 18 12 21
26 9 47 1
26 14 1 17
26 16 13 15
26 17 19 4
26 23 1 14
26 24 12 7
26 25 2 21
27 1 2 5
27 6 1 16
27 7 5 2
27 14 10 8
27 17 4 9
27 25 48 1
27 26 1 25
