0 1 298 1
0 3 317 2
0 4 315 1
0 5 12 6
0 8 106 20
0 9 1 2
0 10 166 3
0 11 1 6
0 12 1 29
0 16 150 1
0 17 267 1
0 19 6 27
0 20 1 1
0 24 28 3
0 25 58 1
1 0 375 1
1 2 3 8
1 3 74 7
1 4 4 15
1 5 28 1
1 6 11 3
1 7 1 17
1 8 14 1
1 10 108 2
1 11 97 1
1 12 18 1
1 13 6 12
1 16 199 28
1 17 8 1
1 20 8 5
1 21 6 3
1 23 9 8
1 24 222 2
2 0 1 14
2 1 2 12
2 3 4 19
2 7 259 10
2 8 158 1
2 9 1 9
2 19 31 1
2 25 10 14
2 26 1 20
3 0 81 1
3 1 13 8
3 2 209 1
3 4 23 1
3 5 25 1
3 6 6 17
3 7 171 1
3 8 243 1
3 10 260 1
3 11 136 1
3 14 2 15
3 16 10 22
3 17 16 26
3 24 84 1
4 0 6 20
4 1 161 16
4 2 162 1
4 5 339 1
4 6 1 14
4 8 10 17
4 9 5 20
4 10 65 1
4 12 129 2
4 14 36 4
4 15 50 7
4 16 1 6
4 18 62 1
4 19 1 10
4 20 1 23
4 22 30 10
4 24 67 2
4 25 2 16
5 0 399 1
5 1 109 1
5 3 106 1
5 4 59 1
5 6 2 24
5 7 1 7
5 8 223 1
5 9 3 5
5 10 202 1
5 11 1 16
5 16 222 2
5 20 7 1
5 24 83 1
6 0 57 1
6 1 24 1
6 2 1 15
6 3 4 1
6 4 104 1
6 5 13 1
6 7 10 25
6 8 3 26
6 9 24 1
6 10 156 1
6 11 1 23
6 12 140 1
6 13 103 1
6 17 89 1
6 20 173 1
7 0 47 2
7 1 1 26
7 2 4 4
7 3 174 1
7 4 5 15
7 6 54 1
7 9 1 29
7 10 295 1
7 11 112 1
7 14 1 9
7 15 2 5
7 16 84 5
7 18 2 15
7 21 6 3
7 23 1 24
7 24 46 2
7 25 127 1
8 0 15 29
8 1 37 19
8 2 5 8
8 3 76 1
8 4 195 6
8 5 57 1
8 6 19 21
8 7 3 13
8 9 9 17
8 10 376 1
8 11 253 2
8 12 109 2
8 14 3 3
8 16 12 2
8 24 117 1
8 27 1 7
9 1 2 18
9 4 4 21
9 5 193 1
9 6 133 11
9 7 1 13
9 8 50 18
9 10 23 14
9 12 2 10
9 13 52 1
9 14 2 7
9 15 15 14
9 17 5 1
9 18 75 1
9 19 7 5
9 21 6 5
9 25 10 14
10 0 1 1
10 1 133 1
10 2 3 12
10 4 259 2
10 5 29 1
10 6 3 3
10 7 1 2
10 8 29 27
10 9 6 1
10 11 202 1
10 12 134 3
10 14 10 26
10 17 10 18
10 18 158 2
10 23 87 3
10 24 141 2
11 0 252 1
11 6 14 18
11 7 5 1
11 8 2 2
11 9 20 1
11 10 173 1
11 12 1 7
11 14 5 2
11 15 63 1
11 17 97 28
11 24 255 1
11 25 21 1
11 27 1 1
12 0 95 1
12 3 7 12
12 4 148 2
12 7 90 2
12 8 5 22
12 9 238 1
12 10 200 2
12 13 34 1
12 14 14 1
12 18 2 1
12 25 2 19
12 27 58 1
13 4 24 8
13 6 1 23
13 8 1 26
13 9 8 8
13 11 5 15
13 12 73 19
13 14 1 6
13 16 23 3
13 17 27 3
13 20 3 22
13 21 13 1
13 27 9 23
14 0 35 2
14 1 5 19
14 5 12 3
14 6 133 2
14 7 164 5
14 8 133 1
14 10 73 1
14 11 145 1
14 21 14 2
14 22 5 3
14 23 1 29
14 24 1 29
15 0 6 6
15 1 97 7
15 6 8 9
15 8 174 1
15 10 10 1
15 11 3 1
15 13 1 12
15 14 18 1
15 20 66 5
16 0 123 1
16 1 9 17
16 3 310 1
16 5 136 1
16 8 247 4
16 9 1 11
16 10 1 1
16 15 2 25
16 17 7 2
16 18 52 1
16 22 26 1
16 24 31 1
17 0 3 22
17 1 147 1
17 3 1 29
17 4 76 1
17 5 2 2
17 6 7 6
17 7 117 1
17 11 155 1
17 12 18 3
17 19 73 3
17 20 1 15
17 27 6 22
18 1 3 3
18 2 69 2
18 4 3 14
18 6 1 13
18 15 1 10
18 16 27 2
18 24 35 2
18 25 1 21
19 0 2 11
19 3 29 1
19 4 5 9
19 7 1 13
19 15 1 29
19 17 24 1
19 20 132 29
20 1 27 3
20 2 2 18
20 3 60 2
20 4 172 6
20 7 148 1
20 8 39 7
20 16 5 1
20 19 74 1
21 6 2 9
21 11 2 16
21 13 5 15
22 27 12 26
23 2 5 2
23 4 45 5
23 6 25 1
23 12 1 27
23 17 2 12
23 24 17 2
24 0 35 4
24 1 11 28
24 3 80 13
24 4 1 2
24 5 63 1
24 6 45 1
24 8 23 1
24 10 1 4
24 11 6 18
24 16 161 1
24 17 1 1
25 0 35 1
25 3 3 17
25 5 2 9
25 7 9 25
25 8 55 1
25 10 60 1
25 11 84 9
25 16 9 29
26 0 2 18
26 11 14 7
26 15 10 4
26 27 17 1
27 0 4 12
27 2 1 29
27 5 1 22
27 6 5 7
27 7 1 15
27 11 26 1
27 14 9 1
27 16 34 17
27 25 32 2
27 26 2 14
