0 1 404 1
0 2 154 8
0 3 37 1
0 4 310 1
0 5 224 1
0 6 347 1
0 7 2 15
0 8 58 2
0 11 1 21
0 14 4 5
0 16 294 1
0 17 263 2
0 18 159 1
0 20 6 24
0 22 65 7
0 23 3 16
0 24 17 2
0 26 40 2
0 27 83 25
1 0 308 10
1 2 4 13
1 3 15 24
1 4 4 3
1 5 7 27
1 6 4 18
1 7 1 28
1 8 21 1
1 9 168 1
1 10 105 1
1 11 93 2
1 12 16 5
1 16 202 1
1 17 5 1
1 19 2 3
1 20 1 24
1 22 45 8
1 24 159 1
2 0 3 17
2 1 2 17
2 3 2 25
2 7 55 23
2 8 136 1
2 9 3 1
2 11 95 12
2 14 1 6
2 20 7 16
3 0 158 1
3 1 131 1
3 2 199 1
3 5 109 1
3 6 1 15
3 7 10 1
3 8 148 9
3 11 130 1
3 15 1 11
3 16 154 1
3 17 156 1
3 22 26 1
3 23 9 11
3 24 8 20
3 25 11 17
3 26 3 22
4 0 1 12
4 1 3 8
4 2 157 1
4 3 9 3
4 5 320 1
4 6 1 14
4 8 5 29
4 9 43 6
4 10 61 1
4 11 1 9
4 12 126 2
4 16 1 5
4 18 53 1
4 19 7 12
4 20 129 16
4 24 66 10
4 25 4 14
5 0 94 1
5 1 204 1
5 3 77 1
5 4 55 1
5 6 84 3
5 7 2 24
5 8 108 6
5 9 4 28
5 10 2 1
5 12 180 7
5 14 9 9
5 15 36 9
5 16 139 1
5 20 6 8
5 22 11 26
5 24 71 1
5 25 1 27
5 26 1 2
6 0 52 1
6 1 82 1
6 2 3 28
6 4 92 1
6 5 3 1
6 7 2 7
6 8 10 23
6 9 15 1
6 10 299 1
6 11 3 24
6 12 135 1
6 13 101 2
6 15 65 2
6 17 85 1
6 18 52 1
6 20 171 1
6 21 84 20
6 25 7 4
6 27 83 22
7 0 43 1
7 1 1 16
7 2 1 28
7 3 256 1
7 4 1 26
7 5 58 1
7 6 42 1
7 9 1 16
7 10 286 1
7 11 285 1
7 12 190 5
7 14 4 10
7 15 17 27
7 16 83 2
7 18 7 1
7 19 1 19
7 22 100 4
7 23 2 14
7 25 120 1
8 0 207 10
8 1 17 9
8 2 54 4
8 3 269 3
8 4 195 13
8 5 37 6
8 6 19 12
8 7 5 2
8 9 81 7
8 10 331 1
8 11 44 1
8 13 7 1
8 15 46 2
8 16 221 1
8 19 1 4
8 24 34 1
9 0 27 1
9 4 29 15
9 5 14 1
9 6 87 14
9 7 289 27
9 8 3 4
9 10 8 1
9 11 1 12
9 12 3 5
9 13 50 2
9 17 9 5
9 18 73 3
9 20 1 29
9 22 3 1
9 23 80 2
9 26 19 5
10 0 1 24
10 1 128 1
10 2 1 13
10 3 1 10
10 6 3 2
10 7 2 24
10 8 179 1
10 9 424 1
10 11 186 1
10 13 125 1
10 14 10 16
10 18 157 5
10 20 1 26
10 22 1 28
10 23 85 2
11 0 248 1
11 3 1 26
11 4 2 7
11 6 1 8
11 8 4 19
11 9 15 1
11 10 158 1
11 14 3 2
11 15 2 7
11 16 32 1
11 17 1 18
11 18 124 2
11 19 110 1
11 20 3 27
11 23 1 8
11 24 245 1
11 25 48 1
11 26 3 1
11 27 3 15
12 0 94 1
12 1 1 18
12 3 2 11
12 4 145 1
12 8 1 4
12 9 229 1
12 10 195 1
12 11 185 2
12 13 30 2
12 17 1 3
12 19 34 2
12 21 5 5
12 24 1 21
12 25 2 3
12 26 3 19
12 27 58 7
13 3 1 12
13 10 196 6
13 11 14 3
13 12 69 10
13 14 3 7
13 22 1 10
14 1 1 18
14 4 1 2
14 6 131 1
14 7 2 8
14 8 127 1
14 10 55 1
14 11 137 1
14 13 1 26
14 18 8 3
14 25 1 9
15 0 5 11
15 5 1 10
15 6 9 3
15 8 172 1
15 10 7 1
15 12 60 26
15 14 13 2
15 17 1 4
15 20 66 4
16 0 257 1
16 1 123 1
16 2 1 12
16 3 206 1
16 4 190 4
16 5 146 11
16 8 193 1
16 10 1 26
16 18 44 1
16 19 1 4
16 24 76 1
17 0 2 6
17 1 135 1
17 4 72 1
17 5 1 25
17 6 8 16
17 7 115 1
17 8 75 2
17 12 1 25
17 14 2 5
17 16 1 2
17 20 2 6
18 0 69 17
18 2 68 1
18 4 147 28
18 8 7 20
18 12 5 10
18 16 23 1
18 20 10 24
18 21 32 8
18 26 13 2
19 0 1 17
19 3 28 1
19 4 1 24
19 6 94 2
19 7 87 13
19 8 118 2
19 10 2 28
19 12 2 1
19 20 119 1
19 25 1 28
19 27 1 29
20 2 1 26
20 3 147 1
20 4 172 1
20 6 3 20
20 7 145 1
20 8 2 2
20 10 7 1
20 12 1 28
20 13 1 8
20 16 1 27
20 18 2 21
20 19 61 1
20 22 55 1
20 27 1 28
21 6 2 13
21 10 108 23
21 13 1 25
22 3 1 10
22 7 1 28
22 11 2 14
22 14 1 16
23 2 2 19
23 4 44 8
23 7 2 26
23 8 87 1
23 9 3 9
23 11 8 1
23 12 5 5
24 0 4 8
24 1 70 1
24 3 103 1
24 5 1 20
24 7 18 17
24 8 58 1
24 11 1 5
24 14 25 1
24 16 79 1
24 23 40 4
25 2 32 1
25 6 64 1
25 7 1 11
25 8 53 2
25 9 3 27
25 10 57 2
25 11 73 25
25 26 26 1
25 27 84 2
26 6 1 20
26 7 127 1
26 14 25 1
26 15 9 18
26 16 13 1
26 17 17 2
26 24 6 8
26 25 44 1
26 27 14 2
27 2 1 27
27 7 1 20
27 8 137 11
27 9 1 27
27 11 24 1
27 20 38 1
27 24 1 13
27 25 30 1
27 26 1 26
