0 1 289 1
0 2 2 17
0 3 197 6
0 4 306 1
0 5 131 1
0 8 57 1
0 10 161 2
0 14 93 19
0 16 24 21
0 17 260 1
0 19 21 23
0 20 2 22
0 24 22 11
0 25 56 6
0 27 2 11
1 0 73 1
1 2 3 17
1 3 2 23
1 4 15 25
1 5 180 1
1 6 5 11
1 7 10 19
1 8 70 1
1 9 163 1
1 10 102 7
1 11 90 2
1 12 15 5
1 15 3 8
1 16 112 1
1 17 3 1
1 19 2 19
1 23 9 4
1 24 69 1
1 25 2 1
2 0 1 14
2 1 50 23
2 3 3 7
2 7 258 1
2 8 118 1
2 10 2 25
2 11 10 1
2 17 11 2
2 18 18 6
2 19 30 2
2 22 6 4
3 0 71 1
3 1 98 1
3 2 15 1
3 4 19 3
3 5 117 1
3 6 17 20
3 7 112 1
3 8 71 1
3 11 125 1
3 12 1 13
3 13 15 10
3 16 99 1
3 17 155 5
3 21 4 3
3 22 1 18
3 24 270 1
4 1 13 15
4 2 153 1
4 5 303 1
4 7 11 5
4 8 6 3
4 9 1 29
4 10 58 1
4 12 124 1
4 16 26 22
4 18 45 1
4 22 29 4
5 0 411 1
5 1 122 15
5 2 3 8
5 3 31 1
5 4 44 1
5 6 372 1
5 8 89 8
5 9 4 11
5 10 190 1
5 16 122 1
5 22 5 4
5 24 27 6
5 25 2 16
5 26 2 21
6 1 63 1
6 2 2 3
6 4 83 1
6 7 3 8
6 8 16 10
6 9 8 1
6 10 285 1
6 11 3 6
6 12 131 1
6 13 100 4
6 17 82 1
6 18 50 1
6 23 6 6
6 24 1 4
6 27 1 18
7 0 39 1
7 1 3 13
7 2 1 7
7 3 239 1
7 5 54 1
7 6 36 1
7 9 55 4
7 10 278 1
7 11 239 1
7 12 190 7
7 13 3 17
7 14 19 26
7 15 1 4
7 16 83 2
7 22 99 1
7 23 6 4
7 24 40 1
7 25 90 1
7 26 72 13
8 0 132 1
8 1 55 1
8 2 31 25
8 3 213 1
8 4 1 13
8 5 285 7
8 6 52 8
8 7 3 27
8 9 2 11
8 10 294 1
8 11 39 1
8 12 103 1
8 14 1 2
8 15 44 1
8 16 118 1
8 19 49 16
8 20 1 20
8 24 81 4
9 1 7 28
9 3 50 2
9 4 5 23
9 5 132 1
9 6 145 4
9 8 2 11
9 10 83 1
9 11 1 27
9 12 58 10
9 14 84 5
9 17 15 3
9 19 1 25
9 25 2 20
9 26 19 1
10 0 5 29
10 1 123 2
10 2 1 20
10 3 18 1
10 4 251 1
10 5 21 1
10 6 6 4
10 7 2 28
10 8 105 20
10 9 85 1
10 11 173 1
10 12 132 1
10 13 122 1
10 14 3 27
10 15 1 13
10 17 2 6
10 18 156 2
10 20 5 8
10 21 108 1
10 24 137 1
10 26 106 1
11 0 245 1
11 2 10 1
11 3 119 6
11 5 2 12
11 6 3 20
11 7 1 14
11 8 2 20
11 9 11 1
11 10 145 1
11 12 7 17
11 14 2 2
11 15 43 23
11 17 1 27
11 19 109 1
11 24 237 1
11 25 33 1
11 27 1 16
12 4 143 1
12 5 1 13
12 8 1 22
12 9 221 1
12 11 184 2
12 13 27 2
12 16 6 9
12 17 1 9
12 18 51 21
12 21 5 17
12 23 17 5
12 24 1 17
13 0 2 21
13 6 1 1
13 10 86 4
13 12 14 4
13 25 2 24
14 0 33 2
14 1 2 28
14 4 1 2
14 6 128 1
14 7 8 8
14 8 123 1
14 9 1 22
14 10 92 1
14 11 129 1
14 12 135 1
14 13 2 8
14 15 1 10
14 17 1 28
14 23 1 21
14 24 1 23
15 3 21 2
15 4 58 1
15 5 1 14
15 6 6 24
15 9 5 27
15 10 6 1
15 12 1 22
15 13 2 19
15 14 10 4
15 26 6 16
16 0 88 1
16 1 86 1
16 2 1 28
16 3 191 1
16 4 189 7
16 5 169 1
16 7 132 2
16 8 86 1
16 9 1 26
16 11 2 17
16 17 3 4
16 18 38 1
16 20 1 6
16 22 1 13
16 23 3 19
16 24 82 3
17 0 80 13
17 1 124 1
17 3 1 22
17 4 69 1
17 6 1 13
17 7 113 1
17 8 73 1
17 11 152 1
17 14 2 16
17 16 1 12
17 19 71 3
17 20 7 6
18 1 1 19
18 4 4 5
18 5 59 3
18 9 59 3
18 20 1 8
18 25 3 15
19 0 7 19
19 4 3 21
19 6 93 2
19 10 18 6
19 12 2 1
19 18 5 19
19 20 115 1
19 23 8 28
20 2 1 14
20 3 144 1
20 7 142 1
20 17 11 6
20 19 50 1
20 21 39 1
21 0 1 10
21 7 91 26
21 11 1 27
21 23 7 29
22 6 1 28
22 7 1 17
22 17 1 3
22 18 1 12
23 2 5 16
23 5 1 10
23 7 2 6
23 9 1 4
23 11 5 1
23 12 5 22
23 19 6 14
23 20 12 2
23 24 15 2
24 0 122 1
24 1 93 1
24 3 35 1
24 4 1 3
24 5 201 1
24 6 43 1
24 7 2 22
24 8 39 1
24 10 2 16
24 11 151 8
24 16 116 1
24 21 21 22
24 22 5 4
24 23 15 5
24 26 1 2
24 27 4 17
25 1 88 5
25 2 31 13
25 5 3 20
25 6 62 5
25 7 3 15
25 8 51 1
25 10 55 1
25 11 3 25
25 12 1 3
25 14 25 1
25 18 1 25
26 6 14 16
26 14 1 13
26 27 11 1
27 7 8 26
27 11 22 1
27 12 6 3
27 19 1 9
27 21 14 5
27 23 1 13
27 24 1 14
27 25 28 1
27 26 6 9
