0 1 31 9
0 2 57 12
0 3 60 13
0 4 254 1
0 5 18 15
0 6 304 1
0 7 1 24
0 8 38 5
0 9 3 25
0 11 8 2
0 16 27 6
0 17 219 1
0 18 156 1
0 19 261 1
0 20 2 4
0 24 47 3
0 25 47 1
0 27 82 4
1 0 33 1
1 2 6 7
1 3 20 20
1 4 6 19
1 5 18 25
1 6 78 20
1 7 12 17
1 8 36 10
1 9 113 1
1 10 79 1
1 11 61 1
1 14 86 1
1 15 8 24
1 16 18 28
1 19 7 23
1 20 3 2
1 23 6 1
1 24 29 27
2 0 50 29
2 1 149 1
2 3 10 29
2 6 3 28
2 7 83 1
2 8 3 1
2 9 1 15
2 12 1 27
2 18 12 2
2 20 89 12
2 24 3 6
2 25 7 1
2 27 12 15
3 0 62 21
3 1 119 17
3 2 18 1
3 4 5 3
3 5 18 29
3 6 26 9
3 7 110 1
3 8 16 19
3 9 18 5
3 10 226 1
3 11 108 1
3 12 38 21
3 16 18 8
3 17 173 3
3 18 43 23
3 19 36 8
3 20 19 2
3 24 62 6
4 0 1 20
4 1 4 12
4 2 107 1
4 5 133 1
4 6 3 4
4 8 19 18
4 9 50 1
4 11 5 4
4 12 96 2
4 13 1 7
4 14 132 2
4 16 2 10
4 18 50 1
4 19 3 16
4 20 1 5
4 24 60 2
4 25 1 10
5 0 18 18
5 1 17 27
5 3 50 21
5 6 85 1
5 7 17 24
5 8 19 10
5 9 48 13
5 10 114 1
5 12 16 1
5 16 29 1
5 17 1 20
5 18 1 8
5 19 6 20
5 20 2 8
5 24 18 14
6 1 67 1
6 2 9 23
6 3 23 1
6 4 11 1
6 5 69 25
6 7 98 12
6 8 94 1
6 9 2 20
6 10 136 1
6 12 91 1
6 14 40 1
6 16 42 1
6 17 48 2
6 18 30 1
6 19 7 9
6 20 157 2
6 25 2 2
6 27 9 10
7 1 2 22
7 3 97 1
7 4 1 26
7 5 162 1
7 6 67 1
7 8 13 7
7 10 192 1
7 14 41 11
7 15 4 17
7 22 87 2
7 23 2 22
7 24 16 1
7 25 57 1
7 26 40 6
8 0 40 26
8 1 20 14
8 2 2 25
8 3 16 14
8 5 22 3
8 6 126 24
8 7 44 22
8 9 26 8
8 10 22 1
8 11 26 1
8 12 73 1
8 15 24 2
8 16 49 7
8 17 30 2
8 18 74 25
8 20 1 2
8 22 2 14
8 24 36 29
8 27 81 2
9 1 1 7
9 3 35 3
9 4 33 29
9 5 18 1
9 6 3 14
9 8 2 2
9 10 370 1
9 12 1 17
9 14 1 2
9 17 3 8
9 19 9 14
9 20 58 4
9 21 2 4
9 23 75 6
9 24 69 1
9 25 1 1
10 0 76 11
10 1 80 1
10 2 2 16
10 4 205 1
10 6 4 29
10 8 188 1
10 9 190 1
10 11 56 1
10 12 112 1
10 13 96 1
10 14 13 28
10 15 1 17
10 17 1 11
10 18 145 5
10 22 103 22
10 23 64 1
10 24 114 2
11 0 211 1
11 4 4 16
11 5 1 18
11 7 90 21
11 8 2 22
11 9 2 1
11 10 39 1
11 12 71 14
11 14 1 26
11 15 17 1
11 16 25 3
11 20 5 6
11 21 49 1
11 23 6 2
11 24 147 1
11 25 51 1
11 27 2 4
12 0 81 2
12 1 1 17
12 4 115 1
12 7 70 1
12 8 1 13
12 9 275 1
12 10 151 1
12 15 6 5
12 16 2 18
12 21 1 7
12 27 56 1
13 9 2 1
13 11 7 15
13 12 1 4
13 14 11 9
13 24 2 4
14 1 1 15
14 5 5 9
14 6 108 2
14 7 2 4
14 8 25 1
14 9 9 19
14 10 22 1
14 11 58 1
14 12 113 1
14 15 2 6
14 16 1 1
14 21 11 18
14 24 1 21
14 25 2 8
15 0 1 19
15 4 49 6
15 5 1 14
15 6 92 15
15 7 3 28
15 11 4 27
15 12 3 10
15 19 1 13
15 20 60 1
15 27 1 22
16 0 53 19
16 1 62 11
16 3 35 20
16 5 18 3
16 6 1 15
16 8 27 10
16 9 1 15
16 18 73 1
16 24 112 23
16 25 25 7
17 1 34 1
17 3 1 8
17 6 1 19
17 7 90 1
17 9 1 28
17 16 54 19
18 1 208 5
18 4 7 16
18 8 1 19
18 11 90 1
18 12 112 2
18 19 15 6
18 20 2 5
19 0 7 21
19 1 1 10
19 3 18 2
19 8 105 3
19 15 1 10
19 17 15 1
19 20 110 1
19 21 1 4
19 26 1 14
19 27 1 23
20 1 176 2
20 2 6 7
20 3 39 1
20 5 1 27
20 6 1 3
20 7 111 1
20 8 1 25
20 9 3 22
20 12 3 19
20 13 1 4
20 18 14 13
20 25 83 6
21 0 2 9
21 8 94 18
21 11 1 8
21 12 5 6
21 16 11 13
21 26 2 18
22 7 1 11
22 9 2 22
22 10 175 1
22 11 1 23
22 17 1 26
22 26 16 28
23 2 1 12
23 7 162 14
23 8 74 5
23 9 2 19
23 11 129 2
23 17 49 5
24 0 18 17
24 1 31 23
24 3 18 25
24 5 18 22
24 7 115 19
24 8 28 7
24 9 76 2
24 10 1 5
24 11 1 15
24 14 19 6
24 16 21 24
24 20 46 7
24 22 3 1
24 23 35 25
24 27 11 9
25 0 24 3
25 7 11 14
25 9 1 4
25 10 31 1
25 11 3 9
25 15 4 5
25 18 20 11
25 27 71 2
26 2 1 19
26 7 119 2
26 10 1 26
26 12 52 9
26 27 34 1
27 5 1 29
27 6 6 24
27 7 1 3
27 9 7 7
27 10 152 2
27 17 1 4
27 20 33 11
27 25 10 2
27 26 1 6
