0 1 112 1
0 2 69 1
0 3 164 1
0 4 1 11
0 5 102 1
0 6 6 1
0 7 410 1
0 8 182 1
0 9 1 21
0 10 1 5
0 16 111 1
0 17 1 1
0 19 156 1
0 24 127 1
0 27 1 9
1 2 262 1
1 3 186 5
1 4 4 24
1 5 273 1
1 6 82 12
1 7 114 1
1 8 291 1
1 9 6 17
1 10 1 26
1 11 304 21
1 12 179 1
1 14 1 5
1 16 83 1
1 17 3 16
1 21 36 1
1 24 55 1
1 27 1 22
2 1 7 9
2 3 1 18
2 4 2 25
2 6 1 11
2 7 37 2
2 8 18 19
2 9 106 2
2 10 13 1
2 11 1 9
2 17 2 20
2 19 1 12
2 20 28 1
2 21 15 28
2 22 16 5
3 0 106 1
3 1 343 1
3 2 3 3
3 4 1 22
3 5 158 1
3 6 228 1
3 7 378 1
3 8 71 1
3 10 15 4
3 11 3 2
3 14 47 8
3 16 81 1
3 24 92 1
3 27 15 1
4 0 332 1
4 1 5 19
4 2 3 19
4 5 353 1
4 6 59 18
4 8 354 1
4 9 107 1
4 10 2 29
4 11 87 2
4 12 211 27
4 14 2 21
4 16 41 1
4 17 292 2
4 18 2 23
4 19 1 17
4 20 1 15
4 21 1 11
4 26 66 21
5 0 130 1
5 1 80 1
5 3 141 1
5 4 116 1
5 6 51 29
5 8 165 1
5 9 101 16
5 10 3 2
5 12 1 16
5 16 112 1
5 17 4 11
5 18 112 1
5 24 107 1
6 1 49 1
6 2 17 27
6 4 2 18
6 5 147 1
6 7 278 1
6 8 12 7
6 9 3 1
6 10 1 6
6 11 13 1
6 12 1 16
6 14 152 24
6 20 1 17
6 24 3 1
6 25 118 1
6 27 1 8
7 0 2 15
7 1 15 3
7 2 223 1
7 3 49 1
7 4 14 3
7 5 1 29
7 6 2 11
7 8 3 24
7 10 2 6
7 11 3 19
7 12 1 10
7 14 164 1
7 15 258 1
7 17 124 1
7 21 1 3
7 22 2 21
7 23 31 3
7 24 3 19
7 25 1 1
7 26 3 12
8 0 66 1
8 1 130 1
8 2 22 9
8 3 73 1
8 4 53 1
8 5 299 1
8 6 47 23
8 7 4 8
8 9 247 1
8 10 285 1
8 11 1 12
8 12 269 21
8 13 91 17
8 16 98 1
8 17 2 29
8 18 1 22
8 20 141 1
8 22 24 4
8 23 95 1
8 24 43 1
8 25 1 10
8 27 66 12
9 1 18 1
9 4 154 1
9 5 4 24
9 6 40 17
9 7 1 23
9 8 122 1
9 10 8 26
9 11 280 1
9 12 444 20
9 15 3 28
9 18 1 14
9 20 1 7
9 24 1 12
10 0 18 2
10 1 10 24
10 3 2 22
10 4 3 28
10 5 1 13
10 6 11 1
10 7 15 2
10 8 29 8
10 9 1 7
10 11 14 7
10 12 35 6
10 13 1 18
10 14 13 10
10 15 313 3
10 17 11 1
10 18 3 11
10 21 2 24
10 23 161 8
10 26 1 7
11 0 1 9
11 1 239 1
11 2 256 3
11 3 49 1
11 4 25 2
11 5 20 2
11 6 15 1
11 7 322 1
11 8 143 1
11 9 2 11
11 10 9 16
11 14 2 2
11 15 10 21
11 20 23 5
11 22 130 3
11 23 245 1
11 24 2 20
11 25 37 1
11 27 156 1
12 1 2 13
12 2 64 6
12 4 1 21
12 6 279 1
12 9 40 1
12 10 3 24
12 13 1 1
12 14 2 23
12 18 1 2
12 22 2 27
13 1 97 1
13 5 1 5
13 7 129 1
13 8 157 1
13 9 115 3
13 11 147 2
13 14 3 25
13 17 65 3
13 20 1 28
13 21 9 22
13 23 3 12
13 24 22 1
14 6 1 11
14 8 3 1
14 9 182 2
14 10 139 1
14 11 1 28
14 15 101 1
14 20 48 1
15 7 1 3
15 10 2 25
15 11 235 1
15 14 1 7
15 17 4 2
15 21 14 15
15 27 10 2
16 0 136 1
16 1 21 1
16 2 2 4
16 3 70 1
16 5 28 1
16 7 1 27
16 8 100 1
16 9 2 11
16 17 16 26
16 20 25 24
16 24 71 1
17 1 2 23
17 3 1 4
17 6 88 1
17 18 144 1
17 19 1 1
17 24 24 1
17 27 1 4
18 0 1 16
18 3 2 28
18 4 348 1
18 5 4 2
18 7 51 4
18 9 1 17
18 13 9 1
18 16 2 6
18 17 147 1
18 24 43 3
18 26 24 22
18 27 1 16
19 1 186 1
19 4 16 10
19 7 2 27
19 11 46 1
19 12 26 14
19 15 1 29
19 18 1 17
19 20 2 21
20 1 5 19
20 2 135 1
20 8 15 1
20 10 133 1
20 11 159 1
20 13 1 26
20 18 1 1
20 19 249 1
20 24 28 2
20 27 1 17
21 7 2 14
21 8 1 19
21 10 1 9
21 16 22 3
22 0 1 23
22 8 127 1
22 11 9 3
22 12 2 29
22 26 15 6
23 0 1 1
23 1 47 1
23 7 1 29
23 9 24 6
23 11 4 24
23 19 1 1
23 24 3 28
23 26 23 27
24 0 105 1
24 1 182 1
24 3 79 1
24 5 106 1
24 8 74 26
24 10 57 3
24 11 260 1
24 16 21 17
24 25 2 15
25 0 109 1
25 5 5 14
25 7 319 1
25 10 3 6
25 11 27 20
25 14 29 17
25 15 1 1
25 17 34 1
25 20 55 1
25 27 21 3
26 0 1 23
26 8 111 23
26 11 1 13
26 12 1 4
26 25 1 17
27 7 36 4
27 8 1 3
27 9 1 19
27 26 1 7
