0 1 73 1
0 2 35 1
0 3 30 1
0 4 210 1
0 6 266 1
0 7 6 18
0 8 77 1
0 9 3 13
0 16 230 1
0 17 185 1
0 19 6 1
0 20 1 24
0 23 46 3
0 24 35 6
0 25 40 1
0 26 33 7
1 0 36 3
1 2 53 10
1 3 417 1
1 3 47 11
1 4 1 17
1 5 209 1
1 6 4 18
1 7 5 25
1 8 9 27
1 10 219 2
1 11 42 1
1 14 76 3
1 15 118 18
1 16 172 1
1 17 2 29
1 19 161 12
1 24 63 1
2 0 1 15
2 1 292 1
2 3 97 25
2 4 5 22
2 5 76 1
2 6 2 16
2 7 225 1
2 8 3 7
2 9 7 25
2 10 219 1
2 14 3 11
2 20 4 23
3 0 54 1
3 1 394 1
3 2 8 7
3 5 13 1
3 6 5 21
3 7 324 1
3 8 254 1
3 10 198 2
3 11 88 1
3 12 3 4
3 16 9 2
3 19 1 25
3 20 206 8
3 24 106 3
3 25 1 17
3 27 1 20
4 0 4 9
4 1 373 1
4 2 73 1
4 5 35 1
4 6 2 27
4 8 3 5
4 9 43 1
4 11 3 28
4 12 76 1
4 13 1 26
4 18 14 1
4 19 1 28
4 20 1 15
4 22 21 12
4 27 78 28
5 0 134 3
5 1 378 1
5 3 327 1
5 4 4 4
5 6 19 19
5 7 3 10
5 8 13 1
5 9 34 26
5 10 64 1
5 12 168 1
5 14 1 7
5 15 32 1
5 16 143 1
5 18 1 10
5 22 9 2
5 24 82 1
6 1 7 1
6 2 1 6
6 3 245 1
6 4 1 6
6 5 5 3
6 7 1 23
6 8 29 14
6 9 16 13
6 10 52 1
6 12 63 2
6 13 77 1
6 14 24 2
6 15 38 2
6 16 34 1
6 19 3 5
6 20 145 4
6 23 1 17
7 1 253 27
7 2 16 2
7 3 65 1
7 4 6 16
7 5 125 1
7 6 21 1
7 8 5 16
7 9 11 25
7 10 131 1
7 11 37 26
7 13 1 1
7 14 46 1
7 15 3 25
7 16 67 2
7 19 11 10
7 21 3 15
7 22 77 4
7 23 1 11
7 25 73 1
8 0 6 20
8 1 51 1
8 2 1 17
8 3 255 1
8 5 185 10
8 6 2 5
8 7 5 6
8 9 176 27
8 10 3 18
8 11 403 1
8 12 52 2
8 13 113 1
8 14 1 11
8 16 233 1
8 20 3 7
8 24 397 1
9 0 6 1
9 4 25 1
9 5 4 20
9 6 4 7
9 7 1 2
9 8 3 21
9 10 91 11
9 12 204 19
9 14 2 1
9 16 3 20
9 18 41 3
9 20 60 16
9 24 62 2
9 27 1 25
10 0 3 5
10 1 51 2
10 2 1 28
10 4 169 1
10 6 193 4
10 7 5 12
10 8 182 1
10 9 63 15
10 12 171 5
10 13 71 1
10 14 3 6
10 15 1 6
10 18 136 1
10 20 129 5
10 22 69 14
10 23 50 1
10 24 97 1
11 0 183 1
11 1 1 29
11 3 40 17
11 4 1 1
11 6 8 18
11 7 24 14
11 8 4 2
11 9 104 1
11 10 2 1
11 14 7 16
11 15 189 1
11 18 111 7
11 20 10 9
11 21 43 3
11 23 1 12
11 24 85 1
11 25 88 1
11 26 1 18
11 27 2 15
12 0 73 2
12 5 164 2
12 6 2 24
12 8 69 25
12 9 190 1
12 10 114 1
12 11 154 3
12 15 2 15
12 25 1 11
13 8 1 16
13 11 1 3
13 14 54 1
14 0 21 2
14 1 5 5
14 5 2 18
14 6 88 1
14 8 80 1
14 9 4 24
14 11 21 1
14 12 95 1
14 13 23 27
14 15 8 14
14 23 7 3
14 24 1 27
15 3 9 2
15 4 43 5
15 7 1 10
15 8 126 1
15 9 112 1
15 10 1 9
15 11 9 17
15 14 3 22
15 16 3 5
15 23 2 9
16 0 92 1
16 1 5 9
16 2 1 9
16 3 43 1
16 4 178 1
16 5 43 1
16 6 11 3
16 8 67 1
16 10 46 20
16 12 5 28
16 17 1 1
16 18 34 1
16 19 1 9
16 24 200 8
17 0 1 1
17 1 2 1
17 2 1 21
17 3 51 19
17 4 20 1
17 5 1 9
17 6 1 18
17 7 74 2
17 10 9 1
17 16 3 21
17 22 35 1
18 4 10 6
18 5 31 1
18 6 1 10
18 10 1 13
18 11 84 1
18 12 2 2
18 15 1 12
18 16 1 4
18 20 2 28
19 0 2 11
19 1 1 24
19 4 123 18
19 9 69 1
19 10 2 10
19 11 1 25
19 13 4 8
19 17 10 1
19 20 91 1
19 25 1 7
19 26 1 10
20 0 1 15
20 1 157 1
20 2 2 29
20 3 104 2
20 5 1 26
20 6 1 28
20 7 88 2
20 8 1 16
20 12 4 1
20 19 2 23
20 25 81 1
21 0 3 23
21 1 53 7
21 6 1 8
21 7 2 10
21 15 4 1
21 20 18 8
22 1 1 22
22 3 1 25
22 9 11 11
22 10 166 1
22 11 1 25
22 12 94 1
22 14 3 15
22 16 1 18
22 23 1 4
22 24 1 14
23 3 3 25
23 4 36 2
23 8 65 2
23 12 27 23
23 17 62 13
23 19 6 28
24 0 63 1
24 1 35 28
24 2 2 10
24 3 9 20
24 4 5 27
24 5 1 3
24 7 9 16
24 8 115 1
24 10 8 9
24 11 1 14
24 14 16 1
24 16 45 1
24 23 7 1
24 26 1 13
24 27 3 4
25 1 73 1
25 2 26 1
25 4 24 2
25 7 2 15
25 10 16 3
25 11 1 24
25 12 73 1
25 16 1 8
25 27 56 1
26 4 1 15
26 5 24 25
26 8 59 3
26 11 7 4
26 17 13 1
26 25 33 8
27 3 35 23
27 4 48 2
27 7 40 29
27 8 129 8
27 9 31 15
27 10 148 2
27 17 7 9
27 20 31 1
27 26 1 9
