0 1 274 1
0 2 31 1
0 3 137 3
0 4 205 1
0 5 59 8
0 6 261 1
0 7 7 21
0 8 49 1
0 10 110 1
0 12 8 5
0 15 5 2
0 16 117 1
0 17 181 1
0 18 149 4
0 20 126 8
0 24 3 15
0 27 82 2
1 0 28 5
1 2 9 13
1 3 348 1
1 4 5 6
1 5 127 22
1 6 4 23
1 7 7 23
1 8 186 1
1 9 74 1
1 10 45 1
1 11 40 1
1 16 241 1
1 17 9 26
1 20 243 1
1 24 411 1
2 0 10 13
2 1 6 4
2 3 91 1
2 4 2 28
2 6 4 16
2 7 56 1
2 8 2 20
2 10 215 23
2 14 1 23
2 24 4 13
2 26 1 29
3 0 339 1
3 1 373 8
3 2 4 17
3 5 52 1
3 6 1 4
3 7 307 1
3 8 191 1
3 10 195 1
3 11 64 1
3 12 38 16
3 15 6 11
3 16 213 5
3 17 165 8
3 24 20 1
4 0 5 12
4 1 42 1
4 2 69 1
4 5 27 1
4 6 16 16
4 8 5 16
4 9 38 1
4 10 10 1
4 12 73 1
4 16 7 23
4 17 1 26
4 19 4 9
5 0 92 1
5 1 80 1
5 3 301 1
5 4 5 12
5 6 24 24
5 8 136 1
5 9 3 27
5 10 59 1
5 16 41 4
5 18 3 21
5 24 14 23
5 26 12 25
6 1 4 1
6 2 2 2
6 3 242 1
6 5 144 18
6 7 231 15
6 8 141 14
6 9 3 15
6 10 45 1
6 11 1 27
6 12 60 1
6 13 75 1
6 16 33 1
6 17 25 2
6 18 17 1
6 19 3 1
6 21 83 20
6 23 1 15
7 1 52 22
7 3 53 1
7 5 121 1
7 6 17 1
7 8 13 11
7 9 1 20
7 10 124 1
7 11 45 25
7 12 180 1
7 13 5 16
7 14 55 22
7 16 67 1
7 17 3 5
7 22 76 2
7 24 3 2
7 25 67 23
7 26 4 1
8 0 43 1
8 1 50 1
8 3 106 11
8 4 28 19
8 5 99 18
8 6 138 1
8 7 221 2
8 9 2 26
8 10 5 17
8 11 395 1
8 12 50 1
8 13 111 2
8 14 1 5
8 16 150 1
8 24 325 4
9 0 5 3
9 4 22 2
9 5 5 6
9 6 316 4
9 8 2 21
9 10 58 1
9 12 12 5
9 15 61 2
9 19 1 7
9 25 48 21
10 0 4 3
10 1 48 2
10 2 2 18
10 3 236 1
10 4 165 1
10 5 1 15
10 6 28 11
10 7 257 1
10 8 128 16
10 9 273 1
10 12 171 1
10 13 66 1
10 14 12 17
10 15 1 10
10 20 129 20
10 22 2 12
10 23 48 2
10 24 95 1
10 25 2 9
10 26 95 1
11 0 179 1
11 3 110 1
11 4 2 13
11 5 6 17
11 6 1 15
11 7 24 2
11 8 2 26
11 9 100 1
11 12 4 2
11 13 5 10
11 14 1 19
11 15 166 1
11 19 91 1
11 23 24 19
11 24 78 1
11 25 76 1
11 26 1 3
11 27 51 8
12 3 4 12
12 4 91 1
12 7 57 1
12 8 142 12
12 9 180 1
12 10 110 1
12 11 153 1
12 16 2 19
12 18 46 3
12 21 8 22
12 24 1 7
13 4 12 1
13 6 3 14
13 8 1 25
13 10 159 1
13 12 90 26
13 14 50 1
13 17 18 4
13 20 1 11
13 26 7 17
14 1 5 23
14 6 86 1
14 8 76 1
14 9 8 29
14 11 17 1
14 12 93 1
14 15 19 5
14 21 9 7
14 24 2 21
15 1 79 3
15 3 9 4
15 4 43 1
15 5 1 18
15 7 2 11
15 10 1 4
15 11 24 5
15 12 82 15
15 14 3 18
15 16 3 20
15 18 2 12
15 21 11 12
15 23 2 26
15 26 3 28
16 0 45 1
16 1 216 1
16 3 22 1
16 4 176 2
16 5 259 2
16 6 13 9
16 8 192 1
16 9 36 29
16 10 3 28
16 15 1 2
16 17 2 1
16 24 5 15
16 26 4 13
17 0 302 12
17 1 1 1
17 2 1 23
17 3 3 28
17 5 3 9
17 6 1 17
17 7 72 3
17 8 28 2
17 9 4 22
17 11 124 1
17 16 3 18
17 18 4 17
17 26 42 1
17 27 1 4
18 1 1 24
18 3 8 20
18 4 1 6
18 5 30 1
18 6 1 18
18 9 30 1
18 14 1 22
18 23 2 15
19 0 13 7
19 1 4 27
19 4 1 20
19 6 70 1
19 8 95 1
19 10 5 20
19 14 1 5
19 15 1 25
19 18 38 5
19 20 75 1
19 25 3 25
20 0 1 27
20 1 155 1
20 3 101 1
20 4 154 1
20 5 1 14
20 7 86 1
20 9 4 3
20 16 37 14
20 17 2 6
20 19 4 18
20 27 1 13
21 22 1 13
22 5 1 5
22 8 5 4
22 10 164 4
22 12 92 2
22 14 1 24
22 19 5 2
22 23 2 4
22 24 6 22
22 26 16 2
23 2 13 1
23 11 95 1
23 14 1 21
23 22 1 1
23 24 1 2
24 0 174 1
24 1 146 1
24 3 82 1
24 4 1 18
24 5 5 26
24 6 25 5
24 7 122 2
24 8 413 1
24 10 1 22
24 11 165 1
24 16 84 2
24 20 42 2
24 21 2 21
24 23 5 2
24 25 13 8
25 6 38 2
25 7 24 20
25 8 19 3
25 11 55 14
25 15 4 1
25 21 10 20
25 23 2 19
25 26 13 7
25 27 54 3
26 6 2 28
26 11 6 2
26 14 2 22
27 3 1 25
27 6 1 5
27 9 8 15
27 13 2 15
27 25 2 1
27 26 13 26
