0 1 248 1
0 2 29 1
0 3 318 14
0 4 203 1
0 5 100 1
0 6 259 1
0 7 7 3
0 8 52 1
0 10 109 1
0 11 311 20
0 15 5 3
0 16 81 1
0 17 179 1
0 19 229 1
0 20 1 1
0 21 1 10
0 22 62 13
0 24 53 1
0 25 38 1
0 26 33 2
0 27 82 1
1 0 93 1
1 2 4 21
1 3 316 1
1 4 1 6
1 5 321 1
1 6 4 29
1 7 1 18
1 8 151 2
1 9 72 1
1 12 2 3
1 14 75 1
1 15 1 2
1 16 206 1
1 17 1 28
1 18 197 2
1 20 243 2
1 22 36 1
1 24 375 1
1 25 3 26
1 26 34 3
2 0 2 6
2 1 301 1
2 3 84 1
2 4 1 28
2 5 75 1
2 6 2 26
2 7 53 1
2 8 7 6
2 10 50 1
2 13 1 6
2 14 2 24
2 20 2 26
3 0 309 4
3 1 286 1
3 2 15 14
3 5 16 3
3 6 46 12
3 7 300 1
3 8 34 1
3 9 10 1
3 10 193 1
3 11 61 1
3 12 3 2
3 16 57 1
3 17 2 2
3 18 43 8
3 19 5 16
3 24 98 1
3 25 10 10
3 26 10 2
4 0 1 18
4 1 448 1
4 2 68 1
4 3 1 19
4 5 25 1
4 6 3 29
4 8 1 19
4 9 36 1
4 11 8 27
4 12 72 2
4 17 4 24
4 18 10 1
4 19 1 12
4 25 1 17
5 0 56 1
5 1 53 1
5 3 267 1
5 4 2 15
5 6 13 8
5 7 2 22
5 8 107 1
5 9 119 23
5 10 57 1
5 14 16 1
5 16 20 1
5 24 6 25
5 25 3 29
6 2 4 7
6 3 240 1
6 4 1 24
6 5 354 12
6 8 240 25
6 8 213 27
6 9 3 22
6 10 42 1
6 15 36 4
6 17 25 1
6 18 16 1
6 20 144 1
6 23 22 8
6 26 12 7
7 1 1 28
7 2 16 10
7 3 48 1
7 5 119 1
7 6 16 1
7 8 4 12
7 10 121 1
7 11 9 17
7 14 7 22
7 15 1 3
7 17 5 23
7 19 148 1
7 21 2 1
7 22 76 1
7 23 1 15
7 24 3 3
7 25 26 1
7 27 1 29
8 0 5 8
8 1 18 1
8 2 4 1
8 3 63 1
8 4 448 1
8 5 79 1
8 6 136 1
8 7 231 16
8 9 1 8
8 10 3 8
8 11 391 1
8 12 49 1
8 13 110 1
8 14 1 22
8 15 11 1
8 16 97 8
8 19 78 22
8 20 4 2
8 22 33 22
8 24 33 1
8 27 134 2
9 1 2 18
9 3 23 4
9 4 21 1
9 5 3 29
9 6 4 28
9 8 38 18
9 10 48 1
9 11 5 10
9 12 2 24
9 13 25 1
9 14 92 11
9 15 61 1
9 16 2 14
9 18 39 3
9 19 10 19
9 21 1 3
9 24 61 6
9 25 1 24
10 0 43 5
10 1 47 1
10 2 1 15
10 3 235 1
10 4 163 2
10 5 1 6
10 6 61 24
10 7 256 1
10 8 149 1
10 9 263 1
10 11 4 1
10 12 169 1
10 13 179 1
10 14 3 20
10 15 1 24
10 17 26 27
10 18 135 1
10 20 5 18
10 23 48 1
10 24 94 1
10 27 15 2
11 0 178 1
11 3 109 3
11 4 1 18
11 5 1 5
11 6 18 1
11 7 160 10
11 8 4 15
11 9 98 1
11 12 6 16
11 13 1 24
11 14 1 27
11 15 157 1
11 16 21 2
11 18 111 1
11 20 1 5
11 21 43 1
11 23 1 20
11 24 75 1
11 25 73 1
11 26 111 29
11 27 5 28
12 0 71 1
12 4 90 2
12 5 161 1
12 6 2 24
12 8 1 26
12 9 176 1
12 10 108 1
12 11 152 2
12 16 1 2
12 20 1 25
12 21 1 8
12 23 6 6
12 26 6 14
12 27 53 20
13 4 12 3
13 7 2 15
13 8 1 11
13 10 157 1
13 12 15 12
13 14 49 2
13 15 1 9
13 23 1 9
13 27 7 22
14 6 85 1
14 7 4 26
14 8 74 1
14 9 10 25
14 11 16 1
14 12 92 2
14 13 7 10
14 15 3 15
14 23 1 10
15 7 2 21
15 8 123 1
15 10 1 23
15 11 23 5
15 12 1 11
15 13 9 14
15 14 3 23
15 19 1 18
15 24 2 13
16 0 192 1
16 1 180 1
16 3 53 2
16 4 176 1
16 5 241 1
16 6 1 19
16 8 156 1
16 9 61 16
16 13 27 24
16 14 4 3
16 15 1 2
16 17 3 12
16 18 32 1
16 19 3 10
16 24 65 16
16 25 24 5
16 27 2 1
17 0 8 14
17 2 1 4
17 3 2 11
17 6 1 9
17 8 28 1
17 9 1 26
17 16 1 6
17 19 51 1
17 20 1 3
18 0 1 26
18 4 5 16
18 5 29 3
18 8 16 29
18 11 83 1
18 16 1 11
18 17 1 13
18 20 1 29
18 26 10 21
19 0 1 8
19 1 1 3
19 3 11 1
19 8 94 4
19 10 1 2
19 18 1 15
19 20 69 1
19 21 1 29
19 25 1 2
19 26 1 1
20 0 4 2
20 1 154 2
20 2 12 19
20 3 99 1
20 6 5 5
20 7 84 1
20 8 2 12
20 19 2 16
20 24 1 10
21 1 53 4
21 4 5 4
21 9 6 17
21 12 6 1
21 22 1 20
22 3 1 22
22 6 85 12
22 7 3 29
22 9 1 25
22 11 21 27
22 12 92 1
22 14 2 4
22 15 2 18
22 19 5 20
22 20 1 15
22 21 8 2
22 23 1 13
22 26 15 2
23 3 1 7
23 6 13 1
23 11 93 1
23 13 1 12
23 27 5 1
24 0 64 1
24 1 110 1
24 3 48 1
24 5 78 1
24 7 123 20
24 8 376 1
24 10 1 11
24 11 164 2
24 15 1 23
24 16 66 1
24 20 42 1
24 23 5 2
25 1 71 2
25 6 38 1
25 7 1 9
25 10 14 1
25 11 1 15
25 12 72 8
25 18 1 7
25 20 1 4
26 2 1 26
26 10 3 29
26 11 6 1
26 27 10 2
27 1 86 8
27 4 48 2
27 7 16 26
27 16 33 6
27 17 2 9
27 22 1 10
27 24 4 7
27 25 1 5
