0 1 7 24
0 2 16 1
0 3 8 9
0 4 165 1
0 5 5 20
0 6 224 1
0 7 3 21
0 8 5 12
0 9 1 5
0 10 93 1
0 12 5 3
0 16 6 20
0 17 150 1
0 19 182 1
0 24 7 28
1 0 3 14
1 2 78 26
1 3 7 3
1 4 335 2
1 5 5 14
1 6 159 17
1 7 1 22
1 8 6 20
1 9 47 1
1 10 30 13
1 11 26 1
1 14 67 1
1 16 5 10
1 17 9 17
1 18 8 1
1 20 235 4
1 22 33 1
1 24 5 23
1 25 5 23
2 0 33 4
2 1 172 1
2 3 88 23
2 4 12 19
2 6 1 29
2 7 222 1
2 8 4 18
2 9 5 15
2 10 34 1
2 11 214 2
2 12 28 20
2 16 1 5
2 17 1 9
2 18 4 3
2 20 1 17
3 0 119 27
3 1 3 2
3 2 24 18
3 5 5 24
3 6 55 17
3 7 185 1
3 8 6 26
3 10 168 1
3 11 78 1
3 15 1 22
3 16 4 15
3 17 153 1
3 20 6 2
3 24 5 24
3 25 20 20
4 0 34 24
4 1 439 1
4 2 44 1
4 3 1 22
4 6 26 3
4 8 21 15
4 9 376 1
4 13 1 2
4 14 125 1
4 16 6 22
4 19 46 29
4 25 1 20
5 0 5 16
5 1 4 9
5 3 5 8
5 4 18 28
5 6 123 23
5 7 1 8
5 8 17 29
5 9 1 10
5 10 26 1
5 14 4 24
5 15 29 8
5 16 5 13
5 24 5 17
5 25 30 29
6 1 2 6
6 2 1 21
6 3 215 1
6 4 5 2
6 5 138 1
6 7 240 1
6 8 362 1
6 9 19 15
6 10 6 1
6 12 39 1
6 13 66 1
6 17 12 3
6 20 133 3
6 23 8 27
7 0 1 14
7 1 1 29
7 2 15 1
7 3 4 1
7 4 8 25
7 8 77 11
7 9 136 25
7 10 78 1
7 11 53 11
7 12 176 1
7 13 4 12
7 14 4 20
7 15 10 1
7 16 61 1
7 17 1 20
7 18 5 6
7 20 1 26
7 21 3 4
7 23 32 16
7 25 56 1
8 0 7 22
8 1 7 27
8 2 149 14
8 3 4 11
8 4 13 2
8 5 6 23
8 6 150 3
8 7 10 6
8 10 30 17
8 11 332 1
8 12 35 1
8 13 94 1
8 14 9 19
8 15 5 1
8 16 5 1
8 19 1 27
8 20 16 25
8 22 4 29
8 24 5 8
9 4 11 1
9 5 21 1
9 6 136 1
9 7 296 2
9 8 1 26
9 10 290 1
9 11 1 26
9 12 1 19
9 15 51 2
9 16 8 1
9 24 56 4
10 0 1 25
10 1 28 2
10 2 45 26
10 3 219 1
10 4 134 1
10 5 3 10
10 6 85 26
10 7 250 1
10 8 101 1
10 9 153 1
10 11 1 14
10 12 158 1
10 13 144 1
10 14 42 6
10 15 1 29
10 16 1 16
10 17 38 11
10 19 1 16
10 20 1 23
10 23 37 1
10 24 79 2
10 25 1 19
10 27 10 7
11 0 154 1
11 3 292 1
11 4 1 3
11 5 1 19
11 7 387 27
11 8 7 17
11 10 1 7
11 14 1 14
11 15 37 1
11 19 84 2
11 20 25 16
11 21 38 2
11 23 3 28
11 24 36 1
11 25 15 1
11 27 1 1
12 0 64 2
12 3 8 15
12 4 74 1
12 5 153 1
12 7 47 2
12 8 10 18
12 9 110 1
12 10 80 2
12 11 140 1
12 16 1 20
12 21 1 14
12 26 1 27
13 6 1 5
13 7 1 3
13 8 1 8
13 10 31 1
13 11 2 1
13 12 17 18
13 14 32 1
13 15 1 22
13 18 3 2
14 0 17 1
14 1 91 26
14 3 32 1
14 5 1 1
14 8 47 1
14 10 6 5
14 11 1 5
14 12 77 1
14 13 3 1
14 15 2 16
14 21 8 14
14 26 1 24
15 1 72 4
15 3 5 5
15 7 10 2
15 8 105 1
15 9 106 3
15 10 2 28
15 11 82 24
15 13 1 28
15 14 1 23
15 25 1 12
16 0 5 10
16 1 6 3
16 3 5 27
16 4 168 3
16 5 5 3
16 7 118 7
16 8 5 11
16 9 1 5
16 15 23 25
16 17 1 11
16 19 1 12
16 24 5 7
17 1 1 2
17 2 2 25
17 3 133 5
17 5 1 1
17 6 3 18
17 10 1 7
17 11 113 2
17 12 1 5
17 15 25 10
17 16 9 21
18 3 75 17
18 4 14 16
18 5 21 1
18 8 18 18
18 10 4 2
18 16 5 17
18 20 24 1
19 0 1 16
19 1 1 14
19 3 7 1
19 7 2 7
19 8 86 3
19 10 1 26
19 11 1 15
19 14 1 13
19 18 1 29
19 20 34 1
19 24 13 29
20 0 1 2
20 1 138 1
20 3 19 1
20 4 146 3
20 8 1 15
20 12 14 8
20 13 1 2
20 19 5 28
20 26 1 1
21 0 1 15
21 11 1 26
21 17 1 13
21 22 2 11
22 0 54 8
22 1 4 16
22 7 7 2
22 9 9 5
22 10 154 1
22 13 1 16
22 17 1 29
22 20 1 23
22 24 7 15
23 0 75 2
23 5 1 12
23 6 10 3
23 7 188 3
23 12 5 22
23 13 6 2
23 14 1 3
23 15 25 3
23 17 64 10
23 22 2 21
24 0 22 5
24 1 5 11
24 3 9 23
24 5 5 5
24 7 1 14
24 8 5 29
24 10 65 6
24 11 154 1
24 15 1 24
24 16 11 26
24 23 3 1
24 25 10 2
24 26 39 1
25 1 65 2
25 6 30 5
25 7 1 25
25 11 54 1
25 23 1 19
25 26 10 1
26 6 1 23
26 7 105 6
26 9 34 3
26 10 1 3
26 20 2 1
26 25 28 7
26 27 1 6
27 3 1 11
27 7 1 19
27 8 125 1
27 9 1 11
27 10 144 1
27 17 13 23
27 22 1 10
27 26 1 5
