0 1 251 28
0 2 134 1
0 3 103 1
0 4 96 1
0 6 151 1
0 7 1 28
0 8 263 1
0 10 62 2
0 11 281 2
0 12 5 7
0 13 3 9
0 14 4 29
0 15 100 6
0 16 25 1
0 17 96 1
0 18 129 4
0 19 87 1
0 20 120 3
0 21 13 13
0 22 58 5
0 24 48 1
0 25 22 2
0 26 26 1
1 0 199 1
1 2 237 1
1 3 26 1
1 4 319 1
1 5 169 23
1 6 173 28
1 7 1 5
1 8 91 1
1 10 171 1
1 12 1 4
1 16 266 1
1 17 2 9
1 18 188 1
1 20 216 1
1 24 16 23
2 0 48 26
2 1 1 1
2 3 26 1
2 4 92 9
2 5 63 1
2 6 1 3
2 7 121 1
2 8 5 21
2 9 5 16
2 10 18 1
2 12 2 28
2 17 2 15
2 18 1 4
2 19 13 6
2 20 1 11
2 23 1 18
2 24 33 12
3 0 323 1
3 1 3 27
3 2 55 8
3 4 4 3
3 5 2 12
3 6 6 14
3 7 30 1
3 8 42 5
3 10 116 1
3 11 31 1
3 12 4 16
3 16 47 1
3 19 56 17
3 20 153 1
3 24 49 4
3 25 15 7
3 26 3 16
3 27 1 3
4 0 2 29
4 1 87 1
4 2 10 3
4 5 3 24
4 6 93 21
4 7 1 17
4 8 1 13
4 9 266 1
4 12 31 1
4 14 115 1
4 16 6 23
4 21 67 7
4 22 13 5
5 0 108 1
5 1 56 1
5 3 49 18
5 4 29 28
5 6 85 1
5 7 1 6
5 8 170 1
5 9 315 1
5 11 213 1
5 12 112 1
5 14 41 11
5 15 25 6
5 16 22 20
5 17 154 5
5 24 22 1
5 26 13 9
6 0 1 7
6 1 25 20
6 2 1 2
6 3 157 1
6 4 2 16
6 5 21 1
6 7 207 1
6 8 9 25
6 9 218 27
6 10 1 17
6 12 11 4
6 13 48 4
6 16 16 1
6 18 1 1
6 20 113 1
6 22 4 4
7 0 1 25
7 1 310 1
7 2 157 1
7 3 3 24
7 4 1 24
7 5 41 1
7 6 1 10
7 8 4 20
7 11 297 23
7 12 169 2
7 13 1 5
7 14 6 15
7 15 4 6
7 24 1 9
8 0 132 1
8 1 71 1
8 2 303 1
8 3 254 1
8 4 412 1
8 5 163 4
8 6 44 1
8 7 2 16
8 10 120 19
8 11 208 1
8 12 13 1
8 14 4 21
8 16 60 24
8 17 3 3
8 18 194 2
8 19 3 15
8 20 1 19
8 24 139 5
8 27 129 1
9 2 4 7
9 3 5 3
9 4 316 1
9 5 54 1
9 6 113 1
9 7 267 2
9 10 46 1
9 11 8 19
9 12 153 1
9 17 1 21
9 19 1 6
9 20 2 14
9 24 46 1
9 25 1 22
9 27 1 20
10 0 1 29
10 2 19 3
10 3 172 1
10 5 1 22
10 6 37 6
10 7 410 1
10 8 1 24
10 9 1 3
10 11 10 13
10 12 48 1
10 13 78 1
10 14 1 1
10 15 22 25
10 16 1 24
10 19 3 19
10 23 19 3
10 24 52 1
10 25 10 23
10 27 3 13
11 0 108 1
11 2 2 5
11 3 261 1
11 5 1 24
11 6 7 3
11 7 58 23
11 8 6 17
11 10 10 29
11 14 9 28
11 15 4 12
11 20 5 6
11 23 2 26
11 25 7 25
11 26 121 27
11 27 92 1
12 4 44 2
12 6 1 20
12 9 20 1
12 11 116 2
12 13 1 8
12 14 4 9
12 16 5 24
12 18 7 3
12 26 1 12
12 27 49 1
13 4 4 14
13 7 1 6
13 8 1 5
13 10 101 1
13 11 1 22
13 12 88 1
13 20 37 21
13 22 2 19
13 25 15 3
14 6 38 2
14 7 9 4
14 9 20 12
14 10 16 21
14 11 1 19
14 12 47 3
14 13 9 2
14 15 8 1
14 17 1 27
14 19 1 9
14 25 9 16
15 2 17 3
15 7 1 20
15 8 72 1
15 10 1 20
15 11 349 8
15 14 29 3
15 17 1 18
15 18 1 1
15 23 10 21
15 25 1 1
15 27 2 8
16 0 43 23
16 1 54 1
16 2 35 22
16 3 69 1
16 4 142 1
16 5 10 12
16 6 22 9
16 8 25 1
16 9 2 3
16 10 1 25
16 11 1 4
16 17 2 4
16 22 25 16
16 24 36 1
16 27 1 1
17 0 7 9
17 1 4 16
17 2 2 1
17 3 137 21
17 5 90 26
17 6 2 4
17 7 37 1
17 9 1 19
17 10 1 22
17 11 93 4
17 13 1 10
17 15 20 1
17 16 4 15
17 18 1 17
17 19 31 3
17 26 37 3
17 27 44 13
18 4 27 1
18 6 3 19
18 7 1 3
18 8 1 26
18 9 8 6
18 10 1 23
18 12 103 3
18 16 2 23
18 17 19 21
18 21 28 1
18 27 1 24
19 0 9 28
19 1 3 5
19 8 70 1
19 9 59 9
19 10 1 26
19 11 1 27
19 15 12 26
19 24 1 7
19 25 3 6
20 0 1 25
20 1 105 1
20 3 53 2
20 6 4 17
20 8 1 2
20 9 9 9
20 18 1 5
20 19 2 11
20 27 6 14
21 9 78 19
21 15 2 4
21 16 8 14
21 23 1 26
22 1 4 22
22 3 1 10
22 7 5 28
22 10 131 1
22 12 61 1
22 15 2 13
22 16 2 1
22 19 4 10
22 25 13 22
22 26 13 2
23 2 13 20
23 5 2 28
23 7 174 1
23 10 1 27
23 11 29 1
23 12 56 28
23 13 4 6
23 15 12 4
23 20 3 10
23 22 4 1
23 26 13 5
24 0 176 1
24 1 160 1
24 3 146 3
24 4 4 26
24 5 69 1
24 7 1 18
24 8 87 1
24 9 54 1
24 10 1 5
24 11 176 1
24 14 7 5
24 15 1 14
24 16 8 28
24 17 1 26
24 26 38 19
25 0 7 1
25 5 1 10
25 6 18 1
25 7 1 4
25 11 39 1
25 16 5 5
25 27 16 1
26 1 1 15
26 6 2 19
26 10 29 28
26 20 1 14
26 25 20 1
27 1 80 11
27 7 6 2
27 9 58 3
27 10 134 1
27 13 10 20
27 25 1 10
27 26 35 1
