0 1 60 2
0 2 123 1
0 3 261 1
0 4 87 1
0 5 3 2
0 6 141 1
0 7 31 1
0 8 81 1
0 9 156 3
0 11 276 2
0 16 88 5
0 17 88 1
0 19 75 1
0 20 9 2
0 23 10 14
0 24 77 1
0 25 21 3
0 26 25 8
1 0 198 1
1 2 219 1
1 3 7 17
1 4 289 1
1 5 49 24
1 6 330 13
1 8 20 7
1 10 162 1
1 11 5 3
1 15 112 2
1 16 128 4
1 17 25 9
1 18 184 1
1 19 16 27
1 20 212 2
1 24 30 1
2 0 5 14
2 3 11 1
2 4 23 25
2 5 60 1
2 6 13 24
2 7 107 1
2 8 4 8
2 9 1 28
2 10 169 1
2 11 24 2
2 16 1 16
2 17 5 19
2 20 1 8
2 21 16 15
2 22 1 18
2 24 2 22
2 27 16 1
3 0 38 3
3 1 333 1
3 2 50 1
3 4 1 4
3 5 159 1
3 6 3 13
3 7 17 1
3 8 128 1
3 10 109 1
3 11 4 1
3 16 79 1
3 17 120 1
3 18 44 14
3 20 146 1
3 24 5 21
3 25 3 3
4 0 2 16
4 1 48 1
4 2 7 2
4 5 38 11
4 6 3 22
4 8 8 28
4 9 248 1
4 11 1 26
4 12 28 1
4 16 2 9
4 17 1 6
4 18 1 11
4 20 177 24
4 21 67 3
5 0 133 13
5 1 13 21
5 2 1 23
5 3 117 1
5 4 2 3
5 6 124 1
5 7 5 28
5 8 146 1
5 9 284 1
5 11 210 2
5 12 105 2
5 16 6 18
5 18 2 7
5 22 9 13
5 24 91 1
5 25 37 9
6 0 1 2
6 1 3 9
6 2 1 20
6 3 148 1
6 4 3 12
6 7 197 1
6 8 261 1
6 9 25 13
6 10 2 28
6 11 30 2
6 16 14 5
6 24 26 2
7 0 4 26
7 2 162 1
7 3 12 5
7 5 35 1
7 6 2 15
7 8 216 12
7 10 13 1
7 11 4 13
7 12 166 4
7 13 11 7
7 14 2 4
7 15 293 1
7 16 49 1
7 17 1 29
7 20 2 1
7 21 8 1
7 22 50 1
7 24 1 4
7 26 40 15
7 27 12 17
8 0 316 1
8 1 180 1
8 2 75 1
8 3 81 1
8 4 400 1
8 5 136 1
8 6 82 1
8 7 2 5
8 9 104 1
8 10 16 16
8 11 190 1
8 13 60 1
8 14 1 28
8 16 82 1
8 19 1 29
8 20 1 22
8 24 88 1
8 26 1 15
8 27 128 3
9 1 320 1
9 2 1 10
9 4 300 1
9 5 6 1
9 6 87 1
9 7 262 1
9 8 93 1
9 10 25 1
9 11 83 2
9 12 22 1
9 13 6 2
9 15 30 2
9 16 1 23
9 17 1 22
9 18 13 2
9 19 2 13
9 25 2 22
9 27 5 28
10 0 66 28
10 2 3 14
10 3 165 1
10 4 75 1
10 5 10 19
10 6 5 1
10 7 397 1
10 8 2 9
10 11 4 27
10 12 38 1
10 13 69 1
10 14 4 12
10 15 194 29
10 18 106 4
10 20 2 27
10 22 179 5
10 25 3 24
10 26 80 2
11 0 102 1
11 1 1 25
11 2 1 12
11 3 254 1
11 4 2 5
11 5 20 21
11 7 385 13
11 8 2 17
11 9 27 1
11 10 7 11
11 13 1 2
11 14 41 13
11 15 3 29
11 17 2 15
11 18 94 4
11 20 4 8
11 21 30 1
11 22 1 20
11 23 3 23
11 25 2 7
11 26 21 21
12 0 49 2
12 4 41 1
12 5 2 1
12 6 16 21
12 7 28 4
12 8 1 21
12 9 13 1
12 10 30 2
12 11 113 1
12 13 4 3
12 14 1 3
12 16 5 3
12 17 10 19
12 20 1 13
12 21 1 8
12 22 9 2
13 1 10 1
13 3 1 6
13 8 1 28
13 10 92 1
13 22 1 20
14 2 1 8
14 3 24 1
14 4 1 22
14 6 34 1
14 7 246 1
14 10 4 15
14 11 1 21
14 12 43 1
14 13 14 1
14 15 41 1
14 22 1 19
14 23 8 5
14 25 3 5
15 3 1 3
15 5 27 11
15 7 1 1
15 9 87 1
15 10 27 20
15 11 73 10
15 12 1 4
15 14 6 10
15 21 9 2
15 24 1 3
15 25 3 13
15 27 2 10
16 0 93 3
16 1 62 1
16 3 227 2
16 4 137 1
16 5 43 1
16 6 7 7
16 8 71 16
16 9 38 5
16 10 2 4
16 11 1 23
16 17 14 15
16 20 2 11
16 24 112 6
17 0 6 14
17 1 5 24
17 2 1 27
17 5 6 19
17 7 34 2
17 10 1 13
17 12 1 8
17 13 1 24
17 16 2 14
17 18 4 5
17 19 30 1
18 1 20 14
18 4 334 1
18 6 13 10
18 7 2 6
18 10 1 8
18 11 64 6
18 16 7 29
18 23 3 4
18 26 8 7
19 0 64 1
19 1 1 14
19 6 43 2
19 7 1 2
19 8 67 1
19 11 6 24
19 16 1 10
19 27 1 9
20 0 2 1
20 1 101 1
20 2 4 19
20 3 7 2
20 4 128 4
20 5 40 22
20 8 2 24
20 11 2 3
20 13 1 24
20 14 4 1
20 19 9 21
20 25 71 3
21 6 1 27
21 10 96 8
21 12 20 16
21 15 1 8
21 23 1 12
22 1 2 25
22 3 1 1
22 6 1 23
22 10 127 1
22 12 58 1
22 15 3 11
22 19 4 24
22 24 11 27
23 7 171 1
23 11 24 3
23 15 11 1
23 20 3 4
24 0 39 1
24 1 19 1
24 2 2 23
24 3 33 1
24 5 144 1
24 8 103 1
24 11 125 1
24 14 6 5
24 20 31 3
24 21 24 20
24 27 3 26
25 0 6 3
25 5 1 19
25 6 16 5
25 7 1 25
25 9 5 19
25 11 18 1
25 12 65 9
25 16 1 3
25 19 2 16
25 23 1 2
26 2 1 25
26 4 1 20
26 10 1 29
26 11 127 1
26 14 27 15
26 20 1 4
26 25 19 1
26 27 1 24
27 0 82 8
27 7 1 20
27 11 1 11
27 13 1 5
27 17 3 13
27 20 22 9
27 23 2 24
27 25 1 20
