0 1 42 2
0 2 121 1
0 3 242 1
0 4 86 1
0 5 91 1
0 6 140 1
0 7 32 22
0 8 63 4
0 10 58 1
0 14 93 6
0 16 197 5
0 17 88 1
0 19 74 1
0 24 75 1
0 27 77 5
1 0 175 1
1 2 215 1
1 3 316 1
1 4 286 1
1 5 17 18
1 6 129 25
1 7 13 17
1 8 53 1
1 9 9 1
1 10 161 1
1 16 49 1
1 17 150 26
1 18 184 1
1 19 3 18
1 24 12 24
1 25 20 7
1 27 7 3
2 0 8 11
2 1 1 28
2 3 10 1
2 4 1 23
2 5 59 1
2 6 12 6
2 7 106 1
2 8 13 29
2 10 168 1
2 16 1 12
2 17 8 10
2 19 13 2
2 20 1 10
2 27 16 16
3 0 26 1
3 1 313 1
3 2 49 1
3 5 146 1
3 6 1 21
3 7 15 1
3 8 113 1
3 10 108 1
3 11 3 1
3 14 1 25
3 16 61 2
3 17 120 2
3 20 145 1
3 24 107 1
3 26 8 8
4 0 6 8
4 1 44 1
4 5 3 15
4 6 4 29
4 7 1 11
4 8 1 24
4 9 246 1
4 12 27 1
4 15 19 4
4 17 1 1
4 18 2 7
4 22 13 3
4 23 1 10
4 24 43 2
5 0 209 1
5 1 82 1
5 2 5 5
5 3 99 1
5 4 3 1
5 6 109 1
5 7 12 29
5 8 130 1
5 9 277 1
5 14 41 10
5 16 24 1
5 21 1 8
5 24 79 1
6 0 1 9
6 1 15 28
6 2 143 17
6 3 147 2
6 4 36 8
6 7 195 1
6 8 246 1
6 9 14 14
6 10 2 8
6 12 8 2
6 20 110 1
6 21 1 1
7 0 1 17
7 2 161 1
7 3 6 27
7 4 32 13
7 5 35 1
7 6 3 8
7 8 3 8
7 10 13 1
7 11 15 20
7 14 12 24
7 15 292 1
7 16 48 7
7 17 1 1
7 18 1 27
7 20 2 29
7 21 8 16
7 22 50 1
7 23 2 2
7 24 1 22
7 25 9 3
7 27 2 29
8 0 298 1
8 1 163 1
8 2 70 1
8 3 70 1
8 4 399 1
8 5 122 1
8 6 73 1
8 7 9 11
8 9 103 2
8 10 8 5
8 11 189 1
8 12 10 4
8 13 59 2
8 14 18 25
8 16 63 1
8 17 248 1
8 18 192 1
8 22 10 21
8 23 1 4
8 24 70 1
8 25 36 1
9 1 320 1
9 2 6 8
9 4 298 1
9 5 28 24
9 6 83 1
9 7 262 1
9 8 93 1
9 10 24 1
9 11 11 19
9 12 21 15
9 14 148 1
9 16 5 8
9 17 2 25
9 19 17 18
9 20 1 28
9 23 59 4
10 1 3 2
10 2 1 11
10 3 164 1
10 4 74 1
10 5 2 27
10 6 4 14
10 7 396 1
10 8 3 27
10 11 23 13
10 12 38 1
10 13 68 1
10 14 332 1
10 15 1 14
10 19 1 6
10 20 1 20
10 23 17 1
10 24 48 2
10 25 1 1
11 0 101 1
11 2 1 13
11 3 253 1
11 4 18 3
11 6 172 1
11 7 286 1
11 8 1 11
11 9 26 3
11 10 8 23
11 12 139 17
11 13 5 8
11 14 26 22
11 15 13 7
11 16 11 9
11 17 1 17
11 20 6 10
11 21 29 6
11 22 1 10
11 23 2 4
11 25 7 20
11 27 12 25
12 3 1 4
12 4 40 3
12 5 2 1
12 6 4 11
12 8 90 25
12 9 12 1
12 11 112 3
12 13 7 1
12 14 1 10
12 21 1 14
12 25 15 18
13 0 1 28
13 1 10 3
13 7 2 27
13 8 2 8
13 10 91 1
13 11 3 28
13 12 7 1
13 15 8 15
13 16 1 21
13 19 3 28
13 20 4 23
13 21 7 3
13 22 1 4
13 23 7 2
14 1 2 24
14 2 1 1
14 3 24 1
14 6 34 1
14 7 245 10
14 8 7 1
14 9 4 17
14 10 7 17
14 11 2 26
14 12 43 2
14 13 13 1
14 15 40 12
14 18 1 29
14 25 1 29
15 1 58 2
15 5 2 5
15 7 17 16
15 8 67 1
15 9 87 1
15 10 5 26
15 11 5 1
15 12 14 12
15 13 25 1
15 17 2 2
15 20 41 2
16 0 66 9
16 1 44 1
16 2 12 17
16 3 37 1
16 4 137 2
16 5 24 4
16 7 109 1
16 8 194 1
16 10 3 26
16 12 80 25
16 17 48 5
16 18 1 16
16 20 3 18
16 24 67 1
17 0 321 3
17 1 2 11
17 2 4 22
17 6 265 17
17 9 1 4
17 10 5 7
17 11 90 3
17 15 19 1
17 16 1 26
17 19 29 5
17 20 1 20
18 2 35 4
18 4 333 2
18 15 2 19
18 16 2 14
18 17 3 24
18 24 27 3
19 0 64 1
19 1 1 7
19 3 1 3
19 4 129 11
19 8 67 1
19 9 58 8
19 10 15 3
19 25 1 12
20 0 60 12
20 1 100 2
20 2 3 24
20 5 5 15
20 7 33 3
20 8 2 2
20 9 1 4
20 14 3 7
20 16 3 22
20 19 4 2
20 23 50 2
21 0 7 9
21 1 46 2
21 8 86 2
21 26 1 21
22 0 52 2
22 3 1 12
22 6 88 26
22 10 126 2
22 11 8 16
22 12 58 2
22 21 3 1
22 23 5 1
23 3 3 21
23 4 26 2
23 7 171 1
23 9 5 14
23 13 10 6
23 14 2 3
23 15 10 6
24 0 37 1
24 1 1 29
24 2 1 9
24 3 15 21
24 5 125 1
24 6 9 6
24 7 1 10
24 8 85 5
24 10 1 29
24 11 124 1
24 15 5 25
24 16 53 1
24 26 21 22
25 2 17 3
25 7 172 5
25 8 1 2
25 9 2 19
25 11 15 1
25 18 1 7
25 27 13 1
26 3 1 11
26 6 6 21
26 11 126 4
26 18 30 2
26 20 33 13
26 25 19 1
26 27 1 3
27 1 80 2
27 4 39 1
27 5 30 1
27 6 3 26
27 7 90 15
27 8 113 3
27 9 3 11
27 11 1 6
27 14 1 12
27 15 2 16
27 24 13 26
27 26 90 2
