0 1 39 10
0 2 116 1
0 3 149 1
0 4 81 1
0 5 16 3
0 6 135 1
0 7 1 15
0 8 31 1
0 11 273 1
0 16 180 3
0 17 84 1
0 19 68 1
0 20 196 1
0 24 23 1
0 27 77 4
1 0 140 1
1 2 194 1
1 3 270 1
1 4 268 1
1 5 180 1
1 7 2 13
1 8 218 2
1 9 7 3
1 10 157 1
1 11 4 7
1 14 48 1
1 16 76 1
1 17 7 23
1 20 210 1
1 24 138 1
1 27 82 10
2 0 5 4
2 1 1 23
2 3 3 1
2 4 1 4
2 5 58 2
2 6 1 6
2 7 99 1
2 8 4 10
2 9 11 1
2 10 162 1
2 11 22 1
2 13 18 1
2 20 2 23
3 0 249 29
3 1 228 1
3 2 16 2
3 4 1 4
3 5 4 11
3 6 8 27
3 7 10 1
3 8 48 1
3 10 105 1
3 11 28 1
3 12 5 4
3 16 51 1
3 20 141 1
3 21 1 1
3 22 26 1
3 24 20 1
3 26 3 13
4 0 1 17
4 1 24 1
4 5 10 27
4 6 10 25
4 9 237 1
4 11 3 2
4 17 6 18
4 18 8 27
4 19 1 18
4 20 1 19
4 21 66 8
5 0 120 1
5 1 119 1
5 2 5 7
5 3 13 3
5 4 16 29
5 6 307 1
5 7 21 21
5 8 56 8
5 9 246 1
5 14 1 27
5 17 1 2
5 21 1 4
5 24 163 1
5 25 1 5
5 26 1 25
6 1 8 18
6 2 37 19
6 3 143 1
6 4 19 18
6 5 3 15
6 7 196 1
6 8 173 1
6 9 3 26
6 10 5 29
6 11 5 3
6 13 44 5
6 23 13 14
6 26 6 4
7 0 2 23
7 2 154 1
7 3 2 15
7 5 32 1
7 6 1 17
7 8 4 2
7 10 10 1
7 11 24 3
7 14 76 10
7 15 19 1
7 20 6 20
7 22 48 5
7 24 1 2
7 25 7 2
8 0 208 1
8 1 102 1
8 2 48 1
8 3 173 1
8 4 394 1
8 5 3 8
8 6 35 1
8 7 4 10
8 9 103 18
8 10 24 14
8 11 180 1
8 13 57 2
8 14 54 6
8 16 39 1
8 17 246 1
8 18 190 2
8 19 1 28
8 20 7 29
8 24 183 1
8 25 145 1
9 2 2 14
9 3 4 1
9 4 289 1
9 5 145 2
9 6 64 1
9 7 259 1
9 8 393 1
9 10 16 1
9 11 1 11
9 12 27 1
9 13 5 1
9 17 5 28
9 20 71 25
9 23 58 8
10 2 74 2
10 3 160 1
10 4 71 1
10 5 1 5
10 6 38 1
10 7 7 1
10 8 5 21
10 9 1 22
10 11 10 25
10 12 134 1
10 13 64 1
10 14 325 1
10 15 1 11
10 17 1 9
10 18 105 1
10 20 3 7
10 21 91 8
10 23 16 1
10 24 47 1
11 0 98 1
11 1 1 9
11 2 1 17
11 3 247 1
11 4 7 19
11 6 218 20
11 7 254 1
11 8 12 10
11 9 24 1
11 10 2 9
11 12 1 15
11 13 18 4
11 14 2 18
11 15 6 22
11 18 93 1
11 23 1 7
11 25 3 4
11 27 5 19
12 3 55 6
12 4 38 2
12 6 10 14
12 10 27 1
12 11 111 1
12 17 4 27
12 21 1 4
12 22 8 2
12 24 2 12
12 26 2 20
13 0 1 4
13 3 1 12
13 6 2 24
13 7 1 2
13 8 1 24
13 9 2 15
13 10 87 1
13 11 38 5
13 12 90 1
14 0 9 2
14 9 2 26
14 10 6 7
14 11 1 1
14 15 25 1
14 18 1 8
14 23 16 19
14 24 1 8
14 25 9 1
15 5 2 13
15 7 36 2
15 8 65 1
15 10 21 22
15 11 4 1
15 20 40 9
16 0 25 2
16 1 27 12
16 3 27 1
16 4 135 1
16 5 68 1
16 8 18 1
16 9 1 15
16 10 1 12
16 11 1 28
16 12 4 8
16 15 2 8
16 17 73 4
16 22 25 18
16 24 95 1
16 26 6 5
17 0 320 2
17 1 25 8
17 2 34 2
17 5 2 2
17 12 1 18
17 15 18 2
17 16 1 28
17 18 2 8
17 19 29 1
17 20 1 16
17 22 28 16
17 24 2 13
18 1 213 15
18 2 35 2
18 4 329 1
18 5 5 3
18 7 2 15
18 10 5 12
18 11 63 2
18 12 101 7
18 14 52 2
18 16 25 24
18 20 1 26
18 21 27 23
19 0 60 1
19 1 13 1
19 5 2 2
19 7 1 17
19 8 66 1
19 11 2 4
19 20 1 28
19 24 4 28
19 27 1 6
20 0 2 14
20 2 2 11
20 6 13 16
20 7 32 1
20 8 4 5
20 11 2 27
20 12 16 20
20 13 1 6
20 16 1 19
20 19 159 22
20 25 71 4
21 6 40 12
21 11 1 1
21 12 6 27
21 13 1 28
22 0 51 26
22 3 1 9
22 10 125 1
22 11 1 24
22 24 6 14
23 7 169 1
23 9 2 25
23 12 1 15
23 20 3 2
24 0 45 1
24 1 156 1
24 3 139 1
24 5 46 1
24 7 223 12
24 8 68 1
24 10 1 25
24 11 116 1
24 12 1 6
24 16 119 1
25 1 51 1
25 5 5 20
25 7 173 20
25 11 362 1
25 16 1 22
25 17 1 6
25 23 2 8
26 9 29 1
26 10 2 13
26 12 50 12
26 27 1 4
27 6 18 20
27 7 1 12
27 9 2 25
27 10 131 3
27 17 1 12
27 22 1 13
27 25 1 26
