0 1 14 27
0 2 88 1
0 3 4 1
0 4 60 1
0 5 5 13
0 6 110 1
0 7 6 29
0 8 126 26
0 16 5 26
0 19 41 1
0 20 189 2
0 21 14 5
0 24 5 22
0 26 23 8
1 2 170 1
1 3 6 8
1 4 112 1
1 5 4 9
1 7 1 15
1 8 15 21
1 10 135 1
1 12 1 13
1 14 42 1
1 16 5 11
1 17 4 9
1 18 180 1
1 24 5 17
1 25 20 7
2 0 28 17
2 1 4 21
2 3 2 13
2 4 1 13
2 5 50 3
2 6 6 21
2 7 68 1
2 8 15 10
2 9 1 24
2 10 7 1
2 12 29 17
2 17 5 13
2 22 1 29
2 24 2 19
2 26 25 1
3 0 24 17
3 1 3 1
3 2 60 1
3 5 5 24
3 6 1 2
3 8 9 21
3 10 87 1
3 16 5 19
3 17 106 1
3 18 41 1
3 20 123 1
3 24 5 23
3 27 1 7
4 0 1 17
4 1 281 1
4 3 1 26
4 5 4 23
4 6 18 21
4 8 156 7
4 9 193 1
4 10 1 3
4 11 4 13
4 12 18 3
4 14 109 1
4 15 16 4
4 17 5 29
4 18 1 5
4 25 2 12
5 0 5 2
5 1 4 21
5 2 3 1
5 3 5 2
5 4 2 2
5 6 151 1
5 7 30 23
5 8 7 18
5 9 108 1
5 10 4 26
5 12 86 1
5 14 50 11
5 16 4 2
5 18 2 1
5 24 5 21
5 25 1 13
5 26 2 10
6 0 10 22
6 1 4 26
6 4 2 8
6 5 28 26
6 7 185 1
6 8 5 1
6 9 20 23
6 10 2 26
6 13 39 1
6 15 8 5
6 16 11 1
6 17 1 15
6 20 100 1
6 26 5 2
7 0 8 5
7 1 84 2
7 2 119 1
7 3 3 3
7 4 37 15
7 6 1 7
7 8 2 16
7 9 134 2
7 10 2 2
7 11 135 27
7 13 1 3
7 14 1 27
7 15 283 1
7 16 44 3
7 17 8 24
7 19 133 4
7 20 1 13
7 21 2 29
7 23 1 17
7 27 1 3
8 0 5 4
8 1 39 7
8 2 196 1
8 3 6 13
8 4 360 1
8 5 10 17
8 6 6 9
8 7 2 20
8 9 95 28
8 10 5 6
8 11 139 1
8 13 47 1
8 14 17 19
8 15 1 3
8 16 5 7
8 18 184 1
8 20 1 2
8 22 7 1
8 24 4 7
8 27 125 1
9 0 1 12
9 1 304 1
9 4 246 1
9 5 17 17
9 6 331 1
9 8 32 1
9 11 12 22
9 12 136 8
9 14 133 1
9 15 23 1
9 19 9 2
9 20 74 26
9 23 55 2
10 2 95 5
10 3 141 1
10 4 54 1
10 5 2 13
10 6 181 1
10 7 357 1
10 8 6 5
10 9 2 24
10 11 12 25
10 13 45 1
10 14 45 1
10 15 6 28
10 16 1 26
10 17 1 23
10 18 98 3
10 19 2 29
10 25 17 12
10 26 75 2
11 0 82 2
11 1 7 27
11 3 221 1
11 5 1 7
11 6 162 3
11 7 381 27
11 8 17 22
11 9 14 2
11 10 74 3
11 12 141 9
11 14 2 17
11 15 10 9
11 18 90 1
11 19 63 1
11 21 26 3
11 23 1 1
11 25 19 16
11 27 1 12
12 1 194 1
12 5 97 1
12 6 2 22
12 8 4 23
12 10 16 1
12 13 1 6
12 14 6 1
12 20 1 5
12 24 8 12
12 26 1 28
13 0 1 4
13 5 19 7
13 8 1 20
13 9 1 29
13 10 65 1
13 11 1 1
13 12 79 1
13 17 9 1
13 21 6 4
14 4 1 3
14 6 23 1
14 7 246 1
14 9 38 21
14 10 3 19
14 11 1 16
14 13 3 1
14 15 9 15
14 19 1 23
14 23 3 10
14 26 1 28
15 7 44 21
15 10 19 7
15 11 68 20
15 14 7 2
15 25 3 11
16 0 5 27
16 1 10 16
16 3 5 11
16 4 124 2
16 5 5 10
16 8 5 14
16 17 2 14
16 24 9 22
17 0 317 1
17 1 55 19
17 2 1 24
17 5 1 27
17 6 2 15
17 10 1 18
17 11 82 1
17 13 1 17
17 16 18 19
17 19 24 3
17 25 66 2
18 1 18 12
18 4 9 1
18 6 1 1
18 7 1 24
18 8 2 26
18 10 1 28
18 11 59 4
18 12 98 7
18 16 1 5
18 20 13 8
18 22 29 1
18 24 26 1
18 25 2 16
19 0 57 1
19 1 3 9
19 4 127 2
19 9 56 2
19 14 1 24
19 20 2 5
19 25 1 17
20 0 1 23
20 1 86 2
20 2 2 25
20 7 23 3
20 8 2 27
20 11 1 11
20 12 1 13
20 14 3 14
20 15 1 25
20 19 110 5
20 24 3 13
21 7 90 7
21 8 84 1
21 9 78 29
21 16 7 5
21 17 1 9
22 1 1 21
22 7 4 1
22 9 3 12
22 17 1 12
23 2 18 23
23 9 15 26
23 11 12 2
23 16 3 9
23 18 30 26
23 22 11 22
23 25 3 10
23 27 2 5
24 0 5 2
24 1 4 6
24 3 22 13
24 5 5 21
24 8 4 17
24 10 16 12
24 11 89 1
24 12 77 22
24 15 1 1
24 16 6 29
24 17 1 1
24 25 2 2
25 0 3 14
25 1 46 5
25 3 40 23
25 5 1 9
25 6 12 1
25 7 2 21
25 9 4 1
25 10 1 27
25 11 299 1
25 14 3 5
25 15 23 1
25 17 1 26
25 21 8 6
25 26 1 1
25 27 5 3
26 7 85 5
26 8 40 5
26 10 3 11
26 14 27 1
26 27 1 6
27 9 2 8
27 10 126 2
27 11 1 19
27 13 1 7
27 17 3 19
27 19 1 5
27 26 26 2
