0 1 19 25
0 2 80 1
0 3 13 26
0 4 54 1
0 5 20 4
0 6 102 1
0 7 31 14
0 8 13 14
0 11 256 1
0 12 1 6
0 16 17 20
0 17 61 1
0 19 33 1
0 20 185 1
0 23 52 15
0 24 12 21
0 25 16 4
0 26 23 2
1 0 106 2
1 2 128 1
1 3 20 28
1 4 323 1
1 5 17 18
1 6 2 1
1 8 23 6
1 10 128 1
1 11 1 1
1 14 40 5
1 16 15 23
1 17 305 15
1 19 159 1
1 20 198 1
1 24 12 3
2 1 14 14
2 3 3 23
2 4 25 10
2 6 1 22
2 7 59 1
2 8 2 20
2 10 131 1
2 16 1 14
2 23 1 21
3 0 28 10
3 1 11 13
3 2 97 1
3 5 23 10
3 6 81 5
3 8 13 8
3 10 81 1
3 16 12 12
3 18 40 18
3 19 57 27
3 24 13 27
3 26 8 25
3 27 3 14
4 0 2 10
4 1 259 1
4 5 23 25
4 6 2 6
4 8 283 28
4 9 180 1
4 11 2 9
4 12 16 3
4 14 107 1
4 16 1 27
4 17 11 13
4 18 12 29
4 23 77 9
5 0 15 19
5 1 14 28
5 3 14 16
5 4 72 21
5 6 19 1
5 7 2 28
5 8 13 17
5 9 72 1
5 11 200 3
5 12 81 1
5 14 1 13
5 16 15 18
5 18 3 14
5 22 13 1
5 24 12 5
5 25 37 3
6 0 1 18
6 1 10 27
6 2 4 12
6 3 114 1
6 4 7 10
6 5 37 17
6 7 173 1
6 8 1 16
6 9 4 4
6 10 15 27
6 11 20 14
6 13 37 1
6 22 1 17
6 23 17 12
6 24 77 8
7 0 16 18
7 2 138 1
7 3 17 28
7 5 16 2
7 6 2 3
7 8 8 14
7 10 1 1
7 11 113 1
7 13 1 8
7 14 1 17
7 15 273 1
7 17 1 16
7 18 153 17
7 19 131 2
7 22 41 3
7 23 110 17
7 27 1 10
8 0 12 22
8 1 12 24
8 2 172 1
8 3 13 10
8 4 349 1
8 5 48 12
8 6 9 14
8 7 153 26
8 9 89 1
8 10 5 29
8 11 126 1
8 12 3 3
8 13 44 2
8 14 1 6
8 16 13 5
8 17 231 2
8 20 2 14
8 22 1 8
8 23 1 22
8 24 12 24
8 26 10 9
8 27 124 1
9 1 299 1
9 2 1 2
9 4 232 1
9 5 109 27
9 6 35 1
9 8 414 1
9 10 1 17
9 11 1 21
9 12 134 1
9 14 129 1
9 15 21 4
9 16 14 4
9 19 1 28
9 23 54 3
9 26 6 1
10 0 6 16
10 3 135 1
10 5 2 20
10 6 23 1
10 7 347 1
10 8 24 8
10 9 3 9
10 11 3 13
10 12 113 2
10 13 39 1
10 14 121 5
10 15 2 4
10 18 96 1
10 20 1 25
10 21 88 6
10 25 1 9
10 26 74 4
11 0 78 1
11 2 3 29
11 3 211 1
11 6 159 1
11 7 239 1
11 8 89 15
11 9 12 1
11 10 8 6
11 12 1 7
11 13 1 16
11 14 60 13
11 15 9 17
11 17 1 5
11 18 88 1
11 20 1 10
11 22 15 5
11 23 1 23
11 24 1 1
11 25 12 10
11 27 99 20
12 1 193 1
12 3 4 23
12 4 27 2
12 5 92 1
12 6 1 4
12 7 21 1
12 10 13 3
12 11 99 1
12 13 6 6
12 14 3 20
12 15 1 5
12 16 1 2
12 17 13 13
12 18 110 10
13 1 7 10
13 6 19 2
13 7 4 7
13 8 4 21
13 10 58 1
13 11 4 14
13 12 73 1
13 14 2 8
13 20 46 27
14 1 6 8
14 2 1 18
14 6 21 1
14 7 244 1
14 10 3 4
14 11 4 1
14 15 30 1
14 22 1 26
14 27 1 20
15 1 51 1
15 5 27 22
15 6 120 22
15 7 2 6
15 8 50 2
15 9 77 1
15 10 39 2
15 11 309 1
15 14 5 1
15 23 1 9
15 25 3 17
16 0 12 24
16 1 12 3
16 3 20 18
16 5 12 8
16 6 32 27
16 7 103 5
16 8 13 29
16 9 1 7
16 10 1 15
16 17 1 26
16 18 1 15
16 24 12 24
17 0 314 1
17 1 12 23
17 2 1 21
17 3 54 20
17 4 1 27
17 6 1 1
17 9 4 6
17 12 1 10
17 14 1 10
17 16 38 16
17 20 22 1
17 27 4 18
18 2 30 2
18 3 76 11
18 7 1 10
18 15 2 7
18 16 4 19
18 17 1 19
18 20 13 14
18 27 1 8
19 0 205 1
19 1 3 7
19 7 3 4
19 8 58 1
19 9 55 3
19 14 3 27
19 16 2 20
19 20 3 22
20 0 2 12
20 1 83 1
20 2 3 27
20 3 33 2
20 6 27 3
20 13 1 18
20 16 15 21
20 19 8 27
22 1 1 15
22 5 2 26
22 6 2 22
22 10 112 1
22 12 47 1
22 20 1 24
22 23 3 3
23 2 2 10
23 8 33 1
23 10 1 17
23 20 2 5
23 21 1 24
23 24 4 22
23 26 11 5
23 27 1 21
24 0 13 9
24 1 14 29
24 2 2 9
24 3 13 26
24 4 10 3
24 5 21 22
24 6 6 3
24 7 33 3
24 8 19 13
24 10 77 26
24 11 76 1
24 16 12 6
24 20 27 8
24 27 1 10
25 2 15 1
25 5 12 1
25 6 10 4
25 10 2 26
25 11 272 1
25 12 63 1
25 23 1 28
26 2 1 28
26 6 1 7
26 7 84 1
26 11 117 1
26 13 11 27
26 24 1 18
26 27 8 18
27 3 38 2
27 4 36 3
27 5 2 27
27 8 107 5
27 9 2 27
27 10 125 3
27 11 8 17
27 21 13 13
27 22 12 24
27 23 9 9
27 26 85 1
