0 1 21 19
0 2 71 1
0 3 17 25
0 4 48 2
0 5 17 20
0 6 95 1
0 7 194 6
0 8 34 4
0 9 156 1
0 12 1 16
0 16 17 5
0 17 56 2
0 19 26 2
0 20 180 1
0 24 16 11
0 26 22 13
1 0 12 3
1 2 85 3
1 3 18 5
1 4 292 1
1 5 16 16
1 6 14 1
1 8 19 29
1 10 122 1
1 15 107 8
1 16 17 12
1 17 8 23
1 18 173 3
1 19 156 1
1 20 195 1
1 24 17 15
1 25 6 28
2 1 7 15
2 3 4 10
2 4 4 27
2 5 46 1
2 6 2 9
2 7 51 1
2 8 124 20
2 10 122 1
2 11 183 1
2 17 6 2
2 27 2 17
3 0 124 3
3 1 29 17
3 2 103 1
3 5 17 26
3 7 1 24
3 8 31 25
3 10 76 1
3 11 7 2
3 12 24 22
3 16 41 15
3 20 112 1
3 24 47 15
4 0 5 17
4 1 229 1
4 3 6 8
4 5 36 24
4 6 2 7
4 7 1 17
4 9 166 1
4 10 1 22
4 11 2 16
4 12 14 4
4 15 14 2
4 17 1 10
4 18 1 10
4 26 31 1
5 0 17 27
5 1 17 28
5 2 3 18
5 3 49 29
5 4 15 21
5 6 65 1
5 7 2 1
5 8 36 26
5 9 49 1
5 10 2 14
5 12 76 2
5 14 3 3
5 16 16 19
5 17 143 1
5 24 16 23
6 0 1 12
6 1 35 3
6 2 118 15
6 4 3 13
6 5 69 4
6 7 164 14
6 8 9 4
6 9 10 22
6 10 15 5
6 11 3 1
6 13 35 2
6 16 9 2
6 24 77 7
6 25 1 1
7 0 13 12
7 1 75 1
7 2 109 1
7 3 3 4
7 5 13 1
7 6 2 24
7 8 4 25
7 9 130 1
7 11 14 1
7 12 156 4
7 13 2 6
7 14 1 8
7 15 263 1
7 16 42 1
7 18 2 7
7 19 130 1
7 20 17 10
7 23 8 6
7 24 2 25
7 27 1 15
8 0 24 20
8 1 23 28
8 2 142 1
8 3 22 26
8 4 337 1
8 5 108 23
8 6 12 25
8 9 309 1
8 10 55 26
8 11 114 1
8 12 2 9
8 14 3 24
8 16 17 3
8 17 227 2
8 18 179 3
8 20 1 14
8 22 4 23
8 24 56 26
8 26 1 28
9 1 294 2
9 2 1 26
9 4 218 1
9 5 3 4
9 6 303 1
9 7 235 1
9 8 404 1
9 10 1 25
9 11 36 6
9 12 8 1
9 13 2 1
9 14 125 2
9 15 20 2
9 16 5 26
9 17 1 4
9 19 1 13
9 20 9 13
9 21 1 28
9 23 53 7
9 25 1 20
9 27 1 4
10 0 1 4
10 2 1 4
10 3 129 1
10 4 45 1
10 5 34 3
10 6 407 1
10 7 335 1
10 8 52 27
10 9 16 19
10 11 6 13
10 12 22 1
10 14 34 19
10 15 1 18
10 17 146 1
10 19 1 24
10 22 172 1
10 24 33 2
11 0 73 1
11 1 8 3
11 2 3 24
11 3 201 1
11 4 130 9
11 5 190 15
11 6 155 2
11 7 149 1
11 8 1 3
11 9 9 1
11 10 29 5
11 13 1 18
11 14 1 3
11 15 30 5
11 19 60 1
11 20 13 20
11 23 11 2
11 24 1 18
11 25 32 1
11 26 6 11
11 27 26 22
12 0 40 2
12 1 191 2
12 3 2 7
12 5 87 1
12 6 3 7
12 8 91 18
12 10 11 1
12 13 1 6
12 14 1 8
12 16 4 7
12 17 1 9
12 24 1 15
12 27 46 1
13 2 17 1
13 3 4 5
13 4 2 3
13 5 19 1
13 7 4 28
13 8 19 2
13 10 52 1
13 11 1 8
13 12 66 20
13 14 2 26
13 15 9 27
13 16 1 16
13 17 9 1
13 22 3 2
14 0 6 1
14 1 6 10
14 3 19 1
14 6 18 4
14 9 2 26
14 10 6 16
14 11 2 13
14 12 26 1
14 15 23 1
14 24 1 14
15 7 1 2
15 8 47 2
15 9 74 4
15 10 2 17
15 11 280 3
15 12 15 3
15 13 23 1
15 14 30 20
15 17 1 1
15 21 7 6
15 23 2 28
15 27 1 6
16 0 17 2
16 1 86 15
16 3 17 22
16 4 117 1
16 5 29 25
16 8 17 13
16 10 4 12
16 11 104 17
16 14 1 6
16 17 44 22
16 18 4 8
16 19 2 6
16 22 25 16
16 23 29 8
16 24 26 14
17 0 311 1
17 1 5 26
17 2 7 6
17 3 1 1
17 4 1 28
17 5 20 2
17 6 21 7
17 9 6 15
17 10 1 26
17 11 77 3
17 13 2 12
17 15 15 3
17 16 1 13
17 20 16 25
17 27 1 15
18 1 16 6
18 2 29 1
18 4 31 1
18 14 50 15
18 16 28 11
18 17 20 7
18 21 26 4
18 25 2 26
18 27 1 28
19 0 49 1
19 1 17 23
19 2 1 29
19 6 33 4
19 11 2 27
19 20 6 4
19 24 1 17
20 0 2 24
20 1 79 1
20 2 1 15
20 3 30 1
20 4 117 1
20 5 2 25
20 9 2 25
20 11 1 11
20 14 64 1
20 15 1 1
20 19 1 2
20 23 47 3
20 24 1 5
20 25 67 6
21 11 10 19
21 15 1 18
21 20 1 11
21 24 1 19
22 1 11 17
22 7 5 12
22 9 1 27
22 10 109 1
22 11 1 26
22 12 44 3
22 13 10 3
22 14 17 17
22 17 8 22
22 20 19 2
22 23 3 1
22 27 13 2
23 5 2 28
23 10 4 23
23 11 8 1
23 15 4 2
23 19 2 20
23 20 1 16
23 22 2 10
24 0 18 4
24 1 47 4
24 3 26 21
24 5 17 26
24 8 25 23
24 11 161 1
24 15 1 11
24 16 17 25
24 20 26 4
24 21 24 7
25 0 2 9
25 1 44 2
25 4 9 1
25 6 9 6
25 7 1 12
25 9 2 1
25 11 246 1
25 13 1 20
26 4 1 27
26 6 32 17
26 7 82 3
26 8 38 1
26 10 32 23
26 11 114 1
26 12 50 9
26 20 38 25
26 23 12 1
26 24 1 19
26 27 1 17
27 1 77 1
27 6 19 19
27 7 2 1
27 10 123 5
27 11 1 3
27 17 1 6
27 20 20 1
27 25 6 24
27 26 25 1
