0 1 58 4
0 2 45 2
0 3 29 20
0 4 1 17
0 5 12 4
0 6 6 10
0 7 393 1
0 8 14 7
0 10 8 22
0 13 1 13
0 14 1 16
0 15 7 14
0 16 12 18
0 17 135 10
0 18 4 15
0 19 119 1
0 22 1 25
0 23 1 17
0 24 17 5
1 0 26 9
1 2 21 1
1 3 14 8
1 4 1 14
1 5 11 3
1 6 14 9
1 8 29 21
1 9 17 3
1 10 12 3
1 12 172 1
1 13 67 1
1 14 1 24
1 15 1 11
1 16 14 8
1 17 4 2
1 18 9 27
1 20 1 13
1 23 55 8
1 24 26 5
2 1 5 22
2 3 14 15
2 4 2 1
2 6 3 1
2 7 17 2
2 8 115 1
2 9 97 1
2 10 4 1
2 11 1 29
2 12 2 29
2 14 23 1
2 16 39 1
2 24 7 3
3 0 22 13
3 1 321 24
3 2 186 1
3 5 12 14
3 6 208 1
3 7 359 1
3 8 13 2
3 10 2 4
3 11 12 5
3 13 2 20
3 16 12 20
3 19 7 9
3 20 1 24
3 24 33 6
3 27 13 2
4 0 312 1
4 1 279 2
4 2 9 18
4 5 308 1
4 6 23 2
4 7 273 1
4 8 316 1
4 9 71 1
4 12 1 4
4 13 34 1
4 17 278 2
4 18 35 23
4 19 1 21
4 20 3 3
4 21 1 13
4 27 1 26
5 0 13 27
5 1 12 8
5 3 12 10
5 4 53 1
5 6 34 1
5 7 249 1
5 8 10 15
5 9 6 1
5 10 3 1
5 12 1 28
5 13 1 24
5 16 27 19
5 17 1 13
5 18 106 1
5 19 1 23
5 24 12 2
6 0 1 16
6 1 11 1
6 2 20 17
6 4 30 4
6 5 14 8
6 7 224 1
6 8 21 3
6 9 1 19
6 10 2 25
6 11 5 1
6 12 1 28
6 13 99 1
6 14 153 12
6 15 1 3
6 17 3 12
6 20 2 19
6 21 1 21
6 22 1 7
6 27 4 26
7 0 2 7
7 1 6 3
7 2 184 1
7 3 14 1
7 5 2 10
7 6 126 17
7 8 8 25
7 10 11 10
7 11 83 12
7 13 85 1
7 14 146 1
7 15 222 1
7 17 113 1
7 18 1 10
7 19 1 20
7 20 225 1
7 21 1 10
7 24 1 13
7 25 1 3
7 26 1 12
7 27 136 1
8 0 24 28
8 1 11 13
8 2 4 2
8 3 13 2
8 5 8 18
8 6 21 19
8 7 44 18
8 9 230 1
8 10 274 1
8 11 1 8
8 14 8 7
8 16 12 24
8 19 16 20
8 23 89 1
8 24 12 28
8 25 10 4
8 26 16 2
9 0 206 4
9 2 149 1
9 3 1 11
9 4 112 1
9 5 11 25
9 6 4 4
9 8 79 21
9 10 6 10
9 11 261 2
9 12 439 1
9 14 2 2
9 18 2 5
9 20 5 13
9 23 58 22
9 27 18 2
10 0 12 2
10 1 2 28
10 2 317 2
10 3 6 24
10 4 15 4
10 5 21 1
10 6 303 1
10 7 4 1
10 8 356 2
10 9 209 1
10 11 33 23
10 12 16 4
10 14 3 28
10 15 301 1
10 20 1 28
10 23 1 8
10 24 3 15
10 26 1 26
10 27 142 1
11 0 9 9
11 1 225 1
11 3 29 1
11 4 19 3
11 5 14 1
11 6 6 1
11 7 267 1
11 8 346 1
11 9 20 10
11 10 3 26
11 13 225 1
11 14 1 15
11 15 8 9
11 20 18 3
11 23 233 1
11 24 2 10
11 25 280 1
11 27 140 1
12 1 5 24
12 2 60 2
12 4 2 8
12 9 15 1
12 10 1 13
12 11 1 6
12 13 2 25
12 14 163 27
12 23 93 1
13 6 1 19
13 7 120 2
13 9 112 8
13 10 1 12
13 11 132 1
13 12 139 1
13 14 4 20
13 15 1 4
13 25 1 16
14 0 94 4
14 5 58 3
14 6 1 16
14 7 10 1
14 8 2 12
14 9 175 1
14 10 72 1
14 11 9 10
14 12 2 28
14 15 76 1
14 17 1 5
15 0 86 5
15 3 1 26
15 7 1 26
15 8 9 21
15 10 1 22
15 11 138 1
15 14 13 2
15 16 12 6
15 18 25 21
15 23 9 23
16 0 20 29
16 1 15 20
16 2 1 13
16 3 12 3
16 5 12 10
16 8 31 4
16 17 18 24
16 18 10 16
16 20 26 2
16 24 21 27
17 0 3 1
17 1 2 3
17 2 223 2
17 4 302 16
17 5 34 1
17 10 88 2
17 11 202 8
17 18 133 3
17 24 22 1
17 27 1 25
18 4 312 1
18 6 47 3
18 10 68 4
18 16 10 27
18 17 137 1
18 25 1 3
19 0 1 1
19 4 1 7
19 6 1 2
19 8 122 23
19 11 42 1
19 15 1 14
19 17 112 2
19 18 6 14
19 20 6 18
19 23 1 23
20 0 321 1
20 1 1 2
20 3 1 28
20 6 1 7
20 10 125 1
20 13 1 28
20 17 111 1
20 19 167 1
21 8 1 7
21 9 1 13
21 10 2 15
22 1 10 3
22 6 1 10
22 9 1 1
22 10 1 11
22 11 5 2
22 13 1 29
22 21 2 25
23 2 1 23
23 4 76 2
23 7 2 28
23 8 134 24
23 9 21 8
23 10 162 1
23 14 1 4
23 17 1 6
23 18 18 7
23 24 1 9
24 0 12 20
24 1 13 27
24 2 13 2
24 3 16 16
24 5 12 17
24 7 82 2
24 8 86 10
24 11 218 1
24 14 35 19
24 15 37 1
24 16 12 28
24 20 84 19
24 21 1 20
25 0 107 8
25 1 1 20
25 7 306 1
25 11 18 3
25 12 3 4
25 26 1 21
25 27 13 4
26 0 3 6
26 11 2 5
26 14 1 11
26 20 5 19
26 27 6 2
27 1 1 2
27 5 13 28
27 8 4 3
27 10 3 26
27 25 3 14
27 26 1 23
