0 1 8 27
0 3 10 28
0 5 8 2
0 6 24 1
0 7 1 10
0 8 260 2
0 9 147 12
0 11 191 1
0 12 1 9
0 15 77 3
0 16 8 27
0 19 1 22
0 20 156 1
0 22 50 1
0 24 7 10
1 0 8 8
1 3 7 11
1 4 66 1
1 5 7 2
1 6 279 17
1 7 395 2
1 8 20 18
1 10 51 1
1 11 1 21
1 13 1 3
1 14 21 1
1 16 15 13
1 17 1 11
1 18 146 1
1 19 125 2
1 20 153 1
1 24 8 20
1 25 2 21
1 26 17 8
2 0 1 1
2 1 34 6
2 3 32 2
2 4 1 29
2 8 363 1
2 9 7 29
2 10 35 1
2 11 117 1
2 17 1 8
2 20 25 27
3 0 291 10
3 1 8 16
3 2 3 12
3 4 1 6
3 5 9 27
3 7 4 4
3 8 10 5
3 9 1 17
3 10 23 1
3 11 1 27
3 12 1 11
3 16 8 12
3 17 56 1
3 19 55 3
3 24 8 14
3 25 1 29
3 27 3 6
4 0 40 9
4 1 4 1
4 3 4 23
4 5 185 9
4 6 106 1
4 7 15 25
4 8 148 3
4 9 34 1
4 10 2 10
4 11 3 27
4 13 1 26
4 15 6 6
4 16 13 17
4 17 1 4
4 18 4 18
4 19 55 7
4 25 5 6
5 0 8 1
5 1 9 29
5 2 22 21
5 3 8 24
5 4 342 1
5 6 53 7
5 7 11 19
5 8 6 25
5 9 12 6
5 10 3 8
5 14 2 24
5 16 8 13
5 18 5 22
5 24 8 9
6 0 2 3
6 1 2 16
6 2 123 2
6 3 34 2
6 4 10 14
6 5 311 1
6 7 216 1
6 8 111 21
6 9 14 1
6 10 13 19
6 11 308 1
6 12 1 13
6 14 1 9
6 17 9 6
6 22 83 3
6 24 68 2
7 0 2 14
7 1 22 1
7 2 64 1
7 3 3 2
7 6 14 6
7 8 398 1
7 9 154 1
7 10 2 5
7 11 148 1
7 13 1 8
7 15 128 1
7 16 28 5
7 17 1 4
7 19 104 1
7 21 9 7
7 22 21 6
7 23 1 7
7 24 2 17
7 25 1 7
8 0 8 8
8 1 7 8
8 2 2 13
8 3 12 10
8 4 187 1
8 5 9 23
8 6 58 26
8 7 349 1
8 9 314 1
8 10 298 15
8 11 13 2
8 14 4 7
8 15 2 25
8 16 8 17
8 17 172 2
8 18 147 3
8 23 3 13
8 24 8 13
8 26 1 26
9 0 1 8
9 1 218 2
9 4 67 1
9 5 109 1
9 6 21 1
9 7 171 1
9 8 310 1
9 10 5 19
9 11 2 5
9 12 215 1
9 14 72 1
9 15 4 8
9 17 189 4
9 21 1 3
9 22 1 20
9 23 41 7
9 25 91 4
9 27 1 21
10 0 2 29
10 1 1 15
10 3 61 1
10 4 6 3
10 5 1 9
10 6 228 1
10 7 187 1
10 8 7 15
10 9 15 25
10 11 130 11
10 12 58 1
10 14 13 1
10 15 2 1
10 17 8 15
10 18 69 1
10 22 151 1
10 26 59 2
11 0 26 3
11 1 1 28
11 3 88 1
11 4 3 2
11 6 109 1
11 7 29 1
11 8 174 12
11 10 3 11
11 12 1 16
11 13 7 10
11 14 59 21
11 15 350 25
11 17 1 25
11 18 72 2
11 20 1 25
11 22 1 15
11 23 1 28
11 24 1 1
11 25 22 4
11 26 163 24
11 27 7 20
12 0 24 6
12 1 168 1
12 5 33 3
12 6 21 20
12 7 5 5
12 8 83 1
12 9 1 26
12 11 63 2
12 13 5 27
12 14 6 21
12 21 1 16
12 24 1 16
13 7 1 1
13 8 2 7
13 10 3 1
13 12 33 2
13 14 1 10
13 19 3 25
14 0 1 4
14 2 1 3
14 7 192 1
14 8 2 25
14 9 1 14
14 11 1 4
14 13 1 21
14 17 94 1
14 22 1 15
14 24 2 28
15 0 1 1
15 6 116 15
15 7 31 25
15 8 15 1
15 9 47 4
15 10 1 1
15 11 124 1
15 12 1 12
15 14 21 1
15 24 2 29
16 0 8 25
16 1 9 27
16 3 8 14
16 4 76 1
16 5 13 3
16 6 1 1
16 8 8 27
16 10 87 25
16 15 25 9
16 17 6 22
16 18 43 15
16 24 15 21
17 0 259 1
17 1 2 15
17 3 181 1
17 4 4 24
17 6 2 11
17 9 43 8
17 10 4 2
17 12 1 11
17 13 3 3
17 14 2 29
17 18 12 24
17 20 2 16
18 0 146 1
18 1 192 3
18 2 16 3
18 3 65 8
18 4 197 1
18 7 2 18
18 12 83 1
18 13 1 8
18 16 1 11
18 17 13 14
18 25 38 24
19 0 133 1
19 10 83 25
19 14 4 19
19 15 1 9
19 20 3 7
19 24 15 4
20 0 13 29
20 2 2 16
20 4 92 2
20 7 1 2
20 9 1 23
20 10 4 12
20 11 2 8
20 13 4 1
20 19 202 1
20 23 40 6
21 12 37 18
21 13 14 10
21 17 1 15
21 20 1 16
21 22 3 10
22 1 2 11
22 5 7 27
22 10 71 1
22 12 20 1
22 14 30 11
22 17 1 3
22 20 1 23
22 23 6 1
23 0 59 2
23 1 1 13
23 5 1 3
23 7 120 3
23 8 16 1
23 9 2 10
23 10 2 13
23 14 9 6
23 22 2 20
23 25 2 27
24 0 8 1
24 1 8 27
24 3 8 24
24 5 14 27
24 7 5 1
24 8 8 9
24 10 15 16
24 11 76 1
24 15 22 16
24 16 8 18
24 21 23 7
24 26 40 1
25 1 28 4
25 5 1 17
25 7 2 1
25 9 93 1
25 10 1 19
25 11 15 1
25 12 54 2
25 21 7 16
25 27 1 29
26 4 7 20
26 5 19 2
26 7 64 1
26 8 28 1
26 9 20 5
26 11 88 1
26 27 22 9
27 7 3 20
27 8 89 1
27 9 65 2
27 25 1 4
27 26 44 2
