0 1 10 25
0 2 4 3
0 3 12 26
0 4 2 5
0 5 18 23
0 7 1 2
0 8 270 9
0 14 85 2
0 16 9 9
0 17 10 3
0 18 90 2
0 20 154 1
0 24 10 28
1 0 10 27
1 3 9 18
1 4 61 1
1 5 15 9
1 6 166 1
1 7 394 2
1 8 11 23
1 10 49 1
1 11 2 1
1 12 1 12
1 14 20 2
1 15 94 1
1 16 23 25
1 18 2 1
1 19 124 1
1 20 152 1
1 22 14 10
1 24 10 6
2 0 184 1
2 1 37 1
2 3 31 17
2 5 18 1
2 8 357 1
2 9 4 17
2 10 33 1
2 11 115 2
2 14 14 21
2 17 18 17
2 18 1 25
2 19 3 4
2 20 19 1
3 0 12 20
3 1 12 2
3 2 3 13
3 5 10 3
3 7 22 14
3 8 11 15
3 9 4 2
3 12 32 3
3 16 10 9
3 17 55 3
3 20 46 2
3 24 10 14
4 0 3 22
4 3 1 23
4 5 2 25
4 6 24 1
4 8 4 29
4 10 1 19
4 11 1 19
4 14 86 3
4 17 124 3
4 18 52 10
4 24 27 9
4 27 69 5
5 0 13 14
5 1 11 15
5 2 9 28
5 3 9 27
5 4 102 1
5 6 16 4
5 7 2 25
5 8 6 17
5 9 6 13
5 10 11 25
5 12 25 1
5 14 1 25
5 15 15 1
5 16 9 1
5 17 112 1
5 23 1 23
5 24 10 18
6 0 67 17
6 1 2 13
6 2 122 3
6 3 33 2
6 4 4 15
6 5 288 1
6 7 211 1
6 8 12 2
6 9 8 1
6 10 118 25
6 11 306 1
6 13 15 3
6 17 1 18
6 20 66 1
6 24 68 1
6 25 1 8
7 0 18 23
7 1 20 28
7 2 61 1
7 3 5 20
7 6 2 24
7 8 259 1
7 9 153 1
7 10 6 6
7 11 126 15
7 12 128 1
7 13 1 24
7 14 247 29
7 15 126 1
7 17 1 12
7 18 5 25
7 19 104 1
7 20 3 21
7 24 2 23
7 25 1 22
7 27 2 14
8 0 10 10
8 1 9 4
8 2 1 26
8 3 23 1
8 4 184 1
8 5 10 28
8 6 5 5
8 7 340 1
8 9 310 1
8 10 209 1
8 11 12 2
8 14 1 27
8 16 21 8
8 17 171 1
8 20 1 1
8 23 12 6
8 24 9 26
8 25 18 6
9 1 217 1
9 4 64 1
9 5 99 1
9 6 18 1
9 7 169 1
9 8 306 1
9 10 75 27
9 11 139 13
9 12 211 1
9 14 71 1
9 16 37 19
9 19 2 14
9 20 76 18
9 22 1 3
9 27 11 12
10 0 40 2
10 1 1 27
10 2 221 26
10 3 60 1
10 5 23 23
10 6 222 1
10 7 184 1
10 8 6 17
10 9 5 7
10 11 2 20
10 12 56 2
10 14 8 1
10 15 2 2
10 16 1 7
10 19 3 26
10 20 7 21
10 25 2 8
10 26 59 3
10 27 1 9
11 1 42 29
11 2 5 24
11 3 85 1
11 4 4 12
11 6 107 1
11 7 22 1
11 8 283 1
11 10 2 27
11 12 55 1
11 13 1 16
11 14 3 7
11 15 9 26
11 17 5 26
11 18 71 1
11 24 1 22
11 25 312 1
11 27 35 28
12 2 1 14
12 3 6 10
12 6 2 5
12 9 4 25
12 11 63 1
12 13 1 22
12 15 1 9
12 16 1 16
12 18 119 5
12 20 1 14
12 24 5 27
13 0 1 24
13 6 131 4
13 7 1 7
13 8 4 27
13 9 1 16
13 10 3 1
13 12 32 1
13 14 26 23
13 15 1 1
14 3 10 3
14 4 2 7
14 7 191 1
14 8 1 19
14 10 46 1
14 11 11 21
14 13 4 17
14 23 3 20
14 26 1 7
15 2 7 5
15 7 1 10
15 8 14 3
15 10 19 28
15 11 116 1
15 14 19 2
15 20 25 1
15 24 6 9
16 0 9 3
16 1 33 11
16 3 10 24
16 5 10 11
16 6 4 1
16 8 9 5
16 12 76 11
16 15 3 28
16 17 1 13
16 18 1 17
16 24 10 26
17 1 187 25
17 2 3 21
17 4 1 22
17 9 1 25
17 10 5 8
17 11 51 1
17 12 4 20
17 16 85 2
17 18 9 18
17 20 69 24
17 27 2 2
18 0 145 2
18 4 194 1
18 8 2 24
18 10 1 29
18 11 42 2
18 12 83 1
18 16 1 21
18 21 24 3
19 0 130 1
19 1 50 21
19 4 110 2
19 6 16 3
19 8 35 1
19 10 1 21
19 11 1 16
19 12 1 27
19 15 12 19
19 16 1 22
19 20 57 2
20 0 2 22
20 2 5 28
20 3 1 2
20 4 92 1
20 7 1 4
20 11 2 15
20 12 1 24
20 14 59 2
20 18 95 15
20 19 196 1
20 22 43 5
20 24 1 5
20 25 57 5
21 1 36 1
21 10 82 2
21 11 7 15
21 12 1 26
21 17 1 19
21 22 2 22
21 23 4 25
22 5 3 28
22 7 1 11
22 9 1 28
23 0 59 5
23 9 20 5
23 12 40 2
23 22 5 1
23 24 2 23
23 25 1 16
24 0 10 4
24 1 21 16
24 3 10 15
24 4 1 1
24 5 12 16
24 8 10 29
24 9 30 1
24 11 74 1
24 13 1 5
24 16 10 18
24 18 1 1
24 20 18 7
24 26 39 5
25 10 15 12
25 11 13 1
25 12 54 1
25 16 19 16
26 0 1 3
26 1 1 10
26 4 1 17
26 5 19 2
26 11 87 2
26 12 48 21
26 24 1 20
26 27 1 27
27 6 2 27
27 9 66 28
27 10 102 4
27 20 14 4
27 26 43 2
