0 1 35 14
0 2 6 24
0 3 46 8
0 4 5 11
0 5 31 27
0 6 1 1
0 8 26 1
0 9 15 15
0 11 156 20
0 16 41 13
0 19 290 1
0 20 55 1
0 21 59 18
0 24 40 27
0 27 1 28
1 0 16 17
1 3 283 24
1 4 271 1
1 5 69 1
1 6 24 8
1 7 361 1
1 8 18 18
1 9 6 7
1 10 91 5
1 16 55 15
1 17 5 29
1 22 46 18
1 24 19 1
1 27 1 1
2 0 1 17
2 1 90 1
2 3 46 1
2 4 186 1
2 6 38 1
2 7 19 1
2 8 30 2
2 10 284 1
2 11 204 1
2 12 3 3
2 15 1 5
2 16 1 17
2 17 16 1
2 20 1 28
3 0 54 7
3 1 21 28
3 2 2 29
3 4 1 28
3 5 125 14
3 6 16 2
3 7 285 1
3 8 34 17
3 9 1 1
3 11 375 3
3 12 7 11
3 14 2 29
3 16 80 15
3 17 44 3
3 18 1 7
3 19 44 1
3 20 233 2
3 24 21 26
4 0 64 22
4 1 188 27
4 2 17 2
4 3 1 14
4 5 137 1
4 6 31 13
4 7 279 2
4 9 163 1
4 10 18 3
4 11 1 22
4 14 2 8
4 18 198 10
4 19 1 2
4 21 86 13
4 23 3 6
4 26 14 15
4 27 1 18
5 0 41 16
5 1 43 22
5 2 22 4
5 3 20 12
5 4 202 1
5 6 221 1
5 8 17 25
5 9 148 25
5 10 342 1
5 11 1 22
5 12 3 2
5 14 22 1
5 16 21 17
5 19 2 26
5 24 20 6
5 25 14 21
6 0 1 23
6 1 179 13
6 2 76 1
6 3 5 17
6 4 154 1
6 5 195 7
6 7 416 1
6 8 22 9
6 9 14 18
6 10 2 11
6 11 1 26
6 15 1 8
6 16 2 16
6 17 129 1
6 21 2 9
6 24 12 8
7 0 3 1
7 2 304 1
7 3 1 24
7 4 8 18
7 5 159 1
7 6 181 1
7 8 4 15
7 9 110 1
7 10 33 1
7 11 15 1
7 15 1 14
7 17 9 27
7 19 9 1
7 20 1 12
7 22 2 21
7 23 2 2
7 24 257 2
7 25 267 2
8 0 57 12
8 1 21 1
8 2 20 4
8 3 20 29
8 4 1 8
8 5 133 12
8 6 21 12
8 7 390 1
8 9 2 13
8 10 383 1
8 11 16 25
8 12 142 2
8 15 1 3
8 16 35 25
8 17 5 21
8 24 71 26
8 26 2 2
9 2 3 1
9 4 29 1
9 6 37 26
9 7 1 13
9 8 16 17
9 10 2 1
9 11 126 1
9 12 9 3
9 14 4 27
9 15 74 1
9 17 211 1
9 24 1 3
9 25 3 14
9 27 81 17
10 1 1 3
10 2 86 1
10 3 1 22
10 4 173 1
10 5 257 1
10 6 5 19
10 7 192 1
10 8 7 4
10 9 4 16
10 11 195 1
10 13 11 2
10 14 2 18
10 15 269 1
10 16 88 2
10 17 186 1
10 18 1 29
10 20 3 12
10 21 1 20
10 27 15 6
11 5 103 25
11 6 14 5
11 7 80 1
11 9 59 1
11 10 270 2
11 14 1 8
11 15 23 1
11 16 93 2
11 19 108 1
11 20 1 21
11 22 96 1
11 24 3 11
11 25 9 28
11 26 2 3
12 0 1 9
12 2 108 3
12 5 27 27
12 6 2 26
12 9 261 1
12 10 3 20
12 11 34 3
12 13 115 1
12 16 97 20
12 17 128 4
12 20 44 3
12 22 14 4
12 24 25 7
13 0 1 2
13 4 54 1
13 7 2 3
13 10 1 23
13 12 77 1
13 14 10 26
13 18 1 13
13 21 1 11
14 3 3 23
14 4 1 19
14 5 9 17
14 6 64 1
14 7 83 1
14 8 289 1
14 9 1 11
14 10 2 24
14 11 1 16
14 12 1 27
14 13 62 1
14 15 50 1
14 19 13 23
14 22 9 2
15 2 4 7
15 4 4 1
15 6 1 1
15 7 101 1
15 8 139 1
15 10 299 1
15 11 227 1
15 14 12 17
15 17 4 25
15 18 8 5
15 23 2 14
16 0 20 27
16 1 29 7
16 2 2 21
16 3 20 19
16 5 19 15
16 8 68 6
16 10 139 6
16 12 1 13
16 17 1 28
16 18 27 1
16 24 20 1
16 27 1 4
17 0 8 18
17 1 2 12
17 3 4 8
17 4 64 1
17 5 19 1
17 6 31 1
17 8 3 13
17 10 7 10
17 13 13 1
17 16 381 1
17 18 4 1
17 19 124 4
17 21 1 10
17 23 1 18
18 0 2 15
18 1 7 29
18 2 54 6
18 3 87 4
18 4 7 1
18 6 1 1
18 7 25 1
18 8 26 1
18 10 4 21
18 11 5 18
18 16 7 11
18 17 2 13
18 22 1 15
18 23 31 14
19 0 161 1
19 1 20 2
19 4 51 1
19 5 2 2
19 7 1 27
19 11 49 1
19 14 11 29
19 16 52 3
19 17 68 3
19 20 252 1
19 25 5 5
19 27 3 1
20 0 212 1
20 1 4 24
20 2 1 22
20 4 18 24
20 6 33 2
20 7 222 1
20 9 119 1
20 10 12 12
20 19 2 12
21 5 1 9
21 6 6 18
21 7 1 13
21 9 1 6
21 10 80 1
21 20 27 2
22 6 12 4
22 8 1 18
22 10 1 14
22 11 1 28
22 13 4 8
22 15 2 1
22 16 1 29
22 20 19 3
23 1 9 8
23 6 1 11
23 7 37 2
23 8 144 7
23 9 20 29
23 10 1 8
23 11 1 22
23 14 26 1
23 24 3 29
24 0 20 7
24 1 81 4
24 2 1 10
24 3 38 16
24 4 101 10
24 5 40 22
24 6 1 1
24 7 219 2
24 8 37 20
24 9 14 4
24 10 144 2
24 11 74 1
24 12 76 4
24 15 5 12
24 16 40 23
24 18 46 3
24 20 1 19
24 23 6 1
25 0 87 2
25 2 41 1
25 5 1 3
25 6 140 4
25 7 10 9
25 8 1 20
25 11 129 1
25 15 20 5
25 23 1 12
25 27 1 1
26 0 27 13
26 1 4 28
26 2 2 13
26 4 1 28
26 7 1 25
26 16 18 26
26 20 3 12
26 25 22 3
26 27 9 24
27 6 68 2
27 7 139 13
27 9 1 17
27 10 10 9
27 11 3 17
27 17 2 28
