0 1 39 7
0 2 1 23
0 3 23 17
0 4 1 10
0 5 20 29
0 6 1 22
0 7 13 4
0 8 24 11
0 11 1 28
0 12 135 3
0 15 79 4
0 16 68 24
0 18 1 3
0 19 138 1
0 24 20 12
1 0 22 8
1 2 12 5
1 3 258 7
1 4 2 1
1 5 25 9
1 6 173 1
1 7 249 1
1 8 18 11
1 9 1 18
1 10 1 2
1 16 19 16
1 17 5 8
1 18 1 17
1 19 177 2
1 20 83 1
1 21 4 5
1 24 31 6
1 25 73 1
2 1 24 1
2 3 5 25
2 4 90 1
2 7 1 1
2 8 2 2
2 10 157 1
2 11 125 1
2 12 4 10
2 19 1 18
2 23 1 29
2 26 20 2
3 0 28 20
3 1 70 15
3 2 1 14
3 4 1 24
3 5 20 19
3 7 100 1
3 8 20 6
3 10 188 1
3 11 320 1
3 15 49 1
3 16 23 16
3 20 161 1
3 21 24 1
3 24 32 12
3 25 37 6
3 27 3 11
4 0 44 13
4 1 249 1
4 2 200 1
4 3 1 24
4 5 1 7
4 6 6 6
4 8 4 22
4 9 74 1
4 10 2 6
4 11 4 18
4 12 2 5
4 14 2 19
4 16 3 15
4 18 31 1
4 19 25 12
4 26 1 18
4 27 1 18
5 0 39 17
5 1 28 25
5 3 20 19
5 6 16 8
5 7 248 1
5 8 17 26
5 9 197 1
5 10 188 1
5 11 1 22
5 12 200 1
5 14 9 8
5 16 27 13
5 17 48 1
5 18 1 26
5 20 5 8
5 22 24 21
5 23 1 10
5 24 20 23
5 26 1 6
6 0 2 21
6 1 426 3
6 3 3 15
6 4 81 1
6 5 23 1
6 7 265 1
6 8 383 1
6 9 2 6
6 10 3 7
6 11 1 10
6 13 1 19
6 15 1 20
6 17 53 1
6 18 17 19
6 19 14 1
6 26 6 27
7 0 73 1
7 2 135 1
7 3 3 3
7 5 65 1
7 6 273 1
7 8 10 27
7 9 44 1
7 10 159 1
7 11 75 4
7 15 9 8
7 17 1 1
7 20 4 8
7 21 60 2
7 22 1 13
7 23 1 4
7 24 184 1
7 25 228 1
8 0 162 1
8 1 38 25
8 2 207 1
8 3 22 11
8 4 91 1
8 5 25 19
8 6 288 1
8 7 155 12
8 9 6 11
8 10 42 13
8 11 4 28
8 12 78 1
8 14 3 24
8 15 1 24
8 16 57 14
8 17 2 9
8 19 10 14
8 20 281 3
8 22 74 1
8 24 102 10
8 25 174 2
8 26 1 24
8 27 1 29
9 0 122 27
9 1 305 1
9 3 58 2
9 4 204 1
9 5 222 2
9 7 1 26
9 8 109 1
9 10 5 19
9 11 46 1
9 12 85 12
9 15 42 1
9 17 186 1
10 0 33 1
10 1 2 20
10 2 7 3
10 3 1 2
10 5 99 1
10 6 178 1
10 7 50 1
10 8 27 9
10 9 5 20
10 11 36 1
10 12 1 10
10 13 221 1
10 14 174 1
10 15 146 1
10 16 71 2
10 17 145 1
10 19 55 3
10 22 1 1
10 23 66 1
10 24 1 4
10 25 237 1
10 27 5 3
11 0 2 21
11 1 9 14
11 2 161 1
11 3 2 23
11 4 254 1
11 5 1 15
11 6 77 22
11 7 9 25
11 8 381 1
11 9 8 2
11 10 236 1
11 12 210 3
11 13 28 1
11 14 1 4
11 15 35 13
11 16 79 6
11 17 224 2
11 19 86 2
11 20 65 19
11 21 3 6
11 23 55 12
11 24 1 21
11 25 58 20
12 1 127 1
12 5 178 1
12 6 4 1
12 8 107 2
12 9 104 1
12 10 1 4
12 19 56 18
12 23 95 8
12 25 27 2
13 3 1 16
13 5 1 27
13 6 1 11
13 7 159 29
13 10 1 20
13 12 7 2
14 0 8 28
14 6 20 3
14 7 23 1
14 8 189 1
14 9 4 1
14 10 218 19
14 11 89 2
14 12 1 21
14 13 1 1
14 15 1 16
15 4 2 8
15 7 5 1
15 8 82 1
15 10 183 1
15 11 3 25
15 14 107 1
15 23 1 19
15 26 1 23
16 0 20 4
16 1 23 26
16 3 41 15
16 4 178 1
16 5 20 22
16 8 26 2
16 9 1 20
16 11 1 20
16 17 4 12
16 19 1 27
16 24 20 16
17 1 75 7
17 2 226 2
17 3 1 6
17 4 12 2
17 6 1 1
17 7 2 5
17 8 1 13
17 9 7 1
17 10 3 23
17 12 1 1
17 16 262 1
17 23 1 15
17 27 56 13
18 0 1 15
18 1 2 22
18 4 259 1
18 6 1 16
18 10 10 5
18 11 4 17
18 25 5 7
18 26 32 19
19 0 25 1
19 8 2 1
19 9 3 28
19 11 29 1
19 13 6 4
19 14 9 19
19 20 2 1
20 0 107 1
20 1 7 1
20 2 8 21
20 3 2 12
20 7 158 2
20 8 200 1
20 9 102 3
20 14 2 4
20 18 1 29
20 19 199 1
20 27 6 15
21 5 1 20
21 6 1 2
21 9 11 9
21 10 65 2
21 11 9 6
21 12 83 3
21 13 12 23
21 22 1 1
22 6 3 7
22 12 1 17
22 16 29 21
22 18 1 16
22 26 2 11
23 4 4 6
23 8 128 5
23 9 1 18
23 10 1 23
23 11 1 6
23 13 1 18
23 21 10 2
24 0 29 26
24 1 59 25
24 3 33 8
24 5 34 20
24 7 137 1
24 8 89 19
24 10 96 1
24 14 5 26
24 15 1 10
24 16 20 24
24 17 89 10
24 25 20 8
25 1 36 1
25 7 1 9
25 8 1 29
25 9 1 14
25 10 1 21
25 11 35 1
25 12 1 3
25 13 7 9
25 15 26 26
25 18 1 14
25 23 1 9
25 26 1 24
25 27 3 8
26 2 27 18
26 4 3 21
26 6 85 1
26 8 48 1
26 10 1 1
26 19 16 4
26 22 1 7
27 1 28 3
27 8 91 3
27 9 2 29
27 15 30 1
27 17 3 10
27 20 71 1
27 26 2 3
