0 1 53 27
0 2 191 1
0 3 30 7
0 4 79 20
0 5 26 28
0 7 1 26
0 8 224 21
0 10 268 1
0 11 89 17
0 14 1 15
0 15 75 1
0 16 190 10
0 18 28 24
0 19 102 1
0 24 114 11
0 25 114 3
1 0 11 3
1 2 48 21
1 3 75 1
1 4 1 11
1 5 331 22
1 6 149 1
1 7 221 1
1 8 57 27
1 9 2 17
1 10 3 20
1 11 1 16
1 12 1 9
1 15 3 7
1 16 25 29
1 17 102 20
1 19 170 1
1 20 72 2
1 23 81 3
1 24 58 10
1 25 68 3
1 26 1 11
2 0 10 1
2 3 4 3
2 4 70 1
2 6 1 2
2 7 1 4
2 8 20 6
2 10 128 1
2 11 107 1
2 12 1 10
2 20 40 9
3 0 9 3
3 1 245 20
3 2 68 1
3 4 1 25
3 5 44 21
3 7 44 1
3 8 104 25
3 10 168 1
3 11 292 1
3 16 24 26
3 19 20 3
3 20 142 1
3 24 7 15
4 0 54 17
4 1 253 1
4 2 179 1
4 3 21 11
4 5 5 2
4 6 262 25
4 7 200 1
4 8 42 1
4 9 62 1
4 10 3 17
4 11 1 19
4 12 48 27
4 14 1 6
4 18 189 1
4 20 187 2
4 23 1 24
4 25 101 9
4 26 20 16
4 27 1 8
5 0 88 10
5 1 6 3
5 3 26 15
5 4 4 25
5 6 147 10
5 7 227 2
5 8 13 10
5 9 141 1
5 10 152 1
5 12 188 1
5 13 9 18
5 16 6 28
5 21 28 2
5 24 16 11
5 27 12 4
6 0 2 3
6 1 278 1
6 3 14 3
6 4 41 1
6 5 185 1
6 7 211 1
6 8 199 1
6 10 3 13
6 11 11 19
6 12 3 2
6 13 1 24
6 14 16 2
6 15 1 10
6 17 40 1
6 19 10 2
6 22 108 10
6 26 1 6
7 0 50 1
7 1 3 9
7 2 99 1
7 3 131 19
7 5 48 1
7 6 245 1
7 8 4 24
7 9 32 1
7 10 124 1
7 11 162 23
7 13 168 1
7 14 225 1
7 15 2 13
7 16 1 8
7 23 1 5
7 24 165 1
7 25 218 1
7 26 55 2
8 0 27 20
8 1 125 1
8 2 206 1
8 3 8 27
8 4 319 1
8 5 72 14
8 6 63 1
8 7 229 1
8 9 38 9
8 10 10 1
8 11 3 2
8 13 180 2
8 14 4 15
8 15 3 26
8 16 163 6
8 17 5 14
8 18 31 26
8 19 1 8
8 22 68 4
8 24 61 13
8 25 165 1
8 26 2 25
9 0 1 9
9 1 285 1
9 3 50 1
9 4 160 1
9 5 93 1
9 6 26 1
9 7 4 14
9 8 236 1
9 10 5 18
9 11 32 1
9 12 1 27
9 17 179 2
9 18 7 7
9 19 62 2
9 26 1 12
10 0 25 1
10 1 1 2
10 4 65 1
10 5 69 1
10 6 386 18
10 7 29 1
10 8 7 22
10 9 8 27
10 11 10 1
10 12 1 19
10 13 196 1
10 14 394 1
10 15 118 1
10 17 135 3
10 19 51 2
10 20 6 4
10 23 57 1
10 25 229 1
10 27 1 11
11 0 1 3
11 1 3 8
11 2 142 2
11 3 2 14
11 4 248 1
11 5 1 14
11 6 2 19
11 7 12 26
11 8 370 1
11 10 156 1
11 12 204 1
11 13 19 2
11 14 1 11
11 15 6 4
11 22 47 3
11 23 20 7
11 25 84 6
12 1 118 1
12 3 83 6
12 5 2 2
12 6 1 14
12 8 93 1
12 9 77 1
12 10 8 6
12 11 7 7
12 14 2 17
12 15 2 17
12 18 3 18
12 19 1 10
12 21 3 11
13 5 2 5
13 6 3 24
13 8 1 12
13 10 1 22
13 20 18 7
14 2 2 19
14 7 14 1
14 8 163 1
14 10 12 1
14 11 78 1
14 12 3 27
14 15 1 24
14 21 1 22
15 1 109 9
15 2 37 27
15 8 70 1
15 9 114 3
15 10 154 1
15 11 4 1
15 13 2 2
15 14 84 1
16 0 7 4
16 1 16 28
16 2 17 17
16 3 51 1
16 4 168 1
16 5 25 3
16 7 1 19
16 8 112 14
16 9 4 22
16 12 5 15
16 13 8 1
16 17 3 7
16 18 2 2
16 19 18 8
16 20 1 2
16 23 7 6
16 24 23 5
17 1 9 21
17 2 215 2
17 4 6 1
17 10 8 22
17 11 26 3
17 15 4 21
17 16 222 1
17 18 55 1
18 0 2 23
18 1 1 6
18 3 2 25
18 4 16 1
18 5 1 12
18 7 8 1
18 9 65 1
18 10 7 29
18 12 4 21
18 16 18 1
19 0 9 1
19 6 1 8
19 7 10 15
19 8 2 25
19 14 9 11
19 20 1 6
20 0 85 2
20 1 3 19
20 2 4 28
20 3 1 7
20 4 2 12
20 6 8 6
20 7 143 1
20 8 188 1
20 9 98 1
20 11 2 2
20 19 56 1
20 21 1 8
20 24 91 3
20 26 1 1
21 1 18 2
21 3 16 24
21 5 1 3
21 6 3 17
21 7 1 11
21 12 76 2
21 13 1 2
22 5 24 26
22 11 4 15
22 14 24 4
23 0 1 1
23 6 25 1
23 9 2 14
23 10 1 24
23 11 214 2
23 19 1 27
23 25 3 26
24 0 26 23
24 1 98 14
24 3 45 22
24 5 61 23
24 8 199 15
24 9 10 10
24 13 12 13
24 16 46 8
24 25 17 1
24 26 1 25
24 27 29 8
25 0 64 1
25 1 31 1
25 3 37 10
25 5 7 5
25 7 1 24
25 11 6 1
25 23 2 9
25 26 2 20
26 1 1 24
26 8 45 1
26 10 4 27
26 11 2 6
26 19 15 29
26 20 1 24
26 24 10 3
27 1 25 7
27 6 49 1
27 7 4 20
27 8 86 2
27 10 2 10
27 12 5 21
27 26 8 22
