0 1 287 4
0 3 32 15
0 4 1 29
0 5 120 1
0 6 1 27
0 7 2 6
0 9 18 26
0 13 1 6
0 14 6 27
0 16 189 9
0 19 93 1
0 23 3 12
0 24 130 8
1 0 75 2
1 2 16 19
1 4 2 9
1 5 148 29
1 6 149 1
1 7 212 1
1 8 202 1
1 9 1 10
1 12 1 14
1 15 3 13
1 16 79 1
1 17 7 3
1 18 1 22
1 24 39 25
1 25 67 4
1 26 7 14
1 27 96 4
2 0 4 2
2 3 68 22
2 4 65 1
2 5 71 1
2 6 1 21
2 7 2 6
2 10 119 1
2 11 102 1
2 12 22 20
2 17 1 28
2 20 9 2
2 27 28 11
3 0 1 2
3 1 14 11
3 2 23 10
3 4 1 28
3 5 28 1
3 6 1 3
3 7 31 1
3 8 53 22
3 10 162 1
3 11 284 1
3 16 38 1
3 18 1 23
3 20 137 1
3 23 1 15
3 24 26 1
3 25 33 1
3 27 3 12
4 0 2 29
4 1 224 1
4 2 173 1
4 5 6 20
4 7 195 1
4 8 1 1
4 9 50 1
4 12 13 26
4 16 225 3
4 17 6 9
4 18 185 1
4 19 2 10
4 21 1 1
4 22 76 2
4 27 1 19
5 0 25 6
5 1 295 8
5 3 25 13
5 4 2 21
5 6 204 6
5 6 320 26
5 7 221 1
5 8 108 1
5 9 94 1
5 10 141 1
5 11 29 26
5 12 184 1
5 16 18 5
5 17 38 1
5 18 34 26
5 24 26 24
5 25 3 10
6 0 20 17
6 1 397 1
6 3 50 22
6 4 32 1
6 5 101 1
6 7 196 1
6 8 300 10
6 10 1 24
6 11 6 5
6 13 2 25
6 14 14 3
6 15 5 17
6 17 36 1
6 19 9 3
6 20 6 11
6 25 1 22
6 26 6 26
7 0 42 1
7 1 9 6
7 2 90 1
7 3 8 7
7 4 299 1
7 5 43 1
7 6 71 1
7 8 336 10
7 9 29 1
7 10 114 1
7 11 26 22
7 14 221 1
7 15 1 8
7 18 1 23
7 21 56 10
7 23 8 1
7 24 159 1
7 25 210 1
7 26 53 2
8 0 19 1
8 1 1 19
8 2 186 14
8 3 124 29
8 4 312 23
8 5 2 11
8 6 358 2
8 7 191 1
8 9 2 20
8 11 1 14
8 12 61 2
8 13 177 1
8 14 1 26
8 16 69 25
8 17 1 4
8 19 4 17
8 24 77 23
8 25 162 2
8 26 1 22
9 0 1 1
9 1 279 1
9 2 1 15
9 4 148 1
9 5 62 1
9 6 199 1
9 7 5 16
9 8 220 20
9 10 85 26
9 12 99 27
9 13 4 22
9 14 1 3
9 18 7 3
10 1 1 27
10 4 60 1
10 5 61 1
10 6 133 1
10 7 24 1
10 8 327 28
10 9 245 3
10 11 5 1
10 12 1 17
10 13 188 1
10 14 376 1
10 15 110 1
10 17 133 1
10 23 54 2
11 0 309 18
11 1 10 14
11 2 137 1
11 3 1 1
11 4 246 1
11 5 1 7
11 6 5 22
11 7 23 19
11 8 361 1
11 9 1 3
11 10 133 1
11 12 201 4
11 13 16 1
11 14 41 18
11 15 6 10
11 17 222 2
11 20 4 11
11 23 21 25
11 24 2 2
11 25 2 22
12 3 82 5
12 5 15 1
12 6 79 1
12 8 89 1
12 9 62 1
12 10 1 23
12 11 7 1
12 14 5 5
12 15 4 11
12 18 1 26
12 23 91 5
12 24 14 3
12 25 24 3
13 3 18 19
13 6 4 1
13 7 6 21
13 8 2 27
13 10 7 17
13 11 1 4
13 14 1 23
13 15 19 1
13 17 1 3
13 20 18 6
13 25 12 1
14 4 137 22
14 6 11 2
14 7 11 1
14 8 156 1
14 10 14 18
14 11 308 1
14 12 2 29
14 15 2 6
14 21 5 11
15 0 88 11
15 6 10 23
15 10 145 1
15 11 16 23
15 12 1 16
15 13 3 10
15 14 80 1
15 16 2 6
15 17 1 18
16 0 72 26
16 1 92 1
16 3 258 28
16 4 165 2
16 5 102 27
16 8 206 6
16 9 1 23
16 11 1 9
16 17 5 12
16 18 2 9
16 24 16 25
16 26 32 1
17 0 1 29
17 1 11 9
17 3 1 13
17 4 4 5
17 8 307 4
17 12 4 6
17 16 211 1
17 18 61 29
17 19 103 5
18 1 1 14
18 4 243 1
18 5 1 29
18 6 1 7
18 11 4 12
18 12 1 22
18 15 2 1
18 16 12 1
18 17 15 20
18 21 35 1
18 23 2 11
19 0 6 1
19 3 1 7
19 4 21 1
19 7 2 27
19 8 1 17
19 13 1 9
19 15 11 2
19 17 40 1
19 20 1 16
20 0 79 1
20 2 1 22
20 3 4 27
20 4 195 28
20 6 8 1
20 7 139 1
20 10 137 18
20 11 1 7
20 13 6 1
20 17 6 2
20 19 162 1
20 21 1 9
21 4 2 27
21 5 6 21
21 7 1 11
21 8 100 12
21 11 78 9
21 12 74 1
21 18 22 23
22 1 3 15
22 4 5 24
22 7 19 4
22 8 5 1
22 9 30 3
22 12 75 24
22 15 7 10
22 23 1 9
23 7 4 4
23 9 2 26
23 11 2 29
23 15 5 14
23 19 1 18
23 24 11 5
23 27 16 18
24 0 177 9
24 1 99 27
24 2 4 10
24 3 19 1
24 4 94 2
24 5 33 1
24 7 112 1
24 8 62 12
24 15 2 13
24 16 27 2
24 17 3 10
24 20 3 20
24 23 1 26
24 25 17 1
24 26 1 7
25 4 15 27
25 7 2 7
25 8 39 1
25 10 5 29
25 11 2 1
25 12 3 11
25 23 1 25
25 26 2 9
25 27 1 23
26 5 28 3
26 9 2 20
26 11 2 4
26 17 4 16
26 22 1 11
26 24 9 3
27 1 25 3
27 6 48 3
27 7 1 8
27 9 1 23
27 13 1 9
27 18 1 11
27 22 2 1
27 23 18 6
27 25 1 26
27 26 1 28
