0 1 26 13
0 2 210 1
0 3 355 27
0 4 1 15
0 5 13 21
0 7 6 9
0 8 14 20
0 9 1 10
0 11 1 26
0 13 7 15
0 16 12 18
0 20 1 22
0 24 13 21
1 0 24 20
1 3 281 28
1 4 5 24
1 5 36 26
1 6 61 1
1 7 138 1
1 8 11 11
1 9 42 10
1 10 1 24
1 12 1 16
1 13 79 2
1 14 97 2
1 16 13 26
1 17 165 15
1 18 7 14
1 24 22 2
1 25 55 2
2 0 50 1
2 1 52 8
2 3 11 15
2 5 49 1
2 6 2 2
2 7 2 25
2 8 184 1
2 9 135 2
2 11 58 1
2 12 1 4
2 20 1 3
2 23 1 8
3 0 27 21
3 1 14 14
3 2 62 3
3 4 1 19
3 5 74 23
3 6 2 26
3 7 1 18
3 8 11 1
3 10 109 1
3 11 199 1
3 16 23 1
3 18 2 6
3 19 9 4
3 20 86 1
3 24 18 29
3 25 23 7
4 0 171 10
4 1 9 20
4 2 113 1
4 3 4 1
4 5 4 7
4 6 373 1
4 7 151 1
4 8 328 1
4 9 20 1
4 10 28 17
4 14 1 26
4 17 8 16
4 18 10 1
4 19 1 26
4 22 71 7
4 24 42 5
5 0 12 9
5 1 16 9
5 2 1 11
5 3 13 15
5 4 3 25
5 6 64 1
5 7 159 1
5 8 17 10
5 10 57 1
5 11 2 19
5 12 144 1
5 16 13 1
5 18 2 17
5 24 12 28
6 0 18 18
6 1 254 1
6 2 1 7
6 3 63 6
6 5 19 9
6 7 75 1
6 8 43 1
6 9 334 1
6 10 25 14
6 13 1 3
6 15 6 21
6 23 1 5
7 0 272 1
7 1 2 22
7 2 21 1
7 3 2 6
7 5 10 3
7 6 162 1
7 8 447 23
7 9 7 4
7 10 39 2
7 11 2 19
7 13 153 1
7 15 5 10
7 22 9 9
7 24 107 1
7 25 160 1
7 26 40 3
8 0 13 22
8 1 15 10
8 2 129 1
8 3 37 3
8 4 273 1
8 5 419 4
8 6 32 1
8 7 82 23
8 10 6 16
8 13 149 1
8 14 2 29
8 15 2 14
8 16 12 8
8 17 1 10
8 23 4 21
8 24 13 19
8 25 134 2
8 27 1 24
9 1 216 1
9 2 9 20
9 4 51 1
9 5 6 19
9 6 247 2
9 8 128 1
9 10 4 8
9 12 210 24
9 13 1 15
9 16 2 12
9 17 156 1
9 18 7 29
9 26 1 3
10 1 1 9
10 5 9 1
10 6 316 1
10 8 56 25
10 9 396 1
10 11 1 28
10 12 1 2
10 13 117 1
10 14 245 1
10 15 45 1
10 17 107 1
10 18 5 10
10 25 195 1
10 27 2 1
11 0 315 19
11 1 6 27
11 2 89 1
11 3 6 29
11 6 180 12
11 7 181 21
11 8 423 1
11 10 136 1
11 12 180 1
11 14 270 1
11 15 6 15
11 16 66 1
11 18 11 1
11 20 2 2
11 21 1 1
11 22 25 3
11 23 1 20
11 24 13 1
11 25 157 8
11 26 12 24
11 27 1 14
12 0 4 11
12 4 3 19
12 5 151 1
12 6 4 28
12 9 107 1
12 14 4 27
12 17 91 2
12 18 1 2
12 25 18 9
12 27 22 1
13 3 28 13
13 6 31 21
13 7 16 11
13 8 7 8
13 10 1 1
13 11 3 25
13 14 2 10
13 15 11 5
13 17 77 8
13 18 1 6
13 22 2 21
14 0 1 7
14 4 135 26
14 6 1 1
14 8 89 1
14 9 174 2
14 10 8 25
14 11 45 1
14 12 20 8
14 13 1 22
14 15 1 23
14 21 2 5
15 1 3 16
15 2 36 2
15 7 1 25
15 10 73 1
15 11 112 26
15 14 15 1
15 17 72 26
15 21 1 8
15 24 47 18
15 25 16 1
16 0 13 28
16 1 21 12
16 2 22 25
16 3 15 7
16 4 135 1
16 5 22 5
16 8 117 2
16 9 2 4
16 11 1 2
16 12 1 8
16 17 2 7
16 18 1 26
16 23 6 4
16 24 13 24
16 25 41 19
17 1 50 12
17 2 174 1
17 6 1 13
17 7 3 21
17 11 13 7
17 13 3 4
17 16 108 1
17 18 1 25
17 21 2 2
17 25 91 29
18 0 36 23
18 1 7 13
18 4 138 1
18 5 1 4
18 6 5 1
18 9 41 3
18 10 20 5
18 12 12 28
18 15 33 5
18 16 222 1
18 17 2 7
18 25 3 1
19 2 31 1
19 4 11 2
19 8 1 13
19 9 1 21
19 11 15 1
19 13 7 15
19 15 10 18
19 16 48 4
19 17 27 5
19 20 13 12
20 0 33 1
20 1 26 19
20 2 1 28
20 7 100 1
20 9 85 2
20 11 1 21
20 19 84 1
20 21 2 6
20 22 1 12
20 24 88 1
21 3 2 19
21 9 1 2
21 10 52 1
21 11 9 13
21 12 55 3
21 14 2 4
21 15 4 9
21 22 19 14
22 10 3 26
22 11 3 22
22 14 15 6
22 21 1 22
22 23 1 4
22 25 1 6
22 27 1 20
23 6 42 3
23 10 1 8
23 12 3 5
23 13 1 13
23 15 8 13
23 19 2 27
23 24 23 23
24 0 13 3
24 1 13 27
24 3 13 1
24 5 12 11
24 7 64 2
24 8 13 6
24 9 25 26
24 10 54 1
24 11 1 26
24 15 1 9
24 16 13 12
24 18 45 27
24 19 15 16
24 26 7 22
25 1 20 4
25 3 37 23
25 6 97 3
25 7 1 10
25 8 1 6
25 10 1 17
25 11 2 29
25 12 1 13
25 27 1 12
26 1 10 27
26 7 59 4
26 8 35 8
26 11 3 1
26 25 2 5
27 1 19 4
27 6 39 2
27 9 1 8
27 10 2 25
27 12 7 9
27 16 32 2
27 26 22 25
