0 1 21 12
0 2 76 1
0 3 59 2
0 4 85 26
0 5 19 7
0 6 4 9
0 7 64 2
0 8 73 8
0 14 12 5
0 15 58 2
0 16 19 8
0 18 3 2
0 19 14 2
0 20 2 24
0 24 19 14
0 26 15 1
1 0 45 25
1 2 60 3
1 3 19 16
1 4 31 14
1 5 150 4
1 6 41 1
1 7 128 1
1 8 17 24
1 9 1 1
1 12 1 26
1 15 1 25
1 16 41 23
1 19 128 1
1 20 39 1
1 22 7 7
1 24 52 5
1 25 53 1
2 0 176 1
2 1 32 2
2 3 16 1
2 4 18 2
2 5 46 2
2 6 12 5
2 7 2 23
2 8 169 1
2 10 44 1
2 11 52 1
2 17 7 29
2 20 4 4
2 27 1 4
3 0 186 14
3 1 40 16
3 2 35 1
3 4 1 13
3 5 18 1
3 6 18 10
3 7 1 12
3 8 237 15
3 10 102 1
3 11 186 1
3 15 34 2
3 16 19 15
3 20 79 1
3 24 33 14
4 0 3 6
4 1 202 1
4 2 105 1
4 3 3 3
4 5 64 13
4 6 358 1
4 7 145 1
4 8 316 5
4 10 1 23
4 11 7 1
4 12 4 9
4 15 71 7
4 16 208 1
4 17 1 11
4 18 125 1
4 19 1 22
4 22 70 1
4 23 11 21
4 24 41 6
4 25 95 1
5 0 66 20
5 1 34 15
5 3 41 15
5 4 4 22
5 6 302 1
5 7 151 1
5 8 30 20
5 9 2 9
5 10 47 1
5 12 138 1
5 16 44 15
5 18 56 14
5 24 19 22
5 25 3 16
6 0 33 1
6 1 220 1
6 2 2 28
6 5 39 14
6 7 62 1
6 8 3 1
6 9 53 1
6 10 32 26
6 12 1 1
6 15 2 8
6 22 106 3
7 0 260 1
7 1 6 7
7 2 15 1
7 3 128 9
7 4 287 2
7 5 7 4
7 6 144 1
7 8 2 10
7 9 5 2
7 10 32 1
7 11 44 15
7 12 198 2
7 14 169 1
7 15 111 14
7 17 19 16
7 20 24 8
7 22 9 14
7 23 1 7
7 24 100 1
7 25 150 1
7 27 1 20
8 0 58 16
8 1 166 7
8 2 86 6
8 3 21 5
8 4 68 1
8 5 25 16
8 6 32 1
8 7 44 1
8 10 99 28
8 11 182 1
8 12 28 1
8 13 145 1
8 14 1 28
8 16 71 16
8 22 48 2
8 24 19 8
8 25 130 2
8 26 1 14
8 27 4 23
9 0 1 11
9 1 207 1
9 2 9 16
9 3 27 3
9 4 41 1
9 5 12 12
9 6 214 1
9 7 6 5
9 8 110 1
9 10 13 7
9 12 2 1
9 13 1 17
9 17 153 1
9 20 120 1
9 26 32 15
10 1 55 8
10 2 1 25
10 3 1 8
10 5 5 1
10 6 287 1
10 8 304 1
10 9 292 14
10 11 2 25
10 12 42 15
10 13 107 1
10 14 212 1
10 15 38 1
10 18 1 13
10 19 38 2
10 22 1 1
10 23 30 3
10 25 190 2
10 27 1 4
11 1 22 2
11 2 82 1
11 3 20 13
11 6 94 12
11 7 8 29
11 8 407 1
11 9 1 18
11 10 115 1
11 12 177 1
11 15 2 21
11 17 209 1
11 18 10 1
11 23 40 5
11 24 168 2
11 25 342 1
11 26 21 5
12 1 87 1
12 2 82 5
12 5 145 1
12 6 2 8
12 8 49 2
12 9 91 1
12 10 93 11
12 14 4 8
12 17 90 1
12 22 1 27
12 24 9 1
12 25 18 2
13 2 25 11
13 5 1 19
13 6 1 21
13 8 2 14
13 11 8 17
13 12 1 12
13 15 10 7
13 17 1 27
14 0 6 20
14 1 63 2
14 3 58 5
14 4 2 1
14 5 2 23
14 8 80 1
14 9 170 2
14 10 1 25
14 11 249 1
14 12 1 7
14 15 1 25
14 18 58 6
14 21 1 23
15 6 1 9
15 7 1 27
15 9 93 4
15 10 64 1
15 11 5 17
15 12 5 16
15 13 3 25
15 14 9 1
15 17 5 26
15 20 72 9
15 23 4 12
15 25 14 5
15 26 1 23
16 0 22 3
16 1 19 25
16 3 19 4
16 5 20 17
16 8 19 26
16 9 1 16
16 11 1 27
16 12 1 21
16 17 28 1
16 18 1 22
16 19 5 26
16 24 31 6
16 26 1 23
17 0 296 10
17 1 1 10
17 2 168 1
17 3 3 2
17 6 1 3
17 7 1 7
17 11 12 2
17 12 1 1
17 15 5 24
17 16 95 1
18 0 138 2
18 1 2 9
18 3 4 1
18 4 123 1
18 11 13 16
18 12 1 12
18 13 1 16
18 16 210 1
18 17 1 18
18 23 1 3
19 1 1 26
19 3 23 18
19 4 9 6
19 11 13 3
19 12 1 4
19 17 26 1
19 20 33 23
19 21 4 21
20 0 28 1
20 1 204 17
20 2 46 22
20 3 2 1
20 8 148 1
20 10 1 26
20 11 1 2
20 16 29 5
20 17 178 4
20 18 2 12
20 19 60 1
20 21 3 1
20 22 7 1
20 24 87 12
20 25 2 14
21 6 15 21
21 15 4 26
22 2 1 5
22 7 9 1
22 12 1 4
22 23 2 10
22 27 1 20
23 4 19 17
23 8 107 4
23 9 48 1
23 12 1 3
23 13 1 13
23 22 1 9
24 0 143 7
24 1 83 26
24 2 1 24
24 3 19 5
24 5 25 21
24 6 1 26
24 7 58 2
24 8 19 7
24 9 2 28
24 11 13 29
24 13 1 26
24 15 15 14
24 16 18 21
24 17 91 1
24 25 8 7
25 4 16 29
25 5 1 5
25 6 95 2
25 7 1 20
25 8 1 9
25 10 1 15
25 11 3 29
25 23 4 11
25 27 14 6
26 2 29 14
26 4 4 12
26 6 79 5
26 7 7 6
26 15 3 22
26 20 1 20
26 23 1 9
26 24 2 2
26 27 121 1
27 2 1 1
27 7 180 27
27 8 69 1
27 11 4 1
27 12 7 1
27 14 32 19
27 25 1 10
27 26 3 4
