0 1 81 29
0 2 66 1
0 3 45 2
0 4 1 15
0 5 30 6
0 6 3 10
0 7 1 7
0 8 95 15
0 9 69 22
0 10 231 1
0 12 113 1
0 14 1 3
0 16 19 18
0 17 3 14
0 19 8 2
0 24 29 7
1 0 62 13
1 2 273 1
1 3 20 22
1 4 12 9
1 5 20 5
1 6 28 1
1 7 116 1
1 8 18 8
1 9 1 6
1 11 1 1
1 12 1 8
1 13 77 1
1 14 92 2
1 16 19 23
1 17 160 28
1 19 121 1
1 20 35 1
1 24 37 29
2 0 162 1
2 1 36 26
2 3 197 4
2 6 1 7
2 7 12 9
2 8 310 1
2 9 128 1
2 10 35 1
2 11 46 1
2 14 5 12
2 17 1 10
2 20 1 29
2 26 2 15
3 0 93 29
3 1 328 22
3 2 14 4
3 5 19 1
3 6 5 9
3 7 3 16
3 8 18 11
3 9 121 1
3 10 93 1
3 11 172 1
3 13 1 3
3 15 32 5
3 16 110 27
3 18 2 6
3 20 71 2
3 24 32 10
3 25 21 1
3 27 6 26
4 0 6 24
4 1 6 18
4 2 95 1
4 5 19 29
4 6 219 1
4 7 137 1
4 8 306 1
4 9 1 8
4 10 30 13
4 11 2 14
4 14 1 18
4 15 70 2
4 16 205 1
4 17 18 4
4 18 104 1
4 19 4 13
4 21 83 1
4 24 40 6
4 26 3 19
4 27 53 12
5 0 29 17
5 1 79 29
5 3 41 16
5 4 71 17
5 6 177 1
5 7 140 1
5 8 117 29
5 9 3 14
5 10 37 1
5 13 5 1
5 15 19 7
5 16 19 10
5 17 15 2
5 23 1 14
5 24 92 7
5 27 9 4
6 0 2 27
6 1 168 1
6 2 19 28
6 3 4 18
6 4 1 28
6 5 103 27
6 7 48 1
6 8 3 19
6 9 238 1
6 10 67 6
6 11 377 6
6 13 36 8
6 15 1 24
6 18 236 2
6 25 1 23
7 0 244 1
7 1 36 11
7 2 9 1
7 3 1 8
7 6 123 1
7 8 88 15
7 8 396 1
7 9 3 6
7 10 24 1
7 11 127 26
7 16 3 26
7 20 1 28
7 23 12 19
7 25 136 1
7 26 37 2
8 0 300 17
8 1 36 16
8 2 77 1
8 3 73 26
8 4 58 1
8 5 18 4
8 7 7 1
8 9 8 1
8 10 50 1
8 11 175 1
8 12 24 1
8 13 139 1
8 14 1 6
8 16 67 26
8 17 1 28
8 18 2 22
8 19 2 22
8 20 252 3
8 24 19 19
8 25 125 3
8 27 1 23
9 0 1 5
9 1 195 1
9 2 9 22
9 4 30 1
9 5 33 18
9 6 386 1
9 8 15 1
9 10 8 5
9 11 1 6
9 13 8 23
9 14 21 1
9 18 17 28
9 19 52 1
9 23 19 5
9 24 91 3
10 1 1 4
10 3 2 8
10 4 16 1
10 6 252 2
10 8 45 2
10 9 198 1
10 11 1 17
10 12 3 10
10 13 96 1
10 14 45 1
10 15 30 1
10 16 53 1
10 17 99 1
10 18 1 11
10 19 36 1
10 24 2 14
10 25 184 1
10 27 39 22
11 0 1 8
11 2 75 1
11 3 2 11
11 5 2 21
11 6 14 15
11 7 6 25
11 8 22 1
11 9 1 24
11 10 90 1
11 12 173 3
11 14 45 2
11 15 127 9
11 20 1 28
11 23 118 6
11 24 236 1
11 25 141 1
11 26 3 20
11 27 1 21
12 1 82 2
12 4 1 6
12 6 5 14
12 8 44 2
12 9 72 1
12 10 93 21
12 17 87 5
12 20 22 2
12 22 1 3
12 23 78 2
12 24 8 4
12 25 17 2
13 2 25 4
13 4 23 1
13 5 2 29
13 7 16 27
13 10 5 14
13 11 2 5
13 12 2 24
13 14 1 17
14 5 1 12
14 8 70 2
14 9 165 1
14 10 1 23
14 11 21 1
14 12 1 14
14 13 1 22
14 15 3 19
14 24 2 25
15 6 49 10
15 7 4 2
15 10 54 1
15 11 5 3
15 14 4 1
15 17 1 14
15 18 1 24
15 21 1 9
16 0 121 19
16 1 20 9
16 3 25 26
16 4 125 2
16 5 19 25
16 7 7 18
16 8 71 24
16 9 2 21
16 17 5 10
16 18 47 27
16 19 25 20
16 24 39 17
17 1 51 23
17 2 161 1
17 3 1 27
17 12 1 11
17 15 10 14
17 16 80 1
17 19 86 2
18 0 2 9
18 4 106 1
18 5 9 28
18 9 36 1
18 10 2 8
18 11 109 8
18 12 8 16
18 13 5 10
18 14 20 1
18 16 195 1
18 17 5 27
19 0 5 16
19 1 1 8
19 10 1 10
19 16 48 3
19 20 9 24
20 2 32 19
20 3 1 23
20 4 195 14
20 5 1 22
20 7 88 1
20 8 142 1
20 10 1 27
20 11 1 18
20 14 67 10
20 16 28 8
20 19 47 1
21 0 1 17
21 9 1 1
21 18 20 2
21 22 19 1
21 25 11 4
21 27 5 10
22 2 11 3
22 3 24 12
22 10 32 23
22 12 5 5
22 21 14 27
22 27 1 26
23 10 2 11
23 15 1 15
23 22 1 7
23 24 21 1
23 27 1 13
24 0 41 19
24 1 62 5
24 3 29 9
24 5 34 17
24 7 51 2
24 8 19 28
24 9 2 28
24 11 1 26
24 16 41 19
24 23 1 15
24 26 1 22
25 2 30 5
25 6 92 2
25 7 1 18
25 9 103 1
25 10 2 17
25 11 13 24
25 18 3 20
25 23 4 24
25 24 37 1
25 26 2 29
25 27 15 7
26 1 1 6
26 3 18 6
26 6 78 9
26 8 33 3
26 10 1 11
26 18 3 19
26 23 2 8
26 27 115 2
27 3 49 1
27 9 2 11
27 10 1 2
27 11 224 1
27 17 1 21
27 25 1 16
