0 1 2 5
0 2 248 1
0 3 27 25
0 4 3 12
0 5 54 25
0 7 7 7
0 8 115 16
0 9 1 15
0 10 221 1
0 12 108 1
0 15 51 3
0 16 204 5
0 17 5 1
0 19 1 3
0 20 1 25
0 21 60 16
0 24 2 15
0 25 101 1
1 0 28 26
1 2 105 1
1 3 30 11
1 4 52 12
1 5 35 18
1 6 5 1
1 7 95 1
1 8 1 19
1 9 10 4
1 11 67 2
1 12 1 3
1 13 74 1
1 15 6 17
1 16 1 5
1 17 238 1
1 18 207 22
1 19 109 2
1 20 28 1
1 22 1 14
1 24 26 9
1 26 1 12
2 0 33 1
2 1 6 12
2 3 114 1
2 4 7 1
2 6 3 21
2 7 2 6
2 8 68 1
2 9 120 1
2 10 21 1
2 11 35 1
2 12 63 4
2 13 1 25
2 15 33 10
2 16 68 18
2 17 1 13
2 18 2 3
2 20 2 2
2 23 1 10
3 0 263 26
3 1 3 13
3 5 33 15
3 6 1 11
3 7 2 16
3 8 1 1
3 9 115 1
3 10 78 1
3 11 144 1
3 16 2 18
3 20 57 1
3 23 35 18
3 24 110 6
4 0 69 11
4 1 100 1
4 2 77 1
4 3 2 2
4 5 3 23
4 6 317 1
4 7 123 2
4 8 75 1
4 9 2 1
4 10 1 24
4 14 18 29
4 15 66 4
4 17 20 9
4 18 119 1
4 19 102 23
4 22 68 2
4 25 91 8
5 0 1 2
5 1 171 8
5 3 60 26
5 4 4 24
5 6 6 1
5 7 120 1
5 8 72 18
5 9 18 12
5 10 20 1
5 11 191 3
5 12 116 1
5 13 4 3
5 16 59 5
5 18 1 29
5 23 3 19
5 24 17 29
6 0 12 7
6 1 82 1
6 2 2 9
6 3 131 16
6 4 6 25
6 5 66 3
6 7 26 1
6 8 47 18
6 9 277 1
6 10 3 28
6 12 1 23
6 13 3 23
6 17 2 1
7 0 216 1
7 1 3 25
7 2 1 5
7 3 1 24
7 5 1 3
7 6 87 1
7 8 248 1
7 9 1 1
7 10 11 1
7 11 158 6
7 13 139 2
7 15 198 15
7 17 233 1
7 19 1 8
7 20 26 10
7 21 45 7
7 24 76 1
7 25 112 1
7 27 1 23
8 0 2 17
8 1 4 1
8 2 68 1
8 3 82 24
8 4 40 1
8 5 317 1
8 6 9 8
8 7 35 1
8 9 13 2
8 10 26 10
8 11 370 22
8 12 17 1
8 13 129 1
8 14 1 15
8 15 37 14
8 16 400 29
8 17 2 23
8 18 69 22
8 20 245 1
8 24 190 4
8 25 116 1
9 1 174 1
9 3 20 1
9 4 14 1
9 5 56 11
9 6 58 1
9 7 3 4
9 8 74 1
9 10 1 18
9 12 209 1
9 14 166 1
9 18 1 21
9 26 1 20
10 0 2 3
10 1 4 24
10 2 3 10
10 3 41 28
10 6 195 1
10 7 1 1
10 8 29 1
10 9 241 8
10 11 4 21
10 12 2 13
10 13 75 1
10 14 159 1
10 15 17 1
10 16 49 4
10 17 91 1
10 18 1 13
10 19 33 3
10 21 88 8
10 23 22 1
10 24 10 10
10 25 172 1
11 0 323 20
11 1 1 18
11 2 61 2
11 3 20 28
11 4 210 2
11 5 2 28
11 7 2 11
11 8 356 1
11 9 1 12
11 10 51 1
11 12 166 1
11 14 261 26
11 15 287 20
11 19 56 2
11 22 15 3
11 23 43 15
11 24 149 1
11 25 132 1
11 26 2 29
11 27 1 5
12 0 1 19
12 1 75 1
12 2 77 6
12 4 4 2
12 5 123 2
12 6 1 11
12 8 35 2
12 9 44 1
12 10 92 4
12 13 2 12
12 14 1 24
12 16 84 2
12 23 75 1
13 0 7 2
13 1 91 2
13 8 30 22
13 9 1 26
13 10 1 23
13 11 1 15
13 12 2 24
13 14 1 22
13 17 2 2
13 25 8 6
14 0 1 17
14 1 55 3
14 5 1 12
14 8 53 1
14 9 154 1
14 10 12 4
14 11 221 1
14 12 8 27
14 13 1 24
14 18 58 3
14 19 9 1
14 21 5 18
14 25 1 19
15 3 2 18
15 7 5 7
15 8 23 1
15 10 37 1
15 11 9 25
15 12 11 22
15 13 7 24
15 17 5 9
16 0 37 9
16 1 22 4
16 3 2 22
16 4 115 1
16 5 31 1
16 7 8 24
16 8 53 11
16 9 2 20
16 13 2 19
16 17 21 25
16 18 1 7
16 24 2 23
16 26 33 18
17 1 2 13
17 4 1 17
17 5 1 13
17 8 19 2
17 11 8 1
17 13 1 26
17 16 55 1
17 18 12 23
17 27 48 1
18 0 36 26
18 1 23 12
18 2 16 5
18 4 75 1
18 6 2 19
18 9 30 1
18 15 1 8
18 16 166 1
19 0 1 28
19 2 27 3
19 3 27 22
19 7 28 2
19 8 2 1
19 9 5 2
19 10 3 9
19 17 20 5
19 20 20 21
19 23 4 1
20 0 13 1
20 1 208 13
20 2 1 20
20 3 8 1
20 5 1 27
20 7 77 1
20 9 77 2
20 14 1 26
20 19 19 1
20 23 2 5
21 5 1 24
21 8 93 13
21 9 35 11
21 17 18 18
21 22 18 1
21 24 24 6
21 26 10 12
22 8 143 1
22 10 5 12
22 25 1 23
22 26 2 19
23 2 1 25
23 9 1 19
23 10 81 17
23 15 1 4
23 22 7 26
23 24 16 4
24 0 49 19
24 1 17 17
24 3 2 2
24 4 85 1
24 5 61 1
24 6 3 28
24 7 39 1
24 8 66 29
24 11 2 21
24 16 98 5
24 22 3 19
24 23 5 20
24 25 5 6
25 0 42 2
25 6 86 4
25 7 1 25
25 8 4 2
25 9 100 1
25 11 93 5
25 12 1 2
25 18 2 7
25 19 14 8
25 24 34 1
25 26 4 7
26 0 12 1
26 1 14 22
26 4 1 21
26 8 31 1
26 9 3 3
26 10 5 28
26 12 48 4
26 15 2 2
26 17 1 16
26 19 15 2
26 22 2 10
26 27 102 1
27 11 213 1
27 17 1 22
