0 1 85 10
0 2 212 1
0 3 197 1
0 4 1 8
0 5 247 1
0 6 6 1
0 7 9 5
0 8 280 1
0 10 206 1
0 11 338 1
0 12 102 1
0 16 193 1
0 18 3 1
0 19 1 25
0 23 1 7
0 24 202 1
1 0 284 1
1 2 174 1
1 3 265 1
1 4 8 12
1 5 3 1
1 6 1 22
1 7 67 1
1 8 128 1
1 9 1 25
1 12 20 10
1 14 79 1
1 15 1 15
1 16 39 1
1 17 207 1
1 18 1 6
1 19 92 1
1 21 1 18
1 22 1 24
1 24 41 1
1 25 41 3
1 26 1 20
2 0 120 1
2 1 53 29
2 3 15 1
2 6 49 15
2 7 7 11
2 8 183 1
2 15 31 6
2 16 17 3
2 17 1 11
2 18 1 24
2 25 30 1
3 0 12 20
3 1 282 1
3 2 9 14
3 4 28 1
3 5 38 1
3 6 2 6
3 7 3 17
3 8 108 1
3 9 105 3
3 11 105 1
3 14 54 1
3 16 11 14
3 17 1 11
3 20 38 2
3 24 100 1
3 25 14 2
4 0 176 21
4 1 32 1
4 2 53 1
4 3 19 1
4 5 89 16
4 6 158 1
4 7 103 1
4 8 58 1
4 10 5 4
4 11 23 19
4 14 3 10
4 15 61 3
4 17 26 1
4 18 102 1
4 19 1 3
4 22 65 6
5 0 19 13
5 1 260 1
5 2 1 28
5 3 66 1
5 4 6 24
5 6 13 22
5 7 92 1
5 8 162 1
5 9 19 20
5 12 95 1
5 16 60 1
5 20 118 1
5 24 183 1
5 26 28 6
6 1 52 1
6 2 4 17
6 4 22 17
6 5 16 1
6 8 58 14
6 9 228 1
6 10 7 1
6 11 51 2
6 12 16 2
6 13 1 9
6 15 1 18
6 24 1 18
7 0 174 1
7 1 2 19
7 3 79 29
7 4 269 2
7 6 44 1
7 8 328 1
7 11 318 1
7 12 10 1
7 14 121 1
7 15 44 1
7 18 163 1
7 19 2 14
7 20 2 7
7 23 1 21
7 24 55 1
7 25 78 1
8 0 140 6
8 1 100 9
8 2 76 1
8 3 85 1
8 4 31 1
8 5 222 1
8 6 49 20
8 9 293 1
8 10 9 2
8 11 159 10
8 12 9 3
8 13 114 1
8 14 26 19
8 16 340 1
8 17 20 3
8 18 2 4
8 19 18 10
8 20 233 2
8 22 34 3
8 24 105 1
8 25 102 1
8 27 2 4
9 1 142 1
9 2 10 7
9 5 82 16
9 6 262 1
9 7 101 26
9 8 37 1
9 12 35 26
9 14 156 2
9 18 2 4
9 19 46 1
9 20 110 1
9 24 87 3
9 25 1 18
10 1 273 18
10 2 6 8
10 4 2 4
10 6 114 1
10 7 2 18
10 8 227 1
10 9 126 1
10 11 17 11
10 12 6 6
10 14 71 1
10 15 4 3
10 17 79 1
10 19 29 1
10 20 2 22
10 22 2 12
10 23 15 1
10 24 14 21
10 25 153 1
10 27 1 5
11 2 43 1
11 3 81 17
11 6 1 22
11 7 295 1
11 8 308 1
11 9 1 23
11 10 12 2
11 14 254 1
11 15 120 1
11 21 2 18
11 22 9 3
11 23 8 2
11 24 124 1
11 25 270 1
11 26 7 13
12 4 1 7
12 5 102 1
12 6 5 19
12 8 23 1
12 9 15 1
12 10 3 29
12 14 29 1
12 17 77 3
12 18 8 2
12 22 1 13
12 23 69 1
12 25 12 9
13 1 88 3
13 3 28 21
13 4 17 2
13 7 162 26
13 8 3 27
13 9 2 6
13 11 1 27
13 12 4 12
13 14 2 5
13 20 10 7
14 0 9 23
14 1 48 2
14 5 30 18
14 8 31 1
14 10 149 1
14 11 177 1
14 12 2 18
14 13 3 9
14 15 51 23
14 18 57 5
14 23 1 4
14 25 2 28
15 4 1 23
15 7 8 11
15 9 74 2
15 10 17 1
15 11 1 2
15 12 4 14
15 14 1 6
15 17 1 29
15 23 1 2
15 26 1 7
16 0 372 1
16 1 85 1
16 3 189 1
16 4 101 1
16 5 15 19
16 7 1 1
16 8 188 1
16 9 2 23
16 10 109 3
16 12 1 11
16 18 4 28
16 24 102 1
17 0 19 1
17 2 125 1
17 3 1 13
17 4 3 15
17 6 1 5
17 7 22 3
17 9 1 22
17 10 1 13
17 13 1 3
17 15 1 12
17 18 65 15
17 19 75 2
17 24 55 1
17 27 45 9
18 0 136 1
18 1 4 11
18 4 38 1
18 5 17 8
18 6 1 28
18 8 1 7
18 10 11 26
18 15 2 2
18 16 124 1
19 0 4 2
19 1 1 24
19 2 24 6
19 3 3 4
19 10 3 16
19 20 10 4
20 0 4 1
20 1 13 6
20 2 23 16
20 3 5 4
20 7 61 1
20 8 116 2
20 9 72 1
20 15 29 4
20 18 1 10
20 22 1 25
20 24 83 14
21 20 18 1
21 24 24 1
22 0 61 1
22 7 3 1
22 8 138 1
22 9 13 6
22 10 68 20
22 11 8 5
22 12 84 24
22 26 3 19
23 9 3 7
23 11 220 1
23 24 9 10
24 0 257 1
24 1 194 1
24 2 4 18
24 3 176 1
24 4 83 1
24 5 46 17
24 6 45 29
24 7 24 1
24 8 192 1
24 10 29 1
24 11 31 6
24 12 52 2
24 15 5 14
24 16 67 1
24 26 10 24
25 0 37 1
25 4 1 6
25 6 78 3
25 7 2 23
25 8 120 7
25 10 7 25
25 11 3 29
25 14 1 17
25 17 1 2
25 19 14 16
26 1 1 18
26 2 29 1
26 4 1 17
26 5 25 5
26 7 3 22
26 9 3 10
26 10 4 20
26 11 3 12
26 12 46 14
26 14 9 2
26 20 1 29
27 4 5 13
27 5 1 12
27 7 176 4
27 9 4 9
27 11 195 1
27 12 1 5
27 25 5 9
27 26 1 15
