0 1 8 12
0 2 167 1
0 3 26 5
0 4 61 3
0 5 17 15
0 6 368 1
0 7 49 2
0 8 12 22
0 9 1 4
0 11 5 28
0 14 1 9
0 15 38 3
0 16 12 23
0 17 5 9
0 18 3 6
0 19 7 20
0 20 14 16
0 23 1 27
0 24 12 19
0 25 90 2
0 26 9 16
1 0 12 16
1 2 140 1
1 3 10 26
1 4 32 14
1 5 12 19
1 6 5 29
1 7 40 1
1 8 11 21
1 9 1 7
1 10 3 24
1 11 267 1
1 12 1 16
1 16 21 14
1 17 197 1
1 18 1 11
1 19 72 1
1 21 34 15
1 24 16 16
1 27 87 1
2 0 88 1
2 1 1 13
2 3 3 23
2 5 16 1
2 6 1 12
2 7 41 3
2 8 98 1
2 9 91 2
2 11 9 1
2 15 29 13
2 17 7 18
2 21 1 1
2 23 4 26
3 0 10 14
3 1 203 16
3 2 6 16
3 5 12 3
3 6 2 9
3 7 29 24
3 8 9 4
3 9 93 2
3 10 35 1
3 11 65 1
3 13 1 11
3 16 12 12
3 17 1 5
3 20 20 2
3 21 20 18
3 22 4 24
3 24 12 16
3 27 1 3
4 2 30 1
4 3 215 2
4 5 1 20
4 6 80 1
4 7 82 1
4 8 274 1
4 9 3 10
4 10 2 10
4 12 10 1
4 14 2 28
4 15 56 2
4 17 1 16
4 18 70 1
4 20 149 3
4 24 30 1
4 26 6 18
4 27 2 16
5 0 16 25
5 1 10 9
5 2 1 9
5 3 12 29
5 4 170 17
5 6 99 3
5 7 63 1
5 8 177 13
5 9 101 7
5 11 236 1
5 12 71 1
5 16 12 3
5 18 1 13
5 24 15 22
6 0 9 13
6 1 24 1
6 2 16 20
6 3 9 1
6 4 20 24
6 5 322 1
6 7 1 25
6 8 19 25
6 9 74 1
6 10 25 3
6 11 367 1
6 12 291 10
6 13 2 28
6 15 2 6
6 26 1 26
7 0 128 1
7 1 1 17
7 2 1 3
7 3 62 1
7 4 262 1
7 6 11 2
7 8 201 1
7 11 281 1
7 12 8 2
7 14 94 2
7 15 20 1
7 18 158 3
7 23 3 14
7 24 34 2
7 25 45 1
8 0 11 1
8 1 57 19
8 2 6 1
8 3 22 15
8 4 222 1
8 5 7 19
8 6 45 2
8 7 2 6
8 9 276 12
8 10 39 10
8 11 331 1
8 13 96 1
8 15 1 16
8 16 11 16
8 18 74 29
8 19 9 3
8 20 218 1
8 24 114 27
8 25 85 2
8 27 1 3
9 1 108 1
9 5 90 28
9 6 126 1
9 7 1 29
9 10 377 1
9 12 85 1
9 13 1 3
9 14 8 1
9 18 3 22
9 19 41 4
9 20 103 5
9 22 1 20
9 23 10 3
9 24 2 1
10 1 1 20
10 2 3 16
10 5 3 27
10 6 44 1
10 7 1 9
10 8 290 1
10 9 66 1
10 11 10 16
10 12 1 8
10 13 24 1
10 14 11 1
10 19 24 1
10 20 1 22
10 22 6 25
10 24 1 25
10 25 131 1
10 27 3 18
11 0 1 15
11 2 25 1
11 3 2 25
11 4 183 1
11 7 176 6
11 8 238 1
11 9 3 1
11 12 140 1
11 14 47 1
11 15 251 1
11 19 43 1
11 20 3 23
11 21 8 1
11 24 210 1
11 25 180 1
11 26 1 9
11 27 208 3
12 0 1 8
12 1 52 1
12 3 56 4
12 4 24 10
12 7 222 1
12 8 13 1
12 10 267 27
12 13 1 5
12 14 1 7
12 16 79 2
12 18 3 7
12 20 15 6
12 21 1 6
12 22 2 21
12 24 3 15
13 0 2 21
13 1 83 4
13 5 3 27
13 8 1 26
13 11 1 16
13 12 1 10
13 16 1 24
14 1 40 1
14 4 123 6
14 5 30 1
14 8 12 2
14 9 115 1
14 10 96 19
14 11 124 1
14 13 50 3
14 15 1 23
14 21 1 5
15 1 15 1
15 3 2 9
15 4 1 20
15 5 1 16
15 6 4 19
15 7 1 9
15 10 3 3
15 11 280 1
15 14 1 8
15 20 96 12
15 21 3 3
15 25 2 14
16 0 12 11
16 1 12 19
16 3 12 21
16 4 84 1
16 5 11 27
16 8 14 7
16 9 1 19
16 18 1 23
16 20 2 28
16 24 19 24
17 0 317 1
17 1 142 27
17 2 100 1
17 3 195 16
17 4 1 1
17 6 2 17
17 7 41 6
17 9 1 19
17 10 227 1
17 15 51 4
17 16 5 1
17 18 1 2
17 19 68 1
17 21 1 21
17 25 1 21
17 26 1 11
18 0 132 1
18 3 89 26
18 4 10 1
18 5 4 24
18 8 4 5
18 12 21 25
18 15 2 19
18 16 79 1
18 20 1 1
18 22 3 14
19 0 3 8
19 1 6 29
19 8 1 13
19 11 4 2
19 15 8 12
19 17 11 2
19 20 12 18
20 1 2 13
20 3 45 11
20 7 44 3
20 10 197 6
20 19 3 8
20 25 91 7
21 6 1 15
21 7 11 25
21 10 37 3
21 11 1 8
21 13 1 26
21 23 11 1
22 3 21 29
22 7 1 2
22 10 1 3
22 11 2 4
22 12 85 2
22 15 13 6
22 27 2 29
23 4 1 19
23 7 1 28
23 8 84 2
23 12 6 11
23 13 1 14
23 15 12 27
23 18 20 1
23 24 16 1
23 27 19 20
24 0 14 25
24 1 12 20
24 3 11 15
24 5 11 28
24 8 12 22
24 9 29 28
24 10 18 3
24 11 6 2
24 14 1 10
24 15 7 15
24 16 11 13
24 17 88 1
24 23 4 2
24 26 2 20
25 0 30 2
25 4 1 25
25 5 1 11
25 6 68 3
25 7 1 7
25 8 1 18
25 9 89 1
25 10 1 5
25 11 3 11
25 12 1 29
25 15 31 5
25 17 1 29
25 23 12 22
25 24 25 4
26 0 9 3
26 5 24 8
26 11 1 20
26 27 55 1
27 3 47 6
27 5 1 16
27 6 26 1
27 7 173 13
27 8 48 1
27 9 10 2
27 10 2 18
27 11 172 1
27 22 1 15
27 25 8 19
