0 1 52 1
0 2 112 1
0 3 23 1
0 4 288 8
0 5 1 4
0 6 332 1
0 7 114 18
0 8 21 22
0 9 175 14
0 11 328 1
0 12 84 2
0 16 174 9
0 17 7 25
0 19 4 23
0 20 2 18
0 23 1 11
0 24 81 27
0 25 82 1
0 26 7 14
1 0 348 27
1 2 19 1
1 3 90 8
1 4 12 14
1 5 1 19
1 6 4 27
1 8 1 27
1 9 1 3
1 11 60 2
1 13 57 2
1 14 59 1
1 15 3 2
1 16 67 12
1 17 58 1
1 22 82 3
1 24 130 26
2 0 48 1
2 1 294 15
2 3 11 7
2 4 1 25
2 6 1 3
2 7 146 2
2 8 19 1
2 9 73 1
2 10 1 8
2 12 2 4
2 13 1 7
2 15 26 6
2 16 14 9
2 17 1 1
3 0 284 16
3 2 6 6
3 5 216 25
3 6 1 16
3 7 3 7
3 8 42 1
3 13 2 17
3 16 44 19
3 22 3 19
3 24 48 20
3 25 6 4
3 27 1 8
4 1 3 23
4 2 10 1
4 5 1 1
4 6 221 1
4 7 58 2
4 8 210 1
4 9 9 22
4 11 244 14
4 12 2 5
4 15 49 2
4 16 151 3
4 17 15 24
4 18 16 1
4 24 26 1
5 0 1 23
5 1 14 1
5 3 1 12
5 6 2 22
5 7 34 1
5 8 4 24
5 9 109 21
5 11 226 3
5 12 45 1
5 16 1 1
5 24 1 7
6 0 2 4
6 2 101 29
6 3 265 24
6 4 6 3
6 5 60 1
6 7 4 7
6 8 104 25
6 9 38 1
6 10 2 10
6 11 357 1
6 12 270 1
6 13 11 15
6 15 1 16
6 18 198 2
6 22 93 1
6 23 10 6
6 24 4 25
6 25 2 14
7 0 80 1
7 1 46 26
7 2 4 5
7 3 319 1
7 5 5 25
7 8 325 1
7 9 2 22
7 10 1 25
7 11 223 1
7 14 65 1
7 15 6 1
7 16 17 12
7 17 12 1
7 23 2 8
7 24 15 3
7 25 16 1
8 1 110 28
8 2 2 25
8 3 135 19
8 4 151 1
8 5 315 1
8 6 342 2
8 7 9 25
8 9 194 1
8 10 295 21
8 11 300 1
8 13 75 1
8 14 19 9
8 15 1 28
8 16 39 23
8 17 114 19
8 19 1 18
8 20 199 1
8 21 84 3
8 22 19 2
8 23 132 3
8 24 21 28
8 26 3 29
9 0 27 22
9 1 70 1
9 4 1 16
9 5 13 1
9 6 21 1
9 7 4 27
9 10 321 1
9 11 7 7
9 12 66 1
9 13 2 6
9 14 129 1
9 17 100 1
9 18 1 19
9 19 36 3
9 23 7 6
9 25 1 9
10 2 1 22
10 4 1 15
10 5 3 9
10 6 2 1
10 7 2 20
10 8 147 1
10 9 29 1
10 11 47 13
10 12 3 21
10 14 1 11
10 15 1 29
10 16 34 1
10 17 52 1
10 18 118 17
10 20 4 3
10 22 8 26
10 23 2 10
10 24 2 6
10 25 104 1
11 0 319 2
11 1 4 25
11 3 23 10
11 4 165 1
11 5 2 1
11 6 7 14
11 7 8 24
11 8 157 1
11 10 2 15
11 12 123 3
11 13 4 23
11 14 15 1
11 15 215 1
11 16 46 1
11 17 176 1
11 19 34 2
11 21 1 24
11 24 25 20
11 25 93 1
11 27 203 3
12 1 38 2
12 2 58 5
12 4 1 21
12 5 51 2
12 7 217 3
12 9 1 10
12 10 255 1
12 13 1 6
12 14 1 8
12 15 115 2
12 17 62 2
12 18 3 24
12 21 1 2
12 22 2 16
12 23 55 1
12 26 46 2
13 2 22 2
13 3 2 12
13 6 1 21
13 7 12 6
13 8 7 25
13 9 9 4
13 12 9 26
13 23 2 20
13 24 24 24
14 1 30 3
14 4 115 3
14 5 30 12
14 7 4 28
14 10 316 1
14 11 64 1
14 12 57 16
14 13 14 21
14 15 47 1
14 16 1 24
14 23 1 10
15 1 106 1
15 2 28 1
15 3 1 18
15 6 1 11
15 7 3 19
15 8 1 1
15 9 50 1
15 11 258 1
15 14 10 16
15 17 12 15
15 20 96 1
15 23 29 5
15 27 1 21
16 0 100 20
16 1 1 3
16 3 228 1
16 4 64 1
16 5 126 1
16 6 1 28
16 7 1 12
16 8 29 1
16 11 3 13
16 17 85 12
16 18 7 2
16 19 33 18
16 24 1 9
16 25 40 4
16 26 33 27
17 0 297 1
17 1 46 1
17 2 72 1
17 5 1 16
17 6 1 4
17 7 2 22
17 9 1 6
17 12 1 3
17 15 1 20
17 18 7 19
18 0 162 3
18 10 16 26
18 12 22 14
18 14 11 2
18 16 35 1
18 24 2 2
19 0 2 20
19 1 4 6
19 2 17 3
19 8 1 18
19 10 1 6
19 20 28 1
20 2 3 19
20 3 2 8
20 4 195 8
20 7 28 1
20 8 79 1
20 11 7 10
20 14 2 23
20 15 21 1
20 17 157 1
20 18 6 14
20 19 3 13
21 9 5 14
21 11 94 26
21 22 11 4
22 0 56 1
22 4 2 23
22 5 21 18
22 8 122 3
22 13 1 8
22 21 22 17
22 23 10 1
22 25 1 4
23 0 7 4
23 4 2 26
23 7 1 19
23 10 24 11
23 11 203 1
23 27 1 23
24 0 75 1
24 1 34 22
24 3 55 16
24 4 74 7
24 5 20 19
24 8 1 1
24 9 1 14
24 11 23 10
24 16 1 21
24 19 17 11
24 21 16 3
24 27 13 1
25 2 21 2
25 5 3 1
25 7 3 1
25 8 1 29
25 9 81 1
25 10 11 14
25 11 138 4
25 14 1 26
25 17 1 2
25 26 3 16
26 0 7 5
26 6 69 1
26 9 4 14
26 11 1 15
27 5 10 10
27 6 21 1
27 8 39 1
27 11 143 1
27 22 14 6
27 23 12 26
27 25 1 14
