0 2 96 1
0 3 310 1
0 5 297 20
0 6 319 1
0 7 5 2
0 8 1 15
0 9 175 16
0 10 156 2
0 11 323 1
0 13 1 6
0 14 1 27
0 15 28 1
0 16 157 1
0 17 1 4
0 19 2 13
0 20 1 13
0 23 2 6
0 24 113 1
0 26 7 5
1 0 283 1
1 2 17 1
1 3 265 1
1 4 330 8
1 5 4 3
1 6 33 13
1 7 10 2
1 8 154 12
1 9 1 25
1 10 399 1
1 11 55 2
1 12 3 12
1 14 56 1
1 15 1 27
1 16 27 1
1 17 132 1
1 19 43 2
1 20 2 1
1 24 6 22
2 0 36 1
2 1 39 14
2 3 48 25
2 4 1 22
2 6 258 21
2 7 2 8
2 8 3 1
2 9 67 1
2 10 1 13
2 17 2 4
2 19 29 2
2 26 23 8
3 0 47 1
3 1 278 1
3 2 8 26
3 4 1 3
3 5 71 1
3 6 1 29
3 7 151 18
3 8 141 1
3 9 74 3
3 10 11 2
3 12 2 8
3 13 4 6
3 14 46 1
3 15 12 2
3 16 343 1
3 17 1 14
3 18 2 11
3 20 3 3
3 24 62 27
3 27 1 3
4 0 1 18
4 1 5 13
4 3 199 1
4 5 60 1
4 6 184 1
4 7 51 1
4 8 187 1
4 9 6 15
4 10 7 28
4 11 244 1
4 16 145 1
4 17 2 21
4 18 3 1
4 19 3 21
4 20 134 2
4 25 77 6
4 26 1 11
5 0 70 1
5 1 31 1
5 2 2 5
5 3 71 1
5 6 248 3
5 6 205 1
5 7 26 1
5 8 123 1
5 11 222 2
5 12 38 1
5 16 283 1
5 18 1 15
5 24 17 14
6 0 1 6
6 2 16 23
6 3 13 4
6 4 9 20
6 5 14 1
6 7 7 17
6 8 104 22
6 9 6 1
6 10 1 19
6 11 352 1
6 13 1 14
6 14 5 24
6 15 1 14
6 16 157 1
6 17 1 15
6 18 193 1
6 21 1 3
6 25 29 27
7 0 66 1
7 1 4 29
7 2 2 29
7 3 90 1
7 4 230 1
7 5 3 19
7 6 1 7
7 8 36 1
7 9 2 6
7 10 3 9
7 11 135 1
7 13 92 1
7 14 56 2
7 15 180 1
7 18 148 4
7 19 1 24
7 21 33 1
7 23 17 16
7 25 10 1
8 0 158 6
8 1 396 1
8 2 3 21
8 3 67 9
8 4 130 1
8 5 44 6
8 6 136 2
8 7 7 21
8 9 165 1
8 10 181 28
8 11 97 1
8 13 68 1
8 15 2 9
8 16 19 1
8 17 2 10
8 18 1 20
8 19 2 2
8 20 192 2
8 24 171 1
8 25 61 1
8 26 5 24
8 27 2 4
9 1 59 1
9 4 3 26
9 5 136 1
9 6 5 1
9 7 18 1
9 8 1 28
9 10 9 1
9 11 7 19
9 12 187 1
9 14 120 1
9 18 1 10
9 20 93 2
9 22 1 2
9 27 77 1
10 2 6 22
10 3 25 3
10 4 1 8
10 5 1 27
10 7 59 9
10 8 178 1
10 9 158 1
10 11 7 11
10 12 4 12
10 13 2 2
10 14 1 15
10 15 2 25
10 16 32 2
10 17 47 3
10 18 1 28
10 19 16 4
10 25 96 1
11 0 314 1
11 1 9 7
11 3 3 14
11 5 2 3
11 6 303 16
11 7 257 1
11 8 133 1
11 9 1 11
11 10 10 24
11 13 5 5
11 14 203 1
11 15 42 25
11 23 4 27
11 24 162 1
11 25 56 1
11 26 38 21
11 27 54 26
12 1 34 3
12 3 48 1
12 4 1 24
12 5 43 1
12 6 1 2
12 9 2 12
12 10 74 1
12 13 6 18
12 14 4 27
12 16 74 7
12 22 1 7
12 26 45 8
13 1 75 3
13 3 1 16
13 5 2 18
13 8 69 19
13 9 3 8
13 11 1 29
13 12 3 26
13 17 78 9
14 2 2 2
14 6 1 12
14 7 1 5
14 9 80 1
14 10 275 1
14 11 49 1
14 13 13 2
14 15 31 1
14 22 5 17
14 23 1 13
14 24 2 27
14 25 3 29
14 27 1 19
15 4 29 15
15 5 5 14
15 6 1 29
15 7 5 9
15 11 179 1
15 12 1 3
15 14 1 2
15 16 5 12
15 23 27 1
15 27 1 4
16 0 26 1
16 1 65 24
16 2 2 29
16 3 11 1
16 5 66 1
16 7 7 21
16 8 148 12
16 9 1 27
16 17 83 1
16 18 4 21
16 19 8 7
16 20 6 27
16 24 46 1
17 0 287 1
17 1 147 2
17 2 63 1
17 3 23 2
17 4 1 14
17 7 4 15
17 8 11 2
17 9 1 6
17 10 1 22
17 12 5 6
17 14 9 1
17 15 51 22
18 1 30 3
18 5 1 29
18 8 6 9
18 10 1 21
18 12 22 27
18 16 24 1
18 17 1 1
19 0 47 19
19 1 1 4
19 8 2 15
19 9 8 18
19 10 1 21
19 14 5 2
19 18 52 17
19 20 27 1
20 0 1 6
20 6 1 10
20 7 23 1
20 9 55 1
20 10 10 21
20 18 9 4
20 19 38 10
21 9 5 20
21 13 13 8
21 14 12 14
21 16 27 1
21 25 9 7
22 3 19 20
22 8 119 1
22 13 1 8
22 23 17 1
22 26 1 6
23 0 1 22
23 2 2 10
23 6 1 23
23 7 8 21
23 10 3 28
23 14 1 3
23 17 62 2
23 24 9 3
24 0 245 3
24 1 8 29
24 3 71 12
24 5 86 25
24 6 2 3
24 8 3 6
24 9 1 17
24 10 6 4
24 11 14 21
24 12 42 7
24 13 17 2
24 14 33 6
24 16 5 28
24 26 11 25
24 27 12 1
25 0 21 1
25 3 63 5
25 4 4 10
25 5 1 20
25 6 53 1
25 7 11 1
25 10 11 15
25 11 2 22
25 20 81 7
25 24 18 1
26 1 1 9
26 9 4 11
26 10 17 9
26 11 4 17
26 15 1 11
26 24 1 27
26 27 19 1
27 4 1 4
27 7 11 25
27 8 37 1
27 9 2 6
27 10 1 2
27 11 133 1
27 12 68 3
27 18 1 7
27 25 1 2
27 26 1 9
