0 1 83 1
0 2 2 27
0 3 22 23
0 4 1 20
0 5 34 2
0 6 2 18
0 7 65 1
0 8 31 1
0 9 2 12
0 11 14 7
0 16 169 1
0 17 178 1
0 18 2 2
0 19 276 23
0 20 191 1
0 24 36 1
0 26 39 9
1 0 319 3
1 2 292 1
1 3 31 1
1 4 163 1
1 5 24 21
1 6 17 23
1 7 411 1
1 8 213 1
1 9 1 2
1 10 3 10
1 11 1 23
1 16 56 1
1 17 1 10
1 18 2 4
1 19 2 22
1 22 2 2
1 23 2 9
1 24 26 1
1 27 3 17
2 0 1 4
2 1 12 17
2 3 5 26
2 5 1 29
2 6 252 1
2 7 214 1
2 8 77 1
2 10 3 1
2 12 1 27
2 14 12 15
2 17 95 1
2 19 27 10
3 0 69 1
3 1 69 1
3 2 6 23
3 4 1 18
3 5 127 1
3 6 128 1
3 7 116 11
3 7 336 6
3 8 144 1
3 11 282 17
3 15 1 26
3 16 42 1
3 23 1 27
3 24 57 1
3 27 1 23
4 1 50 6
4 2 3 26
4 3 15 1
4 5 157 17
4 6 8 27
4 8 37 6
4 10 3 12
4 12 4 27
4 13 83 15
4 17 58 1
4 18 165 28
4 19 1 27
4 23 1 16
4 24 82 1
4 25 1 12
4 26 1 8
5 0 8 14
5 1 122 1
5 2 70 1
5 3 2 26
5 6 18 24
5 7 9 8
5 8 14 1
5 9 20 1
5 11 1 2
5 12 2 14
5 14 44 1
5 16 42 1
5 17 141 1
5 18 2 23
5 23 2 22
5 24 31 1
5 26 1 14
6 1 57 3
6 2 300 1
6 4 103 1
6 5 240 5
6 5 264 25
6 7 2 22
6 8 48 9
6 10 332 1
6 11 111 2
6 12 9 15
6 16 1 24
6 18 1 14
6 20 1 19
6 23 3 24
6 24 36 3
7 0 1 3
7 1 59 1
7 3 199 3
7 4 7 9
7 5 287 1
7 6 1 24
7 8 93 1
7 9 221 2
7 10 308 1
7 11 19 29
7 13 1 8
7 18 3 22
7 19 39 1
7 20 3 17
7 21 83 7
7 23 6 20
7 24 3 4
7 25 14 6
7 27 63 2
8 0 45 1
8 1 158 1
8 3 151 1
8 4 11 7
8 5 170 1
8 6 210 1
8 7 11 4
8 9 1 27
8 10 32 15
8 11 11 25
8 12 235 1
8 15 6 2
8 16 128 1
8 24 45 1
8 25 1 5
9 0 1 18
9 1 1 26
9 4 4 7
9 5 6 26
9 6 1 13
9 7 16 3
9 8 20 3
9 10 289 1
9 11 261 1
9 14 1 22
9 15 116 1
9 17 1 12
9 19 83 19
9 21 32 1
9 25 21 1
9 27 1 1
10 0 154 1
10 1 2 13
10 2 263 1
10 4 305 1
10 5 414 1
10 6 3 5
10 7 110 1
10 8 231 1
10 9 70 1
10 11 367 5
10 12 36 2
10 14 2 17
10 16 110 2
10 17 232 3
10 22 66 2
10 23 160 3
10 25 1 21
11 0 8 8
11 3 130 1
11 4 2 28
11 6 1 6
11 7 4 3
11 8 2 26
11 9 183 1
11 10 8 16
11 13 183 1
11 14 3 1
11 15 2 27
11 18 59 1
11 19 132 4
11 22 151 1
11 24 19 17
11 25 29 1
11 26 1 7
12 0 1 6
12 1 209 1
12 4 21 1
12 5 1 17
12 6 1 25
12 7 3 19
12 8 261 1
12 9 1 15
12 10 8 7
12 11 83 1
12 14 33 1
12 15 1 15
12 24 40 7
13 2 1 13
13 9 48 3
13 10 1 18
13 11 87 2
13 12 208 2
13 14 2 12
13 15 1 23
13 21 1 16
14 2 3 24
14 3 41 20
14 6 143 1
14 7 192 1
14 10 106 1
14 11 6 25
14 13 1 13
14 15 63 20
14 17 24 1
14 25 14 2
15 0 2 3
15 2 1 16
15 6 2 5
15 7 320 1
15 8 206 1
15 10 4 22
15 11 14 12
15 23 1 1
15 25 2 20
16 0 29 1
16 1 93 1
16 2 1 1
16 3 122 1
16 5 102 1
16 6 48 1
16 8 58 1
16 18 204 1
16 19 1 25
16 24 52 1
17 0 3 11
17 1 16 1
17 3 3 8
17 4 179 1
17 5 64 1
17 6 130 1
17 8 173 7
17 9 71 3
17 10 4 14
17 11 100 1
17 12 2 5
17 15 10 14
17 16 1 26
17 20 26 2
17 24 86 1
18 0 2 1
18 4 1 17
18 5 11 3
18 6 31 2
18 7 53 2
18 15 1 11
18 16 7 16
18 17 73 5
19 0 335 4
19 3 1 18
19 4 88 1
19 6 2 6
19 7 6 15
19 8 1 2
19 10 4 2
19 11 81 2
19 12 1 28
19 17 99 4
19 20 23 23
19 21 6 9
19 24 14 1
20 0 339 1
20 1 1 29
20 3 19 2
20 4 1 6
20 5 15 8
20 6 75 1
20 7 293 1
20 8 282 4
20 9 139 2
20 10 1 26
20 12 2 7
20 14 1 3
20 17 2 12
20 19 3 28
20 21 1 28
21 9 1 17
21 18 31 3
22 0 72 2
22 9 70 8
22 12 2 19
22 17 5 18
22 21 1 15
23 1 22 1
23 6 1 22
23 7 99 1
23 9 8 1
23 11 65 4
23 14 40 1
23 18 32 8
23 25 16 6
24 0 113 1
24 1 9 21
24 3 92 1
24 5 54 1
24 6 1 20
24 8 80 1
24 10 200 1
24 11 322 1
24 16 63 1
24 20 1 6
24 23 38 1
25 1 82 4
25 2 1 1
25 3 1 18
25 7 3 3
25 10 36 2
25 11 21 15
25 15 2 16
25 24 1 23
25 27 19 1
26 5 31 23
26 8 81 8
26 11 4 1
26 19 16 13
26 27 2 10
27 7 1 8
27 9 1 2
27 11 1 18
27 26 93 1
