0 1 1 14
0 3 1 1
0 4 293 1
0 6 150 1
0 7 9 16
0 8 40 11
0 10 77 2
0 14 11 23
0 17 1 16
0 18 136 1
0 19 1 4
0 20 1 2
0 21 55 1
0 22 1 4
0 25 51 3
1 0 132 1
1 2 330 25
1 3 15 2
1 4 374 1
1 5 229 17
1 6 2 22
1 7 1 20
1 8 1 18
1 9 358 5
1 10 328 1
1 11 220 1
1 12 41 4
1 14 23 1
1 15 1 17
1 16 10 19
1 17 21 1
1 20 2 17
1 23 82 1
2 1 1 1
2 3 63 1
2 4 5 6
2 5 1 25
2 8 5 21
2 10 6 3
2 14 5 1
2 15 14 10
2 17 33 25
2 18 4 12
3 0 4 26
3 1 88 1
3 2 3 16
3 5 7 3
3 6 141 29
3 7 261 1
3 8 1 4
3 12 7 29
3 19 3 8
3 26 26 3
3 27 1 19
4 0 334 4
4 1 30 2
4 2 2 5
4 3 114 1
4 5 21 1
4 9 2 17
4 10 8 1
4 11 3 24
4 12 190 25
4 14 20 14
4 16 74 1
4 17 171 20
4 18 1 4
4 20 92 2
4 21 64 2
4 27 7 1
5 0 1 3
5 2 1 5
5 4 159 1
5 6 74 5
5 8 251 1
5 9 4 1
5 10 12 26
5 11 159 1
6 0 298 2
6 1 8 4
6 3 218 1
6 4 1 28
6 5 430 1
6 7 33 7
6 8 15 14
6 9 9 14
6 10 114 1
6 11 221 1
6 12 140 2
6 13 1 24
6 14 1 4
6 15 6 14
6 17 2 8
6 18 122 1
6 20 171 3
6 21 1 13
6 22 70 1
6 25 11 5
6 26 1 16
7 1 332 28
7 2 11 23
7 4 129 1
7 5 17 27
7 6 68 29
7 8 1 10
7 9 39 20
7 10 21 26
7 11 97 24
7 12 132 1
7 13 38 2
7 15 54 1
7 16 1 22
7 17 195 2
7 20 29 1
7 21 19 9
7 23 26 8
7 25 8 12
8 0 60 15
8 1 108 1
8 2 6 23
8 3 60 1
8 5 3 19
8 6 20 9
8 7 17 11
8 9 37 1
8 10 75 10
8 11 5 1
8 12 1 14
8 13 13 3
8 14 277 1
8 17 2 10
8 20 117 2
8 23 99 2
8 24 166 22
8 25 12 3
9 2 1 17
9 4 47 26
9 5 3 15
9 6 4 29
9 7 1 7
9 8 3 6
9 10 7 1
9 11 1 20
9 12 22 1
9 14 34 2
9 15 3 7
9 16 115 2
9 17 43 3
9 19 19 1
9 21 2 17
9 22 3 22
9 24 55 1
9 26 5 2
10 0 1 19
10 1 388 1
10 2 1 24
10 3 241 2
10 4 3 14
10 5 2 20
10 6 25 10
10 7 2 1
10 8 9 24
10 9 5 15
10 13 2 10
10 14 3 7
10 15 5 1
10 16 14 1
10 18 135 21
10 22 2 15
10 24 3 14
10 25 21 2
10 26 1 3
11 0 244 1
11 2 2 9
11 5 171 1
11 6 383 1
11 7 25 10
11 9 1 13
11 10 3 16
11 12 62 1
11 13 1 5
11 14 14 1
11 15 9 9
11 17 127 1
11 21 60 8
11 23 52 1
11 24 4 1
11 25 7 22
11 26 1 23
12 1 4 2
12 4 5 11
12 6 255 1
12 8 1 17
12 9 64 21
12 10 183 1
12 13 68 6
12 16 60 6
12 18 70 27
12 21 2 3
13 0 12 1
13 6 69 1
13 9 40 5
13 10 180 1
13 11 6 26
13 12 117 2
14 0 4 26
14 3 33 1
14 6 18 18
14 8 1 25
14 10 2 1
14 11 1 6
14 15 1 20
15 2 16 3
15 6 1 18
15 7 5 11
15 8 1 20
15 10 3 14
15 11 2 25
15 12 2 17
15 14 39 1
15 19 1 16
15 20 89 4
15 22 4 12
15 24 14 8
15 25 1 19
16 1 34 23
16 3 27 8
16 4 11 1
16 5 8 4
16 6 1 17
16 7 47 20
16 8 111 1
16 9 1 8
16 15 20 2
16 17 211 1
16 18 187 1
16 22 1 5
17 0 157 1
17 1 157 1
17 4 11 15
17 5 1 22
17 6 31 8
17 7 1 6
17 8 222 1
17 12 41 10
17 14 1 17
17 16 1 29
17 18 74 23
17 19 26 1
17 20 6 26
17 22 1 25
17 26 1 26
18 4 5 28
18 6 1 27
18 7 8 4
18 8 40 25
18 10 15 15
18 12 1 5
18 16 1 6
18 17 186 1
18 21 24 19
18 27 1 1
19 0 11 28
19 1 1 4
19 11 1 18
19 20 81 1
20 0 32 24
20 4 168 2
20 6 1 17
20 8 19 2
20 15 6 14
20 18 3 29
20 19 48 2
20 22 1 24
20 23 67 4
20 25 91 9
21 0 2 10
21 3 3 9
21 4 15 23
21 7 1 29
21 10 13 8
21 13 2 26
21 14 1 7
21 15 10 16
22 0 45 1
22 12 110 1
22 19 6 16
23 0 5 12
23 1 1 12
23 9 1 22
23 10 5 16
23 11 94 2
23 13 1 15
23 14 3 18
24 0 108 6
24 3 6 24
24 5 22 3
24 6 40 2
24 10 1 25
24 11 4 1
24 23 1 13
24 25 3 13
25 0 4 3
25 6 19 3
25 7 249 1
25 8 5 1
25 10 5 3
25 11 433 1
25 14 3 18
25 17 7 4
25 19 9 13
25 20 66 2
25 23 1 5
25 27 8 2
26 1 3 11
26 4 1 3
26 6 54 2
26 7 3 10
26 27 1 9
27 4 1 27
27 9 1 22
27 11 41 2
27 12 66 26
27 17 37 26
27 25 89 2
27 26 64 1
