0 1 5 10
0 3 91 1
0 4 232 1
0 5 10 14
0 6 93 1
0 8 144 20
0 11 195 1
0 13 12 29
0 14 1 13
0 15 3 1
0 16 1 1
0 17 5 17
0 19 1 10
0 20 6 15
0 23 2 4
0 24 18 2
0 25 41 1
1 0 13 1
1 2 30 15
1 3 21 29
1 4 69 1
1 5 31 22
1 6 1 1
1 7 2 21
1 8 21 10
1 9 332 1
1 10 282 1
1 11 194 1
1 12 94 18
1 15 2 24
1 16 20 11
1 18 207 1
1 20 1 26
1 24 1 11
2 0 8 16
2 1 10 12
2 3 3 9
2 4 1 27
2 6 39 1
2 7 241 1
2 8 226 10
2 9 5 1
2 10 1 29
2 11 12 3
2 17 3 26
2 23 11 29
2 24 1 3
2 27 32 5
3 0 142 20
3 1 395 11
3 2 40 4
3 4 124 1
3 5 16 2
3 7 241 1
3 8 14 21
3 9 16 1
3 10 4 3
3 11 5 20
3 12 6 19
3 13 3 13
3 16 1 16
3 17 18 23
3 20 1 17
3 24 1 23
3 26 23 8
4 0 293 1
4 1 5 25
4 2 2 27
4 3 80 2
4 5 7 1
4 6 7 14
4 9 2 29
4 10 306 1
4 12 1 1
4 16 51 2
4 17 7 21
4 18 40 5
4 20 77 4
4 25 50 4
4 26 34 26
5 0 42 25
5 1 27 12
5 2 1 18
5 3 1 26
5 4 31 1
5 6 168 24
5 7 2 23
5 8 30 1
5 9 5 29
5 10 22 14
5 11 131 1
5 14 1 14
5 16 136 1
5 17 1 23
5 18 103 1
5 20 93 1
5 24 1 10
6 0 63 1
6 1 8 2
6 2 162 1
6 3 170 1
6 4 1 1
6 5 110 1
6 7 2 7
6 8 45 29
6 8 23 15
6 8 436 17
6 9 5 28
6 10 300 1
6 11 162 1
6 12 97 1
6 13 1 7
6 15 5 4
6 16 120 1
6 17 1 7
6 18 95 1
6 19 4 26
6 21 1 5
6 22 61 2
6 23 95 1
7 0 1 24
7 2 1 4
7 3 9 6
7 5 1 29
7 6 38 6
7 8 26 19
7 9 46 26
7 10 7 16
7 11 5 9
7 12 114 2
7 16 1 9
7 20 252 1
7 24 6 11
7 25 1 3
7 27 1 21
8 0 61 1
8 1 16 28
8 2 207 1
8 3 92 3
8 4 2 9
8 5 6 23
8 6 23 22
8 7 91 29
8 9 16 1
8 10 57 1
8 11 35 1
8 12 3 13
8 14 226 1
8 15 99 27
8 16 93 1
8 17 10 23
8 19 113 17
8 20 91 1
8 21 61 1
8 24 94 22
8 25 3 1
9 0 175 1
9 1 1 16
9 2 1 20
9 3 2 2
9 4 71 12
9 5 7 1
9 6 16 18
9 8 5 23
9 10 6 22
9 11 1 24
9 13 1 22
9 14 13 2
9 15 3 14
9 16 108 1
9 17 29 1
9 18 14 1
9 19 14 2
9 21 3 26
10 0 1 4
10 1 357 1
10 2 1 19
10 3 200 2
10 4 2 8
10 5 15 17
10 6 3 15
10 7 5 16
10 8 54 10
10 9 10 2
10 11 440 3
10 13 4 27
10 14 6 17
10 15 63 15
10 16 10 1
10 19 1 7
10 22 2 25
10 23 3 24
10 24 1 13
10 25 6 5
10 27 146 22
11 0 205 1
11 1 1 4
11 2 12 27
11 3 2 1
11 4 71 2
11 5 4 2
11 6 337 1
11 7 11 5
11 8 3 24
11 9 3 29
11 10 21 18
11 13 20 2
11 15 100 27
11 17 109 4
11 21 4 6
11 23 35 1
11 25 4 27
11 26 1 12
11 27 142 1
12 3 19 5
12 4 1 29
12 5 1 19
12 6 215 1
12 7 166 1
12 8 8 1
12 9 4 29
12 10 130 2
12 13 2 11
12 17 24 1
12 21 2 24
12 22 30 10
12 26 35 19
12 27 3 9
13 6 64 4
13 7 118 1
13 9 9 28
13 10 120 1
13 11 1 6
13 12 97 7
13 14 4 15
13 24 18 1
14 3 27 1
14 4 65 2
14 5 26 13
14 6 20 24
14 7 1 21
14 8 15 5
14 10 26 19
14 11 8 28
14 12 54 1
14 13 5 15
14 15 17 16
14 17 1 1
14 20 1 24
14 26 2 14
14 27 10 19
15 3 2 27
15 5 1 19
15 8 2 6
15 10 1 9
15 11 35 5
15 12 17 11
15 14 17 2
15 26 3 23
16 0 1 13
16 1 11 9
16 3 69 21
16 5 125 2
16 6 2 22
16 9 2 3
16 11 2 16
16 12 1 25
16 17 132 1
16 18 160 1
16 20 1 7
16 24 53 7
17 1 51 1
17 3 171 2
17 4 14 20
17 5 5 27
17 6 37 12
17 8 187 2
17 10 210 1
17 12 4 12
17 15 4 10
17 16 1 25
17 18 222 5
17 25 86 5
17 26 2 5
18 3 61 1
18 4 93 15
18 7 1 4
18 10 77 14
18 12 1 15
18 13 38 5
18 16 22 1
18 17 164 3
18 26 22 6
18 27 1 25
19 0 7 2
19 1 1 13
19 3 55 3
19 5 14 1
19 6 75 1
19 10 1 25
19 14 2 1
20 0 1 4
20 3 76 3
20 4 156 1
20 5 1 26
20 6 1 28
20 10 201 14
20 11 3 26
20 15 3 18
20 17 108 3
20 18 1 23
20 19 241 1
20 21 2 9
20 22 2 17
20 25 88 1
21 6 92 1
21 8 62 1
21 14 7 18
21 15 1 29
22 6 4 16
22 8 69 4
22 14 2 24
22 17 1 27
22 26 1 26
23 0 3 9
23 1 6 27
23 3 20 1
23 7 1 26
23 8 26 2
23 10 110 5
23 11 55 1
23 14 3 4
23 16 4 15
23 17 50 1
23 19 1 22
23 20 2 20
23 22 1 13
23 24 1 12
23 25 2 7
24 0 21 1
24 1 33 1
24 3 1 27
24 5 17 23
24 7 5 20
24 8 19 1
24 9 1 19
24 11 27 1
24 15 37 1
24 16 1 18
24 19 4 16
24 23 60 1
25 2 6 1
25 3 38 1
25 4 1 10
25 6 11 2
25 7 184 1
25 9 37 4
25 10 62 11
25 11 243 1
25 16 32 1
25 22 1 29
25 26 1 13
25 27 21 1
26 4 4 4
26 8 3 6
26 16 7 16
26 24 2 25
26 27 2 22
27 0 3 24
27 10 140 2
27 11 19 1
27 18 39 24
27 25 71 1
27 26 28 2
