0 1 15 25
0 2 1 9
0 3 17 29
0 5 17 24
0 6 1 4
0 7 137 1
0 8 18 23
0 11 1 19
0 14 1 5
0 16 37 8
0 17 236 2
0 19 2 13
0 20 256 1
0 24 38 16
0 25 1 9
0 27 1 11
1 0 20 4
1 2 4 5
1 3 16 26
1 4 2 27
1 5 54 4
1 6 4 2
1 8 19 9
1 9 20 1
1 10 1 17
1 11 2 11
1 12 20 3
1 16 37 9
1 17 6 2
1 18 1 4
1 20 236 3
1 21 1 3
1 24 387 16
2 0 2 17
2 1 5 20
2 3 2 1
2 6 339 1
2 7 317 1
2 8 349 1
2 10 1 29
2 16 2 1
2 17 140 1
2 18 25 5
2 24 24 1
2 27 17 11
3 0 16 8
3 1 16 6
3 2 6 4
3 5 19 27
3 6 192 1
3 7 3 12
3 8 19 21
3 9 1 27
3 11 1 16
3 16 18 7
3 17 146 2
3 24 37 1
3 25 68 7
4 0 3 3
4 1 3 15
4 3 1 23
4 5 2 27
4 6 1 2
4 8 2 27
4 9 1 28
4 11 1 14
4 17 104 1
4 18 4 12
5 0 19 18
5 1 38 5
5 3 18 21
5 4 2 14
5 6 141 1
5 8 22 11
5 9 373 1
5 10 1 16
5 16 18 25
5 19 1 5
5 23 12 12
5 24 18 6
6 1 2 14
6 2 368 1
6 4 1 18
6 5 18 9
6 7 1 26
6 8 249 6
6 9 125 1
6 10 412 1
6 11 1 21
6 12 1 9
6 14 180 1
6 16 1 20
6 17 297 2
6 18 1 1
6 19 85 1
6 24 50 1
6 25 23 5
6 27 11 7
7 0 1 27
7 1 119 1
7 2 1 19
7 3 146 1
7 4 1 5
7 6 400 28
7 6 95 5
7 8 376 1
7 9 267 1
7 10 253 1
7 11 187 24
7 14 1 26
7 16 2 12
7 17 191 16
7 19 57 3
7 25 3 8
7 26 124 2
7 27 88 2
8 0 38 19
8 1 16 3
8 2 112 1
8 3 34 24
8 4 4 6
8 5 29 15
8 6 15 5
8 7 10 16
8 10 9 5
8 11 1 5
8 13 1 23
8 14 28 1
8 15 22 2
8 16 38 10
8 20 1 12
8 23 1 18
8 24 38 9
8 25 1 27
9 1 1 21
9 2 64 1
9 4 1 28
9 5 167 1
9 6 57 1
9 7 44 2
9 8 2 29
9 10 134 4
9 11 313 1
9 12 30 1
9 14 2 19
9 18 8 6
9 22 6 4
10 0 189 2
10 2 328 1
10 3 1 22
10 4 352 1
10 5 1 22
10 6 3 5
10 7 367 1
10 8 411 1
10 9 231 1
10 13 1 17
10 14 1 1
10 16 118 6
10 17 247 2
10 19 107 3
10 20 1 8
10 24 41 1
10 26 26 4
10 27 1 9
11 0 109 24
11 2 1 17
11 3 217 1
11 5 1 24
11 7 26 26
11 8 4 5
11 9 244 1
11 10 3 15
11 14 1 17
11 15 2 3
11 16 116 4
11 17 1 26
11 22 170 2
11 23 16 2
11 25 196 1
12 1 221 1
12 4 44 1
12 5 1 2
12 6 1 25
12 7 1 20
12 8 289 1
12 9 4 5
12 10 1 21
12 11 107 3
12 14 60 1
12 15 1 26
12 17 155 4
12 22 76 1
13 9 66 1
13 11 131 1
14 4 1 14
14 6 175 1
14 7 235 1
14 9 1 23
14 10 290 1
14 11 94 4
14 12 2 8
14 13 2 19
14 15 1 10
14 23 35 10
14 25 21 8
15 5 14 1
15 6 1 4
15 7 384 1
15 9 1 22
15 10 1 27
15 11 5 3
15 14 50 1
15 18 17 4
15 23 8 4
15 24 1 9
16 0 18 14
16 1 79 11
16 3 37 15
16 4 1 16
16 5 18 8
16 8 19 4
16 11 1 2
16 17 61 1
16 18 282 1
16 24 19 18
17 0 1 14
17 1 114 1
17 3 1 21
17 4 234 1
17 8 1 5
17 9 95 1
17 10 148 26
17 12 7 1
17 16 2 9
18 2 85 1
18 4 2 21
18 5 26 1
18 6 56 2
18 10 2 3
18 16 1 27
18 19 25 3
19 1 127 1
19 4 104 1
19 11 95 1
19 18 1 9
19 20 6 14
20 3 54 1
20 8 288 2
20 10 2 8
20 11 5 1
20 16 71 2
20 18 3 2
20 19 10 1
21 8 1 8
21 10 105 2
21 17 40 4
22 6 39 1
22 7 100 3
22 12 1 20
22 17 8 11
23 10 1 3
23 11 46 14
23 12 1 9
23 15 29 3
23 20 17 2
24 0 19 15
24 1 19 17
24 3 407 13
24 5 19 24
24 7 1 1
24 8 391 24
24 11 409 1
24 16 389 11
24 19 12 5
24 20 1 6
24 23 53 5
25 2 39 1
25 8 8 6
25 9 1 8
25 10 68 2
25 11 3 12
25 14 25 1
25 15 11 13
26 3 37 1
26 7 1 19
26 8 90 1
26 11 12 2
27 6 94 5
27 7 119 28
27 8 145 1
27 11 171 20
27 13 7 14
27 25 90 2
27 26 130 1
