0 1 36 1
0 3 8 21
0 4 217 1
0 5 3 27
0 6 81 1
0 8 116 17
0 9 1 23
0 10 48 1
0 11 185 1
0 12 36 2
0 14 1 7
0 16 64 28
0 17 4 13
0 18 117 1
0 20 1 13
0 24 73 9
1 0 88 3
1 2 4 12
1 3 49 1
1 4 281 1
1 5 46 1
1 6 288 1
1 7 1 11
1 8 78 29
1 10 270 1
1 11 3 1
1 12 3 11
1 13 24 1
1 15 96 18
1 16 163 1
1 17 2 26
1 18 201 1
1 20 2 19
1 24 16 8
2 0 10 28
2 1 4 12
2 3 9 9
2 4 1 4
2 5 2 24
2 6 241 1
2 7 95 1
2 8 230 5
2 10 8 12
2 11 7 9
2 16 4 20
2 20 14 1
3 0 136 1
3 1 400 1
3 2 4 22
3 4 122 12
3 5 72 4
3 7 146 1
3 8 50 23
3 9 14 2
3 10 3 23
3 11 2 28
3 12 1 18
3 13 3 3
3 14 22 8
3 16 193 20
3 20 1 18
3 23 32 2
3 24 188 1
4 0 279 1
4 1 1 6
4 2 5 5
4 3 73 1
4 6 2 13
4 8 1 16
4 9 339 20
4 10 30 1
4 11 242 21
4 12 187 1
4 13 76 1
4 15 16 1
4 16 46 2
4 18 28 3
4 22 37 2
4 25 49 1
4 26 13 25
4 27 3 16
5 0 46 16
5 1 46 28
5 3 210 1
5 4 13 1
5 6 141 2
5 8 14 20
5 9 14 17
5 10 1 19
5 11 124 2
5 16 111 1
5 19 20 2
5 20 92 2
5 24 63 1
6 0 258 1
6 1 40 16
6 2 148 1
6 3 157 1
6 4 12 1
6 5 18 1
6 7 8 17
6 8 41 11
6 9 4 23
6 10 261 1
6 11 148 1
6 12 87 2
6 13 2 27
6 15 5 1
6 17 1 1
6 18 89 1
6 19 5 9
6 21 1 20
6 25 91 5
7 0 2 17
7 2 1 1
7 3 18 6
7 5 2 10
7 6 23 2
7 8 16 12
7 9 1 2
7 10 1 13
7 11 78 10
7 13 20 1
7 17 166 1
7 19 8 3
7 20 19 1
7 23 178 3
7 25 2 23
7 27 2 7
8 0 102 3
8 1 383 9
8 2 166 1
8 3 130 1
8 5 384 1
8 6 66 26
8 7 29 28
8 9 8 1
8 10 18 1
8 11 24 1
8 12 4 18
8 14 212 1
8 16 65 1
8 20 85 2
8 23 84 1
8 24 185 1
8 25 2 5
8 27 1 4
9 1 3 26
9 2 1 29
9 3 8 5
9 4 1 17
9 5 41 18
9 6 232 21
9 8 11 2
9 10 24 28
9 11 3 12
9 13 1 15
9 14 10 1
9 16 107 1
9 17 25 1
9 20 54 2
9 24 43 2
9 25 5 7
9 27 57 1
10 0 2 13
10 1 348 1
10 2 1 26
10 3 190 1
10 4 1 5
10 5 25 1
10 6 3 28
10 7 5 6
10 8 8 20
10 9 22 12
10 11 265 9
10 12 1 18
10 13 23 21
10 14 1 20
10 15 3 18
10 17 3 2
10 18 6 9
10 20 20 27
10 23 1 16
10 24 2 4
10 27 1 26
11 0 195 1
11 2 10 13
11 3 371 1
11 4 66 2
11 5 150 1
11 6 325 1
11 7 84 13
11 8 6 1
11 9 5 12
11 10 2 7
11 13 1 21
11 15 10 24
11 16 20 4
11 17 105 2
11 18 1 19
11 19 4 3
11 23 35 1
11 24 1 22
11 25 4 14
11 26 2 8
11 27 134 1
12 0 2 7
12 4 6 24
12 5 1 12
12 6 204 1
12 7 162 1
12 8 1 17
12 9 189 11
12 10 118 1
12 11 1 21
12 16 54 3
12 18 2 16
12 21 3 23
12 22 1 7
13 2 13 1
13 6 64 2
13 10 107 1
13 11 18 12
13 14 1 9
13 15 9 21
13 23 2 2
14 0 2 9
14 5 26 1
14 6 4 10
14 7 1 13
14 8 2 20
14 10 7 13
14 11 1 24
14 12 49 1
14 15 2 2
15 0 10 2
15 1 81 1
15 5 1 13
15 6 157 4
15 7 7 11
15 8 1 9
15 10 1 19
15 11 72 26
16 0 177 1
16 1 136 12
16 3 86 17
16 4 1 5
16 5 188 1
16 6 3 21
16 8 73 2
16 9 1 25
16 10 61 5
16 11 1 22
16 17 113 1
16 18 149 1
16 24 72 1
16 26 33 12
16 27 31 26
17 0 99 1
17 1 34 1
17 4 19 1
17 5 11 9
17 6 3 17
17 7 1 6
17 8 179 1
17 10 205 1
17 11 6 12
17 14 1 26
17 15 14 8
17 16 4 29
17 21 3 16
17 22 3 10
17 23 70 22
17 26 9 5
18 0 110 3
18 4 22 16
18 6 5 24
18 8 1 12
18 10 48 8
18 11 15 21
18 12 1 15
18 16 5 11
19 0 228 1
19 1 3 9
19 2 1 17
19 4 1 1
19 9 1 10
19 11 1 3
19 18 42 1
19 20 1 22
20 0 56 23
20 2 12 7
20 3 171 1
20 4 153 1
20 7 2 6
20 11 1 23
20 12 107 1
20 17 105 2
20 19 127 1
20 25 87 1
21 4 1 15
21 9 73 23
22 1 1 2
22 4 82 14
22 6 1 22
22 7 4 11
22 13 4 1
22 17 1 24
22 19 6 9
22 23 1 3
22 24 3 16
22 27 1 25
23 0 1 13
23 2 2 23
23 7 1 2
23 9 85 18
23 10 47 17
23 11 47 1
23 12 98 26
23 15 5 1
23 19 1 25
23 22 1 29
24 0 51 1
24 1 53 25
24 3 129 1
24 4 48 1
24 5 42 26
24 7 1 1
24 8 378 7
24 11 370 1
24 16 138 8
24 17 71 2
24 23 58 2
24 26 39 3
25 5 1 28
25 7 168 1
25 11 198 1
25 12 22 23
25 18 6 24
25 26 1 14
25 27 16 1
26 4 64 25
26 5 16 7
26 10 26 29
26 24 24 19
26 25 8 20
26 27 1 5
27 2 11 6
27 7 99 3
27 11 14 1
27 16 23 2
27 25 66 1
27 26 21 1
