0 1 134 1
0 2 1 28
0 3 50 1
0 4 203 1
0 5 201 1
0 6 70 1
0 8 311 1
0 9 7 9
0 10 43 1
0 11 176 1
0 12 34 1
0 13 2 19
0 14 1 18
0 16 137 1
0 17 1 22
0 19 1 18
0 20 1 26
0 22 2 5
0 24 93 8
1 0 231 1
1 2 4 2
1 3 45 1
1 4 231 1
1 5 2 15
1 6 52 1
1 7 1 1
1 8 386 2
1 9 315 1
1 10 258 1
1 11 182 1
1 12 62 11
1 14 10 5
1 16 228 2
1 18 194 1
1 19 1 9
1 20 1 13
1 24 61 1
1 25 2 4
1 27 60 1
2 0 25 10
2 1 43 11
2 3 27 2
2 4 13 26
2 5 1 3
2 6 223 1
2 7 83 1
2 8 13 3
2 9 2 1
2 10 44 8
2 11 66 25
2 18 3 14
3 0 94 1
3 1 349 1
3 2 4 16
3 4 122 1
3 5 66 1
3 7 99 1
3 8 157 1
3 9 12 1
3 10 6 25
3 11 17 14
3 16 91 1
3 19 1 1
3 20 10 16
3 24 109 1
3 25 1 26
4 0 273 1
4 1 6 2
4 2 4 20
4 5 1 24
4 6 3 18
4 9 1 1
4 10 21 1
4 12 185 1
4 14 114 2
4 15 15 4
4 18 37 29
4 19 142 4
4 20 71 1
4 25 47 3
5 0 142 1
5 1 29 10
5 2 10 20
5 3 73 1
5 4 3 1
5 6 371 2
5 7 1 27
5 8 227 1
5 9 18 8
5 10 1 10
5 11 118 2
5 13 1 29
5 14 3 2
5 16 131 1
5 17 1 8
5 18 95 1
5 21 13 1
5 22 15 1
5 24 252 1
5 26 30 13
6 0 60 1
6 1 408 25
6 2 136 1
6 3 145 1
6 4 77 1
6 5 2 23
6 7 4 27
6 8 13 9
6 9 4 20
6 10 203 1
6 11 136 1
6 14 5 25
6 15 5 20
6 17 12 12
6 18 83 1
6 20 147 2
6 25 4 12
6 27 7 17
7 0 3 7
7 2 1 8
7 3 3 1
7 4 80 1
7 5 18 19
7 6 2 20
7 8 28 17
7 9 16 4
7 10 2 1
7 11 52 16
7 14 1 17
7 15 1 5
7 18 99 1
7 19 11 7
7 21 13 11
7 25 28 8
7 27 3 19
8 0 160 1
8 1 24 13
8 2 336 1
8 3 334 1
8 4 1 9
8 5 16 4
8 6 17 29
8 7 189 2
8 10 1 2
8 12 1 12
8 13 1 3
8 14 200 1
8 16 77 1
8 17 2 7
8 23 81 1
8 24 67 1
9 0 165 1
9 2 1 29
9 3 1 15
9 4 2 2
9 5 6 22
9 6 2 17
9 7 8 13
9 8 2 1
9 10 7 10
9 11 8 3
9 12 1 14
9 21 3 21
9 24 41 4
9 27 55 2
10 0 3 14
10 2 22 27
10 3 180 1
10 4 7 4
10 5 144 24
10 6 6 21
10 7 134 26
10 8 14 16
10 9 28 14
10 11 259 1
10 13 1 4
10 14 1 14
10 15 5 2
10 17 2 2
10 18 182 3
10 22 2 24
10 23 1 16
10 24 1 18
10 27 145 3
11 0 186 1
11 1 1 7
11 2 1 22
11 3 361 2
11 4 62 1
11 6 313 1
11 7 115 3
11 8 3 29
11 9 6 12
11 10 22 22
11 12 37 2
11 13 24 7
11 15 5 17
11 22 2 24
11 24 1 24
11 25 4 21
11 26 10 10
11 27 128 1
12 5 1 7
12 6 194 2
12 9 3 28
12 10 108 1
12 11 1 15
12 13 1 2
12 16 52 2
12 17 21 5
12 18 71 1
12 21 29 7
13 0 1 6
13 5 2 16
13 7 108 1
13 8 198 28
13 10 94 1
13 11 19 11
13 12 128 1
13 18 2 11
14 5 25 1
14 6 44 16
14 8 73 7
14 10 7 28
14 11 3 15
14 13 3 4
14 15 1 17
14 25 4 17
14 26 3 4
15 0 95 9
15 1 78 1
15 4 3 28
15 8 4 25
15 10 9 1
15 11 6 27
15 12 1 24
15 14 4 2
15 16 13 11
15 27 9 6
16 0 105 1
16 1 117 1
16 3 138 1
16 5 6 29
16 7 1 11
16 8 102 1
16 9 6 10
16 10 60 1
16 11 1 3
16 12 1 8
16 17 96 1
16 18 134 1
16 24 129 1
16 26 33 8
17 0 89 1
17 1 20 1
17 3 160 1
17 4 101 22
17 5 2 23
17 6 1 27
17 8 171 1
17 10 201 3
17 11 6 15
17 14 3 24
17 15 62 10
17 16 4 5
17 19 13 6
17 20 1 8
17 21 1 12
17 22 1 15
17 26 1 9
18 1 62 17
18 4 2 11
18 5 7 28
18 8 2 4
18 9 1 4
18 10 2 7
18 16 2 29
18 19 1 14
18 24 11 24
18 26 21 5
18 27 1 5
19 0 73 1
19 1 4 29
19 3 51 1
19 7 27 2
19 9 1 10
19 10 1 1
19 11 1 10
19 20 1 28
19 26 6 3
20 0 1 19
20 1 229 1
20 2 11 1
20 3 74 2
20 5 2 6
20 6 1 7
20 10 200 2
20 18 1 24
20 19 88 1
20 22 20 12
20 26 1 16
21 4 1 29
21 9 4 12
21 12 1 27
22 6 9 14
22 14 6 15
22 15 1 3
22 26 1 23
23 0 4 4
23 1 2 4
23 5 1 24
23 6 2 28
23 10 1 3
23 17 48 1
23 19 1 22
23 26 7 22
24 0 13 17
24 1 237 1
24 3 94 1
24 5 140 6
24 6 116 1
24 8 29 1
24 11 357 1
24 16 62 1
24 23 56 1
25 1 2 24
25 5 38 17
25 6 7 4
25 7 154 1
25 9 33 1
25 11 159 1
25 14 1 14
25 27 13 1
26 7 1 22
26 8 2 6
26 10 5 24
26 24 2 10
26 25 7 22
26 27 11 10
27 2 3 24
27 4 13 9
27 10 135 1
27 25 62 1
27 26 15 2
