0 1 126 29
0 2 1 21
0 3 16 1
0 4 183 1
0 5 30 1
0 7 185 1
0 8 130 1
0 11 163 1
0 12 31 1
0 16 137 1
0 17 1 11
0 20 2 2
0 24 17 1
1 0 82 1
1 2 248 12
1 3 113 1
1 4 173 1
1 5 173 1
1 6 8 1
1 7 1 27
1 8 66 1
1 9 302 1
1 10 242 1
1 11 170 1
1 12 4 18
1 15 2 15
1 16 89 1
1 17 5 17
1 18 185 1
1 19 1 22
1 20 1 13
1 24 88 1
2 0 1 21
2 1 33 27
2 3 11 11
2 4 60 15
2 5 6 1
2 6 12 1
2 7 223 1
2 8 1 20
2 10 3 2
2 11 1 20
2 12 104 6
2 15 8 1
2 17 1 10
2 18 1 8
2 20 155 1
2 26 1 24
3 0 20 10
3 1 77 1
3 2 5 19
3 5 68 1
3 7 153 1
3 8 75 1
3 10 1 6
3 11 50 15
3 12 9 5
3 14 19 1
3 15 1 8
3 16 127 1
3 17 2 10
3 22 1 13
3 24 102 1
3 26 21 13
4 0 254 1
4 2 12 4
4 3 56 1
4 5 1 3
4 6 31 3
4 9 1 29
4 10 10 1
4 12 76 3
4 13 72 2
4 17 1 17
4 18 32 5
4 26 2 5
5 0 69 1
5 1 19 1
5 2 2 20
5 3 152 1
5 6 299 1
5 7 2 7
5 8 105 1
5 9 7 25
5 10 40 6
5 11 109 2
5 12 1 28
5 16 63 1
5 17 1 11
5 20 88 1
5 24 70 1
6 0 244 1
6 1 2 10
6 2 157 1
6 4 2 20
6 5 11 10
6 7 2 12
6 8 109 20
6 9 253 28
6 10 241 1
6 11 118 1
6 12 67 1
6 14 1 22
6 15 6 11
6 17 2 25
6 18 75 1
6 20 142 1
6 25 6 18
6 26 1 15
6 27 8 11
7 1 2 2
7 2 1 15
7 3 53 11
7 4 70 1
7 5 2 13
7 6 2 27
7 8 42 8
7 10 2 29
7 11 247 1
7 13 13 3
7 14 1 10
7 17 153 2
7 19 1 17
7 20 13 2
7 23 172 1
7 24 4 1
7 25 12 25
7 27 1 7
8 0 27 14
8 1 11 1
8 2 294 1
8 3 58 3
8 4 2 28
8 5 122 1
8 6 51 5
8 7 185 1
8 10 1 25
8 14 181 1
8 16 37 22
8 18 234 3
8 20 72 2
8 24 287 1
9 0 157 3
9 2 2 3
9 3 1 18
9 4 84 26
9 5 11 18
9 6 4 3
9 8 2 9
9 10 7 10
9 12 2 29
9 14 3 4
9 16 103 1
9 18 3 9
9 21 1 1
9 23 1 22
9 24 39 1
9 26 1 3
9 27 53 1
10 0 3 4
10 1 326 1
10 3 166 1
10 4 2 15
10 5 2 18
10 6 99 25
10 7 5 9
10 8 6 11
10 9 17 20
10 11 319 1
10 13 12 16
10 14 46 1
10 15 1 24
10 16 7 1
10 22 1 27
10 23 1 19
10 24 3 19
10 25 1 1
11 0 173 1
11 1 1 15
11 2 1 13
11 3 347 1
11 4 55 1
11 6 295 1
11 7 9 21
11 8 24 22
11 9 2 26
11 10 4 1
11 12 33 1
11 13 1 17
11 14 3 20
11 15 8 15
11 17 96 3
11 22 1 26
11 23 187 1
11 24 1 6
11 25 103 3
11 27 116 2
12 2 16 6
12 5 3 27
12 6 180 1
12 7 152 4
12 9 18 2
12 10 93 1
12 11 26 2
12 13 54 1
12 17 19 1
13 0 3 22
13 1 38 5
13 6 59 14
13 7 102 1
13 10 78 1
13 12 121 1
13 14 9 23
13 16 2 25
14 0 11 24
14 4 55 2
14 5 18 3
14 6 1 20
14 7 81 23
14 8 1 3
14 10 69 8
14 11 2 24
14 12 46 17
14 13 6 11
14 15 1 15
14 16 1 5
14 23 1 22
14 25 4 19
15 0 95 1
15 3 16 29
15 7 163 1
15 8 7 25
15 10 39 13
15 11 6 11
15 12 1 15
15 24 4 6
16 0 219 1
16 1 55 1
16 2 79 1
16 3 42 3
16 5 90 1
16 6 8 1
16 7 86 10
16 8 183 2
16 9 80 28
16 12 17 29
16 14 1 24
16 17 73 1
16 18 81 1
16 19 2 22
16 24 19 8
16 27 3 28
17 0 76 2
17 1 7 1
17 2 1 12
17 3 152 1
17 4 24 20
17 5 1 25
17 6 1 15
17 7 1 26
17 9 2 13
17 10 195 2
17 11 3 8
17 13 2 13
17 16 5 7
17 19 11 5
17 20 1 8
17 21 6 9
17 22 3 24
17 27 22 16
18 1 61 1
18 3 54 1
18 4 2 4
18 6 7 5
18 8 4 20
18 9 5 28
18 10 1 13
18 11 1 8
18 12 1 4
18 16 6 17
18 17 146 2
18 24 2 2
19 0 55 1
19 1 1 12
19 2 1 1
19 6 67 1
19 7 28 5
19 16 29 1
19 18 41 1
19 20 3 22
20 0 1 17
20 2 169 29
20 3 65 1
20 6 1 28
20 10 20 8
20 11 7 12
20 17 98 1
20 19 200 1
20 21 1 21
21 0 2 24
21 3 6 5
21 7 20 2
21 10 6 5
21 24 14 2
22 0 37 8
22 1 5 27
22 8 59 1
22 24 2 8
22 25 4 1
23 2 4 7
23 4 28 7
23 7 1 26
23 8 19 1
23 11 30 2
23 12 97 6
23 14 1 8
23 15 1 9
23 20 1 29
23 22 1 24
23 24 3 16
23 26 2 6
24 0 184 1
24 1 121 1
24 3 91 1
24 5 117 1
24 8 120 22
24 11 335 1
24 12 18 10
24 16 23 4
24 20 1 8
24 22 1 1
24 23 52 3
24 25 6 26
24 26 33 2
25 3 32 3
25 5 38 19
25 6 6 1
25 7 133 1
25 8 195 2
25 11 109 1
25 17 7 21
25 18 20 22
25 20 55 1
25 22 11 21
26 1 7 20
26 10 63 17
26 12 31 2
26 19 11 1
26 20 28 22
26 24 1 8
26 27 1 28
27 4 16 2
27 7 88 1
27 17 1 6
27 24 1 12
27 25 54 3
27 26 8 1
