0 1 134 1
0 2 1 8
0 3 5 1
0 4 181 1
0 5 17 4
0 6 55 1
0 7 184 2
0 8 116 1
0 10 36 1
0 11 163 1
0 12 30 2
0 14 3 18
0 16 123 1
0 17 39 29
0 18 109 1
0 19 1 11
0 20 1 12
0 24 4 14
1 0 71 1
1 2 39 1
1 3 101 1
1 4 169 1
1 5 170 2
1 6 6 9
1 7 2 7
1 8 55 2
1 9 301 1
1 10 241 1
1 11 170 1
1 15 1 7
1 16 76 1
1 17 2 5
1 18 185 1
1 20 2 26
1 24 76 1
1 27 58 2
2 0 2 5
2 1 6 2
2 3 14 28
2 4 1 12
2 5 6 24
2 6 10 1
2 7 221 1
2 10 1 11
2 11 1 4
2 14 31 2
2 15 8 4
2 17 1 16
2 18 1 11
2 20 165 1
3 0 161 1
3 1 64 1
3 2 7 23
3 4 119 2
3 5 55 1
3 7 149 1
3 8 64 1
3 11 10 17
3 14 19 7
3 16 114 1
3 20 2 2
3 24 89 1
4 0 253 1
4 1 13 11
4 2 1 16
4 3 56 1
4 5 2 19
4 6 6 7
4 8 1 12
4 9 5 4
4 10 9 17
4 16 35 1
4 18 14 13
4 25 44 4
5 0 56 1
5 1 27 1
5 3 139 1
5 6 281 1
5 8 89 1
5 9 7 19
5 10 11 1
5 12 3 12
5 14 1 26
5 16 55 1
5 17 1 11
5 18 90 1
5 20 87 7
5 24 57 2
6 0 243 1
6 1 2 19
6 2 156 2
6 3 128 1
6 4 71 1
6 5 25 3
6 7 2 20
6 8 291 26
6 9 10 21
6 10 238 6
6 11 117 1
6 12 66 2
6 17 1 4
6 18 75 1
6 20 141 1
6 21 4 11
6 22 54 3
6 24 1 16
6 25 1 17
6 27 1 16
7 0 1 20
7 2 2 21
7 3 31 21
7 4 70 1
7 5 1 2
7 6 19 27
7 8 86 13
7 9 1 25
7 10 6 16
7 11 243 15
7 12 100 1
7 14 1 12
7 18 95 2
7 19 1 29
7 20 240 9
7 22 149 6
7 23 171 1
7 24 10 23
7 25 21 27
7 27 2 22
8 0 257 1
8 2 291 1
8 3 82 1
8 4 3 21
8 5 113 19
8 6 21 10
8 7 183 1
8 10 2 17
8 11 6 1
8 12 5 22
8 14 180 1
8 16 110 1
8 19 1 8
8 21 57 2
8 23 76 1
8 24 274 1
8 27 5 21
9 1 2 27
9 4 18 4
9 5 6 7
9 6 10 7
9 8 15 25
9 10 5 22
9 11 4 18
9 12 3 15
9 15 1 27
9 16 103 1
9 18 130 20
9 20 49 1
9 21 2 4
9 24 38 4
9 27 53 3
10 0 3 5
10 1 326 1
10 2 1 24
10 3 165 1
10 4 1 14
10 5 1 21
10 6 3 12
10 7 3 1
10 8 12 5
10 9 5 18
10 11 317 1
10 12 4 18
10 13 2 7
10 14 45 1
10 15 1 1
10 16 6 1
10 17 1 2
10 18 1 9
10 20 4 18
10 22 7 6
10 23 2 13
10 24 2 9
10 26 5 12
11 0 173 1
11 1 181 28
11 2 6 9
11 3 346 1
11 4 55 1
11 5 136 1
11 6 294 1
11 7 301 20
11 8 4 15
11 9 1 19
11 10 6 27
11 12 32 1
11 13 4 9
11 14 1 12
11 15 138 18
11 16 17 1
11 22 3 7
11 23 186 1
11 24 7 26
11 25 29 22
11 26 1 6
12 6 179 2
12 8 1 28
12 9 1 2
12 10 92 1
12 11 1 22
12 13 54 1
12 14 105 26
12 17 19 2
12 18 5 26
12 21 1 1
12 22 1 28
12 23 11 1
12 24 1 13
13 0 11 29
13 5 26 16
13 7 101 2
13 9 1 18
13 10 77 1
13 11 4 23
13 12 120 1
13 14 8 9
13 23 1 12
14 0 12 8
14 3 22 1
14 6 6 16
14 8 1 24
14 10 23 20
14 11 13 1
14 13 2 6
14 15 1 23
14 20 1 21
14 22 9 17
14 24 1 2
14 25 3 1
14 27 1 5
15 0 95 1
15 4 1 17
15 5 8 9
15 7 162 1
15 8 6 25
15 10 4 25
15 11 85 26
15 13 1 10
15 17 1 12
15 20 82 2
15 22 3 18
15 23 1 24
15 25 2 29
16 0 206 1
16 1 42 1
16 2 79 7
16 3 33 1
16 5 77 1
16 6 9 6
16 7 5 28
16 8 13 24
16 9 2 27
16 10 57 2
16 11 2 12
16 12 30 25
16 14 1 2
16 17 72 1
16 18 79 1
16 19 34 8
16 22 1 27
16 24 50 1
16 25 34 10
17 1 7 1
17 3 152 1
17 4 1 11
17 5 7 13
17 6 1 12
17 8 159 1
17 9 2 4
17 11 1 11
17 12 7 24
17 16 2 2
17 24 24 2
18 1 61 1
18 3 54 3
18 4 1 4
18 5 1 11
18 7 2 1
18 10 1 16
18 13 37 1
18 15 44 21
18 16 1 14
18 22 34 20
18 26 21 3
19 0 54 1
19 4 6 25
19 6 66 2
19 10 2 20
19 11 1 20
19 16 29 1
19 18 40 11
19 20 4 11
20 0 12 1
20 1 222 1
20 3 64 2
20 13 1 9
20 15 2 1
20 17 97 1
20 18 1 1
20 19 197 1
21 3 1 15
21 14 1 25
21 18 8 14
21 20 8 6
21 27 1 28
22 6 12 9
22 7 2 14
22 8 58 2
22 11 184 1
22 12 80 1
22 23 1 13
22 25 4 13
23 0 37 24
23 1 1 9
23 4 1 7
23 5 1 22
23 7 1 19
23 8 19 4
23 10 1 8
23 16 11 13
24 0 171 1
24 1 108 9
24 3 78 1
24 5 104 1
24 7 3 28
24 8 125 1
24 11 334 1
24 13 23 27
24 15 34 7
24 16 29 1
24 19 4 20
24 22 1 13
25 2 3 12
25 6 5 8
25 7 132 1
25 9 29 1
25 11 106 1
25 14 8 10
25 18 1 3
25 20 55 2
25 23 3 14
25 27 8 2
26 5 16 1
26 7 2 12
26 19 10 19
26 27 5 27
27 0 2 29
27 7 87 2
27 9 11 15
27 18 1 23
27 20 37 3
27 22 14 2
27 26 8 1
