0 1 128 15
0 2 2 27
0 3 4 1
0 4 172 1
0 5 67 1
0 7 179 1
0 8 236 1
0 9 5 27
0 10 33 2
0 16 53 1
0 17 3 16
0 18 106 3
0 20 1 15
0 23 1 18
0 24 70 1
0 25 32 4
0 27 8 4
1 0 22 1
1 2 25 1
1 3 53 1
1 4 140 1
1 5 107 1
1 6 244 15
1 7 1 10
1 8 83 1
1 9 294 1
1 10 233 1
1 11 164 2
1 12 67 15
1 15 96 14
1 16 7 1
1 17 8 8
1 18 180 1
1 20 3 17
1 24 26 1
2 0 3 11
2 1 36 21
2 3 43 15
2 4 14 18
2 5 2 5
2 6 215 1
2 7 64 1
2 8 171 1
2 10 62 3
2 12 103 4
2 13 2 9
2 16 1 26
2 17 1 14
2 22 5 23
2 23 1 3
3 0 113 11
3 1 10 1
3 2 5 13
3 5 8 1
3 7 120 1
3 8 86 1
3 9 7 4
3 10 2 13
3 11 14 2
3 12 1 8
3 14 18 4
3 16 21 1
3 20 2 18
3 23 30 15
3 24 21 1
3 25 2 28
3 27 5 24
4 0 243 1
4 1 129 1
4 2 5 5
4 5 3 25
4 6 28 9
4 8 2 6
4 9 1 1
4 10 292 1
4 16 33 1
4 17 1 15
4 18 2 6
4 20 64 1
4 21 55 2
4 27 3 19
5 0 8 1
5 1 5 1
5 2 36 2
5 3 9 1
5 4 1 20
5 6 208 1
5 7 1 15
5 8 33 1
5 9 83 13
5 10 19 28
5 11 104 2
5 12 3 17
5 16 22 1
5 18 87 2
5 20 86 3
5 21 12 1
5 24 8 1
6 0 38 3
6 1 4 11
6 2 146 9
6 3 120 1
6 4 8 1
6 5 32 5
6 7 1 12
6 8 296 13
6 9 7 25
6 10 228 1
6 11 110 1
6 12 61 1
6 14 1 10
6 15 1 2
6 17 45 1
6 18 71 1
6 19 6 15
6 21 1 15
6 22 53 3
6 27 20 28
7 0 2 26
7 1 430 1
7 3 6 2
7 4 65 2
7 5 1 23
7 6 30 19
7 8 5 17
7 10 208 27
7 11 291 1
7 16 10 22
7 17 149 2
7 18 93 1
7 19 4 2
7 20 8 2
7 21 12 2
7 23 169 3
7 24 3 15
7 25 1 7
8 0 183 1
8 1 241 1
8 2 281 1
8 3 55 1
8 4 1 18
8 5 55 2
8 6 5 10
8 7 165 1
8 10 2 22
8 11 3 1
8 14 172 1
8 16 39 1
8 19 12 22
8 20 68 2
8 23 74 4
8 24 205 1
8 26 1 28
8 27 24 24
9 0 154 1
9 1 1 24
9 3 1 11
9 4 1 29
9 5 5 18
9 6 2 2
9 7 12 24
9 8 4 28
9 10 20 6
9 11 84 1
9 12 2 24
9 16 102 1
9 17 17 3
9 18 3 10
9 22 1 26
10 0 4 8
10 1 319 1
10 3 158 1
10 4 1 24
10 5 2 28
10 6 15 26
10 7 140 28
10 8 362 4
10 9 38 8
10 11 160 1
10 12 1 14
10 13 25 4
10 14 263 1
10 15 5 16
10 22 1 17
10 23 1 28
10 26 20 4
11 0 167 1
11 1 1 24
11 2 4 23
11 3 338 1
11 4 52 3
11 5 132 1
11 6 286 1
11 7 3 9
11 8 1 19
11 9 2 8
11 10 397 20
11 12 30 2
11 13 15 4
11 14 2 29
11 15 2 27
11 17 93 3
11 18 1 18
11 20 7 4
11 22 1 14
11 23 180 1
11 24 1 17
11 25 3 9
11 26 1 23
11 27 110 1
12 4 1 18
12 5 2 21
12 6 173 1
12 7 150 1
12 8 12 25
12 9 15 6
12 10 85 2
12 13 1 1
12 15 52 2
12 27 2 5
13 1 37 4
13 6 58 4
13 7 98 1
13 10 70 1
13 14 1 17
13 15 4 11
13 18 8 20
13 24 16 1
14 0 12 17
14 6 2 13
14 7 1 5
14 8 2 22
14 10 4 23
14 11 1 3
14 12 93 3
14 13 1 13
14 15 1 21
14 16 3 29
14 17 11 5
14 23 4 4
14 25 1 19
14 27 1 13
15 4 1 4
15 5 8 18
15 7 2 1
15 10 28 12
15 11 5 14
15 12 21 26
15 22 2 10
15 25 1 20
15 27 1 9
16 0 138 1
16 1 8 1
16 2 78 10
16 3 5 1
16 5 8 1
16 7 1 6
16 8 113 1
16 11 1 20
16 14 1 28
16 17 63 1
16 18 68 1
16 19 36 29
16 24 8 1
17 0 70 1
17 1 3 1
17 3 148 1
17 4 2 14
17 5 3 10
17 6 1 6
17 7 141 3
17 9 8 3
17 10 192 1
17 12 1 17
17 14 35 15
17 16 1 23
17 20 19 28
17 21 6 7
17 22 3 6
17 24 23 7
18 0 99 2
18 1 58 1
18 2 1 22
18 4 124 15
18 8 1 2
18 9 1 5
18 10 50 24
18 16 1 3
18 17 142 1
18 19 1 25
18 20 50 20
18 23 34 21
18 26 20 1
19 0 43 1
19 1 160 21
19 3 46 2
19 6 64 2
19 7 25 3
19 8 1 7
19 10 1 15
19 17 2 18
19 20 2 18
20 0 3 20
20 1 219 1
20 4 143 2
20 6 4 8
20 7 2 24
20 11 6 12
20 16 2 11
20 17 95 4
20 19 169 1
20 26 2 23
20 27 1 6
21 7 1 8
21 9 1 4
21 19 1 5
22 6 1 21
22 8 56 3
22 9 1 27
22 13 9 2
22 21 10 1
22 27 1 3
23 0 5 25
23 7 2 28
23 8 18 2
23 10 1 14
23 11 26 1
23 14 1 13
23 15 1 2
23 20 1 24
23 22 1 25
23 24 1 25
24 0 101 1
24 1 8 26
24 2 11 25
24 3 9 1
24 4 43 1
24 5 34 1
24 6 111 4
24 7 2 7
24 8 67 1
24 10 9 23
24 11 321 1
24 15 33 7
24 16 8 1
24 17 68 1
24 22 1 20
24 23 50 1
25 1 1 10
25 3 31 1
25 6 5 1
25 7 122 1
25 8 192 3
25 11 85 1
25 14 1 17
25 17 7 16
25 27 6 2
26 11 1 26
26 12 30 1
26 22 3 11
26 27 1 18
27 0 1 9
27 5 1 21
27 7 84 1
27 11 5 2
27 17 1 27
27 25 51 1
