0 1 17 7
0 2 12 22
0 3 13 3
0 4 156 1
0 5 11 1
0 6 39 1
0 7 257 1
0 8 10 11
0 9 229 5
0 10 29 1
0 11 146 1
0 16 10 22
0 17 5 28
0 18 102 2
0 19 223 1
0 21 50 5
0 24 16 6
1 0 22 12
1 2 44 1
1 3 12 2
1 4 121 1
1 5 10 3
1 6 253 5
1 7 1 21
1 8 16 13
1 9 282 1
1 10 219 1
1 11 155 1
1 12 2 19
1 15 96 19
1 16 11 14
1 17 6 4
1 18 172 1
1 19 1 7
1 20 1 4
1 24 45 9
2 0 3 16
2 1 53 4
2 3 10 23
2 4 12 21
2 6 193 1
2 7 208 8
2 8 173 28
2 8 316 11
2 10 7 16
2 11 69 1
2 14 28 2
2 15 7 1
2 17 1 6
2 20 157 2
3 0 18 11
3 1 18 3
3 2 8 17
3 4 63 1
3 5 11 17
3 7 89 1
3 8 116 3
3 9 6 1
3 10 13 16
3 11 17 24
3 12 2 28
3 14 17 1
3 16 23 6
3 17 1 13
3 20 49 28
3 24 10 25
4 0 227 1
4 1 17 29
4 2 2 16
4 5 2 27
4 6 121 22
4 8 4 16
4 9 1 26
4 10 289 1
4 16 28 1
4 17 9 20
4 18 2 24
4 20 60 1
4 21 54 1
4 25 41 5
5 0 11 19
5 1 35 16
5 3 11 8
5 4 1 13
5 6 92 1
5 7 33 9
5 8 9 24
5 9 34 11
5 10 3 14
5 11 97 2
5 16 11 22
5 17 1 2
5 18 82 2
5 20 84 1
5 24 21 13
6 0 25 1
6 1 89 20
6 2 245 1
6 3 107 1
6 4 413 1
6 5 36 17
6 7 1 12
6 8 7 26
6 9 3 28
6 10 182 1
6 11 96 2
6 12 52 2
6 14 1 1
6 16 105 1
6 17 1 7
6 18 65 1
6 20 134 3
6 21 1 10
7 0 7 23
7 1 19 2
7 2 1 20
7 3 18 6
7 5 1 1
7 6 129 14
7 8 5 28
7 9 3 3
7 10 6 24
7 11 224 4
7 12 92 3
7 14 3 12
7 15 2 29
7 17 143 1
7 18 90 2
7 20 1 1
7 22 146 1
7 23 21 2
7 24 35 13
7 25 2 4
7 27 2 14
8 0 9 23
8 1 9 14
8 2 243 1
8 3 12 28
8 4 5 28
8 5 13 8
8 6 28 26
8 7 5 1
8 9 2 3
8 10 25 16
8 12 5 6
8 14 157 1
8 16 12 2
8 17 29 9
8 20 62 1
8 24 14 3
8 26 1 14
9 0 147 2
9 1 1 1
9 2 3 23
9 4 2 16
9 5 3 9
9 6 1 26
9 7 2 18
9 8 30 5
9 10 10 18
9 11 4 12
9 12 4 21
9 16 100 1
9 19 9 3
9 25 1 29
10 0 1 18
10 1 307 1
10 2 1 1
10 3 147 1
10 4 48 12
10 5 2 25
10 6 5 7
10 7 1 6
10 8 3 2
10 9 101 26
10 11 127 1
10 12 1 15
10 13 5 22
10 14 249 1
10 15 6 11
10 18 9 19
10 20 2 8
10 22 20 23
10 24 4 6
10 26 1 10
11 0 156 1
11 1 2 22
11 2 14 15
11 3 324 1
11 4 48 1
11 5 126 1
11 6 271 1
11 7 368 1
11 8 3 3
11 9 4 22
11 10 3 27
11 12 27 1
11 13 1 14
11 14 1 18
11 15 37 12
11 21 8 9
11 22 2 15
11 23 16 1
11 24 1 28
11 25 127 26
11 26 23 11
11 27 101 1
12 6 161 1
12 8 3 16
12 9 1 4
12 10 74 1
12 11 1 3
12 13 1 18
12 15 48 2
12 16 48 3
12 17 16 3
12 22 1 27
12 23 9 5
12 26 32 9
13 8 2 22
13 10 57 1
13 12 89 3
13 14 10 22
13 15 1 4
13 18 15 26
14 3 20 1
14 4 49 4
14 7 82 12
14 8 102 23
14 10 96 24
14 11 1 16
14 12 90 2
14 13 1 23
14 17 1 4
14 24 1 20
14 25 1 11
15 2 8 1
15 3 1 9
15 6 151 3
15 7 185 1
15 8 1 23
15 10 11 14
15 11 28 12
15 12 96 6
15 18 1 2
15 20 80 1
15 25 5 16
15 27 1 8
16 0 13 4
16 1 12 19
16 3 10 7
16 5 11 10
16 6 1 19
16 7 90 28
16 8 40 28
16 9 1 6
16 17 47 1
16 18 117 1
16 22 1 13
16 24 10 22
17 0 60 1
17 3 141 2
17 4 4 19
17 5 1 7
17 6 1 5
17 7 3 4
17 8 144 1
17 9 2 4
17 10 187 2
17 11 2 21
17 14 2 11
17 16 30 1
17 18 207 2
17 19 9 1
17 20 3 6
17 22 1 22
17 26 3 19
18 0 95 2
18 1 51 2
18 4 5 1
18 5 130 14
18 6 2 22
18 8 1 15
18 14 1 1
18 16 1 25
18 17 136 2
18 20 3 11
19 0 24 1
19 3 43 6
19 4 1 26
19 7 103 6
19 10 1 19
19 17 1 29
19 20 5 1
20 0 1 18
20 1 213 1
20 2 1 2
20 3 61 2
20 4 139 3
20 5 28 8
20 6 1 12
20 7 5 9
20 9 15 1
20 11 8 17
20 16 2 5
20 19 37 1
20 22 6 5
20 24 51 3
20 26 1 26
21 4 4 13
21 8 54 6
21 14 7 2
22 0 36 4
22 1 1 13
22 3 10 1
22 7 3 8
22 12 72 3
22 13 3 2
22 14 1 21
22 17 1 8
22 23 1 18
23 5 1 21
23 6 106 29
23 10 1 6
23 24 3 7
24 0 14 24
24 1 11 14
24 3 11 25
24 4 41 1
24 5 11 2
24 6 108 4
24 7 19 15
24 8 10 10
24 11 306 1
24 12 17 1
24 15 32 2
24 16 15 13
24 20 1 23
24 22 1 6
24 23 47 4
25 1 1 19
25 3 29 3
25 4 2 7
25 7 106 1
25 8 188 2
25 10 6 1
25 11 54 1
25 12 2 1
25 14 28 5
25 26 5 5
25 27 3 2
26 10 6 2
26 11 1 21
26 24 3 20
26 27 2 9
27 4 1 17
27 5 1 11
27 7 79 1
27 10 126 1
27 12 62 12
27 20 35 2
27 25 45 1
