0 1 147 11
0 2 2 5
0 3 73 22
0 4 149 1
0 5 24 20
0 7 252 2
0 8 14 16
0 9 228 4
0 10 27 1
0 11 142 1
0 12 26 1
0 14 1 27
0 16 21 2
0 17 2 2
0 18 100 2
0 19 219 21
0 20 2 15
0 24 32 23
1 0 20 4
1 2 10 1
1 3 18 1
1 4 103 1
1 5 15 23
1 6 246 2
1 7 1 3
1 8 18 8
1 9 277 1
1 10 214 1
1 12 1 25
1 15 10 23
1 16 35 7
1 17 11 1
1 18 169 1
1 19 1 3
1 21 1 17
1 24 16 7
2 0 68 13
2 1 6 23
2 3 22 21
2 4 21 5
2 5 3 29
2 6 183 1
2 7 44 1
2 8 2 1
2 10 1 7
2 11 10 5
2 14 27 9
2 17 1 5
2 18 1 15
2 22 1 10
2 24 1 22
3 0 18 23
3 1 17 6
3 2 38 7
3 4 117 1
3 5 51 12
3 7 80 1
3 8 31 9
3 10 2 17
3 11 2 1
3 14 16 3
3 16 41 13
3 17 1 16
3 20 1 6
3 24 16 27
4 0 220 1
4 1 367 4
4 2 1 8
4 5 7 7
4 6 2 28
4 8 1 10
4 9 7 7
4 10 284 1
4 11 234 1
4 12 73 1
4 15 10 7
4 16 26 3
4 17 1 24
4 18 2 4
4 20 58 4
4 23 78 2
4 26 6 26
5 0 15 29
5 1 31 18
5 2 10 3
5 3 16 11
5 4 3 13
5 6 5 21
5 7 3 29
5 8 24 2
5 9 6 4
5 10 91 5
5 11 94 2
5 12 12 10
5 16 51 23
5 18 80 1
5 24 16 7
6 0 236 1
6 1 2 12
6 2 236 1
6 3 101 1
6 4 4 22
6 5 77 6
6 7 6 1
6 8 292 8
6 9 200 5
6 10 123 1
6 11 91 1
6 14 5 27
6 17 3 5
6 18 62 2
6 20 132 1
6 21 1 19
6 23 86 1
7 0 1 4
7 1 17 21
7 2 1 10
7 3 22 23
7 4 55 1
7 5 94 9
7 6 48 12
7 8 145 23
7 9 4 18
7 10 3 23
7 11 359 29
7 12 90 1
7 15 1 4
7 17 140 1
7 18 88 3
7 19 78 10
7 20 238 1
7 24 1 17
7 25 1 14
7 27 2 24
8 0 15 27
8 1 14 23
8 2 164 1
8 3 19 19
8 4 4 25
8 5 19 19
8 6 59 1
8 7 20 1
8 10 5 16
8 12 7 16
8 14 150 1
8 15 1 1
8 16 15 9
8 17 1 25
8 19 1 28
8 21 53 9
8 24 16 14
9 1 6 27
9 2 16 24
9 4 1 15
9 5 263 3
9 6 429 7
9 8 4 24
9 10 16 9
9 11 1 11
9 12 4 13
9 13 1 28
9 15 19 20
9 18 2 26
9 21 1 19
9 23 1 6
9 24 34 2
9 25 4 8
9 26 1 7
9 27 50 3
10 1 302 1
10 2 232 1
10 3 142 1
10 4 1 17
10 6 2 22
10 7 3 26
10 8 162 13
10 9 107 23
10 11 391 23
10 12 7 1
10 13 2 3
10 14 4 1
10 15 163 14
10 22 1 25
10 23 1 8
10 24 7 26
11 0 152 1
11 1 181 2
11 2 3 26
11 3 317 1
11 5 123 1
11 6 264 1
11 8 2 22
11 9 2 26
11 10 400 24
11 12 25 4
11 14 3 8
11 15 1 11
11 17 87 2
11 19 1 2
11 21 1 10
11 23 11 2
11 24 8 17
11 25 2 7
11 26 24 10
11 27 97 1
12 2 13 1
12 4 1 29
12 5 1 28
12 6 156 1
12 7 143 2
12 8 3 28
12 9 1 3
12 10 70 1
12 11 1 12
12 21 2 27
12 22 1 21
12 24 1 19
13 0 3 4
13 7 90 2
13 8 3 1
13 9 1 27
13 10 52 1
13 12 118 1
13 14 14 9
13 15 2 13
13 18 8 4
14 2 27 1
14 6 11 13
14 7 1 3
14 8 1 27
14 10 15 28
14 11 6 11
14 12 42 1
14 13 6 18
14 15 17 2
14 19 2 27
14 24 1 21
14 27 1 24
15 0 94 3
15 3 16 11
15 7 336 1
15 10 3 27
15 11 112 28
15 12 96 19
15 14 1 17
15 16 13 6
15 17 87 1
15 25 1 7
16 0 16 25
16 1 16 16
16 3 15 14
16 5 19 24
16 6 1 23
16 7 5 15
16 8 31 28
16 9 1 11
16 10 52 4
16 11 1 15
16 12 18 19
16 17 41 1
16 18 109 1
16 20 2 17
16 24 16 3
16 25 33 17
17 0 56 1
17 2 1 24
17 3 138 2
17 4 95 18
17 6 2 15
17 7 1 10
17 9 1 25
17 10 185 1
17 11 1 8
17 13 2 13
17 16 1 22
17 18 205 1
17 20 4 2
17 24 21 5
17 26 3 8
18 0 93 1
18 1 166 2
18 4 3 12
18 6 1 14
18 8 64 10
18 15 44 27
18 16 15 27
18 17 133 1
18 19 1 24
18 20 50 27
18 24 11 4
19 0 213 1
19 1 2 8
19 3 42 3
19 4 3 16
19 6 59 4
19 7 103 1
19 10 21 16
19 11 2 29
19 12 1 11
19 15 3 1
19 18 39 2
19 20 15 26
20 0 24 21
20 1 210 2
20 2 169 1
20 3 57 15
20 7 1 2
20 11 6 9
20 17 90 3
20 19 20 1
20 22 21 22
21 3 1 17
21 4 2 1
21 8 54 2
21 9 1 12
21 13 11 21
21 26 4 18
21 27 1 23
22 1 1 2
22 5 13 5
22 11 178 1
22 12 70 2
22 13 10 2
22 24 3 23
23 5 1 27
23 7 2 11
23 10 1 4
23 12 3 27
23 16 5 25
23 20 1 20
23 26 1 15
24 0 16 21
24 1 25 16
24 3 90 28
24 4 41 2
24 5 30 26
24 6 107 3
24 7 10 20
24 8 88 2
24 10 1 11
24 11 296 1
24 14 4 1
24 16 16 3
24 22 2 1
25 1 2 24
25 3 28 1
25 5 1 19
25 7 100 1
25 9 25 1
25 11 42 1
25 18 1 26
25 20 51 2
25 22 1 11
25 27 2 6
26 17 1 27
26 23 1 28
26 27 23 2
27 2 1 10
27 4 30 15
27 7 76 2
27 11 2 2
27 15 1 1
27 17 9 4
27 20 35 1
27 25 42 1
27 26 1 4
