0 1 62 26
0 2 14 1
0 3 94 28
0 4 139 1
0 5 21 29
0 6 29 1
0 7 247 1
0 8 22 16
0 9 227 2
0 11 135 1
0 16 19 4
0 17 1 13
0 19 104 1
0 24 27 9
1 0 53 6
1 2 219 1
1 3 22 24
1 4 79 1
1 5 33 5
1 6 181 1
1 7 26 28
1 8 38 8
1 9 268 1
1 10 205 1
1 11 144 2
1 15 7 3
1 16 20 14
1 17 2 12
1 18 163 2
1 20 1 23
1 23 69 4
1 24 23 15
1 26 82 2
2 0 2 27
2 1 55 16
2 3 163 28
2 4 1 15
2 5 1 9
2 6 168 1
2 7 195 1
2 8 110 2
2 8 408 1
2 10 31 6
2 11 2 7
2 14 26 3
2 15 6 4
2 16 50 1
2 20 151 2
3 0 31 21
3 1 32 26
3 2 4 1
3 4 111 2
3 5 20 24
3 6 148 1
3 7 52 1
3 8 53 29
3 10 21 4
3 11 6 24
3 14 16 1
3 16 20 7
3 17 1 11
3 20 1 5
3 22 26 12
3 23 29 3
3 24 88 6
3 26 20 1
4 0 209 1
4 1 211 1
4 2 71 19
4 3 38 1
4 5 3 5
4 6 6 27
4 9 26 16
4 10 276 1
4 11 232 1
4 15 9 9
4 16 24 1
4 18 2 23
4 25 39 5
4 26 34 12
5 0 20 13
5 1 21 12
5 3 20 19
5 4 2 15
5 6 122 1
5 7 3 7
5 8 34 28
5 9 5 23
5 10 2 12
5 11 89 1
5 12 3 10
5 16 37 22
5 17 5 12
5 18 77 1
5 20 82 2
5 21 11 1
5 23 24 8
5 24 20 17
6 0 226 1
6 1 3 20
6 2 222 1
6 3 93 1
6 4 80 1
6 5 92 7
6 7 2 19
6 8 182 11
6 9 2 29
6 10 95 1
6 11 83 1
6 12 43 1
6 14 5 1
6 15 144 26
6 16 101 2
6 17 55 14
6 18 58 1
6 20 129 3
6 24 14 15
7 0 3 26
7 1 429 1
7 3 3 17
7 4 51 1
7 5 95 4
7 6 2 29
7 8 107 28
7 9 1 14
7 10 137 1
7 11 82 1
7 12 87 1
7 16 2 11
7 19 1 20
7 22 144 3
7 23 164 2
7 24 17 8
7 25 1 9
7 27 27 29
8 0 19 4
8 1 18 27
8 2 135 9
8 3 41 3
8 4 2 3
8 5 44 16
8 6 313 22
8 7 133 1
8 9 1 11
8 10 21 23
8 12 15 29
8 14 141 1
8 15 95 1
8 16 35 12
8 18 229 1
8 19 2 29
8 20 56 1
8 21 52 4
8 24 20 8
9 1 6 29
9 2 1 21
9 3 2 29
9 4 5 29
9 5 3 9
9 6 2 6
9 7 2 12
9 8 1 19
9 10 39 21
9 11 2 25
9 12 2 11
9 13 1 10
9 16 97 6
9 21 2 29
9 22 14 27
10 0 1 27
10 1 294 1
10 3 134 1
10 4 89 15
10 6 38 27
10 7 1 25
10 8 444 2
10 9 3 24
10 11 119 1
10 13 5 26
10 14 30 1
10 15 1 27
10 20 1 28
10 22 1 14
10 26 1 16
10 27 5 1
11 0 145 1
11 1 4 1
11 2 27 12
11 3 307 1
11 5 118 1
11 6 254 1
11 7 316 26
11 8 1 21
11 9 1 20
11 10 1 15
11 12 23 1
11 14 8 6
11 15 53 12
11 17 85 1
11 18 3 20
11 21 2 27
11 22 2 5
11 23 168 1
11 24 1 3
11 25 21 11
11 27 91 1
12 0 2 28
12 5 3 6
12 6 148 1
12 7 140 2
12 8 11 9
12 9 2 23
12 10 63 1
12 11 11 10
12 15 44 4
12 18 1 5
12 21 1 22
12 22 1 10
12 23 7 11
13 1 33 2
13 6 53 11
13 9 1 28
13 10 45 1
13 11 1 9
13 14 27 1
13 17 75 13
14 0 1 11
14 5 17 1
14 6 1 5
14 7 131 21
14 8 1 18
14 10 3 27
14 11 37 11
14 12 38 1
14 13 1 22
14 15 6 15
14 16 3 9
14 17 11 28
14 22 27 1
14 27 10 20
15 0 92 4
15 5 1 17
15 7 325 1
15 8 1 23
15 10 3 17
15 11 8 20
15 12 8 1
15 13 1 6
15 25 8 2
15 26 4 18
15 27 3 28
16 0 23 3
16 1 47 4
16 3 19 1
16 5 20 6
16 8 32 18
16 9 1 1
16 11 1 1
16 17 33 1
16 18 55 1
16 19 38 25
16 20 1 18
16 24 36 19
16 27 1 25
17 0 50 2
17 2 3 18
17 3 134 1
17 4 1 21
17 5 69 16
17 6 264 16
17 8 135 1
17 10 182 1
17 12 7 19
17 15 73 10
17 16 59 8
17 18 202 2
17 20 3 29
17 22 5 26
18 1 162 1
18 4 36 18
18 7 23 14
18 8 3 18
18 16 10 14
18 17 129 1
18 19 1 27
19 0 15 1
19 1 1 12
19 6 57 2
19 10 1 17
19 17 2 15
19 20 3 29
20 0 1 28
20 4 135 1
20 7 3 29
20 11 7 24
20 12 102 5
20 19 145 1
20 22 1 26
20 27 1 2
21 4 17 9
21 7 1 6
21 9 73 26
22 8 49 5
22 11 176 1
22 14 1 4
22 16 26 11
23 0 1 1
23 1 1 10
23 4 35 25
23 7 5 10
23 11 14 1
23 22 1 29
23 24 1 27
23 26 7 7
24 0 39 23
24 1 63 15
24 3 66 15
24 4 40 1
24 5 20 13
24 6 106 1
24 7 21 22
24 8 21 15
24 10 1 28
24 11 280 1
24 12 15 10
24 15 30 2
24 16 20 15
24 22 1 29
24 25 1 13
25 1 1 23
25 2 2 12
25 4 77 6
25 7 90 1
25 9 23 1
25 10 139 26
25 11 27 1
25 18 7 9
26 6 41 6
26 16 5 14
26 18 32 22
26 21 1 25
26 23 2 17
26 27 2 11
27 8 2 1
27 9 1 25
27 21 1 9
27 25 38 1
