0 1 25 19
0 2 15 6
0 3 22 4
0 4 138 1
0 5 20 3
0 6 28 1
0 7 246 1
0 8 19 1
0 11 134 2
0 13 1 24
0 14 2 7
0 16 72 6
0 18 98 1
0 19 103 4
0 20 1 6
0 21 50 4
0 24 20 20
0 25 27 2
1 0 24 11
1 2 214 1
1 3 26 17
1 4 76 1
1 5 35 3
1 6 178 1
1 7 86 7
1 8 423 29
1 9 268 1
1 10 204 1
1 12 1 1
1 16 24 2
1 17 8 23
1 19 1 13
1 24 20 29
1 27 53 3
2 0 4 2
2 1 26 29
2 3 24 6
2 4 1 20
2 6 167 1
2 7 194 17
2 8 405 17
2 10 11 26
2 11 1 12
2 16 49 7
2 22 1 1
2 24 4 18
2 25 4 1
3 0 45 18
3 1 32 15
3 2 1 2
3 5 34 17
3 6 147 3
3 7 49 1
3 8 43 7
3 10 13 23
3 11 2 14
3 14 15 9
3 16 20 28
3 17 2 3
3 19 21 25
3 20 1 3
3 24 30 8
3 25 3 25
3 26 20 3
4 0 208 1
4 1 209 1
4 2 3 14
4 3 37 2
4 5 18 11
4 6 5 21
4 8 6 27
4 9 7 7
4 10 275 1
4 11 231 3
4 12 69 1
4 13 67 3
4 16 23 1
4 18 4 25
4 26 1 28
5 0 98 4
5 1 65 19
5 3 34 22
5 4 3 3
5 6 106 1
5 7 5 9
5 8 19 29
5 9 5 15
5 10 56 22
5 11 89 1
5 12 12 22
5 13 1 25
5 16 20 21
5 18 77 1
5 21 10 21
5 24 20 19
6 0 224 1
6 1 2 7
6 2 220 1
6 3 92 1
6 4 78 29
6 5 19 13
6 7 2 17
6 8 259 1
6 9 8 11
6 10 92 1
6 11 82 1
6 12 43 1
6 14 6 22
6 18 58 1
6 19 7 15
6 22 48 5
6 27 1 7
7 0 3 29
7 1 428 1
7 2 3 8
7 3 73 4
7 4 50 1
7 5 157 1
7 6 14 4
7 8 11 14
7 10 141 21
7 11 71 8
7 12 87 1
7 15 2 14
7 16 67 15
7 17 136 1
7 19 78 12
7 20 232 2
7 24 4 8
7 25 2 2
7 27 1 26
8 0 19 14
8 1 17 11
8 2 227 1
8 3 35 3
8 4 1 21
8 5 22 2
8 6 264 1
8 7 129 1
8 10 31 24
8 12 3 19
8 14 139 1
8 15 95 3
8 16 19 10
8 18 228 1
8 20 56 1
8 23 67 1
8 24 20 14
8 26 4 4
9 0 140 2
9 1 3 4
9 3 1 11
9 4 89 20
9 5 40 20
9 6 51 19
9 8 146 19
9 10 5 14
9 11 2 2
9 12 1 17
9 13 41 5
9 15 15 10
9 17 11 1
9 18 133 26
9 22 1 20
9 24 32 5
9 25 41 21
9 26 1 25
10 0 1 3
10 1 293 1
10 3 134 1
10 4 2 26
10 5 1 26
10 6 2 4
10 8 1 27
10 9 342 4
10 11 117 1
10 13 17 22
10 14 27 1
10 15 1 12
10 22 2 11
10 23 3 27
10 24 34 20
10 27 4 25
11 0 144 1
11 1 8 4
11 2 1 3
11 3 306 1
11 4 42 3
11 5 117 2
11 6 253 1
11 7 365 14
11 7 238 1
11 8 2 17
11 9 3 7
11 10 15 5
11 12 23 1
11 13 6 26
11 14 9 27
11 17 84 1
11 21 1 8
11 22 2 22
11 23 167 1
11 24 6 5
11 25 2 28
11 26 160 20
11 27 91 1
12 3 10 7
12 5 4 27
12 6 147 2
12 8 45 9
12 9 3 7
12 10 62 1
12 13 76 4
12 21 1 24
12 22 3 3
12 26 31 9
13 7 86 1
13 8 16 1
13 9 2 6
13 10 44 1
13 12 111 8
13 14 30 4
13 15 1 9
13 16 3 2
13 24 14 1
14 5 17 2
14 7 8 23
14 8 2 25
14 9 2 24
14 10 4 6
14 11 3 8
14 12 37 2
14 13 20 25
14 17 1 28
14 22 26 3
14 24 1 4
14 25 22 2
14 26 1 24
15 2 7 2
15 4 4 23
15 5 10 9
15 7 324 1
15 8 1 22
15 10 124 14
15 11 4 18
15 12 8 4
15 14 2 9
15 25 6 5
15 27 11 26
16 0 20 13
16 1 39 15
16 3 59 3
16 5 42 25
16 6 4 7
16 8 19 20
16 9 1 20
16 11 1 24
16 17 32 1
16 18 53 1
16 24 63 29
17 1 1 17
17 3 133 1
17 4 1 8
17 5 48 17
17 6 3 3
17 7 1 7
17 8 134 1
17 9 2 26
17 10 181 1
17 11 1 18
17 13 1 17
17 16 11 13
17 20 37 28
17 21 9 20
18 0 90 1
18 1 162 1
18 2 3 22
18 4 2 9
18 8 64 4
18 9 2 28
18 10 80 29
18 11 139 4
18 12 1 5
18 15 2 3
18 16 8 24
18 17 129 1
18 20 1 2
19 0 14 1
19 1 10 14
19 3 40 4
19 10 2 27
19 11 1 13
19 18 38 3
19 20 3 4
19 22 1 19
19 26 5 20
20 0 2 25
20 1 206 1
20 2 165 3
20 3 150 1
20 4 135 2
20 5 1 18
20 6 1 20
20 11 1 25
20 18 31 11
20 19 142 1
20 21 33 29
20 24 49 2
20 27 1 1
21 4 12 15
21 8 53 1
21 9 1 14
21 12 4 3
21 14 2 8
21 17 4 4
21 18 7 9
22 1 1 22
22 6 2 15
22 11 175 1
22 12 67 1
22 14 4 8
22 23 1 13
22 26 1 21
22 27 4 1
23 0 2 28
23 1 9 14
23 2 4 6
23 3 15 1
23 6 1 8
23 7 83 24
23 8 13 7
23 11 13 1
23 12 95 1
23 13 13 5
23 16 12 9
23 20 1 10
24 0 20 5
24 1 39 17
24 3 20 8
24 4 40 1
24 5 20 26
24 6 105 2
24 7 1 4
24 8 19 25
24 9 12 19
24 11 278 1
24 16 55 5
24 17 65 7
24 23 44 1
24 26 26 3
25 3 27 1
25 5 1 23
25 7 89 1
25 8 183 1
25 9 23 2
25 11 26 1
25 12 4 26
25 13 17 1
25 14 2 29
26 10 1 12
26 20 28 29
27 0 1 12
27 2 1 5
27 7 73 1
27 8 2 1
27 10 122 1
27 17 7 12
27 18 1 12
27 20 34 4
27 25 38 1
