0 1 100 26
0 2 2 10
0 3 31 21
0 4 116 1
0 5 34 1
0 6 18 1
0 7 227 1
0 8 8 16
0 9 3 1
0 11 120 1
0 12 21 4
0 13 17 18
0 16 141 19
0 19 210 1
0 22 1 14
0 23 2 13
0 24 50 26
1 0 15 3
1 2 247 1
1 3 73 1
1 4 33 1
1 5 30 1
1 6 208 1
1 7 1 9
1 8 11 28
1 9 249 1
1 10 184 1
1 11 130 2
1 13 13 9
1 15 1 14
1 16 28 7
1 17 3 8
1 18 151 1
1 19 3 23
1 20 1 7
1 21 3 4
1 24 65 20
2 0 2 21
2 1 185 20
2 3 1 10
2 4 82 21
2 6 135 1
2 7 187 1
2 8 392 1
2 9 1 20
2 10 35 29
2 11 87 9
2 12 98 2
2 18 1 4
2 20 143 1
3 0 44 8
3 1 141 12
3 2 97 1
3 4 54 2
3 5 86 22
3 6 143 1
3 7 44 6
3 8 31 24
3 10 2 20
3 11 1 8
3 16 47 19
3 20 2 5
3 23 28 1
3 24 114 27
3 25 2 5
3 27 44 20
4 0 185 1
4 1 147 24
4 2 3 1
4 5 25 20
4 6 3 19
4 8 2 7
4 9 4 10
4 10 258 1
4 13 64 3
4 16 18 1
4 18 73 7
4 19 133 2
4 21 50 11
4 22 28 11
4 26 3 5
4 27 1 2
5 0 28 28
5 1 11 28
5 3 149 20
5 4 3 27
5 6 3 2
5 7 4 11
5 8 48 11
5 9 272 20
5 10 26 2
5 11 79 1
5 14 31 18
5 16 65 13
5 17 2 7
5 18 70 2
5 24 28 20
6 0 13 1
6 1 12 27
6 2 187 1
6 3 75 1
6 4 383 1
6 5 54 25
6 7 14 10
6 8 173 1
6 9 1 11
6 10 140 1
6 11 65 1
6 12 32 1
6 14 1 16
6 17 1 1
6 18 49 1
6 19 3 18
6 20 122 1
6 23 83 1
6 25 1 21
6 27 19 16
7 0 24 9
7 1 424 1
7 3 67 25
7 5 1 24
7 6 1 19
7 8 22 15
7 9 1 17
7 10 1 21
7 11 352 1
7 12 80 2
7 14 1 17
7 15 1 24
7 16 1 13
7 17 127 1
7 19 1 25
7 24 3 22
7 25 2 13
8 0 9 24
8 1 8 4
8 2 191 1
8 3 58 1
8 4 9 19
8 5 100 13
8 6 127 14
8 7 280 1
8 9 1 23
8 10 31 16
8 12 9 15
8 14 119 1
8 15 1 6
8 16 52 7
8 18 225 1
8 19 1 2
8 20 48 1
8 23 63 1
8 24 9 13
8 27 4 8
9 0 131 2
9 1 1 18
9 2 18 11
9 4 89 10
9 5 41 1
9 6 1 1
9 7 49 20
9 8 5 2
9 10 50 28
9 11 1 3
9 12 29 3
9 15 36 18
9 20 39 2
9 22 2 21
9 24 29 2
9 26 68 13
10 0 2 13
10 1 275 1
10 3 117 1
10 4 20 13
10 6 11 12
10 8 4 1
10 9 50 29
10 11 367 1
10 12 374 1
10 13 1 25
10 14 259 17
10 20 6 5
10 21 120 25
10 23 1 2
10 24 34 9
10 26 2 27
11 0 130 1
11 2 1 12
11 3 282 1
11 4 36 1
11 6 231 1
11 7 313 1
11 8 2 19
11 10 1 23
11 14 4 9
11 15 51 25
11 17 78 1
11 18 2 13
11 21 1 7
11 22 3 26
11 23 158 1
11 24 41 15
11 25 1 19
11 26 160 14
11 27 78 1
12 4 250 12
12 6 131 1
12 8 1 28
12 10 48 1
12 13 143 1
12 15 39 3
12 18 3 3
12 21 52 1
12 22 2 19
12 26 30 2
13 0 71 13
13 3 32 7
13 4 2 10
13 6 50 1
13 10 30 1
13 12 101 1
13 15 4 29
13 27 7 3
14 2 23 7
14 5 16 1
14 6 14 8
14 7 173 9
14 8 1 25
14 9 1 19
14 10 7 3
14 11 5 26
14 12 33 1
14 15 38 2
14 20 3 19
14 24 3 14
14 25 1 29
15 0 89 1
15 2 5 13
15 3 1 16
15 7 297 1
15 8 5 18
15 10 165 13
15 11 3 4
15 13 1 14
15 14 4 7
15 18 1 6
15 23 4 10
16 0 29 14
16 1 10 26
16 3 96 1
16 5 80 17
16 6 2 3
16 7 1 1
16 8 136 14
16 9 1 7
16 13 1 11
16 17 17 1
16 18 79 1
16 20 1 5
16 24 49 23
16 26 1 12
17 1 2 23
17 2 1 27
17 3 123 2
17 4 5 28
17 5 60 17
17 8 121 2
17 10 174 1
17 11 6 2
17 15 73 4
17 16 1 23
17 18 196 1
17 21 9 21
17 25 80 1
18 0 84 2
18 4 4 12
18 8 2 25
18 10 1 26
18 13 35 3
18 16 19 22
18 17 120 1
19 0 191 1
19 4 5 16
19 7 102 1
19 9 2 11
19 10 1 29
19 20 37 19
19 23 8 11
19 26 5 7
20 0 1 20
20 1 196 2
20 2 158 1
20 3 53 1
20 6 1 24
20 7 3 22
20 17 83 1
20 19 84 1
20 25 79 7
21 7 1 18
21 8 50 4
21 14 17 18
21 24 12 2
22 7 1 5
22 10 25 2
22 11 170 1
22 12 61 1
22 17 2 9
23 3 13 14
23 5 1 14
23 7 2 19
23 10 1 15
23 12 2 2
23 20 1 27
23 24 13 15
24 0 46 29
24 1 29 20
24 3 97 24
24 5 9 25
24 7 4 21
24 8 29 22
24 11 247 1
24 14 41 9
24 15 27 1
24 16 9 14
24 22 3 13
24 23 39 1
24 26 22 4
25 4 1 22
25 7 68 1
25 11 5 1
25 12 22 3
25 14 34 26
25 22 11 28
26 1 9 25
26 5 14 11
26 6 39 1
26 10 1 29
26 11 17 16
26 24 1 16
26 27 1 28
27 2 14 7
27 4 1 25
27 17 1 5
