0 1 11 18
0 2 27 4
0 3 130 11
0 4 113 1
0 5 6 4
0 6 16 2
0 7 175 1
0 8 92 17
0 10 17 1
0 11 118 1
0 13 28 28
0 14 1 1
0 16 125 1
0 17 1 15
0 18 91 1
0 19 207 1
0 20 1 11
0 24 27 3
1 0 96 5
1 2 230 4
1 3 31 20
1 4 28 1
1 5 5 12
1 6 197 20
1 7 12 1
1 8 8 3
1 9 246 1
1 10 181 1
1 11 128 1
1 16 7 15
1 17 30 20
1 18 149 1
1 20 1 16
1 21 74 7
1 24 187 15
2 0 10 27
2 1 4 4
2 3 64 3
2 4 17 24
2 5 30 8
2 6 130 1
2 7 13 1
2 8 382 1
2 10 1 21
2 11 9 14
2 18 10 17
2 24 1 22
2 25 3 1
3 0 10 3
3 1 26 11
3 2 85 1
3 5 107 25
3 7 14 1
3 8 63 16
3 10 16 15
3 11 9 10
3 12 5 8
3 16 55 10
3 17 5 10
3 20 1 29
3 22 1 26
3 24 6 20
4 0 181 1
4 1 357 19
4 2 1 17
4 3 27 3
4 5 7 20
4 6 19 3
4 7 1 18
4 8 1 20
4 9 109 25
4 10 255 1
4 11 229 1
4 13 63 6
4 15 7 7
4 16 17 1
4 18 69 28
4 19 132 1
4 27 1 6
5 0 143 13
5 1 42 21
5 3 27 4
5 4 12 23
5 6 21 1
5 7 1 1
5 8 7 20
5 9 2 26
5 10 2 28
5 11 77 2
5 12 10 22
5 16 80 12
5 17 1 5
5 18 69 2
5 24 6 3
6 0 10 1
6 1 1 1
6 2 183 1
6 3 72 1
6 4 375 1
6 5 14 1
6 7 195 14
6 8 94 3
6 10 131 1
6 11 63 1
6 12 31 1
6 13 27 19
6 14 3 20
6 15 1 24
6 16 95 3
6 17 4 6
6 20 121 3
6 21 1 11
6 24 4 10
6 25 7 29
6 26 1 1
7 0 27 13
7 1 423 1
7 2 1 2
7 3 22 5
7 4 39 2
7 5 3 6
7 6 268 24
7 8 6 7
7 9 1 29
7 10 241 22
7 11 78 1
7 12 80 1
7 13 4 2
7 16 1 10
7 17 125 1
7 18 81 1
7 19 25 19
7 20 219 1
7 23 173 1
7 24 26 25
7 25 2 22
8 0 33 27
8 1 4 9
8 2 176 1
8 3 6 5
8 4 4 14
8 5 185 21
8 6 397 1
8 7 364 1
8 9 2 3
8 10 40 12
8 12 2 24
8 14 115 1
8 16 123 27
8 20 47 2
8 24 25 20
8 26 1 21
9 1 18 9
9 2 7 8
9 3 4 2
9 4 2 7
9 5 219 19
9 6 270 1
9 8 271 1
9 10 36 11
9 11 6 27
9 12 31 21
9 13 16 14
9 15 3 14
9 19 6 10
9 20 38 5
9 23 1 24
9 25 46 5
10 0 45 19
10 1 272 1
10 2 126 2
10 3 115 1
10 4 1 10
10 6 2 7
10 7 1 19
10 8 219 25
10 9 4 17
10 11 358 1
10 13 1 9
10 14 230 1
10 15 14 1
10 22 3 15
10 23 13 12
10 25 1 3
10 27 144 1
11 0 127 2
11 1 2 25
11 2 4 16
11 3 278 1
11 4 35 3
11 5 105 2
11 6 228 1
11 7 212 1
11 8 2 8
11 10 1 24
11 13 1 14
11 14 1 16
11 15 107 1
11 17 77 1
11 20 5 4
11 22 1 17
11 24 2 26
11 25 1 6
11 27 76 1
12 2 9 1
12 4 2 22
12 5 1 16
12 6 128 1
12 10 46 2
12 11 4 7
12 13 141 1
12 14 104 1
12 15 39 1
12 16 45 1
12 18 3 24
12 22 6 26
13 0 1 2
13 6 49 2
13 7 78 1
13 9 78 21
13 10 28 1
13 11 2 17
13 12 98 1
13 14 1 3
13 15 17 21
13 27 6 27
14 0 11 6
14 3 16 1
14 4 41 1
14 5 15 5
14 6 1 21
14 7 8 27
14 8 34 13
14 10 110 12
14 11 1 4
14 12 32 1
14 13 2 17
14 15 37 1
14 26 9 16
15 0 3 3
15 3 33 17
15 4 4 16
15 7 293 1
15 8 32 11
15 10 2 4
15 11 2 4
15 13 1 19
15 14 2 25
15 21 13 12
15 23 1 13
15 27 3 1
16 0 103 25
16 1 7 5
16 2 74 2
16 3 7 21
16 4 1 23
16 5 26 29
16 6 2 12
16 7 1 26
16 8 7 20
16 10 47 2
16 11 3 3
16 18 75 1
16 24 37 2
17 0 36 1
17 1 1 5
17 2 1 10
17 3 122 1
17 4 99 11
17 5 2 19
17 6 1 7
17 8 119 2
17 9 7 24
17 10 172 3
17 11 1 25
17 12 2 17
17 14 1 24
17 16 264 1
17 18 195 1
17 20 21 4
17 22 1 19
17 26 1 21
18 0 83 3
18 1 42 1
18 2 3 13
18 4 1 8
18 5 130 1
18 7 1 19
18 8 1 13
18 9 1 8
18 12 1 9
18 13 35 4
18 16 1 25
18 17 118 2
18 21 19 12
19 0 186 1
19 1 173 11
19 6 51 3
19 10 26 24
19 12 65 4
19 20 6 16
19 21 1 8
20 0 27 8
20 3 51 1
20 4 129 1
20 7 1 27
20 9 11 1
20 10 197 1
20 11 13 21
20 12 100 9
20 19 76 1
20 24 47 1
21 3 6 13
21 4 1 9
21 9 1 9
21 10 3 1
21 12 4 11
21 15 1 24
21 24 11 18
22 0 33 2
22 6 1 2
22 7 1 16
22 11 169 2
22 13 8 1
22 14 1 26
22 17 1 16
22 21 6 5
23 7 6 22
23 8 10 6
23 10 51 1
23 11 6 1
23 13 12 5
23 14 9 11
23 20 1 10
23 22 1 2
23 24 2 17
24 0 208 13
24 1 92 6
24 2 11 29
24 3 64 4
24 5 80 6
24 6 101 2
24 7 48 4
24 8 17 28
24 11 242 1
24 12 13 5
24 13 23 4
24 15 26 8
24 16 6 10
25 1 3 1
25 5 1 29
25 7 65 2
25 8 174 1
25 9 19 1
25 10 72 16
25 11 3 1
25 12 22 26
25 14 7 25
25 18 5 19
25 19 5 5
25 20 47 4
26 1 1 9
26 7 4 25
26 10 2 28
26 12 27 12
26 25 9 29
26 27 1 15
27 4 32 28
27 7 64 2
27 8 1 1
27 13 2 6
27 24 2 25
27 25 28 3
