0 1 2 16
0 2 2 18
0 3 21 2
0 4 94 1
0 5 127 1
0 7 224 1
0 8 115 3
0 11 105 1
0 16 147 3
0 17 259 23
0 18 85 1
0 19 92 1
0 20 1 16
0 24 27 1
1 0 17 2
1 2 117 1
1 3 42 1
1 5 362 3
1 6 147 4
1 7 1 15
1 8 91 1
1 9 228 1
1 10 164 1
1 11 117 1
1 12 8 21
1 14 1 11
1 16 80 1
1 17 38 19
1 18 138 1
1 19 1 6
1 20 1 11
1 21 74 21
1 22 84 2
1 24 51 1
2 0 4 17
2 1 2 16
2 3 20 1
2 4 83 18
2 5 7 1
2 6 103 1
2 7 166 1
2 8 35 1
2 10 1 8
2 11 20 6
2 15 4 2
2 16 44 1
2 27 29 1
3 0 50 10
3 1 86 2
3 2 139 1
3 4 96 1
3 5 19 6
3 6 138 2
3 7 15 1
3 8 48 1
3 11 1 18
3 16 24 1
3 17 126 27
3 20 4 16
3 24 48 1
3 27 5 5
4 0 160 1
4 1 160 11
4 2 25 23
4 5 6 11
4 6 6 16
4 7 2 10
4 8 1 10
4 9 13 1
4 10 239 1
4 13 61 1
4 18 2 3
4 19 129 5
4 20 46 1
4 21 49 1
4 22 27 1
5 0 72 1
5 1 33 3
5 3 80 1
5 4 39 15
5 6 8 1
5 7 1 1
5 8 140 1
5 9 279 15
5 10 1 27
5 12 9 22
5 14 3 15
5 16 236 1
5 17 4 17
5 18 63 2
5 19 13 1
5 20 75 6
5 24 73 1
6 0 193 1
6 1 412 1
6 2 153 1
6 3 58 1
6 4 34 1
6 5 4 1
6 8 351 1
6 9 1 1
6 10 88 1
6 12 22 2
6 14 4 3
6 17 59 3
6 19 2 26
6 20 115 2
6 24 2 20
6 25 1 8
6 27 32 13
7 0 3 28
7 1 416 1
7 2 423 1
7 3 117 1
7 5 1 16
7 6 106 9
7 8 5 26
7 9 88 6
7 10 2 21
7 11 141 1
7 12 74 1
7 14 1 9
7 15 4 1
7 16 2 19
7 17 117 1
7 18 76 4
7 19 79 13
7 20 208 2
7 23 166 1
7 24 5 24
7 25 46 23
7 27 1 11
8 0 292 1
8 1 88 18
8 2 123 1
8 3 151 1
8 4 22 29
8 5 60 1
8 6 289 1
8 7 265 1
8 9 3 23
8 10 45 13
8 11 2 18
8 12 7 1
8 14 97 1
8 15 97 3
8 16 9 28
8 19 15 5
8 20 40 1
8 21 48 3
8 22 1 6
8 24 72 1
9 0 121 2
9 1 25 20
9 4 1 7
9 5 136 3
9 6 175 24
9 8 15 6
9 10 5 23
9 11 1 3
9 12 5 4
9 14 1 5
9 21 2 10
9 22 2 18
9 24 26 5
9 25 18 2
10 1 255 1
10 2 222 1
10 3 101 1
10 4 3 18
10 6 189 15
10 8 366 1
10 9 152 17
10 11 75 1
10 13 1 23
10 14 262 1
10 15 2 4
10 16 2 7
10 20 25 3
10 22 1 6
10 23 4 16
10 26 2 2
11 0 114 2
11 3 255 1
11 4 30 2
11 5 96 1
11 6 208 1
11 7 296 1
11 8 2 27
11 9 2 16
11 12 14 4
11 13 1 6
11 14 4 13
11 15 84 1
11 16 11 1
11 22 8 23
11 23 141 1
11 24 1 6
11 25 22 23
11 27 65 1
12 1 1 16
12 3 7 1
12 4 250 7
12 6 114 1
12 8 53 11
12 9 168 1
12 10 35 1
12 13 65 1
12 15 34 4
12 21 1 13
13 0 11 12
13 6 45 1
13 8 197 2
13 9 1 15
13 10 18 2
13 15 3 16
13 21 6 2
14 4 37 1
14 6 5 27
14 8 1 18
14 10 8 7
14 11 2 16
14 12 82 1
14 13 10 9
14 15 16 7
14 16 4 12
14 24 1 7
14 26 9 20
15 1 58 3
15 5 2 14
15 7 267 1
15 8 7 7
15 10 2 15
15 11 8 12
15 14 1 22
15 17 83 6
15 18 1 20
15 23 1 28
15 27 1 16
16 0 29 1
16 1 98 1
16 3 62 1
16 5 51 1
16 8 2 25
16 9 15 12
16 18 33 1
16 24 23 1
16 25 32 1
16 26 33 10
17 0 27 1
17 1 2 11
17 2 1 11
17 4 3 13
17 5 1 9
17 6 1 18
17 7 1 26
17 8 108 1
17 9 1 13
17 12 1 10
17 16 3 18
17 18 189 1
17 20 3 5
17 21 9 27
17 26 5 12
17 27 18 1
18 0 78 3
18 1 154 1
18 4 1 7
18 7 1 3
18 12 1 5
18 15 44 10
18 16 2 7
18 17 110 1
18 19 1 9
18 20 20 21
18 24 12 1
19 0 158 1
19 1 11 7
19 4 1 28
19 8 15 2
19 11 2 7
19 12 1 23
19 17 3 19
19 20 19 4
20 0 4 6
20 1 186 2
20 2 150 1
20 3 37 2
20 6 1 26
20 11 1 8
20 18 17 25
20 19 38 1
20 26 2 12
21 4 17 3
21 5 30 16
21 8 48 5
21 11 112 6
21 15 14 14
21 24 11 10
22 0 31 9
22 3 8 1
22 9 2 28
22 11 164 1
22 14 14 3
22 17 2 27
22 18 34 3
22 21 5 1
22 26 1 12
23 0 2 2
23 8 8 5
23 10 50 1
23 11 2 4
23 12 93 1
23 18 8 6
23 22 13 27
24 0 2 16
24 1 234 1
24 3 17 1
24 5 25 16
24 6 97 4
24 7 29 28
24 8 166 4
24 11 210 1
24 15 24 1
24 16 132 1
24 17 62 2
24 20 85 25
24 23 33 2
25 5 39 19
25 7 49 1
25 8 168 1
25 9 17 2
25 10 138 3
25 12 1 18
25 13 3 6
25 17 2 1
26 7 1 7
26 10 12 24
26 11 3 12
26 18 32 5
26 20 3 5
26 22 4 9
26 23 2 28
26 25 1 19
26 27 1 22
27 7 57 2
27 16 20 10
27 18 1 3
27 21 1 20
