0 1 48 1
0 2 5 16
0 3 21 16
0 4 2 16
0 5 52 6
0 6 133 11
0 8 36 9
0 10 4 12
0 15 39 1
0 16 19 24
0 17 90 1
0 19 90 1
0 20 7 24
0 23 15 1
0 24 34 15
1 0 17 18
1 2 92 1
1 3 20 6
1 4 27 24
1 5 19 28
1 6 328 1
1 7 255 1
1 8 25 16
1 9 267 1
1 12 66 1
1 16 19 28
1 17 2 5
1 20 14 3
1 24 23 25
1 25 78 3
2 0 19 1
2 1 5 26
2 3 2 8
2 4 4 25
2 5 29 14
2 7 1 14
2 8 92 1
2 10 2 5
2 11 241 1
2 12 61 1
3 0 17 7
3 1 21 27
3 2 27 24
3 5 19 20
3 6 278 1
3 7 77 1
3 8 30 1
3 10 8 3
3 11 15 8
3 15 20 2
3 16 19 24
3 19 53 2
3 24 28 6
3 25 1 9
4 1 206 18
4 3 1 15
4 5 64 1
4 6 142 1
4 9 22 1
4 10 90 1
4 11 2 24
4 12 1 15
4 17 273 8
4 18 2 2
4 21 3 8
4 26 27 10
5 0 19 26
5 1 19 17
5 2 2 3
5 3 18 6
5 4 25 1
5 6 88 1
5 7 1 26
5 8 26 27
5 9 129 1
5 10 334 1
5 12 1 25
5 14 31 1
5 16 127 26
5 17 186 10
5 18 6 1
5 19 1 6
5 20 1 16
5 22 1 24
5 24 19 5
5 26 23 9
5 27 2 17
6 0 337 1
6 1 233 1
6 2 3 26
6 4 1 7
6 5 137 1
6 8 318 27
6 9 4 21
6 11 1 4
6 12 292 1
6 17 1 14
6 18 1 10
6 20 3 20
6 21 2 17
6 22 3 23
6 23 54 7
6 25 154 25
6 27 69 1
7 0 7 18
7 1 440 22
7 2 48 1
7 3 260 1
7 6 361 1
7 8 10 13
7 9 3 16
7 10 2 17
7 11 18 12
7 12 1 5
7 13 2 8
7 15 1 16
7 24 233 2
7 25 5 26
8 0 18 29
8 1 206 25
8 2 82 26
8 3 74 23
8 4 110 1
8 5 21 26
8 6 34 1
8 7 3 22
8 9 236 3
8 10 39 14
8 11 1 28
8 12 255 1
8 14 1 23
8 15 114 1
8 16 77 6
8 18 92 9
8 19 1 4
8 24 194 26
8 25 1 24
9 4 115 1
9 5 290 1
9 6 12 23
9 7 4 6
9 8 135 1
9 10 113 1
9 11 7 16
9 12 256 1
9 15 1 6
9 16 77 8
9 17 30 1
9 18 2 16
9 20 100 27
9 22 57 1
9 23 2 23
9 25 25 23
9 27 1 24
10 1 410 1
10 2 248 1
10 3 1 11
10 4 47 1
10 5 4 27
10 6 258 11
10 7 91 1
10 8 15 27
10 9 8 19
10 11 2 21
10 12 13 24
10 13 248 1
10 14 32 22
10 15 343 1
10 18 173 5
10 19 1 8
10 24 217 1
10 25 60 1
10 26 89 5
11 1 1 23
11 2 255 1
11 3 22 29
11 5 8 17
11 6 7 1
11 7 97 1
11 10 1 4
11 14 6 3
11 15 352 1
11 18 94 5
11 19 1 8
11 22 4 15
11 23 7 2
11 24 1 3
11 25 1 9
11 26 4 6
11 27 1 19
12 2 51 2
12 4 33 2
12 6 3 4
12 7 1 17
12 8 290 1
12 9 130 1
12 10 13 1
12 13 8 1
12 14 86 2
12 15 22 1
12 16 1 5
12 18 104 6
12 22 112 2
12 25 16 8
13 2 21 2
13 8 182 1
13 9 44 4
13 10 8 13
13 11 235 2
13 12 46 1
13 14 7 1
13 20 35 5
14 2 16 1
14 8 12 1
14 9 4 17
14 10 331 1
14 11 219 1
14 12 106 2
14 13 65 2
14 25 45 8
15 0 1 20
15 6 126 1
15 7 2 19
15 10 2 11
15 11 75 1
15 20 37 3
15 24 15 1
15 25 1 29
16 0 68 21
16 1 42 7
16 3 18 9
16 5 18 16
16 7 3 6
16 8 40 2
16 18 3 22
16 24 90 9
16 26 1 26
17 0 126 1
17 1 228 1
17 2 232 2
17 3 1 13
17 4 278 1
17 7 4 29
17 8 6 25
17 9 1 19
17 10 2 26
17 12 2 21
17 14 72 27
17 18 180 1
18 4 189 1
18 6 5 10
18 7 2 29
18 9 121 1
18 10 2 9
18 11 55 3
18 22 28 28
18 24 8 4
19 0 2 28
19 3 1 20
19 4 4 23
19 10 1 14
19 12 1 22
19 20 146 1
20 0 1 1
20 1 141 1
20 6 1 16
20 8 219 1
20 10 4 13
20 18 22 2
20 19 10 14
20 22 1 19
21 9 22 5
21 15 16 2
21 23 7 3
21 26 18 21
22 2 1 11
22 4 12 17
22 8 25 2
22 10 3 15
23 7 1 9
23 9 84 2
23 12 77 1
23 13 1 1
23 24 2 23
24 0 18 6
24 1 19 6
24 3 18 23
24 5 50 23
24 6 1 27
24 7 198 2
24 8 19 14
24 9 92 1
24 10 3 24
24 11 61 1
24 16 20 15
24 22 1 27
24 23 18 5
25 3 68 8
25 7 2 2
25 8 2 5
25 10 1 3
25 11 36 1
25 15 3 8
25 17 73 1
25 23 2 19
25 26 1 7
25 27 76 1
26 4 1 1
26 7 11 6
26 8 1 5
26 9 56 2
26 15 9 20
26 18 1 21
26 24 4 1
26 27 94 1
27 4 48 2
27 14 1 13
27 26 1 4
