0 1 136 8
0 2 255 10
0 3 240 1
0 4 3 13
0 5 28 1
0 6 1 28
0 8 253 1
0 9 98 1
0 11 6 6
0 12 1 9
0 13 1 3
0 15 27 2
0 16 94 2
0 17 44 2
0 18 25 1
0 19 19 1
0 20 33 22
0 23 10 1
0 24 84 1
0 26 2 21
1 0 277 1
1 2 1 8
1 3 114 12
1 4 4 12
1 5 183 1
1 6 330 1
1 7 177 1
1 8 107 1
1 9 203 1
1 11 143 1
1 12 44 2
1 16 298 1
1 17 64 20
1 19 26 1
1 24 19 26
2 1 1 13
2 3 10 22
2 4 271 1
2 6 1 13
2 7 342 1
2 8 109 1
2 10 23 11
2 11 198 1
2 16 1 10
2 17 197 1
2 19 39 2
2 20 1 16
2 25 2 17
3 0 51 1
3 1 264 1
3 2 3 9
3 5 127 1
3 6 228 1
3 8 70 1
3 10 2 28
3 11 384 2
3 14 16 10
3 16 25 3
3 19 10 9
3 24 328 1
3 25 10 12
4 1 307 18
4 3 14 11
4 5 1 6
4 6 240 1
4 8 4 20
4 10 45 2
4 12 17 4
4 13 4 22
4 16 224 1
4 17 3 17
4 18 2 2
4 27 29 1
5 0 258 2
5 1 54 1
5 2 1 21
5 3 65 3
5 4 1 25
5 6 12 24
5 7 1 29
5 8 237 1
5 9 3 11
5 10 239 1
5 12 4 21
5 13 2 15
5 16 108 1
5 20 101 23
5 21 22 2
5 24 266 1
5 25 2 7
6 0 269 1
6 1 62 1
6 2 2 22
6 3 2 29
6 4 21 2
6 5 5 22
6 7 5 16
6 8 95 2
6 9 3 29
6 10 429 1
6 12 248 1
6 14 1 21
6 16 7 15
6 17 1 10
6 18 3 6
6 20 8 17
6 21 4 9
6 22 1 11
7 0 1 26
7 2 3 2
7 3 215 1
7 4 1 9
7 5 290 1
7 6 74 10
7 8 149 28
7 9 24 16
7 10 65 8
7 11 11 7
7 14 1 14
7 15 12 21
7 17 1 9
7 20 1 28
7 22 125 1
7 23 160 2
7 24 185 1
7 25 30 5
7 27 79 1
8 0 391 1
8 1 43 1
8 2 38 6
8 3 45 25
8 4 35 1
8 5 358 1
8 6 17 4
8 7 223 1
8 9 395 1
8 10 403 1
8 14 149 17
8 16 135 1
8 17 331 3
8 19 8 29
8 20 186 2
8 23 1 9
8 24 64 1
9 0 1 7
9 1 1 20
9 4 30 1
9 5 114 1
9 6 4 19
9 8 35 1
9 10 1 29
9 11 32 2
9 12 118 1
9 13 1 3
9 14 1 23
9 15 2 22
9 16 3 28
9 17 16 1
9 18 3 26
9 19 87 2
9 21 53 29
9 23 7 22
9 25 2 17
10 0 1 12
10 1 385 1
10 2 166 1
10 6 5 1
10 7 26 1
10 8 9 16
10 9 18 8
10 11 9 8
10 12 1 28
10 13 179 1
10 14 21 22
10 15 301 1
10 17 1 1
10 18 159 3
10 19 1 21
10 22 198 2
10 23 39 1
10 25 29 2
10 26 79 3
11 1 227 13
11 2 215 2
11 3 1 15
11 6 1 16
11 7 7 25
11 9 1 26
11 10 6 12
11 12 1 23
11 13 1 16
11 14 361 1
11 15 57 1
11 19 1 19
11 20 81 1
11 24 2 13
11 25 7 11
11 26 1 24
11 27 6 16
12 0 115 1
12 1 221 7
12 2 40 4
12 3 47 1
12 5 2 24
12 6 20 16
12 8 261 1
12 9 29 1
12 13 16 18
12 14 55 1
12 15 10 7
12 18 94 4
13 6 1 27
13 8 153 2
13 9 28 2
13 10 32 14
13 11 204 1
13 12 8 3
13 14 52 1
13 27 2 11
14 1 76 8
14 6 6 2
14 9 1 15
14 10 285 1
14 11 113 1
14 12 75 1
14 13 18 1
14 15 4 16
14 17 1 22
14 21 1 28
15 3 54 2
15 7 1 12
15 10 3 8
15 11 5 24
15 14 1 19
15 18 47 4
15 20 30 1
15 22 4 13
15 24 8 1
16 0 139 1
16 1 6 2
16 2 24 3
16 3 148 1
16 4 7 1
16 8 37 1
16 11 2 29
16 18 1 6
16 24 11 1
17 0 73 1
17 1 80 1
17 2 201 1
17 3 17 16
17 4 227 1
17 5 1 25
17 8 14 16
17 9 6 3
17 10 4 5
17 16 403 1
17 18 153 3
17 19 70 1
17 23 1 10
17 25 2 27
18 0 1 18
18 3 1 6
18 4 144 8
18 5 20 2
18 8 6 15
18 12 1 19
18 13 16 2
18 16 3 4
18 20 1 20
18 23 25 24
18 26 31 12
19 1 191 11
19 5 30 1
19 8 4 13
19 10 6 12
19 17 76 1
19 20 12 1
19 23 8 4
19 24 3 21
20 1 107 1
20 3 241 1
20 6 12 3
20 10 85 8
20 19 365 1
20 25 1 2
21 1 52 9
21 6 49 1
21 10 121 1
21 11 5 24
21 20 1 24
22 1 43 12
22 4 1 4
22 8 14 6
22 11 187 27
22 14 1 4
22 16 29 22
23 1 82 6
23 7 1 21
23 8 97 1
23 12 66 1
23 22 1 11
23 24 2 29
24 0 74 1
24 1 24 2
24 3 44 1
24 5 52 1
24 7 146 1
24 8 137 1
24 10 1 14
24 11 5 3
24 15 15 1
24 16 20 1
24 22 1 5
24 26 41 9
25 1 113 1
25 4 60 3
25 6 2 16
25 7 3 7
25 11 138 1
25 16 2 3
25 20 5 14
25 27 50 1
26 1 36 4
26 11 18 3
26 15 1 7
26 16 1 27
26 19 1 28
26 27 47 2
27 4 42 8
27 10 1 25
27 13 1 5
27 17 31 19
27 25 1 1
27 26 20 15
