0 1 49 1
0 2 1 7
0 3 161 1
0 5 352 1
0 6 2 3
0 7 34 1
0 8 7 1
0 12 2 24
0 13 1 29
0 16 29 1
0 17 41 1
0 18 24 2
0 20 190 14
0 24 24 5
0 26 1 27
1 0 158 1
1 3 89 1
1 4 4 11
1 5 74 1
1 6 322 1
1 7 172 1
1 8 349 1
1 9 197 1
1 13 36 1
1 16 211 1
1 17 7 12
1 19 24 3
1 22 7 7
1 24 100 1
1 27 44 17
2 3 10 24
2 4 268 1
2 5 1 3
2 6 1 4
2 7 27 1
2 8 92 1
2 10 1 12
2 11 195 1
2 17 195 1
2 20 5 14
2 21 15 28
2 24 32 3
3 0 121 9
3 1 211 20
3 2 162 18
3 4 5 12
3 5 34 1
3 6 223 1
3 7 1 9
3 8 77 1
3 9 1 1
3 10 8 12
3 13 5 5
3 16 44 1
3 17 69 1
3 20 8 9
3 22 9 18
3 24 250 1
3 27 3 16
4 0 27 16
4 1 215 22
4 6 227 1
4 8 4 14
4 10 42 1
4 11 7 26
4 12 1 3
4 18 1 19
4 21 3 5
5 0 185 1
5 1 199 27
5 2 1 21
5 3 22 1
5 4 5 27
5 6 14 26
5 7 1 14
5 8 3 22
5 9 3 18
5 10 231 1
5 14 21 2
5 16 49 7
5 19 1 28
5 22 1 24
5 24 186 1
6 0 263 1
6 1 45 1
6 2 63 22
6 3 1 24
6 4 6 6
6 5 15 25
6 7 1 22
6 8 49 1
6 9 4 4
6 10 419 1
6 11 2 10
6 12 244 1
6 15 27 1
6 17 2 9
6 18 1 4
6 19 132 2
6 20 1 6
6 25 151 1
6 27 59 3
7 0 1 20
7 1 428 2
7 2 2 1
7 3 199 1
7 4 2 21
7 5 286 1
7 6 321 1
7 8 84 19
7 9 1 6
7 10 7 24
7 11 378 26
7 14 5 8
7 15 11 1
7 19 178 2
7 23 158 1
7 24 181 1
7 25 33 11
8 0 292 1
8 1 28 1
8 2 8 3
8 3 186 2
8 4 31 1
8 5 165 1
8 6 280 13
8 7 15 1
8 9 387 1
8 10 387 1
8 12 215 1
8 13 10 2
8 15 76 1
8 16 77 1
8 17 330 3
8 20 184 1
8 23 58 15
8 24 177 1
8 27 118 1
9 1 1 21
9 3 3 5
9 4 26 1
9 5 16 1
9 6 7 24
9 8 29 1
9 10 1 10
9 11 69 22
9 12 108 1
9 14 8 4
9 15 4 27
9 16 1 20
9 17 15 1
9 20 1 2
9 25 2 10
10 0 2 28
10 1 383 1
10 2 160 1
10 5 22 1
10 6 216 1
10 7 22 1
10 8 314 2
10 9 12 9
10 11 23 2
10 12 268 3
10 13 173 1
10 14 10 12
10 15 296 1
10 17 1 3
10 18 158 1
10 19 2 12
10 20 7 9
10 21 116 6
10 22 197 5
10 23 38 2
10 24 199 3
10 25 27 1
10 26 79 1
10 27 1 16
11 0 1 2
11 1 3 20
11 2 212 1
11 3 1 9
11 5 117 9
11 6 1 8
11 7 8 15
11 8 2 8
11 9 215 9
11 10 17 22
11 13 4 7
11 14 354 1
11 15 173 1
11 17 10 9
11 19 1 25
11 20 79 3
11 24 3 14
11 25 407 1
11 27 5 6
12 0 113 4
12 4 12 2
12 5 8 3
12 6 2 8
12 8 258 2
12 9 24 1
12 11 1 3
12 14 53 1
12 23 103 9
12 26 5 25
13 2 2 23
13 4 36 1
13 7 4 17
13 8 151 2
13 9 27 2
13 11 201 2
13 12 7 1
13 14 48 1
13 15 6 8
13 26 1 24
14 3 2 26
14 5 24 3
14 6 5 5
14 10 168 1
14 11 106 1
14 12 72 1
14 13 16 1
14 15 4 16
14 16 7 4
14 27 13 5
15 5 34 6
15 7 2 5
15 10 1 21
15 11 6 10
15 14 3 29
15 25 2 23
16 0 105 1
16 1 189 1
16 3 94 2
16 5 166 1
16 7 1 1
16 8 174 1
16 9 106 5
16 10 50 14
16 11 1 12
16 13 1 8
16 17 4 11
16 23 30 16
16 24 24 16
17 0 69 2
17 1 71 1
17 3 1 10
17 4 223 1
17 5 1 2
17 8 3 29
17 10 6 17
17 11 2 15
17 16 399 9
17 18 151 1
17 25 3 20
18 0 7 16
18 3 1 14
18 4 119 1
18 8 2 27
18 9 95 2
18 14 18 2
18 16 1 21
18 17 1 1
18 25 2 4
19 0 1 14
19 3 8 29
19 6 1 29
19 8 1 5
19 10 1 23
19 12 24 5
19 15 1 17
19 17 75 1
19 20 6 1
19 25 1 23
20 0 2 20
20 1 104 1
20 4 6 27
20 5 59 1
20 6 1 12
20 8 186 1
20 9 4 24
20 10 1 6
20 14 78 4
20 17 1 20
20 18 16 1
20 19 74 1
20 22 1 23
20 24 3 11
21 9 15 1
21 10 120 12
21 12 2 29
21 22 6 16
22 1 1 3
22 12 15 5
22 14 2 11
22 15 12 1
22 19 5 24
22 23 1 18
23 6 2 26
23 7 1 23
23 11 9 1
23 14 1 4
23 15 38 1
23 16 30 22
23 20 2 1
23 24 1 22
24 0 95 1
24 3 192 1
24 5 79 1
24 7 142 1
24 8 83 14
24 10 1 27
24 16 89 1
24 17 36 1
24 22 1 12
24 26 3 2
25 3 66 1
25 6 1 2
25 8 7 20
25 10 5 1
25 11 123 1
25 12 1 1
25 13 5 3
25 16 2 27
25 26 53 12
25 27 48 1
26 2 13 6
26 6 26 3
26 9 51 8
26 10 1 6
26 15 2 23
26 17 69 7
26 23 1 20
26 27 44 1
27 8 1 6
27 13 1 3
27 14 1 21
27 25 66 25
