0 1 29 1
0 2 1 22
0 3 15 12
0 4 1 14
0 5 216 1
0 6 2 4
0 7 26 2
0 8 45 1
0 9 90 2
0 10 1 26
0 11 1 2
0 13 4 9
0 14 3 5
0 16 46 1
0 18 21 3
0 20 2 24
0 23 8 11
0 24 24 1
0 26 1 27
0 27 1 19
1 0 168 1
1 2 2 3
1 3 201 1
1 4 5 23
1 5 58 1
1 6 274 1
1 7 158 1
1 8 315 1
1 9 185 1
1 12 39 1
1 13 35 1
1 16 55 1
1 17 17 24
1 18 1 5
1 19 20 1
1 22 8 7
1 24 50 1
1 27 1 25
2 1 1 23
2 3 22 12
2 4 264 1
2 6 4 12
2 8 57 1
2 10 9 4
2 11 186 1
2 16 1 4
2 17 187 1
2 20 2 2
2 25 2 15
2 27 1 2
3 0 70 1
3 1 100 1
3 4 109 19
3 5 86 1
3 6 212 1
3 7 2 6
3 8 314 1
3 10 12 29
3 11 2 1
3 13 2 25
3 14 15 1
3 15 9 3
3 16 98 1
3 17 64 1
3 20 16 14
3 22 1 28
3 24 91 1
3 25 14 5
4 1 216 8
4 3 1 24
4 5 2 18
4 6 194 1
4 8 1 19
4 9 1 14
4 12 25 10
4 16 219 1
4 17 11 28
4 18 5 8
4 19 1 2
4 25 91 2
5 0 108 1
5 1 29 1
5 2 2 8
5 3 29 1
5 4 4 10
5 6 35 28
5 7 1 27
5 8 31 1
5 9 12 3
5 10 212 1
5 12 195 17
5 18 4 1
5 20 6 23
5 21 1 1
5 24 28 1
5 25 4 18
6 0 250 1
6 1 62 1
6 2 5 6
6 3 1 1
6 4 3 21
6 5 35 12
6 7 1 6
6 8 17 1
6 10 30 1
6 11 1 11
6 12 235 1
6 14 3 25
6 16 3 22
6 17 11 12
6 18 1 17
6 19 130 1
6 20 11 26
6 24 33 2
6 26 22 3
7 0 1 15
7 3 70 1
7 6 55 1
7 8 51 16
7 9 30 7
7 10 5 12
7 11 19 4
7 12 7 8
7 14 18 24
7 15 340 12
7 17 3 8
7 19 176 6
7 20 273 29
7 23 153 1
7 24 171 1
7 25 55 16
7 26 98 4
7 27 72 1
8 0 178 1
8 1 188 8
8 2 32 1
8 3 87 1
8 4 22 1
8 5 247 19
8 6 9 9
8 7 239 1
8 9 365 1
8 10 286 1
8 12 207 1
8 14 159 29
8 15 70 2
8 16 9 1
8 17 327 2
8 18 2 1
8 23 2 13
8 24 81 1
8 25 1 29
8 26 82 8
8 27 115 3
9 1 4 4
9 5 59 1
9 6 3 11
9 7 1 1
9 8 18 2
9 10 3 15
9 12 87 1
9 14 2 7
9 16 2 7
9 17 12 4
9 21 1 3
9 25 3 21
9 26 3 8
10 2 145 1
10 3 311 1
10 4 10 1
10 5 323 19
10 6 184 1
10 7 15 1
10 8 17 4
10 9 16 13
10 11 3 11
10 12 1 26
10 13 160 1
10 14 22 1
10 15 285 1
10 17 4 10
10 18 155 2
10 19 2 29
10 20 1 2
10 24 196 1
10 26 77 1
11 1 25 23
11 2 203 2
11 4 1 23
11 5 6 22
11 6 1 16
11 7 10 4
11 8 1 23
11 9 1 16
11 10 12 25
11 12 1 12
11 14 339 1
11 15 117 1
11 19 6 26
11 22 2 2
11 24 42 16
11 25 395 5
11 26 1 17
11 27 10 9
12 1 7 4
12 4 9 3
12 6 86 17
12 9 14 1
12 11 3 12
12 17 142 1
12 18 92 2
12 20 1 11
12 21 23 3
12 22 88 1
13 3 12 2
13 4 35 1
13 6 23 13
13 8 145 1
13 11 194 1
13 14 39 1
13 16 1 3
13 20 1 4
14 1 1 28
14 3 1 12
14 5 23 1
14 6 3 3
14 8 1 13
14 10 126 1
14 11 89 1
14 12 66 2
14 13 9 1
14 15 1 12
14 25 40 1
15 3 52 6
15 6 103 1
15 7 3 24
15 8 90 2
15 10 1 11
15 11 8 25
15 14 2 27
15 17 75 2
15 21 17 2
15 25 10 28
16 0 51 1
16 1 30 1
16 2 22 4
16 3 44 1
16 5 23 1
16 8 33 1
16 9 105 1
16 10 1 20
16 11 1 6
16 17 1 23
16 20 1 19
16 24 32 1
17 0 61 1
17 1 52 1
17 2 190 2
17 3 5 5
17 4 213 1
17 5 1 5
17 6 1 15
17 8 6 20
17 9 3 27
17 13 1 28
17 14 2 20
17 16 395 1
17 18 146 1
17 19 66 1
17 20 186 5
17 26 62 12
18 0 9 5
18 3 28 8
18 4 241 1
18 5 16 4
18 6 11 18
18 9 91 1
18 12 1 1
18 15 46 10
18 16 2 2
19 0 3 16
19 1 191 1
19 6 10 9
19 7 163 1
19 10 2 21
19 11 130 6
19 12 4 6
19 25 1 2
20 0 1 19
20 1 98 1
20 3 232 1
20 5 57 3
20 6 2 9
20 8 181 1
20 11 1 6
20 18 15 1
20 19 42 1
20 22 2 29
20 27 1 15
21 10 120 14
21 11 1 4
22 3 1 16
22 6 97 1
22 12 1 17
22 17 35 8
22 20 2 23
22 24 1 16
23 5 16 19
23 6 1 15
23 7 9 23
23 8 93 1
23 9 75 2
23 10 194 6
23 11 5 2
23 21 1 24
23 22 10 20
23 24 24 26
24 0 136 1
24 1 50 1
24 3 70 1
24 5 14 1
24 7 132 1
24 8 46 1
24 9 80 3
24 10 2 9
24 15 13 8
24 16 10 1
24 17 34 3
24 20 78 1
24 22 1 29
24 23 3 4
24 26 1 28
25 1 110 4
25 7 1 10
25 9 54 8
25 10 7 25
25 11 90 1
25 15 3 1
25 17 65 4
25 26 53 20
25 27 42 1
26 4 1 6
26 8 1 16
26 27 36 2
27 8 1 21
27 10 1 26
27 17 2 4
27 24 41 3
27 26 25 19
