0 1 23 1
0 2 1 17
0 3 59 2
0 4 22 23
0 5 209 1
0 6 1 28
0 8 39 10
0 11 3 27
0 13 1 18
0 14 1 13
0 15 24 3
0 16 39 1
0 17 34 1
0 19 8 2
0 24 17 1
0 25 3 9
1 0 155 1
1 2 2 1
1 3 194 4
1 4 56 15
1 5 52 1
1 6 270 1
1 7 157 1
1 8 310 1
1 9 184 1
1 10 1 10
1 11 131 1
1 12 39 1
1 13 34 6
1 16 48 1
1 17 3 15
1 19 20 1
1 21 1 29
1 24 43 1
1 25 62 5
2 0 1 25
2 1 81 1
2 3 32 8
2 4 263 1
2 6 1 19
2 7 24 2
2 8 54 1
2 10 2 26
2 11 185 1
2 12 46 2
2 16 1 13
2 17 187 1
2 22 1 4
3 0 59 1
3 1 93 1
3 4 1 20
3 5 79 1
3 6 211 1
3 7 5 4
3 8 304 1
3 10 1 10
3 11 1 24
3 12 90 1
3 14 15 1
3 16 91 2
3 17 63 2
3 18 44 19
3 24 84 1
3 27 1 2
4 1 304 1
4 2 1 14
4 3 1 16
4 5 2 7
4 6 191 1
4 8 1 12
4 10 35 1
4 12 1 6
4 16 219 2
4 17 12 1
4 18 3 19
4 20 24 1
4 21 4 20
4 24 1 17
5 0 102 1
5 1 22 1
5 2 1 12
5 3 22 1
5 4 4 17
5 6 18 3
5 7 45 2
5 8 23 1
5 9 10 20
5 10 211 1
5 12 1 7
5 15 1 9
5 16 27 1
5 18 5 7
5 19 1 6
5 20 1 2
5 21 5 16
5 22 1 20
5 24 20 2
5 25 1 7
6 0 248 1
6 1 59 1
6 2 8 17
6 3 1 11
6 4 32 4
6 5 20 4
6 7 2 1
6 8 13 1
6 9 25 23
6 10 28 7
6 11 1 1
6 12 234 1
6 14 1 17
6 16 1 17
6 18 1 13
6 19 130 1
6 20 1 11
7 0 2 6
7 1 421 2
7 3 67 1
7 5 277 1
7 6 53 1
7 8 5 17
7 9 3 25
7 10 101 14
7 11 9 6
7 14 1 22
7 16 88 1
7 18 2 2
7 20 1 17
7 23 153 1
7 24 170 1
7 25 4 21
7 27 72 1
8 0 170 1
8 1 73 1
8 2 138 22
8 3 80 24
8 4 21 1
8 5 68 1
8 6 288 1
8 7 236 1
8 9 363 1
8 10 281 1
8 12 207 1
8 14 21 7
8 16 2 2
8 18 4 21
8 24 73 1
8 25 2 24
9 0 1 10
9 2 1 21
9 4 16 1
9 5 55 1
9 6 79 29
9 10 1 11
9 11 1 25
9 12 85 1
9 16 1 24
9 20 119 18
9 23 1 9
9 25 29 15
10 0 1 26
10 1 375 1
10 2 144 1
10 3 311 4
10 4 10 1
10 5 33 12
10 6 182 1
10 7 14 1
10 8 8 5
10 9 49 18
10 11 9 8
10 13 159 1
10 14 30 12
10 15 284 1
10 17 2 27
10 19 1 13
10 24 195 3
10 26 77 1
10 27 1 15
11 0 1 15
11 1 235 17
11 3 48 18
11 4 1 18
11 6 16 6
11 7 37 21
11 8 5 20
11 9 2 20
11 10 18 15
11 12 1 25
11 13 1 19
11 14 337 1
11 15 113 1
11 16 1 1
11 17 122 6
11 18 80 2
11 24 1 18
11 25 49 1
11 27 1 29
12 2 37 2
12 3 45 1
12 5 1 5
12 6 2 4
12 8 251 1
12 9 13 1
12 13 16 1
12 14 47 1
12 17 141 7
12 20 1 11
12 22 87 1
12 25 10 6
12 26 1 7
13 4 35 1
13 7 1 14
13 8 145 1
13 10 228 11
13 11 194 1
13 12 3 2
13 14 38 1
13 15 5 4
13 16 1 11
13 18 40 18
13 20 39 7
13 21 8 1
13 26 11 9
14 0 1 3
14 5 23 1
14 10 122 21
14 11 87 1
14 13 9 1
14 15 2 2
14 20 81 1
14 21 1 26
14 25 40 1
15 1 126 3
15 2 19 4
15 4 4 4
15 6 102 2
15 7 5 4
15 10 2 8
15 11 3 8
15 14 4 14
15 20 27 8
16 0 44 1
16 1 23 1
16 3 37 1
16 5 16 1
16 8 26 1
16 9 104 7
16 10 3 20
16 12 1 3
16 17 3 4
16 24 25 1
17 0 60 2
17 1 50 1
17 3 1 13
17 4 212 1
17 6 1 1
17 7 4 17
17 8 1 23
17 9 1 14
17 10 1 21
17 11 1 9
17 13 82 3
17 16 394 1
17 18 145 1
17 19 66 3
18 0 2 18
18 2 1 5
18 4 239 1
18 7 7 19
18 8 1 9
18 9 90 2
18 12 5 5
18 14 17 1
18 16 9 18
18 21 12 23
19 0 56 24
19 1 194 2
19 3 10 24
19 4 2 4
19 5 1 9
19 7 163 2
19 8 1 1
19 18 4 16
19 20 2 2
19 21 3 23
20 1 97 1
20 3 231 2
20 6 1 6
20 8 180 2
20 18 15 1
20 19 39 1
20 24 2 10
21 8 1 29
21 12 1 11
21 16 1 20
21 17 1 9
21 19 1 8
21 27 14 18
22 4 3 21
22 5 1 29
22 6 97 1
22 8 12 3
22 10 1 13
22 12 16 5
22 18 1 12
23 7 1 11
23 8 93 1
23 12 62 1
23 15 35 1
23 21 6 4
24 0 129 1
24 1 43 1
24 3 63 1
24 5 23 1
24 6 1 22
24 7 131 1
24 8 39 22
24 10 13 29
24 12 1 21
24 14 1 5
24 16 6 26
24 20 78 2
24 22 6 23
25 0 39 6
25 7 1 22
25 8 2 5
25 11 88 1
25 13 5 4
25 15 3 27
25 18 1 1
25 20 2 17
25 24 1 9
25 27 42 2
26 2 13 1
26 10 2 13
27 8 1 16
27 15 35 6
27 17 1 13
27 25 2 28
27 26 2 5
