0 1 150 25
0 2 18 1
0 3 169 1
0 4 4 22
0 5 105 1
0 6 1 26
0 7 381 1
0 8 15 15
0 9 58 1
0 10 12 19
0 16 27 1
0 17 5 2
0 18 9 1
0 19 1 11
0 20 6 6
0 24 8 17
0 25 12 13
0 26 3 22
1 0 68 4
1 2 60 22
1 3 337 2
1 4 11 1
1 5 229 1
1 6 82 1
1 7 79 1
1 8 9 1
1 9 109 1
1 10 2 3
1 11 83 2
1 12 20 1
1 16 99 1
1 17 11 21
1 18 1 17
1 22 1 27
1 24 223 6
1 26 60 5
2 0 7 4
2 1 157 1
2 3 212 1
2 4 211 1
2 5 1 13
2 6 3 5
2 7 316 1
2 8 8 28
2 10 6 2
2 11 127 1
2 12 33 3
2 14 1 2
2 15 33 1
2 16 2 6
2 19 32 9
2 20 1 22
2 22 13 9
3 0 362 1
3 1 294 24
3 2 119 1
3 4 2 27
3 5 60 4
3 6 138 1
3 7 7 14
3 8 63 1
3 10 20 10
3 11 320 1
3 12 79 3
3 13 13 28
3 14 8 3
3 16 123 1
3 17 32 1
3 19 2 9
3 20 1 14
3 22 2 10
3 24 104 1
4 1 112 3
4 2 1 1
4 3 3 23
4 5 3 19
4 6 36 1
4 8 68 7
4 9 8 8
4 12 2 6
4 17 18 1
4 18 1 5
4 20 12 2
4 21 1 10
4 23 86 3
4 27 21 3
5 0 9 5
5 1 3 11
5 2 1 17
5 3 148 1
5 4 3 19
5 6 49 23
5 7 1 8
5 8 28 3
5 9 6 11
5 10 98 1
5 16 53 1
5 17 171 1
5 18 2 3
5 24 66 1
5 25 3 3
5 26 18 21
6 0 161 1
6 2 64 4
6 3 8 26
6 4 123 25
6 5 50 9
6 7 2 20
6 8 24 13
6 9 403 1
6 10 409 1
6 11 3 8
6 12 172 1
6 14 3 28
6 15 10 1
6 16 11 25
6 17 325 10
6 18 3 15
6 19 115 1
6 20 1 3
6 25 139 2
6 27 47 1
7 0 31 12
7 1 371 1
7 2 3 4
7 3 94 1
7 5 213 1
7 6 194 1
7 8 2 2
7 9 222 20
7 10 19 9
7 11 330 1
7 12 1 9
7 13 2 8
7 14 4 14
7 15 287 1
7 16 75 1
7 17 15 20
7 18 2 12
7 22 103 3
7 23 119 2
7 24 109 2
7 25 102 11
8 0 159 1
8 1 114 8
8 2 5 24
8 3 18 1
8 5 336 1
8 6 179 10
8 7 197 1
8 9 305 1
8 10 289 1
8 11 265 1
8 12 158 1
8 14 260 16
8 16 203 1
8 17 300 2
8 18 113 14
8 19 14 1
8 23 1 16
8 24 260 3
8 26 72 3
9 0 1 6
9 1 1 25
9 2 1 21
9 5 5 18
9 6 313 5
9 7 3 2
9 10 35 26
9 11 4 28
9 13 1 7
9 14 2 1
9 16 6 25
9 17 2 1
9 20 3 22
9 21 64 20
9 25 2 24
10 1 321 1
10 2 60 1
10 3 287 1
10 5 357 1
10 6 289 1
10 9 4 26
10 11 11 29
10 12 1 4
10 13 79 1
10 14 2 5
10 15 199 1
10 18 135 1
10 22 174 1
10 24 168 1
10 27 1 18
11 0 1 18
11 1 1 10
11 2 146 1
11 4 243 11
11 5 24 9
11 6 109 7
11 7 11 19
11 8 1 24
11 9 1 27
11 10 24 14
11 12 154 23
11 13 2 7
11 14 219 1
11 15 1 1
11 16 134 15
11 17 1 13
11 19 1 21
11 20 48 1
11 21 113 6
11 22 20 27
11 23 2 8
11 24 305 1
11 25 356 1
11 26 1 29
12 1 3 8
12 3 33 1
12 5 1 19
12 8 207 1
12 9 4 9
12 10 1 8
12 11 1 21
12 13 198 1
12 14 19 1
12 18 79 1
12 22 62 1
12 23 109 10
12 25 5 15
12 26 6 18
13 2 1 13
13 4 25 1
13 6 1 5
13 7 1 16
13 8 108 1
13 9 10 2
13 10 51 4
13 11 145 1
13 12 2 8
13 23 1 21
13 24 22 5
14 1 5 2
14 3 8 4
14 5 13 1
14 7 4 10
14 8 6 22
14 9 181 5
14 10 35 1
14 11 12 2
14 12 33 3
14 15 86 28
14 22 32 4
14 24 2 11
14 26 2 9
15 1 118 5
15 2 13 6
15 3 42 1
15 5 29 4
15 6 79 3
15 7 1 20
15 8 53 1
15 9 129 5
15 10 1 12
15 11 83 2
15 12 119 3
15 23 1 23
15 25 13 13
16 0 53 18
16 1 155 1
16 2 14 1
16 3 87 23
16 5 61 1
16 8 17 1
16 10 2 14
16 11 1 26
16 15 1 6
16 17 2 5
16 18 217 1
16 19 1 5
16 20 4 14
16 24 241 1
16 27 1 17
17 0 19 1
17 2 140 1
17 3 8 23
17 4 148 1
17 6 4 1
17 7 1 24
17 8 2 28
17 9 1 21
17 10 1 16
17 11 1 10
17 16 290 1
17 18 111 2
17 19 50 2
17 20 178 1
17 25 3 13
18 3 1 14
18 4 107 1
18 5 3 5
18 6 10 1
18 11 30 6
18 12 6 17
18 16 1 20
18 17 1 9
18 22 3 15
19 0 59 1
19 5 30 24
19 6 1 24
19 7 145 3
19 8 1 5
19 16 1 20
19 17 55 2
19 20 3 8
19 25 17 7
19 27 1 25
20 0 11 20
20 1 62 1
20 2 2 11
20 4 11 17
20 6 27 27
20 8 142 2
20 12 1 28
20 16 1 4
20 19 147 1
20 24 53 4
20 27 1 26
21 7 3 19
21 8 1 21
21 9 7 1
21 11 13 15
21 17 30 26
21 23 2 3
22 1 1 27
22 6 87 7
22 10 1 29
22 11 4 2
22 12 1 7
22 14 4 29
22 23 2 24
23 0 35 1
23 14 14 25
23 15 20 2
23 22 7 2
23 24 6 22
24 0 56 1
24 1 137 1
24 3 78 1
24 5 161 3
24 6 4 15
24 7 73 2
24 8 439 3
24 11 6 3
24 14 46 1
24 15 5 3
24 16 53 1
24 18 2 21
24 26 1 23
25 0 27 1
25 4 48 1
25 6 1 25
25 7 12 1
25 9 1 15
25 10 1 11
25 13 3 1
25 27 14 1
26 1 29 9
26 4 4 27
26 7 3 28
26 8 96 14
26 10 3 8
26 11 5 1
26 12 51 10
26 16 1 17
26 27 2 3
27 3 22 4
27 7 2 16
27 8 3 9
27 9 81 3
27 10 7 24
27 17 4 26
27 20 77 4
27 22 7 4
27 25 1 11
27 26 1 8
