0 1 68 3
0 2 292 16
0 3 142 1
0 5 148 1
0 6 291 4
0 7 379 1
0 8 247 1
0 9 57 1
0 11 323 1
0 14 1 16
0 16 40 1
0 17 5 1
0 19 1 25
0 20 4 8
0 21 25 13
0 24 374 1
0 27 1 5
1 0 279 1
1 2 5 5
1 3 320 1
1 4 190 9
1 5 200 1
1 6 74 1
1 7 77 1
1 8 161 24
1 9 107 1
1 10 1 2
1 11 82 2
1 14 2 16
1 16 67 4
1 17 36 25
1 19 2 3
1 21 7 28
1 22 83 1
1 23 1 12
1 24 48 1
2 1 145 1
2 3 202 1
2 4 209 1
2 6 44 15
2 7 314 1
2 8 3 8
2 9 163 1
2 10 14 24
2 11 126 1
2 14 1 8
2 15 32 10
2 17 135 1
2 20 3 28
2 22 1 17
2 24 26 3
2 27 1 21
3 0 140 1
3 1 52 1
3 2 109 1
3 4 57 7
3 5 48 1
3 6 136 1
3 7 31 13
3 8 15 3
3 10 2 21
3 11 318 1
3 16 64 1
3 17 31 2
3 20 5 20
3 22 12 20
3 24 72 20
3 25 1 6
4 0 336 1
4 1 357 26
4 2 2 12
4 3 1 11
4 5 28 15
4 6 34 1
4 7 327 1
4 8 2 21
4 9 1 29
4 10 5 1
4 11 1 11
4 12 9 2
4 16 194 1
4 18 16 7
4 20 11 6
5 0 21 18
5 1 35 9
5 3 135 1
5 4 30 3
5 6 145 23
5 7 2 23
5 8 145 1
5 9 6 3
5 10 96 1
5 14 9 6
5 16 57 1
5 24 11 10
6 0 158 1
6 2 1 4
6 3 3 25
6 4 2 11
6 5 37 6
6 7 3 29
6 8 23 29
6 9 396 9
6 10 402 1
6 11 71 29
6 12 170 1
6 15 9 4
6 18 16 21
6 21 2 11
6 22 1 16
6 24 20 1
6 25 139 3
6 27 47 1
7 0 1 2
7 1 370 1
7 2 2 29
7 3 87 1
7 4 16 21
7 5 211 1
7 6 190 1
7 8 349 14
7 9 1 6
7 10 13 25
7 11 317 8
7 12 3 14
7 14 1 12
7 15 284 1
7 17 7 21
7 19 164 2
7 20 14 27
7 23 118 1
7 24 108 1
7 25 4 29
8 0 125 1
8 1 83 1
8 2 6 1
8 3 171 1
8 4 1 13
8 5 295 1
8 6 206 1
8 7 154 1
8 9 300 1
8 10 270 1
8 11 263 1
8 12 157 1
8 14 2 20
8 16 177 1
8 17 300 1
8 18 25 20
8 22 95 3
8 24 26 14
8 25 1 8
9 0 22 28
9 1 22 4
9 2 3 24
9 4 1 22
9 5 20 28
9 6 3 1
9 7 3 1
9 8 2 18
9 10 31 25
9 11 83 17
9 12 3 1
9 13 1 6
9 14 12 21
9 15 3 17
9 16 2 9
9 18 4 6
9 20 1 1
9 21 12 26
9 22 34 1
9 23 2 1
9 24 2 28
10 0 1 1
10 1 319 2
10 2 58 2
10 3 286 2
10 5 355 1
10 6 283 1
10 8 3 8
10 9 14 22
10 11 12 12
10 12 1 14
10 13 77 1
10 14 160 28
10 15 197 1
10 16 114 3
10 18 134 3
10 19 1 16
10 22 174 1
10 23 14 2
10 24 167 1
10 25 3 4
10 26 64 2
10 27 11 5
11 0 1 18
11 1 1 1
11 3 13 1
11 4 1 20
11 5 5 26
11 6 5 1
11 7 129 12
11 8 24 26
11 10 3 16
11 12 1 23
11 13 11 8
11 14 216 1
11 15 2 9
11 16 1 19
11 17 4 8
11 24 304 1
11 25 349 1
11 27 22 20
12 2 25 2
12 6 1 7
12 8 206 1
12 9 2 19
12 10 2 10
12 18 78 5
12 19 1 27
13 4 24 4
13 8 107 1
13 9 9 2
13 10 2 23
13 11 144 1
13 26 12 23
14 0 1 15
14 1 5 21
14 2 3 1
14 5 12 1
14 7 3 3
14 8 1 15
14 10 29 1
14 11 11 2
14 27 8 3
15 3 41 7
15 7 2 22
15 8 52 1
15 10 3 28
15 11 101 6
15 14 4 5
15 23 1 25
16 0 59 5
16 1 129 17
16 2 13 1
16 3 121 1
16 5 98 11
16 6 1 14
16 8 70 1
16 9 93 1
16 10 1 21
16 12 2 21
16 13 33 15
16 14 18 4
16 17 10 4
16 18 216 1
16 23 29 14
16 24 209 1
17 1 1 13
17 2 139 1
17 3 8 7
17 4 146 1
17 5 45 19
17 6 1 23
17 7 42 6
17 8 3 6
17 9 2 21
17 10 1 19
17 16 287 1
17 18 110 2
17 19 49 1
17 20 177 5
17 22 16 20
17 23 1 12
18 0 3 18
18 1 2 11
18 2 2 11
18 4 104 1
18 6 10 1
18 8 13 28
18 9 62 2
18 10 3 18
18 12 1 9
18 16 13 25
18 25 1 13
19 1 209 1
19 11 117 3
19 14 18 2
19 15 1 13
19 16 3 11
19 17 55 1
19 18 10 7
19 20 10 12
19 22 4 15
19 24 2 3
20 1 61 1
20 2 1 9
20 3 179 1
20 4 1 15
20 8 141 2
20 9 3 17
20 10 94 23
20 12 6 10
20 13 1 25
20 16 1 19
20 19 140 1
20 21 47 25
20 24 2 2
20 25 1 15
21 1 45 13
21 4 1 23
21 12 1 27
21 19 1 23
22 0 40 7
22 2 17 6
22 5 1 6
22 10 7 16
22 11 4 3
22 13 1 17
22 20 6 3
22 23 5 22
23 1 74 7
23 2 22 15
23 4 2 22
23 7 30 4
23 8 75 1
23 10 179 1
23 14 1 9
23 15 20 1
23 17 1 24
23 20 2 5
23 22 6 12
24 0 24 3
24 1 117 1
24 2 1 21
24 3 46 15
24 5 33 10
24 7 72 1
24 8 32 3
24 9 68 2
24 10 1 9
24 11 6 15
24 16 67 1
24 17 27 8
24 22 1 18
25 2 40 10
25 6 4 24
25 8 198 2
25 11 1 8
25 16 2 7
25 17 57 2
25 20 8 5
25 21 12 16
26 7 1 17
26 8 4 11
26 9 45 1
26 13 15 21
26 21 18 13
27 4 34 5
27 5 32 15
27 8 1 20
27 10 1 22
27 11 5 3
27 14 28 28
27 16 18 10
27 24 37 1
27 26 7 25
