0 1 13 1
0 2 10 1
0 3 127 27
0 5 178 1
0 6 1 8
0 7 378 1
0 8 231 1
0 9 57 1
0 10 6 20
0 11 323 2
0 15 13 2
0 16 23 17
0 17 5 1
0 18 8 4
0 19 1 13
0 20 3 13
0 24 358 1
1 0 258 4
1 2 33 24
1 3 302 1
1 4 17 20
1 5 184 1
1 6 70 1
1 7 76 1
1 8 167 1
1 9 106 1
1 10 9 27
1 12 19 3
1 14 2 27
1 16 130 1
1 17 3 29
1 22 83 26
1 23 1 6
1 24 35 6
1 27 5 23
2 0 7 16
2 1 139 1
2 3 197 1
2 4 208 1
2 6 14 10
2 7 313 1
2 8 3 10
2 9 162 1
2 10 94 5
2 11 125 1
2 12 33 1
2 14 2 10
2 17 134 2
2 18 2 8
2 20 15 25
3 0 133 1
3 1 35 1
3 2 104 1
3 4 25 19
3 5 31 15
3 6 135 1
3 7 34 9
3 8 27 1
3 9 1 28
3 10 1 7
3 11 317 1
3 12 79 2
3 14 8 1
3 16 47 1
3 20 5 4
3 22 1 9
3 24 118 26
3 25 1 11
3 26 5 2
4 0 335 1
4 1 107 1
4 2 3 17
4 3 1 28
4 5 6 28
4 6 33 1
4 7 327 1
4 8 30 2
4 9 2 16
4 10 5 3
4 13 104 1
4 16 193 1
4 18 7 2
4 19 1 11
4 23 85 26
4 24 2 21
4 26 18 4
4 27 21 4
5 0 26 11
5 1 40 1
5 2 1 19
5 3 130 1
5 4 7 18
5 6 411 28
5 7 5 17
5 8 159 1
5 9 46 28
5 10 95 1
5 11 4 8
5 16 40 1
5 17 171 1
5 18 4 5
5 20 1 19
5 24 34 1
5 25 3 27
6 0 157 1
6 2 22 3
6 3 2 28
6 4 3 11
6 5 115 19
6 7 2 25
6 8 66 21
6 9 248 1
6 10 399 1
6 11 1 1
6 12 169 2
6 13 144 28
6 14 1 14
6 18 1 13
6 20 2 3
6 22 5 11
6 23 31 1
6 24 20 1
6 27 46 4
7 0 21 5
7 1 369 1
7 2 1 24
7 3 84 1
7 5 210 1
7 6 188 1
7 8 2 23
7 10 250 24
7 11 243 1
7 13 1 23
7 14 2 26
7 15 282 1
7 17 1 29
7 18 1 25
7 22 102 3
7 23 118 2
7 24 107 1
7 25 1 4
7 26 81 5
7 27 44 1
8 0 107 1
8 1 68 17
8 2 4 3
8 3 152 1
8 5 362 1
8 6 183 1
8 7 149 1
8 9 298 1
8 10 261 1
8 11 262 1
8 12 156 1
8 15 35 1
8 16 160 1
8 17 299 2
8 18 1 18
8 20 138 2
8 23 2 15
8 24 323 1
8 25 19 24
8 26 72 1
8 27 100 1
9 5 9 16
9 6 2 1
9 7 2 2
9 8 1 2
9 10 11 26
9 11 1 16
9 12 3 1
9 13 1 3
9 14 1 18
9 15 1 3
9 17 2 10
9 18 3 13
9 20 1 13
9 22 34 2
9 23 5 6
9 27 1 11
10 0 2 10
10 5 354 1
10 6 280 16
10 7 1 12
10 8 182 10
10 9 19 6
10 11 16 10
10 12 10 8
10 13 76 1
10 14 64 9
10 15 195 1
10 17 1 10
10 21 109 1
10 22 173 2
10 24 166 2
11 0 1 12
11 1 16 5
11 2 144 1
11 3 13 1
11 4 4 7
11 6 26 15
11 7 54 15
11 7 415 17
11 8 5 1
11 9 1 20
11 10 56 19
11 12 2 28
11 13 1 10
11 14 214 1
11 15 1 19
11 20 47 4
11 23 1 21
11 24 303 9
11 25 349 1
11 27 3 24
12 1 218 1
12 5 1 20
12 8 205 1
12 9 1 3
12 11 8 23
12 13 196 1
12 14 18 2
12 21 9 1
12 22 61 3
12 26 35 22
13 8 106 2
13 11 143 2
13 12 1 6
13 16 2 3
13 20 1 12
13 22 1 22
14 1 82 26
14 2 2 5
14 5 12 5
14 7 1 23
14 8 3 3
14 9 18 5
14 10 26 1
14 12 32 3
14 13 1 18
14 18 46 2
14 23 32 5
14 24 2 26
15 0 4 1
15 6 78 1
15 7 13 22
15 8 51 1
15 10 1 15
15 11 5 15
15 12 119 1
15 14 2 3
15 17 67 4
15 23 1 10
15 25 5 2
15 27 2 3
16 0 32 1
16 1 128 1
16 2 13 8
16 3 117 1
16 5 32 27
16 8 78 1
16 9 93 3
16 11 1 8
16 17 2 13
16 18 215 1
16 24 219 1
16 25 1 7
17 2 138 1
17 3 1 20
17 4 145 1
17 5 2 28
17 6 1 14
17 7 8 17
17 8 39 28
17 9 1 7
17 14 79 27
17 16 285 1
17 19 49 1
18 0 13 7
18 2 1 12
18 4 102 1
18 6 9 13
18 8 2 26
18 13 12 4
18 16 16 21
18 17 1 23
18 23 1 12
19 0 57 1
19 1 209 3
19 5 1 14
19 7 145 1
19 8 3 8
19 10 1 16
19 12 1 1
19 17 55 1
19 20 3 9
20 1 61 1
20 3 178 2
20 5 45 1
20 7 312 1
20 11 253 1
20 17 185 3
20 19 137 1
21 13 8 8
21 23 2 1
22 1 54 11
22 3 1 28
22 4 30 13
22 7 1 4
22 10 52 7
22 12 2 2
22 14 3 4
22 15 7 1
22 18 1 5
23 6 1 26
23 8 74 3
23 10 179 1
23 11 1 26
23 12 48 1
23 15 19 1
23 17 1 23
23 20 2 5
23 22 5 29
24 0 67 1
24 1 173 1
24 3 102 1
24 5 144 1
24 7 71 2
24 8 422 1
24 10 3 18
24 11 9 12
24 15 5 1
24 16 50 1
24 21 11 11
24 26 1 15
25 1 98 5
25 3 57 3
25 6 16 12
25 10 1 21
25 14 27 6
25 16 25 17
25 21 1 18
25 26 53 2
26 4 2 14
26 7 15 20
26 9 45 2
26 14 1 6
26 15 17 28
26 16 7 9
26 23 1 5
26 27 2 1
27 1 2 15
27 6 1 13
27 9 80 10
27 10 1 4
27 13 1 1
27 15 33 7
27 17 34 6
27 24 37 1
27 25 10 12
27 26 3 15
