0 1 80 20
0 2 291 2
0 3 224 1
0 5 260 1
0 6 6 15
0 7 361 1
0 8 86 1
0 11 13 4
0 12 168 1
0 14 1 28
0 16 255 1
0 18 7 2
0 19 4 19
0 20 2 7
0 24 212 1
0 26 1 12
1 0 118 1
1 2 5 23
1 3 321 1
1 4 34 15
1 5 241 1
1 6 111 1
1 7 63 1
1 8 89 4
1 9 92 1
1 10 2 5
1 11 73 1
1 14 2 15
1 16 30 1
1 17 3 21
1 24 219 1
1 25 45 2
1 27 1 21
2 0 2 24
2 1 233 1
2 3 79 1
2 4 195 1
2 5 7 6
2 6 2 16
2 7 32 1
2 8 3 26
2 9 158 1
2 10 1 24
2 11 114 1
2 15 32 2
2 17 124 1
2 20 16 8
2 23 1 8
3 0 234 1
3 1 84 1
3 2 56 1
3 4 130 4
3 5 12 1
3 6 121 1
3 7 4 11
3 8 7 2
3 10 141 17
3 11 299 1
3 12 77 2
3 15 1 5
3 16 93 1
3 17 26 1
3 20 1 22
3 22 1 18
3 24 71 1
3 25 8 7
4 1 42 1
4 2 1 27
4 5 4 27
4 6 16 1
4 7 8 3
4 8 80 14
4 9 2 13
4 10 2 2
4 12 1 7
4 14 7 3
4 16 188 1
4 18 8 29
4 20 9 3
4 21 60 28
4 26 17 10
5 0 303 1
5 1 329 1
5 2 10 14
5 3 79 1
5 4 150 22
5 6 190 1
5 7 3 3
5 8 84 1
5 9 67 20
5 10 76 1
5 11 17 27
5 13 21 22
5 14 8 1
5 16 118 1
5 18 28 10
5 19 1 19
5 22 1 27
5 24 108 1
5 25 9 24
6 0 140 1
6 1 2 18
6 2 12 9
6 3 1 13
6 4 5 11
6 5 414 1
6 7 76 12
6 8 112 6
6 9 365 1
6 10 351 1
6 11 1 17
6 12 157 1
6 14 1 3
6 17 1 17
6 18 3 24
6 19 111 5
6 21 1 8
6 22 1 18
6 24 17 2
6 25 136 3
7 0 1 19
7 1 354 1
7 2 1 16
7 3 34 1
7 4 1 1
7 5 196 1
7 6 157 1
7 8 353 26
7 10 2 19
7 11 114 1
7 12 9 3
7 13 1 16
7 14 8 28
7 15 263 1
7 16 71 5
7 17 1 24
7 18 9 2
7 20 17 25
7 22 99 1
7 23 111 1
7 24 95 2
7 25 2 15
8 0 246 1
8 1 24 4
8 2 11 1
8 3 141 1
8 5 176 1
8 6 325 1
8 7 181 1
8 9 263 1
8 10 170 1
8 11 212 1
8 15 29 1
8 16 8 3
8 17 292 1
8 18 1 20
8 20 130 1
8 22 91 2
8 23 2 26
8 24 111 1
8 27 96 2
9 1 1 27
9 2 2 1
9 3 4 28
9 4 1 14
9 5 18 9
9 6 52 1
9 8 1 26
9 10 11 28
9 14 1 3
9 15 1 21
9 16 12 5
10 0 1 3
10 1 306 1
10 2 44 2
10 5 10 1
10 6 158 22
10 7 1 14
10 8 15 6
10 9 296 26
10 11 7 14
10 13 63 1
10 14 337 9
10 15 177 1
10 17 1 11
10 19 2 1
10 22 168 2
10 27 1 16
11 0 18 21
11 2 132 1
11 3 56 2
11 5 2 16
11 6 33 26
11 7 201 27
11 8 1 9
11 10 10 11
11 13 1 17
11 14 189 1
11 15 2 6
11 17 1 12
11 18 63 5
11 20 43 1
11 23 1 20
11 24 40 1
11 25 301 1
11 26 1 27
11 27 2 10
12 0 90 4
12 2 22 6
12 3 31 3
12 5 1 21
12 6 16 19
12 7 7 1
12 8 196 1
12 9 1 12
12 13 201 1
12 22 56 1
12 26 6 18
13 4 22 7
13 7 1 9
13 8 98 1
13 10 46 1
13 11 133 1
13 17 72 11
14 0 2 16
14 3 3 8
14 5 11 1
14 7 2 22
14 8 11 12
14 10 81 1
14 11 4 1
14 13 1 23
14 15 3 23
14 18 45 3
14 23 31 1
14 24 3 7
15 0 4 1
15 1 116 1
15 5 27 8
15 7 9 13
15 10 28 18
15 11 124 12
15 13 1 24
15 20 17 8
15 25 4 9
15 27 1 19
16 0 33 1
16 1 34 9
16 3 113 1
16 5 32 1
16 8 10 5
16 9 90 6
16 10 1 12
16 14 18 2
16 17 2 20
16 18 77 1
16 19 1 28
16 23 28 5
16 24 181 1
17 0 12 2
17 2 128 1
17 3 1 3
17 4 133 1
17 7 1 27
17 8 2 1
17 9 5 3
17 10 156 28
17 12 8 8
17 16 261 1
17 21 27 13
17 22 1 6
17 25 1 18
18 0 5 12
18 1 1 18
18 2 2 24
18 4 80 1
18 8 1 16
18 12 1 5
18 16 2 14
18 17 1 27
19 0 65 1
19 4 3 5
19 5 3 10
19 7 141 1
19 8 8 11
19 11 115 1
19 12 3 2
19 16 1 4
19 17 51 3
19 18 1 23
19 20 3 23
20 1 54 2
20 2 2 7
20 3 167 1
20 4 1 23
20 5 42 2
20 7 308 1
20 8 133 2
20 9 7 8
20 11 250 2
20 19 93 1
20 26 59 1
20 27 49 24
21 7 1 20
21 22 2 1
22 1 1 29
22 10 10 8
22 11 184 1
22 12 1 13
22 14 4 8
22 19 1 19
22 23 5 2
23 0 33 1
23 5 13 4
23 9 64 1
23 12 45 2
23 14 1 26
23 17 1 9
23 21 10 13
23 22 5 1
23 24 1 6
23 27 3 1
24 0 167 1
24 1 90 1
24 3 131 2
24 5 20 1
24 6 136 27
24 7 61 1
24 8 331 1
24 10 1 7
24 11 1 3
24 12 1 4
24 16 85 9
24 20 70 1
24 26 8 27
25 7 234 26
25 9 23 26
25 11 1 16
25 12 1 1
25 17 55 9
25 21 12 21
26 0 4 1
26 2 10 3
26 4 2 7
26 7 1 14
26 10 3 16
26 11 3 3
26 14 1 7
26 17 69 13
26 20 58 16
27 1 2 20
27 3 20 12
27 9 79 12
27 16 18 1
27 25 1 16
27 26 8 2
