0 1 72 8
0 2 5 8
0 3 105 26
0 4 4 24
0 5 121 18
0 6 88 22
0 7 3 4
0 8 18 1
0 11 1 16
0 12 1 22
0 14 1 5
0 16 36 1
0 17 153 1
0 18 59 2
0 19 202 1
0 20 1 12
0 24 388 1
1 0 26 7
1 2 35 1
1 3 56 1
1 5 382 25
1 6 3 3
1 7 337 1
1 8 1 3
1 9 328 1
1 10 20 2
1 12 93 1
1 16 16 6
1 17 2 2
1 18 47 2
1 19 95 1
1 22 71 18
1 24 19 12
1 27 1 29
2 0 85 1
2 1 8 15
2 3 181 1
2 5 2 18
2 6 66 1
2 7 3 4
2 8 273 1
2 9 1 27
2 10 1 13
2 11 276 1
2 12 73 4
2 16 1 12
2 25 39 5
3 0 41 1
3 1 1 25
3 2 46 1
3 5 419 1
3 6 312 1
3 7 323 1
3 8 374 29
3 9 3 22
3 10 1 16
3 11 5 4
3 16 18 1
3 18 1 1
3 24 35 6
3 26 14 3
4 0 2 19
4 1 16 27
4 2 52 2
4 5 298 1
4 6 60 1
4 7 4 26
4 8 23 1
4 9 111 1
4 10 153 1
4 12 1 7
4 15 6 5
4 17 1 13
4 18 57 1
4 20 59 1
5 0 19 10
5 1 8 1
5 2 2 4
5 3 27 1
5 4 223 1
5 6 318 7
5 8 9 25
5 9 330 1
5 10 407 1
5 12 1 18
5 14 41 7
5 16 15 24
5 18 10 18
5 24 19 19
6 0 392 1
6 1 163 1
6 2 1 24
6 5 145 22
6 7 35 1
6 8 120 4
6 8 368 28
6 9 18 26
6 10 300 5
6 16 1 14
6 17 1 4
6 21 86 24
6 23 66 1
6 25 152 13
6 27 79 7
7 0 1 11
7 2 147 1
7 3 5 19
7 4 1 13
7 5 1 18
7 8 1 25
7 9 1 3
7 10 2 27
7 11 7 1
7 12 2 16
7 13 13 4
7 14 12 3
7 15 327 23
7 17 3 7
7 20 1 15
7 21 15 4
7 25 24 29
7 27 134 1
8 0 368 24
8 2 1 29
8 3 18 1
8 4 225 1
8 5 3 20
8 6 44 1
8 7 4 23
8 10 9 19
8 11 20 4
8 14 1 4
8 15 153 1
8 16 14 24
8 18 1 9
8 19 1 22
8 24 147 10
8 25 2 2
8 26 101 2
9 2 1 9
9 4 249 1
9 5 3 16
9 6 23 13
9 7 1 25
9 8 295 1
9 10 168 1
9 11 212 25
9 12 410 1
9 14 2 6
9 16 1 5
9 18 2 28
9 21 1 9
9 22 67 5
9 25 1 15
10 0 1 13
10 2 325 1
10 3 276 11
10 4 100 1
10 5 7 21
10 6 5 16
10 7 200 1
10 9 48 1
10 11 3 1
10 12 2 4
10 13 306 2
10 16 139 8
10 23 90 1
10 25 102 2
10 26 100 4
10 27 1 18
11 1 2 2
11 2 284 1
11 3 2 14
11 4 2 27
11 7 352 1
11 8 35 1
11 9 2 24
11 10 56 1
11 14 1 11
11 15 162 9
11 17 1 2
11 18 107 1
11 24 4 13
11 25 10 18
11 27 3 7
12 2 64 3
12 4 64 2
12 6 1 7
12 7 1 2
12 8 312 1
12 9 289 1
12 10 51 1
12 13 1 7
12 14 122 1
12 16 1 16
12 18 114 3
12 20 1 28
12 21 65 1
12 22 129 5
12 23 1 14
12 27 10 16
13 1 3 3
13 5 9 1
13 6 1 25
13 9 65 1
13 10 200 13
13 11 256 2
13 12 111 1
13 14 1 20
14 1 1 25
14 2 24 1
14 6 54 1
14 7 39 1
14 8 57 1
14 9 2 4
14 10 12 2
14 11 334 1
14 12 140 2
14 13 1 6
14 15 35 1
14 16 12 1
14 18 57 1
14 26 8 4
14 27 21 4
15 3 66 3
15 6 142 1
15 7 2 2
15 11 76 1
15 12 1 28
15 13 9 1
15 14 38 1
15 18 47 21
15 20 47 1
16 0 30 26
16 1 70 1
16 3 55 1
16 4 45 2
16 5 10 22
16 7 8 11
16 8 56 11
16 17 44 1
16 18 2 6
16 24 7 28
16 26 9 29
17 0 192 1
17 1 428 1
17 2 252 1
17 10 2 7
17 11 1 21
17 12 1 7
17 15 2 14
17 16 2 7
17 18 206 1
17 24 5 7
18 0 16 8
18 4 230 1
18 5 62 1
18 6 1 5
18 7 1 29
18 9 146 1
18 11 68 2
18 13 22 1
18 16 31 1
18 17 5 3
18 19 16 1
18 22 1 20
18 25 1 2
19 0 3 12
19 4 1 9
19 6 2 20
19 8 2 22
19 10 1 28
19 15 1 19
19 20 268 1
19 22 5 24
19 24 3 11
20 0 2 11
20 1 178 2
20 2 23 1
20 5 82 4
20 7 1 17
20 8 248 2
20 10 1 1
20 14 86 4
20 18 29 2
20 19 3 26
20 22 1 3
20 25 63 3
21 3 1 29
21 24 4 15
22 1 1 19
22 2 15 7
22 4 1 26
22 6 109 9
22 8 41 2
22 9 8 3
22 11 1 6
22 15 18 3
22 17 45 1
22 20 1 13
23 0 60 1
23 3 41 7
23 7 151 14
23 8 127 2
23 10 1 1
23 11 90 1
23 12 89 1
23 15 1 29
23 17 1 17
23 22 1 23
23 26 1 23
24 0 236 1
24 1 43 18
24 3 15 1
24 5 19 24
24 7 250 1
24 8 51 1
24 11 175 1
24 13 25 18
24 14 46 4
24 16 20 11
24 20 88 3
25 1 126 7
25 3 68 11
25 4 79 2
25 7 3 5
25 10 1 9
25 11 385 1
25 15 1 28
25 18 1 19
25 20 1 21
25 27 96 1
26 11 51 1
27 7 17 2
27 11 4 10
27 14 1 24
27 25 1 5
