0 1 102 24
0 2 284 1
0 3 251 1
0 4 2 26
0 5 85 1
0 6 1 11
0 7 346 1
0 8 78 1
0 11 16 1
0 14 2 14
0 15 10 1
0 16 147 1
0 19 1 27
0 20 80 5
0 23 3 7
0 24 47 1
0 25 17 24
0 26 2 8
1 0 2 12
1 2 5 16
1 3 212 1
1 4 6 10
1 5 155 1
1 6 72 10
1 7 54 1
1 8 44 1
1 9 82 1
1 10 10 12
1 11 66 2
1 12 14 1
1 13 20 8
1 14 2 15
1 15 1 8
1 16 83 1
1 17 3 12
1 21 9 9
1 24 58 1
2 0 1 21
2 1 41 1
2 3 140 1
2 4 185 1
2 6 9 4
2 7 15 1
2 8 3 25
2 10 4 20
2 11 105 1
2 12 28 3
2 14 1 7
2 17 116 1
2 20 10 25
3 0 26 6
3 1 187 1
3 2 15 1
3 4 1 25
3 5 140 1
3 6 109 1
3 7 4 4
3 8 115 1
3 11 285 1
3 16 52 1
3 17 22 2
3 18 2 24
3 19 57 18
3 20 6 18
3 24 95 1
3 26 4 8
4 0 375 1
4 1 346 1
4 2 8 4
4 5 4 8
4 6 7 1
4 7 323 1
4 8 5 12
4 9 31 28
4 12 143 19
4 16 183 1
4 18 10 5
4 20 8 3
5 0 158 1
5 1 128 1
5 2 1 3
5 3 47 1
5 4 61 8
5 6 171 16
5 7 2 8
5 8 82 1
5 9 120 1
5 10 62 1
5 11 1 21
5 12 13 3
5 16 68 1
5 22 1 25
5 23 11 10
5 24 38 1
5 25 5 1
5 26 18 2
6 0 127 1
6 1 2 26
6 2 1 21
6 3 14 5
6 4 8 25
6 5 387 1
6 7 79 22
6 8 18 2
6 9 315 1
6 10 316 1
6 11 1 1
6 14 3 24
6 16 3 22
6 17 2 18
6 19 109 1
6 20 3 18
6 21 1 21
7 0 1 23
7 1 342 1
7 2 1 14
7 3 97 1
7 5 185 1
7 6 133 1
7 8 1 21
7 9 1 16
7 10 27 14
7 11 202 1
7 13 3 1
7 15 245 1
7 18 6 1
7 19 158 4
7 24 86 1
7 26 76 1
7 27 35 3
8 0 56 1
8 1 26 2
8 2 279 1
8 3 110 1
8 5 82 1
8 6 126 1
8 7 148 1
8 9 240 1
8 10 108 2
8 11 197 28
8 16 43 1
8 20 124 2
8 21 107 9
8 23 18 15
8 24 56 1
8 25 1 29
9 0 27 21
9 1 1 23
9 4 2 5
9 5 104 8
9 6 218 1
9 7 323 2
9 8 6 21
9 10 17 9
9 11 1 27
9 14 14 20
9 15 5 8
9 16 12 23
9 20 4 25
9 24 2 13
9 26 1 4
9 27 2 10
10 0 9 12
10 1 295 1
10 2 35 1
10 3 271 1
10 5 336 1
10 6 240 1
10 7 1 14
10 8 22 6
10 9 10 3
10 11 3 25
10 12 4 16
10 13 53 1
10 14 163 3
10 15 162 1
10 18 126 3
10 20 17 12
10 21 106 10
10 22 164 1
10 24 155 1
10 26 60 2
10 27 12 25
11 1 1 28
11 2 123 1
11 3 3 23
11 5 2 16
11 6 2 22
11 7 7 13
11 8 2 25
11 10 35 22
11 12 38 14
11 14 169 1
11 15 13 16
11 17 3 17
11 18 61 4
11 21 111 11
11 23 1 22
11 24 297 1
11 25 258 1
11 26 7 9
11 27 1 21
12 0 87 5
12 1 216 21
12 2 21 2
12 3 29 2
12 5 24 6
12 6 1 12
12 8 188 2
12 9 2 24
12 10 1 3
12 11 8 16
12 13 192 1
12 16 46 16
12 18 73 1
12 20 115 5
12 21 5 3
12 22 53 1
12 24 79 1
13 2 1 23
13 7 1 10
13 8 92 2
13 9 6 2
13 10 40 1
13 11 125 1
13 12 3 25
13 21 5 1
13 24 21 10
14 0 1 21
14 1 11 28
14 4 1 13
14 7 5 3
14 8 12 14
14 10 57 1
14 13 1 23
14 15 105 2
14 20 73 3
15 4 4 24
15 6 70 2
15 9 123 4
15 10 18 19
15 11 156 6
15 19 4 14
15 23 2 7
15 25 3 28
15 26 2 10
16 0 25 1
16 1 49 1
16 3 15 5
16 5 21 1
16 8 37 1
16 10 2 2
16 17 36 2
16 18 204 1
16 21 10 14
16 24 27 1
16 26 10 8
17 0 8 2
17 2 119 1
17 4 123 1
17 6 1 3
17 7 2 1
17 8 1 17
17 9 1 2
17 12 26 4
17 14 79 25
17 16 241 1
17 18 97 2
17 19 44 1
17 20 174 1
17 22 5 10
17 23 1 6
17 25 1 4
18 0 5 7
18 2 2 15
18 3 21 2
18 4 64 1
18 8 14 5
18 10 6 24
18 11 26 3
18 16 1 2
18 23 1 12
18 26 29 2
19 0 52 19
19 4 139 2
19 7 137 2
19 9 1 25
19 10 1 26
19 16 1 22
19 20 3 22
19 21 3 2
20 1 49 1
20 2 1 14
20 3 157 2
20 7 304 2
20 10 27 26
20 11 248 4
20 16 1 13
20 19 63 1
20 25 1 15
21 4 2 14
21 6 35 6
21 16 1 13
21 19 1 21
21 20 2 26
22 5 17 17
22 6 83 3
22 8 1 14
22 12 1 1
22 13 1 15
22 14 8 3
22 17 28 2
22 20 3 18
22 23 21 14
22 24 2 6
22 26 1 11
23 1 71 5
23 3 32 2
23 4 2 8
23 5 13 2
23 6 1 23
23 10 172 1
23 25 2 27
23 27 3 29
24 0 149 1
24 1 16 1
24 3 59 1
24 4 96 5
24 5 53 1
24 6 3 1
24 7 53 2
24 8 39 1
24 11 3 29
24 12 1 6
24 16 70 1
24 27 1 17
25 4 43 8
25 6 1 3
25 7 115 1
25 9 1 27
25 11 2 10
25 18 1 13
25 22 1 2
25 24 1 26
25 26 5 8
26 3 1 7
26 7 1 1
26 8 97 17
26 14 1 17
27 3 20 1
27 4 32 5
27 8 1 21
27 9 79 2
27 10 1 16
27 14 28 16
27 25 12 15
27 26 7 27
