0 1 35 19
0 2 8 26
0 3 135 1
0 5 104 1
0 6 1 16
0 7 340 1
0 8 42 20
0 9 45 1
0 10 1 1
0 11 14 11
0 13 1 2
0 16 115 1
0 19 1 27
0 20 80 17
0 21 24 2
0 24 34 1
0 25 3 23
1 0 60 1
1 2 12 14
1 3 183 1
1 4 234 6
1 5 118 1
1 6 37 1
1 7 50 1
1 8 396 1
1 10 2 26
1 11 64 1
1 16 6 20
1 17 251 24
1 22 84 17
1 24 17 1
1 26 57 12
2 0 1 3
2 1 167 1
2 3 114 1
2 4 180 1
2 6 2 28
2 7 301 1
2 8 16 28
2 9 154 1
2 10 3 28
2 11 101 1
2 12 27 4
2 13 20 7
2 15 31 2
2 17 112 1
2 20 46 12
2 23 6 11
2 25 1 9
3 0 11 20
3 1 138 1
3 2 20 1
3 4 1 23
3 5 104 1
3 6 104 2
3 7 16 5
3 8 66 1
3 9 1 5
3 10 142 26
3 11 278 1
3 14 6 1
3 16 18 1
3 17 21 1
3 20 1 28
3 24 57 1
3 27 1 27
4 0 372 1
4 1 325 1
4 2 2 13
4 3 1 6
4 5 4 23
4 6 4 2
4 7 5 2
4 8 7 25
4 9 2 11
4 12 47 18
4 18 18 23
4 19 9 18
4 26 17 2
5 0 120 1
5 3 13 1
5 4 3 18
5 6 356 2
5 7 1 25
5 8 40 22
5 9 104 26
5 10 56 1
5 12 12 3
5 16 28 1
5 17 162 3
5 24 12 1
5 26 17 16
6 0 122 1
6 1 5 1
6 2 219 2
6 3 17 18
6 4 2 17
6 5 7 17
6 7 8 3
6 8 16 20
6 9 293 1
6 10 300 1
6 11 2 7
6 12 142 1
6 14 1 3
6 16 10 23
6 17 1 20
6 18 2 27
6 19 108 1
6 20 77 3
6 27 42 2
7 0 2 29
7 1 336 1
7 2 3 8
7 3 83 1
7 5 180 1
7 6 124 1
7 8 36 13
7 9 275 1
7 10 267 20
7 11 250 1
7 12 210 23
7 13 1 9
7 14 1 7
7 15 240 1
7 16 68 1
7 19 157 3
7 22 94 3
7 23 103 1
7 25 5 20
7 26 74 1
7 27 34 1
8 0 167 1
8 1 1 2
8 2 133 6
8 3 60 1
8 5 18 1
8 6 227 1
8 7 102 1
8 9 229 1
8 10 65 27
8 11 21 1
8 12 135 1
8 15 23 3
8 16 15 1
8 17 284 1
8 20 122 1
8 22 87 1
8 24 15 1
9 0 2 26
9 4 7 3
9 5 7 9
9 6 294 1
9 7 321 1
9 8 2 7
9 10 11 14
9 14 2 14
9 16 1 20
9 20 1 12
9 25 21 8
10 0 1 14
10 1 290 2
10 2 31 2
10 3 268 1
10 5 330 1
10 6 224 1
10 8 321 22
10 9 3 1
10 11 62 5
10 13 48 1
10 14 259 11
10 15 156 1
10 22 162 3
10 23 8 4
10 26 59 1
10 27 1 29
11 0 69 13
11 1 10 6
11 2 119 1
11 3 50 1
11 4 18 14
11 5 1 12
11 6 11 25
11 7 241 6
11 8 4 7
11 10 4 27
11 12 10 29
11 13 2 16
11 14 161 1
11 15 5 29
11 17 5 15
11 18 60 4
11 19 1 4
11 22 1 14
11 24 32 1
11 25 240 1
11 26 93 17
12 0 86 4
12 2 20 1
12 6 4 17
12 7 3 1
12 8 185 1
12 9 1 18
12 11 1 15
12 13 188 1
12 20 115 29
12 22 51 2
12 25 4 2
13 12 3 16
13 14 1 1
13 16 2 1
13 18 2 25
13 23 1 24
14 1 1 12
14 3 2 9
14 4 2 19
14 10 47 1
14 13 1 5
14 20 73 2
14 23 29 1
14 25 28 8
15 3 36 5
15 4 1 28
15 6 68 2
15 9 122 2
15 10 2 17
15 11 49 2
15 12 114 1
15 14 27 17
16 0 14 1
16 1 14 1
16 3 14 1
16 5 3 5
16 8 7 1
16 13 1 24
16 17 4 24
16 18 198 28
16 20 2 5
16 22 2 6
16 24 3 5
16 26 2 3
17 0 7 3
17 1 3 1
17 3 8 14
17 4 119 1
17 5 2 28
17 6 16 16
17 7 46 29
17 8 14 19
17 9 1 3
17 10 1 7
17 16 232 1
17 19 42 3
17 20 173 2
17 25 10 21
17 27 24 5
18 0 1 22
18 1 1 12
18 3 33 17
18 4 58 1
18 5 1 1
18 6 4 12
18 8 14 11
18 9 51 3
18 10 1 19
18 11 26 1
18 16 1 18
18 17 1 28
19 0 54 1
19 1 199 1
19 4 138 3
19 15 1 25
19 17 48 2
19 20 3 26
20 1 47 2
20 3 153 2
20 5 39 4
20 7 303 1
20 8 124 2
20 9 1 25
20 10 11 10
20 11 248 1
20 17 181 5
20 18 7 2
20 19 52 1
20 23 56 1
20 24 2 10
21 9 5 2
21 10 114 2
21 11 1 2
21 15 17 11
22 1 3 16
22 10 54 22
22 11 180 3
22 12 4 29
22 21 1 3
22 23 3 2
22 27 9 13
23 1 71 5
23 8 67 1
23 10 170 3
23 11 5 3
23 12 42 1
23 22 11 1
23 24 35 13
24 0 108 4
24 1 15 1
24 3 29 1
24 4 96 2
24 5 13 1
24 7 50 1
24 8 7 1
24 9 62 4
24 11 2 11
24 14 44 4
24 16 33 1
24 17 25 2
25 0 21 4
25 6 1 19
25 7 112 1
25 9 3 29
25 11 2 20
25 13 2 3
25 15 44 24
25 20 1 5
25 27 5 2
26 8 1 7
26 16 1 6
26 18 2 18
26 24 1 18
26 25 1 18
27 2 1 25
27 4 32 1
27 7 3 12
27 8 1 12
27 10 1 6
27 11 253 2
27 20 76 3
27 24 34 1
27 25 10 27
27 26 1 21
