0 1 15 8
0 2 1 19
0 3 18 22
0 4 2 29
0 5 20 4
0 6 1 22
0 8 20 7
0 9 172 1
0 10 1 15
0 11 1 25
0 15 60 1
0 16 20 29
0 17 177 1
0 18 67 1
0 19 241 1
0 20 1 9
0 24 20 16
1 0 25 17
1 2 270 1
1 3 22 5
1 4 22 1
1 5 20 9
1 6 2 9
1 7 364 1
1 8 44 2
1 10 33 2
1 11 253 1
1 12 103 1
1 13 62 2
1 15 12 3
1 16 20 17
1 17 19 1
1 19 110 1
1 24 20 19
1 27 1 14
2 0 115 1
2 1 3 14
2 3 319 1
2 5 1 11
2 6 101 1
2 7 1 15
2 9 1 26
2 10 1 23
2 11 284 4
2 12 78 1
2 17 254 1
2 18 4 2
2 20 1 29
3 0 22 29
3 1 173 20
3 2 161 1
3 4 1 22
3 5 21 5
3 7 423 1
3 8 20 16
3 10 1 4
3 11 1 22
3 13 1 15
3 16 20 11
3 17 153 1
3 20 4 1
3 24 20 9
3 26 15 5
4 0 1 26
4 1 4 27
4 2 72 1
4 5 393 1
4 6 241 1
4 7 1 10
4 8 45 1
4 9 156 1
4 10 177 1
4 11 1 18
4 12 1 10
4 17 1 13
4 18 92 1
4 20 66 1
4 26 34 1
5 0 41 29
5 1 21 5
5 3 20 14
5 4 318 1
5 6 16 29
5 8 18 11
5 9 391 1
5 10 420 3
5 12 1 29
5 16 20 17
5 24 20 26
6 0 404 1
6 1 348 1
6 5 19 5
6 7 68 1
6 8 384 26
6 8 180 24
6 9 4 23
6 10 3 28
6 11 4 3
6 12 334 1
6 17 1 22
6 23 69 3
7 0 1 21
7 2 189 1
7 3 3 4
7 6 416 1
7 10 1 20
7 11 126 1
7 12 1 4
7 15 3 16
7 16 118 1
7 20 1 13
7 22 151 4
7 24 286 3
7 25 1 25
7 27 144 1
8 0 19 25
8 1 21 13
8 3 22 18
8 4 270 1
8 5 24 17
8 6 295 1
8 7 5 5
8 9 2 14
8 10 9 16
8 11 2 16
8 14 1 21
8 15 166 2
8 16 20 13
8 18 88 5
8 19 1 5
8 20 256 1
8 22 148 3
8 24 20 18
8 26 103 1
8 27 143 9
9 1 29 1
9 3 1 27
9 4 299 1
9 5 5 20
9 6 2 9
9 8 355 1
9 10 235 1
9 11 2 26
9 12 24 1
9 14 1 8
9 18 1 28
9 25 1 1
10 2 345 1
10 3 1 13
10 4 122 1
10 5 1 19
10 6 5 10
10 7 245 1
10 8 52 1
10 9 132 1
10 11 24 1
10 12 215 28
10 13 320 1
10 14 15 1
10 25 118 1
10 26 104 1
11 2 289 6
11 3 1 6
11 4 1 1
11 5 1 3
11 6 22 18
11 7 252 1
11 8 64 1
11 9 2 24
11 10 108 1
11 14 1 12
11 15 6 11
11 17 1 22
11 20 148 1
11 23 55 1
11 24 2 13
11 25 4 17
11 26 1 10
11 27 1 11
12 3 73 1
12 6 1 18
12 9 346 1
12 10 69 1
12 13 1 3
12 15 44 1
12 17 160 4
12 18 117 2
12 20 1 9
12 21 72 3
12 22 134 3
12 25 26 1
12 27 12 1
13 3 21 1
13 4 62 1
13 10 1 11
13 12 137 1
13 14 68 1
13 25 2 1
14 1 1 26
14 2 27 1
14 5 49 1
14 6 67 2
14 7 54 1
14 8 79 2
14 9 1 28
14 10 3 21
14 11 367 1
14 12 151 1
14 15 64 1
14 16 12 4
14 20 89 4
15 0 116 25
15 7 1 15
15 10 4 2
15 11 98 1
15 14 67 1
15 17 88 4
15 23 22 3
16 0 19 14
16 1 19 22
16 3 20 29
16 4 55 3
16 5 20 13
16 8 40 9
16 17 73 1
16 18 2 15
16 24 20 19
17 0 216 1
17 1 288 1
17 3 1 27
17 4 339 1
17 5 1 21
17 6 38 1
17 8 1 7
17 10 1 8
17 16 1 25
17 23 1 3
18 1 28 1
18 2 4 3
18 4 232 2
18 5 70 2
18 11 73 1
18 14 29 3
18 15 47 5
18 16 55 1
19 0 2 20
19 1 1 24
19 2 41 28
19 7 183 1
19 11 149 1
19 17 109 1
19 20 209 1
20 0 1 12
20 1 191 2
20 6 1 24
20 7 1 22
20 8 257 1
20 10 1 20
20 17 1 21
20 18 31 8
20 19 4 1
20 23 71 1
21 11 1 18
21 23 11 3
22 0 58 11
22 9 10 4
22 10 1 7
22 23 18 2
22 24 1 17
23 0 62 1
23 7 1 12
23 11 111 1
23 14 1 16
24 0 21 11
24 1 19 6
24 3 40 29
24 5 41 9
24 8 20 29
24 9 103 1
24 11 222 1
24 16 20 6
24 27 3 21
25 7 1 22
25 8 1 24
25 11 205 1
25 15 1 25
26 6 41 3
26 7 1 1
26 11 58 1
27 4 56 6
27 7 24 1
27 9 89 1
27 11 1 8
27 25 1 1
