0 1 6 16
0 2 278 1
0 3 2 29
0 6 3 9
0 7 332 1
0 8 8 25
0 10 1 1
0 16 1 7
0 19 10 26
0 24 1 7
0 26 4 28
1 0 31 24
1 2 408 21
1 3 167 13
1 4 331 19
1 5 2 16
1 6 67 1
1 8 1 1
1 10 2 14
1 11 60 2
1 12 12 1
1 14 2 10
1 16 68 29
1 17 9 19
1 18 1 1
1 20 2 29
1 21 9 21
1 24 7 22
2 0 1 7
2 1 171 1
2 3 84 1
2 4 175 1
2 6 2 5
2 7 292 1
2 8 9 8
2 10 1 26
2 11 97 1
2 12 27 1
2 17 108 1
2 19 29 3
2 20 1 2
3 1 16 7
3 2 4 1
3 4 159 4
3 5 1 3
3 6 99 1
3 7 45 6
3 8 18 28
3 10 105 4
3 11 271 1
3 13 1 5
3 16 1 14
3 19 1 5
3 20 3 6
3 24 1 25
4 0 367 1
4 1 299 1
4 2 1 7
4 3 11 27
4 5 67 2
4 6 2 1
4 7 3 1
4 8 5 10
4 9 15 28
4 12 1 23
4 14 5 3
4 16 178 1
4 18 2 26
4 21 4 14
4 22 1 18
4 27 19 1
5 0 7 12
5 4 3 29
5 6 259 1
5 7 5 22
5 8 10 7
5 9 5 26
5 10 50 1
5 11 1 10
5 12 11 1
5 13 8 13
5 14 6 1
5 16 1 15
5 17 160 4
5 18 42 22
5 22 1 15
5 27 35 23
6 0 115 1
6 1 4 15
6 2 28 12
6 3 6 28
6 4 3 8
6 5 125 1
6 7 2 20
6 8 314 28
6 9 200 1
6 10 281 1
6 11 1 25
6 12 137 1
6 14 1 27
6 15 4 7
6 16 6 20
6 18 1 21
6 22 16 17
7 0 2 8
7 1 330 1
7 2 12 25
7 3 68 1
7 4 16 11
7 5 174 1
7 6 113 1
7 9 15 17
7 10 2 27
7 11 261 1
7 13 3 19
7 14 1 10
7 15 231 1
7 16 67 1
7 17 1 16
7 19 156 2
7 22 93 1
7 23 100 1
7 24 78 2
7 25 1 11
8 1 2 4
8 2 130 1
8 3 36 2
8 4 6 13
8 5 240 1
8 6 191 1
8 7 70 1
8 9 2 9
8 10 98 1
8 11 12 1
8 13 1 3
8 15 21 3
8 16 1 20
8 17 281 2
8 18 32 1
8 21 107 4
8 24 73 17
8 25 20 6
8 27 91 3
9 0 1 4
9 1 1 29
9 4 1 20
9 5 7 15
9 6 278 21
9 8 1 26
9 10 92 13
9 11 2 5
9 13 5 18
9 15 1 27
9 16 14 18
9 19 81 1
9 20 128 9
9 22 28 1
9 23 1 24
9 24 1 28
9 25 1 13
9 26 1 2
10 0 214 20
10 1 285 1
10 2 27 1
10 3 264 2
10 5 322 1
10 6 151 1
10 7 4 13
10 8 309 1
10 9 13 20
10 11 71 18
10 12 5 7
10 13 44 1
10 15 149 1
10 16 108 6
10 18 123 2
10 19 13 21
10 22 160 1
10 27 2 6
11 0 11 8
11 1 72 19
11 2 115 1
11 3 5 1
11 4 1 11
11 5 1 8
11 6 10 15
11 7 343 19
11 7 141 13
11 8 2 13
11 9 2 11
11 10 8 29
11 12 1 19
11 13 1 5
11 14 151 1
11 15 8 21
11 18 59 1
11 21 111 2
11 22 1 26
11 23 19 17
11 24 26 1
11 25 219 1
12 0 85 2
12 6 5 2
12 8 181 1
12 9 2 25
12 10 8 3
12 13 183 1
12 16 5 19
12 18 71 6
12 23 107 7
13 4 20 1
13 8 87 1
13 9 4 8
13 10 263 1
13 11 117 2
13 12 4 3
13 17 71 2
13 19 6 20
13 20 11 11
14 0 1 25
14 7 3 10
14 8 5 12
14 10 36 1
14 12 19 2
14 13 6 15
14 15 3 1
14 19 1 17
14 22 28 5
15 1 112 2
15 2 10 1
15 3 35 2
15 4 7 7
15 7 8 26
15 8 35 1
15 10 1 19
15 11 4 4
15 18 44 7
15 23 1 17
15 25 1 6
16 0 1 11
16 1 1 8
16 3 1 3
16 5 1 6
16 6 4 25
16 8 1 24
16 11 1 22
16 13 33 29
16 17 2 22
16 18 63 1
16 21 1 27
16 22 2 23
16 24 1 9
17 1 6 21
17 2 112 1
17 4 114 1
17 6 1 16
17 7 1 19
17 8 43 23
17 9 1 23
17 10 1 9
17 16 222 1
17 18 92 1
17 19 41 2
17 21 26 7
17 22 1 2
17 27 23 1
18 0 13 27
18 1 3 1
18 3 1 1
18 4 51 1
18 9 49 1
18 11 25 1
18 16 1 2
18 17 1 20
18 24 3 9
18 26 28 8
19 0 47 1
19 1 197 1
19 7 134 2
19 11 110 3
19 12 3 8
19 13 1 14
19 16 4 27
19 18 1 3
19 20 12 15
19 22 4 12
19 25 1 13
20 4 28 1
20 5 39 1
20 8 121 2
20 10 3 5
20 11 1 4
20 12 1 24
20 19 40 1
20 22 3 19
21 11 2 14
21 17 1 20
21 22 1 1
21 26 19 9
22 0 38 1
22 4 1 15
22 7 2 29
22 10 28 2
22 11 179 1
22 14 4 9
22 15 5 5
22 20 11 8
22 23 1 22
22 26 1 15
23 2 1 16
23 6 1 18
23 9 61 1
23 10 168 3
23 15 12 1
23 25 1 24
24 0 1 24
24 2 1 1
24 3 1 8
24 5 1 17
24 6 2 1
24 7 47 1
24 9 61 2
24 10 1 21
24 11 1 7
24 16 1 4
24 18 3 5
24 25 1 2
25 1 92 1
25 2 39 9
25 7 109 1
25 8 190 2
25 10 33 12
25 11 2 8
25 16 2 25
25 18 3 14
25 24 3 20
25 27 4 2
26 1 26 5
26 4 5 13
26 7 2 13
26 10 127 23
26 11 1 11
26 16 1 3
26 19 1 3
26 23 1 12
27 6 1 29
27 10 1 21
27 11 251 1
27 17 1 6
27 25 69 8
