0 1 137 28
0 2 10 1
0 3 20 3
0 4 347 2
0 5 27 16
0 7 305 1
0 8 34 25
0 9 35 3
0 10 3 16
0 13 5 10
0 16 19 6
0 19 4 6
0 20 2 17
0 23 2 2
0 24 19 13
0 26 1 23
1 0 18 29
1 2 411 10
1 3 18 2
1 4 3 4
1 5 20 14
1 6 8 1
1 8 25 25
1 9 56 1
1 10 3 7
1 16 20 26
1 17 85 25
1 21 10 13
1 24 39 29
2 0 1 1
2 1 79 1
2 3 25 1
2 4 155 1
2 6 2 29
2 7 272 1
2 8 15 11
2 10 43 28
2 11 82 1
2 12 23 5
2 17 93 1
2 18 1 27
2 20 1 27
2 24 22 1
3 0 19 12
3 1 17 21
3 2 1 2
3 4 10 15
3 5 19 17
3 6 80 1
3 7 15 28
3 8 74 10
3 10 1 8
3 11 243 1
3 13 2 25
3 16 19 22
3 17 13 1
3 18 3 13
3 20 1 10
3 24 19 28
3 25 1 22
3 27 2 2
4 0 349 1
4 1 214 1
4 2 1 19
4 3 2 18
4 5 3 29
4 8 8 16
4 9 2 9
4 12 3 1
4 17 292 1
4 18 2 10
5 0 20 21
5 1 17 6
5 3 39 5
5 4 112 7
5 6 20 8
5 7 20 6
5 8 76 5
5 9 5 17
5 10 31 1
5 11 1 18
5 14 4 2
5 15 1 18
5 16 20 4
5 17 154 2
5 19 1 15
5 21 22 23
5 22 5 16
5 23 10 1
5 24 19 3
6 0 94 1
6 1 4 22
6 2 4 27
6 3 2 6
6 4 2 23
6 5 220 1
6 7 2 29
6 8 4 5
6 9 110 1
6 10 217 1
6 11 1 9
6 12 120 1
6 14 18 23
6 16 2 7
6 17 31 6
6 18 4 2
6 19 101 4
6 21 3 17
6 23 23 4
6 24 11 5
6 25 128 2
6 26 12 10
7 0 3 25
7 1 307 1
7 2 20 26
7 3 32 1
7 4 13 4
7 5 153 2
7 6 78 1
7 8 10 1
7 10 3 14
7 11 391 1
7 13 2 8
7 15 197 1
7 16 64 1
7 20 15 13
7 21 1 1
7 22 88 1
7 23 91 1
7 24 64 1
7 26 69 1
8 0 18 20
8 1 54 17
8 1 421 4
8 1 175 4
8 2 334 1
8 3 21 13
8 4 8 7
8 5 16 13
8 6 12 1
8 7 9 27
8 9 178 1
8 10 59 1
8 11 189 3
8 12 118 1
8 16 27 17
8 17 270 1
8 18 4 28
8 19 149 1
8 20 108 1
8 21 106 10
8 23 2 11
8 24 42 20
8 25 1 3
8 27 87 1
9 1 1 24
9 2 3 4
9 4 2 19
9 5 76 15
9 6 274 1
9 8 2 13
9 10 5 3
9 12 2 10
9 14 1 22
9 15 2 15
9 20 131 14
9 24 3 2
9 25 6 9
10 1 265 1
10 2 15 1
10 4 1 28
10 5 298 1
10 6 159 1
10 7 4 17
10 8 223 1
10 8 420 18
10 8 42 10
10 9 2 22
10 11 2 17
10 13 29 1
10 14 27 1
10 15 124 1
10 16 105 1
10 17 1 20
10 18 117 1
10 19 15 5
10 22 152 1
10 24 141 1
10 26 55 2
10 27 1 20
11 0 1 5
11 2 99 1
11 3 44 2
11 6 1 23
11 7 4 29
11 8 2 18
11 9 19 21
11 10 7 22
11 13 1 7
11 14 118 1
11 15 13 20
11 16 133 5
11 20 30 3
11 23 24 21
11 24 68 1
11 25 150 1
12 0 80 2
12 1 5 1
12 2 16 4
12 5 1 23
12 6 1 10
12 8 167 2
12 9 2 6
12 11 13 22
12 13 165 1
12 14 5 1
12 17 119 3
12 19 1 28
12 20 3 21
12 22 42 3
12 24 78 1
12 26 2 25
13 1 1 20
13 6 2 20
13 7 9 5
13 8 77 1
13 9 2 13
13 10 250 1
13 11 103 2
13 12 4 24
13 14 1 9
13 26 1 2
14 3 19 20
14 7 6 7
14 8 16 3
14 10 8 1
14 11 1 15
14 12 13 1
14 13 3 26
14 15 17 1
14 18 42 8
14 22 26 1
14 25 25 6
15 4 1 6
15 6 60 2
15 8 27 1
15 9 116 2
15 10 77 11
15 11 3 8
15 12 109 1
15 13 1 28
15 14 3 1
15 19 4 6
15 25 8 19
15 27 1 2
16 0 19 8
16 1 21 1
16 3 22 8
16 4 1 3
16 5 20 14
16 6 1 23
16 7 1 23
16 8 20 23
16 10 1 25
16 17 36 10
16 18 38 26
16 20 1 19
16 22 21 1
16 24 19 22
17 1 12 5
17 2 97 1
17 3 1 17
17 5 29 13
17 6 2 25
17 7 1 20
17 8 1 25
17 9 2 1
17 10 12 9
17 11 210 14
17 16 187 1
17 19 37 1
17 20 168 5
17 21 25 12
17 23 1 7
18 0 1 6
18 1 5 28
18 3 1 11
18 4 29 1
18 8 24 7
18 9 43 1
18 11 22 6
18 16 1 1
18 17 7 20
18 24 2 26
19 0 37 1
19 1 189 2
19 3 6 20
19 4 136 2
19 5 30 7
19 6 1 20
19 10 1 9
19 12 1 19
19 14 17 19
19 20 6 2
20 0 336 2
20 2 3 9
20 3 132 1
20 4 7 27
20 5 35 6
20 6 1 16
20 8 111 1
20 11 244 4
20 17 178 3
20 18 5 15
20 19 10 1
20 25 79 10
20 26 57 4
20 27 1 12
21 10 112 1
21 12 1 29
21 16 1 4
22 10 15 20
22 16 29 8
23 0 28 1
23 7 185 1
23 12 37 1
23 21 14 1
23 25 2 15
24 0 36 8
24 1 19 8
24 3 20 14
24 5 48 29
24 7 35 1
24 8 30 7
24 10 3 24
24 11 2 24
24 16 20 24
24 17 22 2
25 0 17 5
25 6 1 18
25 7 105 1
25 8 185 2
25 9 25 9
25 10 193 22
25 11 3 25
25 14 21 2
25 27 1 2
26 3 1 29
26 4 6 12
26 5 26 1
26 6 14 14
26 7 1 21
26 8 1 10
26 24 1 17
26 27 1 15
27 4 29 11
27 6 1 11
27 10 1 18
27 11 244 1
27 14 3 20
27 16 16 7
27 24 33 2
27 25 22 2
