0 1 17 23
0 2 262 1
0 3 11 8
0 4 1 11
0 5 149 28
0 7 275 1
0 8 86 29
0 9 29 1
0 10 289 3
0 13 7 13
0 16 48 26
0 18 1 7
0 19 18 11
0 23 1 13
0 24 195 17
0 25 3 7
0 26 5 4
0 27 3 9
1 0 49 11
1 2 6 22
1 3 9 27
1 4 44 1
1 5 12 9
1 6 7 1
1 7 19 3
1 8 52 24
1 9 41 1
1 10 2 26
1 14 18 4
1 16 12 9
1 17 1 16
1 18 1 16
1 20 1 11
1 24 43 11
1 27 1 1
2 0 1 26
2 1 18 1
2 5 70 16
2 6 8 1
2 7 235 1
2 8 15 12
2 9 137 1
2 10 1 26
2 11 67 1
2 15 27 5
2 16 3 25
2 17 79 1
3 0 126 11
3 1 10 1
3 2 13 29
3 4 1 10
3 5 30 13
3 6 62 1
3 7 3 13
3 8 47 6
3 9 160 1
3 10 1 25
3 11 213 1
3 12 67 1
3 13 1 4
3 16 31 25
3 17 8 1
3 19 4 22
3 24 25 12
3 25 1 19
4 0 329 1
4 1 136 1
4 2 1 29
4 3 1 28
4 5 3 23
4 6 2 4
4 7 309 1
4 8 2 20
4 9 3 14
4 12 62 16
4 16 159 2
4 17 287 2
4 18 2 4
4 19 2 6
4 22 1 18
4 23 83 3
4 24 2 10
4 25 72 2
5 0 71 4
5 1 301 8
5 2 18 1
5 3 30 12
5 4 181 20
5 6 87 1
5 7 4 22
5 8 40 26
5 9 91 1
5 10 15 1
5 12 195 1
5 14 2 16
5 16 29 12
5 17 147 1
5 21 7 29
5 22 1 4
5 24 46 21
5 25 2 21
6 0 73 1
6 1 34 7
6 3 2 13
6 4 8 5
6 5 99 1
6 7 90 26
6 8 170 1
6 9 294 1
6 10 155 1
6 11 2 6
6 14 2 16
6 16 1 26
6 17 330 25
6 20 5 29
6 22 1 16
6 23 20 5
6 25 123 2
7 0 12 26
7 1 282 1
7 2 5 25
7 4 328 1
7 5 132 1
7 6 48 1
7 8 43 1
7 10 3 15
7 11 35 8
7 14 8 23
7 15 163 1
7 16 60 2
7 18 3 2
7 19 145 1
7 22 82 1
7 24 50 1
7 25 1 17
7 26 64 2
7 27 20 4
8 0 39 23
8 1 33 4
8 2 221 1
8 3 9 20
8 4 10 7
8 5 96 14
8 6 4 20
8 7 91 1
8 9 133 1
8 10 20 1
8 11 291 1
8 12 104 1
8 13 1 15
8 15 10 1
8 16 12 15
8 17 258 1
8 20 98 1
8 23 85 2
8 24 31 21
9 0 3 13
9 1 9 14
9 2 2 4
9 4 2 5
9 5 123 18
9 6 341 1
9 7 297 2
9 8 7 14
9 10 4 2
9 12 4 23
9 14 7 21
9 15 37 15
9 16 1 10
9 20 131 26
9 23 2 4
9 25 3 9
9 27 1 24
10 1 244 1
10 3 235 1
10 4 2 13
10 5 265 1
10 6 120 12
10 7 1 23
10 8 405 1
10 9 14 14
10 11 2 28
10 13 17 1
10 14 371 1
10 15 99 1
10 17 254 4
10 18 111 1
10 19 1 25
10 22 143 2
10 24 130 2
10 26 51 1
11 0 4 27
11 1 243 11
11 2 83 2
11 3 307 1
11 5 2 5
11 6 3 9
11 7 13 16
11 8 11 9
11 9 2 27
11 10 13 2
11 13 8 3
11 14 87 1
11 15 6 10
11 18 52 2
11 21 107 5
11 22 1 5
11 23 1 25
11 24 38 1
11 25 87 1
11 27 12 25
12 0 75 3
12 5 2 26
12 7 4 2
12 8 153 1
12 9 5 2
12 10 4 23
12 11 13 16
12 13 144 1
12 16 1 8
12 17 115 1
13 6 1 22
13 7 25 4
13 8 66 1
13 9 1 6
13 10 24 20
13 12 1 14
13 14 1 25
13 18 2 23
13 20 12 17
13 24 20 3
13 26 13 6
14 1 1 20
14 3 1 26
14 6 1 9
14 7 2 10
14 8 17 16
14 9 179 1
14 11 2 13
14 13 1 17
14 15 100 1
14 18 41 1
14 19 1 12
14 20 68 7
14 23 22 1
14 24 5 10
15 1 106 2
15 3 29 2
15 4 1 16
15 5 23 1
15 6 54 1
15 9 110 3
15 10 1 18
15 11 92 26
15 12 104 1
15 14 53 20
15 19 4 3
15 20 11 9
15 25 2 19
16 0 12 1
16 1 29 18
16 3 71 17
16 4 1 23
16 5 29 1
16 8 32 15
16 17 2 1
16 18 170 1
16 22 1 13
16 24 78 15
17 1 19 25
17 2 82 2
17 4 81 1
17 5 2 12
17 7 37 28
17 8 4 12
17 9 1 19
17 13 79 25
17 15 1 20
17 16 151 1
17 18 73 1
17 20 165 1
17 22 1 20
17 25 2 9
18 0 2 9
18 2 1 12
18 4 13 1
18 6 215 1
18 11 19 2
18 12 2 22
18 13 9 2
18 16 1 26
18 17 2 22
18 20 2 28
18 22 1 16
18 23 3 16
19 0 196 1
19 1 180 1
19 5 1 28
19 7 121 2
19 8 1 7
19 11 102 1
19 17 38 2
19 20 23 18
19 24 8 13
20 0 7 1
20 2 1 17
20 3 114 1
20 4 29 29
20 7 285 2
20 8 100 2
20 9 1 13
20 10 22 3
20 22 1 24
21 4 1 26
21 6 30 1
21 7 1 6
21 10 110 4
21 11 1 7
21 12 1 10
21 13 5 15
21 15 17 29
21 16 4 9
21 17 1 14
21 26 19 7
22 1 56 8
22 6 75 1
22 11 168 1
22 12 1 22
22 13 2 28
23 2 1 24
23 3 29 1
23 13 9 1
23 15 5 1
23 22 1 1
23 27 6 4
24 0 11 16
24 1 66 17
24 3 30 14
24 4 92 3
24 5 68 25
24 6 133 5
24 8 12 17
24 10 4 20
24 11 15 14
24 16 59 6
24 18 3 27
24 22 23 28
24 23 1 12
25 5 40 4
25 6 1 6
25 7 222 1
25 8 178 1
25 9 9 12
25 10 193 2
25 11 55 9
25 13 1 4
25 14 18 3
25 17 49 1
25 18 4 18
25 19 18 26
25 24 40 14
26 4 7 6
26 9 39 3
26 10 127 12
26 25 1 19
26 27 1 19
27 1 3 5
27 2 3 1
27 6 4 6
27 7 1 27
27 11 233 3
27 13 4 27
27 14 3 22
27 21 1 14
27 26 1 24
