0 1 25 6
0 2 223 1
0 3 4 11
0 4 37 12
0 5 240 1
0 6 3 20
0 7 227 1
0 8 58 18
0 9 19 2
0 10 282 4
0 11 316 1
0 12 159 6
0 13 7 7
0 16 90 1
0 19 24 18
0 20 1 1
0 21 19 5
0 24 147 3
1 0 166 1
1 2 5 28
1 3 43 19
1 4 220 1
1 5 379 1
1 8 53 1
1 9 21 1
1 10 3 13
1 16 43 1
1 17 1 8
1 18 2 22
1 23 4 6
1 24 78 1
1 25 27 2
1 27 47 29
2 0 65 27
2 1 2 21
2 3 14 21
2 4 102 2
2 6 56 10
2 7 177 1
2 8 5 24
2 11 46 1
2 13 17 1
2 14 1 3
2 17 57 2
2 18 5 14
2 20 1 5
3 0 118 1
3 1 100 1
3 2 6 26
3 4 240 26
3 5 34 1
3 7 242 23
3 8 120 1
3 11 166 1
3 12 61 5
3 16 52 1
3 19 4 1
3 24 314 1
3 26 2 2
4 0 292 1
4 1 44 1
4 2 6 8
4 3 1 6
4 5 1 27
4 6 9 10
4 7 292 2
4 8 2 13
4 9 8 5
4 10 1 23
4 11 264 9
4 17 274 1
4 18 2 11
4 19 11 9
4 22 1 20
4 23 81 7
4 24 1 15
5 0 201 1
5 1 23 26
5 2 1 24
5 3 142 1
5 4 11 18
5 6 15 18
5 8 206 15
5 9 313 1
5 10 1 1
5 12 1 27
5 15 1 21
5 16 277 1
5 22 2 22
5 24 172 1
5 25 3 16
6 0 45 1
6 1 85 25
6 3 5 24
6 4 3 20
6 5 1 16
6 7 4 1
6 8 120 2
6 9 152 1
6 10 74 1
6 11 1 27
6 12 76 1
6 16 1 11
6 17 328 13
6 18 33 10
6 19 87 2
6 20 5 3
6 23 16 2
6 24 5 5
6 27 31 1
7 0 1 10
7 1 240 1
7 2 8 21
7 3 1 9
7 5 100 1
7 6 14 1
7 8 137 1
7 11 141 1
7 13 2 16
7 14 1 18
7 15 110 1
7 23 66 1
7 24 30 1
7 25 2 2
7 26 56 5
7 27 13 1
8 0 332 1
8 1 63 1
8 2 225 1
8 3 40 1
8 4 2 28
8 5 142 1
8 6 20 21
8 7 19 1
8 9 72 1
8 10 1 25
8 11 272 1
8 12 84 1
8 13 2 11
8 14 3 21
8 15 3 1
8 16 128 1
8 17 237 1
8 18 1 4
8 19 144 11
8 20 81 1
8 24 60 28
8 27 75 1
9 0 3 2
9 1 2 29
9 2 10 26
9 3 7 2
9 4 8 10
9 6 243 1
9 7 277 1
9 8 4 19
9 10 14 12
9 11 368 1
9 12 2 22
9 14 2 19
9 15 2 22
9 16 1 5
9 18 8 22
9 21 1 1
9 22 18 7
9 25 66 27
10 1 209 1
10 3 208 1
10 5 210 1
10 6 67 1
10 7 2 4
10 8 53 1
10 9 283 1
10 11 94 21
10 13 4 1
10 14 11 1
10 15 63 1
10 17 258 12
10 19 1 24
10 22 129 1
10 24 114 1
10 25 1 17
10 27 4 16
11 0 1 7
11 2 60 1
11 3 291 1
11 5 14 20
11 6 1 25
11 7 294 1
11 8 128 11
11 10 2 26
11 13 7 19
11 14 44 1
11 15 25 9
11 17 3 15
11 23 1 26
11 24 24 1
11 25 20 1
11 27 185 6
12 3 18 1
12 6 11 10
12 7 2 15
12 8 130 2
12 9 2 2
12 10 2 4
12 11 1 5
12 13 110 1
12 17 109 2
12 23 102 2
12 26 1 1
13 4 11 4
13 8 51 1
13 10 220 1
13 12 1 15
13 14 12 25
13 16 1 24
13 24 18 5
13 25 1 9
13 26 13 28
14 1 1 10
14 4 1 11
14 7 1 13
14 8 26 5
14 10 4 17
14 11 1 5
14 12 2 1
14 13 2 5
14 15 64 1
14 19 1 2
14 23 18 1
14 24 6 15
14 25 19 3
15 1 100 2
15 2 5 16
15 3 23 2
15 4 1 22
15 7 11 1
15 8 11 1
15 9 101 2
15 10 1 2
15 11 190 1
15 14 21 1
15 25 18 6
16 0 27 2
16 1 156 1
16 3 66 5
16 5 15 23
16 8 228 1
16 11 12 12
16 12 3 28
16 14 14 1
16 15 1 20
16 17 1 13
16 18 138 1
16 19 8 9
16 21 1 9
16 24 131 1
16 27 1 19
17 1 3 16
17 2 60 1
17 3 2 28
17 4 58 1
17 5 8 10
17 6 2 11
17 7 4 27
17 10 18 19
17 11 8 21
17 16 98 1
17 19 26 3
17 21 23 1
17 22 1 10
17 27 19 2
18 0 55 9
18 1 1 26
18 2 4 17
18 3 1 8
18 9 26 2
18 10 3 2
18 11 15 5
18 12 2 21
18 16 1 28
18 17 3 18
18 19 1 1
19 0 13 1
19 1 163 1
19 3 33 11
19 4 128 1
19 7 111 1
19 8 6 18
19 10 1 18
19 11 94 3
19 12 1 15
19 18 13 21
19 20 2 29
19 22 3 15
19 24 1 10
20 0 6 1
20 1 19 3
20 2 1 24
20 3 87 1
20 7 270 1
20 8 84 1
20 9 150 20
20 13 53 15
20 14 60 2
20 16 1 17
20 19 3 29
20 25 1 19
20 27 63 21
21 3 2 8
21 4 1 10
21 11 1 14
21 12 1 2
21 13 4 28
21 14 3 1
21 27 14 24
22 0 32 1
22 2 17 14
22 4 1 19
22 6 70 2
22 9 1 24
22 10 1 5
22 11 157 1
22 18 1 9
22 25 9 11
22 26 1 9
23 4 2 26
23 10 143 1
23 11 13 11
23 12 27 2
23 17 1 20
24 0 138 2
24 1 6 16
24 3 178 1
24 4 89 2
24 5 43 1
24 8 34 1
24 11 18 2
24 16 71 1
24 20 60 1
24 22 1 19
24 26 69 24
25 0 10 1
25 4 32 3
25 7 277 1
25 11 28 20
25 14 14 10
25 16 6 28
25 17 45 3
25 21 15 15
25 24 41 23
25 26 52 2
26 4 8 22
26 7 1 19
26 8 1 12
26 24 1 27
26 27 1 29
27 2 2 11
27 7 5 12
27 9 72 2
27 11 215 1
27 12 1 25
27 14 29 1
27 17 1 1
27 21 1 3
27 24 28 7
27 25 13 24
