0 1 113 1
0 2 211 1
0 3 254 1
0 4 10 11
0 5 119 1
0 6 8 13
0 7 213 1
0 8 24 20
0 9 16 3
0 10 280 1
0 11 311 1
0 12 158 7
0 14 107 6
0 16 51 1
0 17 4 13
0 19 2 26
0 21 19 8
0 24 129 1
0 27 2 2
1 0 21 19
1 2 415 1
1 3 368 1
1 4 411 1
1 5 214 8
1 6 2 15
1 7 3 1
1 8 319 1
1 10 1 10
1 14 2 24
1 15 3 26
1 16 87 5
1 17 1 29
1 19 3 21
1 21 1 9
1 24 33 3
1 27 1 27
2 0 5 4
2 1 3 11
2 3 10 13
2 4 94 1
2 6 58 12
2 7 161 1
2 8 4 13
2 9 120 1
2 10 264 2
2 11 40 1
2 12 14 9
2 16 1 15
2 17 51 1
2 18 2 25
2 20 19 19
2 21 1 13
2 22 2 26
2 23 2 11
3 0 2 18
3 1 260 1
3 2 28 3
3 4 5 4
3 5 123 1
3 7 2 15
3 8 198 1
3 11 152 1
3 12 60 2
3 16 200 1
3 19 54 5
3 20 3 9
3 24 248 1
3 27 1 19
4 0 281 1
4 1 26 1
4 2 1 19
4 5 1 13
4 6 13 22
4 7 287 1
4 8 21 24
4 9 66 1
4 10 1 28
4 12 1 27
4 17 54 1
4 18 11 7
4 19 1 5
4 22 1 25
4 23 80 7
4 25 66 7
5 0 93 1
5 1 200 1
5 3 120 1
5 6 14 10
5 7 4 19
5 8 74 7
5 9 135 1
5 11 5 20
5 12 186 3
5 13 21 18
5 16 6 2
5 17 131 2
5 18 3 24
5 24 40 1
5 26 15 3
6 1 35 2
6 2 377 2
6 3 3 13
6 5 7 9
6 7 238 17
6 8 356 1
6 9 117 1
6 10 55 1
6 11 25 4
6 12 69 1
6 13 136 2
6 14 2 27
6 17 1 20
6 18 34 20
6 19 85 1
6 20 2 7
6 24 5 1
6 27 29 4
7 0 1 20
7 1 228 1
7 2 11 19
7 3 1 24
7 4 324 1
7 5 91 1
7 8 334 1
7 9 1 8
7 10 1 15
7 11 85 1
7 12 8 14
7 13 2 9
7 14 2 13
7 15 96 1
7 22 70 1
7 23 61 2
7 24 25 2
7 26 54 4
8 0 230 1
8 1 243 1
8 2 178 1
8 3 215 1
8 4 19 23
8 5 80 3
8 6 22 3
8 7 24 1
8 9 58 1
8 10 2 1
8 11 111 1
8 12 78 1
8 14 304 1
8 16 83 8
8 18 1 14
8 22 63 1
8 24 68 1
8 25 7 4
8 27 72 4
9 0 1 18
9 1 1 17
9 2 7 9
9 4 12 27
9 5 8 2
9 6 127 1
9 7 270 2
9 8 6 1
9 10 207 22
9 11 365 1
9 12 2 1
9 14 110 23
9 16 88 22
9 22 17 1
9 23 5 26
10 1 200 1
10 3 200 1
10 4 1 27
10 5 194 1
10 6 44 1
10 7 5 29
10 8 272 1
10 9 248 1
10 11 15 28
10 14 61 1
10 16 95 1
10 19 20 7
10 21 96 3
10 22 124 2
10 24 110 1
10 25 2 8
10 26 44 4
11 0 128 10
11 2 54 1
11 3 281 1
11 6 45 6
11 7 348 8
11 8 185 5
11 9 339 1
11 10 5 8
11 12 17 28
11 13 1 14
11 14 35 1
11 15 11 2
11 16 130 2
11 22 181 2
11 23 2 28
11 24 6 1
11 25 9 1
11 26 1 23
12 0 65 4
12 5 3 2
12 6 11 10
12 8 124 1
12 9 3 14
12 10 4 23
12 11 8 15
12 13 100 1
12 16 1 29
12 19 1 11
12 22 24 1
13 4 10 6
13 6 1 14
13 7 1 7
13 10 211 1
13 11 61 1
13 12 2 19
13 14 4 8
13 20 1 14
14 1 1 2
14 6 1 3
14 7 1 18
14 8 5 29
14 9 157 2
14 10 2 3
14 11 1 21
14 13 4 7
14 15 52 1
14 20 64 7
14 24 2 4
15 0 108 3
15 4 2 8
15 7 352 1
15 8 8 5
15 10 1 3
15 11 222 21
15 14 10 1
16 0 102 1
16 1 26 1
16 3 59 1
16 4 3 13
16 5 180 1
16 6 4 28
16 7 1 3
16 8 237 1
16 9 72 1
16 11 1 23
16 17 6 4
16 18 10 1
16 19 1 20
16 21 1 7
16 22 22 29
16 24 117 1
16 27 11 25
17 1 5 21
17 2 54 1
17 4 52 1
17 5 9 22
17 8 3 10
17 9 1 18
17 10 180 12
17 14 88 21
17 15 2 21
17 16 84 1
17 20 156 1
17 22 1 16
18 0 3 19
18 1 18 14
18 3 3 10
18 6 3 1
18 9 24 2
18 10 3 7
18 11 14 8
18 12 123 14
18 16 1 12
19 0 2 1
19 7 107 1
19 10 1 27
19 11 92 3
19 12 36 1
19 14 17 1
19 20 2 13
19 24 1 19
19 25 1 29
19 26 8 1
20 0 320 1
20 1 16 1
20 2 1 28
20 3 80 1
20 7 265 1
20 10 2 4
20 11 228 1
20 14 59 5
20 15 2 23
20 18 2 11
20 19 2 26
20 22 1 27
20 24 69 13
20 25 1 9
21 1 36 4
21 4 1 28
21 7 2 4
21 8 4 1
22 3 1 12
22 4 1 27
22 11 154 1
22 12 2 9
22 13 3 10
22 14 6 21
22 17 23 2
23 10 139 2
23 11 1 6
23 25 6 1
24 0 84 1
24 1 24 1
24 3 125 3
24 5 18 1
24 8 91 21
24 9 46 4
24 10 1 9
24 11 11 13
24 13 18 1
24 16 5 17
25 4 31 1
25 7 266 1
25 8 160 2
25 9 58 1
25 10 2 3
25 11 10 26
25 14 13 8
25 18 1 22
25 24 2 13
25 26 52 1
26 5 24 13
26 8 1 17
26 14 1 16
26 16 1 24
26 27 8 28
27 1 3 8
27 6 6 23
27 7 1 4
27 10 15 17
27 11 209 2
27 17 3 25
27 26 34 2
