0 1 91 28
0 2 141 1
0 3 50 27
0 4 2 25
0 5 65 19
0 7 140 1
0 8 19 8
0 10 261 1
0 11 279 2
0 13 1 19
0 16 33 5
0 17 1 27
0 18 1 7
0 19 1 16
0 20 33 1
0 21 16 6
0 24 78 11
0 25 1 4
0 27 1 20
1 0 24 14
1 2 275 1
1 3 26 6
1 4 302 1
1 5 265 21
1 6 5 7
1 8 65 25
1 10 1 16
1 13 6 1
1 15 2 13
1 16 100 23
1 17 155 1
1 24 74 7
2 0 1 14
2 1 46 8
2 3 9 7
2 4 50 1
2 6 1 15
2 7 79 1
2 8 7 1
2 9 97 1
2 10 18 2
2 12 8 6
2 14 1 11
2 17 24 2
2 18 1 29
2 23 1 16
3 0 32 10
3 1 16 6
3 2 64 3
3 4 7 1
3 5 115 6
3 6 6 2
3 8 19 19
3 10 1 1
3 11 85 1
3 15 2 20
3 16 50 1
3 19 4 2
3 20 30 7
3 23 1 5
3 24 35 28
4 0 217 1
4 1 1 1
4 2 7 23
4 5 17 1
4 6 17 28
4 7 256 2
4 8 2 9
4 9 3 13
4 10 5 17
4 12 1 3
4 16 111 1
4 18 1 11
4 19 1 22
4 21 5 1
4 22 1 4
4 23 77 15
4 26 10 1
4 27 9 5
5 0 18 10
5 1 34 19
5 3 38 29
5 4 266 2
5 6 231 16
5 7 2 26
5 8 62 28
5 9 13 4
5 10 1 23
5 12 155 1
5 15 1 27
5 16 35 21
5 20 105 4
5 24 53 21
6 0 9 2
6 1 161 5
6 2 354 1
6 3 1 29
6 4 110 3
6 5 110 18
6 7 9 2
6 8 51 1
6 9 4 1
6 10 1 1
6 11 2 27
6 12 36 1
6 13 126 2
6 17 21 2
6 18 48 22
6 20 2 24
6 24 1 9
6 26 5 1
7 0 3 1
7 1 163 1
7 2 4 13
7 3 21 18
7 4 301 1
7 5 48 1
7 8 64 1
7 11 5 26
7 12 214 4
7 13 22 20
7 14 1 24
7 15 34 1
7 16 43 2
7 17 9 13
7 18 3 12
7 19 117 1
7 20 288 1
7 22 56 2
7 23 40 1
7 25 253 1
7 26 43 4
7 27 3 3
8 0 18 21
8 1 25 25
8 2 44 1
8 3 20 4
8 4 2 11
8 5 21 24
8 6 81 11
8 7 1 11
8 9 6 1
8 10 27 4
8 11 183 1
8 12 49 1
8 14 263 1
8 16 38 10
8 17 195 2
8 18 1 18
8 20 53 1
8 23 1 23
8 24 73 3
8 26 47 6
8 27 60 2
9 0 1 15
9 1 22 17
9 2 1 6
9 4 8 21
9 5 52 1
9 6 103 7
9 7 232 1
9 8 7 1
9 10 187 26
9 11 339 1
9 12 51 11
9 13 4 17
9 15 21 10
9 17 3 15
9 18 8 1
9 23 10 24
9 25 2 20
10 1 146 1
10 3 154 1
10 4 4 5
10 5 112 1
10 6 14 1
10 7 2 16
10 8 38 1
10 9 318 1
10 11 427 28
10 12 319 1
10 14 266 1
10 15 15 1
10 17 263 8
10 18 82 1
10 19 1 18
10 22 100 2
10 24 84 2
10 26 36 5
10 27 36 25
11 0 1 6
11 2 25 2
11 3 210 1
11 5 213 8
11 6 2 26
11 7 118 1
11 8 1 21
11 10 9 26
11 13 1 21
11 15 2 29
11 17 1 8
11 20 6 4
11 23 2 5
11 24 174 1
11 25 2 21
11 26 5 19
11 27 1 12
12 0 54 1
12 1 191 1
12 4 1 2
12 5 1 25
12 8 90 1
12 9 2 29
12 10 1 24
12 11 3 14
12 13 51 1
12 15 1 5
12 16 1 25
12 17 96 5
12 18 46 5
12 19 1 9
12 20 115 4
12 21 1 6
12 22 11 3
12 26 45 17
13 1 8 23
13 6 3 29
13 7 51 3
13 8 26 1
13 10 154 1
13 11 32 1
13 12 46 1
13 15 1 22
13 17 61 1
13 22 7 1
13 23 2 21
13 26 1 4
14 1 1 27
14 4 1 10
14 7 2 1
14 8 38 27
14 10 4 17
14 11 4 13
14 13 16 14
14 15 5 2
14 17 22 24
14 24 7 17
15 0 100 3
15 6 27 3
15 7 295 1
15 9 81 2
15 10 5 7
15 11 119 1
15 12 80 2
15 13 4 11
15 14 6 2
15 18 40 6
15 20 4 13
15 22 1 3
15 23 2 24
16 0 52 21
16 1 60 18
16 2 1 3
16 3 41 13
16 4 6 24
16 5 18 24
16 6 11 25
16 8 36 20
16 9 62 3
16 12 1 19
16 15 1 26
16 17 13 27
16 18 75 1
16 23 26 2
16 24 61 14
16 26 2 9
17 1 77 20
17 2 26 1
17 4 23 2
17 6 6 5
17 7 1 6
17 9 1 22
17 16 25 1
17 22 13 1
17 24 1 18
18 1 12 19
18 2 1 3
18 3 1 3
18 7 169 1
18 9 12 3
18 10 24 19
18 12 2 27
18 14 4 2
18 16 1 8
18 27 1 8
19 0 74 1
19 1 128 1
19 2 9 2
19 3 1 20
19 4 116 1
19 5 4 1
19 7 90 1
19 8 151 14
19 9 4 5
19 12 2 10
19 16 1 19
19 17 20 1
19 20 148 1
19 21 1 11
20 0 278 1
20 1 5 5
20 2 31 4
20 3 43 1
20 5 19 1
20 6 1 12
20 7 236 1
20 8 55 2
20 10 1 6
20 15 3 21
20 16 5 23
20 19 11 25
20 24 1 23
21 3 8 5
21 11 73 24
21 12 1 13
21 17 48 21
22 0 27 3
22 4 1 7
22 8 1 27
22 9 2 16
22 10 3 6
22 11 134 2
22 14 1 23
22 19 6 9
22 23 1 3
23 6 10 16
23 7 173 1
23 8 33 1
23 10 118 1
23 11 8 15
23 12 17 2
23 14 15 2
24 0 18 12
24 1 30 8
24 2 4 17
24 3 37 4
24 5 18 18
24 6 120 1
24 8 128 10
24 10 1 7
24 11 67 22
24 16 40 20
24 21 6 1
24 22 1 14
24 23 1 17
24 25 1 13
25 3 33 1
25 5 37 1
25 6 1 17
25 7 200 1
25 8 136 1
25 10 7 3
25 11 13 14
25 18 1 3
25 23 2 29
25 27 1 3
26 1 17 3
26 4 8 1
26 25 1 22
26 27 1 17
27 0 1 7
27 2 30 10
27 7 2 12
27 8 1 8
27 9 66 1
27 11 175 1
27 24 23 10
27 26 12 1
