0 1 239 2
0 2 1 12
0 3 286 1
0 4 4 1
0 5 65 1
0 6 1 14
0 7 1 16
0 8 43 1
0 10 255 16
0 11 286 5
0 16 158 1
0 17 135 1
0 18 54 1
0 19 170 1
0 20 1 21
0 24 24 1
1 0 371 13
1 2 291 1
1 3 3 1
1 4 1 17
1 5 19 4
1 6 363 29
1 7 316 1
1 9 313 1
1 10 13 1
1 11 224 1
1 12 85 3
1 16 369 1
1 18 38 2
1 19 83 2
1 20 29 2
1 22 72 13
1 24 277 1
2 0 63 1
2 1 5 29
2 3 84 1
2 4 2 1
2 6 43 1
2 7 17 1
2 8 377 1
2 9 159 23
2 10 3 19
2 11 268 1
2 12 70 3
2 20 1 5
3 0 216 1
3 1 21 25
3 2 3 1
3 4 5 9
3 5 398 1
3 6 305 2
3 7 246 1
3 8 192 1
3 11 1 3
3 13 5 27
3 15 28 1
3 16 44 1
3 19 1 23
3 23 2 2
3 24 13 1
3 26 13 1
4 1 7 21
4 2 39 1
4 3 1 16
4 5 225 1
4 6 213 1
4 8 11 1
4 9 81 1
4 10 135 1
4 11 6 26
4 12 1 11
4 17 6 17
4 18 35 1
5 0 60 1
5 1 23 1
5 3 82 1
5 4 154 1
5 6 158 8
5 7 1 16
5 8 347 1
5 9 224 1
5 10 392 1
5 11 1 4
5 12 1 24
5 16 29 1
5 17 186 20
5 18 3 21
5 21 22 15
5 24 86 1
5 25 1 8
6 0 379 1
6 1 172 1
6 5 11 4
6 7 17 1
6 8 5 5
6 9 18 27
6 10 3 12
6 12 319 1
6 17 201 12
6 18 1 11
6 20 1 3
6 22 2 7
6 23 63 1
7 0 56 11
7 2 116 1
7 3 122 2
7 6 403 1
7 8 19 22
7 9 166 3
7 10 24 4
7 11 5 13
7 12 1 27
7 13 10 1
7 15 1 15
7 16 110 2
7 17 1 22
7 22 146 2
7 23 199 4
7 25 3 17
7 26 125 1
7 27 126 2
8 0 320 1
8 1 3 10
8 2 6 19
8 3 350 1
8 4 191 1
8 5 172 3
8 6 40 1
8 7 28 11
8 9 1 9
8 10 240 10
8 11 1 20
8 13 51 2
8 14 4 17
8 15 142 1
8 16 3 21
8 17 1 29
8 19 2 27
8 20 239 2
8 23 2 11
8 24 28 9
8 25 1 18
8 27 138 1
9 0 1 22
9 4 210 1
9 5 327 19
9 6 7 4
9 7 2 9
9 8 248 1
9 10 55 1
9 11 1 12
9 12 372 1
9 14 1 28
9 17 45 1
9 18 1 22
9 20 1 24
9 23 1 24
10 0 1 20
10 2 306 1
10 3 1 6
10 4 84 1
10 5 2 14
10 6 1 22
10 7 168 1
10 8 2 22
10 9 10 1
10 12 2 4
10 13 293 1
10 14 3 3
10 18 183 1
10 20 192 4
10 23 82 3
10 25 90 1
10 27 1 23
11 1 4 24
11 3 1 11
11 4 1 28
11 6 4 24
11 7 64 9
11 8 19 1
11 9 6 27
11 10 27 1
11 14 3 28
11 15 3 6
11 19 1 24
11 23 28 1
11 24 7 4
11 25 3 4
11 27 1 26
12 0 138 1
12 1 1 19
12 3 66 4
12 4 55 1
12 6 1 12
12 7 208 24
12 9 244 1
12 10 38 1
12 13 1 9
12 14 112 2
12 16 1 20
12 18 112 1
12 21 59 1
12 22 125 4
12 24 1 29
12 26 1 20
12 27 10 1
13 0 75 1
13 5 8 1
13 6 1 15
13 8 200 2
13 10 1 5
13 12 92 1
13 14 71 20
13 15 21 1
14 1 3 17
14 2 21 5
14 3 1 20
14 5 42 2
14 6 45 2
14 8 42 1
14 9 3 18
14 10 13 12
14 11 305 1
14 12 131 3
14 13 91 7
14 15 17 1
14 22 1 1
15 0 1 22
15 4 1 27
15 6 138 2
15 7 1 5
15 8 163 1
15 9 1 16
15 11 226 1
15 14 19 1
15 17 85 6
15 22 11 1
15 23 13 2
16 0 362 2
16 1 37 1
16 3 365 1
16 5 311 1
16 8 26 1
16 10 45 2
16 12 1 7
16 17 26 1
16 18 5 22
16 22 1 11
16 24 290 3
17 1 373 1
17 2 248 3
17 3 2 3
17 4 314 1
17 6 18 1
17 8 3 21
17 10 83 4
17 11 1 13
17 14 1 2
17 18 199 1
17 22 1 11
18 4 222 1
18 5 55 2
18 6 213 18
18 11 65 1
18 16 17 1
18 17 2 10
18 19 14 12
18 22 1 20
19 0 2 9
19 3 2 7
19 4 2 17
19 5 1 23
19 6 4 29
19 7 181 5
19 8 1 25
19 18 1 16
19 20 141 1
20 0 248 12
20 1 168 2
20 2 17 2
20 9 2 7
20 14 85 9
20 19 5 26
20 23 69 1
20 25 1 24
21 1 60 12
21 8 100 24
21 14 14 2
21 22 14 7
22 0 56 2
22 8 36 4
22 12 9 29
22 24 2 17
23 6 1 22
23 25 10 24
24 0 155 1
24 1 85 1
24 3 371 4
24 5 337 1
24 6 1 4
24 7 237 1
24 8 229 1
24 10 1 26
24 11 140 1
24 15 31 3
24 16 372 2
24 18 30 16
24 21 18 6
24 22 4 28
24 25 25 2
25 1 125 3
25 2 1 15
25 7 1 4
25 8 1 22
25 9 1 27
25 11 150 1
25 13 9 25
25 24 1 14
26 0 14 5
26 1 46 1
26 7 1 21
26 11 45 4
26 21 15 1
26 24 10 1
26 27 126 1
27 1 1 16
27 6 1 27
27 7 13 1
27 9 89 11
27 24 45 9
27 25 2 5
