0 1 180 1
0 2 65 1
0 3 174 1
0 4 278 1
0 5 76 1
0 7 68 1
0 8 204 1
0 11 236 2
0 12 141 5
0 16 44 1
0 17 1 17
0 19 9 19
0 20 207 1
0 24 130 1
0 25 1 28
0 26 1 18
0 27 1 17
1 0 377 1
1 2 44 1
1 3 21 1
1 4 291 1
1 5 267 1
1 6 4 14
1 7 1 24
1 8 162 18
1 10 10 16
1 16 185 1
1 17 345 13
1 20 2 16
1 21 1 21
1 23 1 25
1 24 74 21
1 27 1 23
2 0 16 13
2 1 10 9
2 3 31 1
2 5 1 1
2 6 17 20
2 7 16 1
2 8 211 1
2 9 69 1
2 10 46 1
2 15 15 11
2 17 4 2
2 22 1 6
2 27 13 10
3 0 3 3
3 1 49 1
3 2 231 1
3 5 83 1
3 7 407 1
3 8 150 1
3 11 26 1
3 13 1 16
3 16 141 1
3 19 45 1
3 20 1 6
3 24 46 1
3 25 66 1
4 0 142 1
4 1 10 18
4 2 1 12
4 3 3 28
4 5 30 1
4 6 3 16
4 7 215 1
4 8 8 25
4 9 220 26
4 10 3 27
4 11 245 3
4 12 1 12
4 14 1 22
4 15 1 25
4 16 81 2
4 17 234 1
4 18 92 27
4 20 1 12
5 0 28 26
5 1 20 1
5 3 61 1
5 4 152 1
5 6 427 1
5 7 18 18
5 8 134 27
5 9 9 1
5 10 1 14
5 11 33 29
5 12 111 2
5 14 1 27
5 15 3 20
5 16 45 1
5 17 86 1
5 19 33 4
5 21 22 12
5 23 4 5
5 24 78 1
6 1 41 4
6 2 274 1
6 3 13 14
6 4 217 1
6 5 136 2
6 7 4 10
6 8 89 27
6 9 5 23
6 10 1 17
6 11 5 20
6 13 111 1
6 15 1 20
6 17 298 1
6 18 121 26
6 19 54 4
6 20 1 4
6 22 2 4
6 25 82 1
7 0 334 1
7 1 95 1
7 2 1 10
7 3 8 11
7 4 267 2
7 5 13 1
7 6 1 8
7 8 211 1
7 10 410 2
7 11 151 1
7 12 213 5
7 13 5 10
7 16 34 1
7 17 265 1
7 18 1 17
7 19 96 3
7 20 275 2
7 22 41 2
7 23 20 1
7 25 69 1
7 26 31 4
8 0 78 1
8 1 142 1
8 2 3 12
8 3 32 1
8 4 2 7
8 5 77 1
8 6 292 20
8 7 19 18
8 10 103 29
8 11 27 1
8 12 23 1
8 13 13 4
8 14 198 1
8 15 1 15
8 16 39 1
8 17 153 1
8 18 3 7
8 19 129 1
8 22 34 3
8 23 1 17
8 24 75 1
9 0 122 9
9 1 2 12
9 3 132 2
9 4 1 7
9 5 71 1
9 6 2 1
9 7 183 1
9 8 19 5
9 10 327 1
9 11 293 1
9 12 87 23
9 13 1 12
9 14 129 1
9 17 1 28
9 19 63 1
9 24 102 14
9 25 4 21
10 1 89 1
10 2 1 18
10 3 102 1
10 4 5 17
10 5 37 1
10 6 1 3
10 7 2 25
10 8 3 15
10 9 93 1
10 11 341 1
10 12 289 1
10 13 3 4
10 14 65 1
10 16 76 6
10 18 64 1
10 19 1 15
10 20 216 2
10 22 73 1
10 24 57 1
10 25 4 2
10 27 51 19
11 0 2 1
11 1 69 1
11 2 5 1
11 3 124 1
11 4 268 3
11 5 6 5
11 6 3 21
11 7 2 1
11 8 1 8
11 9 337 1
11 10 183 1
11 14 1 8
11 15 302 1
11 16 121 1
11 19 9 18
11 21 91 3
11 22 164 3
11 23 1 17
11 24 72 1
11 25 3 11
12 0 41 1
12 3 6 1
12 4 1 8
12 5 3 2
12 6 31 19
12 7 193 2
12 8 55 1
12 9 1 28
12 10 1 29
12 11 59 2
12 13 11 1
12 14 1 25
12 16 1 4
12 17 84 1
12 21 1 8
12 22 2 11
12 23 86 2
12 24 63 1
13 1 1 11
13 2 22 9
13 7 57 4
13 9 1 2
13 10 91 1
13 11 9 2
13 12 1 17
13 26 1 26
14 1 122 23
14 3 1 8
14 4 1 9
14 6 1 7
14 7 7 6
14 8 1 5
14 9 86 2
14 10 8 10
14 11 101 16
14 13 1 1
14 15 1 24
14 18 29 11
14 19 5 21
14 22 4 4
15 0 88 4
15 1 75 1
15 4 3 4
15 5 10 16
15 7 197 1
15 9 61 3
15 10 41 9
15 11 13 10
15 12 63 3
15 13 13 28
15 14 2 21
15 18 38 2
15 22 1 28
15 23 2 8
16 0 54 1
16 1 62 1
16 3 54 1
16 4 2 3
16 5 74 1
16 8 77 1
16 12 2 5
16 15 2 13
16 24 52 1
17 0 5 21
17 1 294 18
17 6 22 3
17 8 112 4
17 10 25 4
17 15 3 11
17 18 16 4
17 19 8 3
17 23 2 14
18 1 8 1
18 2 1 18
18 3 3 15
18 4 10 11
18 5 1 14
18 8 11 15
18 10 1 21
18 13 4 1
18 17 1 20
19 0 12 1
19 1 91 1
19 3 32 24
19 6 139 8
19 7 69 1
19 9 1 17
19 16 3 18
19 20 20 1
19 23 6 2
20 0 215 1
20 2 1 29
20 5 12 1
20 6 214 2
20 7 198 2
20 8 32 3
20 10 36 6
20 11 189 3
20 15 2 15
20 17 145 3
20 19 2 18
20 22 33 2
21 0 56 5
21 6 14 4
21 10 92 2
21 11 1 7
22 4 1 3
22 10 8 8
22 12 49 19
23 1 48 3
23 4 1 21
23 6 8 11
23 7 7 2
23 8 22 1
23 10 92 1
23 11 2 18
23 15 1 2
23 24 9 1
24 0 126 1
24 1 6 3
24 3 96 1
24 4 77 1
24 5 75 1
24 6 108 5
24 7 1 7
24 8 82 1
24 9 27 3
24 11 3 9
24 15 3 19
24 16 54 1
24 18 1 17
24 23 2 27
24 26 68 2
25 3 23 6
25 6 1 15
25 7 122 1
25 10 241 2
25 11 1 29
25 27 1 6
26 4 9 21
26 7 4 8
26 11 1 21
26 17 66 15
26 24 1 7
26 25 9 11
27 1 2 9
27 4 15 9
27 5 34 24
27 6 1 18
27 10 1 23
27 11 132 1
27 12 3 19
27 14 7 4
27 15 20 9
27 24 18 1
27 26 35 2
