0 1 105 14
0 2 58 1
0 3 105 1
0 4 270 1
0 5 24 1
0 6 1 15
0 7 61 1
0 8 99 1
0 10 230 3
0 11 231 1
0 16 57 1
0 17 13 1
0 19 112 11
0 20 202 1
0 22 5 9
0 24 81 1
0 25 2 14
0 27 1 23
1 0 1 15
1 2 17 1
1 3 8 1
1 4 262 1
1 5 14 1
1 6 17 16
1 7 3 7
1 8 171 1
1 10 3 1
1 14 1 28
1 16 142 1
1 17 65 1
1 18 7 16
1 19 8 6
1 24 51 1
1 25 10 1
2 0 14 19
2 1 4 12
2 3 69 29
2 4 11 2
2 7 12 1
2 8 191 1
2 9 66 2
2 10 39 1
2 14 6 10
2 20 1 14
2 26 13 8
3 0 225 7
3 1 13 1
3 2 193 1
3 4 3 1
3 5 1 14
3 7 387 1
3 8 114 10
3 9 135 2
3 10 123 1
3 11 22 1
3 16 91 1
3 17 1 7
3 20 174 4
3 21 1 11
3 22 8 15
3 23 3 25
3 24 48 1
4 0 134 1
4 1 17 24
4 2 13 4
4 5 349 4
4 6 9 16
4 8 121 27
4 9 57 6
4 10 21 28
4 11 243 2
4 12 33 12
4 17 6 1
4 19 11 9
5 0 12 1
5 1 5 1
5 2 77 25
5 3 3 1
5 4 152 1
5 6 313 1
5 7 37 15
5 8 318 1
5 9 33 22
5 10 12 7
5 11 2 2
5 16 82 1
5 17 83 3
5 20 102 4
5 21 1 15
5 24 28 1
6 1 10 15
6 2 263 1
6 3 1 11
6 4 318 1
6 5 95 1
6 7 6 21
6 8 43 4
6 9 7 3
6 10 4 21
6 11 3 29
6 12 8 1
6 13 109 3
6 14 1 25
6 17 293 6
6 18 1 17
6 22 1 25
6 25 80 1
6 26 3 3
7 0 329 2
7 1 88 1
7 2 16 18
7 3 69 18
7 4 263 1
7 6 5 6
7 8 181 1
7 9 314 1
7 10 114 18
7 11 14 4
7 13 2 25
7 14 1 26
7 16 33 2
7 18 20 15
7 20 274 1
7 22 40 1
7 25 63 1
8 0 25 1
8 1 96 1
8 2 2 13
8 3 1 8
8 4 11 9
8 5 1 18
8 6 193 1
8 7 18 24
8 9 1 11
8 10 8 17
8 11 15 1
8 12 21 1
8 13 1 1
8 14 190 1
8 15 1 16
8 16 29 1
8 17 148 1
8 18 3 11
8 20 28 4
8 21 95 5
8 24 38 1
8 26 38 6
8 27 46 1
9 0 1 5
9 1 26 18
9 2 1 14
9 3 130 4
9 4 104 13
9 5 45 1
9 7 178 1
9 8 2 12
9 10 145 18
9 11 288 1
9 12 6 15
9 13 1 23
9 15 17 14
9 17 4 6
9 18 176 4
9 24 4 14
10 0 10 26
10 1 84 1
10 2 1 5
10 3 96 1
10 4 3 20
10 5 31 1
10 6 2 6
10 7 6 23
10 8 5 5
10 9 65 1
10 11 326 1
10 12 285 1
10 13 1 25
10 14 50 1
10 17 254 5
10 20 215 1
10 21 80 1
10 23 1 17
10 25 4 18
10 27 1 13
11 0 1 1
11 3 116 1
11 5 1 4
11 6 249 5
11 8 1 29
11 10 175 6
11 13 1 20
11 14 2 24
11 15 195 1
11 18 26 3
11 23 2 11
11 24 62 1
11 25 4 27
11 27 231 27
12 0 39 2
12 1 167 2
12 4 2 1
12 5 1 11
12 6 170 1
12 8 52 1
12 9 2 6
12 10 1 11
12 11 1 1
12 13 8 2
12 14 1 26
12 15 1 7
12 16 4 7
12 17 82 4
12 18 35 1
12 21 2 7
12 24 62 2
13 5 1 4
13 9 3 17
13 10 84 1
13 22 1 5
13 24 12 17
14 0 22 17
14 3 1 20
14 6 3 20
14 7 85 25
14 8 1 20
14 9 82 2
14 10 4 9
14 11 2 9
14 12 1 18
14 15 1 8
14 17 4 26
14 24 7 13
15 0 87 2
15 1 73 3
15 4 15 10
15 6 13 1
15 7 185 1
15 8 1 23
15 9 59 1
15 11 26 1
15 12 61 4
15 14 1 22
15 19 1 16
15 23 2 15
16 0 4 1
16 1 39 1
16 3 4 1
16 4 1 4
16 5 25 1
16 7 1 16
16 8 38 1
16 9 50 4
16 12 2 25
16 17 69 7
16 18 13 1
16 24 17 1
16 25 5 16
17 0 3 29
17 1 4 22
17 2 4 1
17 6 48 8
17 7 83 6
17 8 1 12
17 10 1 2
17 11 216 1
17 12 2 16
17 15 4 29
17 20 129 2
17 22 22 8
17 24 1 17
18 0 51 2
18 2 2 21
18 4 14 8
18 5 1 22
18 6 146 1
18 7 160 1
18 8 70 15
18 16 76 1
18 17 3 19
18 23 31 26
19 0 8 2
19 1 87 1
19 4 99 1
19 7 67 2
19 12 1 2
19 16 1 5
19 20 228 1
19 23 6 2
19 24 12 21
19 25 1 7
20 0 208 1
20 2 15 4
20 3 10 1
20 6 213 2
20 7 194 1
20 11 187 1
20 16 4 3
20 17 144 1
20 19 126 10
20 21 41 14
20 27 6 5
21 1 27 2
21 3 1 27
21 7 1 4
21 10 92 1
21 11 1 17
21 12 2 21
22 1 2 8
22 4 1 8
22 6 48 4
22 10 1 17
22 12 12 13
22 17 16 1
22 24 1 15
22 25 5 13
23 0 11 3
23 1 47 1
23 4 1 1
23 7 4 1
23 8 20 6
23 10 89 3
23 11 9 26
23 14 11 12
23 15 1 17
23 24 9 1
23 27 12 13
24 0 75 1
24 1 3 1
24 3 46 1
24 5 26 1
24 6 107 2
24 7 2 23
24 8 30 20
24 10 1 26
24 11 1 19
24 12 1 18
24 14 25 4
24 15 1 9
24 16 14 1
24 17 9 5
24 18 44 5
24 25 2 13
25 2 29 12
25 3 22 5
25 7 114 1
25 8 104 1
25 11 1 4
25 12 76 6
25 15 17 6
25 16 7 13
25 23 2 24
25 24 10 5
25 26 37 1
25 27 7 4
26 2 4 1
26 3 1 9
26 4 2 7
26 7 77 23
26 15 2 22
26 20 48 2
26 24 1 17
26 25 1 10
26 27 5 16
27 7 2 13
27 10 1 18
27 11 127 1
27 14 7 2
27 16 11 10
27 17 1 4
27 20 65 5
27 25 30 2
27 26 30 2
