0 1 217 1
0 2 53 1
0 3 99 26
0 4 265 1
0 5 1 19
0 7 57 1
0 8 2 14
0 10 228 2
0 11 228 1
0 12 139 2
0 14 105 6
0 16 2 10
0 17 1 19
0 19 1 13
0 20 198 1
0 24 2 4
0 26 20 7
0 27 1 1
1 0 6 27
1 2 48 1
1 3 1 13
1 4 242 1
1 5 1 27
1 6 22 3
1 10 2 21
1 15 2 29
1 16 3 13
1 17 54 11
1 18 6 15
1 20 17 22
1 23 4 19
1 24 2 17
1 27 1 17
2 0 1 9
2 1 4 6
2 3 103 1
2 4 9 3
2 5 71 3
2 6 1 1
2 7 9 2
2 8 273 4
2 10 36 1
2 12 3 1
2 16 1 18
2 17 2 7
2 18 11 2
2 20 32 22
2 23 1 13
2 24 8 6
3 0 4 11
3 1 1 27
3 2 166 1
3 4 1 1
3 5 34 3
3 6 1 26
3 7 162 1
3 8 4 8
3 9 134 1
3 10 149 1
3 11 19 1
3 16 2 20
3 20 1 20
3 24 45 13
4 0 129 1
4 1 33 17
4 2 10 7
4 5 342 1
4 6 55 6
4 7 207 1
4 8 11 1
4 9 131 25
4 10 20 27
4 11 242 1
4 12 167 7
4 15 2 17
4 17 2 1
4 20 1 27
4 23 72 5
4 24 12 29
4 25 48 8
5 0 2 13
5 1 2 3
5 2 13 1
5 3 2 1
5 4 133 1
5 6 91 1
5 8 177 21
5 9 5 13
5 10 5 15
5 11 13 18
5 12 103 1
5 16 2 8
5 17 82 1
5 20 101 19
5 21 23 3
5 24 2 11
5 25 1 12
6 1 68 15
6 2 256 1
6 3 1 27
6 4 306 1
6 5 279 1
6 8 70 17
6 9 14 14
6 10 2 2
6 11 1 29
6 12 7 1
6 13 108 2
6 14 15 1
6 17 2 14
6 18 1 17
6 19 51 2
6 20 3 12
6 25 78 3
7 0 326 1
7 1 84 1
7 2 1 28
7 3 96 21
7 4 260 2
7 6 2 20
7 8 161 1
7 9 312 2
7 10 44 1
7 11 73 19
7 17 266 2
7 18 7 9
7 19 93 1
7 22 39 1
7 23 16 1
7 24 1 3
7 25 58 1
7 26 29 1
8 0 1 9
8 2 8 25
8 3 1 9
8 4 2 24
8 5 7 25
8 6 109 1
8 7 72 26
8 9 2 23
8 10 27 13
8 11 118 1
8 13 16 2
8 14 185 1
8 15 1 3
8 16 3 28
8 17 145 1
8 19 126 1
8 21 95 6
8 24 2 14
8 27 45 2
9 0 1 20
9 1 3 1
9 2 1 26
9 3 129 2
9 4 3 27
9 5 29 1
9 8 4 7
9 10 188 1
9 11 284 1
9 12 14 28
9 13 1 11
9 15 2 1
9 16 109 24
9 17 5 13
9 18 175 6
9 19 62 1
9 20 5 20
9 21 82 28
10 1 80 1
10 2 9 5
10 3 92 1
10 4 2 26
10 5 27 1
10 6 1 26
10 7 2 27
10 8 9 14
10 9 44 1
10 11 75 1
10 12 280 1
10 14 40 1
10 16 74 2
10 17 254 1
10 18 60 1
10 20 214 2
10 22 68 1
10 24 52 1
10 25 1 4
10 27 5 4
11 0 1 25
11 1 67 2
11 2 2 3
11 3 110 1
11 6 249 22
11 7 2 1
11 8 104 15
11 9 329 2
11 10 295 20
11 13 3 5
11 14 1 22
11 15 45 1
11 19 135 10
11 22 160 2
11 23 3 19
11 24 56 1
11 25 27 22
11 27 35 3
12 0 38 1
12 1 166 1
12 5 5 24
12 7 190 1
12 8 49 2
12 9 4 26
12 10 1 18
12 11 2 21
12 16 1 14
12 17 81 4
12 18 34 1
12 20 1 1
12 21 1 23
12 23 84 1
12 24 62 1
12 26 45 4
13 2 21 13
13 6 141 1
13 7 2 23
13 10 79 1
13 11 6 1
13 14 9 3
13 17 55 1
13 22 1 4
13 23 5 11
13 26 13 18
14 0 1 1
14 2 1 17
14 3 47 5
14 5 1 1
14 6 14 19
14 7 1 8
14 8 1 7
14 9 79 1
14 10 118 19
14 11 2 14
14 13 49 1
14 15 1 9
14 17 1 13
14 23 3 1
15 1 72 2
15 3 6 3
15 4 1 12
15 7 178 1
15 11 11 1
15 14 1 11
15 17 39 2
15 23 25 26
15 24 2 11
16 0 2 5
16 1 3 23
16 3 2 23
16 5 2 13
16 6 1 25
16 8 2 20
16 9 50 1
16 13 32 29
16 15 1 26
16 18 10 2
16 21 2 15
16 24 2 29
17 0 1 28
17 1 24 10
17 4 2 3
17 5 1 23
17 7 1 25
17 8 1 6
17 10 25 13
17 13 71 5
17 18 14 1
17 23 14 7
18 1 1 18
18 2 2 12
18 4 1 4
18 5 2 5
18 8 1 2
18 10 1 14
18 17 17 24
19 0 6 1
19 1 84 1
19 12 5 4
19 15 2 23
19 16 1 14
19 17 10 1
19 18 1 8
19 20 103 1
20 0 203 1
20 3 9 2
20 7 191 1
20 10 6 20
20 11 185 1
20 15 2 4
20 17 143 1
20 19 2 15
20 27 6 14
21 6 13 9
21 7 36 16
21 10 91 1
21 11 11 28
21 13 1 23
21 24 1 22
22 3 1 1
22 7 1 16
22 9 1 12
22 10 2 20
22 18 1 8
22 24 1 7
23 1 46 7
23 6 1 1
23 7 2 14
23 9 30 8
23 10 87 3
23 11 7 27
23 15 1 8
23 25 1 15
24 0 2 18
24 1 2 23
24 3 2 9
24 5 2 21
24 6 106 2
24 8 1 26
24 9 26 1
24 10 2 9
24 11 4 15
24 12 10 18
24 14 25 5
24 16 2 18
24 17 9 3
24 18 44 27
24 21 4 3
24 22 1 29
25 3 22 1
25 7 108 1
25 8 101 2
25 10 237 1
25 11 1 12
25 22 7 22
25 24 10 25
25 26 36 7
26 10 131 1
26 11 1 13
26 13 11 2
26 16 2 28
26 25 2 24
26 27 2 28
27 6 1 20
27 7 2 2
27 10 1 20
27 11 123 1
27 12 1 6
27 14 6 4
27 20 65 10
27 22 3 5
27 24 18 1
27 26 27 12
