0 1 99 16
0 2 1 4
0 3 64 1
0 4 3 1
0 5 90 1
0 6 2 15
0 7 1 22
0 8 261 1
0 10 2 20
0 11 1 5
0 12 1 25
0 14 1 5
0 16 65 18
0 17 129 1
0 19 159 1
0 20 2 19
0 21 36 4
0 23 19 1
0 24 291 1
1 0 185 1
1 2 251 1
1 3 354 1
1 4 1 21
1 5 349 1
1 6 1 5
1 7 308 1
1 8 252 1
1 9 308 1
1 10 10 1
1 11 219 1
1 12 83 1
1 16 264 1
1 18 35 2
1 19 79 1
1 20 27 2
1 22 1 9
1 24 216 1
1 27 1 27
2 0 56 1
2 1 12 7
2 3 56 1
2 6 36 1
2 7 1 27
2 8 351 1
2 9 1 28
2 10 43 8
2 11 265 1
2 12 69 1
2 16 3 29
2 17 245 1
3 0 141 1
3 1 253 1
3 4 4 25
3 5 62 1
3 7 220 1
3 8 41 1
3 10 10 4
3 11 1 3
3 16 322 2
3 17 127 2
3 18 2 27
3 24 218 4
4 0 2 2
4 1 19 28
4 2 34 2
4 3 2 16
4 5 200 1
4 6 198 1
4 8 8 1
4 9 71 1
4 10 129 1
4 11 1 18
4 13 1 4
4 17 4 12
4 18 29 1
4 20 52 1
4 25 102 5
5 0 352 1
5 1 195 8
5 2 2 8
5 3 306 1
5 4 132 1
5 6 335 3
5 8 284 1
5 9 175 1
5 10 386 1
5 12 1 24
5 16 332 1
5 17 1 28
5 20 1 16
5 23 19 6
5 24 260 1
6 0 375 1
6 1 130 1
6 2 1 3
6 3 1 4
6 5 5 1
6 7 12 1
6 8 337 29
6 9 22 16
6 10 70 11
6 12 316 1
6 15 58 2
6 16 1 2
6 17 4 8
6 18 1 25
6 20 1 28
6 21 1 27
6 22 2 4
6 23 62 1
6 26 34 1
7 0 1 20
7 1 4 2
7 2 106 1
7 3 1 20
7 4 1 21
7 6 396 1
7 8 10 16
7 9 167 22
7 10 35 25
7 11 6 3
7 13 8 5
7 14 1 2
7 15 1 17
7 16 109 6
7 19 1 9
7 20 210 12
7 23 198 1
7 24 262 1
7 25 2 17
7 26 123 1
7 27 123 1
8 0 359 1
8 1 83 6
8 2 5 4
8 3 30 6
8 4 180 1
8 5 8 1
8 6 21 1
8 7 8 24
8 9 3 17
8 10 9 14
8 11 1 10
8 12 277 1
8 13 48 2
8 14 2 8
8 16 272 1
8 18 1 6
8 19 1 6
8 20 236 2
8 23 1 20
8 24 268 1
8 25 17 14
8 27 137 1
9 1 7 1
9 4 197 1
9 5 9 1
9 6 4 1
9 8 233 1
9 10 44 1
9 11 2 19
9 12 357 1
9 14 1 26
9 16 1 6
9 17 43 1
9 18 2 2
9 27 1 14
10 1 414 5
10 2 299 1
10 3 2 26
10 4 79 1
10 5 6 24
10 6 252 11
10 7 157 1
10 8 3 20
10 9 4 1
10 12 7 7
10 13 288 1
10 14 1 17
10 20 4 14
10 23 80 1
10 27 1 7
11 1 4 14
11 2 275 2
11 3 2 21
11 4 4 24
11 5 87 14
11 6 1 24
11 7 43 13
11 8 14 1
11 9 6 2
11 10 19 1
11 12 1 13
11 15 176 4
11 15 385 9
11 17 1 1
11 18 102 1
11 20 126 1
11 22 3 7
11 24 2 4
11 25 3 15
12 1 1 24
12 2 60 1
12 6 6 23
12 9 228 1
12 10 34 1
12 13 8 1
12 14 109 1
12 15 31 4
12 25 21 1
13 1 2 1
13 8 198 2
13 10 13 21
13 12 85 2
13 14 1 22
13 15 20 3
13 18 40 12
13 20 34 13
13 25 1 1
14 2 21 1
14 5 41 3
14 7 26 1
14 9 148 23
14 10 237 29
14 11 294 1
14 12 128 1
14 13 91 1
14 15 12 1
14 16 11 1
14 22 1 28
14 27 19 11
15 6 137 1
15 7 8 18
15 8 159 2
15 11 42 1
15 14 14 1
15 23 11 3
16 0 300 1
16 1 47 15
16 3 33 1
16 4 35 3
16 5 205 1
16 7 6 8
16 8 294 1
16 12 10 8
16 17 20 1
16 18 1 12
16 24 204 1
17 0 167 1
17 1 354 1
17 3 71 2
17 6 15 2
17 7 1 16
17 8 1 22
17 9 50 22
17 10 1 25
17 16 9 13
17 19 94 1
17 24 4 5
18 0 2 29
18 2 1 1
18 4 219 1
18 9 137 1
18 14 25 3
18 16 13 1
19 0 4 5
19 1 7 24
19 3 3 2
19 7 180 3
19 9 1 1
19 12 1 9
19 20 118 15
20 0 4 23
20 6 1 28
20 7 3 27
20 8 238 2
20 9 3 19
20 10 1 10
20 15 2 4
20 19 2 18
20 24 1 7
20 27 1 11
21 9 27 2
21 11 1 22
21 15 1 2
21 22 13 2
21 23 8 22
22 0 55 1
22 1 36 17
22 2 15 9
22 4 1 10
22 6 108 8
22 18 1 1
22 23 7 3
23 0 57 4
23 15 40 16
23 25 1 14
24 0 20 1
24 1 254 1
24 3 291 1
24 5 222 1
24 6 1 15
24 7 232 2
24 8 342 1
24 11 128 1
24 14 46 14
24 15 30 5
24 16 275 1
24 20 87 1
24 21 18 10
25 1 124 8
25 6 5 18
25 7 2 7
25 10 1 15
25 11 131 1
25 15 1 13
25 16 1 1
25 17 77 2
25 20 1 23
25 27 90 2
26 2 16 20
26 6 36 3
26 8 2 6
26 9 58 10
26 10 1 6
26 11 44 1
26 15 1 20
26 20 65 24
26 24 9 3
27 1 88 18
27 2 24 5
27 7 12 2
27 11 1 17
27 14 1 21
27 16 23 21
27 25 2 14
27 26 1 18
