0 1 84 1
0 2 163 8
0 3 13 17
0 4 6 2
0 5 43 3
0 6 1 27
0 7 1 6
0 8 202 1
0 9 147 3
0 10 1 3
0 11 3 12
0 14 1 26
0 16 225 1
0 17 126 1
0 19 154 1
0 20 1 9
0 24 265 1
0 25 1 18
1 0 130 18
1 2 233 1
1 3 302 1
1 4 2 14
1 5 301 1
1 6 3 13
1 7 305 1
1 8 199 1
1 9 305 1
1 10 9 4
1 11 217 1
1 13 53 7
1 16 224 1
1 18 34 1
1 19 78 1
1 21 1 17
1 24 159 1
1 26 72 18
2 0 53 1
2 1 68 1
2 3 46 1
2 6 33 1
2 7 4 25
2 8 340 2
2 10 2 15
2 11 264 1
2 20 1 18
2 23 1 11
3 0 81 24
3 1 205 1
3 4 2 26
3 5 271 1
3 6 302 1
3 7 209 1
3 8 342 7
3 9 4 2
3 10 1 12
3 11 359 19
3 15 26 3
3 16 284 1
3 17 126 1
3 19 1 10
3 24 12 4
3 25 32 10
4 0 2 6
4 1 16 7
4 5 190 1
4 6 191 1
4 8 7 1
4 9 67 1
4 10 126 1
4 11 232 26
4 14 47 1
4 17 1 29
4 18 26 1
4 20 51 2
4 21 1 20
5 0 301 1
5 1 356 1
5 2 1 16
5 3 266 1
5 4 123 1
5 6 323 1
5 8 83 1
5 9 154 1
5 10 383 1
5 12 1 7
5 14 37 2
5 16 275 1
5 17 2 19
5 19 1 8
5 24 200 1
6 0 372 2
6 1 122 1
6 2 7 22
6 4 1 19
6 5 45 1
6 7 10 1
6 8 1 22
6 9 40 14
6 10 3 4
6 12 315 1
6 13 127 22
6 17 1 28
6 19 145 2
6 24 59 1
6 25 1 22
6 27 75 7
7 0 1 18
7 1 2 17
7 2 102 1
7 3 3 21
7 6 393 1
7 8 3 22
7 9 1 1
7 10 1 7
7 11 14 22
7 12 184 23
7 14 1 25
7 15 1 1
7 17 1 25
7 20 1 27
7 24 260 2
7 25 26 16
8 0 298 1
8 1 281 1
8 2 3 6
8 3 279 25
8 4 175 1
8 5 126 23
8 6 9 1
8 7 3 7
8 9 1 24
8 10 274 10
8 11 9 26
8 12 276 2
8 13 47 2
8 14 1 17
8 16 212 1
8 18 1 16
8 19 1 27
8 20 235 2
8 22 139 6
8 23 1 26
8 24 235 1
8 25 3 29
8 26 98 1
9 1 6 1
9 3 5 23
9 4 191 1
9 5 14 1
9 6 3 1
9 7 3 12
9 8 226 1
9 10 28 1
9 11 5 12
9 12 351 1
9 14 1 9
9 15 1 8
9 16 1 15
9 17 42 4
9 18 4 21
9 21 1 3
9 23 1 17
9 24 2 3
9 25 2 7
10 0 1 18
10 2 296 1
10 4 77 1
10 5 2 21
10 6 186 10
10 7 152 1
10 8 4 11
10 9 2 1
10 12 4 9
10 14 1 27
10 18 181 5
10 23 78 1
10 24 224 1
10 25 84 2
11 1 2 27
11 2 274 1
11 3 1 11
11 4 1 16
11 5 1 25
11 6 1 6
11 7 379 1
11 8 13 1
11 9 3 27
11 10 16 1
11 15 181 14
11 18 102 1
11 19 1 10
11 23 23 2
11 24 7 9
11 25 65 8
11 26 4 23
11 27 7 11
12 2 59 2
12 3 64 3
12 4 50 3
12 7 1 14
12 9 221 1
12 10 32 1
12 13 4 20
12 14 107 1
12 17 156 6
12 18 111 1
12 24 86 5
13 2 1 16
13 8 197 1
13 10 2 18
13 11 249 4
13 12 83 1
13 14 5 14
13 15 19 1
14 2 20 1
14 5 41 1
14 7 24 1
14 8 35 1
14 9 1 19
14 11 289 1
14 13 90 1
14 15 10 1
14 21 1 12
14 22 2 22
15 7 66 29
15 8 158 1
15 11 26 1
15 13 6 1
15 23 11 1
15 25 1 29
16 0 35 16
16 1 200 2
16 3 285 1
16 4 34 2
16 5 259 1
16 8 255 1
16 13 1 17
16 17 18 2
16 18 1 1
16 24 151 1
17 0 164 1
17 1 346 1
17 2 246 2
17 3 8 24
17 4 308 1
17 9 1 10
17 11 2 25
17 12 1 28
17 15 1 26
17 16 4 24
17 27 40 2
18 1 10 3
18 6 1 16
18 7 1 12
18 9 136 1
18 14 25 5
18 16 11 2
18 17 1 13
19 0 9 19
19 1 1 28
19 4 3 12
19 7 180 10
19 8 82 8
19 10 1 28
19 17 98 2
19 20 215 1
20 0 4 18
20 1 163 1
20 2 14 2
20 7 2 17
20 9 1 23
20 17 188 25
20 18 26 3
20 19 2 18
20 24 2 11
20 27 1 21
21 3 2 16
21 8 1 15
22 1 1 4
22 9 5 7
22 11 1 22
22 19 5 17
22 20 1 29
22 23 7 1
23 7 1 7
23 11 68 1
23 20 1 6
23 25 1 8
24 0 192 1
24 1 194 1
24 3 239 1
24 5 162 1
24 7 230 1
24 8 283 1
24 9 97 5
24 11 124 1
24 16 225 1
24 22 1 12
24 26 25 23
25 0 63 3
25 6 1 23
25 7 7 20
25 9 1 9
25 11 375 1
25 12 1 11
25 15 1 8
25 26 1 27
25 27 90 1
26 4 1 15
26 6 36 3
26 7 8 12
26 10 1 8
26 24 8 3
26 27 121 2
27 0 5 1
27 7 11 4
27 11 1 25
27 14 23 23
27 19 4 3
27 23 1 6
27 26 1 20
