0 1 83 28
0 3 46 1
0 4 175 1
0 5 307 1
0 6 286 1
0 7 6 1
0 8 248 1
0 11 167 1
0 13 11 11
0 15 4 8
0 16 183 1
0 17 8 18
0 19 66 1
0 20 241 1
0 24 9 29
0 25 2 24
1 0 332 1
1 2 11 5
1 3 37 1
1 4 16 1
1 5 169 1
1 6 3 14
1 7 5 4
1 8 291 1
1 9 1 6
1 10 1 28
1 11 1 2
1 12 2 3
1 14 1 15
1 15 23 25
1 16 77 1
1 17 261 1
1 18 1 16
1 19 27 18
1 20 14 9
1 24 233 2
2 0 118 1
2 1 442 1
2 5 44 3
2 6 307 1
2 7 2 6
2 8 123 1
2 9 33 1
2 10 209 1
2 11 1 17
2 14 13 6
2 16 2 18
2 26 10 9
3 0 33 19
3 1 182 1
3 2 8 19
3 5 24 7
3 6 3 23
3 7 246 1
3 8 312 1
3 10 111 1
3 11 1 19
3 15 1 10
3 16 59 1
3 17 7 24
3 18 80 13
3 20 32 2
4 0 51 1
4 1 18 14
4 3 222 1
4 5 83 1
4 6 215 23
4 10 1 19
4 11 214 1
4 16 42 2
4 17 163 1
4 18 84 1
4 25 38 1
5 0 231 1
5 1 101 1
5 2 68 1
5 3 58 1
5 4 9 1
5 6 11 5
5 8 319 1
5 9 4 13
5 10 7 25
5 12 51 1
5 14 1 16
5 16 95 11
5 17 52 1
5 18 120 1
5 24 246 1
6 0 1 11
6 1 305 29
6 2 125 1
6 3 299 12
6 4 130 1
6 5 4 24
6 7 19 1
6 8 85 1
6 9 5 26
6 10 3 22
6 11 179 20
6 14 3 20
6 17 234 1
6 19 33 1
6 21 88 1
6 25 57 1
6 27 8 2
7 0 294 1
7 3 7 22
7 4 209 1
7 6 2 12
7 9 265 1
7 10 85 1
7 11 8 5
7 13 1 25
7 15 4 6
7 17 245 2
7 18 2 5
7 19 67 1
7 20 243 2
7 25 204 1
7 27 1 19
8 0 39 1
8 1 62 1
8 2 5 23
8 3 72 6
8 4 48 16
8 5 155 1
8 6 9 1
8 7 5 19
8 9 2 1
8 11 26 1
8 14 99 1
8 15 2 28
8 16 265 1
8 17 94 1
8 18 4 1
8 19 108 2
8 21 89 1
8 22 17 1
8 24 98 1
8 26 28 1
9 0 43 5
9 2 3 29
9 3 104 2
9 4 141 2
9 5 6 22
9 6 22 2
9 7 112 1
9 8 9 28
9 10 177 1
9 11 211 1
9 12 11 7
9 14 7 2
9 15 3 26
9 19 53 1
10 0 8 6
10 1 27 2
10 2 9 23
10 3 38 1
10 4 2 13
10 6 3 29
10 7 4 3
10 8 18 3
10 11 71 1
10 12 202 1
10 13 2 23
10 14 2 19
10 16 61 1
10 17 236 1
10 18 40 2
10 19 1 1
10 20 197 4
10 21 68 1
10 23 5 24
10 24 24 2
10 26 17 1
10 27 3 12
11 1 227 1
11 3 29 1
11 7 59 5
11 8 391 1
11 9 266 1
11 10 233 1
11 13 1 3
11 14 23 22
11 15 178 1
11 16 112 7
11 18 15 5
11 22 132 2
11 23 1 14
11 25 3 25
11 26 1 23
11 27 26 1
12 4 24 2
12 6 146 2
12 7 167 3
12 8 17 4
12 9 80 6
12 10 5 20
12 15 2 14
12 16 72 8
12 17 65 1
12 19 3 6
12 20 117 5
12 23 70 2
12 24 54 1
12 27 1 14
13 6 128 1
13 9 2 1
13 10 18 2
13 15 1 16
13 24 9 3
14 0 22 10
14 2 1 7
14 3 1 24
14 4 2 4
14 5 1 16
14 6 1 6
14 7 2 24
14 8 118 19
14 10 31 19
14 11 55 8
14 12 1 23
14 13 3 2
14 15 5 1
14 20 43 9
14 21 14 6
14 24 5 27
15 1 56 1
15 3 1 2
15 7 63 1
15 8 1 25
15 10 165 1
15 11 16 19
15 12 39 3
15 14 3 13
15 23 19 11
15 24 1 1
16 0 140 1
16 1 128 1
16 3 222 1
16 4 2 20
16 5 62 1
16 6 22 10
16 8 37 1
16 9 36 3
16 11 5 4
16 17 254 1
16 18 1 10
16 24 1 10
17 1 1 22
17 3 195 18
17 6 8 29
17 9 130 24
17 10 32 4
17 12 77 16
17 13 65 4
17 14 88 3
17 16 1 2
17 22 1 6
17 23 1 15
18 2 6 11
18 4 2 5
18 5 2 13
18 6 103 1
18 8 59 21
18 10 13 5
18 13 1 4
18 16 136 25
18 17 2 20
18 19 1 18
19 0 1 27
19 1 42 1
19 4 78 1
19 9 1 29
19 10 3 6
19 15 15 1
19 18 22 14
19 20 59 5
20 0 121 1
20 2 75 8
20 6 198 1
20 7 140 2
20 8 9 1
20 9 145 3
20 22 1 21
21 0 53 3
21 1 21 4
21 3 12 3
21 7 1 5
21 8 98 1
21 9 1 26
21 12 1 6
21 16 7 3
21 23 1 3
22 0 16 8
22 1 3 11
22 8 1 20
22 13 8 2
22 14 35 7
22 20 1 20
22 21 4 6
23 4 16 20
23 6 1 5
23 7 126 1
23 9 20 6
23 10 56 3
23 11 1 1
23 12 2 1
23 15 1 28
23 22 1 1
23 24 30 2
23 26 1 26
24 0 131 11
24 1 103 1
24 3 79 4
24 5 32 1
24 6 89 4
24 7 1 11
24 8 169 1
24 9 15 3
24 10 50 29
24 11 307 3
24 16 37 15
24 23 1 24
24 25 2 29
24 27 1 8
25 3 11 1
25 7 31 1
25 8 65 2
25 10 202 1
25 11 247 1
25 12 69 10
25 15 6 1
25 24 8 9
26 2 2 1
26 11 1 22
26 23 2 26
27 6 5 9
27 7 10 14
27 10 2 19
27 12 1 3
27 24 12 2
27 25 4 2
27 26 2 5
