0 1 203 1
0 2 3 16
0 3 54 1
0 4 24 10
0 5 261 1
0 6 6 23
0 8 71 1
0 9 143 1
0 10 257 23
0 14 1 18
0 16 10 22
0 17 117 2
0 18 48 3
0 19 139 1
0 20 1 3
0 23 17 5
0 24 107 1
1 0 294 24
1 2 115 1
1 3 87 1
1 4 2 12
1 5 147 1
1 7 293 1
1 8 144 1
1 9 297 1
1 10 7 1
1 11 210 2
1 15 5 4
1 16 69 1
1 17 1 4
1 18 30 2
1 19 72 2
1 22 1 13
1 24 157 1
1 25 84 1
2 0 44 1
2 1 6 26
2 3 18 1
2 4 1 4
2 5 1 18
2 6 25 1
2 7 7 11
2 8 303 1
2 9 1 23
2 10 4 18
2 11 259 2
2 12 66 4
2 19 42 23
2 24 37 8
3 0 367 1
3 1 205 1
3 2 1 1
3 4 1 16
3 5 121 1
3 6 297 1
3 7 174 1
3 8 36 19
3 10 2 13
3 11 3 20
3 12 103 1
3 15 25 1
3 16 119 1
3 19 52 14
3 24 142 1
3 25 33 14
3 26 12 5
4 0 4 7
4 1 2 26
4 2 27 1
4 5 156 1
4 6 23 1
4 8 3 2
4 9 55 1
4 11 2 23
4 13 104 12
4 17 3 27
4 18 18 1
4 19 1 21
4 20 49 1
4 21 1 8
4 25 102 1
4 26 29 4
5 0 135 1
5 1 252 1
5 3 105 1
5 4 95 1
5 6 386 11
5 6 261 1
5 8 329 1
5 9 230 1
5 10 373 1
5 12 3 7
5 15 1 9
5 16 114 1
5 17 186 13
5 18 1 24
5 21 1 25
5 24 47 1
6 0 365 1
6 1 83 1
6 2 1 21
6 4 1 21
6 5 98 1
6 8 71 1
6 9 14 22
6 12 310 1
6 16 3 29
6 17 1 28
6 20 4 25
6 23 60 1
7 0 4 24
7 2 88 1
7 3 207 8
7 3 245 6
7 6 380 6
7 8 6 15
7 9 1 13
7 10 7 18
7 11 6 7
7 13 6 5
7 14 1 23
7 15 1 4
7 16 107 5
7 17 4 19
7 25 4 10
8 0 209 1
8 1 178 1
8 2 4 28
8 3 219 1
8 4 159 1
8 5 79 1
8 6 2 17
8 7 10 6
8 9 2 7
8 10 174 3
8 10 286 15
8 11 2 28
8 12 271 1
8 13 43 1
8 14 5 24
8 16 91 1
8 21 1 8
8 22 138 1
8 23 7 18
8 24 78 1
8 25 7 18
8 26 96 3
9 1 3 3
9 4 172 1
9 5 322 1
9 6 28 14
9 8 204 1
9 10 252 1
9 11 5 23
9 12 330 1
9 13 1 25
9 15 1 23
9 17 39 1
9 18 1 13
9 21 2 12
9 24 1 2
9 26 8 11
10 0 5 29
10 2 285 1
10 4 69 2
10 5 2 13
10 6 196 1
10 7 137 1
10 8 5 10
10 12 3 21
10 13 278 1
10 14 1 2
10 15 3 1
10 17 2 11
10 24 222 5
10 25 78 1
11 0 2 13
11 1 208 14
11 2 270 1
11 3 15 5
11 4 1 4
11 5 7 6
11 6 7 5
11 7 31 2
11 8 7 2
11 9 4 29
11 10 8 1
11 12 130 3
11 13 1 22
11 14 402 19
11 15 373 1
11 16 1 11
11 17 1 8
11 19 1 29
11 22 1 20
11 23 19 1
11 24 10 8
11 25 3 18
11 27 1 15
12 2 57 4
12 4 46 1
12 5 1 14
12 8 301 1
12 9 199 1
12 13 170 11
12 14 103 1
12 16 1 11
12 23 1 13
12 26 2 15
13 4 52 1
13 6 8 6
13 9 53 2
13 10 2 23
13 14 71 12
13 17 81 21
13 20 35 20
14 1 1 25
14 3 2 1
14 4 6 2
14 6 37 1
14 7 20 1
14 8 28 2
14 9 3 27
14 11 273 1
14 12 122 1
14 13 85 2
14 19 1 28
15 4 1 25
15 6 134 1
15 7 14 8
15 9 1 20
15 11 8 1
15 14 6 1
15 17 84 8
15 19 8 23
15 24 19 6
16 0 4 20
16 1 46 1
16 3 114 1
16 4 31 1
16 5 93 1
16 7 5 9
16 8 91 1
16 17 12 1
16 18 9 10
16 20 90 11
16 24 130 1
17 0 155 1
17 1 318 1
17 2 243 1
17 3 6 8
17 4 301 2
17 5 1 1
17 7 1 28
17 9 2 11
17 10 86 4
17 13 1 7
17 16 9 26
17 18 193 1
17 22 1 14
18 3 1 5
18 4 206 1
18 5 48 1
18 9 132 3
18 22 1 18
18 23 25 24
19 0 3 25
19 1 2 16
19 2 39 5
19 3 2 21
19 4 2 6
19 7 179 9
19 10 1 19
19 17 96 3
19 20 180 1
19 26 12 3
19 27 1 28
20 0 1 27
20 1 158 1
20 4 1 6
20 6 1 7
20 8 233 1
20 10 1 15
20 12 1 2
20 15 1 11
20 19 10 16
20 24 1 25
20 27 1 20
21 5 12 1
21 12 1 1
21 20 25 10
21 27 14 16
22 0 54 2
22 1 1 7
22 4 12 7
22 7 4 4
22 11 1 9
22 12 1 3
23 0 56 1
23 1 89 9
23 7 2 23
23 10 197 9
23 13 1 1
23 22 1 26
23 24 2 2
24 0 32 1
24 1 61 1
24 3 17 8
24 5 13 1
24 6 1 18
24 7 223 1
24 8 143 1
24 11 108 1
24 15 29 1
24 16 99 1
24 17 45 5
24 23 26 1
24 26 1 23
25 0 61 2
25 7 9 17
25 8 1 9
25 9 1 14
25 10 8 15
25 11 102 1
25 15 1 25
25 20 1 29
25 23 4 3
26 7 2 28
26 8 1 18
26 9 58 1
26 15 9 15
26 19 16 27
26 27 115 2
27 4 51 2
27 5 1 15
27 6 1 25
27 7 9 6
27 11 3 19
27 12 1 7
27 13 1 28
27 17 1 6
27 18 4 8
27 26 4 27
