0 1 150 10
0 2 6 18
0 3 40 1
0 4 76 1
0 5 26 11
0 6 178 1
0 8 1 25
0 10 136 1
0 11 99 1
0 15 1 20
0 16 66 1
0 17 19 24
0 18 1 24
0 19 108 1
0 20 145 1
0 22 1 26
0 24 1 24
0 27 11 11
1 0 413 1
1 2 11 18
1 3 128 1
1 4 4 2
1 5 24 26
1 6 50 28
1 7 6 24
1 8 12 2
1 9 2 7
1 11 1 28
1 16 21 5
1 17 104 1
1 18 3 26
1 19 35 7
1 20 1 12
1 22 79 11
1 24 175 1
2 0 90 1
2 1 122 1
2 3 24 10
2 4 1 12
2 5 16 3
2 6 185 1
2 7 4 20
2 10 95 1
2 11 2 19
2 12 1 7
2 14 15 8
2 15 4 2
2 16 2 21
2 17 2 10
2 18 4 8
2 20 22 5
3 0 33 1
3 1 58 1
3 2 3 10
3 4 142 1
3 5 178 1
3 6 32 16
3 7 8 2
3 8 385 1
3 10 54 1
3 11 3 22
3 13 1 28
3 15 2 12
3 16 85 1
3 19 11 4
3 20 60 9
3 24 182 1
4 1 3 27
4 3 173 1
4 5 1 23
4 7 91 1
4 8 315 1
4 9 419 1
4 10 5 9
4 11 176 1
4 12 250 1
4 15 18 1
4 16 14 2
4 17 88 1
4 18 270 1
4 19 1 21
4 21 17 12
4 22 2 18
4 23 58 7
4 24 2 12
4 26 2 5
5 0 109 1
5 1 107 1
5 3 98 13
5 4 2 21
5 6 33 1
5 8 61 1
5 9 110 1
5 10 9 22
5 12 10 1
5 15 32 1
5 16 5 1
5 17 23 2
5 18 113 2
5 20 90 1
5 21 29 2
5 22 9 2
5 24 74 1
5 25 3 27
5 27 28 27
6 0 49 19
6 1 246 1
6 3 280 1
6 4 54 1
6 5 51 6
6 7 225 1
6 8 55 18
6 9 2 27
6 10 14 12
6 13 59 3
6 15 12 16
6 16 3 6
6 20 1 4
6 24 2 15
6 25 34 1
7 0 253 1
7 2 18 1
7 3 114 14
7 4 145 1
7 5 3 29
7 6 2 20
7 8 128 9
7 9 197 1
7 10 17 1
7 11 288 4
7 13 1 1
7 14 223 2
7 15 5 14
7 19 40 1
7 20 188 1
7 24 46 12
7 25 92 1
8 0 76 15
8 1 17 1
8 2 2 3
8 3 227 1
8 4 7 22
8 5 405 1
8 6 228 15
8 7 3 18
8 9 2 9
8 10 67 1
8 13 2 18
8 16 104 1
8 21 80 1
8 24 116 1
8 27 15 6
9 1 60 25
9 2 27 9
9 5 2 6
9 6 42 16
9 7 51 2
9 8 36 1
9 10 1 29
9 12 186 1
9 14 118 1
9 16 110 4
9 17 1 13
9 20 6 9
9 24 86 3
9 27 79 10
10 2 1 11
10 3 3 3
10 4 1 23
10 5 2 23
10 6 3 29
10 7 11 11
10 8 240 18
10 9 73 16
10 11 153 1
10 12 111 1
10 13 1 11
10 14 60 24
10 15 1 15
10 17 208 1
10 18 20 3
10 19 4 6
10 20 173 3
10 22 11 5
10 25 2 7
11 0 1 12
11 1 196 1
11 2 1 7
11 4 221 1
11 6 373 2
11 7 46 20
11 8 193 1
11 9 180 1
11 10 51 1
11 13 3 1
11 14 6 5
11 15 2 9
11 19 122 1
11 20 1 14
11 22 96 2
11 23 1 3
11 24 1 9
11 27 185 1
12 0 11 3
12 6 234 2
12 7 138 1
12 9 318 1
12 11 3 13
12 13 16 18
12 15 1 14
12 16 83 8
12 17 48 2
12 24 44 1
12 26 1 21
13 4 1 5
13 6 106 1
13 7 2 28
13 8 3 20
13 12 67 1
13 23 6 26
14 1 136 7
14 2 1 2
14 4 1 18
14 5 2 29
14 6 2 10
14 7 4 12
14 10 122 1
14 11 4 4
14 12 2 3
14 13 2 26
14 17 2 4
14 21 14 9
15 1 37 2
15 10 89 1
15 11 52 21
15 14 109 1
15 21 11 8
15 22 2 22
15 23 9 1
16 0 49 1
16 1 9 12
16 2 1 5
16 3 2 7
16 4 1 29
16 5 64 1
16 6 4 13
16 7 30 2
16 8 118 1
16 10 19 22
16 12 2 27
16 17 100 1
16 18 2 24
16 24 38 1
17 0 2 8
17 1 80 1
17 2 2 27
17 3 164 3
17 4 7 25
17 6 1 11
17 7 151 18
17 8 321 3
17 10 2 5
17 15 9 9
17 16 2 2
17 18 1 8
17 21 9 17
18 1 2 24
18 2 15 28
18 3 1 25
18 4 1 25
18 6 59 1
18 7 125 2
18 8 84 19
18 9 1 1
18 10 1 17
18 16 46 1
18 17 11 22
19 0 42 10
19 1 9 3
19 6 106 1
19 8 152 6
19 13 2 21
19 20 2 25
19 22 2 5
20 0 43 1
20 2 1 23
20 3 2 6
20 4 6 5
20 7 85 1
20 15 1 20
20 19 241 1
20 25 94 3
20 27 1 22
21 2 16 1
21 9 2 4
21 10 67 6
21 20 2 28
21 23 2 1
22 0 10 18
22 1 81 22
22 2 15 6
22 4 1 15
22 7 2 23
22 8 1 9
22 9 1 2
22 10 103 2
22 12 119 1
22 17 7 4
22 18 18 27
22 24 33 7
23 4 23 10
23 10 27 1
23 11 142 5
23 14 1 4
23 17 75 1
23 18 4 16
23 20 64 4
23 22 17 6
23 24 12 2
24 0 101 1
24 1 1 19
24 2 1 24
24 3 238 21
24 5 176 2
24 6 69 1
24 7 1 4
24 8 19 26
24 11 364 1
24 14 9 4
24 15 10 6
24 16 268 12
24 18 1 12
24 26 36 4
24 27 6 25
25 2 16 5
25 6 104 1
25 8 30 1
25 10 147 1
25 11 76 1
25 12 61 2
25 20 84 12
25 27 1 2
26 7 1 7
26 17 61 4
26 18 17 21
26 22 1 24
26 25 16 7
26 27 112 1
27 2 28 3
27 6 1 15
27 8 5 9
27 12 4 11
27 14 3 11
27 17 1 24
