0 1 230 1
0 2 1 28
0 3 47 1
0 4 71 1
0 5 16 2
0 6 173 1
0 7 2 1
0 8 33 1
0 9 8 17
0 10 133 1
0 11 95 1
0 14 94 7
0 16 11 22
0 17 3 21
0 18 1 4
0 19 129 1
0 20 140 1
0 24 142 1
0 25 6 5
1 0 352 1
1 2 87 21
1 3 83 1
1 4 3 9
1 5 201 1
1 6 183 28
1 7 19 25
1 8 65 18
1 9 5 17
1 10 16 21
1 11 5 21
1 12 10 19
1 14 2 8
1 15 1 12
1 16 46 1
1 17 94 1
1 18 6 13
1 19 2 20
1 20 2 24
1 24 114 1
2 0 84 1
2 1 98 1
2 3 4 28
2 4 2 4
2 5 15 2
2 6 177 1
2 7 4 12
2 9 7 5
2 10 90 1
2 11 2 14
2 13 3 22
2 17 3 10
2 20 21 5
2 24 1 14
3 0 247 1
3 1 105 2
3 2 42 29
3 5 97 6
3 6 2 16
3 8 70 14
3 9 77 3
3 10 78 1
3 11 7 29
3 14 3 16
3 15 1 18
3 16 114 19
3 17 1 8
3 18 80 26
3 24 126 1
3 27 46 6
4 1 5 14
4 3 170 1
4 5 2 1
4 7 88 2
4 8 310 1
4 9 412 1
4 10 14 15
4 11 173 3
4 13 58 7
4 16 13 1
4 17 84 1
4 18 261 1
4 19 1 11
4 24 1 8
4 26 1 6
5 0 42 26
5 1 77 21
5 3 125 1
5 4 4 11
5 6 14 1
5 7 262 1
5 8 29 2
5 9 62 1
5 10 1 4
5 11 1 15
5 12 8 1
5 15 2 28
5 16 181 5
5 20 90 1
5 24 202 2
6 0 1 9
6 1 224 1
6 3 276 1
6 4 51 1
6 5 3 15
6 7 194 1
6 8 151 1
6 9 44 25
6 10 6 14
6 11 17 4
6 12 3 22
6 13 58 1
6 15 3 19
6 16 1 15
6 17 151 1
6 18 223 2
6 19 14 3
6 20 1 28
6 25 32 4
7 0 246 1
7 2 348 1
7 3 206 1
7 4 142 1
7 5 1 10
7 6 6 7
7 8 12 28
7 9 193 2
7 10 8 1
7 11 252 4
7 12 166 1
7 14 220 1
7 15 2 8
7 18 40 2
7 20 185 1
7 24 2 25
7 25 87 1
8 0 29 1
8 1 9 1
8 2 248 2
8 3 197 1
8 4 344 6
8 5 309 1
8 6 43 18
8 7 5 20
8 9 2 10
8 10 52 1
8 11 1 16
8 13 89 6
8 15 2 8
8 16 92 1
8 17 42 3
8 18 16 1
8 19 82 1
8 24 89 1
8 25 210 22
8 26 17 10
9 0 1 17
9 1 46 3
9 2 3 8
9 3 71 1
9 4 214 1
9 5 55 14
9 6 4 10
9 7 49 1
9 8 206 1
9 10 1 28
9 11 120 1
9 12 291 3
9 14 115 1
9 15 3 16
9 17 22 5
9 24 86 2
10 0 278 1
10 2 48 6
10 3 3 1
10 4 1 18
10 5 1 7
10 6 6 12
10 7 174 4
10 8 2 4
10 9 10 2
10 11 140 1
10 12 107 1
10 13 50 1
10 14 4 20
10 15 10 23
10 16 46 3
10 17 207 1
10 18 19 1
10 20 172 1
10 21 54 1
10 22 10 4
10 24 3 1
11 1 192 1
11 2 2 27
11 6 369 1
11 7 38 28
11 8 187 1
11 9 176 1
11 10 35 1
11 12 209 1
11 14 9 21
11 15 6 17
11 16 102 1
11 21 67 1
11 22 94 2
11 23 2 6
11 24 4 2
11 25 50 1
11 27 182 1
12 2 1 5
12 4 1 17
12 5 121 1
12 6 230 2
12 7 136 1
12 9 310 1
12 10 18 12
12 11 2 11
12 13 4 13
12 14 1 25
12 18 11 1
12 19 1 26
12 22 7 17
12 23 51 3
12 24 43 6
13 1 3 21
13 4 1 18
13 6 104 3
13 9 1 19
13 11 4 10
13 12 145 1
13 14 1 11
13 22 2 3
14 6 1 14
14 7 23 28
14 8 122 3
14 10 183 1
14 11 2 29
14 13 7 5
14 15 97 1
14 20 34 1
14 23 2 7
14 24 1 29
15 1 36 2
15 4 16 17
15 8 18 14
15 9 12 1
15 10 83 18
15 11 139 13
15 14 4 2
15 16 4 6
15 23 7 3
15 24 1 6
15 26 2 29
16 0 150 1
16 1 80 1
16 2 1 18
16 3 60 1
16 4 1 29
16 5 128 1
16 8 21 5
16 11 1 18
16 15 1 10
16 17 193 15
16 18 4 22
16 24 201 1
17 0 22 6
17 1 72 1
17 2 7 6
17 3 162 2
17 4 2 8
17 6 2 13
17 7 1 25
17 10 2 2
17 11 174 1
17 16 1 1
17 20 83 3
17 23 1 6
18 0 2 28
18 1 5 12
18 2 36 3
18 4 7 26
18 5 3 5
18 6 56 2
18 7 124 3
18 8 1 11
18 10 54 23
18 16 39 1
18 19 1 20
18 20 3 12
18 27 4 26
19 0 15 12
19 1 8 3
19 3 24 1
19 9 3 6
19 20 2 23
19 22 2 11
19 25 1 2
20 0 40 1
20 1 9 2
20 2 3 22
20 3 1 11
20 4 6 13
20 7 82 2
20 11 113 1
20 14 28 7
20 17 100 1
20 19 224 1
20 24 80 4
20 27 1 1
21 4 3 27
21 6 3 3
21 20 38 8
22 3 1 19
22 4 59 12
22 11 38 2
22 12 118 19
22 14 27 1
22 19 6 22
22 20 1 3
22 27 3 7
23 1 27 2
23 7 81 2
23 10 25 3
23 11 143 22
23 15 1 20
23 26 1 17
24 0 101 1
24 1 13 27
24 2 7 1
24 3 54 1
24 4 54 7
24 5 156 1
24 7 1 29
24 8 128 1
24 10 4 20
24 11 357 1
24 12 1 12
24 13 5 3
24 16 40 1
24 26 35 5
25 2 15 5
25 3 3 3
25 8 29 1
25 9 112 8
25 10 144 1
25 11 94 1
25 19 15 1
25 27 1 11
26 7 116 15
26 10 116 1
26 11 26 27
26 16 15 17
26 17 60 18
26 21 1 10
26 23 8 24
26 25 1 18
26 27 109 2
27 6 1 10
27 7 87 12
27 8 1 14
27 12 1 8
27 20 53 4
27 26 4 2
