0 1 14 8
0 2 1 24
0 3 34 4
0 4 1 19
0 5 39 20
0 6 1 15
0 7 1 17
0 8 19 28
0 9 170 1
0 14 1 11
0 15 59 2
0 16 39 1
0 17 173 1
0 18 66 1
0 19 235 1
0 20 115 8
0 24 39 2
1 0 23 13
1 2 256 1
1 3 21 14
1 4 16 1
1 5 19 21
1 6 3 7
1 7 360 1
1 8 257 21
1 9 342 1
1 10 31 1
1 12 102 1
1 16 39 15
1 17 16 1
1 18 58 1
1 19 107 1
1 20 44 1
1 24 19 21
1 25 95 1
1 27 28 14
2 0 110 1
2 1 3 27
2 3 299 1
2 4 1 16
2 6 95 1
2 7 1 22
2 8 430 1
2 9 1 24
2 10 1 5
2 11 283 2
3 0 204 7
3 1 20 14
3 2 140 1
3 4 1 4
3 5 19 26
3 7 408 1
3 8 19 24
3 9 113 8
3 10 2 3
3 11 2 2
3 12 108 1
3 14 34 1
3 16 19 25
3 17 152 1
3 18 1 23
3 24 19 7
3 25 1 20
4 0 1 7
4 1 4 19
4 2 69 1
4 5 379 1
4 6 236 1
4 8 41 1
4 9 149 1
4 10 173 1
4 12 1 5
4 17 1 28
4 18 86 1
4 25 105 4
5 0 19 8
5 1 435 24
5 1 29 12
5 3 18 1
5 4 303 1
5 6 427 28
5 8 16 23
5 9 318 1
5 12 1 6
5 16 19 7
5 20 1 23
5 24 59 3
6 0 403 1
6 1 339 1
6 3 16 1
6 4 12 1
6 5 18 13
6 7 62 1
6 8 21 4
6 9 4 11
6 10 109 8
6 12 333 1
6 14 3 1
6 17 193 12
6 18 1 23
6 27 82 4
7 0 1 21
7 2 183 1
7 3 6 1
7 4 1 15
7 6 415 1
7 9 159 8
7 11 99 1
7 12 1 21
7 14 1 19
7 15 2 22
7 17 1 5
7 20 1 14
7 21 17 1
7 22 151 3
7 25 1 2
7 27 142 2
8 0 18 25
8 1 20 6
8 3 21 20
8 4 263 1
8 5 48 11
8 6 36 20
8 7 5 1
8 9 1 15
8 10 9 10
8 11 2 23
8 12 297 1
8 14 1 4
8 15 164 2
8 16 19 25
8 20 254 2
8 22 147 6
8 24 58 23
8 25 1 22
9 0 2 1
9 4 292 1
9 5 280 9
9 6 1 24
9 8 346 1
9 10 213 1
9 11 1 13
9 12 18 1
9 14 1 21
9 17 59 1
9 18 1 18
9 21 47 10
9 23 1 28
10 1 1 17
10 2 342 1
10 3 1 18
10 4 118 1
10 5 2 7
10 6 3 29
10 7 238 1
10 8 39 1
10 9 117 1
10 11 20 1
10 12 1 29
10 13 318 1
10 14 11 1
10 17 1 16
10 23 99 2
10 27 1 17
11 1 3 3
11 3 2 27
11 4 1 1
11 5 1 9
11 7 206 1
11 8 59 1
11 9 1 4
11 10 99 1
11 12 1 11
11 14 2 16
11 15 3 18
11 18 110 7
11 19 1 17
11 23 52 2
11 24 2 28
11 25 4 16
11 26 1 12
12 0 145 1
12 1 1 29
12 3 72 5
12 4 75 1
12 9 337 1
12 10 66 1
12 13 1 4
12 14 132 1
12 16 1 28
12 17 160 1
12 22 133 2
13 8 211 1
13 9 71 1
13 10 1 12
13 11 258 3
13 12 133 1
13 14 1 21
13 20 1 8
14 1 1 1
14 5 48 3
14 6 65 2
14 7 51 1
14 8 76 1
14 10 229 26
14 11 362 1
14 12 149 1
14 15 59 1
14 16 12 16
14 18 57 8
14 20 89 1
14 26 9 7
15 6 147 1
15 7 1 24
15 8 183 2
15 11 360 1
15 14 62 1
15 17 88 2
15 20 49 5
16 0 19 3
16 1 38 22
16 3 57 20
16 5 19 26
16 8 19 14
16 14 29 14
16 17 68 1
16 18 1 28
16 24 19 3
17 0 212 1
17 1 279 1
17 3 1 25
17 6 36 1
17 11 201 15
17 16 1 14
17 19 103 3
17 22 1 11
18 1 26 1
18 6 1 9
18 7 1 28
18 9 152 3
18 11 72 3
18 13 22 21
18 16 51 1
18 17 8 4
19 0 1 16
19 1 1 27
19 7 183 1
19 20 201 1
20 0 1 10
20 1 189 1
20 2 30 1
20 9 1 14
20 10 1 28
20 19 4 19
20 24 1 10
20 26 67 3
21 5 15 3
21 14 16 4
21 23 10 24
21 24 4 22
22 6 111 1
22 9 10 1
22 12 1 10
22 16 29 15
22 23 17 5
23 0 62 2
23 7 1 11
23 11 108 1
23 27 1 24
24 0 19 15
24 1 38 4
24 3 19 15
24 5 19 13
24 8 19 7
24 9 102 11
24 11 215 1
24 15 37 1
24 16 19 4
25 0 73 3
25 7 1 5
25 8 1 1
25 11 201 1
25 13 11 6
26 0 16 10
26 2 18 12
26 7 7 28
26 9 61 4
26 11 57 3
26 20 67 1
27 1 1 2
27 3 40 2
27 7 23 1
27 23 2 1
27 25 1 11
