0 1 112 1
0 2 2 2
0 3 79 1
0 4 56 1
0 5 175 1
0 6 152 1
0 8 150 1
0 10 123 2
0 12 100 1
0 14 92 7
0 15 4 14
0 16 229 1
0 19 102 1
0 20 122 1
0 24 247 1
1 0 265 1
1 2 3 22
1 3 3 10
1 4 10 25
1 5 127 1
1 6 214 1
1 7 1 20
1 8 46 1
1 9 43 20
1 10 1 12
1 11 10 28
1 12 10 8
1 14 16 11
1 15 1 3
1 16 29 1
1 17 62 1
1 18 4 13
1 19 2 4
1 24 84 3
1 26 26 2
1 27 2 8
2 0 137 1
2 1 67 1
2 3 68 1
2 4 1 5
2 6 148 1
2 7 2 10
2 8 2 26
2 9 4 4
2 10 71 1
2 11 5 29
2 17 19 19
2 18 1 24
2 20 19 4
2 21 18 26
2 24 1 1
2 25 11 12
2 27 2 4
3 0 178 1
3 1 208 1
3 2 7 1
3 4 127 2
3 5 41 1
3 6 3 8
3 8 326 6
3 9 71 1
3 10 47 28
3 11 1 14
3 12 14 2
3 15 1 23
3 16 131 6
3 17 10 12
3 19 8 7
3 20 173 1
3 22 1 6
3 23 1 2
3 24 194 1
3 27 46 1
4 1 4 22
4 2 276 2
4 3 159 1
4 5 5 19
4 6 49 1
4 7 78 1
4 8 175 1
4 9 382 1
4 10 2 12
4 12 241 1
4 15 1 10
4 17 72 1
4 18 228 2
4 19 2 1
4 20 1 4
5 0 18 1
5 1 47 1
5 2 29 1
5 3 91 1
5 4 5 10
5 6 192 1
5 7 248 1
5 8 44 1
5 9 70 1
5 10 1 21
5 14 3 26
5 16 206 1
5 18 1 2
5 24 56 1
6 0 1 1
6 1 163 1
6 4 27 1
6 5 232 1
6 7 153 1
6 8 57 1
6 9 27 6
6 10 6 10
6 11 240 1
6 12 1 16
6 13 53 1
6 15 1 4
6 16 1 18
6 17 136 2
6 20 182 14
7 0 221 1
7 2 12 1
7 3 188 19
7 4 129 2
7 5 1 17
7 6 4 9
7 8 24 16
7 9 179 2
7 10 305 1
7 11 228 1
7 12 160 2
7 14 208 1
7 15 3 13
7 17 203 1
7 20 174 1
7 22 6 2
7 23 1 20
7 24 13 15
7 25 68 1
7 26 4 11
8 0 23 1
8 1 14 8
8 2 70 4
8 3 306 1
8 5 214 1
8 6 56 14
8 7 29 18
8 9 116 9
8 10 191 1
8 11 2 20
8 12 2 18
8 13 1 23
8 14 13 2
8 16 19 1
8 17 35 1
8 19 78 1
8 24 86 6
8 25 5 1
9 0 18 5
9 3 65 3
9 4 281 1
9 5 7 14
9 6 3 11
9 7 39 1
9 8 151 16
9 10 2 13
9 11 105 1
9 12 271 10
9 18 124 1
10 0 273 1
10 2 32 24
10 4 2 7
10 5 8 4
10 6 6 18
10 7 1 7
10 9 6 19
10 11 97 1
10 12 91 1
10 13 63 24
10 14 12 17
10 15 5 21
10 16 44 1
10 18 16 1
10 23 4 7
10 25 105 24
10 27 6 26
11 0 286 2
11 1 18 1
11 4 212 2
11 5 1 2
11 7 20 4
11 8 164 1
11 9 159 1
11 10 204 1
11 12 15 1
11 14 7 16
11 15 14 20
11 16 99 8
11 19 118 1
11 20 6 16
11 24 8 14
11 25 208 1
11 26 2 14
11 27 170 1
12 1 91 1
12 2 1 6
12 4 1 14
12 6 216 1
12 9 302 1
12 10 1 11
12 11 45 26
12 13 28 7
12 22 1 26
12 24 42 1
12 26 1 29
12 27 1 28
13 1 29 24
13 4 1 10
13 6 100 1
13 8 1 20
13 10 1 25
13 11 1 15
13 12 60 1
13 14 1 21
13 27 1 25
14 2 7 22
14 4 21 4
14 5 1 10
14 6 1 26
14 7 1 17
14 8 116 1
14 10 167 16
14 13 1 15
14 15 15 1
15 10 82 1
15 11 42 24
15 12 15 2
15 14 103 1
15 24 7 6
16 0 34 2
16 1 187 1
16 2 1 15
16 3 150 1
16 4 1 28
16 5 74 1
16 6 1 8
16 7 1 13
16 8 107 1
16 9 20 2
16 10 112 27
16 11 1 1
16 13 31 15
16 17 186 1
16 18 10 1
16 22 28 21
16 24 7 15
17 0 1 2
17 1 235 25
17 2 1 16
17 3 154 1
17 4 1 10
17 6 1 9
17 7 8 27
17 16 22 6
17 18 2 8
18 1 1 21
18 3 95 17
18 4 4 17
18 5 1 2
18 6 49 2
18 9 8 11
18 15 27 21
18 16 87 1
18 17 3 24
18 19 1 17
18 20 3 5
18 27 1 19
19 0 1 15
19 1 5 1
19 3 22 1
19 4 48 3
19 9 1 16
19 12 1 29
19 16 1 11
19 20 7 6
20 0 29 2
20 2 2 2
20 3 11 16
20 4 2 8
20 6 167 2
20 11 105 1
20 16 3 3
20 18 1 9
20 19 163 1
20 23 25 1
20 25 92 18
20 27 1 5
21 4 1 20
21 7 1 28
21 10 64 3
21 11 1 9
21 12 78 2
21 16 1 1
21 23 1 16
22 1 1 1
22 7 2 18
22 8 28 5
22 20 10 21
22 24 32 1
23 7 73 1
23 11 1 25
23 18 1 29
23 20 62 18
23 22 16 1
23 26 1 1
24 0 10 19
24 1 115 3
24 2 1 16
24 3 182 1
24 4 52 2
24 5 22 1
24 7 3 5
24 8 34 5
24 10 4 25
24 11 329 1
24 14 7 12
24 16 46 1
24 20 24 3
24 22 26 1
24 25 5 6
25 1 18 2
25 4 2 4
25 6 34 2
25 8 23 2
25 10 133 1
25 11 52 1
25 18 1 11
25 20 82 6
25 23 3 29
26 1 4 3
26 5 15 3
26 7 1 8
26 11 2 16
26 17 60 3
26 20 37 3
26 24 22 10
26 25 1 24
27 11 16 1
27 25 4 25
27 26 1 28
