0 1 26 1
0 2 1 11
0 3 234 1
0 5 43 1
0 6 142 1
0 7 4 16
0 8 16 20
0 9 1 4
0 10 118 1
0 11 78 1
0 14 91 5
0 16 146 1
0 17 1 14
0 18 1 21
0 19 89 1
0 20 114 1
0 21 6 3
0 24 117 1
0 25 81 3
0 26 1 2
0 27 2 10
1 0 248 1
1 2 55 20
1 3 49 1
1 4 101 11
1 5 24 1
1 6 38 14
1 7 3 8
1 8 4 2
1 9 12 14
1 10 1 14
1 11 10 15
1 12 5 14
1 16 125 1
1 17 48 1
1 18 2 2
1 19 7 18
1 20 4 28
1 21 23 2
1 22 77 13
1 23 1 9
1 24 37 1
2 0 126 1
2 1 42 1
2 3 19 13
2 4 1 16
2 6 134 1
2 7 19 24
2 8 3 7
2 10 62 2
2 11 1 5
2 12 2 2
2 13 3 2
2 16 7 22
2 17 3 28
2 20 27 1
2 22 18 1
2 27 22 5
3 0 184 1
3 1 122 1
3 2 27 27
3 4 121 2
3 5 89 1
3 6 1 23
3 7 1 29
3 8 143 1
3 9 68 1
3 10 61 1
3 11 5 3
3 15 3 23
3 16 85 1
3 17 2 15
3 20 167 1
3 22 28 3
3 24 66 1
4 1 226 22
4 3 153 2
4 5 2 2
4 6 1 1
4 7 72 1
4 8 164 1
4 9 366 1
4 10 2 2
4 11 162 1
4 13 54 4
4 14 8 5
4 15 7 3
4 16 7 6
4 18 215 1
4 19 84 16
4 20 10 15
4 22 1 14
4 25 22 1
5 0 43 3
5 1 108 1
5 2 27 1
5 3 53 1
5 4 3 24
5 6 394 1
5 7 7 1
5 8 36 3
5 9 244 1
5 10 1 24
5 12 3 1
5 14 1 15
5 15 32 6
5 16 88 1
5 21 1 26
5 22 9 11
5 24 92 1
5 26 6 1
6 0 6 20
6 1 125 1
6 3 257 1
6 4 17 1
6 5 37 18
6 7 207 1
6 8 11 1
6 10 3 3
6 12 1 20
6 13 50 3
6 17 129 1
6 19 10 4
6 21 78 1
6 25 27 1
7 0 209 1
7 1 1 24
7 2 319 1
7 3 334 1
7 5 5 18
7 6 6 29
7 8 26 23
7 9 172 2
7 10 1 19
7 11 176 2
7 14 202 1
7 15 3 8
7 16 8 4
7 19 31 1
7 20 168 2
7 24 2 8
7 25 60 1
7 27 6 26
8 0 55 1
8 1 96 1
8 2 123 1
8 3 195 1
8 4 1 24
8 5 130 1
8 6 133 21
8 7 426 2
8 9 118 4
8 10 323 2
8 15 1 8
8 16 38 1
8 17 31 2
8 21 77 1
8 23 7 4
8 24 49 1
8 27 11 8
9 1 1 1
9 3 62 1
9 4 272 1
9 5 402 9
9 6 71 17
9 8 26 1
9 10 10 16
9 11 97 1
9 12 178 13
9 14 98 2
9 15 113 2
9 17 12 29
9 18 121 1
9 23 64 4
9 25 85 1
10 2 1 27
10 4 209 3
10 5 1 15
10 6 3 25
10 7 198 29
10 8 3 3
10 9 6 29
10 11 78 1
10 12 84 1
10 13 30 28
10 14 4 20
10 15 1 11
10 17 197 2
10 24 1 6
10 25 1 10
10 27 1 29
11 0 65 2
11 1 187 1
11 2 2 24
11 4 209 1
11 5 173 1
11 6 345 1
11 7 169 22
11 8 356 1
11 10 178 1
11 14 14 24
11 15 16 3
11 19 116 2
11 21 64 2
11 22 83 1
11 24 2 10
11 25 193 1
11 27 164 1
12 1 87 2
12 4 1 5
12 5 56 1
12 7 127 1
12 9 283 1
12 10 30 22
12 11 10 10
12 13 1 27
12 14 33 6
12 15 1 14
12 21 4 7
13 0 15 1
13 1 1 13
13 6 97 3
13 9 1 19
13 11 12 3
13 12 133 1
13 14 1 25
13 23 8 1
14 0 32 1
14 5 1 26
14 6 22 14
14 7 4 9
14 8 210 1
14 10 96 1
14 12 2 23
14 13 1 18
14 15 6 2
14 17 5 8
14 23 1 14
14 24 17 26
14 26 1 25
15 1 31 2
15 2 1 3
15 8 12 29
15 9 8 1
15 10 90 1
15 11 9 27
15 12 13 3
15 13 7 4
15 14 94 1
15 22 1 13
15 25 22 2
15 27 1 4
16 0 15 1
16 1 116 1
16 2 3 14
16 3 49 1
16 4 1 8
16 5 38 12
16 6 70 23
16 7 1 17
16 8 77 1
16 12 2 22
16 17 66 24
16 18 2 18
16 20 97 13
16 21 1 14
16 24 66 1
17 0 24 16
17 1 49 1
17 2 2 29
17 3 149 2
17 4 4 25
17 5 128 8
17 6 2 22
17 7 245 28
17 8 310 1
17 10 241 1
17 12 1 24
17 13 56 1
17 16 2 25
17 20 77 1
17 25 84 1
18 1 8 26
18 4 19 5
18 6 45 1
18 8 1 19
18 10 1 2
18 16 76 1
18 17 2 1
18 20 34 17
19 0 4 12
19 1 3 3
19 3 34 1
19 5 28 5
19 6 99 1
19 7 14 1
19 8 148 1
19 20 13 28
19 23 4 1
19 25 15 26
19 27 16 7
20 0 24 1
20 1 3 25
20 2 156 14
20 3 1 18
20 4 1 16
20 6 165 1
20 7 68 1
20 10 231 16
20 11 102 1
20 15 1 9
20 16 1 26
20 17 93 2
20 18 1 21
20 19 134 1
20 21 35 28
20 24 10 19
21 0 48 1
21 4 3 28
21 8 88 4
21 11 1 5
21 12 1 8
21 20 41 25
22 2 14 7
22 8 2 7
22 9 1 15
22 11 30 1
22 16 26 15
22 18 1 9
23 6 1 29
23 7 69 3
23 10 18 5
23 14 6 2
23 24 6 3
23 25 20 1
23 26 1 20
23 27 1 14
24 0 45 1
24 1 1 11
24 3 69 1
24 5 38 1
24 8 44 1
24 9 3 9
24 11 314 1
24 15 1 28
24 16 56 1
24 17 1 1
25 0 1 18
25 1 17 2
25 2 13 5
25 10 127 2
25 11 44 1
25 17 13 1
25 26 10 1
25 27 38 24
26 4 8 10
26 7 122 21
26 11 27 29
26 13 8 14
26 18 2 2
26 24 1 14
26 25 10 27
26 27 93 1
27 0 13 6
27 7 6 12
27 8 2 27
27 10 1 20
27 11 13 2
27 12 9 24
27 15 7 6
27 20 51 5
27 23 3 3
27 26 8 10
