0 1 67 1
0 2 2 6
0 3 20 1
0 4 2 11
0 5 214 1
0 6 9 28
0 8 30 1
0 9 141 1
0 10 4 29
0 11 2 18
0 13 1 7
0 16 40 8
0 17 114 1
0 19 133 1
0 20 1 18
0 21 35 1
0 24 61 1
0 25 7 19
1 0 119 1
1 2 92 1
1 3 49 1
1 4 4 2
1 5 105 1
1 7 289 1
1 8 174 1
1 15 5 3
1 16 48 1
1 17 2 19
1 19 70 1
1 21 1 11
1 24 111 1
2 0 40 1
2 1 6 11
2 3 10 1
2 4 5 5
2 5 3 29
2 6 21 1
2 7 5 27
2 8 286 4
2 10 2 10
2 11 257 2
2 12 66 1
2 17 241 1
2 20 1 10
2 26 25 7
3 0 319 1
3 1 135 1
3 2 2 28
3 4 1 2
3 5 75 1
3 6 295 1
3 7 161 1
3 8 97 1
3 9 9 14
3 10 7 7
3 14 26 4
3 15 24 1
3 16 103 1
3 17 119 1
3 24 95 1
4 1 2 16
4 2 25 1
4 3 6 23
4 5 143 1
4 6 13 1
4 9 50 1
4 10 114 1
4 11 1 8
4 12 1 7
4 14 43 4
4 17 6 21
4 18 15 1
4 26 29 10
5 0 95 1
5 1 208 1
5 3 69 1
5 4 84 1
5 6 44 1
5 7 1 2
5 8 166 1
5 9 105 1
5 10 369 1
5 12 14 28
5 16 67 1
5 18 1 3
5 20 2 5
5 24 42 1
5 27 1 7
6 0 362 1
6 1 152 1
6 2 1 8
6 5 3 25
6 7 3 1
6 8 363 1
6 9 315 9
6 12 308 1
6 16 2 15
6 17 1 11
6 18 2 1
6 19 144 1
6 20 2 23
6 21 1 21
6 22 1 25
6 25 153 29
6 27 73 5
7 0 2 16
7 2 82 1
7 3 36 26
7 4 6 5
7 6 201 1
7 8 3 14
7 9 1 9
7 10 9 22
7 11 17 27
7 14 1 13
7 15 3 8
7 17 4 21
7 21 12 1
7 23 193 2
7 24 252 1
7 25 7 23
7 26 120 5
7 27 116 1
8 0 160 1
8 1 139 1
8 2 33 12
8 3 179 1
8 4 153 1
8 5 348 1
8 6 4 18
8 7 330 22
8 9 3 1
8 10 8 21
8 11 2 5
8 13 41 1
8 14 1 15
8 15 129 2
8 16 47 1
8 18 6 1
8 20 229 2
8 21 1 20
8 24 30 1
9 0 1 23
9 3 2 20
9 4 165 1
9 5 56 1
9 6 4 26
9 7 1 28
9 8 195 1
9 10 232 1
9 11 1 24
9 12 321 1
9 14 6 8
9 17 38 3
9 19 1 14
9 20 2 1
9 22 61 4
9 23 1 3
10 0 8 1
10 1 1 1
10 2 281 1
10 3 10 22
10 4 66 2
10 5 1 23
10 6 1 18
10 7 131 1
10 8 5 13
10 9 1 3
10 11 1 19
10 12 2 16
10 13 274 1
10 14 3 7
10 17 1 22
10 20 195 20
10 25 76 1
10 27 2 17
11 0 3 13
11 1 5 6
11 2 268 3
11 3 4 8
11 4 1 17
11 6 10 18
11 7 9 21
11 8 6 1
11 9 1 28
11 10 5 1
11 14 2 1
11 15 178 1
11 18 99 4
11 19 1 8
11 23 17 2
11 24 1 13
11 25 3 7
11 27 62 10
12 1 2 12
12 2 57 1
12 4 45 1
12 5 1 15
12 6 2 14
12 7 211 14
12 9 190 1
12 14 101 1
12 15 28 1
12 17 155 1
12 22 120 1
13 6 87 15
13 8 192 1
13 9 52 2
13 10 13 20
13 11 245 3
13 12 70 1
13 14 5 21
13 15 18 3
13 16 1 17
13 19 7 19
13 20 1 11
13 26 1 19
14 1 1 16
14 3 1 16
14 6 35 1
14 8 26 1
14 9 1 1
14 11 267 1
14 12 120 1
14 13 83 2
14 21 1 6
14 23 41 2
14 25 46 6
15 6 133 2
15 7 1 21
15 8 150 2
15 11 193 1
15 12 125 15
15 13 4 2
15 14 4 2
15 23 8 1
16 0 65 1
16 1 62 1
16 3 78 1
16 4 30 1
16 5 46 1
16 8 44 1
16 10 4 26
16 17 10 1
16 18 18 23
16 20 1 11
16 24 83 1
17 0 152 1
17 1 307 1
17 3 1 1
17 4 299 1
17 6 10 1
17 7 1 26
17 8 2 10
17 9 4 11
17 10 88 17
17 11 2 23
17 16 1 6
17 18 191 1
17 21 38 2
17 23 2 20
17 27 39 1
18 1 7 3
18 4 202 1
18 5 47 2
18 10 1 20
18 11 60 3
18 12 1 9
18 16 5 1
18 23 1 4
18 24 9 15
19 0 2 17
19 1 1 6
19 18 1 17
19 20 108 1
19 23 9 7
20 0 2 17
20 3 2 4
20 4 1 5
20 5 76 1
20 6 164 18
20 7 1 20
20 8 231 3
20 10 1 6
20 11 2 7
20 19 18 1
20 25 1 16
21 1 59 1
21 8 100 15
21 9 25 1
21 11 2 16
22 1 36 22
22 6 107 4
22 7 4 7
22 9 4 6
22 10 1 2
22 12 2 16
22 23 4 3
23 7 3 23
23 9 86 1
23 12 82 1
23 14 2 4
23 15 2 2
23 17 2 10
23 22 6 16
23 25 11 11
24 0 121 1
24 1 14 1
24 3 87 1
24 5 44 1
24 6 2 16
24 7 220 1
24 8 97 1
24 9 96 1
24 10 2 24
24 11 101 1
24 16 52 1
24 23 25 2
24 26 1 14
25 0 61 1
25 6 3 18
25 7 1 13
25 8 1 24
25 11 90 1
25 15 1 27
25 20 1 26
25 23 3 6
25 24 14 17
25 26 1 15
26 0 13 1
26 6 35 1
26 7 3 17
26 9 57 7
26 16 1 13
26 19 1 8
26 25 4 2
26 27 113 1
27 2 25 5
27 4 51 1
27 11 7 7
27 23 1 2
