0 1 59 5
0 2 1 10
0 3 1 11
0 4 43 1
0 5 1 1
0 6 133 1
0 7 1 10
0 8 366 1
0 9 16 5
0 10 114 2
0 11 73 1
0 14 90 1
0 15 12 9
0 16 32 3
0 17 1 6
0 18 1 15
0 19 76 1
0 20 106 1
0 21 5 26
0 23 1 8
0 24 4 1
0 25 1 15
1 0 120 1
1 2 2 16
1 3 27 3
1 4 10 15
1 5 11 1
1 6 162 1
1 7 4 2
1 8 1 1
1 9 6 1
1 10 370 27
1 12 22 13
1 14 96 1
1 16 54 1
1 17 37 1
1 18 20 12
1 19 1 7
1 20 1 22
1 21 1 18
1 24 7 1
1 27 1 22
2 0 116 8
2 1 22 1
2 3 3 14
2 4 5 28
2 5 8 1
2 6 121 1
2 7 2 1
2 8 2 25
2 10 55 1
2 11 14 24
2 18 1 5
2 21 1 3
3 0 107 1
3 2 19 1
3 4 116 2
3 5 35 1
3 6 1 2
3 7 1 3
3 8 303 1
3 10 55 1
3 11 5 20
3 16 37 1
3 19 6 1
3 20 162 29
3 24 28 1
3 25 39 3
3 26 1 9
4 1 192 1
4 2 3 21
4 3 148 1
4 5 5 11
4 6 51 1
4 7 68 1
4 8 153 23
4 9 352 1
4 10 6 7
4 11 158 2
4 12 235 1
4 14 1 27
4 15 1 5
4 17 60 1
4 18 200 1
5 0 11 15
5 1 26 27
5 2 24 2
5 3 12 1
5 4 13 13
5 6 5 9
5 9 188 1
5 10 1 3
5 11 3 29
5 12 1 3
5 16 15 1
5 18 1 1
5 21 28 3
5 24 40 1
6 0 1 25
6 1 186 1
6 3 251 1
6 5 94 1
6 7 147 1
6 9 61 1
6 10 33 23
6 11 180 1
6 12 1 18
6 13 48 4
6 15 1 16
6 18 12 3
6 19 9 7
6 20 1 16
7 0 198 1
7 1 1 17
7 2 318 1
7 3 306 1
7 4 118 2
7 5 2 18
7 6 4 2
7 8 48 15
7 9 166 1
7 10 280 1
7 11 104 1
7 12 155 1
7 13 2 14
7 14 196 1
7 15 11 3
7 16 8 2
7 18 1 3
7 19 29 3
7 20 163 2
7 24 2 28
7 25 53 1
8 0 17 6
8 1 36 1
8 2 329 14
8 5 171 1
8 6 5 8
8 7 313 3
8 9 2 12
8 10 263 1
8 11 5 12
8 13 3 14
8 14 7 1
8 15 1 10
8 16 2 1
8 17 28 2
8 18 14 3
8 19 73 1
8 23 146 2
8 24 1 1
8 25 208 2
8 27 11 1
9 1 56 3
9 2 1 1
9 4 199 1
9 5 46 3
9 6 3 15
9 7 31 1
9 8 148 1
9 10 7 7
9 11 91 1
9 12 258 1
9 14 93 2
9 17 30 23
9 23 78 8
9 25 32 8
9 26 1 13
10 0 267 1
10 2 261 25
10 4 8 1
10 5 1 25
10 6 3 13
10 8 400 1
10 9 118 26
10 11 63 1
10 12 77 1
10 13 2 9
10 14 32 12
10 15 1 6
10 17 195 1
10 20 162 1
10 21 49 1
10 23 2 19
10 25 11 20
11 0 63 5
11 1 181 1
11 3 2 27
11 4 206 1
11 5 169 1
11 6 338 1
11 7 77 1
11 8 343 1
11 9 143 1
11 10 163 1
11 12 203 1
11 14 2 29
11 15 5 23
11 16 97 4
11 17 2 23
11 19 114 1
11 20 6 21
11 21 63 1
11 22 80 1
11 24 11 5
11 25 223 1
11 27 159 1
12 1 84 1
12 5 109 1
12 6 202 1
12 7 124 2
12 9 43 1
12 11 6 6
12 13 1 9
12 15 35 2
12 20 110 1
12 23 45 1
13 7 1 13
13 8 1 20
13 9 1 25
13 10 4 13
13 11 1 11
13 12 126 11
13 14 2 23
13 23 7 22
13 26 1 15
14 1 130 1
14 5 1 8
14 6 1 20
14 7 3 10
14 8 209 1
14 10 159 1
14 11 20 1
14 12 1 5
14 13 11 6
14 15 83 1
14 17 5 29
14 21 1 22
14 25 1 4
15 0 42 6
15 7 1 15
15 8 1 24
15 9 6 8
15 10 85 1
15 11 4 12
15 14 85 1
15 18 27 20
15 20 1 5
15 23 3 1
15 24 1 21
16 0 6 1
16 1 67 1
16 2 1 2
16 3 6 1
16 4 13 18
16 5 8 1
16 7 35 25
16 8 27 1
16 9 18 1
16 13 30 24
16 15 1 24
16 17 167 1
16 18 16 27
16 21 1 18
16 24 19 1
17 0 1 7
17 1 32 1
17 5 128 3
17 6 13 5
17 7 4 8
17 8 307 1
17 12 1 3
17 16 4 6
17 21 8 7
18 1 1 19
18 2 1 29
18 3 95 26
18 4 5 20
18 5 1 27
18 6 42 2
18 7 116 3
18 10 1 20
18 16 18 1
18 17 2 12
18 19 1 3
19 0 24 2
19 3 33 1
19 18 1 29
19 20 24 1
19 23 3 19
20 0 20 2
20 2 1 15
20 3 8 19
20 6 162 1
20 9 130 1
20 11 99 1
20 15 1 3
20 19 110 1
20 22 2 19
21 4 4 17
21 8 88 1
21 11 1 3
21 12 1 21
21 15 11 15
21 18 3 29
21 24 3 22
21 27 2 14
22 7 27 14
22 8 14 5
22 9 9 22
22 10 97 3
22 11 28 1
22 20 1 13
22 23 1 9
23 11 2 11
23 19 6 1
23 22 15 2
24 0 8 1
24 1 6 1
24 2 1 7
24 3 16 1
24 5 17 1
24 7 8 25
24 8 24 1
24 11 301 1
24 15 12 2
24 16 3 1
24 18 1 25
25 5 18 5
25 6 100 1
25 8 19 1
25 10 122 2
25 11 25 1
25 26 9 4
25 27 2 29
26 3 2 18
26 23 2 14
26 25 1 14
27 8 16 13
27 9 34 2
27 10 3 4
27 11 11 1
27 17 1 2
