0 1 365 1
0 2 37 10
0 3 1 9
0 5 29 1
0 6 39 1
0 7 1 13
0 8 94 1
0 9 2 10
0 10 63 2
0 11 22 1
0 16 37 1
0 19 26 1
0 24 48 1
0 25 2 6
0 26 3 3
0 27 44 26
1 0 27 1
1 2 256 1
1 3 49 1
1 4 7 10
1 5 59 1
1 6 175 1
1 7 1 20
1 8 54 1
1 9 21 3
1 11 10 12
1 15 7 22
1 16 59 1
1 17 3 27
1 18 1 18
1 20 1 29
1 21 1 24
1 24 91 3
1 25 2 27
2 0 41 1
2 1 37 15
2 3 46 1
2 4 2 29
2 6 10 1
2 7 3 7
2 8 5 10
2 11 3 29
2 12 1 21
2 17 2 7
3 0 67 1
3 1 70 1
3 4 55 2
3 5 44 1
3 6 1 28
3 7 4 7
3 8 63 4
3 9 34 1
3 10 18 1
3 11 2 6
3 12 4 5
3 16 93 1
3 17 1 11
3 18 91 10
3 20 140 1
3 24 34 1
3 25 24 6
4 0 2 7
4 1 264 1
4 2 211 1
4 3 83 1
4 5 48 15
4 6 66 1
4 7 22 3
4 8 69 1
4 9 157 1
4 10 2 11
4 11 113 1
4 12 186 1
4 14 1 20
4 17 11 1
4 18 44 1
4 20 1 12
4 21 87 14
4 22 2 22
4 24 8 29
5 0 113 1
5 1 212 1
5 3 76 1
5 4 2 21
5 6 33 17
5 7 147 1
5 8 48 1
5 9 6 13
5 10 192 5
5 16 114 1
5 17 1 1
5 18 80 1
5 19 16 3
5 24 37 5
6 0 1 18
6 2 2 22
6 3 156 1
6 4 2 18
6 5 23 2
6 7 95 1
6 8 316 20
6 9 99 1
6 10 2 15
6 11 367 1
6 12 1 8
6 14 166 1
6 17 50 1
6 18 198 2
7 0 74 1
7 1 1 14
7 2 153 1
7 3 121 1
7 5 5 28
7 6 1 29
7 8 42 9
7 9 90 2
7 10 115 1
7 11 26 19
7 12 121 1
7 14 119 1
7 15 46 15
7 16 2 3
7 17 151 1
7 18 2 15
7 19 10 1
7 23 4 24
7 24 123 14
7 27 1 10
8 0 38 1
8 1 50 1
8 2 275 1
8 3 163 1
8 4 188 1
8 5 88 1
8 6 248 1
8 7 270 1
8 9 1 26
8 10 1 23
8 11 35 29
8 13 1 6
8 15 2 3
8 16 37 1
8 17 3 1
8 18 178 1
8 23 140 1
8 24 48 1
8 25 184 1
8 26 6 12
8 27 2 1
9 1 24 1
9 2 163 4
9 3 29 1
9 4 129 1
9 5 66 1
9 6 43 9
9 8 144 1
9 10 154 20
9 12 202 1
9 15 103 3
9 17 2 22
9 18 80 1
9 19 25 8
9 21 81 5
9 22 2 24
9 23 72 3
9 25 27 1
9 26 1 5
9 27 68 1
10 0 223 1
10 1 5 20
10 2 14 18
10 4 3 29
10 5 125 29
10 6 2 27
10 7 113 1
10 8 261 1
10 9 8 6
10 11 2 15
10 12 15 1
10 14 411 17
10 15 5 3
10 19 1 8
10 20 130 1
10 23 6 25
10 25 13 14
11 0 44 1
11 1 125 1
11 2 3 23
11 3 1 15
11 4 162 2
11 5 116 1
11 6 230 1
11 7 248 1
11 8 53 1
11 10 2 3
11 12 183 2
11 13 196 1
11 15 12 27
11 16 84 3
11 23 251 1
11 24 2 29
11 25 233 1
11 27 90 1
12 1 48 3
12 2 1 12
12 4 2 24
12 5 74 1
12 6 116 1
12 7 89 3
12 9 103 1
12 10 1 1
12 11 17 10
12 15 1 14
12 16 8 6
12 17 25 1
12 21 1 29
12 22 1 9
12 23 27 1
12 24 29 1
13 4 1 11
13 5 3 4
13 10 3 1
13 11 1 13
13 12 82 1
13 14 1 22
13 16 19 20
13 17 27 10
13 22 4 2
14 0 1 28
14 2 3 12
14 5 5 20
14 7 27 6
14 8 167 1
14 9 1 2
14 10 34 1
14 11 76 18
14 12 4 22
14 13 3 20
14 20 21 1
14 25 1 13
14 27 1 6
15 0 24 1
15 1 14 3
15 3 4 15
15 7 8 2
15 8 36 5
15 10 49 1
15 11 399 15
15 18 22 18
15 26 2 22
16 0 75 1
16 1 149 1
16 2 2 28
16 3 56 1
16 4 5 29
16 6 2 21
16 7 1 5
16 8 93 1
16 11 4 21
16 13 29 3
16 17 75 1
16 18 4 25
16 22 1 1
16 24 59 1
17 0 14 4
17 1 263 1
17 2 3 2
17 4 3 22
17 5 51 1
17 10 236 26
17 11 132 1
17 13 47 1
17 16 4 25
17 18 1 18
17 22 1 22
17 23 5 22
18 1 5 23
18 4 5 24
18 6 11 4
18 7 92 3
18 8 98 15
18 10 1 13
18 11 2 1
18 12 85 1
19 0 1 8
19 2 1 25
19 3 11 1
19 5 23 1
19 6 71 1
19 9 1 20
19 10 98 1
19 18 2 14
19 20 9 1
19 23 2 22
20 1 2 24
20 3 18 22
20 4 6 28
20 6 129 1
20 7 21 4
20 9 114 5
20 11 60 2
20 15 1 15
20 16 4 28
20 18 1 16
20 19 4 16
20 21 32 10
21 0 43 2
21 1 7 4
21 7 5 16
21 10 47 5
21 11 2 13
21 23 1 25
22 0 4 1
22 7 1 28
22 12 94 1
22 14 9 7
23 1 14 7
23 2 14 1
23 3 2 1
23 4 2 17
23 11 243 3
23 22 2 1
23 26 1 8
24 0 79 1
24 1 32 1
24 3 10 2
24 5 57 1
24 6 38 2
24 7 1 11
24 8 12 1
24 11 120 1
24 16 29 1
24 22 15 10
24 27 19 15
25 0 2 2
25 7 1 8
25 9 95 1
25 11 3 9
25 15 2 7
25 24 21 7
25 27 39 1
26 3 4 5
26 4 1 19
26 11 41 14
26 16 1 8
26 21 19 4
26 27 20 1
27 7 65 28
27 10 29 25
27 14 24 5
27 15 2 6
27 17 1 2
27 25 16 15
27 26 6 11
