0 1 6 14
0 2 71 22
0 3 2 12
0 5 1 27
0 6 32 2
0 7 3 12
0 9 6 13
0 10 59 1
0 11 18 1
0 14 75 6
0 18 3 3
0 19 4 1
0 20 23 2
0 21 2 27
0 23 1 4
0 24 23 2
0 25 20 28
1 2 198 1
1 3 2 14
1 4 16 5
1 5 1 26
1 6 133 1
1 7 95 3
1 8 13 3
1 9 11 26
1 10 408 1
1 11 1 28
1 13 1 9
1 15 79 3
1 16 1 4
1 17 7 8
1 18 1 15
1 19 29 7
1 24 1 9
2 0 30 10
2 1 5 17
2 3 18 1
2 4 57 2
2 6 5 2
2 7 26 16
2 8 71 2
2 11 1 11
2 12 1 11
2 17 3 28
2 25 4 1
3 1 15 29
3 2 1 28
3 5 1 15
3 6 8 1
3 7 11 18
3 11 2 29
3 13 35 7
3 14 11 17
3 16 1 1
3 18 91 2
3 21 1 16
3 23 1 16
3 24 1 17
4 0 4 21
4 1 222 17
4 2 202 1
4 3 77 1
4 5 64 23
4 6 313 1
4 7 19 1
4 8 202 1
4 9 140 1
4 10 1 3
4 11 108 1
4 13 37 2
4 14 23 12
4 17 8 1
4 18 34 1
4 20 5 26
4 22 34 22
4 23 44 4
4 25 10 9
5 0 1 9
5 1 1 15
5 3 50 8
5 4 12 6
5 6 20 25
5 7 137 1
5 8 41 2
5 9 20 8
5 10 116 3
5 11 226 23
5 12 1 5
5 24 1 1
6 0 8 2
6 2 3 10
6 3 146 1
6 4 2 16
6 5 16 3
6 7 5 1
6 8 69 1
6 9 56 1
6 10 412 25
6 12 5 19
6 13 22 1
6 14 163 1
6 15 1 8
6 17 44 2
6 18 194 1
6 24 1 6
7 0 64 1
7 1 1 4
7 2 138 1
7 3 93 1
7 5 2 17
7 6 72 12
7 8 289 15
7 9 83 2
7 10 102 1
7 11 50 15
7 13 2 12
7 14 111 1
7 15 2 1
7 17 146 1
7 18 3 11
7 20 95 1
7 21 4 26
7 23 1 24
7 24 9 24
7 27 5 6
8 0 2 27
8 1 1 17
8 2 94 1
8 3 2 16
8 4 178 1
8 5 5 12
8 6 94 1
8 7 217 1
8 9 29 20
8 10 4 7
8 11 2 9
8 15 92 28
8 16 6 5
8 17 1 12
8 20 10 1
8 21 64 1
8 24 1 12
8 25 180 2
9 1 16 1
9 4 164 1
9 5 32 1
9 6 38 1
9 7 1 1
9 8 121 1
9 10 11 13
9 11 20 1
9 12 182 1
9 13 58 1
9 14 31 1
9 17 5 8
9 18 76 2
9 19 24 6
9 20 137 1
9 21 81 1
9 26 2 7
9 27 67 2
10 0 218 2
10 1 10 12
10 3 2 25
10 5 1 7
10 6 1 1
10 7 395 1
10 8 287 1
10 9 1 2
10 11 2 24
10 12 12 1
10 14 121 1
10 15 158 16
10 16 26 3
10 17 152 1
10 18 2 4
10 19 1 7
10 21 33 6
10 23 1 21
10 25 88 16
11 0 266 1
11 1 118 2
11 2 14 4
11 3 10 13
11 5 110 1
11 6 218 1
11 7 19 14
11 8 239 1
11 9 53 1
11 12 179 1
11 13 190 1
11 15 2 27
11 16 83 3
11 19 92 2
11 21 47 5
11 24 4 17
11 25 202 1
11 26 2 21
11 27 84 1
12 1 45 2
12 4 61 14
12 5 20 2
12 6 108 1
12 9 86 1
12 11 18 16
12 13 102 1
12 14 6 7
12 19 23 29
12 21 45 2
12 25 1 3
12 26 58 6
13 0 7 2
13 1 1 19
13 6 63 3
13 7 4 3
13 8 10 19
13 10 1 1
13 11 10 29
13 12 1 6
13 14 27 27
13 17 27 2
13 25 1 19
14 0 1 17
14 1 107 2
14 4 20 17
14 6 41 20
14 8 157 1
14 9 1 4
14 10 19 1
14 11 227 1
14 12 5 17
14 13 25 1
14 17 46 27
14 22 1 2
14 23 9 9
14 25 3 21
15 2 1 20
15 4 33 20
15 7 3 2
15 8 7 12
15 10 41 1
15 11 88 11
15 17 9 8
15 20 2 14
15 22 1 19
15 24 2 14
16 0 1 7
16 1 5 20
16 3 1 21
16 4 1 22
16 5 1 25
16 8 85 16
16 11 3 10
16 17 62 1
16 18 132 21
16 20 90 1
16 21 24 12
16 23 17 1
16 24 1 27
16 25 12 1
17 0 3 29
17 1 236 1
17 2 1 5
17 4 4 22
17 7 2 23
17 12 1 11
17 14 13 5
17 16 1 12
17 19 2 7
17 20 49 1
17 23 1 9
17 24 17 16
18 1 1 11
18 3 93 19
18 4 253 1
18 9 1 14
18 11 1 16
18 12 84 2
18 16 1 2
18 19 2 24
18 20 1 20
19 0 1 26
19 1 1 9
19 4 20 4
19 6 68 3
19 8 123 4
19 11 8 1
19 20 64 5
19 24 1 22
20 1 7 15
20 3 5 4
20 4 1 20
20 7 18 1
20 8 1 14
20 11 57 1
20 17 63 4
20 19 1 17
20 21 32 3
20 22 1 4
21 3 1 11
21 8 77 2
21 17 56 12
22 2 12 8
22 7 1 24
22 8 1 24
22 9 8 8
22 12 90 1
22 17 2 27
22 20 1 23
22 24 22 2
23 6 2 10
23 10 1 2
23 11 24 1
23 18 1 8
23 20 55 1
24 0 1 29
24 1 1 26
24 2 1 15
24 3 1 7
24 4 37 3
24 5 1 26
24 6 36 2
24 7 1 17
24 11 104 1
24 16 1 17
24 19 13 1
24 20 13 4
24 22 15 2
25 0 7 5
25 1 4 1
25 6 18 2
25 7 14 9
25 9 93 3
25 10 56 2
25 11 3 23
25 15 1 6
25 18 1 29
25 27 35 1
26 3 5 17
26 7 3 5
26 9 7 1
26 10 98 1
26 11 1 15
26 20 29 13
26 22 11 2
26 25 1 14
27 8 5 13
27 10 6 7
27 12 2 12
27 25 16 5
27 26 1 22
