0 1 301 2
0 2 2 10
0 3 60 11
0 5 14 13
0 6 11 3
0 7 8 2
0 8 366 10
0 11 7 1
0 15 8 25
0 16 13 2
0 19 3 3
0 21 2 8
0 24 29 1
0 27 3 3
1 0 16 10
1 2 60 1
1 3 61 14
1 4 5 16
1 5 29 9
1 6 95 1
1 7 3 22
1 8 16 29
1 9 3 7
1 10 393 1
1 12 5 4
1 14 1 25
1 15 1 5
1 16 30 28
1 17 10 12
1 19 4 27
1 20 11 24
1 23 1 14
1 24 31 4
1 25 1 6
2 0 14 2
2 1 11 8
2 3 3 17
2 4 11 26
2 6 1 9
2 7 7 23
2 8 274 23
2 8 231 29
2 10 1 17
2 12 1 25
2 17 1 19
2 20 133 1
2 23 2 1
3 0 35 16
3 1 67 18
3 2 42 21
3 4 31 1
3 5 90 24
3 6 41 16
3 7 3 27
3 8 12 28
3 9 21 3
3 10 8 2
3 11 9 3
3 14 2 18
3 15 3 6
3 16 13 4
3 17 1 27
3 20 103 1
3 24 98 2
3 25 18 1
3 26 1 6
4 0 1 9
4 1 172 1
4 2 165 1
4 3 54 1
4 5 11 14
4 6 221 1
4 8 41 1
4 9 75 1
4 10 1 9
4 11 91 1
4 12 158 2
4 13 31 3
4 14 1 5
4 17 1 2
4 22 2 24
5 0 111 5
5 1 33 10
5 3 13 29
5 4 2 17
5 6 253 26
5 7 99 1
5 8 40 28
5 9 37 21
5 10 189 1
5 11 9 29
5 12 1 17
5 13 20 5
5 16 61 17
5 19 13 4
5 24 47 10
6 0 1 22
6 1 1 5
6 2 1 3
6 3 106 1
6 4 3 8
6 5 106 24
6 7 41 1
6 8 433 12
6 9 59 1
6 10 388 1
6 11 320 1
6 12 17 27
6 15 1 7
6 16 1 1
6 18 176 1
6 20 4 1
6 21 62 1
7 0 31 1
7 1 3 25
7 2 79 1
7 3 14 1
7 4 34 2
7 5 1 11
7 6 212 1
7 9 58 1
7 10 53 1
7 11 39 12
7 14 81 1
7 15 293 8
7 17 127 1
7 20 72 1
7 25 1 3
7 27 2 21
8 0 15 17
8 1 15 26
8 2 142 1
8 3 15 1
8 4 294 1
8 5 188 14
8 6 6 29
8 7 272 1
8 10 7 11
8 11 6 15
8 12 8 19
8 13 1 20
8 14 1 1
8 16 30 6
8 19 35 3
8 24 14 28
8 25 165 1
8 26 4 3
9 0 235 5
9 1 262 1
9 2 149 2
9 3 17 3
9 4 136 1
9 5 2 28
9 6 204 1
9 8 167 1
9 10 23 24
9 12 118 1
9 14 15 1
9 17 2 10
9 18 62 1
9 20 131 5
9 22 1 29
9 23 66 2
9 24 55 5
9 27 63 1
10 0 197 1
10 1 1 27
10 2 25 24
10 3 7 6
10 5 6 23
10 6 199 1
10 7 95 1
10 8 79 1
10 9 258 1
10 11 25 14
10 12 2 1
10 14 9 1
10 15 9 11
10 20 113 1
10 22 1 14
10 23 1 6
10 25 7 22
10 27 20 13
11 0 285 2
11 1 92 1
11 2 1 25
11 3 2 26
11 4 140 1
11 6 173 1
11 7 5 1
11 8 193 1
11 9 29 1
11 10 1 12
11 13 164 1
11 15 224 3
11 20 2 1
11 21 42 4
11 22 27 1
11 23 217 1
11 24 3 11
11 25 80 1
11 27 59 1
12 1 33 1
12 5 6 1
12 9 29 1
12 10 342 1
12 13 5 10
12 14 2 19
12 15 2 29
12 17 18 3
12 19 1 22
12 20 97 9
12 21 11 21
12 24 24 5
13 2 7 1
13 6 52 1
13 7 3 1
13 8 2 2
13 9 20 11
13 10 1 1
13 11 1 20
13 12 44 1
13 14 22 6
13 16 1 6
13 25 3 16
14 0 32 29
14 1 97 1
14 5 2 14
14 7 22 1
14 8 146 1
14 9 11 11
14 11 204 1
14 13 3 1
14 15 2 17
14 22 13 2
15 2 1 13
15 3 2 28
15 7 49 2
15 8 3 15
15 10 14 1
15 11 304 1
15 14 5 3
15 18 20 8
15 23 1 11
15 24 1 4
16 0 55 28
16 1 41 28
16 3 32 10
16 5 124 29
16 7 2 25
16 8 147 15
16 10 1 22
16 11 1 9
16 12 2 17
16 13 28 1
16 17 23 1
16 21 1 25
16 23 16 1
16 24 14 7
17 0 2 17
17 1 135 1
17 2 46 16
17 3 69 2
17 4 3 8
17 8 226 1
17 9 147 4
17 11 116 1
17 16 214 21
17 18 1 12
17 25 91 2
18 1 2 5
18 4 18 1
18 5 1 4
18 9 1 4
18 10 3 2
18 19 5 27
18 20 58 10
18 23 35 26
19 1 2 7
19 2 1 23
19 6 58 2
19 8 114 1
19 10 89 4
19 14 8 22
19 15 12 17
19 20 1 23
20 0 1 4
20 1 7 13
20 3 1 12
20 6 112 1
20 9 106 2
20 10 223 2
20 11 43 1
20 14 13 1
20 18 5 26
20 19 3 3
20 25 80 1
20 27 10 10
21 4 1 16
21 8 73 1
21 11 1 24
21 19 6 15
21 25 1 26
21 27 13 6
22 2 11 4
22 6 4 1
22 8 9 25
22 9 17 27
22 10 71 1
22 12 77 1
22 14 4 6
22 17 2 1
22 21 11 1
23 6 1 17
23 11 11 1
23 18 3 8
23 20 52 1
24 0 38 11
24 1 51 1
24 2 1 27
24 3 14 7
24 5 14 9
24 6 29 2
24 7 125 7
24 8 52 14
24 10 203 4
24 11 49 1
24 16 14 19
24 20 10 4
24 23 27 1
24 26 5 1
25 6 12 1
25 7 40 6
25 11 42 20
26 4 1 4
26 7 1 19
26 16 19 12
26 18 19 3
26 24 3 6
26 25 1 1
27 8 2 10
27 10 59 11
27 15 1 1
27 21 8 26
27 25 8 8
27 26 3 7
