0 1 4 29
0 2 5 19
0 3 10 27
0 4 235 19
0 5 8 16
0 6 7 28
0 8 12 11
0 9 133 1
0 10 1 7
0 12 1 7
0 13 1 18
0 14 1 4
0 15 42 1
0 16 9 15
0 17 100 1
0 18 43 1
0 19 107 1
0 20 2 8
0 23 16 2
0 24 9 18
1 0 8 9
1 2 154 1
1 3 11 27
1 4 2 24
1 5 11 1
1 6 419 2
1 7 269 1
1 8 11 15
1 11 196 1
1 12 70 3
1 15 3 5
1 16 9 25
1 17 3 21
1 18 23 1
1 19 61 1
1 21 1 17
1 24 9 19
1 25 81 1
1 27 2 18
2 0 27 1
2 1 110 14
2 3 1 23
2 5 24 9
2 6 10 1
2 7 4 19
2 8 150 1
2 10 5 11
2 11 248 2
2 13 25 19
2 23 1 7
2 24 36 1
2 25 1 2
3 0 13 15
3 1 11 11
3 2 13 29
3 4 1 13
3 5 36 20
3 7 108 1
3 8 8 26
3 10 14 25
3 12 100 5
3 13 5 13
3 15 21 4
3 16 9 29
3 17 110 1
3 18 25 9
3 19 1 16
3 24 9 7
4 1 2 12
4 2 17 1
4 3 1 28
4 5 93 1
4 6 172 1
4 9 32 1
4 10 100 1
4 11 6 10
4 12 2 1
4 14 40 1
4 17 2 29
4 18 6 2
4 19 1 14
5 0 10 10
5 1 9 13
5 3 9 13
5 4 45 1
5 6 263 1
5 7 1 24
5 8 4 1
5 9 23 1
5 10 349 1
5 12 2 3
5 14 33 1
5 16 9 23
5 24 16 3
6 0 347 2
6 1 246 1
6 2 2 25
6 4 4 6
6 5 310 1
6 8 176 2
6 9 22 2
6 10 318 28
6 12 299 2
6 17 8 29
6 18 6 3
6 21 1 8
6 22 21 25
6 25 1 5
6 26 30 10
7 0 6 17
7 2 61 1
7 3 1 15
7 4 9 20
7 6 179 1
7 8 19 11
7 10 1 24
7 11 16 5
7 12 2 29
7 13 4 1
7 14 1 23
7 15 1 12
7 20 17 22
7 21 11 2
7 23 188 2
7 24 242 1
7 25 10 16
7 27 110 1
8 0 8 18
8 1 13 9
8 2 12 8
8 3 293 25
8 4 127 1
8 5 12 25
8 6 13 11
8 7 135 17
8 9 1 20
8 10 21 9
8 11 1 1
8 12 261 1
8 13 35 1
8 14 1 15
8 15 120 1
8 16 10 1
8 18 3 18
8 24 10 26
8 26 94 1
8 27 132 1
9 4 135 1
9 5 28 1
9 6 4 25
9 7 9 14
9 8 159 1
9 10 153 1
9 11 1 5
9 12 283 1
9 13 1 17
9 14 3 11
9 16 1 3
9 18 1 23
9 20 3 21
9 21 1 20
9 24 4 11
9 25 1 11
10 0 1 27
10 2 262 1
10 3 1 15
10 4 55 1
10 5 1 12
10 6 14 24
10 7 107 1
10 8 16 14
10 9 4 29
10 11 1 24
10 12 6 23
10 13 259 1
10 14 7 27
10 15 1 12
10 16 134 7
10 18 176 1
10 22 2 21
10 23 67 1
10 24 219 3
10 25 66 1
10 27 2 13
11 2 261 1
11 3 5 5
11 4 4 8
11 6 1 21
11 7 177 1
11 8 1 2
11 12 1 9
11 14 409 1
11 15 123 1
11 17 7 22
11 18 97 1
11 19 5 5
11 21 118 15
11 22 145 25
11 24 2 5
11 25 2 19
11 26 2 9
12 0 130 3
12 1 5 1
12 4 38 1
12 5 2 28
12 6 3 25
12 8 294 3
12 9 154 1
12 10 17 1
12 13 6 12
12 14 92 1
12 16 1 17
12 18 106 2
12 22 116 1
12 23 97 1
12 24 86 2
12 25 17 9
13 2 1 2
13 3 16 11
13 5 6 1
13 6 88 22
13 8 186 2
13 9 48 1
13 10 30 23
13 12 55 1
13 16 1 17
13 17 81 2
14 1 4 19
14 3 2 16
14 5 36 5
14 6 28 3
14 8 17 2
14 9 2 28
14 10 32 1
14 11 239 1
14 12 112 2
14 13 73 1
14 22 1 21
14 27 18 1
15 0 1 22
15 4 2 7
15 6 129 1
15 7 4 18
15 8 141 2
15 10 4 22
15 11 118 1
15 12 125 8
15 17 82 5
15 24 16 7
16 0 9 6
16 1 8 15
16 3 14 13
16 4 24 2
16 5 9 2
16 8 13 15
16 10 1 10
16 13 32 6
16 18 1 10
16 21 8 5
16 24 9 5
17 0 136 1
17 1 260 1
17 2 237 1
17 3 2 4
17 4 287 1
17 6 6 1
17 7 1 24
17 8 1 28
17 10 90 2
17 12 2 19
17 16 413 4
17 21 37 3
17 22 1 22
17 25 53 8
17 27 38 1
18 1 4 3
18 4 197 1
18 5 42 1
18 6 2 20
18 7 2 4
18 11 57 1
18 12 1 27
18 16 1 2
18 25 2 24
18 26 33 3
19 0 4 25
19 1 187 4
19 3 4 14
19 4 136 18
19 6 2 24
19 7 177 7
19 18 1 13
19 20 48 1
20 0 266 28
20 4 8 5
20 5 73 2
20 6 2 24
20 7 1 4
20 8 224 1
20 9 1 23
20 10 8 8
20 12 2 14
20 19 1 27
20 22 2 1
20 24 1 1
21 6 57 5
21 7 1 9
21 9 23 4
21 11 3 29
21 13 13 5
21 15 1 1
21 24 2 15
22 10 1 23
22 12 1 2
22 27 13 3
23 7 4 13
23 9 85 2
23 12 80 1
23 17 1 3
23 19 9 8
23 20 2 29
23 22 5 23
23 24 1 12
24 0 12 10
24 1 8 20
24 3 9 25
24 5 13 20
24 8 9 21
24 9 93 4
24 11 77 1
24 15 26 2
24 16 15 6
24 23 21 1
25 0 57 5
25 7 1 24
25 9 1 26
25 10 1 23
25 11 355 1
25 12 1 26
25 16 23 2
25 20 78 29
25 24 14 16
25 27 80 3
26 7 3 21
26 8 3 19
26 11 35 2
26 18 5 22
26 27 102 2
27 5 23 22
27 6 2 11
27 10 1 18
27 11 3 20
27 17 27 16
27 26 2 6
