0 1 64 1
0 2 25 5
0 3 250 1
0 5 79 1
0 6 5 3
0 7 1 4
0 8 13 1
0 10 35 3
0 11 3 3
0 16 54 29
0 17 1 15
0 18 1 29
0 24 36 1
0 26 42 29
0 27 1 26
1 0 57 1
1 2 59 1
1 3 62 17
1 4 136 28
1 5 57 26
1 6 43 1
1 7 13 29
1 8 174 1
1 9 2 21
1 10 384 1
1 11 1 6
1 12 1 11
1 15 1 12
1 16 23 1
1 17 2 16
1 21 8 15
1 22 63 2
1 24 122 1
1 25 2 15
1 26 13 16
1 27 16 7
2 1 14 10
2 3 8 26
2 4 59 29
2 5 2 19
2 6 1 14
2 7 3 23
2 8 3 3
2 9 2 4
2 10 2 12
2 11 22 24
2 14 1 17
2 17 2 18
2 18 7 17
2 21 18 25
2 25 1 8
3 0 42 1
3 1 156 28
3 2 33 6
3 4 23 1
3 5 8 6
3 7 3 19
3 8 101 23
3 9 17 2
3 11 1 28
3 14 2 16
3 16 33 19
3 17 1 26
3 18 86 1
3 20 89 1
3 24 21 25
4 0 1 15
4 1 145 1
4 2 148 1
4 3 45 2
4 5 2 29
4 6 205 1
4 8 137 1
4 9 52 1
4 10 1 5
4 11 83 1
4 12 148 2
4 13 29 1
4 14 18 17
4 15 1 5
4 20 1 1
4 23 39 5
4 24 10 10
4 27 1 24
5 0 57 1
5 1 41 8
5 3 34 1
5 4 1 1
5 6 1 22
5 8 97 28
5 9 13 15
5 10 175 1
5 11 224 3
5 12 16 24
5 14 9 15
5 16 50 1
5 21 23 8
5 24 67 24
5 25 40 5
6 0 273 25
6 1 20 11
6 2 1 19
6 4 23 10
6 5 9 24
6 7 22 1
6 8 334 1
6 9 180 1
6 10 355 1
6 11 301 1
6 12 3 23
6 15 1 4
6 16 2 27
6 17 17 2
6 22 110 1
6 24 17 26
6 25 2 1
6 26 1 4
7 1 1 26
7 2 57 1
7 4 27 2
7 5 17 17
7 8 23 1
7 10 37 1
7 11 51 18
7 14 69 1
7 17 119 1
7 20 63 1
7 23 1 14
7 24 14 24
7 25 1 19
7 27 1 23
8 0 87 1
8 1 24 29
8 2 80 1
8 3 10 6
8 4 145 1
8 5 66 1
8 6 13 18
8 7 179 1
8 10 28 12
8 11 11 12
8 12 19 12
8 13 202 25
8 14 2 18
8 15 2 11
8 16 64 1
8 18 151 1
8 19 31 1
8 20 3 20
8 24 12 23
8 25 157 1
8 26 3 1
9 0 232 1
9 1 245 1
9 2 143 1
9 4 55 1
9 5 5 11
9 6 167 1
9 8 5 15
9 10 5 14
9 11 2 2
9 12 85 1
9 16 9 5
9 18 56 1
9 19 18 3
9 20 129 1
9 21 74 3
9 23 64 2
9 24 52 1
9 27 61 2
10 1 1 13
10 3 24 4
10 4 165 3
10 5 6 29
10 6 297 1
10 7 91 1
10 8 94 1
10 9 246 1
10 11 12 16
10 13 2 1
10 14 397 1
10 15 1 13
10 23 64 6
10 24 3 12
10 25 1 24
11 0 274 1
11 1 81 2
11 2 8 18
11 3 9 9
11 4 132 1
11 6 153 1
11 7 2 16
11 8 9 1
11 10 1 28
11 13 152 1
11 14 160 1
11 15 408 1
11 20 1 7
11 21 40 1
11 22 23 1
11 23 203 1
11 24 1 2
11 25 42 1
11 27 49 2
12 1 28 4
12 2 3 23
12 6 65 1
12 9 13 2
12 10 9 1
12 11 3 15
12 13 9 6
12 17 16 1
12 19 25 28
12 21 66 27
12 22 36 16
12 26 1 18
13 2 6 3
13 7 192 3
13 8 1 1
13 9 1 23
13 10 1 2
13 11 12 4
13 22 1 7
14 1 93 1
14 4 8 7
14 7 233 1
14 8 133 1
14 9 3 6
14 10 2 22
14 11 189 1
14 13 41 1
14 15 3 2
14 22 1 18
14 25 1 8
15 3 4 16
15 6 3 8
15 7 3 12
15 8 1 6
15 9 2 20
15 11 242 1
15 14 8 14
15 23 2 8
15 26 1 2
16 0 120 22
16 1 55 1
16 3 13 1
16 4 1 10
16 5 117 25
16 6 1 8
16 8 136 19
16 11 1 12
16 15 1 15
16 17 11 1
16 18 63 28
16 24 140 23
16 25 1 25
17 0 1 18
17 1 97 1
17 3 61 1
17 4 1 23
17 5 110 1
17 7 14 8
17 8 214 2
17 11 110 1
17 12 1 23
17 13 40 8
17 16 5 2
17 19 1 23
17 20 36 5
17 23 2 17
17 25 91 1
18 1 5 22
18 4 131 1
18 5 1 17
18 9 2 10
18 10 3 8
18 11 1 25
18 12 73 1
18 14 2 15
18 16 1 29
18 17 27 28
18 20 4 6
18 27 1 29
19 0 326 2
19 1 1 26
19 2 1 17
19 5 18 17
19 6 53 4
19 9 1 17
19 10 86 2
19 11 3 5
19 13 4 12
20 1 1 18
20 3 4 7
20 5 1 5
20 6 106 1
20 8 2 15
20 9 103 1
20 16 1 20
20 18 2 28
20 19 16 26
20 22 1 28
21 7 4 12
21 8 71 1
21 9 1 7
21 14 1 1
21 17 5 9
21 18 8 25
21 23 2 8
21 26 17 22
22 4 1 1
22 8 31 26
22 12 71 1
22 20 1 1
22 23 2 3
22 26 2 24
23 4 1 23
23 7 10 2
23 11 4 1
23 15 25 2
23 17 70 1
23 19 4 10
23 27 1 8
24 0 5 18
24 1 11 1
24 3 49 21
24 5 2 24
24 6 26 1
24 7 127 2
24 8 41 1
24 10 199 3
24 11 30 1
24 16 58 2
24 19 11 17
24 23 22 1
24 26 3 10
24 27 1 26
25 7 79 21
25 9 82 3
25 10 29 1
25 11 3 23
25 20 63 1
25 23 1 6
26 4 42 25
26 6 1 17
26 7 1 29
26 8 103 10
26 11 1 5
26 13 5 12
26 18 1 14
26 22 1 14
26 23 12 13
27 6 73 2
27 8 3 18
27 9 17 9
