0 1 318 1
0 2 1 18
0 3 276 1
0 4 1 3
0 5 16 7
0 7 1 27
0 8 253 1
0 9 1 26
0 10 28 1
0 11 1 1
0 13 69 11
0 15 1 8
0 16 129 1
0 17 61 23
0 23 1 24
0 24 123 1
0 27 9 15
1 0 92 1
1 2 6 1
1 3 16 10
1 4 92 25
1 5 127 1
1 6 7 1
1 8 296 3
1 9 2 2
1 10 371 1
1 11 2 17
1 12 1 13
1 13 1 15
1 16 402 1
1 17 2 22
1 20 11 14
1 24 87 1
1 25 1 15
1 26 12 2
2 0 5 2
2 1 2 27
2 3 18 27
2 4 13 15
2 5 1 2
2 6 3 2
2 7 4 8
2 9 5 26
2 10 5 25
2 11 2 13
2 17 1 17
2 18 2 25
2 19 1 4
2 20 114 2
2 22 16 2
3 0 17 22
3 1 30 1
3 2 18 25
3 5 155 1
3 6 2 13
3 7 17 27
3 8 79 1
3 11 3 2
3 14 13 14
3 16 96 2
3 20 72 1
3 23 7 14
3 24 54 1
3 25 12 1
4 0 1 27
4 1 61 1
4 2 127 1
4 3 34 1
4 6 146 1
4 8 115 1
4 9 28 1
4 10 1 19
4 12 135 1
4 13 26 1
4 14 25 14
4 15 4 14
4 16 2 8
4 18 1 4
4 20 1 4
4 22 1 21
4 24 1 28
4 25 5 3
5 0 20 2
5 1 51 29
5 3 11 28
5 4 263 1
5 6 406 1
5 7 65 1
5 8 391 1
5 9 4 6
5 10 96 1
5 12 10 20
5 15 8 15
5 16 116 1
5 24 1 29
5 26 2 2
6 0 4 4
6 1 3 11
6 2 2 6
6 3 70 1
6 4 6 15
6 5 430 29
6 7 7 1
6 8 132 1
6 9 23 1
6 10 286 1
6 11 277 1
6 12 7 11
6 14 149 2
6 15 4 5
6 16 3 4
6 23 1 20
7 0 9 1
7 1 34 27
7 2 33 1
7 3 1 15
7 4 19 3
7 5 56 21
7 6 390 1
7 8 405 1
7 9 36 1
7 10 19 1
7 11 101 20
7 12 89 3
7 13 27 15
7 14 55 1
7 17 109 1
7 20 52 1
7 21 1 7
7 23 2 14
7 24 4 26
7 25 1 28
7 26 1 18
7 27 1 29
8 0 261 1
8 1 33 1
8 2 24 1
8 3 53 1
8 4 132 1
8 5 308 1
8 6 216 2
8 7 82 1
8 10 26 6
8 11 51 19
8 12 3 10
8 14 1 5
8 15 1 23
8 16 165 1
8 19 27 1
8 20 1 1
8 21 54 4
8 23 126 4
8 24 140 1
8 25 147 2
9 1 226 1
9 4 31 1
9 5 6 5
9 6 149 1
9 7 1 25
9 8 116 1
9 10 6 3
9 12 50 1
9 18 48 1
9 20 126 1
9 22 1 4
9 23 61 2
9 24 48 3
9 25 72 3
9 26 1 5
10 0 175 1
10 1 2 5
10 2 7 1
10 3 1 18
10 5 2 25
10 6 51 24
10 7 72 3
10 8 16 1
10 9 321 1
10 11 3 23
10 13 12 2
10 14 342 1
10 15 1 19
10 16 17 1
10 17 118 1
10 19 108 6
10 23 86 5
10 27 65 26
11 0 259 1
11 1 68 1
11 2 2 21
11 3 8 21
11 4 121 3
11 5 69 1
11 6 129 1
11 7 12 12
11 8 134 1
11 10 2 12
11 13 137 1
11 14 201 1
11 15 375 1
11 23 185 1
11 24 1 11
11 25 10 1
11 26 157 2
12 2 4 27
12 3 1 5
12 4 170 4
12 5 39 2
12 6 50 1
12 10 3 1
12 11 1 11
12 13 5 1
12 15 1 24
12 19 1 29
12 20 94 1
12 21 1 9
12 25 1 12
13 9 81 24
13 10 30 15
13 11 1 4
14 6 1 2
14 7 222 1
14 8 125 1
14 9 3 28
14 10 18 1
14 11 154 1
14 12 24 3
14 13 10 1
14 15 4 22
14 19 1 28
14 25 2 9
14 26 1 9
15 4 33 27
15 7 18 21
15 8 3 13
15 11 129 1
15 14 1 21
15 20 1 29
15 26 1 29
16 0 102 1
16 1 287 1
16 2 4 21
16 3 104 1
16 4 1 3
16 5 77 1
16 8 106 1
16 10 21 18
16 12 1 25
16 20 83 5
16 24 120 1
17 0 1 24
17 1 56 1
17 4 1 25
17 5 105 1
17 8 199 2
17 9 51 1
17 12 1 12
17 13 38 2
17 14 86 5
17 16 11 25
17 18 1 16
17 19 4 5
17 23 1 25
17 25 90 1
17 26 28 1
18 0 81 2
18 4 206 2
18 7 70 5
18 8 104 18
18 9 2 5
18 10 161 13
18 11 7 15
18 12 69 1
18 16 1 12
18 19 2 16
18 27 1 20
19 0 1 1
19 1 2 1
19 2 2 9
19 4 8 4
19 7 1 22
19 9 4 22
19 10 82 6
19 17 2 4
19 18 44 20
19 20 417 1
19 27 14 15
20 8 4 1
20 9 99 1
20 12 105 2
20 14 10 3
20 15 3 24
20 18 1 2
20 19 25 7
20 24 11 21
21 2 12 6
21 3 1 12
21 14 2 9
21 20 41 26
22 6 1 18
22 7 1 24
22 8 49 20
22 10 72 1
22 23 22 2
23 1 7 4
23 4 54 19
23 6 2 9
23 10 1 9
23 12 6 22
23 13 5 21
23 15 20 3
23 26 3 1
24 0 192 1
24 1 55 6
24 2 15 11
24 3 10 13
24 4 28 3
24 5 277 1
24 6 22 2
24 7 24 18
24 8 43 1
24 10 2 21
24 12 11 11
24 15 17 15
24 16 210 1
24 23 17 1
24 26 2 2
25 3 3 17
25 6 86 2
25 7 2 3
25 9 78 2
25 10 21 1
25 11 28 26
25 13 1 6
25 14 1 18
25 15 5 19
25 18 2 11
25 22 15 23
25 27 8 2
26 6 1 7
26 10 85 7
26 11 4 4
26 14 13 26
26 16 1 6
26 20 25 4
26 22 1 10
26 24 66 1
27 6 73 22
27 8 6 19
27 9 15 5
27 10 1 21
27 11 1 27
27 17 2 9
27 18 2 4
27 23 3 29
27 25 3 5
