0 1 225 1
0 2 2 19
0 3 189 1
0 4 1 23
0 5 38 1
0 7 33 19
0 8 122 1
0 9 5 13
0 15 1 26
0 16 131 3
0 18 1 10
0 22 5 29
0 24 93 1
0 25 19 12
1 0 155 1
1 2 1 9
1 3 89 1
1 4 167 2
1 5 20 29
1 6 23 1
1 8 245 1
1 9 1 28
1 10 368 1
1 11 4 27
1 12 1 1
1 13 1 16
1 14 1 15
1 16 342 1
1 17 2 9
1 19 178 1
1 20 1 13
1 24 28 1
1 27 16 23
2 0 3 3
2 1 2 8
2 3 10 7
2 4 5 14
2 7 2 10
2 8 426 20
2 9 1 2
2 10 1 26
2 11 1 5
2 17 11 22
2 20 112 1
3 0 86 1
3 1 136 1
3 2 23 25
3 4 14 2
3 5 223 1
3 6 55 10
3 7 4 11
3 8 197 1
3 10 1 3
3 11 3 23
3 16 31 3
3 17 3 1
3 20 69 1
3 24 128 1
3 27 33 4
4 0 1 21
4 1 44 24
4 2 122 1
4 3 32 2
4 5 140 2
4 6 134 1
4 8 108 1
4 9 24 1
4 16 2 25
4 18 1 10
4 22 1 7
4 24 1 2
5 0 180 1
5 1 120 1
5 2 2 12
5 3 211 1
5 4 257 1
5 6 3 2
5 7 61 1
5 8 79 1
5 9 4 24
5 10 90 1
5 12 1 26
5 14 1 12
5 16 154 1
5 18 47 2
5 21 22 26
5 24 238 1
6 0 1 5
6 1 5 16
6 2 2 6
6 4 11 27
6 5 94 1
6 8 321 1
6 9 112 1
6 10 272 1
6 11 271 1
6 12 1 3
6 14 147 1
6 15 5 24
6 16 3 4
6 18 155 1
6 20 191 3
7 1 3 14
7 2 29 1
7 3 1 23
7 4 18 1
7 5 4 1
7 6 196 1
7 8 394 1
7 10 16 1
7 11 23 8
7 14 52 1
7 23 10 27
7 24 2 12
7 25 1 27
7 27 17 10
8 0 241 1
8 1 39 2
8 2 16 1
8 3 146 1
8 4 253 1
8 5 240 1
8 6 23 5
8 7 61 1
8 9 3 1
8 10 10 5
8 11 6 22
8 14 18 29
8 15 1 12
8 16 75 1
8 20 1 29
8 22 2 23
8 23 125 1
8 24 100 4
8 25 145 1
9 0 226 1
9 1 221 1
9 4 23 1
9 5 21 11
9 6 95 1
9 8 107 1
9 10 2 26
9 12 44 1
9 14 4 1
9 18 46 3
9 21 71 5
9 22 3 5
9 26 1 21
10 0 173 1
10 1 5 1
10 2 4 1
10 3 1 15
10 4 174 6
10 5 21 1
10 6 182 1
10 7 367 1
10 8 7 1
10 9 179 16
10 11 74 11
10 13 43 1
10 14 324 1
10 15 128 23
10 17 116 3
10 19 8 22
10 23 86 17
11 1 66 1
11 2 3 18
11 3 1 8
11 4 119 2
11 5 66 1
11 6 124 1
11 7 8 18
11 8 125 1
11 9 10 3
11 10 13 13
11 12 147 1
11 13 133 1
11 14 38 1
11 15 77 1
11 17 195 1
11 20 2 5
11 22 16 2
11 23 181 1
11 24 1 27
11 27 35 2
12 1 22 1
12 2 5 17
12 3 1 3
12 5 37 1
12 6 47 1
12 7 59 1
12 8 11 28
12 10 11 1
12 13 1 22
12 17 12 8
12 19 25 14
12 22 7 22
12 23 13 1
12 27 5 6
13 1 1 1
13 7 188 5
13 8 30 23
13 9 1 16
13 10 1 26
13 11 1 24
13 12 15 2
13 21 3 24
13 22 1 2
14 0 1 4
14 2 1 17
14 5 1 20
14 7 12 1
14 8 120 1
14 9 3 15
14 10 9 12
14 11 146 1
14 13 6 1
14 15 1 25
14 20 13 3
14 27 1 17
15 2 3 7
15 3 2 15
15 7 2 14
15 11 109 1
15 14 1 24
15 23 1 18
16 0 97 1
16 1 209 23
16 2 1 13
16 3 200 1
16 4 1 2
16 5 43 7
16 6 1 16
16 8 45 1
16 9 1 3
16 15 1 5
16 17 1 1
16 18 63 10
16 20 83 1
16 22 29 10
16 24 42 5
17 0 1 15
17 1 49 1
17 3 48 3
17 4 7 18
17 6 70 1
17 8 196 1
17 10 219 3
17 11 101 3
17 12 114 18
17 14 85 5
17 16 118 14
17 18 3 2
17 19 4 12
17 22 1 3
17 24 1 27
18 1 244 1
18 4 199 1
18 5 7 20
18 7 69 3
18 9 3 14
18 11 1 2
18 12 68 6
18 16 1 24
18 17 27 19
18 20 7 24
18 26 13 6
18 27 4 1
19 0 8 17
19 1 1 17
19 2 3 24
19 4 7 4
19 5 17 2
19 6 47 1
19 20 409 1
20 0 1 29
20 1 3 27
20 3 2 9
20 5 1 2
20 6 96 3
20 8 1 22
20 9 98 1
20 14 9 12
20 16 52 21
20 18 2 17
20 19 13 22
20 22 1 20
20 25 75 6
21 8 68 1
21 9 1 26
21 12 86 1
21 15 7 3
21 18 3 8
22 9 44 1
22 10 65 1
22 12 61 1
22 23 22 3
22 24 15 5
23 4 1 20
23 7 5 5
23 10 1 5
23 11 236 1
23 17 68 2
23 27 1 21
24 0 93 3
24 1 99 1
24 2 1 6
24 3 86 1
24 5 182 1
24 7 1 18
24 8 149 1
24 11 10 1
24 12 1 15
24 16 112 1
24 23 16 2
25 3 1 6
25 6 84 3
25 7 9 13
25 10 19 1
25 11 58 21
25 14 1 8
25 15 1 3
25 17 2 1
25 18 1 27
25 27 6 2
26 8 101 1
26 11 3 5
26 12 19 11
27 6 6 12
27 7 1 2
27 8 120 24
27 9 15 2
27 17 71 24
27 20 36 3
27 25 4 9
