0 1 141 1
0 2 1 25
0 3 37 1
0 5 101 1
0 7 19 2
0 8 65 1
0 9 2 29
0 14 61 1
0 15 1 20
0 16 32 3
0 18 16 8
0 19 1 13
0 23 3 21
0 24 9 6
0 27 1 15
1 0 3 11
1 3 201 1
1 4 144 1
1 5 86 1
1 6 11 1
1 7 348 28
1 8 10 1
1 9 2 14
1 11 1 27
1 14 137 6
1 15 1 14
1 16 14 13
1 17 13 24
1 19 1 19
1 21 3 29
1 23 5 23
1 24 115 1
2 0 1 4
2 1 14 12
2 3 36 11
2 4 62 11
2 6 2 1
2 10 4 7
2 11 5 16
2 12 1 19
2 17 88 12
2 18 65 22
2 26 2 13
3 0 92 2
3 1 209 1
3 2 50 11
3 5 54 1
3 6 6 29
3 7 6 27
3 8 163 16
3 11 1 19
3 16 82 1
3 17 1 20
3 18 81 2
3 20 61 1
3 24 61 1
3 25 11 2
3 26 1 9
4 0 1 21
4 1 73 1
4 2 112 1
4 5 132 1
4 6 109 1
4 8 92 1
4 9 16 1
4 10 1 28
4 11 68 1
4 12 126 1
4 13 24 1
4 15 68 18
4 16 5 11
4 20 7 17
4 21 84 11
4 22 1 19
5 0 95 1
5 1 329 1
5 3 126 1
5 4 38 1
5 6 235 1
5 7 53 1
5 8 45 1
5 9 16 26
5 10 82 1
5 11 8 1
5 12 1 17
5 14 6 5
5 16 40 1
5 21 1 1
5 24 69 1
6 0 1 11
6 1 6 1
6 2 4 10
6 3 57 1
6 4 136 20
6 5 353 1
6 7 1 3
6 8 195 1
6 9 84 1
6 10 241 1
6 11 259 1
6 12 8 6
6 15 5 10
6 17 6 1
6 18 149 2
6 20 1 3
6 23 2 13
6 27 1 22
7 0 4 1
7 1 15 24
7 2 20 2
7 3 1 27
7 4 14 1
7 5 4 6
7 6 382 1
7 8 146 1
7 10 11 1
7 11 20 21
7 14 45 2
7 15 352 1
7 18 1 18
7 24 1 24
7 25 2 9
7 27 1 7
8 0 144 1
8 1 186 1
8 2 4 1
8 3 238 1
8 4 235 1
8 5 111 1
8 6 299 10
8 7 94 1
8 9 416 1
8 10 27 1
8 11 8 3
8 12 3 3
8 14 5 14
8 15 3 16
8 16 33 1
8 17 2 10
8 18 134 1
8 20 1 6
8 21 53 1
8 23 123 2
8 24 14 2
8 25 140 1
9 0 223 3
9 1 210 1
9 2 129 1
9 4 82 1
9 5 42 7
9 6 124 1
9 7 1 28
9 8 88 1
9 10 17 8
9 12 31 1
9 14 2 2
9 17 69 14
9 18 43 1
9 20 123 2
9 22 4 4
9 23 59 1
9 25 70 2
9 27 57 1
10 1 24 21
10 2 19 1
10 3 1 14
10 5 21 28
10 6 381 1
10 7 350 1
10 9 247 1
10 11 91 19
10 12 1 9
10 14 10 11
10 15 11 2
10 17 112 1
10 19 1 4
10 21 22 1
10 22 2 2
10 23 1 16
10 24 4 7
11 0 248 1
11 2 1 7
11 3 1 2
11 4 114 3
11 5 61 1
11 6 113 1
11 7 25 4
11 8 108 1
11 9 7 2
11 10 4 22
11 12 143 1
11 13 126 1
11 14 27 1
11 15 358 1
11 16 70 3
11 20 23 22
11 23 172 1
11 24 108 8
11 27 30 3
12 2 1 12
12 3 2 29
12 5 31 2
12 6 41 2
12 7 55 1
12 8 7 22
12 10 335 1
12 13 62 12
12 15 5 24
12 22 1 25
13 1 26 9
13 3 4 20
13 8 31 6
13 10 3 13
13 14 30 1
13 16 1 13
13 20 67 2
13 22 10 4
13 23 4 1
14 0 1 26
14 2 5 10
14 4 2 6
14 8 12 1
14 9 1 17
14 10 6 28
14 11 128 1
14 12 1 3
14 13 32 1
14 15 2 7
14 16 3 17
14 17 1 26
14 18 4 8
14 21 23 9
14 22 4 8
14 27 2 11
15 7 1 8
15 8 2 24
15 9 1 23
15 11 68 1
15 14 2 21
15 16 5 12
15 21 5 13
15 23 1 1
15 26 6 18
16 0 59 1
16 1 72 1
16 2 11 8
16 3 33 1
16 5 63 1
16 6 3 14
16 7 1 23
16 8 147 1
16 11 2 4
16 12 1 19
16 18 5 5
16 20 82 1
16 24 63 1
17 0 1 3
17 1 34 1
17 2 1 7
17 3 44 1
17 4 1 14
17 5 99 10
17 6 268 1
17 8 189 1
17 9 50 1
17 14 84 7
17 16 223 1
17 18 1 1
17 22 34 29
17 24 2 20
18 2 2 8
18 4 189 1
18 9 51 15
18 14 1 21
18 15 16 1
18 16 1 14
18 19 2 3
18 20 2 13
18 26 12 10
19 0 322 1
19 1 5 4
19 3 15 6
19 6 44 2
19 10 80 2
19 17 6 6
19 20 43 1
19 25 11 4
19 27 14 1
20 0 1 22
20 1 1 4
20 3 3 24
20 8 1 3
20 11 27 1
20 16 1 19
20 19 12 5
21 4 1 17
21 7 10 22
21 8 66 4
21 9 1 19
21 10 33 1
21 12 52 6
21 16 2 23
21 17 5 21
21 23 2 22
22 0 1 16
22 2 10 12
22 4 1 18
22 7 3 28
22 8 5 27
22 10 68 1
22 12 58 1
22 15 9 25
22 16 22 18
22 23 20 2
23 1 7 1
23 11 229 1
23 13 2 25
23 14 1 8
23 22 1 20
23 24 1 8
24 0 37 1
24 1 83 1
24 3 8 1
24 5 35 2
24 7 2 11
24 8 44 2
24 11 5 1
24 16 32 1
24 23 13 3
24 26 1 1
25 3 1 3
25 4 1 8
25 7 163 10
25 9 75 1
25 10 15 2
25 11 3 11
25 19 10 1
26 4 1 8
26 8 99 7
26 11 44 1
26 12 19 7
26 16 19 27
26 25 54 3
27 1 62 1
27 8 1 28
27 10 61 4
27 11 3 10
27 12 1 21
27 17 2 24
27 21 1 23
27 25 1 21
