0 1 15 10
0 2 4 1
0 3 8 27
0 4 2 18
0 5 31 15
0 6 2 10
0 7 298 2
0 8 7 27
0 10 1 19
0 12 5 7
0 16 76 27
0 19 1 13
0 20 2 19
0 24 123 19
1 0 25 17
1 2 13 1
1 3 5 8
1 4 155 1
1 5 20 27
1 6 344 1
1 7 289 2
1 8 37 8
1 9 1 13
1 10 1 11
1 16 67 9
1 17 290 1
1 18 9 23
1 22 1 24
1 23 52 1
1 24 160 27
1 27 1 27
2 0 1 12
2 1 244 1
2 3 33 1
2 6 105 1
2 7 16 1
2 8 176 1
2 9 1 11
2 10 6 5
2 11 1 4
2 14 1 25
2 17 99 1
2 21 1 18
3 0 71 26
3 1 7 28
3 2 148 1
3 5 47 17
3 6 120 1
3 7 106 1
3 8 21 2
3 9 7 3
3 11 127 1
3 16 6 24
3 20 33 24
3 24 6 28
4 0 2 3
4 1 245 19
4 2 197 2
4 3 3 4
4 5 327 22
4 6 126 1
4 8 2 27
4 9 1 12
4 10 80 2
4 11 2 27
4 12 6 7
4 13 40 18
4 16 1 2
4 17 1 4
4 18 136 1
4 19 102 1
4 20 1 13
4 25 1 15
4 26 2 3
5 0 37 25
5 1 65 8
5 2 3 16
5 3 7 22
5 4 216 1
5 6 67 9
5 7 3 27
5 8 33 8
5 9 27 15
5 10 1 12
5 12 4 22
5 13 1 29
5 16 6 1
5 17 6 16
5 24 20 23
6 0 36 6
6 1 1 1
6 2 152 17
6 3 4 9
6 4 9 19
6 5 1 25
6 7 226 1
6 8 178 1
6 9 4 23
6 10 1 10
6 11 210 1
6 12 1 15
6 13 32 2
6 14 13 1
6 18 13 20
6 19 22 1
6 21 1 7
6 25 1 19
6 26 2 1
6 27 2 29
7 0 208 1
7 1 4 16
7 3 167 1
7 6 390 1
7 8 2 18
7 10 1 20
7 11 8 11
7 14 1 26
7 15 2 7
7 16 75 1
7 21 2 11
7 23 1 26
7 25 7 12
8 0 6 29
8 1 20 23
8 3 96 3
8 4 8 1
8 5 159 24
8 6 27 27
8 7 19 16
8 9 10 2
8 10 2 1
8 14 98 2
8 15 11 10
8 16 83 11
8 19 24 2
8 24 38 7
8 25 4 7
8 27 3 24
9 0 75 1
9 1 30 12
9 4 60 1
9 5 18 29
9 7 1 5
9 8 1 8
9 10 2 1
9 11 3 2
9 14 15 26
9 15 1 1
9 17 49 1
9 21 9 9
9 25 1 10
10 1 1 19
10 2 45 26
10 3 16 2
10 4 79 1
10 5 2 23
10 6 267 1
10 7 327 1
10 8 109 1
10 9 215 1
10 11 2 3
10 12 211 2
10 13 145 19
10 15 10 2
10 20 74 8
10 23 111 3
10 24 12 1
10 25 20 27
10 27 2 16
11 0 38 1
11 1 219 2
11 2 59 1
11 5 145 1
11 6 2 21
11 7 110 1
11 8 6 24
11 9 1 1
11 10 44 1
11 14 19 11
11 15 331 1
11 19 1 21
11 23 8 24
11 24 37 8
11 25 271 1
11 27 183 1
12 3 54 1
12 4 2 9
12 9 67 1
12 10 232 1
12 14 10 5
12 22 94 1
12 27 3 29
13 0 19 1
13 1 1 1
13 6 1 29
13 8 2 9
13 10 117 4
13 14 2 14
14 0 3 13
14 7 81 1
14 10 5 7
14 11 180 1
14 13 1 19
14 15 4 16
14 20 53 3
14 22 11 10
15 1 82 4
15 3 2 4
15 6 34 1
15 7 32 21
15 8 124 3
15 10 148 1
15 11 54 1
15 22 2 2
15 23 19 1
16 0 30 16
16 1 32 21
16 3 59 9
16 5 126 24
16 6 2 2
16 7 3 25
16 8 6 24
16 9 4 11
16 11 93 5
16 12 1 20
16 15 1 18
16 17 1 8
16 18 13 2
16 21 10 13
16 23 20 11
16 24 6 24
17 1 405 1
17 3 7 17
17 4 239 2
17 7 180 4
17 8 125 26
17 10 2 18
17 12 1 6
17 16 2 8
17 19 8 4
18 0 2 1
18 4 4 11
18 8 17 3
18 10 2 10
18 17 8 1
18 20 5 17
18 26 5 4
19 1 26 1
19 3 10 8
19 6 11 21
19 8 1 10
19 15 1 19
19 16 1 27
19 17 43 6
19 20 21 12
19 22 1 17
20 1 171 3
20 2 91 19
20 3 4 10
20 5 55 4
20 6 151 1
20 7 1 2
20 10 1 21
20 16 2 27
20 19 107 1
21 7 71 14
21 10 1 2
21 14 6 12
21 26 4 29
22 1 2 29
22 4 48 20
22 8 73 3
22 11 1 8
22 16 20 8
22 21 1 24
23 0 1 7
23 11 176 1
23 13 2 29
24 0 59 25
24 1 6 18
24 3 6 12
24 4 35 1
24 5 20 4
24 7 59 23
24 8 41 4
24 10 154 1
24 11 2 20
24 12 55 15
24 16 30 11
24 22 9 1
24 23 3 3
25 0 61 1
25 1 2 13
25 7 1 10
25 8 119 3
25 10 169 2
25 11 235 1
25 16 1 25
25 18 20 8
25 19 11 20
26 17 1 3
26 23 1 15
27 8 80 24
27 10 112 1
27 15 1 15
27 20 5 15
