0 1 9 17
0 3 14 8
0 4 19 7
0 5 39 15
0 6 1 11
0 7 223 1
0 8 106 20
0 16 26 7
0 19 1 26
0 20 7 21
0 24 13 4
0 25 1 3
0 27 31 5
1 0 23 28
1 2 4 28
1 3 40 9
1 5 132 10
1 6 79 1
1 7 227 1
1 8 24 12
1 9 24 4
1 10 2 16
1 13 61 9
1 16 29 13
1 17 108 1
1 18 2 13
1 20 1 21
1 22 16 29
1 24 13 29
1 25 78 6
2 0 2 14
2 3 1 14
2 4 180 1
2 5 65 13
2 6 18 1
2 10 3 22
2 11 2 14
2 12 1 16
2 15 22 2
2 16 2 16
2 18 3 16
2 20 1 1
2 24 14 3
3 0 13 29
3 1 88 9
3 2 5 20
3 4 50 2
3 5 50 4
3 7 1 26
3 8 49 11
3 10 203 20
3 11 44 1
3 12 3 1
3 16 13 4
3 17 1 6
3 19 20 3
3 20 1 3
3 24 57 18
4 0 4 10
4 1 2 1
4 2 159 2
4 5 162 1
4 6 198 1
4 7 106 1
4 9 3 3
4 10 1 15
4 12 1 11
4 13 1 4
4 16 1 14
4 17 10 6
4 18 31 1
4 19 95 2
4 20 1 11
4 22 1 26
4 23 52 3
4 24 7 6
4 25 26 25
4 27 9 4
5 0 44 26
5 1 13 3
5 2 1 8
5 3 60 4
5 4 16 1
5 6 162 1
5 7 11 28
5 8 26 2
5 9 18 1
5 10 1 12
5 16 13 27
5 24 12 7
5 25 1 9
6 0 3 11
6 1 305 1
6 3 203 2
6 4 113 4
6 5 39 28
6 7 79 1
6 8 5 17
6 9 2 4
6 10 84 1
6 11 135 1
6 12 3 24
6 13 16 1
6 18 116 17
6 21 67 11
6 26 3 22
7 0 115 1
7 1 1 23
7 2 9 21
7 3 40 1
7 5 19 2
7 6 253 1
7 8 134 1
7 10 36 4
7 11 77 11
7 14 3 4
7 15 1 26
7 19 116 1
7 20 83 2
7 22 2 11
7 23 7 26
7 25 36 8
7 27 27 2
8 0 28 22
8 1 68 21
8 2 4 5
8 3 11 29
8 4 324 1
8 5 13 15
8 6 19 15
8 7 3 14
8 9 13 8
8 10 12 26
8 11 4 5
8 13 91 1
8 14 34 1
8 15 8 14
8 16 13 4
8 17 3 3
8 18 1 16
8 22 98 2
8 24 13 21
8 25 12 2
9 0 45 1
9 1 12 21
9 5 18 23
9 6 322 1
9 8 52 20
9 10 6 1
9 11 2 9
9 12 4 21
9 13 74 1
9 18 1 3
9 20 34 6
9 27 1 7
10 1 6 25
10 4 29 2
10 5 165 8
10 6 68 1
10 7 218 1
10 8 15 23
10 11 11 27
10 12 147 1
10 14 10 18
10 15 198 1
10 19 15 8
10 25 3 15
11 2 19 1
11 3 192 2
11 5 114 1
11 6 1 26
11 8 1 1
11 9 233 3
11 10 1 22
11 14 10 1
11 15 49 1
11 19 6 16
11 22 4 11
11 23 1 1
11 24 1 5
11 25 49 1
11 26 3 21
12 0 10 9
12 7 97 1
12 8 6 3
12 10 172 2
12 13 2 2
12 15 68 1
12 21 1 26
12 23 2 3
13 0 13 1
13 6 2 14
13 10 6 19
13 12 28 1
13 15 14 8
13 16 3 14
13 18 1 6
13 25 2 24
14 7 34 1
14 8 200 2
14 9 124 2
14 10 88 1
14 11 69 1
14 15 5 1
14 16 1 12
14 23 7 10
15 0 75 1
15 1 72 3
15 3 6 16
15 5 9 1
15 7 7 1
15 8 89 1
15 9 4 15
15 11 131 1
15 14 5 1
15 23 5 6
15 24 1 28
15 25 11 29
16 0 25 11
16 1 25 14
16 2 1 4
16 3 79 22
16 4 7 16
16 5 27 25
16 7 1 22
16 8 91 26
16 9 1 24
16 18 1 6
16 23 21 24
16 24 29 21
16 26 1 4
17 0 1 26
17 1 240 1
17 2 3 23
17 4 200 1
17 5 34 2
17 6 143 1
17 7 160 1
17 8 36 11
17 10 14 5
17 16 253 1
17 21 2 7
18 2 54 7
18 4 1 1
18 6 55 1
18 9 2 18
18 10 1 2
18 11 14 4
18 12 2 14
19 0 170 1
19 2 1 21
19 8 78 20
19 11 48 5
19 20 59 15
19 27 6 14
20 0 233 12
20 2 3 20
20 4 1 18
20 8 4 5
20 10 3 7
20 21 1 10
21 1 3 7
21 6 1 24
21 17 1 7
22 1 1 25
22 7 7 27
22 9 5 26
22 12 1 25
22 13 1 22
22 21 1 25
23 7 3 22
23 13 2 10
23 25 1 13
24 0 58 1
24 1 77 6
24 3 46 2
24 4 26 3
24 5 12 28
24 6 79 13
24 7 1 2
24 8 12 23
24 11 11 22
24 14 2 27
24 16 27 23
24 25 2 21
25 0 48 3
25 1 8 12
25 3 12 10
25 7 7 23
25 8 90 1
25 11 28 1
25 26 7 8
26 11 1 5
26 18 1 12
26 27 2 12
27 6 5 14
27 7 18 2
27 10 100 1
27 11 157 1
27 25 1 13
