0 1 47 1
0 2 3 6
0 3 108 1
0 4 4 21
0 5 109 1
0 6 1 4
0 7 191 1
0 8 8 6
0 10 24 26
0 11 3 10
0 12 92 19
0 13 1 28
0 15 1 16
0 16 149 1
0 17 156 1
0 19 2 24
0 24 130 5
1 0 198 2
1 2 36 20
1 3 198 17
1 4 6 7
1 5 261 22
1 6 47 1
1 7 201 1
1 8 5 21
1 9 3 1
1 10 6 10
1 11 1 20
1 16 51 1
1 17 58 1
1 18 1 16
1 19 2 15
1 20 1 17
1 21 55 6
1 22 2 26
1 23 1 21
1 24 49 1
1 26 1 27
1 27 1 4
2 0 2 4
2 1 4 28
2 3 3 1
2 4 165 1
2 5 61 2
2 7 5 20
2 8 3 27
2 10 13 9
2 12 3 4
2 17 37 1
2 19 6 3
2 20 1 10
3 0 54 1
3 1 8 6
3 2 4 22
3 4 37 2
3 5 45 1
3 6 36 1
3 7 1 23
3 8 143 1
3 11 23 1
3 14 1 22
3 15 1 19
3 16 70 1
3 19 15 1
3 20 1 26
3 24 14 1
4 0 1 27
4 1 397 1
4 5 83 1
4 6 174 1
4 7 90 1
4 8 6 1
4 9 1 7
4 10 13 26
4 11 1 16
4 13 1 5
4 16 2 6
4 17 10 20
4 18 10 1
4 22 1 4
5 0 170 1
5 1 63 1
5 3 26 1
5 6 43 1
5 8 106 1
5 9 189 1
5 10 4 11
5 13 1 22
5 16 2 24
5 24 3 10
6 1 241 1
6 2 4 1
6 4 108 12
6 5 29 1
6 7 42 1
6 8 15 28
6 9 36 2
6 10 51 1
6 11 109 1
6 12 4 23
6 16 48 6
6 21 1 9
6 25 4 2
7 0 85 2
7 1 1 2
7 2 1 8
7 3 4 1
7 4 7 11
7 5 8 1
7 6 198 1
7 8 108 13
7 9 1 26
7 10 5 18
7 11 185 23
7 12 1 26
7 15 13 4
7 20 69 2
7 21 2 27
7 25 1 11
7 27 20 2
8 0 10 25
8 1 237 1
8 2 3 4
8 3 27 1
8 4 291 1
8 6 214 1
8 7 3 12
8 9 12 27
8 10 13 15
8 11 6 29
8 13 79 1
8 14 18 1
8 16 20 1
8 17 222 1
8 20 115 1
8 24 47 1
8 27 1 22
9 4 1 25
9 5 102 1
9 6 264 1
9 8 13 26
9 10 76 1
9 12 3 6
9 17 20 6
9 24 1 8
10 1 12 22
10 2 180 1
10 5 61 1
10 6 25 1
10 7 176 1
10 8 22 12
10 9 1 18
10 11 2 14
10 12 123 1
10 13 64 29
10 14 5 20
10 15 173 1
10 18 16 17
10 23 77 3
10 25 1 27
10 27 42 5
11 1 171 1
11 2 9 2
11 3 161 1
11 5 101 3
11 6 3 29
11 7 11 17
11 8 32 1
11 9 217 1
11 10 6 3
11 12 159 3
11 14 221 1
11 15 1 2
11 17 67 1
11 23 163 28
11 25 9 1
11 26 2 10
11 27 141 2
12 4 2 24
12 5 1 6
12 6 1 29
12 7 89 2
12 8 2 1
12 10 149 1
12 13 1 5
12 17 1 18
12 19 46 1
12 23 3 10
12 25 1 26
13 4 1 5
13 6 2 26
13 10 3 2
14 0 1 8
14 5 2 19
14 7 22 1
14 8 193 1
14 9 113 1
14 10 60 1
14 11 39 1
14 17 2 28
14 21 12 1
14 22 1 1
15 7 209 1
15 8 76 1
15 9 25 18
15 10 43 1
15 11 36 1
15 14 12 1
15 17 1 7
15 18 1 20
15 20 46 19
15 24 2 28
16 0 331 1
16 1 7 6
16 2 2 24
16 3 37 1
16 4 8 23
16 5 118 14
16 8 151 1
16 13 18 13
16 17 9 1
16 18 1 26
16 24 35 1
17 0 3 4
17 1 175 1
17 2 18 15
17 3 16 4
17 4 182 1
17 7 151 1
17 9 3 1
17 10 1 5
17 11 1 24
17 12 2 16
17 16 219 1
17 20 4 8
17 22 20 2
18 4 7 1
18 10 1 18
18 16 202 5
18 19 39 11
19 0 134 1
19 1 1 1
19 5 1 26
19 7 53 1
19 8 1 25
19 11 43 2
19 13 2 10
19 18 9 3
19 20 5 4
20 1 133 1
20 2 2 28
20 3 16 17
20 4 1 27
20 5 66 27
20 19 1 19
20 27 1 4
21 9 63 25
21 10 84 4
21 17 1 1
21 22 1 1
21 23 6 4
21 26 1 15
22 10 123 4
22 12 1 12
22 18 13 25
23 0 6 16
23 2 7 11
23 6 5 19
23 11 108 1
23 15 1 16
23 17 12 3
23 22 6 1
24 0 157 20
24 1 101 1
24 3 69 1
24 4 24 2
24 5 327 1
24 7 25 28
24 8 55 19
24 11 1 18
24 14 5 20
24 15 8 11
24 16 67 18
24 20 3 25
25 7 46 17
25 8 79 3
25 9 2 21
25 10 129 2
25 24 31 8
25 27 4 1
26 11 7 20
26 24 35 9
26 27 34 2
27 4 1 1
27 6 9 5
27 7 12 5
27 8 3 27
27 10 96 1
27 11 143 3
27 25 18 28
27 26 51 1
