0 1 332 1
0 2 1 19
0 3 76 16
0 4 38 22
0 5 95 1
0 6 51 5
0 7 184 1
0 8 152 1
0 10 4 6
0 14 10 5
0 16 82 1
0 20 4 16
0 21 14 8
0 24 47 1
1 0 255 1
1 2 12 19
1 3 16 4
1 4 7 13
1 5 130 6
1 6 27 1
1 7 195 1
1 8 24 1
1 9 73 14
1 10 2 12
1 11 20 1
1 12 1 20
1 16 172 1
1 17 49 1
1 23 56 1
1 24 163 1
1 27 2 10
2 0 40 15
2 1 2 15
2 3 20 1
2 4 161 1
2 6 2 1
2 7 2 8
2 8 5 2
2 10 1 5
2 17 35 1
2 18 1 13
3 0 25 1
3 1 8 1
3 2 25 25
3 4 35 1
3 5 129 2
3 6 32 1
3 7 9 17
3 8 111 1
3 11 19 2
3 12 1 5
3 16 26 1
3 19 15 1
3 20 1 12
3 24 61 1
3 25 1 27
4 0 6 24
4 1 111 1
4 2 135 1
4 5 69 1
4 6 160 1
4 9 109 13
4 10 1 18
4 11 75 11
4 12 1 17
4 13 1 24
4 16 1 11
4 17 1 21
4 18 7 2
4 19 91 1
4 20 1 3
4 23 2 12
4 27 7 22
5 0 157 1
5 1 26 9
5 2 4 12
5 3 139 1
5 4 1 6
5 6 28 1
5 8 206 1
5 9 22 1
5 10 8 17
5 16 47 22
5 18 3 29
5 20 1 22
5 24 106 1
6 0 1 26
6 1 221 1
6 2 4 1
6 3 188 2
6 4 4 13
6 5 189 1
6 7 35 2
6 8 31 26
6 9 1 1
6 10 35 1
6 11 104 1
6 12 1 17
6 15 65 2
6 17 250 2
7 0 80 1
7 1 19 24
7 2 30 1
7 3 1 2
7 4 1 3
7 6 186 1
7 8 271 22
7 9 1 11
7 10 1 13
7 11 12 24
7 12 1 24
7 14 2 27
7 15 8 23
7 17 1 4
7 20 66 2
7 22 4 21
7 24 176 1
7 25 2 27
8 0 47 5
8 1 289 9
8 2 3 26
8 4 283 1
8 5 19 26
8 6 117 1
8 7 116 10
8 9 2 25
8 10 18 14
8 11 1 16
8 13 76 1
8 14 15 2
8 16 124 2
8 19 11 29
8 20 112 2
8 24 7 22
8 25 1 8
8 26 7 14
9 2 1 23
9 3 4 16
9 5 84 1
9 6 242 1
9 7 226 24
9 8 3 5
9 10 55 1
9 11 12 16
9 12 5 22
9 15 1 22
9 18 1 13
9 22 32 22
9 25 4 19
9 27 2 12
10 1 2 10
10 5 20 7
10 6 19 1
10 7 168 1
10 8 6 3
10 9 2 10
10 11 2 20
10 12 118 2
10 14 6 17
10 15 167 2
10 21 2 10
10 23 76 1
10 25 18 15
11 0 2 3
11 1 168 1
11 2 8 1
11 3 155 1
11 5 99 2
11 6 3 22
11 7 27 4
11 8 393 1
11 10 1 1
11 12 158 1
11 14 1 25
11 19 1 12
11 20 31 2
11 24 7 26
11 25 4 1
11 27 138 2
12 3 40 1
12 4 2 16
12 5 25 22
12 6 1 1
12 9 1 26
12 10 144 1
12 13 6 2
12 20 1 20
12 22 71 3
12 24 1 5
13 3 1 13
13 5 7 13
13 7 1 4
13 10 1 2
13 12 11 1
13 14 27 1
13 15 11 2
14 5 1 13
14 6 7 1
14 7 19 1
14 8 17 22
14 9 110 1
14 10 120 6
14 11 33 1
14 22 3 1
14 25 2 10
15 0 70 5
15 1 67 4
15 6 10 8
15 7 202 1
15 10 38 1
15 11 23 1
15 14 6 1
15 17 2 15
15 19 1 4
15 20 1 21
15 22 2 3
15 25 13 25
16 0 398 1
16 1 27 1
16 3 95 1
16 4 2 19
16 5 93 1
16 7 1 7
16 8 94 1
16 9 1 2
16 23 1 4
16 24 112 2
16 25 4 1
16 26 1 9
17 0 3 22
17 1 162 1
17 2 1 26
17 3 1 8
17 4 178 2
17 5 25 4
17 6 118 1
17 8 17 7
17 10 21 24
17 16 211 1
18 0 1 28
18 4 257 1
18 5 95 9
18 6 42 2
18 9 4 26
18 10 1 1
18 11 11 1
18 14 1 16
18 16 10 1
18 22 1 7
19 0 126 1
19 6 27 5
19 8 2 29
19 9 50 11
19 23 3 18
20 0 235 2
20 3 1 12
20 4 1 21
20 5 4 12
20 6 132 6
20 7 199 28
20 8 1 27
20 9 11 7
20 10 7 13
20 11 1 10
20 12 57 26
20 16 6 12
20 18 1 17
20 19 2 6
20 22 2 26
21 5 1 24
21 6 6 3
21 15 2 21
21 17 18 5
21 22 2 29
22 1 1 3
22 7 1 12
22 11 129 21
22 12 1 20
23 6 1 26
23 7 113 18
23 9 63 1
23 11 104 1
23 12 6 5
23 15 1 4
23 20 1 5
23 24 6 17
24 0 38 2
24 1 13 4
24 3 24 1
24 5 4 9
24 6 94 24
24 8 27 1
24 9 63 2
24 10 129 3
24 11 19 19
24 15 1 26
24 16 61 1
24 18 17 21
25 0 42 5
25 1 77 16
25 2 1 9
25 3 9 3
25 7 29 12
25 8 77 2
25 10 126 2
25 16 1 21
25 23 13 11
26 1 41 1
26 5 14 4
26 11 1 15
26 17 36 4
26 21 3 14
26 27 3 1
27 0 25 1
27 5 23 1
27 6 33 14
27 8 4 22
27 10 95 1
27 21 4 1
27 25 1 20
27 26 48 1
