0 1 181 1
0 2 1 5
0 3 123 1
0 4 4 22
0 5 50 1
0 6 13 24
0 7 176 1
0 8 237 1
0 9 27 15
0 12 1 8
0 15 1 8
0 16 12 29
0 17 146 1
0 20 1 26
0 23 5 12
0 24 134 1
1 0 29 1
1 2 3 25
1 3 14 26
1 4 2 23
1 5 73 1
1 6 203 1
1 7 188 1
1 8 66 26
1 10 4 21
1 11 181 17
1 12 2 27
1 15 87 2
1 16 26 1
1 17 39 1
1 18 76 9
1 24 41 3
1 25 74 1
1 27 1 24
2 0 6 9
2 1 6 15
2 3 3 19
2 4 156 1
2 7 1 10
2 8 3 23
2 10 34 25
2 11 27 19
2 15 19 14
2 17 31 2
2 20 6 1
3 0 125 1
3 1 26 1
3 2 3 22
3 4 31 2
3 5 45 1
3 6 28 1
3 7 7 12
3 11 15 1
3 12 1 17
3 16 148 1
3 24 65 1
3 27 24 2
4 0 4 15
4 1 98 1
4 5 53 1
4 6 143 1
4 7 83 1
4 8 3 28
4 9 4 20
4 11 3 12
4 13 2 19
4 14 90 1
4 15 66 1
4 16 1 29
4 19 89 3
4 21 56 18
4 24 1 12
4 25 8 11
5 0 150 1
5 1 123 1
5 2 3 20
5 3 93 1
5 4 1 7
5 6 2 6
5 7 3 2
5 8 306 1
5 9 242 1
5 10 27 12
5 12 18 5
5 16 50 1
5 17 1 26
6 1 195 1
6 2 1 1
6 3 184 1
6 4 4 17
6 5 212 1
6 7 28 1
6 8 30 16
6 9 8 1
6 10 233 1
6 11 97 2
6 12 29 23
6 15 63 5
6 17 248 5
6 19 5 1
6 20 10 2
6 22 42 2
6 25 1 12
7 0 72 2
7 2 12 15
7 4 2 27
7 6 172 1
7 8 94 1
7 9 1 28
7 10 1 2
7 11 7 25
7 15 4 21
7 19 108 2
7 21 1 25
7 25 1 24
7 26 80 3
7 27 17 3
8 0 27 2
8 1 281 1
8 2 6 19
8 3 174 1
8 4 274 1
8 5 154 12
8 6 62 1
8 7 2 2
8 9 5 10
8 10 91 26
8 11 21 22
8 14 12 1
8 15 7 28
8 16 20 1
8 17 218 4
8 20 109 2
8 22 91 5
8 24 184 1
8 25 2 29
8 27 5 11
9 0 32 1
9 3 1 29
9 5 72 23
9 6 33 1
9 8 1 28
9 10 32 1
9 11 77 13
9 12 4 29
9 14 126 1
9 15 6 16
9 18 3 19
9 20 28 7
9 22 2 6
9 27 2 4
10 1 7 6
10 2 60 1
10 4 12 2
10 5 19 1
10 6 12 1
10 7 157 1
10 8 49 20
10 9 3 9
10 11 79 2
10 12 112 1
10 13 2 24
10 14 6 22
10 15 160 1
10 16 66 1
10 18 1 8
10 20 1 15
10 21 1 13
10 25 31 12
10 27 1 1
11 1 163 3
11 3 146 1
11 6 20 6
11 7 7 20
11 8 388 2
11 10 14 24
11 14 207 1
11 15 1 23
11 24 2 27
11 27 135 1
12 1 1 12
12 5 1 25
12 9 1 8
12 10 138 1
12 11 1 19
12 15 59 2
12 17 1 9
12 26 5 3
12 27 1 2
13 0 10 1
13 1 5 1
13 14 15 1
13 23 9 11
13 27 12 25
14 5 1 14
14 6 5 5
14 8 187 1
14 9 107 1
14 10 111 1
14 11 27 1
14 13 29 3
14 17 1 9
14 22 2 15
15 7 193 1
15 8 70 2
15 10 33 1
15 11 11 1
15 12 83 7
15 14 42 1
15 19 1 2
15 23 1 7
15 24 4 16
15 25 11 18
16 0 284 1
16 1 50 1
16 3 40 1
16 4 4 6
16 5 130 1
16 6 116 7
16 8 3 9
16 9 1 28
16 10 9 9
16 17 217 1
16 18 2 13
16 24 14 2
16 26 1 29
17 0 1 12
17 1 145 1
17 2 2 27
17 3 17 24
17 4 173 2
17 5 23 5
17 6 113 1
17 7 146 2
17 8 2 15
17 9 4 7
17 12 2 27
17 16 201 1
17 20 1 2
17 23 1 29
18 4 254 1
18 5 95 1
18 6 39 3
18 9 7 27
18 10 1 15
18 12 1 24
18 14 25 25
18 15 22 10
18 16 207 1
18 19 39 6
19 0 116 1
19 6 1 23
19 7 50 2
19 8 1 9
20 6 131 2
20 8 1 11
20 11 1 15
20 13 45 10
20 14 1 7
20 19 2 15
20 21 12 25
20 25 54 6
21 1 2 20
21 7 66 11
21 8 1 3
21 12 5 1
22 10 120 2
22 11 1 5
22 12 3 6
22 13 2 17
22 18 2 7
22 20 5 2
22 21 3 4
22 23 1 11
23 0 19 26
23 2 3 28
23 5 1 14
23 13 5 6
23 15 2 15
23 20 1 22
23 21 4 23
23 24 1 16
24 0 22 2
24 1 103 1
24 2 1 26
24 3 37 29
24 4 22 12
24 5 14 1
24 7 4 5
24 8 183 1
24 9 62 4
24 11 1 1
24 16 13 15
24 18 2 12
24 22 1 28
24 23 1 1
24 26 43 2
24 27 22 4
25 0 41 2
25 2 1 12
25 7 5 6
26 0 42 21
26 6 9 1
26 9 1 23
27 7 10 2
27 16 22 15
27 18 19 6
27 24 30 5
