0 1 70 1
0 2 9 26
0 3 30 9
0 4 1 2
0 5 5 14
0 6 1 8
0 7 164 1
0 8 45 1
0 9 5 20
0 10 2 14
0 13 4 27
0 16 101 1
0 17 138 1
0 19 40 6
0 20 40 18
0 23 5 29
0 24 77 1
1 0 309 4
1 2 89 29
1 3 68 1
1 4 15 26
1 5 214 1
1 6 168 1
1 7 178 1
1 8 342 1
1 9 6 9
1 10 7 22
1 11 2 15
1 14 85 7
1 16 104 1
1 17 27 1
1 19 114 27
1 20 1 22
1 21 55 1
1 22 3 8
1 23 56 3
1 24 46 1
1 27 1 6
2 1 28 16
2 3 4 10
2 4 149 1
2 5 56 1
2 7 5 1
2 8 23 25
2 10 2 7
2 16 56 1
2 17 27 1
2 20 9 5
3 0 63 1
3 1 36 1
3 2 13 14
3 4 27 1
3 5 35 1
3 6 23 1
3 7 9 17
3 8 12 28
3 10 207 2
3 11 10 3
3 12 1 29
3 14 30 7
3 15 1 20
3 16 30 25
3 17 7 8
3 20 32 4
3 24 42 1
3 25 1 7
4 0 1 4
4 1 71 1
4 2 122 1
4 3 20 1
4 5 34 1
4 6 121 1
4 7 77 2
4 9 2 25
4 10 27 16
4 11 4 16
4 12 1 4
4 15 64 5
4 16 4 2
4 17 4 15
4 18 1 2
4 20 1 23
4 24 1 5
5 0 67 1
5 1 50 1
5 3 12 25
5 4 1 29
5 7 201 1
5 8 111 1
5 9 169 1
5 10 28 18
5 16 2 20
5 17 1 4
5 18 6 7
5 24 34 1
6 1 161 1
6 3 177 2
6 5 242 1
6 7 19 1
6 8 31 29
6 9 34 1
6 10 206 1
6 11 89 1
6 18 1 23
6 20 146 22
6 24 53 6
6 25 1 10
7 0 63 1
7 1 8 13
7 2 1 24
7 5 3 1
7 6 153 1
7 8 91 26
7 9 5 11
7 10 70 5
7 11 9 11
7 12 1 27
7 13 1 27
7 14 6 14
7 15 1 7
7 16 56 1
7 18 1 1
7 19 106 2
7 20 58 1
7 22 4 16
7 23 1 15
7 25 57 14
8 0 38 1
8 1 131 8
8 2 3 17
8 3 39 1
8 4 260 1
8 5 213 1
8 6 38 1
8 7 2 27
8 9 6 5
8 10 11 13
8 11 12 18
8 13 69 2
8 14 8 3
8 16 93 1
8 17 215 1
8 20 105 2
8 23 70 1
8 24 55 1
8 26 8 11
8 27 2 3
9 3 48 23
9 5 324 1
9 6 217 1
9 8 129 3
9 10 18 16
9 12 1 11
9 14 122 2
9 15 11 29
9 17 16 1
9 26 50 28
10 0 175 4
10 1 5 21
10 2 172 1
10 4 9 2
10 5 58 10
10 7 143 1
10 8 7 24
10 9 4 7
10 11 2 9
10 12 104 1
10 14 4 26
10 15 150 1
10 20 108 15
10 23 70 1
10 25 40 14
10 27 48 4
11 1 158 1
11 2 4 4
11 3 135 1
11 5 91 1
11 7 8 20
11 8 381 1
11 9 202 1
11 10 11 25
11 14 194 1
11 15 2 14
11 18 100 18
11 20 27 1
11 23 162 3
11 24 2 4
11 26 3 24
11 27 129 2
12 0 2 17
12 1 1 24
12 2 15 9
12 4 10 6
12 5 1 5
12 9 1 26
12 10 129 1
12 16 51 8
12 21 1 23
12 24 1 23
13 3 1 23
13 8 1 2
13 10 10 25
13 12 5 1
13 14 23 1
13 15 9 6
13 22 1 2
13 23 8 17
14 0 1 1
14 3 7 1
14 7 13 3
14 8 180 22
14 10 20 10
14 11 19 1
14 12 7 1
14 13 24 1
14 17 3 11
14 24 3 3
15 0 68 1
15 7 180 1
15 8 66 1
15 9 5 6
15 10 26 1
15 11 1 2
15 14 32 2
15 19 2 29
15 20 1 3
15 24 2 12
16 0 159 1
16 1 3 8
16 3 57 1
16 4 2 24
16 5 44 1
16 8 27 1
16 17 12 1
16 18 1 12
16 21 7 28
16 24 25 2
17 0 2 14
17 1 124 1
17 2 4 13
17 3 8 5
17 4 166 1
17 5 21 3
17 6 106 1
17 8 10 10
17 9 2 19
17 10 8 3
17 11 6 15
17 12 1 21
17 16 187 1
17 23 1 21
18 4 240 1
18 5 93 1
18 6 36 1
18 9 1 24
18 10 1 11
18 14 1 22
18 16 201 1
18 20 2 10
18 21 1 29
19 0 103 1
19 7 47 3
19 18 8 1
19 20 198 1
19 22 1 10
20 0 227 6
20 1 123 1
20 2 2 26
20 3 19 25
20 4 3 1
20 6 129 2
20 15 1 25
20 18 3 4
20 19 6 14
21 3 3 9
21 6 9 21
21 12 3 7
21 14 9 14
21 15 2 27
21 19 1 9
21 25 7 2
22 6 1 25
22 7 1 2
22 9 1 16
22 10 117 1
22 11 129 3
22 15 1 17
22 17 28 13
22 21 5 19
22 23 1 2
23 3 26 26
23 7 6 12
23 8 4 7
23 17 11 2
23 20 1 1
23 22 1 7
24 0 106 1
24 1 55 1
24 3 21 1
24 4 22 1
24 5 57 1
24 6 1 8
24 7 25 8
24 8 114 1
24 11 12 20
24 16 3 23
24 17 7 24
24 18 19 26
24 23 5 2
25 0 40 1
25 2 1 17
25 7 15 17
25 8 70 2
25 14 2 4
25 16 23 10
25 18 15 27
25 27 5 1
26 0 4 18
26 1 39 12
26 24 1 13
27 8 3 27
27 25 22 25
