0 1 45 2
0 2 53 1
0 3 24 1
0 5 16 25
0 8 16 1
0 11 188 29
0 12 1 14
0 14 1 16
0 16 339 1
0 17 253 3
0 19 1 22
0 24 73 16
1 0 15 5
1 2 151 1
1 3 19 22
1 4 337 1
1 5 16 1
1 6 5 6
1 7 317 3
1 8 305 15
1 9 1 1
1 10 2 11
1 13 2 2
1 16 43 1
1 17 144 1
1 18 1 17
1 24 57 1
2 0 1 17
2 1 227 2
2 3 4 5
2 4 1 16
2 6 207 1
2 7 95 1
2 8 410 21
2 16 54 13
2 17 140 1
2 20 1 9
3 0 25 5
3 1 26 1
3 2 15 19
3 5 18 16
3 7 346 1
3 8 28 2
3 9 21 1
3 10 163 24
3 11 212 1
3 16 39 1
3 19 43 3
3 20 18 14
3 22 11 8
3 24 4 13
4 1 12 27
4 3 1 24
4 5 17 19
4 6 3 29
4 7 192 1
4 8 3 14
4 9 1 11
4 10 2 2
4 11 1 22
4 16 1 16
4 18 251 1
4 20 1 26
4 22 1 11
4 23 1 25
5 0 9 3
5 1 28 1
5 3 5 24
5 4 401 1
5 6 207 1
5 7 2 2
5 8 4 18
5 9 62 1
5 15 29 28
5 16 17 1
5 18 1 12
5 20 1 28
5 24 8 6
6 0 5 3
6 1 2 16
6 2 1 13
6 4 3 27
6 5 157 6
6 7 365 1
6 8 370 4
6 9 2 27
6 10 3 20
6 11 269 1
6 12 2 21
6 13 50 1
6 17 3 12
6 18 1 9
6 19 36 2
6 20 1 19
6 24 87 6
7 0 285 1
7 1 1 18
7 2 4 3
7 3 268 1
7 8 4 1
7 9 9 4
7 10 1 18
7 11 155 1
7 12 1 22
7 14 2 10
7 15 1 18
7 16 85 1
7 17 1 11
7 18 1 19
7 19 126 11
7 20 165 1
7 24 1 23
8 0 17 1
8 1 1 25
8 2 174 1
8 3 332 1
8 4 354 23
8 5 22 17
8 6 244 1
8 10 380 1
8 13 144 4
8 16 16 3
8 18 1 25
8 24 334 1
9 1 3 18
9 4 175 1
9 5 62 1
9 6 3 13
9 7 2 19
9 8 1 24
9 10 1 21
9 12 116 1
9 14 1 20
9 16 51 7
9 18 3 15
10 0 209 10
10 4 138 1
10 5 1 11
10 6 37 1
10 8 97 1
10 9 305 18
10 12 256 1
10 13 2 15
10 14 153 1
10 15 2 13
10 17 2 15
10 22 1 13
10 23 129 1
10 25 1 1
11 0 79 1
11 4 27 1
11 5 165 1
11 7 175 7
11 8 14 25
11 10 217 1
11 13 47 1
11 14 1 14
11 15 2 5
11 20 92 2
11 24 2 6
11 25 427 1
12 0 1 8
12 1 1 7
12 8 63 2
12 9 204 1
12 14 34 1
13 0 25 4
13 1 69 27
13 8 18 1
13 10 1 24
13 11 46 1
13 12 146 1
13 14 2 28
13 21 7 7
14 6 79 1
14 7 130 2
14 8 5 7
14 9 1 22
14 10 8 27
14 11 269 1
14 15 1 26
15 0 87 3
15 3 1 14
15 5 19 1
15 6 53 1
15 7 1 17
15 10 216 2
15 11 3 18
15 14 1 26
15 24 1 18
16 0 23 17
16 1 374 8
16 3 42 1
16 4 2 8
16 5 12 3
16 8 12 29
16 11 94 7
16 17 4 21
16 18 80 1
16 20 6 1
16 24 26 20
17 0 15 1
17 4 255 5
17 5 84 3
17 9 1 16
17 10 2 4
17 15 1 4
17 16 1 29
17 19 17 2
17 24 1 2
18 1 54 3
18 4 3 7
18 7 5 3
18 8 37 2
18 12 2 14
18 16 113 8
19 0 205 27
19 1 59 2
19 3 22 2
19 6 2 8
19 11 77 1
20 0 2 11
20 1 188 6
20 8 2 8
20 11 1 22
20 12 2 23
20 14 11 3
20 19 315 1
21 3 1 6
21 12 43 2
22 9 1 28
22 11 125 10
22 13 1 8
22 23 20 1
22 26 9 17
23 4 16 5
23 7 1 21
23 11 201 3
23 12 32 1
23 14 16 3
23 15 13 2
23 20 1 20
23 22 1 24
23 26 16 5
24 0 353 2
24 1 29 1
24 3 360 2
24 5 27 1
24 7 3 23
24 8 368 9
24 9 77 2
24 11 14 1
24 16 52 1
24 20 15 3
24 26 49 18
24 27 30 11
25 1 2 11
25 2 1 20
25 7 66 8
25 11 416 1
25 15 19 9
25 16 20 17
25 22 11 3
25 27 4 1
26 3 1 9
26 4 45 8
26 9 32 12
26 11 1 19
26 15 1 10
26 18 1 11
27 0 43 2
27 3 1 2
27 21 6 4
27 24 28 9
