0 1 16 19
0 2 49 29
0 3 11 27
0 4 59 12
0 5 13 6
0 6 14 3
0 7 44 1
0 8 50 20
0 9 3 19
0 10 5 12
0 11 1 1
0 12 1 24
0 15 3 24
0 16 56 18
0 17 54 1
0 19 23 23
0 22 1 2
0 24 17 2
1 0 11 18
1 2 238 1
1 3 69 10
1 4 86 22
1 5 12 14
1 7 67 2
1 8 28 26
1 9 2 17
1 10 3 25
1 11 1 14
1 12 1 4
1 16 21 12
1 17 5 11
1 18 131 2
1 19 139 14
1 22 2 22
1 24 25 17
1 25 56 1
2 0 138 2
2 1 37 9
2 3 93 1
2 4 61 1
2 6 3 14
2 7 21 21
2 8 82 18
2 9 100 3
2 11 152 21
2 14 35 1
2 25 2 27
3 0 19 6
3 1 20 9
3 2 21 1
3 5 24 14
3 7 57 27
3 8 21 26
3 9 1 6
3 10 152 1
3 11 6 23
3 12 1 10
3 16 13 18
3 24 30 19
3 25 3 12
4 0 2 12
4 1 76 1
4 3 133 1
4 5 4 2
4 7 24 1
4 8 330 1
4 10 1 24
4 11 1 12
4 13 2 16
4 16 1 27
4 17 1 27
4 18 5 22
4 21 57 9
4 22 3 2
4 23 2 6
4 25 15 2
5 0 48 13
5 1 14 10
5 3 29 27
5 4 9 9
5 6 36 12
5 8 12 7
5 9 6 29
5 10 1 21
5 16 14 3
5 24 17 23
6 0 237 1
6 1 1 9
6 2 97 1
6 3 86 1
6 4 98 1
6 5 9 12
6 7 1 6
6 8 31 14
6 9 148 1
6 11 13 2
6 12 1 23
6 15 31 3
6 17 195 1
6 24 32 1
6 25 1 22
6 26 13 25
7 1 1 15
7 2 3 27
7 3 3 12
7 4 2 17
7 5 1 9
7 6 6 1
7 8 13 1
7 9 10 9
7 10 137 1
7 11 88 1
7 12 1 25
7 13 1 27
7 20 15 2
7 22 2 12
7 24 125 2
7 26 59 1
8 0 13 8
8 1 12 28
8 2 84 1
8 3 14 6
8 4 96 1
8 5 102 13
8 6 34 26
8 7 191 1
8 10 142 1
8 11 5 7
8 13 25 1
8 14 1 18
8 15 2 8
8 16 13 1
8 17 165 2
8 24 13 24
8 27 91 16
9 1 203 1
9 4 11 27
9 5 5 22
9 6 1 16
9 8 29 1
9 10 3 13
9 11 1 12
9 12 4 29
9 18 2 10
9 20 13 1
9 25 75 4
10 1 2 25
10 2 119 1
10 3 1 29
10 5 15 1
10 6 13 8
10 7 18 1
10 8 4 1
10 9 5 23
10 11 262 28
10 12 25 2
10 13 136 1
10 14 185 23
10 16 49 2
10 18 5 5
10 23 33 1
10 26 62 1
11 0 1 1
11 1 92 1
11 3 23 2
11 5 41 2
11 6 7 3
11 7 187 12
11 8 258 1
11 9 114 1
11 10 5 29
11 14 43 1
11 15 61 11
11 16 87 7
11 18 108 2
11 19 76 16
11 22 125 2
11 23 126 1
11 24 59 1
11 25 29 20
12 3 22 4
12 5 1 27
12 6 3 21
12 8 2 3
12 9 25 2
12 13 22 1
12 14 1 25
12 16 42 6
12 20 1 16
12 22 35 1
13 2 1 26
13 3 1 7
13 4 74 1
13 5 2 8
13 7 1 5
13 8 1 3
13 9 1 26
13 10 188 1
13 11 14 2
13 12 3 18
13 23 4 4
14 2 29 2
14 4 1 18
14 5 1 9
14 6 1 9
14 8 98 1
14 9 43 1
14 10 11 1
14 11 3 13
14 15 3 29
14 17 5 24
14 25 1 26
15 0 49 2
15 7 38 1
15 8 20 2
15 10 2 10
15 11 4 26
15 13 1 16
15 14 2 12
15 17 25 16
15 23 1 17
16 0 13 4
16 1 19 19
16 2 5 1
16 3 18 27
16 5 13 7
16 8 12 13
16 9 9 15
16 17 109 1
16 18 41 15
16 24 13 21
17 0 2 2
17 2 2 9
17 3 1 7
17 4 84 1
17 6 34 2
17 7 100 3
17 15 2 13
17 16 38 1
17 18 145 4
17 20 6 20
18 1 1 21
18 2 32 5
18 3 14 11
18 4 69 1
18 6 6 1
18 10 1 6
18 12 1 5
18 16 78 2
18 17 1 1
18 19 36 3
18 24 1 21
19 1 1 15
19 3 1 19
19 6 4 1
19 8 1 1
19 12 2 23
19 16 12 7
19 20 79 1
20 0 148 1
20 1 72 1
20 3 1 28
20 4 1 23
20 7 197 2
20 8 1 3
20 9 2 8
20 11 47 3
20 18 8 28
20 19 4 13
20 22 1 11
20 24 7 3
21 1 1 4
21 3 1 6
21 9 55 7
21 20 3 9
21 26 4 22
22 1 55 4
22 9 1 27
22 10 77 4
22 11 102 1
22 12 4 22
22 23 2 24
22 27 6 1
23 0 1 22
23 5 11 26
23 10 1 12
23 11 21 2
23 18 2 5
24 0 13 13
24 1 15 14
24 3 21 27
24 5 18 13
24 6 97 5
24 8 13 14
24 9 45 1
24 10 81 2
24 11 5 15
24 14 9 27
24 15 15 10
24 16 17 3
24 19 14 29
25 6 1 25
25 7 53 1
25 11 87 11
25 15 1 24
25 17 12 2
26 3 27 1
26 11 3 29
26 14 16 4
26 17 1 29
26 21 2 19
26 27 68 2
27 1 10 2
27 8 1 16
27 9 1 29
27 10 67 3
27 11 66 1
27 25 38 8
