0 1 48 26
0 2 1 2
0 3 11 12
0 5 28 13
0 6 7 6
0 7 44 1
0 8 23 25
0 9 5 25
0 10 1 16
0 11 1 2
0 12 106 13
0 13 58 8
0 15 5 28
0 16 94 8
0 17 53 1
0 18 1 4
0 19 148 1
0 20 1 24
0 24 35 28
0 25 78 1
0 26 11 25
1 0 12 18
1 2 234 1
1 3 15 6
1 4 6 5
1 5 30 8
1 6 2 1
1 8 12 8
1 9 193 9
1 10 1 6
1 16 14 24
1 17 1 1
1 22 1 15
1 24 13 29
1 25 55 6
1 27 1 16
2 1 1 16
2 3 89 1
2 4 60 2
2 5 25 1
2 6 13 19
2 7 2 13
2 8 154 1
2 10 1 6
2 14 35 1
2 15 12 4
2 27 1 6
3 0 11 23
3 1 48 10
3 2 20 1
3 5 13 11
3 7 238 4
3 8 76 20
3 10 151 2
3 15 1 25
3 16 78 15
3 20 41 15
3 24 27 5
3 25 1 10
4 0 4 2
4 1 74 1
4 2 36 1
4 3 132 2
4 5 8 23
4 6 1 21
4 7 24 2
4 8 329 4
4 9 70 2
4 11 1 7
4 12 2 25
4 14 69 2
4 16 8 15
4 18 1 23
4 19 66 5
5 0 33 18
5 1 12 7
5 3 104 29
5 4 2 15
5 6 132 1
5 7 170 1
5 8 11 11
5 9 3 19
5 10 2 5
5 12 111 1
5 13 1 7
5 16 14 23
5 18 9 21
5 20 9 25
5 24 25 17
6 0 236 2
6 1 1 10
6 2 95 1
6 3 85 2
6 4 96 1
6 5 113 10
6 7 8 29
6 8 364 1
6 9 145 1
6 10 2 1
6 12 41 16
6 17 194 2
6 24 32 2
6 27 2 26
7 3 15 24
7 6 5 2
7 8 12 1
7 9 1 19
7 10 138 10
7 11 81 1
7 13 26 23
7 14 185 23
7 15 246 1
7 16 39 1
7 18 2 2
7 19 79 1
7 21 12 11
7 22 5 7
7 23 96 6
7 26 58 6
8 0 14 23
8 1 30 10
8 2 82 1
8 3 20 2
8 4 95 1
8 5 19 25
8 6 16 2
8 7 188 1
8 9 26 17
8 10 137 1
8 11 1 20
8 12 173 2
8 13 24 2
8 14 5 18
8 16 42 16
8 24 21 12
9 1 203 1
9 2 1 29
9 4 41 22
9 5 4 28
9 7 206 1
9 8 28 2
9 10 22 19
9 11 111 12
9 12 2 10
9 14 66 1
9 18 2 15
9 19 1 11
9 20 13 6
9 27 1 21
10 1 64 9
10 2 118 1
10 3 4 7
10 5 14 1
10 6 8 11
10 7 18 1
10 8 3 4
10 9 3 3
10 11 240 20
10 13 135 1
10 15 38 2
10 17 171 3
10 18 31 10
10 21 1 12
10 23 32 4
10 24 3 9
10 25 9 9
10 26 61 2
11 0 2 5
11 1 91 2
11 2 2 15
11 6 1 19
11 7 5 1
11 8 257 1
11 9 113 1
11 10 7 24
11 12 126 1
11 14 43 1
11 15 16 3
11 17 33 1
11 19 2 18
11 23 125 1
11 24 58 1
11 25 5 25
11 27 63 1
12 5 1 11
12 9 2 27
12 10 41 2
12 11 167 7
12 13 22 1
12 14 1 13
12 15 31 5
12 18 3 4
12 22 34 4
13 2 1 23
13 4 73 4
13 7 1 12
13 9 16 1
13 10 187 2
13 11 1 13
13 16 1 10
13 22 1 26
14 0 1 8
14 8 97 1
14 9 43 1
14 10 10 1
14 11 1 13
14 17 1 1
14 25 2 24
14 27 2 6
15 7 37 2
15 11 24 19
15 14 2 28
15 16 24 6
15 17 1 25
15 20 1 10
15 23 1 8
15 25 17 6
16 0 16 12
16 1 14 8
16 2 6 22
16 3 13 10
16 5 13 11
16 6 102 3
16 7 2 1
16 8 30 13
16 12 2 3
16 15 1 8
16 17 108 1
16 18 3 22
16 24 19 22
17 0 1 22
17 2 1 28
17 3 32 28
17 4 83 1
17 11 3 3
17 12 113 4
17 15 3 24
17 16 38 1
17 25 1 27
18 1 3 13
18 4 68 1
18 6 5 7
18 9 1 19
18 10 3 8
18 12 7 23
18 17 2 18
19 4 22 1
19 6 5 25
19 7 20 2
19 8 1 2
19 11 20 1
19 13 3 1
19 17 6 6
19 20 77 1
20 0 147 1
20 1 72 1
20 4 17 9
20 6 100 1
20 10 2 16
20 11 6 3
20 19 1 29
20 21 2 11
20 23 2 10
20 25 42 12
21 1 3 2
21 7 59 9
21 8 1 10
22 1 1 22
22 3 1 19
22 11 101 1
22 18 17 4
22 21 6 3
22 24 1 1
22 27 7 1
23 0 1 27
23 2 8 14
23 5 1 5
23 6 4 2
23 24 13 10
24 0 19 12
24 1 33 25
24 2 1 21
24 3 13 9
24 5 49 12
24 8 14 24
24 9 45 6
24 13 5 10
24 16 13 28
24 27 14 2
25 2 2 9
25 7 52 11
25 8 29 1
25 10 57 1
25 11 19 18
25 12 57 17
25 27 1 13
26 3 27 22
26 8 70 3
26 9 5 10
26 18 2 19
26 25 2 23
27 2 1 5
27 9 1 22
27 11 66 1
27 12 1 2
