0 1 4 22
0 2 54 3
0 3 9 1
0 4 270 18
0 5 40 21
0 6 28 9
0 7 24 1
0 8 57 1
0 9 6 24
0 10 1 26
0 11 26 2
0 12 5 20
0 15 1 1
0 16 31 9
0 17 37 1
0 19 10 1
0 20 6 2
0 24 63 7
1 0 24 26
1 2 54 1
1 3 16 21
1 4 2 1
1 6 2 20
1 8 441 1
1 12 6 2
1 14 57 5
1 16 14 3
1 17 2 28
1 20 153 8
1 21 51 2
1 22 24 20
1 24 107 29
1 26 46 22
1 27 1 27
2 0 108 1
2 1 17 1
2 3 8 1
2 4 42 1
2 5 17 2
2 6 1 8
2 7 4 27
2 8 1 20
2 10 10 17
2 17 1 19
2 20 3 5
3 0 9 4
3 1 19 14
3 2 1 27
3 6 1 8
3 7 6 9
3 8 96 19
3 10 133 1
3 11 8 5
3 13 1 1
3 15 3 19
3 16 69 4
3 17 1 17
3 23 3 22
3 24 196 20
4 0 1 26
4 1 21 1
4 2 21 2
4 5 3 5
4 6 1 2
4 7 15 3
4 8 302 1
4 9 348 1
4 10 10 20
4 13 1 17
4 15 47 1
4 16 44 15
4 18 5 13
4 24 25 9
5 0 169 9
5 1 231 5
5 3 27 11
5 4 83 17
5 6 81 1
5 7 149 1
5 8 28 28
5 9 4 25
5 10 3 24
5 11 119 1
5 12 96 1
5 14 1 29
5 16 65 28
5 17 21 20
5 18 2 20
5 23 8 1
5 24 32 16
6 0 228 2
6 1 5 7
6 2 61 1
6 3 64 1
6 4 37 1
6 7 7 2
6 8 7 11
6 9 65 1
6 10 2 22
6 11 5 1
6 17 177 1
6 22 22 1
6 25 1 4
7 3 28 4
7 4 2 8
7 5 3 1
7 10 4 21
7 11 42 1
7 13 1 10
7 14 185 4
7 15 241 1
7 18 111 19
7 21 1 25
7 22 1 26
7 25 163 2
7 26 53 1
8 0 47 21
8 1 158 2
8 2 305 5
8 3 164 22
8 4 62 1
8 5 60 1
8 6 11 18
8 7 109 1
8 10 182 1
8 11 1 29
8 12 160 1
8 13 17 1
8 15 134 4
8 16 192 6
8 17 150 1
8 20 46 2
8 22 61 1
8 24 85 29
8 25 7 19
9 2 10 24
9 4 3 22
9 5 8 17
9 6 2 13
9 7 192 1
9 8 12 21
9 10 24 23
9 12 18 16
9 14 52 1
9 19 5 1
9 23 2 5
9 27 2 4
10 2 90 1
10 3 1 21
10 4 1 18
10 5 118 1
10 6 8 5
10 8 47 11
10 9 5 24
10 11 258 1
10 13 109 1
10 14 216 1
10 15 20 1
10 17 168 1
10 20 1 8
10 23 25 2
10 25 87 23
10 27 3 1
11 0 1 23
11 1 76 2
11 2 1 24
11 3 8 1
11 4 1 28
11 6 7 7
11 7 162 1
11 8 210 1
11 9 92 1
11 10 210 7
11 12 117 4
11 14 19 1
11 15 1 29
11 16 86 4
11 18 1 10
11 22 120 1
11 23 106 1
11 24 147 1
11 25 10 13
11 26 1 19
11 27 49 1
12 4 1 25
12 5 1 27
12 6 2 23
12 8 1 16
12 9 4 3
12 10 26 1
12 22 27 1
12 25 52 29
13 7 2 3
13 8 1 22
13 9 2 25
13 10 166 1
13 12 2 29
13 14 1 7
13 16 12 6
14 0 1 20
14 4 1 19
14 5 2 4
14 8 73 2
14 11 1 29
14 18 40 1
14 23 12 5
14 25 2 11
14 27 1 9
15 1 40 6
15 7 16 1
15 8 13 1
15 10 2 10
15 11 2 2
15 14 1 17
15 17 1 7
15 23 1 26
16 0 1 4
16 1 223 1
16 2 6 22
16 3 1 11
16 4 1 29
16 5 1 25
16 8 1 2
16 9 41 26
16 10 1 7
16 12 31 10
16 17 73 1
16 18 21 13
16 24 62 26
17 0 6 8
17 1 1 8
17 4 65 1
17 6 21 2
17 9 1 21
17 10 7 7
17 14 55 10
17 16 16 1
17 20 1 4
17 21 1 15
17 25 1 10
18 3 3 17
18 4 37 1
18 5 64 1
18 10 1 16
18 12 2 17
18 16 49 1
18 17 1 14
18 22 12 18
18 26 1 25
19 0 1 16
19 1 1 1
19 7 15 1
19 15 1 15
19 16 12 22
19 20 23 1
19 21 2 3
19 26 2 8
20 0 123 1
20 1 60 2
20 3 40 29
20 4 5 14
20 6 92 2
20 7 192 26
20 10 1 13
20 12 1 27
20 18 1 7
20 19 7 18
21 1 3 21
21 8 1 6
21 17 2 4
21 19 4 19
21 24 15 15
22 7 1 9
22 9 13 7
22 27 1 2
23 7 115 20
23 15 2 4
23 22 1 26
23 26 3 8
24 0 28 25
24 1 2 10
24 3 10 3
24 4 10 1
24 5 26 18
24 6 95 3
24 8 32 1
24 9 41 3
24 10 70 2
24 13 5 1
24 16 56 19
24 18 7 7
25 0 18 3
25 7 153 1
25 9 72 4
25 10 44 2
25 11 25 17
25 15 4 9
25 16 1 7
25 20 25 12
26 2 3 16
26 4 28 18
26 11 1 18
26 23 1 29
26 27 51 2
27 0 12 7
27 6 1 27
27 8 100 24
27 11 51 1
27 12 2 24
27 15 1 11
27 18 14 13
27 20 2 19
27 25 37 24
