0 2 5 28
0 3 63 20
0 5 160 1
0 6 1 14
0 8 59 2
0 9 68 29
0 10 11 13
0 11 24 2
0 16 78 22
0 18 1 6
0 19 4 1
0 23 4 4
0 24 91 2
1 0 128 29
1 2 34 1
1 3 89 1
1 4 4 24
1 5 29 1
1 6 2 25
1 8 18 19
1 9 196 1
1 10 1 21
1 12 4 4
1 14 56 6
1 16 26 1
1 17 1 8
1 18 2 17
1 19 133 1
1 23 1 14
1 24 34 20
1 25 50 6
1 26 8 21
1 27 1 29
2 0 104 1
2 1 3 10
2 3 4 1
2 4 39 2
2 5 16 2
2 6 3 28
2 7 102 11
2 8 297 2
2 9 90 1
2 15 10 2
2 16 52 2
2 18 57 9
2 20 3 4
2 25 3 1
2 27 1 24
3 0 14 29
3 1 11 11
3 2 1 24
3 5 2 16
3 7 1 13
3 8 98 15
3 11 11 19
3 14 6 8
3 17 2 9
3 18 1 1
3 23 1 9
3 24 14 17
3 25 1 2
4 0 188 10
4 1 15 1
4 2 19 1
4 3 118 1
4 5 27 20
4 6 2 23
4 8 297 1
4 9 345 1
4 11 4 17
4 14 62 6
4 17 15 25
4 18 27 4
4 19 60 1
4 20 1 4
4 24 14 7
5 0 97 1
5 1 239 9
5 3 80 11
5 4 67 13
5 6 181 1
5 7 146 1
5 8 34 26
5 9 14 28
5 11 117 2
5 15 13 3
5 16 7 3
5 17 2 10
5 18 57 6
5 24 82 1
5 25 5 27
6 0 225 3
6 1 12 26
6 2 57 1
6 4 79 1
6 5 39 1
6 7 5 4
6 8 42 1
6 9 55 1
6 10 1 17
6 11 4 1
6 14 2 17
6 17 174 1
6 20 138 4
6 23 67 2
6 24 27 1
6 25 1 26
7 3 2 29
7 5 5 4
7 9 14 11
7 10 142 11
7 11 26 1
7 13 4 5
7 14 184 1
7 15 237 1
7 17 187 18
7 19 71 1
7 20 7 6
7 24 103 1
7 26 53 2
8 0 26 1
8 1 144 16
8 2 302 1
8 3 26 1
8 4 58 1
8 5 8 1
8 6 55 25
8 7 90 1
8 9 317 1
8 10 150 1
8 11 214 28
8 12 158 1
8 14 1 6
8 16 43 19
8 17 148 2
8 19 3 22
8 21 1 23
8 22 60 1
8 24 15 1
9 1 178 1
9 4 2 17
9 5 5 8
9 6 2 9
9 8 361 1
9 10 11 9
9 12 9 11
9 14 50 1
9 16 7 2
9 22 2 10
9 23 8 14
9 24 1 13
10 0 113 1
10 1 1 25
10 3 1 28
10 5 112 1
10 6 65 6
10 7 3 1
10 8 387 1
10 9 69 29
10 11 27 1
10 12 11 3
10 13 106 1
10 14 177 1
10 16 45 3
10 17 4 2
10 18 1 12
10 21 8 10
10 25 9 5
11 0 1 12
11 2 5 16
11 6 4 17
11 7 128 25
11 8 203 1
11 9 89 1
11 10 2 4
11 12 116 3
11 13 21 29
11 14 16 1
11 17 26 3
11 22 119 1
11 23 103 1
11 24 140 1
11 25 2 19
11 26 3 28
11 27 47 2
12 0 6 13
12 5 1 5
12 6 1 12
12 8 1 18
12 9 102 23
12 13 124 1
12 14 10 10
12 15 25 2
12 20 8 5
12 26 1 25
13 6 86 1
13 7 10 3
13 9 9 8
13 10 162 1
13 11 3 21
13 12 1 14
13 14 2 16
13 20 1 3
13 23 3 2
13 26 7 21
14 1 80 1
14 4 1 1
14 6 3 29
14 7 2 27
14 8 70 1
14 9 29 1
14 11 1 28
14 12 1 7
14 13 1 8
14 19 1 6
14 23 12 29
15 0 43 2
15 4 1 8
15 8 12 1
15 10 2 14
15 11 10 12
15 14 1 14
15 23 1 23
15 27 1 22
16 0 71 1
16 1 14 12
16 3 50 24
16 5 33 28
16 6 98 2
16 7 1 2
16 8 14 11
16 17 68 1
16 18 2 20
16 20 1 24
16 24 59 1
17 1 1 6
17 3 5 12
17 6 20 1
17 7 88 2
17 8 210 3
17 10 43 3
17 11 6 2
17 13 3 1
17 16 14 1
17 18 137 1
17 25 1 16
18 0 9 24
18 3 20 23
18 4 33 1
18 7 2 19
18 8 1 7
18 10 1 12
18 11 1 1
18 12 61 3
18 16 45 2
18 17 2 11
18 20 2 20
19 3 1 29
19 11 16 1
19 16 2 10
19 20 17 1
20 0 120 1
20 1 59 1
20 4 2 28
20 11 1 11
20 17 1 18
20 25 39 2
21 9 53 1
22 0 7 1
22 8 17 2
22 9 1 10
22 10 66 1
22 11 92 2
22 15 1 23
22 18 1 22
23 10 1 28
23 11 9 4
23 14 1 20
24 0 65 3
24 1 4 5
24 3 2 1
24 5 226 1
24 8 210 1
24 14 12 15
24 16 45 1
25 5 2 17
25 7 149 2
25 10 42 1
25 11 86 23
25 15 2 5
25 17 9 4
25 22 5 9
26 0 54 18
26 5 9 14
26 7 89 1
26 11 2 24
26 14 15 9
26 23 15 1
26 24 1 10
27 1 1 5
27 5 18 22
27 11 49 1
27 25 2 2
27 26 2 14
