0 1 94 1
0 3 201 1
0 4 270 24
0 5 177 1
0 6 6 22
0 7 16 2
0 8 35 1
0 10 44 21
0 11 19 1
0 15 2 12
0 16 235 1
0 17 29 2
0 18 1 17
0 19 116 1
0 20 59 16
0 22 1 6
0 24 112 1
0 25 73 2
1 0 118 1
1 2 131 1
1 3 42 1
1 4 1 18
1 5 33 1
1 6 5 19
1 7 36 1
1 8 24 1
1 11 198 1
1 12 12 28
1 13 70 27
1 15 68 1
1 16 127 1
1 17 5 15
1 19 129 1
1 24 41 1
1 26 1 19
2 0 92 1
2 1 403 1
2 4 33 1
2 5 14 2
2 6 2 16
2 7 28 11
2 8 7 4
2 9 87 1
2 11 40 3
2 15 9 2
2 18 56 4
2 25 1 10
3 0 7 25
3 1 85 1
3 2 4 23
3 4 1 19
3 5 39 26
3 7 2 3
3 8 7 4
3 9 2 15
3 10 122 1
3 11 6 14
3 13 2 8
3 14 36 13
3 16 83 21
3 24 12 1
3 25 1 27
4 0 34 5
4 1 5 1
4 2 14 2
4 3 112 2
4 5 6 28
4 6 2 26
4 7 11 4
4 8 283 1
4 9 337 1
4 12 1 26
4 14 60 2
4 16 1 15
4 18 16 23
4 19 57 3
4 20 2 8
4 25 1 15
5 0 37 1
5 1 103 1
5 3 4 25
5 4 73 11
5 6 115 1
5 7 137 2
5 8 96 1
5 9 61 13
5 10 1 16
5 11 113 1
5 12 88 1
5 14 1 23
5 16 80 1
5 24 76 3
5 26 1 14
6 0 218 12
6 1 3 23
6 2 45 1
6 3 53 1
6 4 31 1
6 5 268 1
6 7 1 4
6 8 1 1
6 9 33 1
6 10 1 12
6 11 2 1
6 16 16 2
6 17 167 1
6 18 14 26
6 25 62 8
6 26 10 29
7 3 4 28
7 4 56 9
7 5 1 24
7 8 2 11
7 9 2 4
7 11 2 1
7 15 226 1
7 16 33 2
7 19 68 1
7 20 5 7
7 21 2 15
7 22 12 28
7 24 96 1
7 25 161 1
8 0 3 21
8 1 172 1
8 2 271 1
8 3 88 1
8 4 47 1
8 5 103 1
8 6 15 19
8 7 45 1
8 9 1 21
8 10 81 1
8 11 1 3
8 14 1 7
8 15 2 1
8 16 48 18
8 17 142 1
8 18 151 1
8 20 41 2
8 24 222 1
9 1 169 1
9 2 1 20
9 3 1 5
9 4 1 11
9 5 5 6
9 6 3 29
9 7 184 1
9 8 348 1
9 10 8 20
9 13 27 4
9 18 1 28
9 24 1 20
9 27 11 15
10 0 108 2
10 1 1 22
10 2 75 1
10 3 3 28
10 4 1 12
10 5 99 1
10 6 2 12
10 8 5 4
10 9 259 26
10 11 15 1
10 13 96 1
10 14 207 1
10 15 12 3
10 18 14 22
10 21 4 18
10 22 98 2
10 24 1 21
11 1 68 2
11 2 3 22
11 3 3 2
11 6 1 18
11 7 125 11
11 8 185 1
11 9 81 1
11 10 32 10
11 12 113 1
11 14 10 2
11 15 4 5
11 16 85 3
11 17 24 4
11 19 2 19
11 21 61 2
11 23 95 1
11 24 24 1
11 25 49 29
11 27 42 1
12 0 6 5
12 3 17 1
12 4 10 9
12 6 1 29
12 9 8 10
12 10 19 2
12 13 116 1
12 14 1 8
12 23 8 28
13 6 84 5
13 8 2 27
13 9 1 5
13 10 153 1
13 12 2 28
13 14 1 26
13 20 4 17
13 24 2 25
13 25 1 2
14 1 78 2
14 4 1 17
14 6 1 2
14 7 1 25
14 8 61 1
14 9 24 3
14 10 1 20
14 11 2 16
14 12 1 16
14 13 3 28
14 15 13 2
14 16 1 3
14 21 6 2
15 0 41 1
15 4 1 13
15 7 8 1
15 10 2 20
15 11 4 28
15 14 1 22
15 18 1 17
15 20 66 14
16 0 30 5
16 1 42 3
16 3 24 6
16 5 97 1
16 6 96 4
16 7 1 2
16 8 76 1
16 11 73 1
16 17 56 1
16 22 16 16
16 24 18 1
17 0 73 29
17 1 3 17
17 2 2 16
17 4 56 2
17 6 16 1
17 10 43 19
17 11 1 4
17 18 134 1
17 19 1 13
17 23 7 13
17 25 1 24
18 1 2 24
18 2 26 1
18 3 16 11
18 4 23 1
18 9 1 26
18 12 3 16
18 14 1 6
18 16 36 1
18 17 15 20
18 22 12 5
18 24 1 4
18 27 1 2
19 0 1 29
19 1 2 9
19 4 14 8
19 8 21 19
19 17 3 2
19 20 6 1
19 21 2 7
20 0 110 1
20 1 54 2
20 3 2 1
20 7 6 4
20 10 94 18
20 17 1 3
20 18 2 29
20 19 16 1
21 2 1 13
21 8 2 25
21 9 52 1
21 17 1 20
22 3 2 8
22 6 68 29
22 7 1 21
22 8 15 1
22 10 62 1
22 11 88 2
22 12 6 15
22 15 1 23
22 18 1 10
22 27 1 15
23 0 3 28
23 2 6 7
23 5 1 2
23 7 3 1
23 16 6 5
23 17 4 11
23 22 2 21
24 0 47 1
24 1 122 1
24 3 33 1
24 5 15 1
24 7 170 1
24 8 31 1
24 10 64 3
24 11 27 6
24 16 29 8
24 18 19 13
24 25 1 18
24 26 17 7
24 27 11 2
25 1 86 2
25 2 2 16
25 7 36 2
25 9 71 1
25 11 111 25
25 13 9 14
25 16 1 16
25 18 10 2
25 20 24 4
25 24 12 4
26 4 28 3
26 9 1 3
26 11 1 29
26 25 1 26
26 27 42 2
27 1 56 11
27 6 2 23
27 11 44 1
