0 1 18 5
0 2 6 20
0 3 48 2
0 4 3 18
0 5 125 1
0 6 44 19
0 7 13 3
0 8 225 1
0 10 2 17
0 11 177 1
0 12 5 28
0 15 8 27
0 16 169 1
0 17 27 1
0 19 108 1
0 24 141 1
0 27 13 1
1 0 96 2
1 2 106 3
1 3 140 1
1 4 1 26
1 5 12 1
1 6 3 26
1 7 32 2
1 8 379 1
1 15 67 3
1 16 67 23
1 17 4 23
1 20 1 9
1 24 20 1
1 25 48 1
2 0 86 1
2 1 378 1
2 3 1 2
2 4 29 2
2 5 13 1
2 6 1 20
2 7 1 5
2 8 2 1
2 9 85 1
2 10 1 16
3 0 90 1
3 1 278 1
3 2 4 18
3 5 57 24
3 6 2 27
3 7 84 4
3 8 59 1
3 10 118 1
3 11 1 28
3 16 153 1
3 17 3 29
3 24 207 2
4 2 12 1
4 3 109 1
4 5 54 27
4 6 3 4
4 8 275 1
4 9 332 1
4 10 1 13
4 14 59 4
4 17 1 16
4 18 1 4
4 20 1 9
5 0 67 1
5 1 25 29
5 2 1 1
5 3 87 21
5 6 59 1
5 8 34 1
5 9 22 26
5 11 110 1
5 12 84 2
5 16 49 1
5 17 5 14
5 24 148 1
5 25 2 22
6 0 9 2
6 1 3 1
6 2 39 1
6 3 49 1
6 4 17 16
6 5 153 1
6 7 26 10
6 8 1 6
6 9 23 1
6 10 2 4
6 14 11 23
6 17 163 1
6 20 136 3
6 23 65 5
6 27 3 12
7 2 67 3
7 3 4 14
7 4 6 19
7 5 1 6
7 6 1 2
7 8 4 13
7 9 8 24
7 13 4 15
7 15 220 1
7 20 4 1
7 21 1 4
7 22 1 8
7 24 92 1
7 26 50 1
8 0 226 2
8 1 32 16
8 2 248 1
8 3 12 1
8 4 42 1
8 5 108 1
8 6 20 17
8 7 26 1
8 9 58 1
8 10 237 6
8 11 1 7
8 13 11 3
8 14 2 2
8 15 132 1
8 16 16 22
8 17 139 2
8 18 149 4
8 23 37 5
8 24 160 1
9 4 2 21
9 5 39 10
9 6 5 6
9 7 180 1
9 8 343 1
9 10 4 3
9 12 3 6
9 13 26 2
9 14 42 2
9 15 5 22
9 16 5 10
9 19 1 26
9 22 1 16
9 26 49 2
10 0 105 2
10 1 10 9
10 2 69 1
10 3 4 15
10 5 92 1
10 6 4 28
10 8 353 1
10 9 1 17
10 11 261 1
10 12 6 1
10 13 90 1
10 14 193 1
10 15 10 1
10 17 165 1
10 18 5 9
10 24 6 16
10 27 3 29
11 0 1 11
11 1 65 1
11 5 24 4
11 7 93 1
11 8 175 1
11 9 76 2
11 10 20 5
11 13 3 8
11 14 7 2
11 23 91 1
11 24 15 1
11 25 42 12
11 26 20 11
11 27 39 1
12 4 13 17
12 6 1 10
12 7 38 2
12 9 1 17
12 11 164 1
12 13 111 1
12 15 22 1
12 16 38 2
12 17 1 2
12 20 4 11
12 21 93 19
12 22 22 1
13 2 2 28
13 6 83 6
13 8 2 25
13 9 2 24
13 11 1 15
13 12 1 6
14 1 77 4
14 2 25 9
14 6 1 27
14 7 1 8
14 8 56 2
14 9 22 1
14 10 1 21
14 11 5 10
14 13 1 6
14 15 83 1
14 17 1 18
14 20 30 7
15 0 40 4
15 2 2 17
15 3 31 26
15 7 6 1
15 11 196 1
15 12 51 5
15 13 1 13
15 14 3 2
15 19 8 20
15 24 22 3
16 0 30 1
16 1 15 1
16 3 19 1
16 5 49 1
16 7 2 24
16 8 27 1
16 13 1 27
16 15 1 19
16 17 49 1
16 18 3 11
16 24 130 3
16 25 1 3
17 0 26 18
17 1 2 24
17 2 1 23
17 6 14 2
17 7 82 1
17 8 25 24
17 11 30 18
17 12 111 4
17 14 53 5
17 15 6 20
17 16 5 2
17 20 2 4
17 24 3 5
17 25 1 15
17 26 1 14
18 0 2 11
18 1 1 20
18 4 19 1
18 5 58 2
18 8 1 11
18 10 1 5
18 16 31 1
18 17 4 28
18 20 4 14
18 21 27 12
18 26 1 8
19 1 1 3
19 3 1 6
19 6 1 23
19 11 13 9
19 20 2 1
19 21 2 20
20 3 1 27
20 4 19 26
20 5 1 4
20 7 4 25
20 10 1 20
20 17 1 12
20 19 7 10
20 22 1 25
20 25 38 1
21 7 56 1
21 9 51 1
21 13 11 23
21 17 3 23
21 23 1 13
21 27 9 5
22 1 57 3
22 6 2 18
22 7 22 2
22 9 34 5
22 10 59 2
22 12 1 7
22 24 3 2
23 2 6 27
23 6 9 19
23 10 6 29
23 14 1 21
23 20 1 4
23 22 1 9
23 24 1 20
24 0 14 1
24 1 34 1
24 3 21 2
24 5 30 17
24 7 169 1
24 8 31 1
24 9 38 4
24 11 4 14
24 14 1 16
24 16 27 17
24 23 10 1
24 26 16 6
24 27 11 1
25 5 1 18
25 7 31 1
25 11 24 4
25 15 4 17
25 16 26 28
25 17 8 18
25 18 9 14
25 24 12 1
26 9 1 27
26 11 4 18
26 27 39 1
27 12 1 21
27 25 36 10
