0 1 242 18
0 2 1 14
0 3 11 29
0 4 13 1
0 5 12 3
0 6 1 21
0 8 11 18
0 9 21 26
0 11 165 4
0 12 6 6
0 13 57 2
0 15 1 27
0 16 13 14
0 17 11 3
0 18 2 13
0 20 87 1
0 23 1 3
0 24 11 25
0 25 68 5
1 0 29 7
1 2 7 1
1 3 13 19
1 5 10 21
1 6 22 21
1 7 13 1
1 8 11 15
1 9 53 7
1 12 15 11
1 16 11 3
1 17 3 11
1 19 112 1
1 24 11 14
2 0 48 1
2 1 195 1
2 3 11 1
2 4 12 1
2 5 5 1
2 6 1 16
2 7 1 6
2 8 92 1
2 9 71 2
2 10 124 2
2 11 150 2
2 15 7 1
3 0 12 7
3 1 10 20
3 2 4 3
3 4 1 27
3 5 11 11
3 6 15 11
3 7 11 1
3 8 336 1
3 10 92 1
3 16 12 3
3 17 2 10
3 20 64 2
3 24 11 9
3 25 19 28
4 0 1 29
4 1 1 5
4 5 4 9
4 6 9 19
4 8 222 1
4 9 290 1
4 10 10 1
4 17 2 3
4 18 1 8
4 20 61 7
5 0 11 12
5 1 10 6
5 2 66 6
5 3 21 15
5 4 70 17
5 6 14 10
5 7 102 1
5 8 33 6
5 9 3 24
5 11 93 3
5 12 62 2
5 13 1 8
5 14 1 16
5 16 12 3
5 17 1 11
5 24 20 9
6 0 194 1
6 1 6 25
6 2 10 1
6 3 25 2
6 4 162 1
6 5 103 1
6 7 38 17
6 8 84 14
6 10 1 7
6 14 12 15
6 15 13 1
6 17 136 2
6 18 11 3
6 22 15 4
6 24 18 3
6 25 3 26
7 0 1 5
7 2 66 17
7 3 1 22
7 4 1 21
7 5 1 29
7 6 3 9
7 8 3 19
7 9 2 18
7 10 7 1
7 11 15 19
7 12 2 18
7 15 174 1
7 19 56 1
7 21 1 28
7 22 18 27
7 23 1 12
7 24 66 1
7 25 47 1
7 26 43 1
8 0 19 15
8 1 10 13
8 2 102 1
8 3 13 21
8 4 13 2
8 5 13 2
8 6 237 1
8 7 159 1
8 9 301 26
8 10 124 1
8 11 9 16
8 14 1 25
8 15 118 3
8 16 11 29
8 20 27 2
8 21 2 19
8 22 49 1
8 24 19 4
8 26 8 2
9 4 2 18
9 5 64 8
9 6 13 6
9 7 157 2
9 8 289 1
9 10 26 1
9 14 25 3
9 18 1 16
9 27 12 9
10 0 88 1
10 1 98 6
10 2 37 1
10 3 61 25
10 4 1 27
10 5 49 1
10 6 16 27
10 8 281 1
10 9 279 2
10 11 228 1
10 13 57 1
10 14 149 1
10 22 82 2
10 25 87 28
11 0 3 26
11 2 1 25
11 3 1 5
11 5 14 1
11 6 1 23
11 7 212 1
11 8 114 1
11 10 32 21
11 13 1 15
11 15 406 1
11 19 76 8
11 22 104 4
11 23 65 1
11 24 92 1
11 26 2 12
12 4 3 9
12 6 4 2
12 8 1 22
12 9 5 4
12 11 158 1
12 13 80 1
12 14 1 8
12 15 15 3
12 17 2 15
12 23 11 18
13 6 76 1
13 7 1 26
13 8 1 11
13 10 112 1
13 11 24 26
13 12 3 27
13 14 12 12
13 22 3 3
13 26 7 6
14 0 2 3
14 1 70 3
14 4 2 22
14 7 1 25
14 10 4 4
14 11 14 12
14 12 5 10
14 13 1 3
14 15 52 1
14 16 1 21
14 17 1 1
14 18 39 2
14 19 1 5
14 20 27 1
14 25 1 5
15 11 78 1
15 12 43 1
15 14 18 16
15 17 27 2
15 23 1 26
15 27 1 1
16 0 12 17
16 1 11 15
16 3 21 16
16 4 4 17
16 5 11 19
16 6 88 7
16 8 13 26
16 9 3 13
16 15 1 10
16 17 17 1
16 18 1 27
16 24 31 24
17 1 45 3
17 3 23 16
17 4 32 2
17 7 67 2
17 8 24 2
17 11 54 13
17 13 1 5
17 15 1 27
17 23 1 3
17 25 1 4
17 26 1 27
18 8 5 8
18 12 1 21
18 14 1 13
18 16 7 3
18 17 1 23
19 0 1 25
19 1 8 8
19 4 8 6
19 9 31 1
19 10 1 2
19 12 1 18
19 16 18 12
19 20 2 12
19 22 2 4
20 0 74 1
20 2 106 2
20 3 1 2
20 7 182 1
20 10 16 5
20 16 23 1
20 18 1 23
20 19 128 1
20 22 2 21
21 1 1 7
21 14 1 4
21 22 5 13
21 26 5 12
22 1 2 26
22 4 60 1
22 7 1 19
22 9 1 8
22 14 1 16
23 7 2 4
23 20 1 17
24 0 13 4
24 1 74 5
24 3 11 20
24 5 11 4
24 6 90 1
24 7 186 1
24 8 16 6
24 13 3 1
24 14 10 27
24 16 20 10
24 22 1 10
25 0 11 2
25 7 5 1
25 10 21 1
25 11 1 6
25 15 3 11
25 27 1 1
26 0 1 7
26 1 27 1
26 6 1 1
26 7 81 1
26 8 61 8
26 10 82 1
26 23 1 25
26 27 18 1
27 5 17 1
27 7 2 22
27 9 2 13
27 10 47 6
27 15 1 15
27 18 13 4
27 20 1 14
27 23 1 26
27 26 3 15
