0 1 161 22
0 3 48 21
0 5 8 1
0 8 28 26
0 10 1 17
0 11 157 1
0 14 75 1
0 15 1 5
0 16 22 21
0 17 5 2
0 18 1 6
0 19 35 1
0 23 1 18
0 24 28 16
1 0 44 23
1 2 1 22
1 3 9 10
1 4 4 1
1 5 8 19
1 6 22 5
1 7 5 2
1 8 14 15
1 9 187 1
1 14 40 1
1 16 43 15
1 17 4 21
1 20 21 19
1 21 47 8
1 23 65 7
1 24 21 2
1 27 1 25
2 1 90 1
2 3 32 25
2 4 4 3
2 6 12 5
2 7 2 22
2 8 72 1
2 9 63 1
2 10 121 9
2 17 1 5
2 20 127 1
2 24 1 11
2 27 2 29
3 0 22 17
3 1 150 20
3 2 1 11
3 5 8 4
3 7 303 1
3 8 21 17
3 9 1 13
3 10 75 1
3 11 38 11
3 12 7 24
3 16 67 9
3 17 2 7
3 20 62 1
3 24 8 12
4 0 1 7
4 1 4 5
4 5 1 7
4 6 9 6
4 8 187 1
4 9 256 1
4 11 1 27
4 12 1 19
4 14 46 2
4 16 117 9
4 18 1 29
4 22 1 29
4 23 2 28
5 0 31 13
5 1 62 20
5 3 7 29
5 4 112 1
5 6 28 15
5 7 82 1
5 8 10 24
5 9 14 20
5 10 69 1
5 12 49 1
5 16 19 4
5 17 85 28
5 19 1 14
5 22 16 22
5 24 34 2
5 25 2 5
6 0 171 1
6 1 47 20
6 2 1 3
6 4 125 1
6 7 20 10
6 8 16 2
6 9 2 8
6 10 2 4
6 17 119 1
6 18 8 1
6 19 3 3
6 20 123 1
6 22 12 4
6 23 59 3
7 0 8 8
7 2 148 1
7 3 1 13
7 4 3 3
7 5 2 7
7 6 20 20
7 8 31 15
7 9 1 28
7 11 48 17
7 13 1 27
7 15 142 1
7 17 177 1
7 19 49 2
7 24 51 2
7 25 149 1
7 27 1 19
8 0 8 12
8 1 21 8
8 2 36 1
8 3 293 6
8 4 3 2
8 5 10 18
8 6 112 1
8 7 78 1
8 9 295 1
8 10 24 1
8 11 1 20
8 12 116 2
8 13 1 3
8 14 4 27
8 15 108 1
8 16 39 18
8 17 104 2
8 19 1 5
8 20 20 5
8 22 43 3
8 23 26 3
8 24 26 10
9 1 111 1
9 2 1 5
9 4 5 13
9 6 3 12
9 7 142 1
9 8 244 1
9 10 94 17
9 12 29 2
9 14 17 1
9 15 16 13
9 22 1 7
10 1 5 28
10 4 3 27
10 5 28 1
10 6 153 21
10 7 4 19
10 8 179 1
10 9 238 1
10 11 186 1
10 14 116 1
10 17 153 3
10 21 1 3
10 22 73 2
10 23 7 1
10 24 1 28
10 27 4 13
11 0 17 22
11 2 1 10
11 6 1 6
11 7 42 1
11 8 80 1
11 10 3 1
11 13 2 12
11 15 332 1
11 22 97 1
11 24 61 1
11 27 15 1
12 0 100 16
12 1 112 3
12 3 11 1
12 4 17 28
12 8 4 25
12 10 1 2
12 11 154 1
12 13 61 1
12 14 1 21
12 16 32 1
12 19 38 6
12 20 1 25
12 22 9 1
12 23 1 2
13 9 1 12
13 10 90 1
13 11 45 26
13 12 1 7
13 14 1 27
13 15 1 22
13 25 12 12
14 5 1 1
14 6 1 2
14 9 4 1
14 10 22 21
14 11 4 12
14 12 11 29
14 13 6 3
14 15 29 1
14 16 1 25
14 27 2 20
15 0 30 3
15 1 26 7
15 7 1 23
15 10 1 13
15 11 48 1
15 17 1 28
15 19 1 14
15 22 5 13
15 23 1 27
15 25 12 1
16 0 32 6
16 1 26 18
16 3 74 6
16 5 7 9
16 7 1 25
16 8 7 2
16 18 5 19
16 22 16 3
16 23 22 25
16 24 49 19
17 0 2 10
17 1 12 19
17 7 59 2
17 8 21 1
17 11 1 21
17 16 1 20
17 18 111 1
17 19 2 7
17 20 1 2
17 26 1 7
18 3 4 29
18 5 40 1
18 9 6 5
18 14 1 5
18 17 12 3
19 0 2 1
19 1 1 29
19 5 23 13
19 10 1 27
19 11 7 2
19 20 2 17
19 27 3 6
20 0 56 1
20 2 98 1
20 3 3 10
20 4 1 12
20 6 68 3
20 7 171 2
20 13 47 1
20 16 3 10
20 17 2 26
20 19 88 1
20 23 2 17
21 6 1 14
21 12 1 3
21 13 10 4
21 14 1 21
21 17 19 21
21 20 1 26
21 22 5 6
21 24 2 7
22 0 4 1
22 1 57 3
22 2 2 27
22 5 6 1
22 6 1 8
22 7 1 29
22 10 38 1
22 12 20 5
22 14 3 10
23 7 139 1
23 8 11 19
23 9 41 11
23 10 3 17
23 14 1 14
23 20 5 24
23 22 6 13
24 0 26 2
24 1 20 10
24 3 7 12
24 4 5 2
24 5 53 8
24 6 87 1
24 8 7 21
24 10 39 2
24 11 276 1
24 16 58 27
24 23 1 1
24 25 4 4
25 5 1 20
25 7 112 1
25 9 61 4
25 11 80 15
26 0 54 3
26 9 1 15
26 10 79 3
26 11 88 1
26 13 2 11
26 16 14 15
26 22 1 4
26 24 36 2
27 0 7 1
27 7 3 1
27 8 100 11
27 9 1 24
27 12 1 5
27 20 1 1
27 22 1 1
27 24 23 6
27 25 43 1
27 26 1 29
