0 1 10 1
0 3 24 1
0 4 7 3
0 5 133 1
0 6 255 20
0 8 6 1
0 9 71 23
0 10 1 10
0 11 149 2
0 15 1 19
0 16 42 1
0 17 2 8
0 19 24 2
0 20 52 1
0 23 1 4
0 24 70 18
0 25 63 3
1 0 15 18
1 2 1 9
1 3 1 28
1 4 122 1
1 5 62 18
1 6 2 3
1 8 34 1
1 9 48 2
1 10 257 1
1 11 31 1
1 13 1 13
1 15 55 1
1 16 38 11
1 17 3 29
1 18 42 2
1 19 95 2
1 22 1 26
1 24 118 10
2 0 20 2
2 1 48 1
2 3 6 22
2 5 1 9
2 8 191 1
2 10 2 1
2 12 70 26
2 16 43 4
2 21 2 14
2 25 1 16
2 27 1 6
3 0 220 1
3 1 27 3
3 4 3 25
3 5 69 14
3 6 1 12
3 7 8 1
3 8 421 2
3 9 1 9
3 11 7 22
3 16 97 9
3 17 4 27
3 20 97 14
3 24 10 1
3 27 9 3
4 0 205 15
4 1 9 20
4 6 2 9
4 8 169 1
4 9 237 1
4 12 1 14
4 14 44 1
4 16 1 1
4 18 1 3
4 24 15 7
5 0 35 3
5 2 59 3
5 3 9 5
5 4 260 1
5 6 66 15
5 8 161 1
5 9 118 1
5 10 269 1
5 12 42 1
5 14 1 24
5 15 7 10
5 16 17 10
5 18 69 21
5 24 8 1
5 25 1 16
5 26 1 17
6 1 73 21
6 4 101 1
6 5 11 8
6 7 3 7
6 8 71 13
6 9 3 28
6 10 11 29
6 11 2 13
6 12 111 3
6 13 1 12
6 14 7 8
6 15 8 1
6 17 110 1
6 18 128 4
6 19 2 3
6 20 120 1
6 23 57 6
7 0 13 27
7 2 115 1
7 3 27 1
7 5 6 18
7 6 2 28
7 8 44 26
7 9 20 13
7 10 6 1
7 11 33 1
7 13 1 14
7 14 139 2
7 15 125 1
7 21 1 12
7 22 7 14
7 23 140 1
7 24 44 1
7 25 142 1
7 27 2 4
8 0 23 2
8 1 18 1
8 2 14 1
8 3 5 22
8 5 6 23
8 6 90 1
8 7 46 1
8 9 277 1
8 10 9 1
8 11 5 23
8 12 110 1
8 14 2 6
8 16 10 1
8 17 98 1
8 19 1 19
8 20 17 1
8 24 14 1
8 25 1 7
9 1 100 2
9 2 10 5
9 3 22 25
9 4 114 8
9 5 162 1
9 6 38 20
9 7 134 1
9 8 220 1
9 10 1 15
9 12 46 1
9 13 12 3
9 25 67 6
9 27 13 10
10 0 71 2
10 2 14 2
10 3 1 16
10 4 2 29
10 6 2 24
10 7 1 5
10 8 46 1
10 9 312 1
10 11 363 1
10 13 30 1
10 14 79 1
10 17 150 1
10 18 18 16
10 23 6 2
10 24 5 17
10 25 84 4
10 26 45 2
10 27 1 14
11 0 1 3
11 2 3 11
11 3 1 25
11 4 2 5
11 6 1 16
11 7 49 1
11 8 64 1
11 9 30 2
11 12 87 1
11 13 63 22
11 14 5 22
11 15 289 1
11 17 11 1
11 22 93 3
11 23 42 1
11 24 46 1
11 25 2 1
12 3 9 9
12 6 1 25
12 8 4 17
12 13 51 2
12 14 2 14
12 16 31 11
12 17 2 19
12 21 91 3
12 22 7 2
12 23 1 16
13 1 60 4
13 3 22 20
13 6 67 1
13 7 5 8
13 8 1 13
13 10 79 1
13 11 5 3
13 12 1 25
13 14 10 2
13 18 2 27
13 25 12 21
13 26 6 16
14 1 62 2
14 2 19 1
14 5 34 19
14 7 4 4
14 8 11 1
14 10 2 11
14 11 27 14
14 12 3 28
14 13 6 25
14 15 18 1
14 18 38 9
14 23 7 1
15 1 24 4
15 7 1 8
15 9 83 1
15 10 1 18
15 11 357 1
15 13 4 6
15 14 23 15
15 17 1 4
15 18 1 20
16 0 219 6
16 1 4 3
16 3 20 24
16 5 106 7
16 8 75 8
16 18 2 12
16 20 1 13
16 24 38 1
17 0 1 24
17 1 6 4
17 2 31 21
17 3 1 6
17 7 55 1
17 8 200 1
17 14 46 4
17 16 1 20
17 18 107 1
17 19 3 6
17 20 1 27
17 24 1 18
18 1 4 6
18 2 15 1
18 4 1 28
18 8 1 17
18 10 4 28
18 20 1 27
18 21 26 29
19 0 33 26
19 1 4 1
19 3 1 27
19 4 4 6
19 10 1 26
19 11 6 1
19 13 3 21
19 20 10 27
19 21 1 23
20 0 47 2
20 7 165 3
20 11 50 4
20 12 1 21
20 15 56 10
20 16 1 10
20 17 2 11
20 19 137 1
21 1 45 25
21 2 2 26
21 9 43 11
21 12 2 24
21 15 1 9
21 16 6 3
22 2 1 1
22 13 3 26
22 18 21 20
22 23 2 1
23 0 1 9
23 6 30 19
23 8 1 3
23 14 2 22
23 22 1 9
23 26 1 1
24 0 39 7
24 1 29 1
24 2 5 8
24 3 121 2
24 5 49 3
24 7 167 1
24 8 5 20
24 10 35 2
24 11 263 1
24 15 14 1
24 16 82 1
24 18 7 28
24 21 17 1
24 23 1 1
24 25 1 10
25 3 1 13
25 5 15 16
25 7 99 1
25 9 60 1
25 11 81 1
25 14 1 13
25 17 4 27
25 20 16 6
25 26 2 24
25 27 35 2
26 2 2 12
26 4 23 7
26 8 58 1
26 9 1 2
26 11 1 27
26 16 14 25
26 17 4 1
26 21 1 15
26 24 34 18
26 25 4 6
27 7 4 2
27 12 8 28
27 26 1 21
