0 1 1 8
0 2 142 3
0 3 4 28
0 4 246 1
0 5 2 22
0 8 12 28
0 10 1 18
0 11 122 1
0 16 2 27
0 18 1 26
0 19 1 3
0 20 120 2
0 24 3 24
0 25 57 1
1 0 6 11
1 2 7 5
1 3 11 23
1 4 357 1
1 5 2 2
1 6 2 15
1 8 1 17
1 10 251 2
1 11 190 1
1 12 1 23
1 15 47 4
1 16 2 13
1 17 1 7
1 18 33 2
1 19 74 2
1 20 191 4
1 21 45 1
1 23 63 2
1 24 2 27
1 27 19 3
2 1 1 10
2 3 198 1
2 8 84 1
2 10 97 1
2 11 159 1
2 14 23 1
2 15 3 1
2 17 3 7
3 0 94 10
3 1 1 9
3 2 125 6
3 4 4 15
3 5 2 24
3 6 5 22
3 7 235 1
3 8 310 8
3 9 8 6
3 10 41 1
3 11 7 15
3 15 1 8
3 16 2 7
3 20 37 1
3 24 3 10
4 0 44 3
4 1 80 2
4 2 1 19
4 3 47 2
4 5 14 1
4 6 2 26
4 8 108 1
4 9 168 1
4 11 4 10
4 12 12 5
4 18 2 9
4 22 46 23
5 0 3 3
5 1 1 20
5 2 49 3
5 3 2 6
5 4 35 1
5 6 436 1
5 7 42 1
5 8 39 13
5 9 241 1
5 10 228 1
5 11 58 3
5 12 22 1
5 16 2 27
5 17 2 11
5 24 2 10
5 25 3 1
6 0 116 1
6 1 4 24
6 2 4 9
6 4 34 1
6 5 13 16
6 7 164 17
6 8 55 1
6 9 4 23
6 10 28 2
6 11 2 29
6 12 68 1
6 13 2 18
6 15 3 4
6 17 80 2
6 19 1 10
6 20 109 2
6 23 52 5
6 27 1 1
7 0 17 8
7 1 268 1
7 2 121 1
7 3 54 1
7 4 4 24
7 5 6 10
7 6 1 17
7 8 7 27
7 10 230 1
7 11 219 21
7 13 77 15
7 14 112 1
7 15 71 1
7 17 163 3
7 22 12 27
7 23 7 12
7 24 23 1
7 25 14 1
8 0 3 11
8 1 3 27
8 2 3 16
8 3 3 26
8 5 128 5
8 6 1 7
8 9 197 1
8 10 3 17
8 11 412 3
8 12 86 1
8 14 2 26
8 15 83 2
8 16 2 13
8 17 74 3
8 18 116 2
8 19 2 13
8 21 3 11
8 24 2 5
8 27 1 26
9 1 65 2
9 2 9 23
9 4 158 21
9 5 122 22
9 6 33 14
9 8 137 1
9 10 19 1
9 12 8 1
9 15 69 9
9 17 1 18
9 21 1 18
9 24 1 5
9 26 44 24
10 0 53 2
10 4 1 27
10 6 1 5
10 7 24 23
10 8 4 1
10 9 86 1
10 11 242 1
10 13 8 4
10 14 9 1
10 15 3 4
10 17 138 1
10 18 1 23
10 21 7 10
10 22 53 2
10 25 77 4
10 26 39 8
10 27 10 21
11 1 16 2
11 2 4 4
11 3 15 21
11 4 1 6
11 6 3 18
11 7 6 15
11 10 271 1
11 12 72 1
11 13 9 25
11 14 7 21
11 15 96 1
11 16 74 12
11 18 101 12
11 19 1 1
11 21 47 7
11 22 80 1
11 23 20 2
11 24 10 1
11 25 280 1
11 26 2 14
12 1 95 1
12 6 1 12
12 8 1 24
12 9 214 1
12 10 1 18
12 13 22 3
12 14 4 11
12 17 2 9
12 18 6 10
12 20 2 21
12 23 2 27
13 6 57 3
13 9 1 26
13 10 43 2
13 11 45 5
14 10 2 7
14 11 2 6
14 12 1 25
14 13 1 28
14 20 21 1
14 24 1 10
14 25 1 2
14 26 5 12
14 27 2 3
15 3 35 1
15 4 6 23
15 7 16 13
15 9 73 5
15 11 194 1
15 12 26 2
15 14 30 2
15 17 2 8
15 18 1 16
15 26 1 15
15 27 2 6
16 0 2 25
16 1 2 24
16 3 3 1
16 5 22 5
16 8 3 8
16 9 5 15
16 20 2 10
16 24 2 7
17 0 1 26
17 1 2 3
17 2 113 24
17 7 40 1
17 8 13 1
17 9 140 1
17 12 100 8
17 15 5 27
17 16 14 28
17 18 90 1
17 20 1 23
17 21 1 13
18 0 1 19
18 3 25 1
18 4 3 15
18 5 25 1
18 7 1 17
18 10 37 27
18 14 1 14
18 16 1 22
18 17 1 21
18 19 29 1
18 20 38 9
18 24 2 11
19 0 12 19
19 1 7 9
19 2 19 3
19 3 2 21
19 8 108 1
19 16 1 21
19 20 5 28
20 0 22 2
20 2 77 1
20 3 5 4
20 5 80 13
20 6 53 2
20 7 144 1
20 11 48 1
20 17 2 10
20 19 34 1
20 23 3 22
21 6 1 29
21 7 46 1
21 8 5 4
22 2 1 19
22 4 59 3
22 6 2 28
22 7 3 2
22 12 13 24
22 23 3 9
22 24 1 5
23 10 3 5
23 11 1 5
23 14 1 14
23 16 3 21
23 20 1 24
24 0 2 27
24 1 3 16
24 2 3 27
24 3 2 17
24 5 2 16
24 7 141 2
24 8 15 22
24 11 206 1
24 15 11 2
24 16 3 3
24 22 2 16
24 25 1 25
25 3 1 6
25 4 1 18
25 7 58 1
25 11 37 1
25 12 52 19
25 14 2 24
25 15 3 29
25 26 1 11
25 27 7 3
26 0 1 7
26 1 21 18
26 7 67 4
26 14 11 12
26 15 15 5
26 16 13 7
26 22 1 29
26 24 32 4
27 3 32 9
27 6 1 23
27 9 2 27
27 15 2 2
27 25 23 3
27 26 16 16
