0 1 32 17
0 3 12 7
0 4 211 1
0 5 37 1
0 6 20 1
0 8 52 1
0 9 30 2
0 13 52 2
0 16 126 12
0 19 1 4
0 20 75 2
0 21 1 2
0 24 10 1
0 26 3 13
1 0 22 5
1 2 14 17
1 3 10 1
1 4 31 1
1 5 224 22
1 6 1 8
1 7 1 15
1 8 26 2
1 9 21 1
1 11 177 3
1 12 2 29
1 15 39 4
1 16 14 10
1 17 1 10
1 18 25 2
1 19 52 1
1 22 1 9
1 24 4 4
2 0 1 28
2 1 10 27
2 3 104 1
2 5 1 3
2 7 265 1
2 8 2 1
2 9 27 2
2 10 81 1
2 11 132 2
2 16 34 1
2 17 1 22
2 18 35 2
2 19 1 27
2 20 96 2
3 0 4 1
3 1 3 26
3 2 25 1
3 5 178 1
3 7 94 1
3 8 68 1
3 10 19 1
3 11 1 6
3 13 2 13
3 15 1 12
3 16 75 1
3 19 2 18
3 20 14 2
3 24 224 1
4 1 12 20
4 2 2 15
4 3 27 1
4 5 71 1
4 6 1 7
4 8 53 1
4 9 95 1
4 14 26 1
4 17 229 3
4 18 1 8
4 24 1 9
5 0 47 20
5 1 20 26
5 3 92 1
5 4 94 1
5 6 212 1
5 7 17 2
5 8 25 3
5 9 25 1
5 10 170 1
5 11 40 1
5 16 65 11
5 17 1 5
5 24 40 1
6 0 73 1
6 1 6 1
6 2 2 25
6 5 219 1
6 7 1 27
6 8 292 1
6 9 7 4
6 10 66 20
6 11 8 27
6 12 57 2
6 17 51 1
6 19 7 29
6 21 55 2
6 22 4 10
6 23 47 2
6 26 17 11
7 0 3 27
7 1 230 1
7 2 139 1
7 3 146 1
7 5 4 18
7 6 8 14
7 8 10 4
7 9 3 18
7 10 205 1
7 11 137 6
7 13 9 1
7 14 82 1
7 15 25 1
7 17 149 2
7 19 24 4
7 20 2 25
7 21 1 9
7 22 17 11
7 27 4 15
8 0 36 1
8 1 18 22
8 2 3 11
8 3 339 1
8 4 1 19
8 5 17 6
8 6 53 9
8 7 17 17
8 9 112 1
8 10 6 10
8 11 408 1
8 12 62 1
8 14 23 12
8 16 6 27
8 17 52 1
8 24 108 1
9 1 34 2
9 2 1 24
9 4 29 1
9 5 68 1
9 6 1 12
9 7 76 2
9 8 62 1
9 10 412 1
9 11 110 2
9 12 224 1
9 13 1 1
9 17 1 19
9 23 1 8
9 24 1 2
9 27 8 14
10 0 36 1
10 2 1 5
10 3 2 7
10 4 1 3
10 6 211 2
10 7 2 29
10 8 5 29
10 9 110 1
10 11 122 1
10 14 1 22
10 15 8 12
10 18 1 9
10 25 66 2
11 0 51 2
11 2 3 22
11 3 19 2
11 6 32 9
11 7 9 4
11 10 87 1
11 12 57 4
11 13 2 20
11 14 22 24
11 25 222 1
12 1 79 3
12 2 1 8
12 5 15 1
12 6 9 27
12 8 27 10
12 9 182 1
12 11 128 3
12 13 3 3
12 14 84 12
12 15 1 5
12 23 2 8
12 24 41 3
13 4 57 1
13 8 95 21
13 10 15 1
13 11 3 8
13 12 4 16
13 14 3 1
13 18 12 22
14 1 43 1
14 2 10 6
14 6 3 18
14 9 1 26
14 10 1 27
14 11 5 2
14 12 6 26
14 13 44 12
14 15 1 25
14 23 10 1
14 24 2 19
14 27 2 19
15 1 12 6
15 6 1 17
15 7 20 3
15 10 1 21
15 11 27 1
15 12 17 1
15 14 9 9
15 20 63 13
15 23 2 27
16 0 94 1
16 1 155 1
16 2 23 22
16 3 42 7
16 5 7 12
16 8 18 1
16 9 75 1
16 17 1 16
16 18 182 1
16 20 1 18
16 24 1 4
17 0 15 19
17 1 3 27
17 2 107 1
17 3 4 24
17 5 6 11
17 8 179 2
17 10 42 6
17 13 1 2
17 14 36 7
17 15 5 17
17 16 1 14
17 18 72 2
17 19 1 6
17 20 1 27
17 25 4 25
18 0 83 25
18 1 6 24
18 4 12 12
18 8 1 17
18 17 74 21
18 19 26 9
18 20 1 10
19 0 1 25
19 1 27 20
19 3 3 3
19 9 18 9
19 10 1 27
19 20 1 2
20 2 58 3
20 7 120 2
20 15 48 4
20 17 6 6
20 22 1 5
20 23 3 16
21 1 46 9
21 3 3 19
21 6 4 22
21 9 34 1
21 10 60 3
21 14 17 11
21 26 10 4
22 2 1 22
22 3 5 24
22 11 34 1
22 14 4 15
22 27 9 18
23 3 19 16
23 8 2 23
23 9 30 1
23 10 3 15
23 11 2 3
23 22 2 12
24 0 4 7
24 1 110 1
24 2 7 12
24 3 20 20
24 5 116 1
24 6 72 1
24 7 110 2
24 8 12 1
24 11 136 1
24 14 30 5
24 15 7 1
24 16 171 1
24 22 1 18
25 4 4 16
25 8 1 25
25 11 187 1
26 10 69 1
26 12 6 1
26 16 13 8
26 21 1 14
26 22 12 15
26 27 2 14
27 4 59 6
27 8 96 5
27 18 9 27
27 20 1 23
