0 1 387 1
0 2 48 1
0 3 283 21
0 4 208 1
0 5 15 1
0 7 2 25
0 8 46 24
0 9 31 2
0 15 1 23
0 16 160 1
0 17 1 16
0 18 4 4
0 19 3 16
0 20 73 1
0 23 3 9
0 24 31 1
0 25 49 2
1 0 44 16
1 2 19 13
1 3 283 1
1 4 19 1
1 5 24 1
1 6 1 1
1 8 100 1
1 9 18 1
1 10 238 1
1 12 1 10
1 15 39 1
1 16 288 1
1 17 17 25
1 18 24 1
1 19 51 1
1 24 120 21
2 0 1 25
2 1 4 18
2 3 92 1
2 4 1 22
2 6 234 1
2 7 262 1
2 8 1 1
2 9 26 3
2 10 78 12
2 11 130 2
2 13 1 9
2 20 95 1
3 0 87 1
3 1 99 1
3 2 18 1
3 4 2 1
3 5 102 1
3 6 1 13
3 7 86 1
3 8 49 17
3 10 17 1
3 11 1 5
3 13 1 12
3 15 32 5
3 16 31 1
3 20 87 1
3 21 1 26
3 24 208 2
3 25 6 15
4 1 19 7
4 2 3 11
4 3 26 1
4 5 62 1
4 6 4 16
4 7 1 28
4 8 50 1
4 9 90 1
4 10 115 1
4 11 1 26
4 12 134 8
4 14 26 1
4 15 22 1
4 17 228 1
4 18 4 22
4 25 15 27
5 0 99 1
5 1 11 22
5 3 25 1
5 4 86 1
5 6 164 4
5 8 260 1
5 9 44 1
5 10 166 1
5 11 38 1
5 16 112 1
5 23 2 3
5 24 19 2
6 0 70 1
6 1 4 18
6 2 1 22
6 5 203 1
6 7 58 20
6 8 47 1
6 9 123 2
6 10 32 4
6 11 13 13
6 12 55 2
6 14 2 28
6 17 49 2
6 19 2 7
6 24 4 1
6 25 73 20
7 0 2 11
7 1 227 1
7 2 135 1
7 3 136 1
7 4 1 25
7 5 13 15
7 6 4 19
7 8 21 6
7 9 2 11
7 10 201 1
7 11 104 1
7 12 1 29
7 14 80 1
7 15 23 1
7 19 24 2
7 20 1 4
7 23 134 1
7 24 6 2
7 25 89 1
7 26 21 3
7 27 1 7
8 0 180 22
8 1 113 1
8 2 30 19
8 3 12 1
8 4 2 1
8 5 127 1
8 6 58 25
8 7 3 20
8 9 107 1
8 10 12 9
8 11 405 1
8 12 60 1
8 14 1 18
8 15 61 1
8 16 13 1
8 18 99 4
8 20 2 3
8 23 10 2
8 24 65 1
8 25 111 15
9 0 2 28
9 1 32 1
9 2 36 24
9 5 54 1
9 7 74 1
9 8 57 1
9 10 398 1
9 12 218 1
9 15 19 10
9 21 1 13
9 23 3 7
9 24 4 4
10 0 35 1
10 2 1 29
10 4 2 21
10 5 2 18
10 6 6 4
10 7 32 8
10 8 23 28
10 9 98 1
10 11 114 1
10 12 5 6
10 15 5 19
10 17 123 1
10 22 36 1
10 26 33 5
10 27 1 19
11 0 1 8
11 1 5 1
11 2 19 14
11 3 5 13
11 4 21 26
11 7 18 18
11 9 1 1
11 10 80 1
11 12 56 2
11 14 15 14
11 24 1 1
11 25 5 1
12 1 78 2
12 4 1 12
12 5 13 1
12 6 2 16
12 8 2 29
12 9 177 1
12 10 1 27
12 13 3 1
12 14 1 12
12 16 24 2
12 17 1 28
12 19 33 1
12 21 76 1
13 4 56 3
13 6 45 3
13 7 1 24
13 8 13 8
13 9 3 1
13 10 13 3
13 14 20 1
13 16 3 15
13 24 1 26
14 0 63 18
14 1 43 1
14 4 5 27
14 5 7 1
14 7 2 14
14 8 1 12
14 10 1 1
14 11 16 6
14 13 6 1
14 15 1 12
14 17 1 24
14 18 35 17
14 19 1 29
14 23 9 1
15 0 14 2
15 2 15 6
15 3 29 1
15 6 2 17
15 7 1 14
15 8 1 2
15 10 24 1
15 11 20 1
15 12 17 1
15 14 6 1
15 20 1 3
15 23 4 1
15 25 6 1
16 0 88 17
16 1 20 1
16 2 1 3
16 3 14 28
16 5 9 20
16 8 258 1
16 11 54 8
16 13 23 9
16 17 1 11
16 24 122 1
17 0 1 1
17 1 3 22
17 2 106 1
17 5 1 8
17 6 3 18
17 9 134 1
17 12 94 8
17 15 1 26
17 16 8 21
17 18 71 2
17 27 42 15
18 0 37 28
18 1 1 1
18 3 24 11
18 4 3 28
18 6 1 16
18 7 1 14
18 8 1 27
18 9 66 7
18 10 1 8
18 11 2 8
18 15 8 20
18 17 1 15
19 0 84 22
19 1 1 3
19 3 13 2
19 6 2 29
19 8 101 2
19 20 2 1
19 24 1 20
20 1 5 3
20 2 57 1
20 4 1 10
20 5 77 11
20 6 40 1
20 8 43 1
20 9 1 12
20 10 1 23
20 12 11 16
20 13 44 4
20 14 1 7
20 15 48 7
20 16 5 20
20 19 1 4
21 0 26 8
21 6 1 8
21 8 17 6
21 10 59 2
21 20 2 15
21 26 10 11
22 3 1 19
22 5 3 11
22 9 65 18
22 14 2 22
22 15 10 18
22 16 18 1
23 0 1 12
23 6 2 6
23 8 1 23
23 10 2 28
23 16 3 11
23 20 1 21
23 22 4 25
23 24 20 2
23 27 1 10
24 0 147 1
24 1 55 8
24 2 1 18
24 3 46 1
24 5 95 28
24 8 21 1
24 9 16 5
24 10 10 5
24 11 131 1
24 15 6 12
24 16 50 1
24 18 23 23
24 23 1 12
24 25 1 16
25 3 1 27
25 7 21 1
25 11 177 1
25 15 12 6
26 5 5 11
26 19 8 9
26 24 27 6
26 25 1 27
27 10 21 1
27 12 2 17
