0 1 240 1
0 3 82 1
0 5 48 1
0 6 1 5
0 7 325 3
0 8 216 9
0 9 3 28
0 10 1 10
0 11 2 11
0 13 1 19
0 16 148 1
0 17 246 2
0 18 20 5
0 19 1 2
0 20 1 23
0 24 133 1
0 25 1 20
1 0 305 1
1 2 158 1
1 3 59 1
1 4 298 1
1 5 35 1
1 6 9 16
1 7 311 2
1 8 137 1
1 9 2 13
1 10 1 14
1 11 7 5
1 12 3 1
1 13 1 11
1 14 103 14
1 15 88 11
1 16 75 2
1 17 110 1
1 18 1 10
1 19 1 3
1 24 120 1
1 25 89 1
1 26 1 24
2 0 6 20
2 1 217 1
2 3 13 29
2 4 183 11
2 6 172 1
2 7 61 1
2 8 371 1
2 9 1 7
2 11 1 29
2 16 55 18
2 17 126 1
2 18 1 12
2 20 36 14
3 0 125 1
3 1 43 1
3 2 16 1
3 5 55 1
3 6 159 1
3 7 258 1
3 8 136 1
3 11 182 2
3 14 1 17
3 15 3 10
3 16 72 1
3 20 21 1
3 23 1 19
3 24 33 1
4 1 3 17
4 2 1 28
4 5 2 3
4 6 3 1
4 7 179 1
4 8 2 18
4 9 3 18
4 10 3 19
4 11 1 27
4 12 1 20
4 14 1 22
4 18 211 1
4 19 1 6
4 22 2 20
5 0 143 1
5 1 51 1
5 3 68 1
5 4 353 1
5 7 2 17
5 8 25 1
5 11 3 23
5 12 5 12
5 16 33 1
5 18 2 11
5 24 58 1
6 0 1 16
6 1 119 21
6 2 4 1
6 4 2 6
6 5 134 22
6 7 318 1
6 8 12 8
6 9 3 6
6 10 2 20
6 11 250 1
6 12 1 28
6 13 43 3
6 14 28 1
6 16 81 1
6 17 3 9
6 18 3 16
7 0 260 1
7 1 8 26
7 3 165 1
7 5 109 1
7 6 435 1
7 8 34 18
7 9 3 6
7 10 1 28
7 11 36 1
7 14 3 3
7 15 2 22
7 17 2 29
7 18 2 29
7 23 1 29
7 24 1 23
7 25 1 16
7 27 68 2
8 0 77 1
8 1 324 1
8 2 76 1
8 3 197 1
8 4 1 23
8 5 38 4
8 6 34 1
8 7 2 6
8 10 182 1
8 12 2 23
8 13 137 4
8 14 143 1
8 15 1 28
8 16 57 1
8 17 2 3
8 24 63 1
8 27 1 28
9 0 94 3
9 4 130 1
9 6 7 3
9 7 1 9
9 8 1 12
9 10 21 16
9 11 2 27
9 12 69 1
9 14 1 25
9 16 47 6
9 24 13 1
10 0 1 17
10 1 2 11
10 2 1 22
10 4 116 1
10 5 5 11
10 6 368 1
10 7 375 2
10 8 173 1
10 9 273 1
10 12 242 1
10 13 1 13
10 14 77 1
10 15 1 23
10 16 86 6
10 17 3 5
10 20 2 9
10 22 1 13
10 23 123 5
11 0 62 2
11 2 89 1
11 6 1 27
11 7 26 1
11 8 8 26
11 9 1 26
11 10 143 1
11 14 20 21
11 15 9 1
11 20 83 1
11 23 1 6
11 24 4 16
11 25 392 1
12 6 29 2
12 9 151 1
12 11 1 5
12 13 1 1
12 21 34 10
12 25 1 21
13 1 1 1
13 10 4 19
13 14 5 20
13 16 5 18
13 23 1 28
14 0 2 24
14 1 1 7
14 7 113 1
14 9 134 9
14 10 3 10
14 11 242 1
14 12 69 2
14 15 72 4
14 17 2 29
14 22 1 12
15 1 87 1
15 7 2 21
15 10 194 2
15 11 21 26
15 13 8 5
15 14 6 16
15 17 1 12
15 20 2 10
16 0 146 1
16 1 51 1
16 3 41 3
16 4 1 3
16 5 77 1
16 6 1 24
16 8 55 1
16 12 1 23
16 17 2 22
16 18 51 1
16 22 10 6
16 24 63 1
17 4 252 2
17 5 75 3
17 8 3 17
17 16 2 13
17 19 14 1
18 0 1 1
18 1 42 1
18 3 3 12
18 4 1 8
18 5 1 16
18 6 110 1
18 7 3 2
18 16 4 8
18 17 18 1
18 19 38 6
19 0 219 29
19 1 46 2
19 3 17 6
19 4 82 3
19 6 1 1
19 7 95 1
19 12 23 4
19 17 52 4
19 20 6 27
20 0 6 25
20 6 154 16
20 8 1 16
20 11 4 17
20 12 3 13
20 17 12 1
20 19 248 1
20 24 30 12
21 6 1 17
22 0 25 14
22 6 1 10
22 8 83 2
22 20 11 3
22 23 15 4
23 7 2 29
23 9 64 17
23 11 195 1
23 15 9 1
23 19 6 20
23 22 1 24
23 25 1 16
24 0 128 1
24 1 93 1
24 3 97 1
24 5 75 1
24 6 2 5
24 7 7 7
24 8 125 8
24 11 1 4
24 13 15 24
24 16 53 1
25 0 67 8
25 1 1 4
25 5 1 6
25 6 1 1
25 7 2 14
25 11 368 1
25 13 1 22
25 15 15 9
25 20 56 15
26 4 44 3
26 11 1 10
26 12 1 14
26 21 2 22
27 11 3 1
27 24 28 7
