0 1 258 1
0 2 41 1
0 3 21 1
0 4 191 1
0 5 198 1
0 6 16 1
0 7 1 26
0 8 13 27
0 11 79 2
0 12 111 1
0 16 68 1
0 17 2 27
0 18 4 6
0 20 71 1
0 24 64 1
1 0 178 1
1 2 155 11
1 3 232 1
1 4 183 1
1 5 8 23
1 6 69 1
1 7 2 18
1 8 134 1
1 9 7 1
1 13 60 5
1 14 17 1
1 16 66 2
1 17 1 3
1 18 112 1
1 24 166 1
2 1 8 23
2 3 28 1
2 4 2 23
2 7 244 1
2 9 21 3
2 11 118 1
2 12 77 1
2 13 1 8
2 17 14 4
2 20 88 3
2 26 18 2
2 27 1 18
3 0 59 4
3 1 97 1
3 4 3 21
3 5 157 1
3 6 1 20
3 7 45 1
3 8 343 1
3 9 1 14
3 11 96 21
3 16 91 1
3 19 1 10
3 20 76 1
3 24 37 1
4 0 204 1
4 1 2 1
4 2 8 19
4 5 176 1
4 6 2 7
4 7 1 6
4 8 33 2
4 9 66 1
4 14 22 4
4 17 219 1
4 18 4 20
4 20 130 24
4 22 48 5
4 24 1 1
5 0 89 1
5 1 59 13
5 3 20 29
5 4 45 1
5 6 26 1
5 7 9 1
5 8 23 1
5 9 6 3
5 10 142 1
5 11 32 1
5 12 3 1
5 15 2 16
5 16 40 1
5 18 92 8
5 24 80 1
5 25 3 10
5 26 6 27
6 0 56 1
6 1 2 14
6 2 13 24
6 4 1 13
6 5 118 1
6 8 90 19
6 9 3 28
6 10 2 26
6 11 1 4
6 14 1 8
6 17 39 3
7 0 2 14
7 1 210 1
7 2 110 1
7 3 90 1
7 6 20 17
7 8 320 11
7 10 95 1
7 11 117 1
7 12 40 17
7 13 18 5
7 14 69 1
7 15 11 2
7 17 142 1
7 19 20 3
7 26 19 3
8 0 177 1
8 1 91 1
8 2 14 20
8 3 11 22
8 4 3 22
8 5 19 28
8 6 32 28
8 7 12 12
8 9 77 1
8 10 98 14
8 11 387 1
8 14 1 9
8 16 43 1
8 22 20 1
8 24 36 14
8 27 95 19
9 1 22 1
9 5 5 1
9 6 205 1
9 8 35 1
9 10 323 1
9 11 102 1
9 12 184 1
9 18 126 2
9 19 5 5
9 23 3 17
10 0 29 1
10 1 7 6
10 2 2 7
10 6 263 2
10 7 21 1
10 8 5 21
10 9 45 1
10 11 76 1
10 12 5 8
10 14 1 8
10 15 1 21
10 19 1 26
10 21 1 12
10 22 30 1
10 25 136 2
11 2 1 5
11 3 25 12
11 6 3 2
11 7 9 29
11 10 103 1
11 12 51 1
11 14 2 19
11 15 1 3
11 19 18 10
11 20 1 24
11 25 164 1
12 0 82 1
12 1 72 1
12 2 1 20
12 6 1 21
12 7 5 1
12 8 1 4
12 9 116 1
12 10 6 11
12 11 122 1
12 14 1 23
12 17 1 7
12 19 32 1
12 23 2 28
13 4 54 3
13 7 1 24
13 9 64 24
13 10 6 2
13 11 4 24
13 14 6 1
13 15 1 1
13 24 9 15
13 27 10 4
14 7 2 8
14 8 1 4
14 9 1 20
14 10 2 13
14 11 31 23
14 12 10 25
14 13 36 1
14 20 15 5
14 23 8 1
14 27 4 14
15 4 1 16
15 7 1 10
15 9 56 5
15 10 1 2
15 12 14 1
15 13 3 4
15 14 3 2
15 18 3 20
15 19 10 19
15 26 1 16
16 0 113 1
16 1 123 1
16 3 171 1
16 5 39 1
16 8 155 1
16 17 1 25
16 18 160 1
16 20 1 9
16 24 91 1
17 0 2 4
17 1 116 15
17 2 40 2
17 5 6 4
17 8 172 2
17 9 132 2
17 10 134 3
17 16 1 3
17 18 64 2
17 20 11 24
17 23 5 28
17 25 1 14
17 27 42 2
18 1 1 4
18 3 6 10
18 4 1 17
18 5 10 6
18 6 5 29
18 7 1 8
18 8 1 2
18 15 8 1
18 16 5 27
18 17 1 12
18 22 1 22
18 24 3 10
19 0 84 23
19 1 1 21
19 2 14 1
19 5 19 10
19 6 95 22
19 9 16 5
19 15 1 10
19 20 5 11
19 21 1 24
20 1 2 7
20 2 50 2
20 3 164 1
20 6 35 1
20 9 2 25
20 10 1 15
20 11 121 1
20 19 2 26
20 22 1 19
20 23 2 5
21 3 3 3
21 6 1 29
21 8 4 26
21 10 57 9
21 12 1 19
21 20 17 13
21 23 14 10
21 26 10 13
22 2 2 4
22 11 28 1
22 14 2 11
23 7 102 3
23 8 18 25
23 16 3 1
23 24 17 1
23 27 4 19
24 0 108 1
24 1 89 1
24 3 185 1
24 5 81 1
24 7 95 2
24 8 136 1
24 11 104 1
24 12 49 2
24 14 31 19
24 16 189 1
24 17 4 7
24 25 1 29
25 3 2 26
25 7 12 1
25 11 129 1
25 15 1 27
26 5 5 8
26 7 55 2
26 11 1 19
26 16 12 11
26 19 3 6
26 24 25 5
26 27 1 9
27 6 77 13
27 10 18 6
27 11 1 16
27 20 2 6
27 25 4 3
27 26 1 25
