0 1 136 1
0 2 113 1
0 3 4 27
0 4 169 1
0 5 2 21
0 6 234 1
0 7 2 10
0 8 18 12
0 11 66 2
0 14 63 5
0 15 57 3
0 16 2 5
0 17 3 8
0 18 29 2
0 19 2 20
0 20 80 2
0 24 2 23
1 0 1 2
1 3 1 4
1 4 113 1
1 5 4 6
1 6 202 1
1 7 2 5
1 8 2 8
1 9 126 1
1 10 209 2
1 15 32 3
1 16 2 27
1 18 11 3
1 19 33 3
1 21 40 2
1 24 2 18
1 25 16 2
2 0 2 23
2 1 11 25
2 4 6 17
2 6 227 1
2 7 217 1
2 8 2 25
2 9 15 4
2 10 61 1
2 11 104 1
2 13 13 17
2 16 28 6
2 17 1 7
2 18 29 1
2 27 2 15
3 0 3 11
3 1 2 8
3 2 3 2
3 5 2 2
3 6 1 25
3 7 12 1
3 8 1 12
3 9 1 8
3 10 5 1
3 11 1 27
3 15 1 27
3 16 2 9
3 17 58 5
3 20 2 1
3 21 1 21
3 24 3 6
3 27 3 3
4 0 190 20
4 1 1 26
4 2 1 16
4 5 143 1
4 6 7 24
4 7 1 16
4 8 17 1
4 9 40 1
4 10 96 3
4 12 9 2
4 17 207 1
4 18 16 1
4 19 15 3
5 0 1 3
5 1 2 8
5 3 2 13
5 4 11 1
5 6 14 22
5 7 3 3
5 8 2 26
5 9 1 8
5 10 112 1
5 11 24 2
5 16 2 9
5 20 69 1
5 21 1 7
5 24 2 6
5 26 6 28
6 0 39 2
6 1 67 1
6 2 4 18
6 3 1 27
6 4 3 10
6 5 223 1
6 7 98 11
6 8 38 1
6 9 7 3
6 10 2 2
6 11 4 17
6 12 40 1
6 17 29 1
6 18 78 3
6 19 1 21
6 22 2 2
7 0 12 19
7 1 188 2
7 2 80 1
7 3 61 1
7 4 3 3
7 5 3 10
7 6 4 21
7 8 19 14
7 9 14 12
7 10 170 21
7 11 121 1
7 13 109 19
7 14 56 1
7 15 2 4
7 20 6 8
7 25 51 1
7 26 16 3
7 27 10 13
8 0 2 25
8 1 5 1
8 2 3 25
8 3 2 11
8 4 1 6
8 5 55 1
8 6 164 15
8 7 7 8
8 9 46 1
8 10 17 8
8 11 360 1
8 12 42 1
8 14 69 16
8 15 43 3
8 16 2 1
8 24 2 14
9 4 150 1
9 5 1 14
9 6 59 1
9 7 51 1
9 10 55 1
9 12 142 1
9 24 1 19
9 25 46 6
9 27 3 8
10 0 22 1
10 1 2 13
10 3 166 1
10 4 1 11
10 6 237 1
10 7 44 3
10 8 18 24
10 9 7 1
10 11 38 1
10 12 3 11
10 14 5 21
10 15 4 3
10 20 157 9
10 22 24 1
10 24 81 28
10 25 125 3
10 27 15 5
11 0 2 17
11 3 49 4
11 4 5 26
11 6 29 29
11 7 292 24
11 10 60 1
11 12 44 1
11 13 2 29
11 14 74 19
11 15 6 21
11 16 65 6
11 19 75 1
11 20 1 12
11 22 50 1
11 24 1 27
11 25 101 1
11 26 1 21
12 0 78 3
12 1 65 2
12 3 1 3
12 5 122 1
12 6 2 5
12 9 230 1
12 10 2 12
12 11 115 2
12 20 10 14
12 25 44 3
13 4 51 9
13 8 98 14
13 12 2 22
13 22 1 7
14 2 7 1
14 5 34 1
14 7 1 7
14 8 1 28
14 9 1 22
14 10 153 1
14 12 2 14
14 13 25 1
14 15 1 16
14 16 4 25
14 17 1 6
14 23 6 10
14 27 1 13
15 6 3 10
15 7 1 17
15 10 1 28
15 11 2 27
15 18 2 17
15 24 13 1
16 0 3 22
16 1 2 29
16 2 1 10
16 3 2 3
16 5 2 19
16 6 54 3
16 8 2 26
16 13 23 6
16 17 4 27
16 18 135 1
16 22 1 9
16 24 2 19
16 27 1 12
17 1 1 28
17 2 36 1
17 5 2 5
17 6 1 11
17 7 16 6
17 8 160 3
17 10 131 1
17 11 3 29
17 15 46 25
17 16 2 1
17 20 50 1
17 23 23 3
17 24 6 11
18 1 8 18
18 3 1 19
18 4 1 7
18 6 6 28
18 7 17 2
18 8 6 2
18 9 1 9
18 12 79 16
18 16 6 13
18 17 77 17
18 20 1 15
18 21 25 18
18 24 4 24
19 0 5 25
19 3 1 11
19 5 18 13
19 9 15 1
19 14 2 12
20 3 153 1
20 7 97 1
20 8 39 3
20 10 4 9
20 11 117 4
20 14 1 7
20 19 2 7
20 23 2 5
20 25 17 6
21 0 24 4
21 3 3 25
21 12 31 24
21 17 1 8
21 19 1 17
22 1 1 7
22 6 75 29
22 16 18 7
23 0 54 26
23 7 94 1
23 8 6 4
23 10 32 5
23 15 8 2
23 24 12 1
24 0 2 28
24 1 37 21
24 2 11 25
24 3 2 5
24 5 2 15
24 7 80 1
24 8 2 12
24 9 11 8
24 11 73 1
24 14 1 13
24 16 2 1
24 18 24 2
24 22 3 18
25 1 61 1
25 3 1 19
25 6 4 5
25 7 4 1
25 11 72 1
25 12 47 1
25 14 1 3
25 15 1 29
26 10 63 4
26 11 2 2
26 18 2 17
26 19 3 12
27 0 1 2
27 7 22 25
27 14 1 13
27 20 1 28
27 24 13 16
