0 1 14 1
0 2 94 1
0 3 15 22
0 4 152 1
0 5 15 19
0 6 222 1
0 7 2 4
0 8 90 11
0 10 1 20
0 11 57 1
0 12 106 7
0 14 62 1
0 15 60 5
0 16 79 3
0 19 9 1
0 20 68 2
0 22 4 24
0 24 14 14
1 0 235 28
1 2 116 1
1 3 13 16
1 4 67 1
1 5 15 16
1 6 275 14
1 7 1 1
1 8 14 24
1 10 196 1
1 11 157 3
1 16 27 9
1 17 19 2
1 20 170 1
1 24 22 8
1 27 1 26
2 0 7 17
2 1 173 4
2 3 2 20
2 4 1 14
2 5 4 14
2 6 216 1
2 7 195 1
2 8 3 26
2 9 11 2
2 10 43 1
2 16 26 9
2 17 1 28
2 19 1 17
2 20 73 2
2 23 11 3
2 25 9 29
2 27 5 23
3 0 46 1
3 1 36 5
3 2 9 20
3 5 14 21
3 6 4 28
3 8 12 6
3 9 67 18
3 11 36 18
3 12 25 8
3 14 33 5
3 16 38 20
3 18 3 26
3 20 62 1
3 21 1 16
3 24 25 26
4 0 189 1
4 1 1 27
4 2 1 21
4 3 8 2
4 5 94 3
4 8 8 1
4 10 99 2
4 17 197 1
4 18 98 1
4 24 1 7
5 0 26 8
5 1 44 2
5 3 64 10
5 6 58 10
5 8 12 23
5 9 3 6
5 10 91 1
5 11 19 2
5 16 33 6
5 21 3 23
5 24 14 27
5 26 1 15
6 0 28 2
6 1 271 1
6 2 1 28
6 3 3 27
6 4 2 10
6 5 4 3
6 7 4 17
6 8 2 8
6 9 1 14
6 10 119 4
6 11 2 20
6 12 28 22
6 19 14 16
6 20 79 2
6 26 31 28
6 27 68 6
7 0 1 25
7 1 171 1
7 2 60 1
7 3 24 1
7 5 1 10
7 6 6 14
7 8 265 12
7 9 205 5
7 10 169 1
7 11 182 1
7 14 46 1
7 18 114 4
7 19 13 1
7 22 2 15
7 25 38 1
8 0 28 10
8 1 16 4
8 2 3 25
8 3 24 10
8 4 9 9
8 5 31 7
8 6 11 2
8 7 75 10
8 9 27 1
8 10 5 18
8 11 336 1
8 12 34 1
8 14 1 6
8 15 36 2
8 16 14 7
8 17 26 3
8 21 1 15
8 24 13 19
8 25 140 2
8 27 10 14
9 0 1 27
9 2 110 18
9 3 103 4
9 4 12 1
9 5 2 15
9 6 37 1
9 7 42 1
9 8 5 1
9 10 198 1
9 11 199 1
9 12 110 1
9 14 1 23
9 23 3 14
9 24 1 4
9 25 43 4
10 1 272 1
10 2 6 18
10 3 168 26
10 4 1 15
10 5 5 27
10 6 240 1
10 7 3 14
10 8 43 3
10 11 17 1
10 12 1 18
10 13 2 23
10 14 13 23
10 15 2 28
10 17 103 2
10 20 156 3
10 24 2 17
11 0 55 22
11 2 1 19
11 3 56 14
11 4 43 7
11 7 19 5
11 8 2 11
11 10 53 1
11 12 39 3
11 13 1 11
11 14 16 18
11 15 51 3
11 19 17 2
11 25 60 1
11 26 12 16
12 0 75 5
12 4 1 18
12 5 5 23
12 8 75 18
12 9 198 1
12 10 1 9
12 11 109 2
12 14 1 22
12 18 3 12
12 20 1 26
12 23 38 27
13 4 49 4
13 8 27 21
13 11 2 20
13 12 1 7
13 14 3 3
13 18 2 6
13 25 2 5
13 26 4 13
14 0 65 15
14 4 18 1
14 5 34 1
14 7 11 11
14 9 1 4
14 10 43 1
14 11 235 29
14 12 12 10
14 15 18 11
14 19 1 2
14 25 7 3
14 27 4 27
15 4 1 22
15 6 2 3
15 7 1 17
15 8 1 8
15 9 46 3
15 11 3 6
15 17 33 23
15 24 1 10
16 0 64 17
16 1 13 17
16 3 14 18
16 4 148 3
16 5 36 24
16 6 51 1
16 7 1 5
16 8 18 28
16 9 1 22
16 10 1 15
16 11 48 2
16 17 5 21
16 18 114 1
16 22 2 13
16 24 14 7
16 27 1 21
17 1 1 22
17 2 93 1
17 3 2 1
17 5 1 21
17 6 5 16
17 7 13 3
17 8 151 2
17 9 129 2
17 11 1 1
17 13 2 21
17 14 30 1
17 16 16 6
17 18 49 1
17 19 1 18
17 25 14 24
17 27 40 1
18 1 19 5
18 4 23 26
18 5 4 10
18 6 3 29
18 8 30 4
18 9 69 3
18 16 1 3
18 17 1 13
18 21 24 7
18 22 1 22
18 25 1 10
18 27 1 5
19 10 1 11
19 20 78 1
20 4 14 18
20 7 88 1
20 11 40 1
20 14 2 3
20 17 1 5
20 19 2 29
21 0 23 14
21 3 8 13
21 10 53 1
21 19 1 21
22 2 6 4
22 9 65 1
22 14 2 12
22 21 13 1
22 23 1 21
23 0 1 7
23 7 87 1
23 10 2 2
23 11 4 2
23 12 1 15
23 14 24 17
23 19 3 28
24 0 24 11
24 1 51 5
24 3 45 1
24 5 26 21
24 7 69 1
24 8 14 23
24 11 52 1
24 16 14 25
24 23 2 15
24 25 1 27
25 3 10 5
25 6 1 22
25 8 1 19
25 10 2 14
25 11 37 1
25 12 45 8
25 14 10 2
25 15 10 23
25 20 5 7
25 26 8 10
25 27 3 4
26 3 19 6
26 7 48 1
26 8 41 1
26 10 61 2
26 11 7 29
27 2 1 25
27 10 12 7
27 11 1 7
27 14 1 4
27 26 1 10
