0 1 23 23
0 2 15 1
0 3 29 10
0 4 144 1
0 5 13 13
0 6 216 3
0 8 12 27
0 10 15 14
0 11 52 1
0 12 105 10
0 13 47 16
0 15 1 20
0 16 13 9
0 17 1 26
0 19 34 16
0 20 61 1
0 24 40 21
0 25 38 2
0 27 1 9
1 0 11 25
1 2 28 1
1 3 21 20
1 4 49 1
1 5 14 6
1 6 189 1
1 7 15 2
1 8 35 20
1 9 104 1
1 11 153 1
1 16 83 29
1 17 392 17
1 18 99 1
1 19 24 1
1 20 167 1
1 24 13 22
1 27 2 29
2 0 4 5
2 1 266 16
2 3 7 10
2 5 1 16
2 6 217 1
2 7 183 1
2 8 2 6
2 10 35 1
2 11 87 1
2 14 12 1
2 17 4 29
3 0 14 17
3 1 14 20
3 2 7 24
3 4 2 12
3 5 23 28
3 6 1 24
3 8 12 17
3 9 1 6
3 12 1 19
3 13 5 19
3 15 1 3
3 16 13 19
3 21 1 5
3 24 13 21
4 0 182 1
4 1 1 21
4 2 1 25
4 5 77 1
4 6 171 7
4 7 3 9
4 8 5 1
4 9 17 2
4 10 93 1
4 11 185 7
4 12 168 2
4 17 192 1
4 18 196 2
4 20 130 5
5 0 27 19
5 1 23 17
5 3 122 16
5 6 84 24
5 8 34 19
5 9 3 23
5 10 81 1
5 16 13 10
5 24 36 12
6 0 23 3
6 1 255 1
6 2 2 13
6 4 3 28
6 5 9 1
6 8 10 9
6 9 11 24
6 10 7 1
6 11 4 1
6 12 109 1
6 13 8 28
6 14 1 4
6 17 18 2
6 18 67 3
6 20 76 3
6 25 1 16
7 0 2 28
7 1 163 1
7 2 51 1
7 3 54 1
7 5 2 22
7 6 155 12
7 8 4 4
7 9 2 12
7 10 160 1
7 11 175 1
7 12 1 3
7 13 3 26
7 14 41 1
7 18 113 3
7 19 11 2
7 20 5 13
7 25 32 1
7 27 15 11
8 0 41 13
8 1 15 9
8 2 9 18
8 3 58 24
8 4 2 7
8 5 20 20
8 6 10 6
8 7 83 28
8 9 20 1
8 10 5 27
8 11 324 1
8 12 31 3
8 14 5 2
8 15 33 3
8 16 14 25
8 17 23 3
8 24 129 10
8 25 139 1
9 0 12 17
9 1 5 1
9 4 144 1
9 5 3 22
9 6 189 1
9 7 38 1
9 10 165 1
9 11 193 2
9 12 96 1
9 14 1 17
9 17 1 25
9 22 61 9
9 23 1 7
9 24 11 7
9 27 1 12
10 2 1 7
10 3 1 11
10 4 57 3
10 6 214 1
10 7 8 19
10 8 100 21
10 9 1 7
10 11 10 1
10 12 6 29
10 14 7 16
10 15 6 5
10 16 15 1
10 17 101 1
10 19 2 23
10 24 21 1
11 2 1 29
11 3 2 23
11 6 285 1
11 7 4 23
11 8 1 1
11 10 198 1
11 14 4 16
11 15 3 22
11 16 63 2
11 21 34 7
11 22 41 4
11 23 1 26
11 24 3 10
11 25 44 1
11 26 1 23
11 27 1 28
12 0 74 3
12 1 57 1
12 5 111 1
12 6 15 16
12 8 1 29
12 9 182 1
12 10 7 4
12 11 107 1
12 16 18 8
12 17 1 23
12 20 18 14
13 1 40 7
13 4 48 6
13 11 20 23
13 14 1 4
13 24 2 26
14 0 1 2
14 4 1 1
14 7 1 4
14 8 1 3
14 10 218 1
14 12 13 22
14 13 11 1
14 15 15 22
15 0 6 13
15 7 2 10
15 10 2 4
15 11 25 7
15 14 2 12
15 24 1 1
15 27 9 28
16 0 37 14
16 1 39 28
16 3 53 20
16 5 13 21
16 8 13 4
16 13 23 22
16 17 1 25
16 18 105 1
16 24 13 11
17 0 102 3
17 2 32 2
17 6 12 21
17 7 11 5
17 8 147 1
17 12 85 4
17 15 2 9
17 16 70 3
17 18 47 1
17 23 24 19
17 25 11 22
18 1 86 2
18 2 1 13
18 3 1 29
18 4 1 25
18 5 3 8
18 6 18 22
18 8 1 28
18 10 1 18
18 16 1 14
18 17 30 29
18 20 44 5
18 25 1 13
19 1 1 27
19 15 1 10
19 20 9 1
19 21 1 6
19 22 4 22
20 2 33 1
20 3 138 2
20 4 4 13
20 6 24 2
20 8 117 1
20 10 154 7
20 12 69 8
20 15 41 2
20 17 14 9
20 19 12 9
21 2 1 26
21 7 36 5
21 14 2 8
21 18 17 16
21 19 5 2
21 20 1 1
21 22 5 2
22 6 1 4
22 11 16 2
22 14 2 2
22 15 11 1
22 18 1 24
23 0 1 3
23 7 84 1
23 8 62 2
23 9 21 1
23 11 1 8
23 12 3 28
23 14 1 27
23 15 5 2
23 22 1 1
23 24 8 1
24 0 26 28
24 1 77 15
24 3 24 14
24 5 36 13
24 7 63 2
24 8 40 3
24 11 43 1
24 12 45 3
24 16 83 14
25 1 57 1
25 3 12 11
25 6 1 21
25 8 1 9
25 11 24 1
25 12 45 1
25 14 1 21
25 15 1 24
25 26 14 21
26 21 2 20
26 25 25 6
26 27 1 17
27 4 59 13
27 7 1 14
27 10 11 2
27 26 68 4
