0 1 14 13
0 3 6 25
0 4 133 1
0 5 19 12
0 6 209 1
0 7 7 28
0 8 6 14
0 9 24 20
0 11 47 1
0 14 60 1
0 16 24 26
0 18 2 17
0 19 2 19
0 24 17 21
0 26 24 2
1 0 15 27
1 2 4 1
1 3 4 28
1 4 29 1
1 5 108 4
1 6 167 12
1 7 7 5
1 8 6 26
1 9 95 1
1 10 181 1
1 12 1 2
1 16 67 23
1 17 10 1
1 20 164 2
1 21 38 1
1 24 24 3
1 26 59 1
2 0 6 9
2 1 2 15
2 3 3 5
2 4 1 12
2 5 1 12
2 6 205 1
2 7 168 1
2 8 11 1
2 10 42 1
2 11 80 1
2 12 72 6
2 13 14 1
2 18 23 8
2 19 2 11
2 21 5 19
2 27 5 8
3 0 6 12
3 1 6 22
3 2 4 3
3 4 42 1
3 5 33 23
3 6 2 24
3 8 29 5
3 11 2 7
3 12 1 27
3 15 3 16
3 16 6 23
3 20 50 2
3 21 1 4
3 24 32 6
3 25 32 1
3 26 1 6
4 1 6 22
4 2 1 14
4 5 52 1
4 6 4 21
4 8 2 2
4 9 10 2
4 10 82 1
4 11 2 7
4 16 158 3
4 17 185 2
4 18 89 1
4 24 1 8
4 26 1 27
5 0 5 5
5 1 6 23
5 2 15 1
5 3 79 11
5 4 1 25
5 6 39 16
5 8 84 22
5 9 19 6
5 10 68 1
5 11 14 1
5 16 46 8
5 18 82 6
5 21 3 28
5 24 20 19
5 26 6 13
6 1 208 1
6 2 3 16
6 3 3 14
6 4 2 29
6 5 1 28
6 7 252 9
6 8 10 5
6 9 4 9
6 10 176 27
6 11 3 28
6 12 27 1
6 18 63 2
6 19 1 25
6 20 73 2
6 23 36 6
7 1 152 1
7 2 40 1
7 3 34 1
7 5 5 12
7 6 2 1
7 8 19 1
7 9 1 10
7 10 144 1
7 11 147 23
7 17 121 1
7 19 10 2
7 20 10 17
7 25 25 1
8 0 276 25
8 1 8 23
8 2 2 9
8 3 5 7
8 4 52 12
8 5 19 26
8 6 277 14
8 7 73 12
8 9 12 1
8 10 299 24
8 11 308 1
8 13 1 26
8 14 68 22
8 15 29 2
8 16 6 16
8 21 1 27
8 23 3 6
8 24 6 5
8 25 136 2
8 27 91 11
9 0 4 4
9 1 2 6
9 2 2 23
9 4 149 1
9 5 27 6
9 6 3 1
9 7 33 2
9 10 123 1
9 11 185 2
9 12 78 1
9 14 2 10
9 17 1 11
9 18 118 1
9 19 17 5
10 0 12 1
10 2 1 4
10 3 1 26
10 4 32 23
10 5 1 8
10 6 224 1
10 7 2 11
10 8 74 10
10 9 1 3
10 11 3 3
10 13 4 29
10 14 15 14
10 15 55 13
10 16 14 3
10 18 5 7
10 19 1 8
10 20 154 1
10 21 1 26
10 25 107 2
10 26 23 5
11 0 1 10
11 2 6 5
11 3 129 16
11 5 7 24
11 6 279 2
11 7 164 3
11 8 3 16
11 10 24 1
11 14 7 22
11 15 7 13
11 16 62 1
11 20 1 12
11 24 2 23
11 25 26 1
11 26 90 11
12 5 4 2
12 6 62 7
12 9 161 1
12 13 1 10
12 21 59 1
12 22 1 5
12 25 41 3
12 27 1 29
13 4 47 7
13 7 1 17
13 8 1 21
13 11 134 9
13 22 1 2
13 27 10 1
14 0 2 12
14 3 4 15
14 4 1 5
14 6 1 1
14 7 1 24
14 8 9 25
14 10 134 1
14 11 1 1
14 12 1 22
14 13 6 1
14 15 1 29
14 18 32 1
15 0 5 5
15 6 2 28
15 7 7 7
15 10 39 1
15 11 11 1
15 12 6 1
15 14 2 22
15 17 33 7
16 0 6 26
16 1 6 7
16 2 1 5
16 3 6 11
16 4 143 2
16 5 92 4
16 8 6 7
16 10 2 18
16 11 46 1
16 12 63 5
16 15 28 2
16 17 42 18
16 18 92 1
16 20 1 21
16 24 45 1
16 26 23 9
17 0 102 11
17 1 120 18
17 2 26 2
17 4 3 24
17 6 1 3
17 7 9 8
17 9 125 5
17 10 128 1
17 14 27 4
17 16 16 17
17 18 43 1
17 24 1 26
17 25 1 21
18 1 1 16
18 2 1 4
18 4 65 19
18 6 5 22
18 8 41 10
18 10 1 7
18 15 6 1
18 16 6 19
18 19 22 1
18 25 1 16
19 0 1 1
19 1 1 24
19 9 12 1
19 10 2 2
19 15 1 16
19 20 47 1
20 4 4 14
20 5 71 3
20 7 78 2
20 8 30 1
20 9 1 13
20 10 155 29
20 12 1 4
20 19 21 8
20 25 14 2
20 27 2 13
21 0 23 2
21 2 3 4
21 5 4 22
21 6 6 21
21 9 24 4
21 10 51 2
21 17 21 16
21 23 13 1
23 1 4 3
23 6 53 23
23 10 2 24
23 11 1 17
23 15 3 7
23 20 6 18
24 0 6 2
24 1 30 8
24 2 1 5
24 3 6 16
24 5 56 20
24 6 57 3
24 7 57 1
24 8 105 16
24 11 32 1
24 14 1 19
24 16 90 15
25 1 55 3
25 4 5 9
25 8 1 28
25 11 11 1
25 14 1 12
25 15 10 11
25 18 2 10
25 20 4 13
25 26 1 2
25 27 1 4
26 5 4 4
26 7 44 1
26 11 1 23
26 15 11 1
27 4 59 1
27 9 1 11
27 12 2 5
