0 1 173 1
0 2 78 1
0 3 56 1
0 4 116 1
0 5 57 1
0 6 193 1
0 7 1 24
0 8 161 11
0 9 24 1
0 11 38 3
0 13 46 1
0 15 2 5
0 16 29 1
0 17 1 14
0 19 2 10
0 20 46 1
0 23 54 18
0 24 126 1
0 25 33 3
0 26 24 8
1 0 9 2
1 2 78 1
1 3 254 1
1 4 7 2
1 5 29 1
1 6 27 3
1 7 1 8
1 8 42 1
1 9 80 1
1 10 167 1
1 12 1 16
1 16 60 1
1 17 16 1
1 18 90 2
1 19 14 3
1 21 37 1
1 22 1 24
1 24 35 1
1 27 2 27
2 0 11 8
2 3 17 10
2 4 19 16
2 6 184 1
2 7 144 1
2 8 28 14
2 10 19 1
2 11 70 1
2 27 5 24
3 0 6 14
3 1 49 1
3 2 2 25
3 5 66 5
3 7 1 25
3 8 12 9
3 12 30 3
3 15 1 26
3 16 64 1
3 19 3 10
3 21 1 9
3 24 101 1
4 0 202 1
4 3 1 5
4 5 23 1
4 6 4 18
4 7 1 21
4 9 3 1
4 10 86 2
4 12 159 17
4 18 194 1
4 19 8 1
5 0 173 1
5 1 30 7
5 2 11 2
5 3 144 3
5 4 1 10
5 6 10 26
5 8 215 16
5 9 5 28
5 10 50 1
5 12 1 18
5 16 81 1
5 24 110 3
6 0 10 3
6 1 206 1
6 2 22 18
6 3 1 29
6 4 19 8
6 5 27 26
6 7 61 25
6 8 44 15
6 9 45 1
6 10 2 26
6 11 1 17
6 12 97 2
6 18 56 2
6 19 1 9
6 20 68 1
6 21 47 3
6 23 34 5
6 25 105 17
7 0 24 21
7 1 134 1
7 2 25 1
7 3 11 1
7 6 1 13
7 8 252 1
7 9 18 4
7 10 47 1
7 11 21 1
7 12 40 22
7 14 28 1
7 15 1 11
7 17 114 2
7 18 109 3
7 20 1 25
7 22 1 15
7 23 109 1
7 25 15 1
7 26 9 6
7 27 1 24
8 0 95 1
8 1 4 13
8 2 1 22
8 3 251 1
8 4 2 6
8 5 132 1
8 6 224 29
8 7 18 15
8 10 2 15
8 11 280 1
8 12 21 1
8 14 70 16
8 16 50 1
8 17 15 2
8 19 112 24
8 21 2 7
8 22 9 1
8 24 179 1
8 25 131 1
9 0 1 4
9 4 147 1
9 5 15 18
9 6 197 1
9 10 67 1
9 11 172 2
9 12 53 1
9 14 3 7
9 17 1 18
9 19 1 1
9 21 2 23
9 23 1 9
9 24 14 17
9 25 37 4
9 27 4 2
10 2 13 28
10 4 1 28
10 5 9 21
10 6 201 1
10 7 1 7
10 8 52 12
10 9 4 4
10 12 1 2
10 13 1 26
10 14 8 7
10 16 12 11
10 17 91 1
10 18 2 13
10 22 11 3
10 24 3 17
10 26 21 7
11 0 1 8
11 3 1 9
11 4 2 9
11 5 2 5
11 6 269 1
11 7 1 1
11 8 1 12
11 9 3 28
11 10 175 1
11 12 29 4
11 13 31 22
11 14 1 7
11 15 4 8
11 20 7 7
11 21 31 8
11 23 1 24
11 24 1 29
11 25 7 1
11 26 2 3
11 27 2 5
12 0 69 1
12 1 48 2
12 4 12 1
12 6 1 13
12 8 1 21
12 9 129 1
12 10 2 16
12 11 97 1
12 14 3 1
12 20 24 6
13 8 102 17
13 12 43 2
13 15 1 22
13 21 1 14
14 1 24 2
14 2 3 4
14 4 32 12
14 5 1 6
14 8 4 16
14 9 2 17
14 10 190 12
14 11 34 2
14 13 1 1
14 15 48 23
15 6 14 24
15 7 12 1
15 8 1 12
15 11 25 26
15 20 59 1
15 24 10 9
15 27 2 2
16 0 123 1
16 1 22 22
16 2 1 29
16 3 104 1
16 5 56 1
16 6 43 7
16 7 1 2
16 8 48 1
16 9 12 19
16 10 1 28
16 17 9 18
16 18 73 1
16 20 2 1
16 24 108 9
17 0 43 27
17 1 1 1
17 2 82 2
17 3 141 3
17 5 20 11
17 6 26 6
17 8 131 2
17 9 122 2
17 11 8 23
17 13 1 1
17 16 80 20
17 20 79 27
17 25 1 29
17 26 2 22
18 4 1 28
18 6 1 1
18 7 37 28
18 8 1 19
18 11 1 12
18 16 1 25
18 17 31 4
18 19 21 1
19 1 1 21
19 3 1 14
19 7 1 11
19 17 2 23
19 20 34 1
19 22 4 11
20 0 1 28
20 3 120 1
20 7 70 1
20 11 37 5
20 15 38 2
20 17 18 20
20 19 6 12
21 0 22 7
21 3 1 18
21 6 52 15
21 10 49 1
21 14 2 15
21 16 3 13
21 17 7 27
22 2 1 4
22 7 4 14
22 11 10 1
23 7 73 1
23 8 1 2
23 10 35 17
23 11 10 4
23 12 8 29
24 0 60 1
24 1 1 6
24 2 2 1
24 3 30 1
24 5 39 3
24 7 46 1
24 8 20 1
24 16 79 6
24 17 60 28
24 18 1 23
24 25 4 22
25 2 23 7
25 3 1 19
25 10 4 21
25 14 20 17
25 15 1 7
25 24 1 22
25 26 1 20
26 0 1 27
26 1 13 4
26 8 36 2
26 11 115 5
26 27 4 28
27 7 2 3
27 8 83 8
27 9 5 14
27 26 63 1
