0 1 150 1
0 2 69 1
0 3 207 24
0 4 107 1
0 5 65 21
0 6 184 2
0 7 12 22
0 8 147 2
0 11 34 1
0 13 45 4
0 15 2 27
0 16 106 1
0 19 11 10
0 20 50 1
0 21 28 12
0 24 4 8
0 26 6 26
1 0 238 1
1 2 307 1
1 3 282 1
1 4 1 2
1 5 130 1
1 6 3 1
1 7 1 29
1 8 28 1
1 9 73 1
1 10 159 2
1 14 5 4
1 15 22 3
1 16 12 26
1 17 374 1
1 24 134 1
1 25 9 10
2 0 4 28
2 1 1 17
2 3 75 22
2 4 1 19
2 5 2 6
2 6 172 1
2 7 131 1
2 8 3 3
2 9 3 5
2 10 12 1
2 11 64 1
2 12 70 2
2 13 1 15
2 17 85 13
2 19 1 15
2 21 2 26
2 27 7 18
3 0 140 1
3 1 69 1
3 2 2 12
3 4 1 29
3 5 101 3
3 7 8 8
3 8 17 22
3 11 113 3
3 16 142 2
3 18 4 4
3 20 35 2
3 23 25 8
3 24 14 2
4 1 269 21
4 2 27 5
4 5 12 1
4 9 1 1
4 10 153 1
4 12 1 3
4 15 10 7
4 18 82 1
4 19 7 1
4 23 57 2
5 0 116 1
5 1 260 2
5 3 73 1
5 4 2 26
5 6 28 2
5 7 1 8
5 8 55 2
5 9 49 3
5 10 41 1
5 16 123 1
5 19 1 24
5 20 61 5
5 24 76 1
6 0 7 1
6 1 176 1
6 2 1 17
6 4 3 27
6 5 12 12
6 7 250 1
6 8 81 27
6 11 12 28
6 13 10 19
6 14 6 4
6 17 7 1
6 18 52 3
6 19 1 24
6 20 66 1
6 25 1 15
6 26 31 26
7 0 44 20
7 1 125 2
7 2 18 1
7 3 3 2
7 4 160 1
7 5 198 15
7 6 124 22
7 8 239 1
7 9 1 4
7 10 126 1
7 11 85 1
7 15 2 25
7 20 1 25
7 23 106 2
7 26 9 1
7 27 2 6
8 0 25 1
8 1 41 14
8 2 1 14
8 3 176 1
8 4 5 13
8 5 316 2
8 6 275 1
8 7 3 13
8 10 7 17
8 11 265 1
8 12 18 4
8 13 6 29
8 14 3 20
8 16 247 1
8 17 12 4
8 24 5 9
8 25 129 1
9 0 3 29
9 4 136 1
9 5 33 21
9 6 163 1
9 10 43 1
9 11 165 2
9 12 41 1
9 18 112 1
9 19 2 8
9 23 27 8
9 25 36 1
10 0 7 5
10 2 2 13
10 5 6 9
10 6 178 1
10 7 21 24
10 8 4 16
10 9 3 26
10 13 1 16
10 14 48 8
10 15 1 12
10 16 12 1
10 17 88 2
10 19 2 14
10 20 150 8
10 25 93 1
11 0 62 19
11 2 7 4
11 3 23 8
11 4 1 15
11 6 263 1
11 7 176 1
11 8 4 29
11 9 2 15
11 10 1 7
11 15 28 5
11 19 69 8
11 20 1 1
11 21 30 8
11 22 31 1
11 24 1 8
11 25 1 1
12 1 46 1
12 5 96 1
12 8 3 13
12 9 113 1
12 10 17 21
12 11 94 2
12 20 1 8
12 22 1 2
12 25 38 2
13 2 15 10
13 5 1 29
13 6 22 5
13 7 1 3
13 8 1 18
13 15 7 9
13 17 22 1
14 0 6 15
14 4 1 7
14 6 1 26
14 7 4 6
14 8 2 3
14 9 4 7
14 10 117 28
14 11 18 1
14 12 15 25
14 23 2 3
14 24 2 17
14 27 1 19
15 8 1 15
15 9 34 2
15 11 4 28
15 14 4 6
15 17 33 4
15 24 10 1
16 0 40 1
16 1 114 1
16 3 49 2
16 4 135 3
16 5 50 1
16 8 174 1
16 11 43 2
16 17 1 23
16 18 63 1
16 22 1 8
16 24 70 2
17 2 21 1
17 4 1 27
17 5 20 17
17 7 5 9
17 8 126 2
17 9 119 1
17 10 33 1
17 15 10 5
17 16 16 3
17 19 3 7
17 21 19 13
17 24 1 22
18 1 6 12
18 4 1 29
18 6 1 11
18 7 1 4
18 8 1 12
18 16 1 29
18 20 1 29
18 22 2 16
19 0 31 5
19 7 2 26
19 8 83 5
19 22 4 20
20 0 2 19
20 3 114 2
20 5 68 4
20 7 65 1
20 8 134 3
20 10 1 7
20 15 38 1
20 18 1 8
20 19 3 14
20 25 12 1
21 0 22 1
21 2 3 19
21 4 1 23
21 7 33 4
21 8 1 15
21 10 47 3
21 12 1 5
21 18 17 1
22 8 1 16
23 6 1 18
23 7 70 1
23 10 21 15
23 15 1 3
23 24 2 10
24 0 12 3
24 1 87 1
24 3 1 4
24 5 47 1
24 6 52 1
24 7 41 2
24 8 125 1
24 9 6 3
24 11 12 1
24 16 108 1
24 22 1 25
24 23 1 4
25 5 1 24
25 6 73 20
25 8 1 6
25 9 27 1
25 10 1 12
25 12 42 1
25 16 27 5
25 26 1 21
26 1 12 2
26 3 17 26
26 11 2 4
26 27 9 1
27 6 1 6
27 9 1 19
27 11 2 16
27 15 4 29
27 24 9 20
27 26 15 20
