0 1 2 16
0 2 43 2
0 3 1 19
0 4 81 2
0 5 8 13
0 6 158 1
0 7 56 25
0 8 2 25
0 9 18 1
0 13 43 6
0 14 53 5
0 16 2 22
0 17 1 14
0 19 4 27
0 20 23 16
0 22 1 28
0 24 2 20
1 0 191 18
1 2 3 29
1 5 3 13
1 6 310 1
1 7 1 15
1 8 2 1
1 10 137 1
1 12 4 23
1 16 1 21
1 17 340 1
1 24 2 24
1 27 1 1
2 0 33 25
2 1 68 1
2 3 4 13
2 4 30 21
2 6 135 1
2 7 94 1
2 8 3 19
2 11 48 1
2 12 67 8
2 17 1 2
2 18 16 6
2 20 45 1
2 23 9 1
2 26 15 3
3 0 1 6
3 1 4 27
3 2 122 11
3 4 1 22
3 5 2 15
3 6 170 8
3 7 28 13
3 8 2 8
3 10 1 1
3 11 156 1
3 16 22 7
3 17 96 16
3 18 3 29
3 19 1 8
3 21 11 9
3 24 2 2
4 0 167 1
4 1 253 1
4 2 3 14
4 6 170 1
4 7 1 5
4 8 2 11
4 10 132 1
4 13 66 10
4 14 7 1
4 16 153 2
4 17 148 1
4 18 63 1
4 24 54 14
5 0 2 17
5 1 2 2
5 3 2 2
5 4 2 10
5 6 193 1
5 8 4 8
5 9 8 23
5 10 19 1
5 11 4 1
5 12 3 17
5 16 2 23
5 17 9 1
5 18 70 2
5 24 2 18
5 25 24 1
6 1 169 1
6 2 2 2
6 3 1 15
6 4 4 19
6 5 13 28
6 8 92 29
6 9 37 1
6 10 35 29
6 11 1 21
6 12 81 2
6 13 1 11
6 16 1 29
6 19 18 28
6 20 58 3
6 21 43 4
6 23 30 1
6 26 19 4
7 0 55 22
7 1 99 1
7 6 1 9
7 8 198 1
7 10 22 1
7 11 15 1
7 14 13 1
7 15 4 24
7 17 100 1
7 21 2 17
7 22 67 1
7 23 96 1
8 0 2 15
8 1 4 1
8 2 33 2
8 4 1 10
8 5 171 1
8 6 45 1
8 7 5 6
8 10 18 1
8 11 218 1
8 12 11 2
8 13 6 12
8 15 13 2
8 16 2 25
8 17 6 6
8 24 2 1
8 25 120 2
8 26 66 1
9 0 1 14
9 3 88 1
9 4 121 1
9 5 37 21
9 6 70 1
9 8 3 20
9 10 2 1
9 11 144 1
9 12 14 2
9 14 2 21
9 16 1 9
9 17 1 11
9 22 60 12
10 2 2 14
10 3 2 6
10 4 1 21
10 5 3 13
10 6 116 1
10 7 77 6
10 8 2 6
10 9 27 29
10 11 1 20
10 12 25 17
10 13 1 7
10 14 3 10
10 15 1 27
10 17 79 1
10 19 1 10
10 20 146 3
10 22 5 2
10 23 1 21
10 24 1 7
10 25 79 1
10 26 17 5
11 0 6 16
11 2 1 10
11 4 1 20
11 5 1 28
11 6 244 1
11 7 190 1
11 8 1 5
11 9 2 22
11 10 103 1
11 14 4 10
11 15 3 25
11 16 56 1
11 18 82 5
11 20 5 18
11 23 1 26
11 24 17 25
11 25 1 29
11 26 1 11
12 0 62 1
12 1 38 1
12 2 1 4
12 5 80 1
12 6 8 25
12 9 68 1
12 10 5 17
12 11 85 2
12 18 1 14
12 20 1 11
12 22 1 22
13 1 32 4
13 4 40 5
13 9 15 23
13 10 2 20
13 11 155 8
13 14 1 14
13 15 10 17
13 21 1 9
13 22 4 5
14 0 8 9
14 6 1 19
14 7 1 13
14 8 8 4
14 9 1 1
14 10 101 1
14 11 12 1
14 12 13 22
14 13 2 14
14 15 1 9
14 16 1 23
14 25 25 2
15 2 1 25
15 3 12 3
15 7 1 17
15 8 9 10
15 9 28 1
15 11 75 17
15 14 6 17
15 17 12 23
15 23 12 2
15 26 1 26
16 0 2 12
16 1 2 3
16 3 2 22
16 4 126 1
16 5 2 8
16 6 36 6
16 8 3 7
16 9 12 26
16 11 39 9
16 12 1 15
16 17 23 27
16 18 37 2
16 24 2 11
17 0 39 1
17 1 195 1
17 2 11 1
17 4 7 26
17 5 2 5
17 6 1 16
17 7 2 4
17 8 111 1
17 11 3 9
17 15 1 16
17 23 1 23
18 1 5 25
18 4 1 8
18 6 1 20
18 8 1 10
18 10 1 6
18 17 15 11
18 19 18 9
19 0 20 1
19 1 3 22
19 2 6 1
19 5 14 4
19 16 3 12
19 17 1 14
19 20 82 1
19 24 2 22
19 25 4 8
19 26 1 14
20 3 96 1
20 7 53 1
20 11 30 1
20 15 35 2
20 16 1 24
20 19 2 8
20 21 1 8
21 1 46 14
21 6 1 20
21 8 2 7
21 10 44 2
21 15 1 6
21 17 7 27
22 3 1 29
22 5 1 6
22 11 5 1
22 12 92 2
22 16 17 9
22 18 23 2
23 0 56 4
23 6 1 14
23 7 59 3
23 8 1 21
23 10 37 28
23 11 2 18
23 12 1 5
23 21 1 21
23 25 2 15
24 0 3 4
24 1 2 27
24 3 2 8
24 5 2 1
24 7 27 1
24 8 2 18
24 14 1 21
24 16 3 29
24 17 64 28
24 23 1 25
24 26 1 17
25 7 1 8
25 10 1 24
25 11 1 11
25 26 1 4
26 4 12 5
26 10 51 9
26 27 49 15
27 2 1 9
27 12 2 21
27 20 2 15
27 23 1 14
