0 1 2 1
0 3 27 1
0 5 52 14
0 6 112 1
0 7 62 18
0 8 71 11
0 11 9 1
0 12 90 1
0 13 40 2
0 16 19 1
0 17 1 23
0 18 18 17
0 19 3 4
0 20 26 2
0 24 27 26
1 0 1 16
1 2 46 1
1 3 164 8
1 4 2 10
1 5 11 27
1 6 149 1
1 7 1 1
1 8 71 1
1 9 24 1
1 11 89 2
1 12 25 18
1 15 12 3
1 16 72 29
1 17 237 1
1 18 50 1
1 20 126 2
1 21 31 15
1 24 66 11
1 26 57 7
2 0 28 14
2 1 289 1
2 3 10 2
2 6 73 1
2 7 41 1
2 8 326 2
2 10 4 2
2 12 62 5
2 16 14 1
2 18 11 5
3 0 5 16
3 1 83 27
3 2 43 1
3 4 1 2
3 5 37 1
3 7 2 5
3 8 7 4
3 9 9 28
3 10 3 22
3 11 149 1
3 14 22 9
3 16 13 21
3 24 127 3
4 0 121 1
4 1 225 1
4 3 1 14
4 5 4 18
4 6 66 1
4 7 2 17
4 8 1 29
4 11 184 1
4 12 130 1
4 14 3 1
4 17 115 1
4 18 116 1
4 22 51 5
5 0 23 1
5 1 56 24
5 3 8 17
5 4 3 12
5 6 131 1
5 8 50 1
5 9 19 3
5 16 46 1
5 19 3 25
5 24 39 1
6 1 123 1
6 2 1 18
6 3 2 12
6 4 2 24
6 5 2 29
6 7 119 1
6 8 183 26
6 9 124 1
6 10 319 19
6 13 1 1
6 16 1 4
6 19 1 28
6 21 39 1
7 0 12 3
7 1 59 1
7 3 2 27
7 5 2 21
7 8 134 1
7 10 55 1
7 11 5 5
7 13 1 2
7 15 16 2
7 18 97 1
7 23 78 3
7 24 11 17
7 27 2 23
8 0 64 10
8 1 56 1
8 2 35 12
8 3 27 2
8 4 1 2
8 5 105 1
8 6 2 10
8 9 7 24
8 10 107 1
8 11 141 1
8 14 161 2
8 15 4 2
8 16 289 10
8 19 108 3
8 24 2 6
8 25 104 4
9 0 2 23
9 1 4 18
9 3 76 1
9 4 78 1
9 5 155 21
9 6 45 1
9 7 2 8
9 8 12 5
9 10 4 27
9 11 107 1
9 14 2 9
9 15 87 1
9 17 1 19
9 18 93 1
9 25 23 1
10 1 198 1
10 2 44 13
10 3 170 1
10 4 122 13
10 5 1 4
10 6 122 1
10 7 15 10
10 8 29 15
10 9 3 7
10 11 6 16
10 12 72 13
10 13 18 21
10 14 168 16
10 17 63 3
10 18 1 9
10 23 4 25
10 24 1 9
10 25 55 2
11 0 2 4
11 1 2 27
11 5 1 22
11 6 205 1
11 7 99 1
11 8 1 20
11 9 2 18
11 10 24 1
11 19 72 1
11 20 1 6
11 23 4 4
11 24 36 24
11 25 3 8
11 27 7 3
12 0 53 4
12 2 2 1
12 5 53 1
12 7 1 14
12 9 15 1
12 13 1 4
12 19 23 1
12 20 3 19
12 22 1 24
12 25 32 1
13 2 1 29
13 6 10 2
13 12 75 1
13 14 6 23
14 1 11 1
14 6 7 26
14 8 1 16
14 9 1 24
14 10 74 1
14 11 203 1
14 12 2 23
14 13 5 12
14 15 13 1
14 16 1 24
14 25 22 1
14 27 15 11
15 3 7 6
15 4 6 16
15 5 1 21
15 7 2 8
15 8 2 29
15 11 1 14
15 14 15 2
15 18 12 20
15 21 8 1
15 23 4 3
15 26 3 25
16 0 47 6
16 1 9 18
16 2 3 5
16 3 9 11
16 4 109 1
16 5 25 6
16 6 28 2
16 8 6 24
16 9 91 2
16 15 27 2
16 17 1 24
16 24 22 29
17 1 158 1
17 2 52 2
17 3 114 3
17 5 4 28
17 6 1 16
17 8 85 1
17 9 98 1
17 10 139 1
17 11 1 18
17 12 68 1
17 14 17 8
17 20 1 3
18 1 110 29
18 6 14 17
18 7 1 16
18 8 2 18
18 16 58 18
18 20 49 26
18 21 22 29
19 0 5 1
19 4 1 20
19 7 1 2
19 8 68 1
19 9 5 2
19 13 4 27
19 17 1 28
19 18 1 19
19 20 54 1
20 0 10 13
20 1 3 2
20 2 5 1
20 3 65 2
20 7 33 3
20 8 103 1
20 10 1 4
20 11 93 1
20 18 46 20
20 19 1 2
20 23 1 14
20 27 6 5
21 4 1 3
21 5 1 22
21 10 39 2
21 11 1 25
21 12 41 9
21 19 6 5
22 4 47 10
22 10 2 24
22 12 84 1
22 14 26 28
22 23 4 3
23 0 3 6
23 1 1 11
23 7 42 2
23 11 1 22
23 15 1 19
23 27 1 19
24 0 32 17
24 1 30 15
24 3 80 21
24 4 1 5
24 5 19 15
24 6 39 1
24 7 9 5
24 8 2 26
24 11 1 18
24 16 21 1
24 20 8 6
25 0 1 13
25 1 39 1
25 5 2 20
25 7 3 29
25 8 1 10
25 9 15 4
25 10 1 7
25 11 3 1
25 24 1 28
26 9 48 22
26 11 1 17
26 24 3 11
26 25 26 27
26 27 22 9
27 7 7 11
27 8 70 2
27 9 1 5
27 14 12 22
27 15 1 21
27 20 1 15
27 25 1 6
27 26 41 1
