0 1 104 1
0 2 6 3
0 3 168 1
0 4 35 2
0 5 52 1
0 6 100 1
0 7 1 4
0 8 183 1
0 12 88 2
0 16 13 11
0 17 3 17
0 19 9 29
0 20 19 1
0 24 53 1
0 25 19 5
1 0 328 1
1 2 17 1
1 3 102 1
1 4 2 26
1 5 83 15
1 6 111 1
1 7 1 5
1 8 13 1
1 9 18 1
1 10 89 1
1 11 82 1
1 15 11 1
1 16 31 1
1 17 208 1
1 21 31 2
1 24 6 23
1 26 57 1
2 0 3 28
2 1 227 1
2 3 18 1
2 4 2 29
2 5 1 24
2 6 58 1
2 7 29 2
2 8 1 25
2 10 1 7
2 12 60 6
2 14 2 9
2 19 1 27
2 21 7 10
2 24 1 16
2 25 12 25
3 0 28 13
3 1 389 1
3 2 85 1
3 4 1 5
3 5 126 1
3 6 1 9
3 7 6 4
3 8 203 1
3 10 3 9
3 11 141 18
3 16 59 1
3 17 51 5
3 19 4 11
3 21 13 2
3 24 59 18
3 25 43 9
4 1 164 1
4 2 4 4
4 5 2 13
4 6 134 1
4 7 1 10
4 8 1 24
4 9 5 29
4 10 86 2
4 12 125 1
4 13 61 4
4 14 2 1
4 16 141 4
4 17 106 1
4 18 101 1
4 23 52 5
4 25 4 26
5 0 15 1
5 1 87 1
5 3 173 1
5 4 27 21
5 7 1 23
5 8 131 6
5 9 44 1
5 16 57 1
5 17 115 1
5 21 1 27
5 24 119 1
6 1 88 1
6 2 7 4
6 3 1 4
6 4 84 3
6 5 156 1
6 7 224 1
6 8 152 1
6 9 208 1
6 10 98 1
6 11 35 29
6 12 53 2
6 13 1 5
6 14 3 4
6 18 22 3
6 19 27 23
6 20 42 1
6 23 22 1
6 25 102 27
7 0 1 11
7 3 2 28
7 4 152 1
7 5 22 2
7 6 51 1
7 8 111 1
7 9 11 1
7 10 7 1
7 11 37 9
7 12 38 1
7 15 34 8
7 17 78 1
7 18 95 1
7 20 16 13
7 23 73 2
7 24 1 20
7 27 1 29
8 0 144 1
8 1 104 28
8 2 49 1
8 3 37 1
8 4 3 12
8 5 17 9
8 6 16 24
8 7 87 28
8 7 140 20
8 7 396 22
8 9 4 25
8 10 330 1
8 11 121 1
8 12 1 6
8 14 65 1
8 16 20 1
8 20 2 3
8 21 1 2
8 24 101 1
8 25 100 1
9 0 1 15
9 2 5 7
9 3 72 4
9 4 37 1
9 5 164 1
9 6 22 1
9 8 9 17
9 10 3 16
9 12 1 18
9 15 84 2
9 18 89 1
9 19 27 18
9 20 4 2
9 25 21 6
10 1 188 1
10 2 24 3
10 3 42 1
10 4 1 20
10 5 23 20
10 6 116 1
10 7 2 5
10 8 25 1
10 9 4 20
10 11 2 4
10 12 1 4
10 13 1 21
10 14 1 29
10 15 2 14
10 17 59 2
10 23 2 11
10 24 1 4
10 25 49 1
10 27 14 2
11 0 87 2
11 1 4 16
11 3 21 17
11 4 1 25
11 5 1 26
11 7 79 1
11 8 6 19
11 9 2 10
11 12 10 1
11 13 28 1
11 14 1 21
11 15 1 5
11 18 75 2
11 19 69 1
11 20 1 26
11 22 10 2
11 23 3 3
11 24 15 15
11 25 2 5
11 27 2 12
12 5 46 1
12 8 10 21
12 10 3 11
12 13 3 8
12 22 2 8
12 24 24 7
12 27 3 17
13 1 25 1
13 6 8 2
13 8 139 21
13 10 2 20
13 12 65 1
13 14 2 19
13 17 16 1
13 21 2 19
13 22 6 20
13 27 8 1
14 7 7 27
14 8 1 13
14 9 4 25
14 10 11 1
14 11 187 1
14 12 1 7
14 13 2 16
14 15 35 1
14 18 25 14
14 22 1 6
14 25 21 1
15 2 1 3
15 4 35 16
15 7 16 10
15 8 2 16
16 0 27 1
16 1 22 1
16 3 239 1
16 5 155 11
16 8 58 1
16 10 4 12
16 11 33 3
16 13 23 29
16 17 3 16
16 18 3 1
16 24 39 1
17 0 32 3
17 1 134 1
17 2 49 2
17 3 109 1
17 4 1 9
17 6 23 16
17 9 94 1
17 13 1 18
17 16 3 18
17 18 11 3
17 23 1 19
17 24 22 2
18 0 36 8
18 4 1 27
18 6 2 15
18 7 1 3
18 8 2 29
18 27 1 29
19 0 62 1
19 3 1 14
19 4 1 27
19 7 6 10
19 20 31 1
20 0 5 12
20 3 57 1
20 6 5 4
20 7 29 1
20 8 98 1
20 11 113 2
20 15 28 2
20 16 55 7
20 19 16 24
20 25 6 6
21 8 5 17
21 9 13 5
21 17 41 14
21 22 10 4
22 7 1 6
22 9 59 12
22 17 4 5
23 1 6 20
23 10 3 4
23 11 1 8
24 0 43 1
24 1 17 1
24 2 1 7
24 3 59 1
24 5 100 1
24 6 36 3
24 8 138 1
24 11 1 4
24 16 28 4
24 20 1 5
24 26 2 6
25 0 1 20
25 1 37 2
25 5 21 17
25 7 4 23
25 10 5 22
25 11 2 25
25 21 2 23
25 27 3 20
26 1 8 18
26 6 1 13
26 7 25 5
26 10 44 1
26 11 1 28
26 17 5 16
26 24 2 11
26 27 49 10
27 11 2 10
27 20 1 17
27 25 3 2
27 26 34 1
