0 1 42 10
0 2 5 2
0 3 147 1
0 5 88 1
0 6 98 1
0 7 63 10
0 9 4 1
0 11 5 7
0 12 87 4
0 13 38 8
0 16 255 1
0 19 2 3
0 20 18 1
0 22 2 1
0 24 24 25
0 26 4 21
1 0 282 1
1 2 13 1
1 3 5 11
1 4 3 17
1 5 327 1
1 6 104 1
1 7 1 24
1 8 115 1
1 9 17 3
1 10 87 1
1 11 81 1
1 12 136 1
1 16 67 1
1 17 202 1
1 21 30 10
1 22 1 6
1 23 46 1
1 24 129 1
2 0 1 19
2 1 215 1
2 3 74 22
2 5 22 25
2 6 55 2
2 7 27 2
2 8 56 10
2 17 1 22
2 18 9 3
2 19 5 6
2 20 24 2
2 25 1 28
2 27 2 2
3 0 22 1
3 1 358 3
3 2 75 1
3 4 15 26
3 5 86 2
3 7 46 4
3 8 163 8
3 9 1 22
3 11 105 1
3 16 72 1
3 18 27 4
3 24 49 1
4 0 106 1
4 1 155 1
4 2 14 18
4 5 9 25
4 6 128 24
4 8 2 29
4 9 9 16
4 10 85 1
4 11 181 2
4 12 124 1
4 17 104 2
4 18 97 1
4 26 2 16
4 27 1 3
5 0 51 1
5 1 22 1
5 3 50 5
5 4 5 7
5 6 74 1
5 7 1 2
5 8 37 1
5 9 36 1
5 12 1 4
5 14 2 1
5 16 16 1
5 18 53 1
5 22 9 4
5 24 80 1
5 27 1 28
6 0 2 14
6 1 82 1
6 2 1 22
6 3 4 1
6 4 106 21
6 5 201 28
6 7 220 1
6 8 120 1
6 9 105 1
6 10 93 29
6 11 33 7
6 13 1 4
6 14 146 11
6 15 2 29
6 18 22 1
6 19 24 20
6 21 38 3
6 25 1 12
6 26 20 18
6 27 55 1
7 1 48 1
7 2 2 20
7 3 3 20
7 4 74 1
7 5 21 5
7 8 100 1
7 10 4 1
7 11 19 25
7 15 10 1
7 20 3 23
7 22 25 5
7 23 72 2
7 24 1 25
7 25 1 23
7 27 9 3
8 0 104 1
8 1 14 20
8 2 40 1
8 3 316 1
8 4 6 29
8 5 157 4
8 6 9 17
8 9 1 11
8 10 82 1
8 11 118 1
8 14 64 1
8 16 359 1
8 18 34 4
8 19 106 2
8 20 3 8
8 24 187 1
8 26 59 6
9 1 4 2
9 4 34 1
9 5 158 1
9 6 18 1
9 8 1 24
9 10 3 11
9 12 1 4
9 17 2 7
9 18 88 1
9 23 11 2
9 24 2 19
10 1 186 2
10 2 25 29
10 4 2 21
10 5 2 16
10 6 110 1
10 8 16 1
10 9 260 3
10 11 3 17
10 12 40 7
10 13 16 6
10 14 1 19
10 18 20 8
10 19 5 26
10 21 12 4
10 23 1 1
10 24 1 15
10 25 48 2
10 26 11 6
11 0 2 22
11 1 2 5
11 4 54 23
11 5 1 17
11 6 191 2
11 7 55 11
11 8 2 10
11 9 3 27
11 12 9 2
11 13 27 1
11 15 35 1
11 20 3 12
11 23 15 9
11 24 2 11
11 25 3 3
11 26 1 27
12 0 50 5
12 1 22 1
12 2 4 22
12 4 2 1
12 5 45 2
12 6 1 1
12 8 3 15
12 9 5 2
12 10 17 24
12 11 65 3
12 13 1 26
12 14 115 10
12 18 1 21
12 21 30 6
12 22 1 5
13 1 24 10
13 4 33 1
13 11 150 20
13 12 63 1
13 14 1 21
13 15 9 17
13 16 1 9
13 22 3 8
13 24 3 12
14 5 21 4
14 6 118 24
14 7 67 14
14 8 4 12
14 9 1 14
14 10 5 1
14 11 183 1
14 13 2 9
14 15 32 1
14 22 1 28
14 24 2 27
15 2 1 17
15 7 157 3
15 8 20 18
15 9 14 3
15 10 229 1
15 11 224 6
15 14 6 3
15 16 13 1
15 22 1 16
15 25 1 12
16 0 175 1
16 1 61 1
16 2 3 22
16 3 208 1
16 5 128 1
16 6 25 1
16 8 113 1
16 11 33 2
16 22 1 7
16 24 81 1
17 0 31 1
17 1 129 1
17 3 108 1
17 4 10 5
17 6 1 15
17 8 77 3
17 10 134 1
17 11 3 18
17 15 65 21
17 16 114 2
17 18 11 2
17 20 3 2
17 23 1 26
17 26 1 2
18 1 24 27
18 6 54 6
18 7 1 23
18 8 3 25
18 10 120 8
18 11 5 23
18 16 59 12
18 19 15 5
18 22 2 18
18 27 1 24
19 0 59 1
19 1 145 11
19 8 65 1
19 17 1 1
19 20 27 1
19 26 1 10
20 0 5 26
20 1 9 20
20 9 1 1
20 14 1 10
20 22 1 8
20 26 2 7
21 13 3 7
21 26 1 1
22 1 53 20
22 6 67 3
22 8 1 3
22 23 1 5
23 4 4 28
23 6 59 9
23 8 100 22
23 12 1 2
23 22 1 12
24 0 120 1
24 1 97 11
24 2 7 14
24 3 19 1
24 4 1 26
24 5 60 5
24 6 36 4
24 7 6 1
24 8 110 1
24 11 2 23
24 16 9 1
24 20 10 28
24 22 1 16
24 23 2 22
25 1 36 5
25 3 1 5
25 4 1 16
25 6 75 4
25 7 1 23
25 9 13 8
25 10 16 2
25 11 3 14
25 15 20 2
25 27 3 6
26 15 7 4
26 25 1 9
27 5 6 6
27 7 1 13
27 11 1 3
27 13 4 20
27 14 1 12
27 25 2 2
27 26 32 2
