0 1 3 19
0 3 44 1
0 4 18 3
0 5 99 24
0 6 74 1
0 7 2 10
0 9 119 1
0 10 191 1
0 12 83 4
0 16 28 22
0 17 71 27
0 19 6 1
0 20 14 3
0 22 28 10
0 23 7 17
0 24 11 1
0 26 4 5
1 0 10 11
1 2 1 27
1 3 24 19
1 4 10 28
1 6 41 1
1 7 1 2
1 8 1 23
1 11 67 1
1 15 7 8
1 16 47 7
1 17 142 1
1 18 32 1
1 20 108 1
2 0 1 2
2 1 96 1
2 3 36 1
2 4 1 13
2 6 29 1
2 7 10 1
2 8 46 1
2 9 1 23
2 12 57 1
2 20 17 1
2 24 2 27
3 0 83 1
3 1 1 5
3 2 10 1
3 4 1 2
3 7 10 9
3 10 4 17
3 11 128 2
3 12 45 1
3 14 18 13
3 16 1 14
3 19 1 6
3 24 5 22
3 26 2 4
4 0 81 2
4 1 174 1
4 2 14 20
4 5 3 23
4 6 90 1
4 8 1 17
4 9 4 27
4 10 66 1
4 11 175 4
4 12 111 3
4 16 132 3
4 18 100 1
4 26 1 27
5 4 2 15
5 6 5 4
5 7 1 6
5 8 5 25
5 9 320 1
5 10 1 20
5 12 3 22
5 17 3 2
5 18 45 4
5 27 1 10
6 1 27 1
6 3 1 25
6 4 20 4
6 5 273 1
6 7 99 1
6 8 25 15
6 9 16 18
6 10 84 1
6 11 2 21
6 14 1 2
6 15 1 13
6 19 1 25
6 21 35 8
6 27 52 6
7 1 30 1
7 2 2 18
7 3 3 12
7 4 149 1
7 6 5 15
7 8 114 1
7 9 5 2
7 11 102 23
7 12 112 1
7 15 51 15
7 20 1 16
7 23 62 1
7 24 1 23
7 25 1 13
7 27 12 8
8 1 10 26
8 2 11 5
8 3 49 16
8 4 1 25
8 6 16 27
8 7 13 1
8 9 5 2
8 10 242 1
8 11 80 1
8 14 61 1
8 18 27 1
8 20 1 14
8 25 89 2
8 26 57 1
8 27 3 8
9 1 14 26
9 3 64 4
9 4 9 1
9 5 138 1
9 8 1 18
9 10 29 12
9 11 76 1
9 12 1 7
9 14 13 8
9 15 79 1
9 16 3 11
9 17 2 19
9 18 80 3
10 1 165 1
10 2 49 17
10 4 2 28
10 5 2 14
10 6 68 1
10 7 27 9
10 8 175 1
10 9 6 7
10 11 3 13
10 12 2 4
10 13 5 29
10 16 4 1
10 17 50 2
10 24 92 1
11 0 1 16
11 1 1 28
11 4 1 17
11 5 5 23
11 6 167 1
11 7 6 1
11 8 11 8
11 9 23 7
11 12 6 3
11 13 24 4
11 14 143 1
11 15 17 1
11 16 46 1
11 17 2 6
11 19 64 2
11 20 2 20
11 24 1 28
11 25 3 6
11 27 14 1
12 0 45 6
12 1 16 2
12 5 32 1
12 6 208 3
12 8 1 27
12 10 3 14
12 13 28 19
12 14 5 2
12 18 2 10
12 21 25 1
12 22 5 1
12 26 1 24
13 8 13 9
13 11 17 1
13 12 57 1
13 14 1 9
13 16 1 9
13 18 1 5
13 20 9 14
13 21 1 12
14 1 6 2
14 3 1 18
14 5 18 1
14 7 8 22
14 8 6 14
14 9 32 28
14 10 20 1
14 11 146 1
14 13 1 26
14 15 18 1
14 24 1 9
15 3 3 5
15 5 2 6
15 6 1 15
15 7 21 25
15 10 212 1
15 11 129 1
15 14 1 4
16 1 1 13
16 4 92 2
16 10 1 25
16 12 1 6
16 17 1 16
17 1 115 1
17 2 36 1
17 4 1 20
17 6 1 19
17 8 64 1
17 9 84 3
17 13 21 5
17 27 30 17
18 0 32 3
18 3 39 25
18 4 2 19
18 6 1 20
18 8 3 13
18 9 60 1
18 11 1 15
18 22 3 9
18 23 2 17
18 25 1 8
19 0 131 1
19 4 2 19
19 6 65 2
19 8 59 1
19 16 2 3
19 18 1 21
19 20 1 1
19 24 1 17
20 0 32 25
20 1 3 9
20 3 40 1
20 7 19 2
20 9 10 9
20 14 1 26
20 16 55 15
20 18 2 25
20 19 66 19
20 24 1 25
20 26 1 5
20 27 3 18
21 6 60 20
21 9 10 4
21 11 1 3
21 15 10 16
22 10 2 21
22 12 75 1
22 17 4 1
23 2 14 20
23 4 1 21
23 11 1 25
23 12 2 10
23 14 1 5
23 15 1 21
23 21 1 22
23 26 1 17
24 1 8 29
24 2 1 21
24 10 1 13
24 11 4 6
24 12 32 14
24 20 1 13
24 21 11 4
24 23 19 17
24 26 1 22
25 2 16 4
25 3 1 12
25 7 9 3
25 8 1 1
25 10 25 8
25 11 2 5
25 12 32 1
26 12 3 7
26 16 9 4
27 1 69 1
27 4 53 1
27 6 74 2
27 7 2 11
27 8 62 5
27 11 4 19
27 15 1 11
27 26 18 1
