0 1 30 26
0 3 9 29
0 4 12 2
0 5 11 13
0 7 11 29
0 8 11 21
0 9 114 3
0 16 19 28
0 17 1 17
0 18 4 15
0 20 9 1
0 24 15 22
0 26 1 13
1 0 11 27
1 2 3 1
1 3 10 13
1 4 3 1
1 5 12 1
1 6 20 1
1 7 158 1
1 8 19 12
1 10 58 1
1 11 60 2
1 15 6 10
1 16 11 21
1 17 115 1
1 18 27 2
1 19 1 15
1 20 102 1
1 23 42 7
1 24 31 21
1 26 55 22
2 0 14 15
2 1 51 1
2 3 6 14
2 4 3 16
2 5 1 22
2 6 19 1
2 8 16 15
2 10 1 11
2 13 1 10
2 16 9 1
2 17 162 19
2 21 1 25
2 25 12 22
3 0 134 27
3 1 13 4
3 4 5 28
3 5 17 11
3 7 2 21
3 8 16 25
3 9 1 29
3 10 6 24
3 11 118 1
3 13 1 20
3 16 11 8
3 17 89 2
3 19 1 10
3 24 16 13
4 0 70 1
4 1 41 1
4 2 160 1
4 3 1 16
4 5 13 28
4 6 25 1
4 7 2 19
4 8 8 20
4 9 6 22
4 10 57 2
4 11 172 3
4 12 105 2
4 16 128 1
4 18 82 1
5 0 19 3
5 1 12 16
5 3 11 17
5 4 4 5
5 6 18 27
5 8 11 20
5 9 256 1
5 10 1 7
5 16 61 17
5 17 107 1
5 22 7 4
5 24 17 15
5 25 1 15
6 0 1 16
6 1 10 1
6 3 1 4
6 4 7 5
6 5 95 1
6 7 74 1
6 8 304 1
6 9 145 1
6 10 58 1
6 11 42 26
6 12 30 1
6 16 1 27
6 22 1 28
6 24 1 4
7 1 23 1
7 2 1 27
7 3 21 21
7 5 13 1
7 6 3 1
7 8 102 1
7 9 216 2
7 10 20 1
7 11 30 4
7 12 36 1
7 15 2 16
7 17 62 1
7 18 87 3
7 20 2 13
7 21 1 29
7 24 1 14
7 25 4 22
7 27 1 4
8 0 11 22
8 1 319 15
8 2 212 1
8 3 59 4
8 4 8 10
8 5 20 12
8 6 16 21
8 7 389 1
8 9 10 3
8 10 52 1
8 11 63 1
8 13 2 25
8 14 52 1
8 16 46 28
8 17 1 6
8 24 11 15
8 27 80 4
9 0 5 18
9 1 5 8
9 2 114 2
9 3 60 3
9 4 52 1
9 5 82 1
9 6 1 13
9 8 1 29
9 10 34 2
9 12 1 10
9 13 1 20
9 14 6 2
9 17 62 27
9 18 76 3
9 19 1 26
9 23 9 23
9 24 4 26
10 1 154 1
10 3 32 1
10 4 14 28
10 5 7 17
10 6 45 1
10 8 138 1
10 9 2 6
10 11 68 14
10 13 1 27
10 14 258 1
10 17 46 3
10 20 127 1
10 21 1 13
10 23 16 26
10 26 8 5
10 27 112 1
11 0 1 18
11 1 4 9
11 3 186 17
11 4 60 21
11 5 1 21
11 6 154 1
11 7 14 1
11 8 19 18
11 9 1 28
11 10 1 10
11 14 1 1
11 15 327 5
11 20 2 21
11 23 2 23
11 24 6 15
11 25 5 27
11 26 2 1
12 0 43 3
12 1 14 1
12 4 159 4
12 6 10 1
12 8 107 28
12 13 1 3
12 16 7 10
12 22 6 22
12 24 20 3
12 25 27 7
12 27 7 4
13 7 130 1
13 8 138 1
13 10 2 15
13 11 12 2
13 12 48 1
13 14 22 21
13 15 8 9
13 20 1 7
13 23 3 10
14 1 5 1
14 5 16 7
14 7 1 23
14 8 3 4
14 10 6 1
14 11 127 1
14 13 10 14
14 15 9 2
14 16 1 27
15 6 1 2
15 7 97 3
15 8 2 6
15 10 201 2
15 11 126 1
15 20 46 11
15 21 6 29
15 27 5 23
16 0 38 11
16 1 16 17
16 3 11 6
16 5 11 8
16 8 21 5
16 10 1 12
16 11 28 1
16 17 1 3
16 20 1 19
16 22 3 20
16 24 20 12
17 0 106 1
17 1 106 1
17 3 92 1
17 5 43 17
17 6 1 4
17 7 1 12
17 8 57 2
17 9 80 2
17 10 122 2
17 11 1 21
17 13 1 1
17 14 13 1
17 16 119 7
17 19 1 25
17 26 12 26
18 6 25 22
18 7 77 29
18 8 117 11
18 9 59 1
18 15 2 1
18 16 3 29
18 22 20 20
18 24 11 4
19 0 113 1
19 4 1 3
19 7 1 20
19 15 2 7
19 21 3 27
19 24 5 11
20 0 2 12
20 3 33 1
20 5 52 4
20 7 15 3
20 9 1 7
20 12 83 13
20 14 4 14
20 16 1 14
20 17 1 11
20 18 2 15
20 19 208 1
20 27 4 19
21 12 5 19
21 14 15 17
21 15 10 7
21 22 8 3
22 3 20 13
22 12 71 5
22 15 4 4
22 16 15 5
23 0 56 14
23 1 1 23
23 3 7 14
23 4 4 10
23 10 33 2
23 11 1 9
23 12 21 14
23 15 2 19
23 19 2 7
23 22 2 8
24 0 11 2
24 1 11 23
24 3 11 9
24 5 16 12
24 6 29 1
24 8 11 6
24 10 5 28
24 11 1 7
24 16 19 22
24 26 3 16
25 3 1 20
25 6 1 5
25 7 46 1
25 10 1 28
25 11 10 5
25 15 4 4
25 27 3 6
26 9 47 1
27 3 17 1
27 8 60 3
27 11 10 3
27 15 1 7
27 26 12 1
