0 1 16 25
0 3 18 4
0 5 11 15
0 6 62 1
0 7 6 25
0 8 31 16
0 12 80 7
0 14 41 1
0 16 29 21
0 17 7 25
0 18 82 1
0 19 42 8
0 20 9 1
0 21 1 13
0 23 7 25
0 24 12 8
1 0 14 13
1 2 4 17
1 3 11 5
1 4 18 11
1 5 24 20
1 6 19 1
1 7 158 17
1 8 14 16
1 10 58 1
1 12 2 12
1 13 34 2
1 16 15 4
1 17 113 1
1 20 102 2
1 24 15 15
2 0 4 3
2 1 48 1
2 3 21 1
2 4 3 9
2 5 13 1
2 6 18 1
2 7 4 2
2 8 42 1
2 9 1 15
2 11 6 4
2 16 8 6
2 19 1 16
2 23 6 8
2 24 3 23
2 25 1 17
2 26 13 12
2 27 2 29
3 0 15 8
3 1 268 21
3 5 23 11
3 6 16 1
3 7 2 17
3 8 13 16
3 10 4 23
3 11 117 1
3 16 19 18
3 18 1 3
3 22 1 21
3 24 17 9
4 0 69 1
4 1 38 1
4 2 160 17
4 3 1 19
4 5 3 21
4 6 23 17
4 7 2 10
4 8 7 11
4 9 9 22
4 13 57 1
4 15 2 2
4 16 128 1
4 17 76 2
4 18 80 1
5 0 11 24
5 1 13 6
5 3 29 17
5 4 6 20
5 6 10 9
5 7 3 16
5 8 23 25
5 9 251 1
5 10 1 26
5 11 1 5
5 12 15 2
5 16 12 4
5 17 106 4
5 18 41 3
5 20 44 6
5 24 16 5
5 27 1 6
6 1 9 2
6 3 2 21
6 4 2 18
6 5 85 6
6 7 72 1
6 8 288 1
6 9 142 1
6 10 55 1
6 11 3 13
6 12 30 1
6 13 1 1
6 18 11 6
6 20 32 2
6 27 51 2
7 0 1 10
7 1 23 1
7 2 4 3
7 3 15 22
7 4 144 21
7 5 13 2
7 6 2 1
7 8 99 1
7 10 20 1
7 11 9 6
7 12 35 5
7 13 126 2
7 15 4 17
7 17 62 2
7 20 14 23
7 23 57 1
7 24 1 19
7 25 1 15
7 27 44 7
8 0 11 16
8 1 12 24
8 2 209 1
8 3 10 5
8 4 2 6
8 5 13 24
8 6 17 24
8 7 388 1
8 9 1 17
8 10 46 26
8 11 62 1
8 14 52 2
8 16 12 29
8 18 23 5
8 20 2 6
8 24 110 17
8 25 83 1
9 0 15 3
9 4 51 1
9 5 77 1
9 6 1 2
9 8 2 11
9 10 26 13
9 11 66 2
9 12 2 25
9 13 3 21
9 14 3 9
9 15 75 1
9 17 1 26
9 21 2 28
10 1 153 1
10 2 50 9
10 3 31 2
10 4 127 27
10 5 4 1
10 6 44 1
10 7 3 28
10 8 131 1
10 9 82 25
10 11 2 3
10 12 1 22
10 14 258 1
10 15 1 22
10 19 1 2
10 20 127 1
10 21 1 4
10 23 4 27
10 24 49 24
10 25 30 2
10 27 112 2
11 2 1 1
11 3 1 29
11 4 1 5
11 6 154 1
11 7 12 1
11 8 38 24
11 9 5 29
11 13 138 1
11 14 1 1
11 15 63 1
11 18 69 1
11 19 62 2
11 20 8 18
11 23 1 6
11 24 2 29
11 25 52 2
11 26 2 15
11 27 1 26
12 1 14 1
12 5 26 1
12 6 10 2
12 10 2 4
12 11 53 1
12 13 1 16
12 15 1 5
12 22 2 26
13 2 1 4
13 4 28 1
13 7 130 3
13 8 137 4
13 10 21 23
13 12 47 2
13 14 1 20
13 25 9 22
13 26 2 1
14 1 5 1
14 3 1 21
14 4 2 20
14 8 17 8
14 9 1 26
14 10 5 1
14 11 126 1
15 5 1 9
15 6 1 22
15 8 25 26
15 9 8 1
15 11 124 1
15 25 1 25
16 0 20 8
16 1 11 18
16 3 12 8
16 5 26 5
16 8 14 11
16 11 28 8
16 17 16 7
16 18 2 26
16 24 12 9
17 0 106 1
17 1 104 1
17 2 29 1
17 3 92 1
17 4 1 15
17 5 2 21
17 6 1 16
17 13 1 28
17 14 13 1
17 16 113 16
17 18 4 6
17 19 14 9
17 24 3 6
17 27 30 1
18 0 77 4
18 2 1 16
18 6 1 21
18 8 6 16
18 9 59 2
18 10 4 24
18 15 1 18
18 16 79 1
18 23 2 20
19 0 112 1
19 6 62 2
19 8 55 6
19 16 2 1
19 17 1 29
19 20 1 13
19 24 1 28
20 0 8 4
20 1 2 25
20 3 33 1
20 10 1 6
20 11 99 1
20 15 24 3
20 16 1 15
20 17 3 16
20 19 206 1
20 22 21 19
20 25 4 1
21 3 2 13
21 4 4 20
21 8 3 21
21 20 18 20
22 2 11 25
22 6 63 2
22 7 96 1
23 1 1 2
23 4 1 27
23 7 24 4
23 8 101 2
23 10 1 7
23 11 129 3
23 15 2 1
23 20 44 16
23 26 1 21
24 0 20 14
24 1 11 21
24 3 13 29
24 5 24 14
24 6 29 1
24 8 26 6
24 11 17 2
24 16 12 17
24 23 20 2
25 3 23 12
25 7 54 25
25 8 1 21
25 10 1 23
25 11 3 19
25 13 5 1
25 21 1 9
25 24 1 2
25 26 11 24
25 27 1 17
26 8 21 12
26 9 47 7
26 25 12 3
27 2 1 21
27 3 16 13
27 7 33 29
27 17 1 1
27 26 12 1
