0 1 54 4
0 3 14 23
0 5 64 2
0 6 53 1
0 7 148 3
0 8 14 28
0 12 78 5
0 16 14 23
0 18 4 8
0 19 19 24
0 20 6 2
0 24 45 18
0 26 1 13
1 0 14 24
1 2 2 6
1 3 40 28
1 4 6 24
1 5 21 15
1 7 1 23
1 8 51 6
1 10 50 1
1 11 54 1
1 12 1 25
1 16 58 8
1 17 90 1
1 18 23 1
1 19 1 5
1 23 41 4
1 24 25 24
2 0 17 18
2 1 20 1
2 3 3 3
2 4 26 13
2 5 14 12
2 6 11 1
2 8 14 1
2 10 1 20
2 16 8 1
2 18 5 3
2 20 10 5
3 0 12 15
3 1 15 4
3 2 1 26
3 4 1 2
3 5 16 13
3 7 5 9
3 8 35 6
3 10 1 14
3 11 105 2
3 16 52 25
3 17 85 1
3 18 18 3
3 24 14 17
4 1 162 1
4 2 25 11
4 5 2 27
4 6 97 1
4 7 1 24
4 8 22 14
4 9 2 1
4 10 50 1
4 12 99 1
4 16 124 1
4 18 65 1
4 22 59 14
4 27 2 21
5 0 14 28
5 1 14 24
5 3 27 13
5 4 7 16
5 6 23 23
5 7 20 23
5 8 15 24
5 9 182 1
5 12 8 21
5 14 37 16
5 16 14 20
5 18 38 3
5 24 31 10
5 25 1 28
6 1 1 2
6 3 37 16
6 4 179 8
6 5 32 1
6 7 180 1
6 8 228 1
6 9 119 1
6 10 242 1
6 11 1 13
6 12 25 1
6 13 32 10
6 14 142 2
6 15 1 9
6 17 1 4
6 26 21 12
6 27 49 6
7 0 16 20
7 2 7 25
7 3 3 9
7 5 8 1
7 6 34 29
7 8 64 1
7 9 212 6
7 10 13 1
7 11 9 2
7 12 110 7
7 13 123 5
7 14 1 2
7 15 2 8
7 20 3 3
7 22 100 3
7 23 53 1
7 24 2 24
7 25 5 27
7 27 17 23
8 0 27 16
8 1 334 19
8 2 171 1
8 3 12 28
8 4 5 17
8 5 44 4
8 6 31 8
8 7 40 3
8 9 16 4
8 10 121 1
8 11 49 1
8 14 45 1
8 16 112 21
8 18 21 1
8 24 85 24
8 27 80 6
9 0 3 10
9 4 39 2
9 5 91 1
9 6 3 2
9 7 1 13
9 8 67 19
9 10 14 23
9 11 58 2
9 12 1 29
9 13 1 6
9 16 1 3
9 18 72 1
9 19 1 25
9 20 4 17
9 26 29 2
9 27 49 29
10 1 143 1
10 2 10 14
10 3 158 2
10 5 1 4
10 6 28 1
10 8 223 1
10 9 1 20
10 11 5 3
10 12 29 24
10 13 2 3
10 14 245 3
10 20 124 2
10 21 43 2
10 26 7 5
11 2 201 4
11 4 1 10
11 5 17 29
11 8 3 27
11 9 2 13
11 14 229 2
11 15 286 1
11 16 43 2
11 17 8 5
11 19 60 2
11 20 1 17
11 23 19 13
11 24 6 3
11 25 2 4
11 27 1 19
12 0 41 1
12 4 155 2
12 7 1 5
12 10 1 28
12 13 45 22
12 14 108 1
12 18 1 7
12 20 1 28
13 0 1 12
13 2 16 17
13 5 1 21
13 8 135 12
13 9 82 1
13 10 3 13
13 11 10 1
13 15 7 6
13 20 1 10
13 22 3 28
13 26 1 28
14 6 2 17
14 8 1 2
14 9 14 14
14 11 110 1
14 15 3 3
14 22 2 24
15 3 2 7
15 4 1 29
15 7 152 1
15 8 1 9
15 10 191 1
15 11 116 1
15 14 62 1
15 17 60 17
15 26 1 1
16 0 53 5
16 1 16 24
16 3 27 1
16 4 82 1
16 5 14 22
16 6 17 2
16 8 20 10
16 10 5 25
16 17 2 8
16 19 18 1
16 24 16 12
16 26 22 3
16 27 4 17
17 1 135 1
17 2 24 2
17 3 87 1
17 4 33 29
17 6 1 10
17 8 52 1
17 9 76 2
17 11 5 14
17 14 12 1
17 15 65 18
17 16 116 24
17 25 44 14
18 3 27 10
18 5 2 2
18 7 1 11
18 14 39 6
19 0 97 1
19 1 3 1
19 4 4 4
19 7 21 1
19 8 53 3
19 11 1 10
19 15 7 3
19 17 1 21
19 18 1 4
19 20 3 14
20 0 2 1
20 7 12 3
20 11 95 1
20 14 13 3
20 17 1 25
20 18 2 29
20 19 16 1
20 24 2 6
21 4 2 5
21 10 31 1
21 15 1 12
21 20 5 4
22 7 94 2
22 9 55 2
22 17 3 28
22 23 2 1
23 5 18 2
23 6 1 28
23 8 1 9
23 11 1 11
23 15 1 15
23 21 3 2
24 0 41 15
24 1 58 26
24 3 14 12
24 5 76 17
24 8 14 9
24 10 6 15
24 11 5 21
24 16 35 24
24 18 24 15
24 20 17 16
24 23 1 18
24 26 12 24
25 2 14 7
25 3 2 24
25 7 13 20
25 9 7 9
25 10 3 3
25 11 4 15
25 21 1 17
25 23 3 1
25 27 1 3
26 12 3 7
26 14 3 7
26 27 62 1
27 3 16 6
27 5 5 1
27 7 1 2
27 11 52 21
27 14 2 15
27 25 2 28
