0 1 69 1
0 2 39 28
0 3 80 7
0 4 256 1
0 5 175 2
0 6 279 1
0 7 129 1
0 8 33 23
0 11 8 8
0 13 72 3
0 15 111 4
0 16 82 1
0 17 253 1
0 18 5 17
0 19 242 1
0 20 92 1
0 24 121 1
0 27 59 2
1 0 240 1
1 2 198 1
1 3 101 1
1 4 26 1
1 5 229 1
1 6 417 1
1 7 7 21
1 8 76 1
1 9 75 1
1 10 175 1
1 11 16 10
1 16 104 9
1 17 3 18
1 19 1 13
1 20 53 1
1 21 56 1
1 24 57 1
1 27 1 27
2 0 19 4
2 1 12 14
2 3 29 1
2 4 3 27
2 6 95 1
2 7 31 22
2 8 9 28
2 10 85 1
2 11 45 1
2 13 1 15
2 17 70 1
2 20 77 1
2 27 1 14
3 0 28 1
3 1 29 1
3 2 7 29
3 5 58 1
3 7 23 28
3 8 94 1
3 9 3 16
3 10 1 18
3 11 16 1
3 16 85 1
3 17 1 18
3 20 183 1
3 24 429 1
4 0 183 1
4 1 9 1
4 3 76 2
4 5 233 1
4 6 21 11
4 8 1 2
4 10 3 12
4 12 213 1
4 13 2 19
4 15 87 3
4 16 200 3
4 18 16 1
4 20 1 21
5 0 15 1
5 1 325 1
5 2 89 1
5 3 96 2
5 4 54 1
5 6 15 14
5 8 116 25
5 9 47 1
5 10 152 1
5 11 2 2
5 12 30 21
5 13 1 6
5 15 18 4
5 16 114 1
5 17 1 1
5 22 9 22
5 24 163 1
6 0 276 1
6 1 224 1
6 2 9 29
6 3 1 14
6 4 2 28
6 5 263 25
6 7 1 9
6 9 192 1
6 10 9 1
6 11 7 21
6 15 135 4
6 18 1 16
6 19 87 2
6 20 1 12
6 21 8 1
6 23 8 5
6 26 1 4
7 1 46 10
7 2 19 2
7 3 303 1
7 5 158 1
7 6 29 1
7 8 4 6
7 11 34 25
7 15 177 1
7 18 5 21
7 20 1 14
7 22 1 28
7 25 32 2
8 0 156 2
8 1 313 3
8 2 8 1
8 3 235 1
8 4 41 28
8 5 9 14
8 6 199 19
8 7 359 1
8 9 7 27
8 10 234 19
8 11 109 1
8 12 150 2
8 16 48 1
8 17 4 7
8 19 76 2
8 23 11 1
8 24 81 1
8 25 1 1
9 0 62 1
9 1 253 1
9 2 94 2
9 3 2 11
9 4 53 1
9 5 171 1
9 8 2 11
9 10 259 1
9 11 11 20
9 12 2 26
9 14 100 1
9 17 118 1
9 18 32 1
9 22 1 29
9 23 81 2
9 24 16 7
9 27 40 2
10 1 4 22
10 2 30 2
10 3 40 2
10 4 302 1
10 5 227 1
10 6 1 4
10 7 212 1
10 8 201 1
10 9 78 1
10 11 28 13
10 12 1 19
10 13 62 1
10 14 169 1
10 15 1 24
10 16 43 1
10 17 61 1
10 20 41 2
10 22 2 15
10 25 62 1
11 0 2 16
11 1 7 7
11 2 1 12
11 3 5 3
11 4 79 1
11 6 1 16
11 7 12 24
11 9 331 3
11 10 3 23
11 13 4 18
11 14 80 1
11 15 18 10
11 16 1 15
11 23 182 1
11 25 21 28
11 26 1 14
12 0 12 2
12 1 3 3
12 2 5 3
12 3 2 5
12 5 1 19
12 6 114 1
12 8 1 20
12 9 373 1
12 10 12 4
12 13 2 3
12 21 2 10
13 4 1 17
13 5 12 10
13 6 44 1
13 8 2 24
13 10 1 8
13 12 11 1
13 15 18 1
13 21 1 19
13 23 7 4
14 2 36 2
14 3 1 20
14 8 1 26
14 9 170 2
14 10 176 1
14 11 16 1
14 12 2 25
14 13 1 27
14 15 44 1
14 22 23 2
14 24 1 17
15 0 105 1
15 6 1 10
15 7 103 1
15 8 1 14
15 9 10 4
15 10 1 8
15 11 9 1
15 14 2 16
15 16 17 12
15 17 1 12
15 23 36 2
15 24 39 18
15 27 1 10
16 0 57 3
16 1 21 1
16 2 1 4
16 3 51 1
16 4 1 3
16 5 127 1
16 7 1 27
16 8 140 1
16 9 12 10
16 10 3 20
16 11 119 1
16 17 130 1
16 19 8 1
16 24 134 1
17 0 3 7
17 1 89 1
17 5 1 17
17 6 307 11
17 8 2 26
17 13 14 8
17 16 189 1
17 18 8 12
17 20 20 3
18 1 1 3
18 4 30 23
18 5 113 1
18 6 1 22
18 8 1 9
18 9 129 2
18 10 81 4
18 13 35 1
18 16 2 21
18 20 1 9
19 0 83 1
19 1 36 1
19 6 4 11
19 10 2 23
19 13 1 11
19 17 1 4
19 20 1 22
20 0 165 16
20 1 169 2
20 2 114 2
20 3 215 1
20 8 2 1
20 10 92 1
20 15 2 7
20 19 127 1
20 23 48 7
20 24 6 4
21 4 67 25
21 8 62 2
21 12 4 16
21 15 4 3
21 17 1 18
22 2 1 7
22 9 1 5
22 12 4 12
22 14 17 2
22 26 1 13
23 5 23 14
23 8 10 27
23 14 2 20
23 22 1 4
23 25 22 1
24 0 113 1
24 1 195 28
24 3 29 5
24 5 60 27
24 7 30 1
24 8 56 26
24 9 3 3
24 11 5 8
24 16 50 3
24 23 2 28
24 25 1 18
24 26 1 13
25 5 1 22
25 6 1 25
25 7 197 1
25 10 2 2
25 11 26 20
25 16 33 21
26 6 56 6
26 10 20 2
26 11 90 2
26 12 1 23
26 27 66 1
27 0 46 8
27 2 28 1
27 7 116 1
27 9 5 2
27 26 1 6
