0 1 188 8
0 2 183 13
0 3 65 1
0 4 249 1
0 5 146 1
0 6 272 1
0 7 121 1
0 8 40 1
0 10 255 3
0 13 71 16
0 16 8 20
0 18 1 3
0 19 233 1
0 20 86 1
0 24 32 22
1 0 429 1
1 2 161 1
1 3 7 19
1 4 17 1
1 5 319 1
1 6 26 29
1 8 122 1
1 9 69 1
1 10 168 1
1 11 30 17
1 13 27 23
1 14 1 1
1 15 87 6
1 16 59 1
1 17 11 1
1 18 6 2
1 19 3 16
1 22 2 26
1 24 72 24
1 25 98 4
1 26 15 9
1 27 1 29
2 0 28 23
2 1 4 2
2 3 111 4
2 4 1 2
2 6 86 1
2 7 1 1
2 8 4 18
2 10 78 1
2 11 42 1
2 14 6 12
2 17 66 1
2 20 74 1
2 23 1 21
3 0 53 1
3 1 81 16
3 2 4 21
3 5 315 1
3 6 6 10
3 7 10 27
3 8 388 1
3 9 22 25
3 10 1 23
3 15 58 3
3 16 229 1
3 18 2 21
3 20 178 1
3 24 358 1
4 0 175 1
4 2 203 2
4 3 72 2
4 5 210 1
4 6 7 10
4 8 2 13
4 10 1 22
4 11 12 2
4 13 4 8
4 16 198 2
4 18 11 1
4 21 4 16
4 22 3 24
4 27 67 15
5 0 47 23
5 1 285 1
5 2 87 1
5 3 357 1
5 4 30 1
5 6 16 21
5 7 7 14
5 8 5 16
5 9 12 24
5 10 142 1
5 12 2 29
5 13 1 21
5 16 178 4
5 17 1 23
5 20 1 3
5 23 2 24
5 24 16 11
6 0 269 1
6 1 209 1
6 2 11 15
6 3 19 26
6 4 3 19
6 5 141 1
6 7 1 20
6 8 327 2
6 9 163 1
6 10 7 1
6 12 22 12
6 13 45 1
6 20 1 22
6 22 2 25
6 25 1 19
7 0 25 21
7 1 1 16
7 2 335 1
7 3 281 12
7 5 152 1
7 6 238 1
7 8 5 23
7 9 1 1
7 10 42 1
7 11 93 1
7 12 5 25
7 15 167 1
7 18 2 22
7 19 4 10
7 24 3 27
7 25 28 1
8 0 234 1
8 1 328 1
8 2 2 2
8 3 196 6
8 4 120 1
8 5 42 1
8 6 336 21
8 7 330 1
8 9 3 2
8 10 117 1
8 11 99 1
8 12 146 2
8 13 193 3
8 14 303 2
8 16 54 1
8 17 5 7
8 20 3 1
8 23 10 3
8 24 211 1
9 0 59 2
9 1 247 1
9 2 91 1
9 3 1 2
9 4 41 1
9 5 138 1
9 6 1 2
9 8 2 2
9 10 227 1
9 11 1 7
9 12 103 20
9 13 1 28
9 14 96 1
9 15 1 16
9 17 115 3
9 18 30 2
9 21 54 1
9 24 15 9
9 26 1 28
9 27 40 1
10 0 2 9
10 1 105 6
10 3 37 1
10 4 297 1
10 5 217 1
10 6 1 2
10 7 202 1
10 8 146 1
10 9 59 1
10 12 2 26
10 13 56 2
10 14 147 1
10 15 3 22
10 19 8 5
10 22 2 4
10 25 58 2
10 26 10 5
10 27 1 1
11 0 1 8
11 1 8 10
11 2 11 14
11 3 1 29
11 5 54 2
11 7 87 5
11 8 141 1
11 9 329 1
11 10 15 6
11 14 71 1
11 15 6 24
11 16 3 17
11 18 127 21
11 20 233 6
11 23 177 1
11 25 148 12
11 27 1 2
12 1 1 29
12 3 4 24
12 5 3 16
12 6 109 1
12 8 1 20
12 9 15 1
12 10 9 5
12 13 4 1
12 23 81 3
12 27 1 3
13 0 70 3
13 2 1 17
13 6 42 2
13 10 13 7
13 12 208 1
13 15 18 2
14 0 89 5
14 1 34 5
14 2 36 4
14 4 117 2
14 6 3 29
14 7 11 28
14 8 1 8
14 10 155 1
14 11 12 1
14 13 5 17
14 15 37 1
15 1 82 1
15 6 1 28
15 7 94 1
15 8 1 2
15 11 336 1
15 12 1 25
15 14 2 27
15 18 28 14
15 20 34 1
15 24 5 4
15 26 1 20
15 27 1 13
16 0 37 1
16 1 226 1
16 3 59 2
16 4 164 13
16 5 66 1
16 8 38 14
16 10 1 8
16 17 121 1
16 22 9 1
16 24 186 1
16 26 22 1
16 27 18 1
17 0 3 22
17 1 71 1
17 2 60 1
17 6 13 1
17 9 1 25
17 11 141 1
17 16 179 1
17 19 1 28
17 20 19 1
17 23 1 17
17 25 50 4
18 1 1 29
18 3 1 15
18 4 10 29
18 6 3 13
18 7 20 3
18 8 19 8
18 9 127 3
18 11 1 22
18 16 245 1
18 24 16 9
19 0 74 1
19 1 33 3
19 3 2 18
19 7 53 1
19 11 6 3
19 16 1 15
19 20 3 11
20 0 1 15
20 1 166 2
20 2 112 1
20 3 212 1
20 6 100 1
20 9 11 7
20 10 90 1
20 11 234 1
20 13 56 1
20 15 2 7
20 17 89 1
20 19 107 1
20 23 48 8
20 24 1 20
20 27 53 6
21 0 23 4
21 4 2 19
21 7 1 27
21 8 61 3
21 9 57 4
21 10 103 3
21 12 4 1
21 17 1 14
21 25 8 19
22 2 1 14
22 3 1 12
22 4 24 1
22 8 50 5
22 9 1 26
22 10 57 1
22 11 100 1
22 12 7 14
22 20 37 5
23 0 3 12
23 5 1 20
23 7 188 29
23 9 1 23
23 10 69 2
23 11 1 10
23 20 2 23
23 21 1 5
23 22 2 6
23 24 2 23
23 27 8 1
24 0 299 1
24 1 210 7
24 3 13 2
24 4 87 13
24 5 5 28
24 7 27 2
24 8 58 2
24 10 158 2
24 11 1 15
24 15 15 5
24 16 24 11
24 18 39 1
24 25 1 26
25 4 3 13
25 6 1 16
25 7 190 1
25 8 16 22
25 11 11 20
25 12 5 19
25 13 1 2
25 16 2 21
25 17 1 24
26 1 74 23
26 2 1 23
26 6 56 1
26 16 9 12
26 25 7 29
26 27 62 1
27 7 113 1
27 8 127 29
27 11 1 24
27 18 26 6
27 26 1 5
