0 1 30 27
0 3 20 13
0 4 189 1
0 5 29 1
0 6 215 1
0 7 64 1
0 8 17 7
0 9 207 2
0 10 238 1
0 11 31 15
0 12 1 29
0 16 18 10
0 17 204 1
0 18 9 21
0 19 155 1
0 20 45 1
0 24 36 5
0 26 3 19
0 27 53 2
1 0 54 24
1 2 94 1
1 3 50 13
1 4 2 27
1 5 35 20
1 6 87 1
1 7 3 3
1 8 254 8
1 9 32 1
1 10 119 1
1 11 1 23
1 14 2 8
1 16 25 23
1 17 22 18
1 19 5 20
1 24 17 17
1 27 1 25
2 0 1 27
2 1 12 25
2 3 26 1
2 4 1 20
2 6 27 1
2 7 16 1
2 8 3 25
2 9 3 1
2 10 31 2
2 11 17 2
2 16 2 27
2 17 36 1
2 20 51 1
2 25 20 2
2 26 1 12
3 0 33 25
3 1 23 17
3 2 3 16
3 4 103 1
3 5 18 16
3 6 8 11
3 7 6 8
3 8 389 2
3 16 35 23
3 17 2 3
3 19 63 4
3 20 139 1
3 24 17 19
3 25 58 12
3 27 1 19
4 0 116 1
4 1 4 6
4 2 159 1
4 5 55 1
4 6 14 5
4 8 7 18
4 9 1 9
4 10 1 5
4 11 4 2
4 12 186 2
4 13 8 28
4 22 1 20
4 23 63 2
5 0 46 10
5 1 20 10
5 3 18 27
5 4 71 1
5 6 80 2
5 7 6 10
5 8 14 16
5 9 11 10
5 10 71 1
5 16 18 5
5 17 1 19
5 22 8 3
5 24 18 12
5 25 5 22
6 0 211 1
6 1 72 1
6 2 3 18
6 3 2 22
6 4 2 2
6 5 9 1
6 7 2 1
6 8 219 1
6 9 73 1
6 10 189 1
6 11 31 1
6 13 32 1
6 14 1 1
6 15 124 1
6 17 301 2
6 18 1 25
7 1 2 8
7 2 16 8
7 3 151 1
7 4 6 6
7 5 103 1
7 6 25 1
7 8 5 4
7 9 297 1
7 10 440 1
7 11 302 13
7 11 335 1
7 13 139 1
7 14 1 15
7 15 90 1
7 17 17 10
7 18 1 23
7 20 1 21
7 22 1 29
7 23 179 1
7 24 1 25
7 25 3 3
7 26 20 2
7 27 34 1
8 0 17 17
8 1 18 21
8 2 2 11
8 3 35 13
8 4 321 1
8 5 42 7
8 6 23 1
8 7 162 1
8 9 2 10
8 10 221 1
8 11 34 1
8 12 113 1
8 14 276 1
8 16 18 28
8 24 22 1
9 1 196 2
9 2 69 2
9 3 2 29
9 4 152 1
9 5 2 24
9 6 3 10
9 8 1 1
9 10 34 1
9 11 1 17
9 12 6 10
9 13 1 13
9 17 96 1
9 18 17 5
9 22 3 27
9 24 10 1
9 26 1 19
10 1 4 19
10 2 2 5
10 3 13 1
10 4 255 1
10 5 137 1
10 6 11 5
10 7 137 29
10 8 21 1
10 9 1 26
10 11 81 1
10 12 1 21
10 13 19 2
10 14 22 1
10 15 1 4
10 18 1 26
10 19 1 17
10 21 79 2
10 23 4 17
10 25 33 1
11 0 42 19
11 2 1 20
11 4 57 1
11 6 3 27
11 7 151 1
11 8 95 1
11 9 299 2
11 10 169 24
11 12 152 1
11 14 18 2
11 15 3 19
11 16 1 26
11 17 1 19
11 21 3 3
11 23 135 1
11 24 2 1
11 25 1 24
11 26 1 16
12 3 2 14
12 4 1 8
12 5 1 12
12 6 70 1
12 9 273 1
12 10 9 21
12 11 208 1
12 14 1 26
12 17 131 1
12 21 77 1
13 8 198 5
13 9 107 2
13 10 22 3
13 11 1 21
13 12 175 1
13 15 12 1
13 16 2 16
13 21 5 4
13 22 4 29
14 2 30 7
14 6 4 19
14 7 231 3
14 10 26 1
14 12 1 24
14 13 2 22
14 19 1 27
14 22 15 6
14 23 32 1
15 1 71 5
15 6 8 2
15 7 34 1
15 10 3 6
15 11 138 4
15 17 8 3
16 0 17 19
16 1 18 15
16 3 18 1
16 4 12 19
16 5 17 16
16 7 1 12
16 8 17 5
16 10 1 23
16 17 51 1
16 22 7 21
16 24 18 16
16 26 20 7
17 0 1 28
17 1 21 1
17 2 31 1
17 3 46 1
17 7 106 1
17 8 2 8
17 12 1 10
17 16 98 1
17 18 2 11
17 20 12 3
17 21 3 2
18 1 7 23
18 3 1 20
18 5 98 1
18 8 1 15
18 9 110 1
18 10 65 2
18 16 183 1
18 21 24 13
19 0 19 1
19 6 1 3
19 7 38 3
19 11 2 8
19 13 1 2
19 14 1 3
19 17 1 13
19 20 10 29
20 0 2 20
20 3 178 1
20 4 1 20
20 6 82 3
20 10 73 1
20 11 227 2
20 12 55 6
20 15 85 3
20 16 1 11
20 19 6 1
20 24 20 3
20 27 50 3
21 2 1 7
21 7 1 24
21 13 1 8
21 19 7 18
21 22 1 8
22 9 1 14
22 11 80 1
22 12 5 15
22 17 1 23
22 18 1 2
23 0 8 9
23 8 59 21
23 10 50 1
23 11 21 1
23 14 1 6
23 22 1 28
24 0 17 13
24 1 48 3
24 3 17 5
24 5 17 15
24 6 119 3
24 7 7 1
24 8 18 21
24 11 1 4
24 12 3 7
24 16 74 7
24 23 10 27
25 4 22 18
25 7 126 1
25 11 3 7
25 22 10 26
25 27 1 28
26 2 1 28
26 7 8 24
26 9 2 23
26 16 8 18
26 22 10 21
26 24 1 3
27 1 38 1
27 2 26 3
27 3 2 28
27 7 93 1
27 11 3 10
27 13 7 1
27 19 14 1
27 23 5 6
27 25 4 23
27 26 4 25
