0 1 18 28
0 2 14 4
0 3 21 1
0 4 185 1
0 5 38 11
0 6 212 1
0 7 61 1
0 8 18 15
0 9 206 3
0 11 2 9
0 14 4 13
0 16 18 2
0 17 201 1
0 18 6 6
0 19 151 1
0 20 43 1
0 24 19 17
0 26 2 10
1 0 13 8
1 2 83 1
1 3 39 27
1 4 2 18
1 5 19 13
1 6 432 1
1 7 3 4
1 8 43 22
1 9 31 1
1 10 117 1
1 11 2 23
1 13 15 16
1 15 77 3
1 16 40 21
1 17 2 19
1 19 2 5
1 24 19 3
1 27 22 15
2 0 2 22
2 1 5 26
2 3 17 1
2 5 76 3
2 6 24 2
2 7 14 29
2 8 2 3
2 10 29 2
2 14 1 29
2 17 35 2
2 18 1 24
2 20 50 2
3 0 61 11
3 1 23 28
3 2 2 26
3 4 101 1
3 5 18 7
3 6 4 18
3 7 179 18
3 8 18 29
3 9 25 26
3 10 3 20
3 15 53 9
3 16 18 10
3 17 3 16
3 18 4 21
3 20 137 1
3 24 27 24
4 0 113 1
4 1 2 10
4 3 43 1
4 5 49 1
4 6 9 20
4 8 3 11
4 9 1 27
4 10 1 3
4 11 4 1
4 19 1 22
4 21 2 20
5 0 18 1
5 1 18 27
5 3 35 28
5 4 64 1
5 6 6 5
5 7 34 4
5 8 15 21
5 9 33 1
5 10 67 1
5 12 2 20
5 13 4 9
5 16 18 8
5 18 1 7
5 22 7 7
5 24 37 7
5 26 5 17
6 0 208 1
6 1 61 1
6 2 4 19
6 3 1 2
6 4 37 28
6 5 2 1
6 7 19 9
6 8 178 1
6 9 64 1
6 10 183 1
6 13 31 2
6 16 1 23
6 18 1 1
6 22 4 17
6 25 1 10
7 1 1 29
7 2 4 1
7 3 141 1
7 4 1 11
7 5 100 2
7 6 22 11
7 8 5 6
7 9 296 2
7 10 437 27
7 11 301 1
7 15 87 1
7 17 1 5
7 18 1 7
7 22 135 25
7 25 2 1
8 0 32 19
8 1 240 18
8 2 4 23
8 3 19 20
8 5 23 14
8 6 84 1
8 7 147 1
8 9 85 22
8 10 202 1
8 11 32 1
8 12 111 1
8 13 2 2
8 14 274 1
8 15 6 19
8 16 27 12
8 17 1 26
8 18 1 16
8 19 60 2
8 24 64 24
8 25 3 10
9 1 194 1
9 2 68 2
9 3 15 10
9 4 147 1
9 5 1 2
9 6 3 29
9 8 385 1
9 10 28 1
9 11 3 10
9 12 111 7
9 14 63 1
9 16 2 1
9 21 47 1
9 22 1 4
9 25 79 2
9 26 1 2
10 1 224 5
10 4 253 1
10 5 133 1
10 6 4 16
10 7 177 1
10 8 12 1
10 11 76 23
10 12 2 8
10 14 18 1
10 15 2 21
10 18 5 6
10 20 27 3
10 23 2 18
10 24 185 2
11 0 1 21
11 1 15 5
11 2 1 22
11 3 5 2
11 6 5 15
11 7 264 27
11 8 91 1
11 10 2 27
11 14 16 2
11 15 7 23
11 21 3 1
11 23 132 1
11 24 2 3
11 25 18 18
11 27 1 21
12 0 6 2
12 1 1 19
12 2 1 7
12 5 3 7
12 9 266 1
12 13 181 2
12 18 16 4
13 6 28 2
13 10 22 1
13 11 1 18
13 12 173 1
13 14 1 16
13 17 5 4
13 18 1 21
14 0 84 1
14 1 23 3
14 4 107 1
14 7 238 12
14 9 142 2
14 10 22 1
14 11 1 18
14 12 1 28
14 13 8 10
14 23 31 7
14 25 5 14
15 0 96 7
15 2 1 29
15 6 10 16
15 7 31 1
15 8 3 6
15 10 10 23
15 11 317 19
15 16 15 2
15 17 9 7
15 23 31 1
16 0 18 10
16 1 106 16
16 3 24 22
16 5 56 18
16 8 52 2
16 17 48 1
16 18 237 2
16 24 46 16
16 25 34 8
17 0 2 3
17 1 170 1
17 2 30 1
17 3 44 2
17 4 2 20
17 5 12 3
17 6 319 2
17 8 15 3
17 10 229 1
17 12 2 28
17 13 11 1
17 16 94 1
17 18 111 29
17 20 12 2
17 21 2 6
17 22 8 22
17 25 8 11
17 27 68 12
18 0 128 1
18 1 4 10
18 3 1 21
18 4 8 3
18 5 97 1
18 7 13 1
18 8 1 15
18 12 1 16
18 14 46 13
18 16 179 1
18 17 6 1
18 19 7 11
18 20 100 14
18 22 3 3
19 0 17 1
19 4 1 24
19 6 2 25
19 7 38 2
19 14 1 27
19 18 1 20
19 20 3 13
20 0 1 26
20 1 138 2
20 2 86 2
20 3 176 1
20 6 81 1
20 9 6 13
20 10 73 1
20 15 85 23
20 24 20 8
20 27 50 3
21 12 1 28
21 16 11 14
21 17 1 17
21 23 6 1
21 24 16 7
21 25 2 20
22 1 37 4
22 6 63 1
22 7 111 3
22 8 38 1
22 10 37 1
22 11 79 1
22 12 1 26
22 18 4 2
22 23 3 1
23 6 6 13
23 7 184 1
23 8 3 19
23 10 49 3
23 11 20 3
23 20 3 19
23 26 1 9
24 0 39 12
24 1 88 4
24 3 42 3
24 5 35 19
24 6 119 1
24 8 94 12
24 10 136 1
24 16 21 16
24 25 1 5
25 6 6 19
25 7 123 1
25 8 1 16
25 9 79 1
25 11 3 4
25 23 20 3
25 24 34 1
26 17 1 17
26 23 18 1
26 24 1 22
26 25 1 9
26 27 25 1
27 2 26 4
27 7 91 2
27 9 69 21
27 20 1 23
27 26 75 7
