0 1 58 27
0 2 22 1
0 3 15 17
0 4 167 1
0 5 53 7
0 6 193 1
0 7 47 1
0 8 194 16
0 9 203 1
0 10 230 3
0 14 9 25
0 16 90 17
0 17 187 1
0 18 1 17
0 19 127 1
0 20 33 1
0 21 54 3
0 24 45 19
0 27 51 2
1 0 7 5
1 2 33 1
1 3 13 13
1 4 4 4
1 5 209 6
1 6 366 1
1 7 4 23
1 8 422 22
1 9 22 2
1 10 103 1
1 13 30 15
1 14 113 6
1 15 74 1
1 16 28 24
1 17 5 6
1 19 6 7
1 21 51 3
1 22 15 14
1 24 12 18
2 0 3 17
2 1 29 13
2 3 3 1
2 4 30 25
2 5 72 1
2 6 13 1
2 7 138 16
2 8 9 24
2 10 19 2
2 12 1 22
2 19 3 15
2 20 44 1
3 0 15 3
3 1 32 24
3 4 91 1
3 5 26 26
3 6 1 26
3 7 2 16
3 8 61 14
3 9 110 4
3 10 21 22
3 15 52 1
3 16 63 8
3 20 124 2
3 23 9 4
3 24 49 29
3 26 38 27
4 0 97 1
4 1 6 14
4 2 142 1
4 3 35 2
4 5 21 1
4 6 2 27
4 8 1 2
4 9 9 4
4 10 1 11
4 12 177 1
4 15 77 1
4 19 119 11
4 22 1 27
5 0 27 16
5 1 76 8
5 2 71 1
5 3 116 26
5 4 32 1
5 6 153 18
5 7 2 21
5 8 22 2
5 9 19 1
5 10 50 1
5 12 1 15
5 13 1 24
5 16 31 27
5 17 2 1
5 24 12 7
5 26 6 26
5 27 1 21
6 0 190 1
6 1 224 1
6 2 10 4
6 3 26 17
6 4 14 17
6 5 7 4
6 7 24 1
6 8 98 1
6 9 11 1
6 10 36 1
6 11 9 2
6 13 28 1
6 15 119 1
6 16 1 22
6 17 291 2
6 20 20 18
6 21 3 4
6 22 4 8
6 23 3 10
6 24 36 3
7 0 31 2
7 1 1 8
7 2 309 8
7 3 107 1
7 5 86 1
7 6 35 1
7 8 10 27
7 10 34 1
7 11 194 1
7 13 132 3
7 15 67 1
7 24 166 8
7 26 18 1
8 0 63 20
8 1 83 27
8 2 19 21
8 3 35 16
8 4 314 1
8 5 35 2
8 6 2 1
8 7 54 1
8 9 15 1
8 10 107 1
8 11 19 1
8 12 101 2
8 13 4 1
8 14 262 1
8 15 1 1
8 16 12 29
8 17 1 25
8 18 1 12
8 19 56 4
8 20 1 18
8 24 12 6
9 0 33 1
9 1 178 1
9 2 62 1
9 3 78 24
9 4 119 1
9 5 16 29
9 6 40 6
9 8 3 27
9 10 5 1
9 11 1 23
9 12 2 15
9 14 54 2
9 16 6 10
9 17 89 2
9 18 13 5
9 21 44 6
9 23 74 3
10 3 7 2
10 4 239 1
10 5 110 1
10 6 18 21
10 7 150 1
10 8 3 1
10 9 6 6
10 11 153 1
10 12 19 15
10 14 3 2
10 15 1 8
10 18 2 28
10 22 7 4
10 23 7 12
10 25 25 2
10 26 3 24
11 0 24 4
11 1 2 14
11 2 3 12
11 5 26 2
11 6 1 27
11 7 181 4
11 8 373 1
11 9 287 1
11 10 6 12
11 13 203 2
11 14 7 3
11 15 5 23
11 16 1 22
11 18 1 17
11 20 221 4
11 23 119 2
11 24 3 2
11 26 2 4
12 5 1 12
12 6 57 1
12 7 116 2
12 9 231 1
12 11 204 2
12 13 169 1
12 15 83 1
12 16 1 23
12 21 1 5
12 22 117 2
13 2 10 3
13 4 5 2
13 7 1 12
13 8 195 1
13 9 103 3
13 12 160 1
13 14 1 20
13 18 22 24
13 21 3 25
13 22 4 28
13 24 22 23
14 1 20 2
14 2 28 9
14 3 1 3
14 8 2 2
14 11 1 12
14 12 1 6
14 23 30 1
14 25 36 11
15 1 68 1
15 4 1 6
15 7 19 1
15 9 1 19
15 10 6 12
15 11 49 1
15 12 6 20
15 14 1 2
15 20 25 4
15 26 1 21
16 0 13 19
16 1 54 1
16 2 53 25
16 3 25 28
16 4 3 3
16 5 89 16
16 7 2 3
16 8 13 25
16 9 6 1
16 14 18 14
16 18 17 1
16 19 5 1
16 24 56 15
17 0 1 25
17 1 147 1
17 2 23 2
17 5 1 27
17 6 313 2
17 8 8 14
17 9 3 5
17 10 226 1
17 13 10 2
17 15 29 3
17 16 73 1
17 19 6 21
17 21 2 29
17 24 19 11
17 25 57 28
17 26 22 6
18 0 124 1
18 1 1 6
18 3 1 1
18 4 1 7
18 6 31 7
18 9 103 2
18 15 2 7
18 16 158 1
18 22 1 3
19 0 8 1
19 1 9 4
19 3 1 28
19 6 2 6
19 7 34 1
19 10 1 3
19 11 1 29
19 12 26 6
19 20 11 13
20 0 178 16
20 1 130 2
20 2 79 1
20 3 165 1
20 4 1 3
20 5 43 1
20 6 76 2
20 7 1 7
20 10 68 1
20 16 1 9
20 17 71 4
20 18 20 1
20 23 43 8
20 24 25 23
20 26 8 2
21 12 1 13
21 14 1 28
21 17 3 6
21 19 7 21
22 0 48 1
22 1 35 2
22 3 1 24
22 10 31 3
22 11 72 3
22 12 1 26
22 15 3 25
22 21 1 26
22 26 1 28
23 7 180 2
23 9 1 17
23 10 44 1
23 11 239 2
23 15 2 27
23 21 3 3
23 26 1 1
24 0 12 19
24 1 29 12
24 2 22 10
24 3 32 28
24 5 94 3
24 7 3 2
24 8 31 23
24 10 129 1
24 16 12 16
24 17 1 4
24 18 37 1
25 3 6 2
25 4 1 20
25 6 1 17
25 7 105 1
25 8 8 20
25 11 3 2
25 16 34 21
25 21 2 5
25 27 1 12
26 2 1 3
26 5 1 20
26 11 66 3
26 17 1 6
26 23 1 6
26 24 1 12
26 27 17 1
27 3 5 1
27 7 85 1
27 9 1 18
27 11 5 29
27 16 2 21
27 18 26 15
27 19 13 27
27 24 1 11
27 25 1 26
