0 1 353 1
0 2 5 29
0 3 3 29
0 4 358 1
0 5 3 26
0 6 367 1
0 7 283 1
0 8 16 27
0 16 37 5
0 20 207 1
0 24 11 4
0 25 83 1
0 27 69 6
1 0 47 23
1 2 3 5
1 3 82 13
1 4 373 1
1 5 58 8
1 6 302 16
1 7 2 2
1 8 41 19
1 9 187 1
1 11 1 7
1 12 1 19
1 16 3 7
1 17 29 1
1 19 1 15
1 20 109 1
1 24 102 22
2 1 229 1
2 3 7 14
2 4 6 1
2 6 274 1
2 7 1 13
2 10 225 1
2 11 125 2
2 16 1 14
2 17 148 2
2 20 129 3
2 21 1 11
3 1 1 22
3 2 297 1
3 4 203 1
3 5 20 21
3 8 26 13
3 9 1 6
3 11 130 1
3 15 59 24
3 16 3 2
3 18 1 28
3 19 63 5
3 20 241 2
3 24 12 6
3 25 61 9
4 0 310 1
4 1 360 3
4 5 159 1
4 7 271 2
4 9 83 1
4 11 44 1
4 12 247 4
4 13 2 8
4 14 1 3
4 17 40 2
4 18 172 1
5 0 3 2
5 1 391 16
5 3 22 24
5 4 1 20
5 6 91 1
5 7 2 9
5 8 5 20
5 9 61 1
5 10 320 1
5 12 1 23
5 16 19 17
5 18 1 20
5 24 3 4
5 25 1 29
6 0 366 2
6 1 2 29
6 4 2 20
6 5 12 1
6 7 2 7
6 8 6 21
6 9 359 1
6 10 3 24
6 11 1 3
6 12 2 7
6 13 79 3
6 14 2 19
6 17 2 18
6 20 110 17
6 24 77 2
7 0 1 24
7 2 1 15
7 3 3 21
7 5 258 2
7 6 1 21
7 8 131 1
7 9 1 14
7 10 1 18
7 11 294 26
7 12 2 17
7 14 22 1
7 15 334 1
7 16 62 1
7 18 2 1
7 19 25 1
7 20 1 7
7 22 2 14
7 24 4 17
7 25 153 1
7 26 52 2
7 27 97 3
8 0 3 11
8 1 26 9
8 2 71 1
8 3 2 24
8 4 2 2
8 6 21 24
8 7 321 4
8 9 2 11
8 10 191 3
8 10 190 19
8 10 289 19
8 11 327 1
8 12 221 1
8 14 1 13
8 15 2 21
8 16 3 7
8 21 94 2
8 24 3 7
9 0 113 1
9 1 331 1
9 2 138 2
9 4 133 1
9 5 202 28
9 6 290 1
9 7 18 1
9 8 2 12
9 10 247 1
9 11 1 15
9 17 158 1
9 18 70 2
10 0 1 22
10 1 1 1
10 2 151 1
10 3 124 1
10 4 362 1
10 6 136 1
10 7 253 2
10 8 180 1
10 9 44 1
10 11 7 2
10 12 1 3
10 13 183 1
10 14 110 1
10 16 60 4
10 25 131 2
11 2 1 15
11 3 3 17
11 4 129 1
11 5 115 1
11 7 17 10
11 8 367 21
11 10 6 20
11 13 227 4
11 14 263 1
11 15 17 1
11 17 185 3
11 20 237 11
11 23 252 1
11 24 116 1
11 25 5 6
11 26 1 16
11 27 17 1
12 1 2 6
12 2 18 6
12 3 25 22
12 4 1 16
12 5 1 13
12 6 209 1
12 9 428 12
12 10 292 18
12 13 3 13
12 14 23 1
12 15 116 11
12 17 148 1
12 26 1 13
13 8 1 26
13 10 1 20
13 11 23 1
13 12 1 23
13 14 67 1
14 1 64 1
14 6 1 1
14 7 3 6
14 8 1 6
14 9 187 3
14 10 46 1
14 11 162 1
14 13 19 1
14 26 1 6
15 6 1 3
15 7 277 1
15 10 23 1
15 11 10 8
15 13 1 7
15 14 1 1
16 0 21 2
16 1 246 14
16 3 3 14
16 4 2 1
16 5 2 28
16 6 2 21
16 7 1 29
16 8 13 16
16 14 26 24
16 17 315 1
16 18 2 7
16 24 3 22
17 0 2 26
17 1 164 1
17 2 142 1
17 3 130 1
17 6 2 6
17 7 182 1
17 8 1 21
17 9 1 23
17 11 174 2
17 16 361 1
17 19 76 10
18 0 161 1
18 1 2 1
18 2 44 1
18 3 1 25
18 4 2 21
18 9 160 5
18 10 115 1
18 12 1 26
18 16 2 24
18 17 59 1
18 19 1 19
19 0 253 1
19 1 97 1
19 4 1 6
19 5 9 7
19 7 91 4
19 10 1 16
19 16 1 9
19 20 194 1
20 0 1 15
20 1 219 1
20 5 74 1
20 6 140 2
20 10 128 3
20 12 75 2
20 18 40 4
20 19 359 1
20 24 1 5
20 26 1 4
21 7 1 18
21 19 8 15
21 22 1 24
22 0 1 29
22 10 109 2
22 23 1 7
22 27 4 2
23 9 1 15
23 10 117 2
23 11 1 15
23 14 27 12
23 15 1 22
23 24 2 15
24 0 21 28
24 1 3 11
24 3 2 24
24 5 14 26
24 7 109 1
24 8 3 18
24 11 9 28
24 12 14 4
24 14 42 19
24 16 8 16
24 20 10 2
25 3 31 3
25 6 2 12
25 7 310 2
25 8 1 27
25 10 2 14
25 11 5 1
25 13 1 19
25 15 1 17
25 21 1 16
26 11 124 1
26 20 1 17
27 1 57 1
27 3 7 9
27 17 69 5
27 23 10 2
27 25 1 12
27 26 3 17
