0 1 34 13
0 3 107 1
0 4 136 1
0 5 180 1
0 6 162 1
0 7 27 1
0 8 86 1
0 11 1 27
0 16 75 1
0 17 163 1
0 18 1 15
0 19 87 1
0 20 19 1
0 24 58 9
1 0 261 1
1 3 44 1
1 4 10 26
1 5 72 1
1 6 254 1
1 8 119 1
1 9 10 3
1 10 80 2
1 11 3 3
1 14 17 27
1 15 69 1
1 16 394 1
1 17 74 13
1 19 35 10
1 24 329 1
1 25 82 6
2 0 7 5
2 1 3 19
2 3 6 6
2 4 1 14
2 5 64 1
2 6 1 3
2 7 1 3
2 8 3 1
2 17 17 1
2 18 1 19
2 23 1 4
2 25 17 1
3 0 127 1
3 1 211 23
3 2 66 1
3 5 323 1
3 6 7 20
3 7 409 20
3 8 196 1
3 9 2 3
3 10 2 14
3 11 1 12
3 12 91 8
3 16 127 1
3 17 12 3
3 20 103 1
3 24 35 1
3 25 54 7
3 26 38 7
3 27 1 22
4 0 71 1
4 1 18 5
4 2 117 1
4 6 17 22
4 8 14 18
4 9 3 27
4 10 1 26
4 12 163 1
4 13 1 9
4 14 4 19
4 17 1 21
4 18 2 16
4 19 1 21
4 22 61 22
4 27 61 1
5 0 79 1
5 1 186 1
5 2 63 1
5 3 138 1
5 4 2 1
5 6 213 1
5 7 3 11
5 8 223 5
5 9 8 1
5 10 25 2
5 16 268 1
5 17 1 8
5 18 2 9
5 19 29 4
5 24 93 21
5 26 1 14
5 27 1 23
6 0 159 1
6 1 128 1
6 2 3 5
6 3 15 27
6 4 3 27
6 5 18 7
6 8 121 1
6 9 1 1
6 10 31 1
6 11 6 15
6 14 175 1
6 16 1 12
6 17 275 1
6 18 1 10
6 19 61 5
6 24 31 2
6 25 1 22
7 0 45 1
7 1 2 6
7 2 280 1
7 3 58 1
7 4 1 4
7 5 64 2
7 6 30 1
7 8 5 6
7 9 277 1
7 10 425 1
7 11 89 1
7 13 123 1
7 14 10 3
7 15 37 2
7 16 27 8
7 18 1 23
7 21 1 19
8 0 264 1
8 1 87 1
8 2 8 24
8 3 55 1
8 4 100 1
8 5 181 25
8 6 12 5
8 7 87 1
8 9 2 7
8 10 12 1
8 11 4 2
8 12 85 2
8 14 239 1
8 15 1 10
8 16 22 1
8 17 1 16
8 19 50 1
8 20 44 27
8 24 81 1
9 0 25 2
9 1 150 1
9 2 51 1
9 4 77 1
9 5 43 4
9 6 14 21
9 7 8 16
9 8 12 1
9 10 1 9
9 11 2 23
9 12 1 12
9 14 40 1
9 17 79 2
9 18 9 1
9 20 1 18
9 21 41 1
9 25 71 1
10 0 2 1
10 1 1 29
10 3 2 2
10 5 75 1
10 6 36 22
10 7 135 1
10 8 4 20
10 9 8 18
10 11 117 1
10 12 20 2
10 15 3 1
10 22 2 23
10 26 3 1
11 0 4 23
11 1 4 16
11 2 2 23
11 5 18 1
11 6 32 21
11 7 303 1
11 8 59 22
11 9 266 1
11 10 1 6
11 13 190 1
11 15 310 28
11 18 132 3
11 22 1 9
11 23 97 2
11 24 2 8
11 25 79 1
11 27 3 19
12 5 13 13
12 6 41 1
12 9 172 1
12 10 4 1
12 13 145 1
12 23 66 1
13 0 63 15
13 6 19 4
13 9 98 3
13 10 9 1
13 11 1 4
13 12 135 1
13 14 7 25
13 16 1 4
13 22 1 18
14 2 25 8
14 4 99 1
14 6 22 29
14 7 2 8
14 8 282 1
14 9 118 1
14 10 1 22
14 11 3 18
14 12 1 10
14 15 3 15
14 18 5 14
14 23 26 8
14 24 1 20
14 27 29 12
15 8 1 2
15 10 6 7
15 11 34 1
15 12 24 26
15 20 22 7
15 22 1 27
15 27 1 8
16 0 89 1
16 1 191 1
16 2 1 28
16 3 18 1
16 5 69 1
16 6 1 7
16 7 4 15
16 8 86 24
16 10 124 13
16 18 4 1
16 19 4 2
16 24 145 1
17 1 91 1
17 2 13 3
17 3 28 2
17 5 28 22
17 7 86 1
17 8 32 26
17 9 2 13
17 10 220 1
17 11 111 1
17 14 10 20
17 16 42 1
17 18 3 3
17 21 2 4
17 25 1 5
17 26 21 1
18 0 117 2
18 1 1 22
18 3 1 29
18 8 1 5
18 9 93 2
18 10 53 1
18 12 1 12
18 16 121 1
18 27 1 28
19 11 27 26
19 13 1 5
19 16 4 5
19 17 1 5
19 20 3 23
19 26 2 7
20 1 116 2
20 3 144 1
20 5 38 4
20 7 1 16
20 8 2 9
20 9 3 9
20 15 85 15
20 19 1 29
20 24 1 16
20 25 1 19
20 27 47 2
21 1 67 12
21 15 2 9
21 17 58 14
21 18 1 6
22 4 15 6
22 8 29 1
22 10 23 3
22 11 62 3
22 21 2 8
23 2 18 14
23 7 172 1
23 10 35 1
23 20 3 10
23 22 2 15
23 27 6 9
24 0 60 1
24 1 20 1
24 2 21 2
24 3 159 3
24 5 147 1
24 8 4 14
24 10 116 2
24 15 5 4
24 16 93 7
24 18 36 6
24 23 4 2
24 25 1 12
25 4 43 14
25 5 3 29
25 7 75 1
25 8 78 10
25 9 71 1
25 11 20 29
25 12 1 15
25 14 37 1
25 26 40 3
26 1 2 11
26 11 58 3
26 19 3 26
26 27 6 1
27 3 6 5
27 11 9 29
27 12 33 7
27 16 1 11
27 17 59 12
27 19 13 6
27 25 2 19
27 26 11 25
