0 1 55 8
0 2 17 1
0 3 45 10
0 4 131 1
0 5 61 1
0 6 157 1
0 8 18 1
0 9 194 1
0 11 1 19
0 14 1 15
0 15 107 1
0 16 216 1
0 17 158 1
0 19 81 1
0 20 16 3
0 24 94 25
0 26 2 8
1 0 200 4
1 3 60 24
1 4 10 4
1 5 272 1
1 6 236 1
1 7 19 1
1 8 66 10
1 10 77 1
1 11 1 20
1 16 76 4
1 17 7 1
1 19 7 28
1 20 16 1
1 21 48 14
1 23 66 3
1 24 12 14
1 27 1 23
2 0 13 13
2 1 11 25
2 3 3 13
2 4 3 29
2 7 1 15
2 8 1 1
2 11 3 3
2 12 1 19
2 14 43 8
2 17 15 1
2 20 32 2
2 21 2 26
3 0 38 2
3 1 160 1
3 2 256 1
3 4 72 2
3 5 241 1
3 6 2 7
3 7 39 11
3 8 383 1
3 9 29 8
3 10 1 19
3 15 48 4
3 16 201 2
3 17 7 15
3 19 58 3
3 20 99 1
3 24 16 28
4 0 66 2
4 1 36 23
4 2 113 1
4 3 22 1
4 6 7 2
4 7 35 3
4 8 1 20
4 9 1 18
4 10 1 29
4 12 161 1
4 13 9 12
4 18 2 27
4 21 4 22
4 26 4 12
4 27 60 1
5 0 226 8
5 1 369 1
5 3 45 1
5 6 102 1
5 7 1 22
5 8 205 11
5 9 357 1
5 14 1 11
5 15 10 2
5 16 230 1
5 24 82 10
5 25 25 11
6 0 154 1
6 1 114 1
6 2 8 20
6 4 2 25
6 5 18 24
6 7 23 1
6 8 73 1
6 10 17 1
6 11 349 1
6 12 12 2
6 13 21 1
6 15 111 4
6 17 272 2
6 19 60 1
6 20 24 2
6 23 2 1
6 25 3 15
6 26 1 29
7 0 28 1
7 1 42 23
7 2 1 8
7 3 46 1
7 4 9 11
7 5 61 1
7 6 22 1
7 8 113 21
7 9 274 2
7 10 419 1
7 11 199 1
7 12 6 16
7 13 121 3
7 14 2 10
7 15 33 1
7 23 177 1
7 25 2 1
7 26 13 9
8 0 77 1
8 1 91 1
8 2 8 5
8 3 76 1
8 4 93 1
8 5 44 3
8 6 32 21
8 7 66 1
8 9 2 3
8 10 5 1
8 14 235 1
8 15 28 16
8 16 106 1
8 17 16 23
8 18 1 28
8 19 48 3
8 20 1 23
8 24 19 1
9 1 146 1
9 4 71 1
9 5 32 13
9 6 52 28
9 7 7 6
9 8 125 2
9 10 1 27
9 11 2 9
9 12 2 5
9 14 38 1
9 17 77 2
9 23 71 4
9 27 29 1
10 0 264 1
10 1 1 24
10 4 210 1
10 5 69 1
10 6 3 9
10 7 127 1
10 8 3 15
10 9 7 17
10 11 434 15
10 12 6 17
10 14 2 13
10 15 28 22
10 16 27 4
10 18 12 5
10 19 6 9
10 21 72 1
10 22 1 23
10 24 169 1
10 26 2 6
11 0 1 6
11 2 1 6
11 3 45 1
11 4 39 1
11 5 16 4
11 6 6 5
11 7 178 1
11 8 340 1
11 9 262 2
11 10 1 14
11 13 187 1
11 16 1 22
11 18 7 6
11 19 1 23
11 24 16 26
11 25 312 1
11 26 1 8
11 27 1 28
12 1 22 13
12 5 1 27
12 6 38 2
12 7 105 3
12 9 163 1
12 10 333 20
12 13 141 1
12 17 123 6
12 18 11 2
12 22 111 2
12 25 70 21
13 6 18 1
13 8 188 1
13 12 131 1
13 14 4 16
13 18 3 3
13 22 1 11
13 23 2 26
14 3 1 6
14 4 98 1
14 5 1 23
14 6 9 23
14 9 116 1
14 10 1 20
14 11 2 28
14 13 16 4
14 15 1 6
14 25 7 29
15 1 61 3
15 3 3 10
15 4 1 15
15 8 11 16
15 10 1 2
15 11 193 1
15 12 1 3
15 13 2 1
15 14 96 5
15 18 24 4
15 25 29 2
15 26 19 17
15 27 6 1
16 0 83 1
16 1 110 1
16 3 213 1
16 4 13 2
16 5 1 1
16 7 2 14
16 8 123 1
16 18 224 1
16 23 7 28
16 24 82 1
17 1 82 1
17 2 12 1
17 4 4 20
17 5 2 23
17 6 298 1
17 8 1 7
17 9 1 2
17 10 218 3
17 16 37 1
17 18 1 3
17 20 6 11
17 21 2 2
17 25 1 14
18 1 2 7
18 2 10 9
18 4 120 1
18 5 82 1
18 6 5 27
18 7 7 3
18 8 1 15
18 9 92 1
18 10 51 3
18 13 31 6
18 16 115 1
18 17 1 4
18 22 1 1
18 25 1 15
19 1 3 2
19 7 26 2
19 9 31 3
19 11 79 4
19 13 1 2
19 16 24 25
19 17 1 19
19 20 3 8
19 26 1 14
19 27 15 19
20 0 1 11
20 2 65 1
20 3 140 2
20 4 1 11
20 5 38 1
20 7 2 5
20 12 50 1
20 13 50 8
20 17 64 1
20 18 17 3
20 19 2 13
21 7 13 2
21 8 50 2
21 9 44 2
21 10 94 5
21 12 45 10
22 0 52 10
22 2 4 28
22 3 11 8
22 7 100 3
22 8 28 1
22 11 61 1
22 12 54 19
22 14 4 10
22 26 3 20
23 0 20 11
23 9 59 15
23 24 42 2
23 25 19 7
24 0 6 9
24 1 23 1
24 3 108 1
24 5 125 1
24 6 112 1
24 8 52 1
24 10 114 1
24 12 1 5
24 14 39 14
24 16 168 3
24 17 1 26
24 25 1 13
25 0 1 10
25 1 106 8
25 7 71 1
25 10 2 14
25 11 2 8
25 15 44 4
25 18 34 2
25 27 1 17
26 2 20 26
26 5 1 29
26 6 46 6
26 7 1 13
26 12 19 1
26 17 2 3
27 0 35 2
27 1 32 7
27 2 24 7
27 3 6 25
27 9 1 6
27 11 4 7
