0 1 34 19
0 2 37 1
0 3 22 20
0 4 124 1
0 5 298 1
0 6 150 1
0 8 105 1
0 9 192 1
0 11 1 24
0 12 1 16
0 16 132 1
0 18 1 12
0 19 72 1
0 24 144 1
1 0 120 1
1 2 1 28
1 3 202 1
1 4 3 3
1 5 250 1
1 6 211 1
1 8 385 1
1 9 7 2
1 11 2 9
1 12 202 2
1 15 66 5
1 16 331 1
1 17 2 8
1 19 1 4
1 20 14 1
1 24 126 1
1 25 80 2
2 0 1 16
2 1 3 3
2 3 3 23
2 4 6 19
2 7 17 10
2 12 1 8
2 14 1 3
2 24 38 3
2 25 16 4
2 27 21 1
3 0 69 20
3 1 101 1
3 2 36 1
3 4 68 2
3 5 49 1
3 6 3 2
3 7 3 7
3 8 247 1
3 9 2 24
3 11 2 24
3 12 90 6
3 13 3 1
3 14 27 2
3 16 92 12
3 17 12 17
3 18 1 22
3 20 94 2
3 22 8 6
3 24 92 1
4 0 61 1
4 1 39 23
4 2 107 1
4 6 2 25
4 8 4 16
4 9 1 20
4 10 4 27
4 12 157 2
4 16 159 2
4 17 2 19
4 18 1 5
4 20 182 1
5 0 31 20
5 1 32 7
5 3 198 1
5 6 363 1
5 7 83 9
5 8 91 1
5 9 156 1
5 10 17 2
5 12 1 5
5 16 35 5
5 17 19 26
5 18 3 1
5 25 1 25
6 0 146 1
6 1 95 1
6 2 121 23
6 3 1 25
6 4 1 15
6 5 115 26
6 7 390 1
6 8 26 1
6 10 432 1
6 11 345 1
6 12 269 1
6 14 170 3
6 16 1 9
6 17 268 1
6 19 59 1
6 25 5 29
6 27 13 17
7 0 24 1
7 1 4 23
7 2 268 1
7 3 30 1
7 6 253 1
7 8 5 20
7 10 410 1
7 11 128 16
7 12 1 20
7 14 1 8
7 17 1 18
7 18 3 4
7 20 20 1
7 21 1 18
8 0 175 11
8 1 172 1
8 2 4 5
8 3 327 1
8 4 8 1
8 5 98 28
8 6 17 7
8 7 127 1
8 9 183 6
8 13 1 15
8 14 229 1
8 16 12 14
8 17 5 2
8 20 1 20
8 24 57 1
8 27 2 18
9 1 139 1
9 2 46 2
9 4 62 1
9 5 7 23
9 6 4 5
9 8 385 15
9 10 2 12
9 11 5 14
9 12 21 1
9 13 3 29
9 14 35 1
9 21 39 8
10 4 204 1
10 5 62 1
10 6 3 5
10 7 116 1
10 8 12 4
10 9 7 21
10 11 58 1
10 12 72 26
10 14 2 16
10 15 7 26
10 17 26 3
10 19 6 26
10 20 17 1
10 22 1 19
10 26 103 24
11 0 6 18
11 1 1 9
11 2 1 4
11 4 37 3
11 6 1 7
11 7 131 1
11 8 328 1
11 9 257 1
11 10 2 19
11 12 130 2
11 15 1 17
11 20 212 2
11 23 89 1
11 24 1 11
11 25 299 1
11 26 47 21
11 27 3 16
12 1 1 28
12 3 9 28
12 5 61 18
12 9 149 1
12 13 135 1
12 17 123 1
12 20 90 3
12 21 2 14
12 22 109 2
12 23 64 1
12 24 74 3
12 26 52 29
13 7 2 2
13 8 186 2
13 10 3 1
13 11 3 18
13 12 125 1
13 14 1 22
14 0 77 3
14 2 24 2
14 3 6 7
14 4 96 4
14 5 1 1
14 6 1 11
14 7 238 2
14 8 16 3
14 9 112 1
14 10 1 5
14 11 4 21
14 15 2 5
14 17 84 1
14 22 9 1
14 24 1 28
14 27 29 26
15 6 1 27
15 7 1 2
15 8 58 27
15 9 1 14
15 10 16 25
15 11 161 1
15 12 1 27
15 14 94 1
15 21 16 13
15 23 20 1
15 24 4 12
15 25 28 2
16 0 65 11
16 1 182 26
16 2 2 28
16 3 177 1
16 4 26 28
16 5 30 15
16 8 71 1
16 10 9 5
16 18 217 1
16 24 119 1
17 1 70 1
17 3 24 3
17 5 1 25
17 7 81 1
17 8 1 5
17 10 217 1
17 12 4 5
17 13 7 2
17 15 26 1
17 16 31 1
17 18 1 15
17 19 1 28
18 0 114 1
18 1 3 13
18 4 241 28
18 5 80 2
18 7 7 1
18 8 1 28
18 10 50 1
18 11 141 20
18 12 2 25
18 14 44 1
18 16 107 1
18 19 1 12
18 21 22 18
18 22 1 13
19 6 8 25
19 7 24 4
19 20 3 2
20 0 1 17
20 3 135 1
20 4 1 28
20 5 37 2
20 18 17 4
20 19 5 11
20 27 46 1
21 1 67 2
21 6 24 11
21 8 49 4
21 10 94 2
21 12 21 9
21 13 15 14
21 27 2 27
22 10 20 1
22 12 2 18
22 15 3 23
22 17 13 7
22 19 4 3
22 23 7 2
23 8 4 26
23 11 8 1
23 13 4 4
23 20 27 29
23 22 4 21
23 25 19 20
23 26 21 2
24 0 84 1
24 1 100 1
24 2 20 1
24 3 66 1
24 4 90 17
24 5 96 1
24 8 76 1
24 10 111 2
24 11 30 1
24 16 94 1
24 23 45 14
24 25 1 17
24 26 2 23
24 27 2 4
25 4 1 2
25 6 21 10
25 7 64 1
25 8 1 18
25 9 68 6
25 10 1 4
25 11 28 5
25 13 3 17
25 23 18 1
26 3 4 12
26 7 12 18
26 11 55 2
26 12 1 16
26 16 7 8
26 17 1 14
27 1 32 1
27 2 24 7
27 4 1 12
27 7 70 3
27 11 4 3
27 17 59 4
27 26 20 16
