0 1 28 6
0 2 33 1
0 3 4 8
0 4 119 1
0 5 215 2
0 6 144 1
0 7 17 2
0 10 212 1
0 11 3 18
0 16 61 8
0 17 148 2
0 19 66 1
0 20 12 1
0 24 58 1
0 25 40 2
1 0 320 1
1 2 2 16
1 3 113 1
1 4 3 1
1 5 197 1
1 6 193 1
1 7 16 1
1 8 346 1
1 10 68 2
1 11 31 3
1 13 1 2
1 14 1 7
1 15 65 4
1 16 260 2
1 17 140 21
1 19 17 15
1 24 36 1
1 27 11 13
2 0 4 14
2 1 21 14
2 3 4 14
2 4 3 19
2 7 1 3
2 8 151 12
2 10 2 1
2 11 1 6
2 12 1 3
2 17 11 4
2 19 4 29
2 20 28 1
2 24 38 1
3 0 124 1
3 1 20 3
3 2 232 1
3 4 66 1
3 5 78 1
3 6 1 19
3 7 1 25
3 8 205 10
3 10 2 29
3 11 2 7
3 16 32 1
3 20 91 1
3 24 24 1
4 0 57 1
4 1 9 1
4 2 103 1
4 6 2 8
4 8 9 27
4 9 25 21
4 10 1 13
4 12 155 1
4 13 9 1
4 15 70 4
4 16 157 3
4 18 2 3
4 26 4 18
5 0 134 1
5 1 255 1
5 3 135 6
5 6 289 12
5 7 13 3
5 8 168 1
5 9 341 1
5 10 14 1
5 11 1 22
5 12 2 1
5 16 40 1
5 17 120 7
5 18 76 16
5 19 28 4
5 20 1 8
5 24 30 1
5 25 1 18
6 0 141 1
6 1 82 1
6 2 30 20
6 3 44 5
6 4 22 27
6 5 38 4
6 7 385 1
6 8 6 1
6 10 418 1
6 11 25 2
6 12 267 1
6 15 108 1
6 17 265 1
6 19 57 3
6 20 1 26
6 24 28 2
6 25 1 11
6 27 1 27
7 0 21 2
7 1 1 27
7 2 262 1
7 3 33 1
7 4 19 5
7 5 52 1
7 6 13 1
7 8 87 26
7 9 268 1
7 10 403 1
7 11 21 28
7 13 117 2
7 14 1 6
7 15 24 1
7 17 18 2
7 18 22 16
7 22 8 27
7 23 176 20
7 27 17 2
8 0 68 1
8 1 161 21
8 1 296 1
8 2 8 2
8 3 231 1
8 4 301 1
8 5 171 1
8 6 26 16
8 7 108 1
8 9 2 28
8 12 76 1
8 13 1 1
8 14 224 1
8 15 11 20
8 16 59 1
8 18 1 9
8 20 1 8
8 22 1 10
8 23 1 1
8 24 23 1
9 0 21 1
9 1 134 1
9 2 44 2
9 3 1 26
9 4 56 1
9 5 7 6
9 6 9 22
9 7 3 12
9 8 120 1
9 10 2 9
9 11 2 14
9 12 3 28
9 13 1 23
9 14 33 1
9 15 8 7
9 17 73 2
9 25 68 2
9 27 27 4
10 1 236 25
10 4 200 1
10 5 56 1
10 6 8 28
10 7 99 1
10 8 12 1
10 9 41 9
10 11 38 1
10 12 1 6
10 14 4 25
10 15 2 21
10 18 1 11
10 20 16 1
10 22 2 7
10 23 8 10
10 24 165 2
10 25 11 2
10 26 2 18
10 27 1 1
11 0 1 21
11 1 2 7
11 2 5 24
11 5 13 3
11 6 7 1
11 7 207 1
11 8 319 1
11 9 253 1
11 10 1 12
11 13 181 2
11 15 221 1
11 22 1 12
11 23 85 1
11 24 7 11
11 25 68 1
11 26 3 10
11 27 2 16
12 6 32 2
12 7 102 1
12 9 139 1
12 10 5 1
12 13 131 1
12 14 1 11
12 15 73 1
12 17 122 3
12 18 10 1
12 20 89 4
12 23 63 2
13 2 13 5
13 4 7 2
13 6 16 4
13 7 1 24
13 8 185 1
13 10 265 1
13 11 5 11
13 12 120 2
13 14 10 15
13 20 6 29
14 6 4 29
14 7 20 2
14 8 14 3
14 9 109 1
14 10 4 3
14 11 1 28
14 12 3 23
14 13 8 9
14 15 3 21
14 21 4 6
14 23 24 8
15 6 1 11
15 8 1 26
15 9 1 19
15 10 2 2
15 11 139 1
15 14 90 2
15 17 2 7
15 20 21 1
15 26 1 23
15 27 6 16
16 0 11 1
16 1 50 1
16 3 123 1
16 5 59 7
16 7 6 10
16 8 90 1
16 10 9 11
16 14 17 1
16 18 212 1
16 19 3 14
16 24 75 1
16 25 33 3
17 1 62 1
17 2 8 5
17 3 23 2
17 4 8 19
17 5 11 15
17 6 292 1
17 7 79 2
17 8 1 29
17 9 2 19
17 12 4 22
17 14 1 13
17 16 27 1
17 19 105 2
18 1 1 16
18 2 9 1
18 4 116 17
18 8 152 23
18 9 87 3
18 10 48 1
18 16 101 1
18 19 1 19
18 22 20 18
19 3 1 6
19 6 1 21
19 7 23 3
19 10 2 12
19 11 3 12
19 20 3 26
20 1 108 2
20 7 6 13
20 10 56 1
20 11 213 4
20 14 1 23
20 15 1 4
20 18 16 6
20 19 2 28
20 23 40 4
20 24 13 22
20 26 1 5
21 8 49 1
21 12 45 4
21 14 1 2
21 16 1 4
21 22 1 3
21 26 2 22
22 6 53 1
22 7 98 2
22 8 25 1
22 10 19 2
22 11 56 2
22 12 4 12
22 13 5 2
22 14 4 1
22 15 2 12
22 20 31 3
22 21 1 13
22 23 6 2
23 6 1 27
23 7 167 3
23 8 65 29
23 10 30 1
23 11 237 2
24 0 207 1
24 1 265 1
24 3 5 4
24 5 13 4
24 8 44 18
24 10 109 1
24 11 9 1
24 12 1 1
24 15 4 1
24 16 47 1
24 17 1 15
24 19 4 25
24 23 12 4
24 26 1 18
25 0 2 12
25 6 65 8
25 7 60 1
25 10 10 11
25 11 29 5
25 12 1 20
25 15 43 2
26 2 1 17
26 7 1 8
26 9 3 10
26 11 54 2
26 19 1 5
26 20 24 25
26 22 1 4
26 23 4 23
27 0 34 1
27 13 5 4
27 17 58 16
27 20 2 14
27 26 72 1
