0 1 96 1
0 2 12 1
0 3 126 1
0 4 108 1
0 5 86 1
0 6 133 1
0 7 12 1
0 8 33 3
0 9 187 1
0 10 207 2
0 11 3 19
0 12 1 7
0 14 10 29
0 16 43 1
0 17 139 1
0 19 54 1
0 20 8 2
0 24 46 1
1 0 170 1
1 2 2 10
1 3 1 2
1 4 3 21
1 5 87 1
1 6 157 1
1 7 15 2
1 10 61 1
1 12 199 1
1 16 119 1
1 17 13 1
1 19 40 19
1 21 47 7
1 24 123 1
1 25 78 2
1 27 1 6
2 0 2 23
2 1 1 19
2 3 17 29
2 4 38 10
2 5 55 3
2 7 1 1
2 8 13 3
2 17 8 4
2 25 15 2
3 0 76 1
3 1 148 1
3 2 80 1
3 5 51 1
3 6 2 16
3 7 93 11
3 8 298 1
3 9 4 26
3 10 2 12
3 11 8 13
3 14 25 6
3 16 32 1
3 17 1 13
3 18 1 5
3 19 55 4
3 20 83 1
3 23 6 1
3 24 25 1
3 25 52 2
4 1 77 21
4 2 94 1
4 5 1 24
4 6 10 13
4 8 6 27
4 9 1 16
4 10 1 24
4 12 149 2
4 17 3 2
4 18 4 20
4 19 2 1
4 22 4 3
4 23 57 10
4 24 1 16
4 26 2 22
5 0 45 1
5 1 171 1
5 3 111 1
5 4 1 16
5 6 44 23
5 7 1 10
5 8 49 1
5 9 274 1
5 11 1 3
5 12 2 7
5 13 8 1
5 14 3 24
5 16 108 2
5 17 121 14
5 19 28 1
5 24 12 1
6 0 130 1
6 1 57 1
6 2 26 11
6 3 78 7
6 4 1 21
6 5 51 16
6 7 112 1
6 8 5 7
6 9 1 16
6 10 394 1
6 11 339 2
6 12 261 2
6 13 17 2
6 14 164 1
6 15 106 1
6 16 1 10
6 18 1 3
6 20 127 4
6 25 1 10
6 26 8 28
7 0 42 1
7 1 44 21
7 2 246 1
7 3 12 1
7 4 20 13
7 5 45 1
7 6 191 7
7 8 9 17
7 9 262 2
7 10 397 1
7 11 121 2
7 13 113 2
7 14 2 3
7 15 16 2
7 17 15 18
7 24 177 24
7 25 1 1
7 27 15 2
8 0 96 27
8 1 249 1
8 2 8 19
8 3 86 1
8 4 80 1
8 5 140 27
8 6 21 22
8 7 13 7
8 9 2 8
8 10 2 22
8 12 70 2
8 14 214 1
8 16 53 1
8 17 17 17
8 18 3 16
8 19 43 1
8 20 1 19
8 24 197 1
9 1 124 1
9 4 44 1
9 5 45 1
9 6 13 6
9 8 383 1
9 10 3 25
9 11 22 7
9 12 3 26
9 13 1 1
9 17 70 1
9 21 37 4
9 25 66 2
9 27 26 4
10 0 259 4
10 1 1 8
10 5 46 1
10 6 12 18
10 7 82 1
10 8 6 27
10 9 4 9
10 11 52 1
10 12 22 5
10 14 3 9
10 15 1 13
10 18 1 17
10 20 14 2
10 22 1 5
10 25 9 1
10 26 3 3
11 0 1 29
11 1 5 14
11 2 3 3
11 3 44 22
11 4 33 1
11 6 3 16
11 7 76 1
11 8 358 1
11 9 245 1
11 10 15 11
11 13 175 2
11 15 308 14
11 16 3 7
11 18 142 20
11 19 3 17
11 20 209 1
11 23 77 1
11 24 19 2
11 25 132 1
11 27 4 27
12 1 2 11
12 6 27 2
12 9 119 1
12 11 191 1
12 13 121 1
12 14 1 22
12 15 70 4
12 16 2 3
12 19 29 11
12 23 61 1
12 26 1 12
13 0 62 1
13 6 14 3
13 8 181 4
13 10 4 1
13 11 5 17
13 12 111 1
13 14 1 2
13 15 4 3
13 18 2 3
14 3 1 10
14 5 1 24
14 6 9 28
14 8 280 1
14 10 3 4
14 11 1 24
14 15 1 4
15 2 1 7
15 4 5 8
15 6 1 25
15 10 2 24
15 11 96 1
15 14 81 1
15 20 19 10
15 23 17 2
16 0 36 1
16 1 12 16
16 2 1 11
16 3 92 1
16 5 23 1
16 8 63 1
16 10 9 22
16 18 200 1
16 24 52 1
17 1 46 1
17 3 20 1
17 4 2 24
17 5 3 5
17 7 75 2
17 11 102 3
17 14 1 27
17 16 19 2
17 18 1 25
17 24 15 4
17 25 6 29
18 1 17 17
18 4 41 1
18 5 75 1
18 6 31 2
18 7 5 9
18 8 3 29
18 13 30 4
18 16 88 1
18 25 1 27
18 27 1 1
19 0 1 29
19 1 1 1
19 7 21 1
19 14 2 17
19 18 1 19
19 20 39 13
20 3 123 1
20 5 34 6
20 6 60 1
20 7 1 1
20 11 211 1
20 12 47 6
20 16 95 27
20 19 9 21
21 0 17 4
21 4 5 8
21 6 23 6
21 7 1 17
21 8 47 6
21 11 1 22
21 19 7 2
21 22 1 26
22 2 1 12
22 7 95 5
22 8 23 3
22 9 85 16
22 12 1 21
22 13 4 6
22 15 1 13
22 17 1 14
22 23 8 1
22 25 3 15
22 26 1 25
23 5 1 6
23 6 2 12
23 7 164 1
23 8 1 15
23 10 27 2
23 14 4 7
23 15 2 2
23 20 3 20
23 22 2 11
23 24 55 1
24 0 78 1
24 1 24 9
24 2 19 1
24 3 49 1
24 5 9 1
24 8 54 1
24 10 105 1
24 11 355 1
24 16 2 2
24 23 45 1
25 1 104 2
25 6 1 7
25 7 50 1
25 10 220 2
25 11 8 3
25 17 84 23
25 20 1 4
25 22 9 13
25 27 7 14
26 5 1 15
26 12 2 10
26 17 37 12
26 22 1 22
26 24 1 29
27 0 33 1
27 2 23 18
27 6 1 20
27 7 65 1
27 11 1 10
27 12 32 1
27 19 13 2
27 24 1 19
27 26 20 16
