0 1 90 1
0 2 11 1
0 3 119 1
0 4 107 1
0 5 77 1
0 6 132 1
0 7 12 1
0 8 14 1
0 9 186 2
0 11 60 20
0 16 34 1
0 17 138 1
0 18 3 1
0 19 53 1
0 24 44 25
0 25 38 1
0 26 2 4
1 0 157 1
1 2 3 27
1 3 50 1
1 4 13 20
1 5 77 1
1 6 153 1
1 8 219 15
1 10 60 1
1 12 199 2
1 16 110 1
1 17 18 9
1 19 1 4
1 20 11 1
1 23 63 5
1 24 114 1
2 0 1 15
2 1 40 4
2 3 4 26
2 4 1 5
2 7 1 21
2 8 154 1
2 13 1 27
2 20 24 2
2 22 1 9
3 0 69 1
3 1 140 1
3 2 76 1
3 4 59 2
3 5 42 1
3 6 1 13
3 7 43 24
3 8 287 1
3 9 2 28
3 10 91 23
3 11 1 21
3 16 58 1
3 17 13 23
3 20 82 1
3 23 6 6
3 24 24 1
4 0 48 1
4 1 14 19
4 2 93 1
4 3 14 4
4 5 1 24
4 6 2 14
4 8 16 2
4 9 17 13
4 10 6 3
4 15 69 1
4 16 153 1
4 18 1 15
4 19 2 29
4 22 1 3
5 0 35 1
5 1 161 1
5 3 102 1
5 6 271 1
5 7 1 17
5 8 40 1
5 9 267 1
5 13 8 21
5 16 1 17
5 17 1 22
5 19 27 3
5 24 3 12
6 0 129 1
6 1 55 1
6 2 1 3
6 3 1 6
6 4 2 21
6 5 70 9
6 7 111 1
6 8 3 27
6 10 391 1
6 14 164 1
6 15 105 4
6 17 257 1
6 19 55 1
6 23 1 1
6 24 26 2
6 26 2 25
6 27 13 14
7 0 41 1
7 1 6 3
7 2 244 1
7 3 10 1
7 5 45 1
7 6 241 1
7 8 223 1
7 10 396 1
7 11 5 7
7 18 4 1
7 20 1 1
7 24 1 3
7 25 1 14
8 0 209 1
8 1 238 1
8 2 21 7
8 3 75 1
8 4 78 1
8 5 358 8
8 6 37 5
8 7 102 1
8 9 2 9
8 10 1 19
8 14 213 1
8 15 1 21
8 16 51 1
8 17 1 25
8 19 43 2
8 24 187 1
9 1 123 1
9 2 40 1
9 3 1 2
9 4 43 1
9 5 51 27
9 6 4 18
9 7 6 11
9 8 382 20
9 10 4 28
9 11 12 1
9 12 2 16
9 13 1 28
9 17 69 3
9 20 1 5
9 24 4 1
9 26 51 23
10 1 42 14
10 2 1 26
10 4 190 1
10 5 45 1
10 6 57 9
10 7 81 1
10 8 5 6
10 9 26 16
10 11 49 1
10 12 1 20
10 14 2 25
10 15 22 19
10 17 23 1
10 18 1 28
10 22 1 20
10 23 1 5
10 24 161 2
10 25 9 1
11 1 2 11
11 4 33 1
11 6 1 5
11 7 65 1
11 8 356 1
11 9 244 1
11 10 48 24
11 12 124 3
11 15 24 1
11 20 208 3
11 22 1 2
11 23 76 1
11 24 2 19
11 25 130 1
11 26 5 21
11 27 12 21
12 5 4 26
12 7 98 2
12 9 117 1
12 10 331 4
12 11 190 2
12 13 120 1
12 18 8 5
12 21 2 10
12 22 105 2
12 23 61 1
12 24 73 5
13 0 61 10
13 10 3 1
13 11 1 14
13 12 110 1
13 14 9 16
13 22 4 1
14 2 22 3
14 5 1 20
14 6 23 13
14 8 280 1
14 9 102 1
14 10 4 14
14 11 1 10
14 12 2 17
14 15 6 9
14 18 4 10
14 19 2 3
15 3 55 1
15 8 1 10
15 10 42 15
15 11 92 1
15 12 1 7
15 14 80 1
15 17 2 25
16 0 27 1
16 1 14 1
16 2 1 14
16 3 97 1
16 4 14 2
16 5 14 14
16 7 2 2
16 8 54 1
16 18 199 1
16 24 43 1
17 0 1 3
17 1 45 1
17 3 19 4
17 4 6 24
17 6 286 1
17 8 1 4
17 9 1 16
17 12 2 28
17 18 115 11
17 20 4 7
17 27 1 27
18 3 12 11
18 4 40 1
18 5 75 2
18 9 83 2
18 12 1 13
18 15 24 1
18 16 87 1
18 24 12 3
18 27 1 8
19 1 1 1
19 3 1 23
19 6 1 8
19 7 21 2
19 10 3 17
19 11 4 12
19 17 2 29
19 20 3 21
20 0 1 23
20 1 102 2
20 2 55 2
20 3 123 1
20 6 59 1
20 7 1 17
20 10 52 2
20 11 211 1
20 14 2 28
20 15 1 22
20 17 58 2
20 18 16 1
20 19 5 29
20 25 2 1
21 16 2 26
21 20 25 2
21 24 13 29
22 1 30 1
22 4 13 14
22 10 16 3
22 11 52 2
22 12 4 2
22 15 2 25
22 17 20 24
22 21 1 21
22 23 7 5
22 25 1 20
23 1 6 6
23 2 1 4
23 6 6 25
23 7 164 1
23 11 231 2
23 12 1 29
23 24 54 7
23 26 21 25
24 0 69 1
24 1 123 1
24 2 19 4
24 3 40 1
24 4 90 11
24 5 41 1
24 6 109 1
24 8 45 1
24 10 104 2
24 11 354 1
24 12 1 4
24 16 66 1
24 23 44 4
24 25 1 21
25 0 2 24
25 5 3 22
25 6 4 12
25 7 50 1
25 8 7 23
25 9 65 5
25 10 8 18
25 11 21 9
25 13 3 22
25 15 42 2
25 26 37 1
25 27 7 22
26 3 1 20
26 9 1 27
26 22 1 27
26 24 3 20
27 0 32 1
27 1 30 1
27 4 1 23
27 7 64 2
27 10 9 10
27 11 29 10
27 12 31 12
27 16 2 9
27 20 1 12
27 25 8 2
27 26 69 1
