0 1 126 7
0 2 2 17
0 3 22 3
0 4 355 1
0 5 14 1
0 6 365 3
0 7 277 1
0 8 129 1
0 9 1 25
0 11 1 27
0 16 49 1
0 19 310 2
0 20 202 1
0 22 59 13
0 24 21 6
0 25 82 6
1 0 8 3
1 2 42 15
1 3 30 20
1 4 353 1
1 5 77 1
1 6 2 25
1 7 294 6
1 8 17 1
1 9 182 1
1 10 280 1
1 14 1 11
1 16 432 1
1 17 23 1
1 20 106 2
1 21 62 2
1 22 2 5
1 24 15 1
1 25 112 4
2 1 203 1
2 3 12 5
2 6 268 1
2 7 1 27
2 9 52 1
2 10 219 1
2 11 122 1
2 17 145 2
2 20 127 2
2 24 1 26
3 0 54 20
3 1 36 1
3 2 274 1
3 4 200 3
3 5 23 2
3 6 3 1
3 8 414 1
3 10 2 19
3 11 124 1
3 16 89 22
3 19 63 13
3 20 240 3
3 21 6 12
3 24 430 2
4 0 305 1
4 1 348 1
4 3 146 1
4 5 157 1
4 6 1 23
4 7 1 29
4 9 76 1
4 10 2 29
4 12 246 2
4 14 1 8
4 15 98 12
4 18 164 1
4 25 17 2
5 0 23 22
5 1 26 1
5 3 50 16
5 6 104 11
5 8 44 16
5 9 43 1
5 10 315 1
5 11 27 1
5 12 3 19
5 15 26 11
5 16 45 29
5 24 7 22
6 1 1 17
6 3 1 27
6 4 4 18
6 5 37 6
6 7 6 12
6 8 17 28
6 9 356 1
6 10 3 20
6 11 3 29
6 12 1 27
6 14 1 19
6 17 1 7
6 23 20 1
7 0 2 22
7 1 1 22
7 2 7 28
7 3 1 7
7 5 255 1
7 6 2 3
7 8 114 1
7 9 1 9
7 10 4 21
7 11 31 28
7 14 20 1
7 15 330 1
7 16 61 3
7 17 3 24
7 19 24 1
7 20 1 14
7 21 1 15
7 22 1 22
7 23 1 17
7 24 1 20
7 25 147 1
7 26 51 4
8 0 164 28
8 1 47 19
8 2 50 1
8 3 113 23
8 4 2 6
8 5 8 1
8 6 59 18
8 7 1 28
8 9 1 23
8 10 9 28
8 11 318 1
8 12 219 1
8 13 3 19
8 14 1 10
8 15 1 18
8 16 16 1
8 19 105 1
8 21 93 16
8 22 7 3
8 23 29 2
8 24 15 5
8 25 1 19
8 26 4 1
9 1 329 2
9 2 136 2
9 3 2 8
9 4 128 19
9 5 10 22
9 6 269 1
9 8 2 2
9 10 314 1
9 12 1 17
9 17 157 1
9 18 69 1
9 24 32 1
10 0 258 6
10 1 3 25
10 2 145 1
10 3 120 1
10 5 364 1
10 6 125 1
10 8 164 1
10 9 48 9
10 11 3 6
10 12 2 14
10 13 178 1
10 14 101 1
10 17 103 1
10 18 2 7
10 21 98 3
10 25 128 1
10 26 1 13
10 27 1 6
11 1 32 15
11 2 2 23
11 3 1 22
11 4 127 1
11 6 1 2
11 7 20 8
11 8 3 17
11 10 4 19
11 13 1 22
11 14 255 1
11 15 9 1
11 23 250 1
11 24 109 1
11 25 3 21
12 0 28 5
12 1 1 6
12 3 2 1
12 5 2 14
12 6 206 1
12 7 173 4
12 10 1 4
12 11 1 24
12 13 3 8
12 14 21 2
12 21 1 18
12 22 1 9
12 27 1 25
13 1 7 3
13 6 74 1
13 8 1 5
13 10 1 6
13 11 21 2
13 12 1 5
13 14 64 1
13 25 17 26
14 1 63 1
14 4 132 1
14 7 2 22
14 8 2 14
14 10 257 1
14 11 154 1
14 22 33 12
15 1 102 1
15 2 7 19
15 3 1 2
15 6 1 9
15 7 271 1
15 8 4 11
15 9 1 10
15 10 20 2
15 11 22 21
15 13 1 5
15 17 19 28
15 21 1 9
15 26 1 24
16 0 11 1
16 1 149 1
16 3 36 7
16 4 3 24
16 5 13 1
16 6 2 19
16 8 6 1
16 17 309 1
16 18 220 6
16 21 8 4
16 24 350 14
16 26 24 6
17 0 2 27
17 1 159 1
17 2 138 2
17 3 127 1
17 4 31 1
17 6 2 4
17 7 180 1
17 8 1 3
17 13 23 4
17 16 356 1
17 21 7 7
17 24 36 3
18 1 1 24
18 4 2 29
18 6 1 1
18 9 159 2
18 10 113 1
18 14 53 1
18 16 1 16
18 17 57 2
19 0 247 1
19 1 94 2
19 4 1 18
19 6 2 12
19 12 39 2
19 20 178 1
19 24 10 26
20 0 1 22
20 1 218 1
20 6 138 1
20 8 22 4
20 9 26 4
20 19 95 1
20 23 55 10
20 24 1 4
21 11 3 1
21 12 3 13
22 4 34 6
22 5 1 26
22 6 86 1
22 9 1 19
22 10 107 1
22 12 14 21
22 23 1 1
22 24 1 8
23 3 7 2
23 8 43 14
23 10 115 3
23 11 2 19
24 0 16 24
24 1 34 25
24 3 58 11
24 5 11 1
24 7 105 1
24 8 58 1
24 9 12 4
24 11 2 16
24 16 32 22
24 23 1 10
24 27 1 8
25 4 1 27
25 7 307 2
25 8 1 18
25 9 103 3
25 10 2 7
25 11 2 2
25 18 40 1
25 27 18 1
26 6 66 1
26 12 16 16
26 18 32 9
26 24 5 4
27 0 58 3
27 1 56 5
27 7 155 1
27 14 2 1
27 17 69 1
27 26 2 13
