0 1 15 23
0 2 10 1
0 3 12 25
0 4 88 1
0 5 11 20
0 6 112 1
0 8 11 21
0 10 198 1
0 11 60 8
0 13 62 10
0 16 11 21
0 17 122 1
0 18 5 12
0 19 33 1
0 24 11 13
0 25 34 5
1 0 8 9
1 2 4 23
1 3 10 1
1 4 32 15
1 5 17 14
1 6 95 1
1 7 387 2
1 8 14 25
1 10 47 1
1 11 277 22
1 12 196 1
1 16 10 12
1 17 10 21
1 19 50 5
1 22 1 5
1 24 10 13
2 0 96 24
2 1 1 5
2 3 30 20
2 4 18 3
2 6 1 15
2 7 91 29
2 8 271 1
2 12 4 17
2 18 3 29
2 22 1 8
3 0 106 22
3 1 128 1
3 2 23 1
3 4 49 1
3 5 15 26
3 6 16 29
3 7 15 1
3 8 9 25
3 10 1 19
3 11 5 19
3 15 43 1
3 16 17 9
3 17 1 12
3 20 69 1
3 24 11 3
3 25 49 3
4 0 34 1
4 1 81 8
4 2 77 2
4 5 2 26
4 6 6 26
4 8 4 27
4 9 14 15
4 12 138 2
4 14 8 1
4 16 144 2
4 17 5 18
4 18 2 1
4 20 3 2
4 23 56 2
5 0 14 15
5 1 24 15
5 3 11 24
5 4 2 24
5 6 102 1
5 8 12 11
5 9 163 1
5 13 1 6
5 14 1 3
5 16 11 23
5 18 6 26
5 24 18 1
6 0 109 1
6 1 21 1
6 3 83 6
6 4 1 18
6 5 60 13
6 7 96 1
6 8 13 9
6 9 1 10
6 10 331 1
6 11 332 1
6 12 3 1
6 13 13 1
6 14 156 1
6 15 100 2
6 16 14 12
6 17 244 1
6 18 1 3
6 24 23 2
6 25 3 26
6 26 1 3
7 0 342 1
7 1 45 9
7 2 214 1
7 3 10 1
7 4 1 20
7 5 33 1
7 6 163 1
7 8 9 7
7 9 250 2
7 10 371 1
7 11 23 2
7 12 3 14
7 14 2 17
7 16 21 2
7 20 270 1
7 23 8 19
7 24 91 1
7 25 2 11
7 27 11 2
8 0 10 21
8 1 13 16
8 2 8 19
8 3 10 29
8 4 294 1
8 5 41 12
8 6 21 26
8 7 58 1
8 9 3 9
8 10 5 20
8 13 187 1
8 14 194 1
8 15 1 16
8 16 11 18
8 17 14 23
8 20 2 12
8 24 11 19
9 0 13 2
9 2 34 1
9 4 25 1
9 5 105 23
9 6 4 16
9 7 1 21
9 8 381 1
9 10 4 2
9 11 1 13
9 12 136 19
9 22 1 25
9 23 67 3
9 24 2 14
9 25 62 1
9 27 24 6
10 2 1 20
10 4 172 2
10 5 28 1
10 6 3 21
10 7 89 1
10 8 23 22
10 9 10 22
10 11 49 1
10 12 1 20
10 14 6 4
10 15 3 7
10 16 22 7
10 17 18 2
10 19 42 27
10 22 14 15
10 23 1 26
11 1 2 18
11 2 4 8
11 3 315 20
11 4 27 4
11 6 1 28
11 7 105 2
11 8 320 1
11 9 228 1
11 10 23 16
11 12 117 1
11 13 164 1
11 14 1 25
11 15 278 1
11 16 1 16
11 22 1 6
11 23 63 1
11 24 7 9
11 25 273 1
11 27 2 15
12 5 1 19
12 6 19 1
12 9 84 1
12 11 185 1
12 13 102 1
12 14 1 9
12 18 7 1
12 20 87 1
12 21 2 23
12 22 100 4
13 0 60 6
13 2 1 29
13 7 1 10
13 10 249 1
13 11 2 2
13 12 92 1
13 14 8 22
13 16 1 27
14 3 1 17
14 4 88 2
14 5 1 12
14 8 278 1
14 9 91 1
14 10 2 14
14 11 2 1
14 12 3 1
14 13 2 2
14 15 1 24
14 23 21 2
15 0 82 1
15 6 1 19
15 7 1 16
15 10 2 26
15 11 34 1
15 12 2 6
15 14 67 1
15 17 1 12
15 20 17 4
15 24 3 1
15 25 22 2
15 26 1 4
15 27 2 15
16 0 11 17
16 1 197 13
16 3 13 22
16 4 2 20
16 5 29 7
16 7 20 2
16 8 33 1
16 18 174 1
16 21 3 1
16 24 10 18
16 25 32 9
17 0 332 6
17 1 22 1
17 3 14 4
17 4 1 16
17 7 67 1
17 8 1 12
17 10 208 1
17 11 96 3
17 12 1 22
17 16 8 1
17 22 1 28
18 1 2 13
18 3 13 17
18 4 102 1
18 5 69 2
18 6 179 2
18 8 184 8
18 9 77 1
18 16 65 1
19 0 3 12
19 3 1 19
19 6 24 10
19 8 1 3
19 11 1 20
19 14 1 21
19 17 6 14
19 20 18 24
20 1 93 2
20 2 47 3
20 3 108 1
20 4 1 19
20 6 54 1
20 7 7 10
20 8 7 7
20 10 47 4
20 11 205 3
20 19 12 24
20 22 6 2
21 2 1 27
21 7 1 3
22 0 3 16
22 1 28 5
22 3 4 3
22 6 49 3
22 7 91 1
22 8 20 3
22 10 12 2
22 12 2 26
22 13 3 3
22 14 1 6
22 18 1 29
22 21 1 23
22 23 4 1
22 25 1 29
23 6 4 16
23 7 157 1
23 8 1 13
23 11 220 1
23 14 32 1
23 20 1 3
23 24 51 1
23 27 5 1
24 0 11 2
24 1 98 5
24 2 17 14
24 3 11 16
24 4 3 26
24 5 31 28
24 6 106 1
24 8 11 15
24 10 96 1
24 11 346 1
24 16 11 5
25 0 1 3
25 1 101 8
25 7 35 1
25 11 4 25
25 12 1 2
26 3 1 1
26 6 43 1
26 7 1 26
26 9 1 9
26 11 45 2
26 22 12 22
26 24 3 11
26 25 16 20
27 3 11 3
27 4 1 22
27 7 57 3
27 11 1 4
27 17 57 7
27 23 2 21
27 25 7 1
