0 1 16 24
0 2 8 20
0 3 18 12
0 4 86 1
0 5 13 7
0 6 110 1
0 7 4 2
0 8 16 1
0 9 179 2
0 11 2 11
0 14 28 14
0 16 12 8
0 17 120 2
0 18 16 23
0 19 31 1
0 20 3 2
0 24 19 6
0 27 43 2
1 0 15 12
1 2 7 19
1 3 72 20
1 4 57 18
1 5 16 16
1 6 90 1
1 7 386 1
1 8 10 18
1 10 46 1
1 11 4 12
1 13 2 20
1 15 59 3
1 16 21 11
1 17 2 6
1 18 1 7
1 19 1 7
1 20 7 1
1 21 45 9
1 22 1 24
1 23 61 6
1 24 37 29
1 27 13 13
2 0 3 13
2 1 143 11
2 3 17 15
2 4 26 24
2 5 48 3
2 6 1 7
2 8 265 1
2 19 1 25
2 23 1 4
2 26 2 19
3 0 75 23
3 1 18 18
3 2 13 1
3 4 48 1
3 5 13 20
3 6 1 2
3 7 14 25
3 8 11 26
3 9 30 8
3 10 5 18
3 16 12 28
3 17 1 23
3 21 2 4
3 23 5 1
3 24 28 11
4 0 33 1
4 1 80 8
4 2 76 1
4 5 2 24
4 6 2 12
4 7 270 1
4 8 5 27
4 9 13 7
4 10 1 6
4 12 137 1
4 15 65 7
4 16 143 2
4 17 1 11
4 18 9 26
4 19 1 24
4 20 3 1
4 23 56 2
4 24 1 18
4 26 61 26
5 0 12 25
5 1 11 14
5 3 13 7
5 4 2 27
5 6 47 1
5 7 1 6
5 8 15 23
5 9 150 1
5 10 1 2
5 13 1 10
5 16 13 20
5 17 1 19
5 18 3 21
5 19 27 1
5 23 7 4
5 24 12 2
6 0 107 1
6 1 19 1
6 2 1 9
6 3 50 7
6 4 250 24
6 5 8 12
6 7 93 1
6 8 13 4
6 9 4 16
6 10 325 1
6 11 331 1
6 14 155 1
6 15 100 1
6 16 1 11
6 17 242 2
6 18 1 26
6 24 22 6
6 25 36 5
7 1 1 18
7 2 211 1
7 3 8 1
7 5 32 1
7 6 159 1
7 8 12 6
7 9 249 2
7 10 368 1
7 11 19 1
7 12 12 1
7 13 105 2
7 15 5 3
7 16 21 5
7 18 4 10
7 25 2 11
7 27 11 1
8 0 11 21
8 1 13 22
8 2 12 29
8 3 15 1
8 4 291 1
8 5 12 29
8 6 22 24
8 7 53 1
8 9 213 28
8 10 8 12
8 11 1 16
8 14 193 1
8 15 1 26
8 16 12 6
8 17 1 27
8 18 1 29
8 19 38 4
8 20 2 19
8 22 1 17
8 24 181 4
8 25 21 4
8 27 1 8
9 0 13 1
9 1 104 1
9 3 79 8
9 4 23 1
9 5 105 4
9 6 3 25
9 8 379 1
9 10 8 22
9 11 1 14
9 12 3 12
9 14 19 1
9 15 6 20
9 17 62 3
9 21 35 1
9 22 1 20
9 25 61 2
10 0 253 2
10 1 2 18
10 2 1 11
10 4 171 1
10 5 27 1
10 6 6 13
10 7 86 14
10 8 108 4
10 9 5 28
10 11 43 1
10 12 11 2
10 14 5 26
10 15 2 2
10 17 18 2
10 19 8 8
10 22 8 20
10 23 3 24
10 24 153 1
10 25 4 2
11 0 24 2
11 1 1 25
11 2 5 20
11 6 1 4
11 7 97 3
11 8 316 1
11 9 226 1
11 10 1 15
11 12 116 3
11 13 162 2
11 14 2 15
11 15 270 1
11 20 202 4
11 22 3 10
11 23 62 1
11 24 9 26
11 25 267 1
11 27 2 19
12 1 1 23
12 5 1 12
12 7 91 2
12 8 271 1
12 9 81 1
12 10 1 1
12 11 184 1
12 13 100 1
12 14 1 2
12 21 5 19
13 4 33 18
13 8 174 2
13 9 87 1
13 10 1 9
13 11 12 1
13 12 90 1
13 14 1 15
13 18 3 1
13 21 2 2
13 22 1 2
13 24 21 1
13 25 15 15
14 2 20 5
14 3 1 25
14 4 88 3
14 6 3 16
14 7 16 1
14 8 277 2
14 10 2 15
14 11 1 13
14 12 4 3
14 13 1 16
14 15 3 28
14 22 5 3
14 23 20 3
15 1 53 1
15 3 1 3
15 8 5 19
15 10 1 15
15 11 29 1
15 12 1 15
15 14 65 1
15 16 12 7
15 23 12 5
15 25 22 2
16 0 12 5
16 1 13 6
16 2 2 2
16 3 12 21
16 5 12 25
16 7 21 9
16 8 12 15
16 18 172 1
16 24 12 6
17 0 1 2
17 1 20 1
17 4 7 4
17 5 34 26
17 8 1 12
17 9 1 5
17 10 207 2
17 14 3 5
17 18 52 23
17 19 1 22
17 22 9 14
18 1 17 14
18 4 100 1
18 5 68 3
18 6 178 14
18 7 4 1
18 9 76 1
18 10 41 1
18 16 63 1
18 24 11 8
19 0 1 4
19 3 5 2
19 4 1 20
19 6 1 7
19 10 1 11
19 20 1 13
20 1 92 2
20 3 107 1
20 7 1 24
20 8 1 10
20 15 1 9
20 17 54 1
20 18 14 2
20 19 3 18
20 22 5 15
20 26 6 25
21 0 16 6
21 1 65 1
21 10 90 4
21 11 1 16
22 10 11 2
22 11 45 1
22 15 1 12
22 21 1 15
23 6 2 23
23 7 156 3
23 8 3 23
23 9 12 7
23 11 219 1
23 12 1 20
23 14 31 26
23 20 1 27
23 21 17 1
24 0 121 18
24 1 13 10
24 3 13 6
24 5 12 8
24 6 105 2
24 8 12 19
24 11 20 1
24 15 2 1
24 16 41 24
24 25 2 7
24 26 1 11
25 0 3 1
25 4 1 17
25 5 3 23
25 6 1 27
25 7 33 1
25 9 61 5
25 11 1 28
25 12 1 3
25 13 3 3
25 14 32 7
25 17 85 8
25 20 1 19
25 24 22 8
25 27 11 6
26 2 1 12
26 7 1 14
26 10 6 1
26 11 45 1
26 19 1 26
27 1 28 4
27 5 32 2
27 11 1 1
27 26 4 26
