0 1 34 22
0 2 1 1
0 3 16 23
0 4 84 1
0 5 14 24
0 6 108 1
0 7 4 1
0 8 24 22
0 9 179 1
0 11 10 6
0 12 2 7
0 14 2 29
0 16 14 24
0 17 119 1
0 19 29 1
0 20 2 1
0 24 17 3
0 27 43 1
1 0 11 29
1 2 13 3
1 3 13 3
1 4 13 6
1 5 14 4
1 6 85 1
1 7 385 1
1 8 12 9
1 10 45 1
1 11 2 22
1 12 195 1
1 13 50 13
1 16 23 26
1 17 6 13
1 19 19 15
1 20 6 4
1 24 14 11
1 26 7 4
2 0 1 12
2 1 36 1
2 3 9 24
2 4 2 20
2 6 1 17
2 7 17 27
2 8 259 1
2 19 3 13
2 20 18 1
2 21 2 17
2 24 37 2
2 26 24 1
2 27 1 27
3 0 16 25
3 1 16 23
3 2 3 12
3 4 47 1
3 5 14 16
3 6 55 13
3 7 43 15
3 8 12 20
3 10 3 13
3 11 1 12
3 14 23 2
3 15 42 2
3 16 14 5
3 17 1 13
3 18 4 5
3 19 51 2
3 20 66 2
3 24 42 1
4 0 32 1
4 1 4 16
4 2 74 1
4 5 3 13
4 6 3 7
4 7 270 1
4 8 2 25
4 9 1 2
4 10 1 6
4 12 136 2
4 16 143 1
4 18 13 13
4 19 5 27
4 20 2 19
4 23 56 1
5 0 26 3
5 1 13 28
5 2 46 4
5 3 13 16
5 4 2 10
5 6 79 1
5 7 1 8
5 8 15 4
5 9 138 9
5 10 1 2
5 11 1 6
5 12 49 21
5 13 2 24
5 14 9 9
5 16 14 25
5 24 59 6
6 0 105 1
6 1 16 1
6 2 122 8
6 3 1 25
6 5 310 22
6 7 391 1
6 8 45 13
6 9 4 19
6 10 319 1
6 11 330 1
6 13 13 1
6 17 241 1
6 18 3 4
6 19 49 4
6 20 127 8
6 26 2 11
6 27 1 23
7 0 32 1
7 1 131 22
7 2 208 1
7 3 6 1
7 4 2 17
7 5 30 2
7 6 155 1
7 8 344 19
7 9 248 1
7 10 365 1
7 11 13 1
7 13 105 1
7 14 13 22
7 24 177 3
7 25 2 1
8 0 19 14
8 1 171 11
8 2 27 29
8 3 13 19
8 4 288 1
8 5 15 25
8 6 21 29
8 7 49 1
8 9 2 23
8 10 4 5
8 14 191 1
8 15 1 14
8 16 14 4
8 17 2 7
8 18 2 17
8 24 31 22
9 1 102 1
9 2 32 3
9 3 7 11
9 5 6 17
9 6 16 29
9 8 11 1
9 10 6 3
9 11 66 26
9 12 1 1
9 15 115 2
9 21 34 3
9 23 66 7
9 25 61 1
10 0 253 2
10 1 33 4
10 2 1 22
10 4 169 1
10 5 25 1
10 6 3 6
10 7 73 1
10 8 7 7
10 9 60 27
10 11 37 1
10 12 84 6
10 13 1 24
10 14 8 9
10 15 3 16
10 17 18 1
10 20 11 1
10 22 1 7
10 23 16 16
10 24 152 1
10 25 4 3
11 0 26 22
11 1 2 10
11 2 3 25
11 3 43 1
11 4 26 4
11 6 1 20
11 7 4 9
11 8 313 1
11 9 224 1
11 10 48 13
11 13 161 2
11 15 262 1
11 16 1 12
11 17 1 2
11 23 60 1
11 24 21 6
11 25 261 1
11 27 1 2
12 3 5 15
12 5 63 3
12 6 17 1
12 7 90 1
12 9 77 1
12 10 323 1
12 11 184 2
12 14 3 22
12 15 64 3
12 16 3 23
12 17 116 6
12 22 99 2
12 24 71 6
12 25 77 15
13 4 1 2
13 5 4 5
13 8 174 1
13 10 246 1
13 11 14 1
13 12 88 1
13 14 1 22
13 15 2 1
13 18 2 9
13 21 5 20
13 22 1 23
14 0 72 1
14 1 9 2
14 6 1 4
14 7 15 2
14 8 276 1
14 10 2 25
14 11 9 25
14 12 1 4
14 13 8 2
14 15 1 14
15 6 2 3
15 9 2 3
15 10 26 22
15 11 25 1
15 14 63 1
15 17 1 27
15 18 22 1
15 20 17 6
15 21 16 12
15 25 21 6
15 26 1 29
16 0 16 24
16 1 14 8
16 2 17 3
16 3 14 3
16 5 14 29
16 8 30 9
16 10 1 7
16 18 169 1
16 24 14 3
17 0 1 1
17 1 18 1
17 3 13 2
17 4 9 26
17 5 11 3
17 6 272 1
17 8 1 23
17 10 207 1
17 16 6 1
17 18 5 15
17 20 3 2
17 25 1 18
17 26 18 12
18 4 98 1
18 8 2 3
18 9 75 1
18 14 41 10
18 16 61 1
18 26 20 13
19 0 1 21
19 3 6 10
19 4 20 8
19 6 1 19
19 7 16 4
19 9 27 1
19 10 2 25
19 12 21 7
19 20 2 1
19 27 15 10
20 0 277 9
20 1 91 2
20 2 46 2
20 3 105 1
20 6 53 1
20 10 46 4
20 11 204 2
20 14 1 7
20 18 14 1
20 19 13 29
20 23 37 7
21 2 15 26
21 9 38 3
21 15 1 13
21 17 58 3
22 7 90 2
22 10 11 3
22 12 1 13
22 15 1 5
22 17 22 9
22 18 1 17
22 26 1 29
23 1 2 2
23 6 4 25
23 15 34 1
23 16 1 26
23 24 51 1
24 0 21 24
24 1 14 8
24 3 14 8
24 5 13 18
24 6 105 1
24 8 28 10
24 10 94 1
24 11 18 1
24 14 36 14
24 16 17 22
24 21 1 22
24 25 1 3
25 0 2 23
25 4 1 20
25 5 32 27
25 7 32 1
25 8 41 27
25 15 39 7
25 26 34 2
25 27 1 10
26 1 76 25
26 2 1 4
26 3 29 7
26 5 2 2
26 7 1 10
26 11 44 2
26 19 3 15
26 20 2 13
27 5 32 12
27 6 2 6
27 10 1 10
27 11 1 11
27 14 1 12
27 16 1 11
27 18 1 5
27 24 1 8
27 26 16 20
