0 1 315 4
0 2 5 7
0 3 33 1
0 5 1 13
0 6 363 1
0 7 270 1
0 8 19 1
0 14 1 28
0 16 18 3
0 17 318 1
0 19 1 5
0 20 196 1
0 24 37 14
0 25 82 1
1 0 31 1
1 2 13 5
1 3 357 1
1 4 329 12
1 5 9 1
1 6 2 14
1 7 295 13
1 8 24 1
1 9 177 1
1 10 275 1
1 11 2 21
1 12 1 1
1 14 1 22
1 16 262 2
1 17 18 1
1 18 43 1
1 19 1 23
1 20 103 2
1 24 10 1
2 0 1 23
2 1 174 1
2 3 5 24
2 5 1 8
2 6 260 1
2 7 1 24
2 8 2 9
2 9 49 1
2 10 213 1
2 14 1 21
2 15 12 2
2 18 1 4
2 21 1 11
2 26 22 27
3 0 423 1
3 1 47 1
3 2 246 1
3 4 198 2
3 5 67 1
3 6 2 1
3 8 120 1
3 11 117 1
3 14 49 1
3 18 1 4
3 19 2 23
3 20 238 3
3 23 20 10
3 24 430 1
4 0 300 1
4 1 324 1
4 3 142 2
4 5 152 1
4 6 1 13
4 7 2 6
4 9 68 1
4 10 1 12
4 12 245 1
4 13 77 18
4 17 35 1
4 18 154 1
4 20 2 23
5 0 25 6
5 1 91 1
5 3 36 4
5 6 178 1
5 8 22 9
5 9 26 1
5 10 308 1
5 11 25 2
5 12 4 29
5 18 1 12
5 20 2 4
5 24 335 1
6 0 361 1
6 1 418 2
6 4 7 15
6 5 52 21
6 7 8 2
6 8 14 5
6 9 348 1
6 10 2 14
6 11 2 2
6 13 76 4
6 14 1 1
6 15 147 1
6 16 1 5
6 20 2 26
6 21 15 9
6 26 1 9
7 0 1 15
7 1 1 14
7 2 8 2
7 3 2 19
7 5 251 1
7 6 1 25
7 8 95 1
7 9 1 20
7 10 2 12
7 11 12 23
7 14 18 1
7 15 324 1
7 16 61 1
7 17 2 4
7 18 1 1
7 19 23 1
7 22 1 20
7 24 2 21
7 25 140 1
7 26 50 1
7 27 93 1
8 0 40 1
8 1 13 27
8 2 354 1
8 3 355 1
8 4 10 20
8 5 37 1
8 6 42 26
8 7 8 25
8 9 3 1
8 10 20 18
8 11 307 1
8 13 1 22
8 14 1 13
8 16 47 5
8 19 103 3
8 25 1 18
9 0 108 2
9 3 2 21
9 4 303 1
9 5 3 15
9 6 245 1
9 7 15 1
9 8 6 21
9 10 297 1
9 11 1 17
9 12 1 27
9 15 3 5
9 17 155 1
9 18 67 1
9 19 5 5
9 23 85 2
9 24 31 2
10 0 258 11
10 1 2 27
10 2 139 1
10 5 360 1
10 6 111 1
10 7 248 2
10 8 362 1
10 9 269 1
10 11 5 29
10 12 103 10
10 13 172 1
10 14 89 1
10 15 2 1
10 16 59 2
10 17 101 1
10 25 125 1
10 26 1 4
10 27 1 28
11 0 2 13
11 1 1 11
11 2 1 16
11 3 2 7
11 4 125 1
11 7 25 28
11 8 1 28
11 10 54 9
11 12 203 1
11 13 1 6
11 14 247 1
11 15 3 1
11 18 1 3
11 20 237 1
11 24 100 1
11 25 10 16
11 26 1 28
11 27 13 3
12 0 28 1
12 1 1 24
12 4 219 28
12 5 1 7
12 6 201 1
12 9 2 17
12 10 2 6
12 13 4 18
12 14 19 2
12 15 116 1
13 0 74 20
13 1 7 1
13 8 3 18
13 10 2 16
13 11 19 2
13 12 196 10
13 15 27 3
13 18 1 21
14 7 4 17
14 8 1 10
14 10 228 1
14 11 145 1
14 13 13 2
14 25 2 10
15 6 2 26
15 7 263 1
15 8 12 23
15 10 17 2
15 11 5 20
15 13 1 24
15 16 21 2
15 23 1 16
16 0 7 3
16 1 27 10
16 3 1 19
16 5 74 1
16 8 399 1
16 10 1 3
16 17 301 1
16 18 223 15
16 24 8 1
16 26 24 11
17 0 1 29
17 1 153 1
17 2 135 1
17 4 29 1
17 5 1 27
17 6 306 12
17 7 178 1
17 11 172 2
17 12 1 13
17 16 349 1
17 18 3 19
17 19 2 26
17 22 1 18
17 27 64 27
18 0 159 6
18 1 1 16
18 3 1 29
18 4 2 12
18 6 2 2
18 7 41 2
18 11 137 29
18 22 1 18
19 0 240 1
19 1 91 2
19 6 2 10
19 7 88 1
19 8 10 7
19 20 160 1
19 27 16 24
20 0 144 2
20 1 216 1
20 7 12 1
20 8 21 1
20 10 125 2
20 12 74 1
20 15 1 16
20 19 351 1
20 21 10 20
20 24 1 17
21 3 4 28
21 7 1 29
21 12 1 3
21 14 7 1
21 16 9 8
22 4 34 2
22 11 141 2
22 14 29 1
22 20 43 6
22 27 1 22
23 1 78 28
23 6 1 28
23 10 113 2
23 11 2 3
23 15 1 13
24 0 21 1
24 1 423 1
24 3 343 4
24 4 1 4
24 5 7 3
24 7 101 1
24 8 46 1
24 11 4 2
24 16 53 1
25 3 29 1
25 4 19 5
25 7 304 1
25 10 1 14
25 12 1 25
25 26 53 11
26 6 65 2
26 8 3 4
26 10 33 6
26 27 126 2
27 1 55 9
27 2 30 13
27 9 3 25
27 19 15 19
27 25 1 8
27 26 2 6
