0 1 412 1
0 2 171 1
0 3 148 1
0 4 37 1
0 5 313 2
0 6 55 1
0 8 34 1
0 9 156 2
0 10 167 1
0 11 6 4
0 12 5 4
0 16 83 1
0 17 73 1
0 22 39 2
0 24 19 1
0 27 36 9
1 0 39 8
1 2 57 1
1 3 286 1
1 4 3 14
1 5 124 1
1 7 358 1
1 8 296 18
1 9 1 7
1 10 16 1
1 12 181 3
1 15 47 1
1 16 276 1
1 17 280 7
1 18 1 25
1 24 177 1
2 1 46 18
2 3 55 28
2 4 3 14
2 6 1 22
2 7 353 2
2 8 125 1
2 19 1 7
2 23 1 3
3 0 150 22
3 1 204 1
3 2 1 6
3 5 32 1
3 6 1 10
3 7 382 1
3 8 320 1
3 10 1 10
3 11 2 7
3 12 79 3
3 13 6 23
3 16 38 12
3 17 1 20
3 18 1 28
3 19 42 1
3 20 31 1
3 24 29 2
3 26 36 7
3 27 1 29
4 1 8 19
4 2 33 1
4 5 3 4
4 6 2 9
4 7 17 2
4 8 3 28
4 9 8 19
4 10 216 15
4 12 105 1
4 16 116 2
4 17 1 27
4 18 2 17
4 21 1 6
4 22 1 28
4 23 51 1
5 0 27 2
5 1 33 5
5 2 28 2
5 3 93 1
5 4 3 5
5 6 70 17
5 7 1 24
5 8 124 1
5 9 3 1
5 10 1 2
5 11 1 28
5 13 1 19
5 14 6 16
5 15 4 15
5 16 237 3
5 24 21 1
5 25 1 2
5 27 1 27
6 0 52 1
6 1 2 15
6 2 1 10
6 3 2 7
6 4 2 1
6 5 237 1
6 7 344 1
6 8 19 6
6 9 4 5
6 10 149 1
6 11 294 1
6 12 219 1
6 14 126 1
6 15 82 4
6 16 1 3
6 17 196 1
6 19 36 1
6 20 1 22
7 0 324 1
7 1 160 4
7 2 117 1
7 3 1 2
7 4 1 10
7 6 87 1
7 8 73 4
7 9 209 1
7 10 270 1
7 11 30 21
7 14 1 24
7 16 14 8
7 17 221 6
7 18 45 22
7 19 3 28
7 20 6 2
7 24 83 1
7 25 1 9
8 0 423 1
8 1 61 1
8 2 1 13
8 3 289 3
8 4 246 1
8 5 3 12
8 6 126 1
8 7 1 11
8 9 74 13
8 10 16 7
8 11 18 2
8 14 130 1
8 15 3 1
8 16 1 12
8 18 19 22
8 19 26 1
8 20 1 26
8 21 67 5
8 24 233 2
8 25 189 2
8 27 8 19
9 0 3 8
9 1 54 1
9 2 15 1
9 5 5 1
9 6 5 26
9 7 1 23
9 8 73 1
9 10 26 28
9 11 3 7
9 12 1 1
9 13 37 11
9 17 43 3
9 19 1 17
9 22 5 11
9 25 50 1
9 26 57 22
9 27 19 1
10 1 40 24
10 2 8 7
10 3 1 8
10 4 118 1
10 6 90 23
10 7 35 1
10 8 8 25
10 9 5 28
10 11 238 1
10 12 2 25
10 13 1 15
10 14 7 23
10 15 16 14
10 17 8 1
10 18 8 21
10 19 1 26
10 21 58 5
10 22 1 12
10 23 3 12
10 24 128 1
11 0 1 19
11 1 41 12
11 3 296 1
11 6 2 22
11 7 5 3
11 8 201 1
11 9 172 2
11 10 375 1
11 12 94 1
11 13 124 2
11 14 4 19
11 15 156 1
11 17 2 1
11 20 184 1
11 23 26 1
11 24 82 5
11 25 23 1
11 26 1 25
11 27 12 23
12 1 1 29
12 3 1 25
12 5 28 12
12 7 72 2
12 9 10 2
12 11 165 1
12 13 48 1
12 14 1 15
12 17 107 2
12 20 81 1
12 21 99 25
12 22 82 3
12 23 46 2
12 24 68 2
13 2 17 24
13 8 151 2
13 9 72 2
13 10 192 1
13 11 1 9
13 14 1 1
13 18 3 20
14 3 1 18
14 6 1 23
14 7 224 1
14 8 236 1
14 9 55 1
14 10 3 17
14 11 12 19
14 13 52 1
14 15 4 26
14 20 1 1
15 2 6 13
15 7 10 12
15 8 1 28
15 9 1 10
15 10 1 23
15 11 5 9
15 14 11 1
15 17 40 7
15 20 12 1
15 22 1 2
15 24 34 2
16 0 166 1
16 1 54 25
16 3 66 1
16 5 63 8
16 7 1 22
16 8 63 1
16 17 3 4
16 18 94 1
16 24 236 1
16 26 17 27
17 0 314 2
17 4 1 23
17 5 6 28
17 6 232 1
17 8 2 5
17 9 2 8
17 10 189 1
17 12 1 4
17 14 66 16
17 15 17 2
17 16 1 29
17 18 1 13
17 22 47 11
18 4 32 1
18 5 49 2
18 6 6 2
18 9 55 1
18 10 27 3
18 13 28 2
18 14 38 2
18 16 13 1
18 17 1 3
19 0 1 20
19 3 9 12
19 6 14 6
19 7 7 1
19 10 1 18
19 12 17 1
19 16 2 9
19 17 37 11
19 20 135 1
19 26 1 25
20 0 45 3
20 1 64 1
20 3 63 1
20 4 5 16
20 7 6 11
20 8 1 24
20 10 32 3
20 13 44 14
20 14 1 6
20 18 10 2
20 19 3 5
20 24 48 29
20 26 1 14
20 27 39 5
21 8 39 2
21 9 30 9
21 10 83 2
21 12 1 23
21 13 15 2
21 16 1 2
22 2 1 18
22 6 39 7
22 8 10 3
22 17 24 19
22 24 22 1
23 5 1 1
23 11 177 1
23 17 2 6
23 24 38 3
24 0 224 1
24 1 21 15
24 3 181 1
24 4 2 21
24 5 57 6
24 7 1 17
24 8 163 4
24 10 69 1
24 11 290 1
24 16 24 1
24 26 19 18
24 27 29 19
25 2 15 1
25 4 49 14
25 7 3 4
25 9 49 5
25 10 4 1
25 11 53 1
25 12 2 9
25 13 3 28
25 14 26 1
25 15 32 1
25 16 3 7
25 21 1 21
25 27 1 7
26 7 1 8
26 12 20 27
26 19 1 28
26 24 3 20
26 27 1 29
27 0 24 2
27 3 1 24
27 11 1 17
27 12 26 9
27 26 75 2
