0 1 388 1
0 2 178 1
0 3 132 21
0 4 35 1
0 5 296 2
0 6 53 1
0 8 1 10
0 9 156 1
0 10 166 1
0 13 57 7
0 16 47 13
0 17 71 2
0 18 1 3
0 22 39 9
0 24 147 1
0 26 1 17
1 0 17 1
1 2 10 28
1 3 253 1
1 4 126 4
1 5 87 1
1 7 356 1
1 8 18 2
1 13 1 4
1 16 33 1
1 17 2 22
1 19 1 29
1 21 41 6
1 22 1 26
1 24 142 1
1 27 1 14
2 0 1 27
2 1 107 1
2 3 42 11
2 4 67 16
2 5 29 1
2 6 3 12
2 7 352 1
2 8 192 1
2 11 1 13
3 0 160 1
3 1 348 1
3 2 1 29
3 4 21 3
3 5 91 1
3 6 3 19
3 7 377 1
3 8 365 1
3 10 1 26
3 11 1 14
3 14 16 2
3 16 182 1
3 17 3 9
3 18 77 2
3 20 30 1
3 24 55 1
4 0 5 1
4 1 3 9
4 2 32 1
4 5 63 29
4 7 16 2
4 8 69 26
4 9 9 11
4 10 1 21
4 12 104 1
4 16 115 1
4 17 1 17
4 18 4 25
4 27 52 5
5 0 9 25
5 1 50 1
5 2 28 1
5 3 306 1
5 4 52 18
5 6 17 18
5 8 103 1
5 10 2 18
5 11 15 23
5 12 143 1
5 14 1 11
5 16 113 3
5 20 106 2
5 24 152 6
5 25 1 12
5 26 7 22
6 0 51 1
6 1 1 5
6 2 12 23
6 3 59 14
6 5 212 1
6 7 340 1
6 8 18 1
6 9 44 12
6 10 144 1
6 11 292 2
6 12 217 2
6 13 5 2
6 16 1 11
6 17 194 2
6 18 2 14
6 19 35 3
6 25 15 6
7 0 322 1
7 1 16 17
7 2 114 1
7 3 3 1
7 6 83 1
7 8 1 19
7 10 267 1
7 11 8 17
7 13 82 1
7 14 1 27
7 15 1 21
7 18 61 8
7 19 1 5
7 20 6 1
7 25 1 23
8 0 394 1
8 1 346 1
8 2 35 5
8 3 16 28
8 4 243 1
8 5 285 1
8 6 441 1
8 7 1 24
8 9 444 18
8 10 9 22
8 11 22 2
8 13 166 1
8 14 128 1
8 15 41 6
8 16 45 5
8 19 25 3
8 20 1 2
8 22 1 21
8 24 222 1
8 25 189 2
8 27 1 5
9 1 53 1
9 3 1 3
9 5 1 23
9 6 2 4
9 7 4 24
9 8 69 1
9 10 5 16
9 12 2 1
9 13 1 27
9 22 1 22
9 23 59 6
9 25 49 1
9 26 4 19
9 27 18 4
10 0 232 2
10 2 1 19
10 4 116 1
10 6 3 4
10 7 33 1
10 8 8 19
10 9 22 6
10 11 232 1
10 14 3 18
10 15 4 25
10 16 16 1
10 19 1 29
10 22 5 4
10 24 127 1
11 0 3 20
11 1 23 12
11 2 2 8
11 3 294 1
11 6 32 17
11 7 4 2
11 8 197 1
11 9 171 1
11 10 373 7
11 13 123 1
11 14 5 29
11 15 145 1
11 17 2 2
11 19 1 23
11 20 183 2
11 23 25 2
11 24 33 1
11 25 16 1
11 26 73 23
11 27 11 6
12 3 1 11
12 6 2 1
12 7 71 1
12 8 247 1
12 9 9 1
12 10 280 1
12 13 46 1
12 15 49 1
12 17 106 4
12 23 46 1
12 24 68 1
12 26 1 7
13 1 1 2
13 6 3 2
13 7 1 15
13 8 151 1
13 9 71 3
13 10 190 1
13 11 1 27
13 12 38 1
13 18 1 7
13 21 1 22
14 4 74 1
14 5 11 5
14 6 1 24
14 8 234 1
14 9 54 1
14 10 14 21
14 11 2 25
14 12 104 27
14 13 51 1
14 15 1 11
14 16 42 5
14 21 2 3
14 25 6 1
15 0 70 1
15 3 48 4
15 4 2 15
15 7 5 4
15 8 12 9
15 9 3 26
15 10 1 17
15 11 3 3
15 12 2 18
15 14 10 2
15 16 10 2
15 17 2 10
15 22 1 28
15 23 3 2
15 24 34 4
16 0 137 1
16 1 38 1
16 3 65 1
16 5 102 1
16 8 28 1
16 17 1 25
16 18 91 1
16 20 1 18
16 24 200 1
17 0 313 1
17 3 2 3
17 4 3 28
17 6 230 1
17 7 44 3
17 8 227 27
17 9 1 25
17 11 77 1
17 12 17 25
17 15 17 2
17 18 2 27
17 19 1 8
17 23 68 3
18 1 3 21
18 3 2 6
18 4 255 1
18 5 48 1
18 6 6 3
18 11 137 2
18 13 27 19
18 14 38 2
18 15 2 9
18 16 12 1
18 23 1 11
19 0 1 29
19 3 1 1
19 4 2 7
19 6 1 28
19 9 20 7
19 10 3 10
19 11 2 29
19 17 1 21
19 20 134 1
20 1 63 3
20 4 2 26
20 6 36 5
20 7 1 13
20 8 2 15
20 11 186 2
20 12 38 1
20 17 40 4
20 18 9 3
20 19 3 14
20 24 1 22
20 25 1 24
21 8 38 4
21 10 83 2
21 12 3 15
21 13 14 16
21 16 1 22
21 22 3 7
22 3 1 8
22 4 8 3
22 11 26 2
22 18 1 28
22 21 5 21
23 4 1 3
23 9 73 4
23 10 9 1
23 11 175 1
23 12 3 9
23 14 30 2
23 15 24 1
23 22 19 2
23 26 2 27
24 0 188 1
24 1 197 1
24 3 145 1
24 5 107 8
24 7 1 6
24 8 78 1
24 11 287 1
24 16 6 8
24 23 39 2
24 25 11 8
25 1 92 3
25 2 15 1
25 4 3 8
25 8 2 10
25 11 48 1
25 12 43 16
25 13 2 16
25 15 31 3
25 18 30 1
25 20 1 26
26 2 22 4
26 4 7 19
26 5 1 14
26 12 1 12
26 19 3 19
26 20 1 2
26 25 3 9
26 27 1 12
27 0 24 9
27 2 20 4
27 4 1 9
27 6 4 9
27 7 36 3
27 11 2 19
27 26 74 1
