0 1 397 2
0 2 151 1
0 3 102 1
0 4 22 2
0 5 118 1
0 6 37 2
0 8 20 1
0 10 154 1
0 11 1 11
0 14 1 2
0 16 8 2
0 17 56 2
0 20 1 2
0 24 56 1
1 0 11 1
1 2 14 15
1 3 174 1
1 4 102 14
1 5 295 1
1 6 1 28
1 7 337 1
1 8 74 1
1 16 85 1
1 17 1 17
1 18 1 9
1 19 4 11
1 21 39 8
1 24 88 1
1 27 4 23
2 1 210 1
2 3 37 1
2 4 1 18
2 6 4 16
2 7 328 1
2 8 107 1
2 9 1 21
2 10 1 16
2 11 3 26
2 13 1 6
2 25 8 1
3 0 36 1
3 1 19 1
3 2 4 25
3 4 14 1
3 5 22 1
3 7 14 1
3 8 99 1
3 10 1 3
3 11 1 22
3 12 76 2
3 16 16 3
3 17 1 26
3 20 20 1
3 24 62 1
4 1 5 4
4 2 20 2
4 5 35 1
4 6 385 16
4 8 3 5
4 9 8 22
4 17 13 29
4 18 17 28
4 23 48 8
5 0 34 1
5 1 80 1
5 2 21 1
5 3 41 18
5 4 34 27
5 6 17 1
5 7 6 2
5 8 102 1
5 9 2 28
5 10 3 15
5 11 15 25
5 12 45 2
5 16 55 1
5 23 8 24
5 24 67 1
6 0 35 2
6 1 2 27
6 2 11 2
6 4 216 1
6 5 65 1
6 7 8 3
6 8 9 10
6 9 65 23
6 10 92 1
6 11 272 1
6 12 201 1
6 14 113 1
6 15 75 1
6 16 2 1
6 17 177 1
6 18 6 10
6 24 11 1
6 27 1 2
7 0 295 1
7 2 84 1
7 3 2 29
7 4 10 28
7 6 75 1
7 8 234 21
7 9 192 1
7 10 230 1
7 11 43 11
7 13 74 1
7 15 4 8
7 16 12 4
7 20 264 2
7 21 1 20
7 22 8 1
7 23 161 3
7 24 166 1
7 25 49 27
7 27 1 1
8 0 217 1
8 1 340 1
8 2 2 25
8 3 11 2
8 4 206 1
8 5 122 11
8 6 41 9
8 7 8 29
8 9 2 1
8 10 8 24
8 11 10 28
8 13 157 1
8 14 106 1
8 16 47 1
8 17 1 14
8 18 1 26
8 19 21 5
8 20 2 22
8 24 30 1
8 26 1 4
9 1 38 1
9 4 1 14
9 5 195 1
9 6 1 19
9 7 4 25
9 8 38 1
9 10 5 11
9 11 6 9
9 12 286 1
9 15 104 2
9 17 37 1
9 21 24 7
9 22 1 19
9 25 45 1
9 27 17 1
10 0 223 1
10 2 1 8
10 3 1 1
10 4 98 1
10 6 4 1
10 7 20 1
10 8 115 14
10 9 16 11
10 11 170 1
10 12 2 23
10 13 2 24
10 14 122 11
10 15 16 22
10 22 1 29
10 24 118 1
10 26 7 15
11 0 1 19
11 3 19 1
11 6 2 19
11 7 20 6
11 8 158 1
11 9 151 1
11 10 36 9
11 13 109 1
11 14 12 10
11 15 77 1
11 18 143 1
11 19 1 20
11 22 1 9
11 23 16 1
11 24 6 3
11 25 130 1
11 26 74 5
11 27 3 19
12 3 1 9
12 7 65 1
12 8 237 1
12 10 262 1
12 11 157 1
12 14 1 18
12 15 44 1
12 18 1 3
12 20 78 9
12 21 99 10
12 22 75 1
12 27 1 16
13 3 5 13
13 9 65 1
13 10 167 1
13 12 24 1
13 14 40 1
14 3 19 14
14 5 1 20
14 6 80 9
14 7 211 1
14 8 214 1
14 9 43 1
14 10 57 19
14 11 31 2
14 24 4 25
14 25 35 17
15 1 37 1
15 4 3 18
15 7 4 28
15 10 10 12
15 11 12 29
15 13 11 7
15 22 1 27
15 24 31 8
16 0 33 1
16 1 45 1
16 3 29 1
16 5 11 13
16 7 10 27
16 8 96 1
16 11 99 1
16 17 3 20
16 18 66 1
16 24 26 1
17 1 2 6
17 2 1 1
17 4 14 20
17 5 1 22
17 6 213 1
17 7 37 1
17 10 181 2
17 11 71 1
17 16 1 27
17 22 1 24
18 0 80 3
18 2 1 6
18 4 13 24
18 5 41 2
18 9 48 1
18 14 37 1
18 21 18 7
19 0 13 2
19 1 1 3
19 3 1 5
19 7 4 10
19 17 37 5
19 18 48 26
19 20 434 1
19 25 16 28
19 26 1 1
19 27 14 25
20 0 58 2
20 2 18 2
20 5 20 1
20 7 2 2
20 11 179 1
20 19 5 9
20 23 32 1
21 9 28 1
21 10 80 4
21 12 7 21
21 23 1 7
22 3 1 1
22 4 7 2
22 7 70 1
22 8 8 1
22 9 82 1
22 11 21 1
22 17 1 10
23 0 4 20
23 8 8 1
23 11 158 1
23 12 2 28
23 14 27 7
23 22 17 1
23 24 32 3
23 26 21 5
24 0 107 1
24 1 91 1
24 3 29 1
24 5 28 1
24 6 90 2
24 7 5 23
24 8 101 1
24 10 59 1
24 11 251 1
24 16 45 1
24 17 1 3
24 26 20 18
25 9 45 2
25 11 331 1
25 12 4 15
25 15 28 2
25 17 81 8
25 22 6 25
25 26 23 2
26 1 75 5
26 6 35 4
26 7 1 15
26 11 25 1
26 20 2 29
26 24 1 17
27 0 22 2
27 7 30 1
27 10 7 7
27 11 1 27
27 17 52 4
27 20 1 4
27 24 1 5
27 25 52 1
27 26 63 1
