0 1 3 26
0 2 142 1
0 3 260 1
0 5 22 1
0 7 1 23
0 8 41 2
0 9 144 1
0 11 1 27
0 12 1 7
0 16 6 11
0 17 52 1
0 19 1 24
0 20 1 26
0 24 25 16
1 0 1 2
1 2 122 19
1 3 151 1
1 4 3 10
1 5 257 1
1 6 1 22
1 7 331 1
1 8 32 24
1 9 5 13
1 12 173 1
1 16 21 3
1 17 1 13
1 18 1 26
1 19 35 7
1 22 9 1
1 24 56 1
1 25 57 5
2 1 182 1
2 3 37 1
2 4 1 11
2 5 20 4
2 6 1 13
2 7 319 1
2 8 83 1
2 9 1 9
2 10 5 19
2 12 7 17
2 17 1 14
2 26 1 6
3 0 271 1
3 2 4 9
3 4 12 3
3 5 65 24
3 6 3 19
3 7 344 2
3 8 54 1
3 10 1 9
3 11 21 10
3 16 10 14
3 17 1 13
3 20 17 3
3 24 34 1
3 26 35 1
3 27 4 19
4 1 20 5
4 2 17 2
4 5 9 22
4 6 2 11
4 8 1 26
4 9 1 2
4 10 8 16
4 12 89 2
4 14 2 19
4 17 5 2
4 18 24 9
4 21 3 25
4 26 61 7
5 0 9 26
5 1 1 1
5 2 19 4
5 3 18 1
5 4 4 19
5 6 16 11
5 7 9 9
5 8 32 1
5 9 3 23
5 10 1 13
5 12 42 1
5 14 1 17
5 16 24 20
5 24 36 20
6 0 31 1
6 1 2 20
6 2 7 27
6 3 1 1
6 4 203 11
6 5 138 1
6 7 320 1
6 8 6 11
6 9 116 13
6 10 79 1
6 11 265 1
6 12 195 2
6 15 73 1
6 16 1 26
6 17 171 1
6 19 29 4
6 27 1 29
7 0 287 1
7 1 5 8
7 2 75 1
7 3 13 28
7 6 61 1
7 8 14 1
7 9 187 1
7 10 219 1
7 11 34 26
7 14 1 24
7 15 7 24
7 16 11 12
7 18 1 28
7 20 262 1
7 23 159 1
7 24 77 2
7 25 2 9
8 0 179 1
8 1 295 1
8 2 118 2
8 4 195 1
8 5 132 1
8 6 264 1
8 7 2 27
8 10 16 6
8 11 1 24
8 14 100 1
8 16 18 4
8 17 1 19
8 18 1 14
8 23 1 9
8 24 141 1
8 25 182 2
9 0 1 1
9 1 34 1
9 3 24 21
9 4 1 26
9 5 148 1
9 6 2 16
9 7 1 14
9 8 24 5
9 10 212 12
9 11 5 8
9 12 11 10
9 13 5 11
9 15 103 1
9 17 35 1
9 21 24 1
9 23 56 1
9 25 44 2
10 0 220 1
10 2 4 29
10 3 1 4
10 4 93 1
10 6 2 19
10 7 13 1
10 8 239 2
10 9 7 13
10 11 152 1
10 12 7 12
10 13 2 21
10 14 3 14
10 15 3 24
10 18 1 8
10 19 1 7
10 22 1 15
10 23 2 6
10 24 115 1
11 1 2 1
11 2 8 9
11 3 269 1
11 6 1 6
11 7 30 1
11 8 146 1
11 9 145 1
11 10 156 1
11 12 83 1
11 13 104 1
11 14 1 2
11 15 36 1
11 19 1 5
11 20 173 1
11 22 2 22
11 23 13 2
11 24 13 7
11 25 111 1
11 27 1 21
12 3 1 2
12 4 209 1
12 8 233 3
12 10 256 1
12 11 155 1
12 14 17 3
12 17 101 6
12 21 1 17
12 22 73 1
12 23 40 5
12 24 65 4
12 27 1 14
13 1 1 29
13 3 1 8
13 10 160 1
13 11 1 2
13 12 20 1
13 14 37 1
13 21 5 27
13 24 18 3
14 3 1 9
14 5 42 25
14 6 8 24
14 7 212 2
14 8 207 1
14 10 3 8
14 11 3 27
14 12 1 14
14 13 30 1
14 16 41 5
14 23 9 3
15 2 6 26
15 7 10 22
15 8 136 19
15 9 2 25
15 10 1 9
15 11 7 17
15 13 11 2
15 22 2 3
15 25 8 3
16 0 1 12
16 1 12 1
16 3 20 10
16 5 24 1
16 7 9 5
16 8 72 13
16 10 1 19
16 17 2 24
16 18 59 1
16 20 1 7
16 24 1 22
16 26 17 5
17 0 299 1
17 1 1 12
17 4 5 21
17 5 28 7
17 6 208 1
17 7 35 2
17 8 2 13
17 9 1 23
17 11 69 2
17 18 133 12
17 19 13 13
17 22 1 22
17 27 1 10
18 0 78 2
18 2 1 1
18 4 222 1
18 5 39 4
18 6 3 10
18 8 2 14
18 9 45 4
18 11 134 7
18 16 1 1
18 17 3 4
18 19 2 18
18 21 18 19
18 25 36 23
19 0 2 9
19 9 18 1
19 17 5 14
19 20 421 1
19 26 5 17
20 0 55 2
20 1 51 1
20 2 16 3
20 4 1 23
20 6 30 1
20 7 1 20
20 11 176 2
20 12 36 1
20 14 1 21
20 18 8 1
20 19 244 4
20 21 3 3
20 23 31 1
20 25 1 7
21 4 8 9
21 7 3 10
21 8 35 10
21 17 1 23
21 24 10 7
22 0 1 20
22 2 1 18
22 4 7 2
22 12 1 17
22 18 1 6
22 25 1 13
23 6 1 19
23 9 3 4
23 10 4 6
23 11 153 1
23 12 6 21
23 14 26 5
23 15 18 1
23 21 20 19
23 24 31 2
23 26 2 7
24 1 107 11
24 2 11 4
24 3 1 13
24 4 95 1
24 6 89 1
24 7 1 21
24 8 72 17
24 11 239 1
24 14 29 3
24 16 6 1
24 17 4 18
24 22 1 3
24 23 33 1
24 25 2 19
24 26 1 10
25 1 88 1
25 2 13 1
25 8 1 24
25 9 44 1
25 11 86 1
25 16 3 5
26 3 33 24
26 9 1 7
26 11 23 2
26 12 7 4
26 19 1 10
26 24 2 12
26 27 4 9
27 10 8 16
27 11 1 22
27 17 51 3
27 18 1 28
27 19 11 1
27 26 58 1
