0 1 122 25
0 2 69 1
0 3 35 17
0 5 373 1
0 6 4 2
0 7 1 6
0 8 61 8
0 9 116 2
0 10 118 1
0 11 2 14
0 13 50 1
0 14 58 18
0 16 22 1
0 18 1 4
0 19 1 21
0 20 1 24
0 23 72 2
0 24 200 1
0 26 10 9
0 27 27 4
1 0 123 1
1 2 36 25
1 3 211 1
1 4 1 2
1 5 97 4
1 6 3 20
1 7 267 1
1 8 26 1
1 9 1 18
1 12 153 1
1 15 30 2
1 16 110 1
1 17 118 2
1 18 3 9
1 19 4 15
1 21 34 8
1 22 1 26
1 23 45 3
1 24 5 14
2 0 101 1
2 1 20 1
2 3 38 1
2 5 6 2
2 6 17 7
2 7 228 1
2 8 10 1
2 10 22 8
2 11 1 4
2 13 2 7
2 16 71 5
2 18 1 18
2 26 2 21
3 0 56 12
3 1 35 16
3 2 67 21
3 4 1 1
3 5 15 2
3 6 1 3
3 7 171 1
3 8 19 1
3 11 132 9
3 16 189 14
3 17 42 27
3 20 1 4
3 24 13 15
3 25 28 4
3 27 5 7
4 0 2 8
4 1 2 29
4 5 2 15
4 6 193 1
4 7 229 1
4 8 202 13
4 9 321 25
4 11 1 19
4 12 58 1
4 16 73 2
4 17 1 9
4 18 3 26
4 21 60 29
4 22 10 18
5 0 32 12
5 1 11 20
5 3 41 1
5 4 12 11
5 6 35 5
5 8 22 10
5 9 6 14
5 10 1 1
5 11 1 3
5 16 105 1
5 17 153 4
5 18 121 2
5 24 34 8
6 1 25 3
6 2 288 1
6 4 232 1
6 5 20 19
6 7 182 1
6 8 171 23
6 9 10 19
6 11 199 1
6 12 145 1
6 14 77 1
6 17 120 1
6 20 8 17
7 0 205 1
7 1 1 15
7 3 25 12
7 4 2 3
7 6 66 1
7 8 194 3
7 9 140 1
7 10 122 1
7 11 42 12
7 13 49 2
7 15 6 12
7 17 13 27
7 20 234 1
7 21 2 28
7 25 25 7
8 0 66 1
8 1 425 1
8 2 110 1
8 3 52 1
8 4 101 1
8 5 12 9
8 6 144 1
8 7 55 1
8 9 55 1
8 10 16 29
8 11 2 24
8 14 45 1
8 15 3 7
8 16 57 4
8 17 78 9
8 18 2 1
8 19 10 4
8 20 1 17
8 21 58 2
8 24 15 2
8 25 162 3
8 27 9 18
9 1 6 3
9 4 5 15
9 5 58 1
9 6 250 1
9 7 1 26
9 8 220 1
9 10 40 16
9 11 1 16
9 12 107 1
9 13 1 22
9 15 86 1
9 16 114 9
9 17 19 2
9 23 47 1
9 26 1 20
9 27 11 4
10 1 66 1
10 2 1 21
10 3 1 8
10 5 5 27
10 6 66 6
10 8 10 1
10 9 13 1
10 11 28 1
10 12 87 3
10 13 1 22
10 14 4 3
10 18 1 7
10 22 1 1
10 23 1 1
10 24 87 1
10 25 1 24
11 0 2 8
11 3 210 1
11 6 1 14
11 7 23 5
11 8 55 1
11 9 91 1
11 10 314 1
11 12 60 1
11 13 65 1
11 14 43 13
11 15 1 15
11 16 10 28
11 19 1 24
11 20 150 1
11 22 3 20
11 24 3 20
11 25 3 1
11 26 1 15
11 27 1 29
12 0 1 8
12 3 5 2
12 4 180 2
12 5 73 1
12 8 199 1
12 9 1 2
12 10 198 1
12 13 1 6
12 14 42 12
12 15 28 1
12 22 53 1
12 23 30 1
13 1 1 4
13 3 8 9
13 4 3 26
13 7 1 5
13 8 108 2
13 9 47 1
13 10 94 1
13 14 23 1
13 22 5 1
14 2 6 2
14 6 1 2
14 7 171 2
14 8 142 1
14 10 10 26
14 11 2 29
14 12 3 20
14 13 1 1
14 15 13 1
14 23 4 1
14 26 1 12
15 0 51 5
15 6 127 8
15 7 74 4
15 8 12 4
15 10 168 11
15 11 26 23
15 12 3 19
15 14 1 16
15 17 3 5
15 22 1 23
15 23 1 18
15 24 23 1
16 0 29 1
16 1 73 21
16 3 23 15
16 5 4 9
16 8 112 1
16 10 132 27
16 17 1 23
16 20 2 9
16 24 4 1
17 0 258 1
17 1 10 25
17 2 1 12
17 4 1 27
17 5 15 11
17 6 157 1
17 8 3 20
17 12 2 1
17 13 1 6
17 14 6 12
17 16 3 5
17 18 1 3
18 0 60 2
18 4 126 1
18 5 22 2
18 9 27 4
18 10 11 3
18 12 88 24
18 16 4 6
18 17 6 17
18 19 2 17
19 0 37 7
19 2 8 26
19 8 2 7
19 16 1 9
19 20 236 1
19 24 16 23
20 0 37 1
20 1 28 1
20 2 4 2
20 4 7 22
20 5 12 1
20 7 3 17
20 8 1 23
20 10 14 3
20 11 153 2
20 19 10 6
20 22 1 21
20 23 26 14
20 25 1 11
20 26 2 1
21 7 3 24
21 8 29 4
21 10 71 1
21 12 8 21
21 16 1 13
22 4 4 3
22 6 26 4
22 7 53 1
22 8 2 1
22 15 1 2
22 17 1 15
22 18 3 11
22 19 3 17
22 21 3 21
22 25 7 29
23 0 28 5
23 1 77 15
23 7 92 2
23 8 41 29
23 14 19 1
23 15 6 4
23 19 7 2
23 20 10 6
23 26 1 10
24 0 100 18
24 1 118 19
24 3 32 1
24 5 158 1
24 6 76 1
24 7 1 2
24 8 158 1
24 11 131 1
24 14 24 1
24 16 69 1
24 17 3 22
24 18 28 12
24 23 17 3
24 25 9 9
25 3 1 29
25 6 1 27
25 7 1 21
25 8 1 26
25 11 196 1
25 24 5 10
26 6 29 2
26 11 12 2
26 21 1 25
26 24 1 13
26 27 4 20
27 11 1 2
27 14 1 7
27 20 1 25
27 24 1 16
27 25 24 1
27 26 19 2
