0 1 19 7
0 2 55 2
0 3 103 24
0 5 7 20
0 7 2 18
0 8 63 1
0 9 110 1
0 10 111 1
0 11 5 22
0 12 1 15
0 16 194 1
0 18 2 27
0 19 2 25
0 20 6 22
0 24 138 1
1 0 381 1
1 2 138 1
1 3 202 1
1 4 6 7
1 5 24 1
1 6 31 3
1 7 252 1
1 8 250 1
1 9 1 24
1 11 275 1
1 14 112 2
1 16 164 1
1 17 433 2
1 18 1 10
1 21 33 13
1 22 3 29
1 24 12 20
1 25 43 5
2 0 1 1
2 1 2 1
2 3 8 1
2 6 2 26
2 7 207 1
2 8 1 1
2 10 4 11
2 11 16 22
2 17 4 25
2 19 1 13
3 0 13 15
3 1 324 2
3 2 1 12
3 5 110 1
3 6 1 14
3 7 134 1
3 8 199 1
3 9 140 1
3 10 183 29
3 11 1 17
3 16 170 5
3 17 1 3
3 24 161 1
3 25 27 1
3 26 33 1
3 27 6 19
4 1 229 1
4 3 2 9
4 5 66 11
4 6 241 1
4 8 87 23
4 9 1 1
4 12 52 1
4 15 40 1
4 16 67 1
4 18 160 4
4 19 118 1
4 20 163 1
4 23 41 7
4 24 2 25
4 25 1 23
5 0 123 1
5 1 168 1
5 3 144 3
5 4 2 23
5 6 105 1
5 8 54 1
5 9 82 2
5 10 4 28
5 11 23 21
5 12 133 1
5 16 24 1
5 17 2 28
5 18 120 1
5 24 116 1
5 25 10 21
6 0 1 2
6 1 102 7
6 2 271 1
6 4 195 1
6 5 167 9
6 7 155 1
6 8 213 1
6 9 9 21
6 11 184 1
6 12 134 1
6 14 70 1
6 17 110 1
6 19 15 4
6 25 3 27
7 0 187 1
7 2 8 1
7 3 53 27
7 4 2 29
7 5 1 6
7 6 10 26
7 8 143 17
7 9 130 2
7 10 103 1
7 11 7 11
7 12 10 1
7 13 45 2
7 14 1 27
7 15 4 18
7 18 1 10
7 19 14 28
7 20 227 1
7 23 129 3
7 24 131 1
7 25 3 13
8 0 337 1
8 1 56 1
8 2 65 1
8 3 10 3
8 4 83 1
8 5 10 18
8 6 86 1
8 7 5 12
8 9 427 1
8 10 19 28
8 11 2 25
8 13 120 2
8 15 1 3
8 16 66 11
8 17 1 24
8 18 8 27
8 20 1 18
8 21 56 5
8 22 1 19
8 24 26 1
8 27 4 20
9 4 2 15
9 5 94 1
9 6 394 1
9 7 1 6
9 8 191 1
9 10 3 23
9 11 1 13
9 12 223 1
9 15 82 2
9 16 114 1
9 19 1 12
9 20 1 28
9 22 20 26
9 25 29 3
10 1 2 27
10 2 1 18
10 3 1 23
10 5 2 18
10 7 1 3
10 8 2 26
10 9 234 1
10 11 14 1
10 12 55 3
10 13 1 22
10 14 11 23
10 15 2 7
10 16 7 1
10 18 4 12
10 21 44 1
10 22 3 1
10 23 1 16
10 24 81 1
10 25 1 27
11 0 47 3
11 1 4 2
11 3 193 1
11 6 5 22
11 7 112 28
11 8 41 1
11 9 81 1
11 10 5 1
11 13 57 1
11 14 29 6
11 15 4 19
11 18 140 3
11 24 3 17
11 27 2 1
12 1 28 14
12 2 2 16
12 4 174 1
12 5 70 4
12 6 1 9
12 8 191 1
12 9 3 14
12 10 185 1
12 11 127 1
12 14 2 10
12 15 25 2
12 16 1 15
12 17 87 3
12 22 48 2
12 25 76 8
12 27 25 9
13 4 1 10
13 7 1 24
13 8 102 1
13 10 81 1
13 11 1 27
13 15 2 16
13 20 1 3
14 2 5 4
14 5 1 1
14 6 116 3
14 8 128 1
14 10 157 11
14 11 4 9
14 15 40 3
14 19 1 26
14 24 5 12
15 1 22 5
15 3 34 3
15 4 10 5
15 6 1 13
15 7 1 7
15 8 6 12
15 9 8 28
15 10 2 12
15 11 5 10
15 14 9 10
15 17 5 5
15 22 6 8
15 27 1 22
16 0 121 3
16 1 4 7
16 3 136 2
16 5 33 11
16 8 321 1
16 14 9 13
16 17 4 28
16 18 4 3
16 24 241 1
17 0 247 2
17 1 12 8
17 4 1 7
17 6 146 1
17 7 16 1
17 11 48 2
17 12 1 4
17 16 10 10
17 18 1 26
18 1 1 2
18 4 105 1
18 5 19 1
18 6 174 2
18 8 15 11
18 12 6 7
18 16 7 2
18 19 32 28
19 0 39 7
19 1 2 10
19 3 1 2
19 10 12 24
19 16 30 13
19 17 40 9
19 20 191 1
19 24 1 26
20 0 27 1
20 1 24 3
20 2 2 3
20 3 9 1
20 7 19 26
20 11 148 2
20 14 1 8
20 15 80 2
20 19 90 10
20 23 26 1
20 26 9 24
21 4 70 6
21 11 1 25
21 17 58 23
21 19 6 4
21 20 19 3
21 25 13 11
21 26 1 1
22 1 14 6
22 7 50 1
22 9 75 2
22 17 1 7
22 18 1 18
22 23 1 5
22 25 1 13
22 26 6 29
23 0 32 29
23 6 5 3
23 7 86 1
23 8 1 9
23 9 73 4
23 11 92 1
23 14 17 4
23 15 4 6
23 16 1 20
23 17 1 1
23 24 13 2
24 0 21 21
24 1 80 1
24 3 40 1
24 5 1 29
24 6 73 1
24 7 2 26
24 8 256 1
24 9 1 26
24 10 29 1
24 11 110 1
24 15 1 15
24 16 24 1
24 17 1 25
24 19 7 17
24 21 1 28
24 23 15 1
24 26 28 1
25 0 1 20
25 1 75 1
25 2 7 10
25 3 1 3
25 7 2 5
25 9 29 1
25 11 154 1
25 12 1 11
25 13 5 13
25 15 15 2
25 20 3 28
26 5 1 29
26 6 28 1
26 12 2 21
26 15 23 5
26 23 2 13
26 24 2 19
26 25 3 16
26 27 1 6
27 1 13 5
27 6 1 8
27 7 11 1
27 10 1 28
27 11 1 28
27 16 4 14
27 20 1 14
27 26 13 1
