0 1 96 1
0 2 45 1
0 3 150 1
0 5 167 1
0 7 1 24
0 8 274 1
0 9 105 2
0 11 3 14
0 15 72 2
0 16 94 1
0 18 11 8
0 19 2 29
0 22 31 7
0 24 136 1
0 26 1 29
1 0 318 1
1 2 30 3
1 3 104 1
1 4 2 1
1 5 200 1
1 6 49 21
1 7 239 1
1 8 20 1
1 11 271 1
1 13 1 16
1 16 23 7
1 17 18 15
1 18 2 29
1 19 1 19
1 22 1 5
1 23 43 1
1 24 86 1
1 25 41 3
2 0 135 4
2 6 1 17
2 7 189 1
2 8 1 6
2 9 13 4
2 10 17 9
2 11 1 9
2 12 2 2
2 14 40 2
2 17 3 5
2 19 3 22
2 21 1 6
2 23 1 23
2 25 3 5
3 0 110 1
3 1 61 3
3 2 1 13
3 5 8 28
3 6 2 15
3 7 101 1
3 8 178 1
3 9 138 1
3 10 1 2
3 11 4 5
3 14 6 1
3 15 16 4
3 16 104 1
3 17 1 23
3 24 16 1
3 25 25 4
4 1 131 11
4 6 57 12
4 7 219 1
4 8 1 18
4 9 1 6
4 12 48 1
4 16 63 1
4 17 34 18
4 18 167 16
4 19 117 2
5 0 49 1
5 1 90 1
5 2 2 10
5 3 81 1
5 4 5 25
5 6 276 1
5 8 333 1
5 9 19 8
5 10 9 18
5 11 1 1
5 12 126 1
5 16 9 6
5 24 119 1
6 1 17 26
6 2 255 1
6 4 126 1
6 5 69 19
6 7 133 1
6 8 87 4
6 9 2 21
6 11 172 1
6 17 101 1
6 18 1 18
6 20 8 28
6 25 43 20
6 27 33 24
7 0 172 1
7 2 3 3
7 3 3 14
7 4 1 24
7 6 38 1
7 8 181 1
7 9 122 1
7 10 89 1
7 11 74 13
7 12 191 2
7 13 41 3
7 14 7 18
7 15 68 19
7 16 5 2
7 17 211 24
7 20 221 1
7 23 125 1
7 24 123 1
7 25 1 16
8 0 135 1
8 1 265 1
8 2 286 1
8 3 167 1
8 4 70 1
8 5 71 1
8 6 12 1
8 7 104 9
8 9 417 1
8 10 315 10
8 11 2 23
8 14 28 1
8 15 1 29
8 16 96 1
8 17 5 9
8 18 1 27
8 19 7 7
8 23 2 13
8 24 70 1
8 25 153 3
9 1 1 4
9 4 26 29
9 5 20 15
9 6 354 1
9 7 1 12
9 8 167 1
9 10 237 14
9 11 8 8
9 12 75 28
9 13 15 17
9 15 79 1
9 17 14 1
9 18 1 16
9 19 2 17
9 21 14 7
9 25 27 2
9 26 4 12
10 0 179 1
10 2 1 3
10 3 3 16
10 4 35 1
10 5 1 7
10 6 142 26
10 8 79 1
10 9 269 1
10 11 5 2
10 12 50 2
10 13 2 18
10 14 234 18
10 15 1 22
10 18 77 12
10 19 11 14
10 24 76 1
10 25 3 19
10 27 141 1
11 0 1 19
11 3 178 1
11 5 1 12
11 6 1 26
11 7 172 6
11 8 30 1
11 9 72 2
11 10 98 1
11 12 52 2
11 13 51 1
11 14 8 25
11 15 2 19
11 16 1 14
11 19 1 27
11 20 141 1
11 25 2 17
11 26 123 3
11 27 2 19
12 3 8 8
12 6 4 22
12 8 184 2
12 9 6 10
12 10 174 1
12 11 123 1
12 15 22 5
12 20 69 2
12 23 25 7
12 24 58 8
13 1 1 19
13 2 1 28
13 4 5 11
13 7 16 7
13 8 96 1
13 10 70 1
13 14 9 16
13 15 1 22
14 3 3 10
14 4 47 1
14 6 1 6
14 7 153 2
14 8 117 1
14 10 75 16
14 11 7 27
14 12 123 17
14 15 8 1
14 17 61 3
14 20 1 1
14 23 2 1
14 24 12 1
15 0 46 6
15 3 32 5
15 4 2 15
15 7 3 23
15 8 9 11
15 10 10 25
15 11 106 22
15 12 1 9
15 14 3 20
16 0 33 1
16 1 274 1
16 3 65 1
16 4 188 3
16 5 53 1
16 8 203 1
16 11 88 2
16 12 1 29
16 13 1 3
16 15 1 14
16 17 1 4
16 24 123 2
16 25 27 2
17 0 238 2
17 1 17 26
17 2 5 19
17 4 52 7
17 6 137 1
17 7 13 2
17 10 147 3
17 11 45 3
17 14 8 13
17 16 49 4
17 18 134 26
18 0 54 1
18 4 88 1
18 12 1 10
18 17 1 15
18 20 98 2
18 21 15 24
18 23 1 15
19 0 3 18
19 2 8 24
19 11 91 6
19 12 11 1
19 14 1 23
19 20 154 1
19 25 1 7
20 0 18 29
20 6 12 5
20 7 3 5
20 8 4 3
20 10 11 1
20 11 144 1
20 19 2 2
20 23 25 3
20 25 1 10
20 26 13 24
21 7 3 17
21 17 2 2
22 3 1 3
22 7 47 1
22 11 4 1
22 20 20 16
22 25 1 8
23 0 1 4
23 1 5 28
23 7 81 1
23 11 83 1
23 12 1 14
23 14 15 2
23 20 3 24
23 22 2 1
24 0 44 1
24 1 119 1
24 2 6 5
24 3 77 1
24 5 34 1
24 6 70 2
24 7 28 28
24 8 152 1
24 9 2 12
24 10 25 2
24 11 93 1
24 15 1 23
24 16 33 1
24 23 12 2
24 25 1 12
24 26 22 13
25 0 1 24
25 1 73 1
25 4 1 18
25 7 8 20
25 8 2 5
25 9 27 4
25 10 185 2
25 11 120 1
25 27 1 26
26 0 41 7
26 3 1 5
26 4 3 8
26 7 1 13
26 8 1 13
26 20 2 1
26 24 2 2
26 25 8 21
27 0 14 3
27 4 1 23
27 6 1 9
27 8 130 2
27 9 79 7
27 10 1 11
27 24 1 25
27 25 16 1
27 26 9 1
