0 1 161 1
0 3 24 3
0 4 14 21
0 5 69 1
0 7 14 14
0 8 37 1
0 9 60 2
0 11 26 5
0 12 1 16
0 15 51 5
0 16 91 1
0 18 4 6
0 19 71 24
0 20 52 18
0 24 146 1
0 26 1 12
1 0 8 28
1 2 76 1
1 3 101 1
1 4 207 1
1 5 136 1
1 6 3 5
1 7 120 1
1 8 114 1
1 9 3 27
1 10 1 28
1 11 245 1
1 12 106 3
1 13 1 1
1 14 101 2
1 16 23 1
1 17 23 1
1 18 5 27
1 19 2 2
1 20 2 12
1 22 1 16
1 24 188 1
1 27 1 7
2 0 42 1
2 1 5 12
2 3 3 11
2 6 1 5
2 7 42 1
2 8 31 6
2 9 1 6
2 10 117 23
2 11 50 26
2 14 33 2
2 17 1 2
2 18 11 14
2 19 13 15
3 0 90 4
3 1 205 1
3 2 15 1
3 4 6 26
3 5 98 1
3 7 5 8
3 8 25 1
3 11 1 19
3 12 47 2
3 16 123 1
3 17 159 3
3 19 5 2
3 24 59 1
3 25 11 2
4 0 1 2
4 1 352 1
4 2 4 26
4 3 1 14
4 5 381 1
4 6 82 1
4 7 151 2
4 9 8 1
4 10 235 3
4 11 3 17
4 14 83 1
4 16 24 3
4 18 7 2
4 21 72 25
4 22 78 10
4 23 31 1
5 0 107 1
5 1 90 1
5 3 111 1
5 4 353 1
5 6 36 23
5 7 228 1
5 8 176 1
5 9 189 9
5 10 1 5
5 12 57 2
5 14 1 1
5 16 27 5
5 20 83 3
5 21 1 29
5 23 11 27
5 24 17 29
6 0 2 5
6 1 160 13
6 2 95 1
6 3 231 1
6 4 35 1
6 5 151 1
6 8 72 22
6 10 3 5
6 11 70 1
6 12 49 1
6 13 1 5
6 15 21 2
6 22 77 4
6 23 4 8
6 25 6 19
7 0 53 1
7 1 398 3
7 2 1 20
7 3 223 28
7 4 11 25
7 5 3 29
7 6 1 28
7 8 132 1
7 9 53 1
7 10 4 1
7 11 103 1
7 13 13 3
7 14 1 13
7 15 1 11
7 17 196 1
7 19 2 18
7 22 110 1
7 23 78 1
7 24 8 1
7 25 124 26
7 27 1 27
8 0 58 5
8 1 23 1
8 2 25 1
8 3 124 1
8 5 157 1
8 6 77 14
8 7 9 26
8 9 240 1
8 10 199 7
8 11 8 28
8 12 2 20
8 13 64 3
8 15 7 13
8 16 40 5
8 18 7 22
8 20 1 29
8 21 44 1
8 22 1 6
8 24 18 3
8 25 109 1
8 27 26 7
9 4 4 19
9 5 29 22
9 6 136 1
9 7 40 22
9 8 13 1
9 10 5 1
9 11 1 23
9 12 75 1
9 13 64 1
9 14 1 21
9 21 6 1
9 23 30 2
9 24 1 28
10 1 47 20
10 2 38 25
10 3 3 20
10 5 18 2
10 6 108 1
10 7 3 7
10 8 99 1
10 9 134 9
10 11 2 4
10 12 219 1
10 13 3 22
10 14 101 12
10 15 14 1
10 16 1 7
10 18 9 22
10 20 4 15
10 21 28 8
10 24 35 1
11 0 1 28
11 1 1 27
11 2 29 16
11 3 54 1
11 5 2 22
11 6 8 7
11 7 318 1
11 9 13 1
11 10 8 29
11 13 8 1
11 14 1 15
11 15 5 12
11 19 34 28
11 21 1 9
11 22 4 17
11 24 48 1
11 25 22 10
11 26 2 6
11 27 1 24
12 3 1 5
12 5 147 1
12 6 3 5
12 7 15 5
12 8 118 2
12 9 15 23
12 10 79 1
12 13 3 14
12 14 21 2
12 16 17 1
12 19 11 2
12 21 118 4
13 3 7 14
13 7 4 20
13 9 16 4
13 11 1 9
14 3 7 10
14 4 25 1
14 6 13 23
14 7 77 1
14 8 28 1
14 9 1 11
14 10 374 1
14 12 1 11
14 17 48 2
14 20 3 14
14 22 3 3
14 24 1 7
14 25 23 1
14 26 2 21
15 4 3 15
15 7 1 4
15 9 106 4
15 11 255 1
15 12 1 6
15 14 2 12
15 16 4 14
15 17 64 19
15 23 4 4
15 27 23 1
16 0 7 13
16 1 49 1
16 3 44 1
16 4 148 1
16 5 129 1
16 6 145 1
16 7 4 9
16 8 175 5
16 17 2 18
16 18 12 10
16 22 2 6
16 24 76 1
17 0 147 2
17 1 170 28
17 2 2 7
17 3 8 24
17 4 1 18
17 5 14 24
17 9 197 3
17 10 106 3
17 11 22 1
17 15 3 2
17 16 11 26
17 18 130 6
17 24 1 4
18 1 16 3
18 2 1 6
18 6 121 1
18 8 199 14
18 12 1 22
18 13 18 7
18 16 1 16
18 17 11 10
18 20 92 2
18 24 3 2
19 0 2 29
19 2 15 9
19 3 48 6
19 6 74 10
19 7 1 8
19 8 6 10
19 10 12 3
19 18 40 2
19 20 3 23
19 24 1 3
20 0 174 1
20 4 1 22
20 7 2 19
20 8 25 5
20 9 3 20
20 11 102 1
20 12 18 1
20 15 72 4
20 17 6 1
20 19 129 1
20 24 3 19
20 25 1 26
20 26 1 22
21 5 1 14
21 10 53 5
21 11 1 18
21 12 2 22
21 20 15 11
21 25 1 24
22 0 61 22
22 5 1 14
22 6 11 2
22 13 1 10
22 19 3 25
22 21 1 21
22 23 1 16
22 24 5 1
23 1 2 25
23 2 21 28
23 11 19 1
23 12 1 20
23 16 1 20
24 0 18 5
24 1 119 1
24 2 2 13
24 3 37 1
24 5 64 1
24 7 2 13
24 8 79 1
24 10 3 2
24 15 2 24
24 16 59 1
25 0 2 21
25 1 53 3
25 3 1 17
25 4 13 16
25 7 1 24
25 8 24 2
25 9 12 1
25 11 1 16
25 12 1 1
25 14 4 8
25 15 2 1
25 21 1 13
25 27 71 1
26 3 37 13
26 5 1 10
26 7 25 6
26 9 1 28
26 17 2 28
26 27 1 25
27 1 6 1
27 6 1 6
27 8 115 2
27 9 74 4
27 15 4 19
27 20 1 10
27 24 7 19
27 26 1 12
