0 1 142 1
0 3 70 1
0 5 55 1
0 6 1 15
0 7 2 6
0 8 23 12
0 10 54 1
0 11 1 27
0 12 30 28
0 16 77 1
0 18 53 21
0 19 1 15
0 20 3 19
0 24 132 1
1 0 17 1
1 2 72 1
1 3 87 1
1 4 203 1
1 5 123 1
1 6 2 4
1 7 119 1
1 8 100 1
1 9 81 4
1 10 1 7
1 11 244 1
1 13 1 11
1 16 8 17
1 17 21 29
1 20 1 4
1 24 173 1
1 25 24 3
2 0 41 1
2 1 5 28
2 3 2 7
2 4 2 25
2 7 41 1
2 8 4 13
2 10 1 12
2 15 2 11
2 16 58 1
2 17 1 15
2 19 1 18
2 20 2 22
2 23 2 1
2 24 23 1
3 0 39 1
3 1 189 1
3 2 13 1
3 5 84 1
3 6 269 7
3 7 1 29
3 8 33 3
3 9 112 1
3 10 270 1
3 11 1 26
3 16 109 1
3 20 1 1
3 24 45 1
3 27 2 9
4 0 11 1
4 1 348 1
4 5 378 1
4 6 79 1
4 9 7 1
4 11 2 25
4 13 79 1
4 14 82 1
4 17 4 24
4 19 6 1
4 20 137 2
4 23 30 10
4 25 2 12
5 0 92 1
5 1 101 1
5 3 97 1
5 4 350 1
5 6 77 29
5 7 227 2
5 8 171 1
5 9 258 1
5 10 53 24
5 11 1 24
5 14 50 28
5 16 40 1
5 17 14 1
5 19 11 5
5 21 1 21
5 24 32 1
5 26 1 11
6 0 1 20
6 1 1 7
6 2 93 1
6 3 230 1
6 4 34 1
6 5 134 1
6 7 4 2
6 8 75 7
6 9 266 1
6 10 2 2
6 11 69 1
6 12 49 1
6 17 33 2
6 18 1 17
6 23 3 5
6 25 1 6
6 27 3 11
7 0 53 1
7 2 3 21
7 4 51 22
7 5 8 21
7 8 128 1
7 9 52 1
7 10 3 4
7 11 91 1
7 12 180 1
7 15 1 11
7 17 196 1
7 18 1 18
7 19 2 8
7 20 160 1
7 21 1 1
7 22 109 2
7 23 78 1
7 24 7 1
7 25 1 6
7 26 1 6
7 27 1 23
8 0 71 1
8 1 8 9
8 2 23 1
8 3 112 1
8 5 146 1
8 6 96 28
8 7 11 9
8 9 237 1
8 10 199 1
8 11 2 22
8 12 1 25
8 15 1 21
8 16 40 2
8 17 1 9
8 18 11 14
8 21 44 1
8 22 41 5
8 24 17 1
8 25 109 1
8 27 1 23
9 1 2 10
9 4 1 7
9 5 12 12
9 6 133 1
9 7 157 17
9 8 12 1
9 12 74 1
9 13 66 20
9 15 47 2
9 16 102 8
9 18 2 15
9 20 3 20
9 21 5 4
9 25 11 8
10 0 123 1
10 1 281 1
10 2 9 1
10 3 2 14
10 4 1 1
10 5 3 5
10 6 106 1
10 7 6 13
10 8 92 1
10 9 197 1
10 11 14 25
10 12 218 1
10 13 1 5
10 14 95 1
10 15 14 1
10 17 1 7
10 18 3 5
10 19 9 27
10 20 1 15
10 23 43 15
10 24 34 1
10 25 6 29
10 27 121 1
11 2 203 1
11 3 53 1
11 6 2 5
11 7 307 1
11 8 1 28
11 9 13 2
11 10 77 1
11 12 23 2
11 13 8 1
11 14 148 29
11 15 4 2
11 17 178 1
11 20 99 1
11 22 1 19
11 23 2 6
11 24 47 1
11 25 23 9
11 26 1 22
11 27 1 13
12 1 180 2
12 2 2 12
12 4 111 2
12 5 146 1
12 6 19 8
12 9 10 20
12 10 78 1
12 11 83 1
12 13 5 1
12 14 7 1
12 16 17 24
12 18 1 9
12 22 16 5
12 26 1 1
13 3 1 17
13 6 3 8
13 8 48 1
13 10 4 2
13 11 3 10
13 12 5 15
13 14 2 23
13 20 1 13
13 26 1 15
13 27 1 22
14 3 36 7
14 4 25 1
14 5 51 1
14 7 76 1
14 8 27 2
14 10 371 1
14 13 5 13
14 24 1 22
14 25 22 1
15 6 124 6
15 7 170 28
15 11 251 1
15 14 2 9
15 23 2 12
15 24 7 6
15 27 22 9
16 0 11 2
16 1 35 1
16 3 30 1
16 4 147 1
16 5 115 1
16 6 145 1
16 8 47 1
16 13 2 2
16 17 1 4
16 18 7 12
16 23 2 23
16 24 62 1
17 1 4 10
17 2 1 19
17 4 26 6
17 6 59 1
17 8 49 1
17 11 22 2
17 12 28 25
17 16 1 5
17 22 58 16
17 25 1 25
18 6 121 1
18 7 5 20
18 14 23 1
18 16 2 8
18 17 7 8
18 23 32 1
18 25 1 17
19 1 1 3
19 8 2 20
19 16 1 10
19 17 2 16
19 20 1 20
20 0 174 1
20 1 1 6
20 2 1 5
20 4 13 6
20 7 108 20
20 8 1 8
20 10 1 5
20 11 102 1
20 12 17 5
20 17 6 5
20 19 127 1
20 23 18 1
20 24 61 6
20 26 14 22
21 12 9 6
22 0 1 1
22 7 24 4
22 9 62 1
22 10 1 3
22 14 1 3
22 16 2 13
22 17 31 4
22 20 15 2
22 24 4 15
22 25 7 11
23 0 1 18
23 6 50 9
23 7 38 1
23 8 2 7
23 11 19 1
23 14 4 8
23 17 29 19
23 20 18 17
23 22 2 25
23 26 4 20
24 0 25 3
24 1 104 1
24 3 41 1
24 5 49 1
24 7 1 26
24 8 65 1
24 15 5 26
24 16 45 1
24 22 1 19
25 3 2 9
25 7 1 29
25 9 11 3
25 10 125 1
25 11 5 29
25 12 1 27
25 15 1 10
25 16 3 14
25 20 1 22
25 21 1 28
25 23 3 1
25 27 70 3
26 4 1 7
26 8 1 15
26 17 55 9
26 24 1 20
27 1 5 9
27 5 25 27
27 10 11 11
27 11 1 23
27 12 13 3
27 15 3 28
27 20 2 5
