0 1 123 1
0 3 56 1
0 4 6 8
0 5 42 1
0 6 1 7
0 7 1 25
0 8 13 5
0 9 60 1
0 10 54 1
0 12 11 17
0 13 37 7
0 16 64 1
0 19 2 24
0 20 10 20
0 22 23 8
0 24 119 1
1 0 3 13
1 2 69 1
1 3 73 1
1 4 199 1
1 5 108 1
1 6 6 28
1 7 118 1
1 8 87 1
1 9 1 8
1 10 1 1
1 11 244 1
1 14 101 1
1 15 11 1
1 16 108 1
1 17 342 1
1 18 10 11
1 19 1 15
1 20 3 17
1 22 52 26
1 23 31 4
1 24 160 1
2 0 40 1
2 1 11 20
2 3 2 1
2 4 26 2
2 5 1 26
2 6 98 16
2 7 40 2
2 8 83 16
2 9 3 28
2 10 8 4
2 11 1 26
2 12 4 4
2 14 33 7
2 15 2 23
2 16 58 5
2 17 56 1
2 21 1 4
2 23 2 12
2 24 22 14
3 0 24 29
3 1 173 1
3 2 11 1
3 5 70 1
3 7 8 25
3 8 20 1
3 9 112 1
3 10 270 1
3 12 46 5
3 15 5 1
3 16 96 1
3 17 1 22
3 19 5 3
3 20 1 27
3 24 31 1
3 25 11 4
4 0 19 26
4 1 344 1
4 2 6 11
4 3 1 14
4 5 375 1
4 6 77 1
4 7 150 1
4 8 53 6
4 9 6 2
4 13 79 7
4 14 82 2
4 15 23 3
4 17 1 27
4 18 7 1
4 19 6 1
5 0 79 1
5 1 95 1
5 3 83 1
5 4 347 1
5 6 120 4
5 8 154 1
5 9 252 1
5 10 3 17
5 12 56 1
5 13 1 17
5 16 34 1
5 17 14 2
5 18 102 1
5 24 19 2
5 27 9 10
6 1 6 11
6 2 92 1
6 3 230 1
6 4 32 1
6 5 118 1
6 8 44 24
6 9 263 1
6 10 20 11
6 11 68 2
6 12 48 1
6 14 19 3
6 15 21 2
6 16 151 3
7 0 52 1
7 2 3 4
7 3 142 5
7 4 2 1
7 5 1 21
7 6 1 6
7 8 124 3
7 9 52 1
7 11 79 1
7 12 179 2
7 14 14 7
7 15 12 22
7 17 195 10
7 20 160 1
7 21 2 6
7 23 77 1
7 24 6 1
7 25 1 12
8 0 57 1
8 1 60 1
8 2 22 1
8 3 100 1
8 5 135 2
8 6 14 14
8 7 100 17
8 9 235 1
8 10 191 4
8 11 5 25
8 12 2 2
8 15 4 23
8 16 21 5
8 21 43 2
8 22 6 8
8 23 6 12
8 24 4 20
8 25 108 2
9 0 7 12
9 4 6 11
9 5 31 28
9 6 129 1
9 8 12 1
9 10 308 1
9 11 11 19
9 12 72 1
9 13 4 8
9 14 28 19
9 18 1 7
9 20 24 11
9 23 30 2
9 27 3 13
10 0 123 1
10 1 280 1
10 2 14 9
10 3 7 7
10 5 19 9
10 6 103 1
10 7 2 4
10 8 84 1
10 9 191 1
10 11 8 7
10 12 217 1
10 13 23 12
10 14 91 1
10 15 13 20
10 19 1 20
10 23 3 20
10 24 34 2
10 27 120 2
11 0 3 10
11 2 203 1
11 3 52 1
11 5 5 28
11 6 5 16
11 7 297 1
11 10 75 1
11 13 8 2
11 14 2 22
11 15 4 20
11 16 3 2
11 17 177 4
11 20 98 2
11 24 47 1
11 25 22 11
11 27 57 19
12 0 1 26
12 5 145 1
12 8 117 1
12 9 4 7
12 10 77 2
12 11 82 1
12 13 9 7
12 14 36 19
12 15 5 9
12 19 11 2
12 23 10 2
12 26 1 4
12 27 38 17
13 6 6 4
13 7 1 22
13 8 47 2
13 12 1 18
13 20 9 22
14 1 4 26
14 4 24 4
14 5 51 2
14 6 3 7
14 7 76 1
14 10 368 1
14 11 100 2
14 13 1 26
14 15 1 3
14 17 48 1
14 19 1 21
14 20 1 25
14 25 22 9
14 27 29 11
15 2 6 24
15 6 16 3
15 7 3 11
15 10 302 2
15 11 247 1
15 12 1 15
15 14 15 18
16 0 43 1
16 1 21 1
16 3 17 1
16 4 147 1
16 5 107 1
16 6 145 2
16 7 12 11
16 8 33 1
16 12 2 2
16 17 3 28
16 18 1 10
16 20 7 17
16 24 48 2
17 0 146 1
17 1 2 18
17 2 3 21
17 3 1 13
17 4 3 6
17 5 1 2
17 6 58 2
17 8 48 27
17 14 1 12
17 15 3 1
17 16 2 15
17 20 1 6
18 0 27 2
18 6 120 2
18 11 113 1
18 12 2 10
18 14 23 1
18 16 46 4
18 17 2 25
18 19 41 24
18 20 92 2
18 23 32 8
18 24 3 2
19 0 272 15
19 1 28 3
19 8 16 27
19 16 1 22
19 18 39 9
19 20 1 4
19 23 5 17
20 0 173 1
20 3 1 25
20 7 4 24
20 11 102 1
20 14 9 1
20 16 89 5
20 19 124 1
20 23 17 14
21 1 49 2
21 8 17 4
21 12 110 11
21 25 13 18
22 0 1 2
22 1 7 3
22 6 11 1
22 9 62 1
22 11 1 21
22 23 1 21
23 0 1 26
23 3 1 11
23 4 4 21
23 7 38 2
23 11 18 2
23 15 1 14
23 17 1 10
24 0 14 1
24 1 91 25
24 3 27 3
24 4 84 12
24 5 36 1
24 7 17 29
24 8 52 15
24 10 3 1
24 16 31 1
24 17 21 21
24 22 12 9
25 6 1 3
25 7 15 22
25 8 24 2
25 10 125 1
25 11 3 12
25 21 1 1
25 23 3 8
26 1 69 5
26 5 2 11
26 6 18 7
26 7 9 22
26 8 3 26
26 12 1 13
26 19 1 24
27 2 11 2
27 8 115 1
27 10 33 15
27 11 14 21
27 14 1 24
27 18 31 17
27 24 18 29
27 26 2 12
