0 1 53 1
0 3 20 4
0 4 2 4
0 5 178 1
0 7 4 15
0 8 4 8
0 9 58 1
0 10 52 1
0 11 144 9
0 12 7 23
0 15 50 1
0 16 49 1
0 19 8 14
0 20 5 28
0 24 62 1
0 26 4 26
1 0 265 1
1 2 54 1
1 3 22 1
1 4 179 1
1 5 1 2
1 6 14 24
1 7 114 1
1 8 43 1
1 9 1 19
1 11 241 1
1 12 104 1
1 13 8 5
1 16 70 1
1 17 330 1
1 18 1 24
1 19 134 1
1 22 3 15
1 24 103 1
1 27 1 9
2 0 70 1
2 1 10 28
2 3 25 25
2 7 36 1
2 8 64 8
2 9 2 6
2 10 2 28
2 11 1 4
2 16 58 1
2 21 1 18
3 0 41 1
3 1 248 1
3 2 5 1
3 4 3 16
3 5 41 1
3 6 8 4
3 7 3 1
3 8 42 1
3 10 268 1
3 11 1 6
3 12 46 2
3 16 40 1
3 17 161 17
3 18 2 17
3 19 5 3
3 24 31 1
4 0 12 18
4 1 37 1
4 2 2 29
4 3 1 29
4 5 363 1
4 6 65 10
4 9 15 1
4 10 112 3
4 11 1 21
4 15 22 2
4 16 22 3
4 18 20 24
4 19 5 2
4 21 1 29
4 24 8 29
5 0 23 3
5 1 44 1
5 2 1 10
5 3 26 1
5 4 38 1
5 6 18 23
5 7 49 1
5 8 347 1
5 9 220 1
5 10 75 23
5 11 1 23
5 12 53 2
5 16 100 1
5 18 100 3
5 23 7 22
5 24 32 2
5 26 1 10
6 0 11 22
6 1 19 18
6 2 86 1
6 3 226 1
6 4 25 1
6 5 209 1
6 7 2 1
6 8 21 29
6 9 250 1
6 10 28 17
6 12 45 1
6 13 1 13
6 14 18 2
6 16 150 6
6 17 30 1
6 20 24 28
6 21 1 28
6 25 1 17
6 27 40 20
7 0 48 1
7 1 395 2
7 2 1 1
7 3 255 1
7 5 2 25
7 6 1 5
7 8 114 1
7 9 49 1
7 11 242 1
7 13 12 3
7 14 1 10
7 15 2 29
7 23 75 1
7 24 93 6
7 25 1 9
7 26 2 14
7 27 5 19
8 0 19 1
8 1 20 1
8 2 15 1
8 3 52 1
8 5 4 15
8 6 25 3
8 7 4 3
8 9 225 1
8 10 373 1
8 11 3 5
8 12 1 1
8 13 61 1
8 16 12 1
8 17 7 22
8 20 198 6
8 24 48 1
8 25 106 1
8 26 1 11
8 27 26 25
9 0 1 28
9 2 1 15
9 4 4 4
9 5 89 4
9 6 114 1
9 8 9 1
9 10 283 1
9 12 65 1
9 14 2 22
9 17 1 2
9 18 1 27
9 20 3 19
9 26 5 23
10 0 120 2
10 1 277 1
10 2 1 9
10 5 112 26
10 6 90 1
10 7 4 21
10 8 46 1
10 9 167 1
10 11 24 26
10 12 213 1
10 13 6 4
10 14 76 1
10 15 272 2
10 16 1 5
10 17 2 13
10 18 98 1
10 19 2 7
10 22 12 6
10 24 32 3
10 25 4 22
10 27 119 2
11 2 201 1
11 3 48 1
11 4 2 28
11 6 154 25
11 7 75 1
11 8 2 2
11 9 11 2
11 10 65 1
11 12 21 3
11 14 2 7
11 15 4 15
11 17 176 3
11 19 1 25
11 20 96 2
11 21 3 9
11 22 2 21
11 23 3 27
11 24 42 1
11 25 40 5
11 26 135 1
11 27 5 13
12 0 1 14
12 4 108 2
12 5 142 2
12 6 6 23
12 8 114 2
12 9 7 29
12 10 74 1
12 11 81 1
12 13 1 18
12 20 56 8
12 21 117 1
13 1 18 29
13 8 45 1
13 12 2 23
13 14 1 20
13 21 4 26
13 27 1 18
14 1 1 16
14 8 24 2
14 9 1 6
14 10 14 2
14 13 4 27
14 20 1 25
14 24 5 22
15 4 4 6
15 6 124 27
15 7 1 1
15 11 120 1
15 12 2 24
15 17 8 4
15 24 7 1
16 0 22 1
16 1 57 1
16 2 14 2
16 3 56 1
16 5 51 1
16 8 145 1
16 10 125 8
16 11 74 5
16 17 1 14
16 18 1 8
16 24 32 1
16 26 13 1
17 0 142 1
17 1 2 24
17 2 15 19
17 4 27 7
17 5 31 21
17 9 7 3
17 16 1 6
18 1 14 1
18 2 1 22
18 3 84 9
18 8 12 3
18 9 3 1
18 13 18 2
18 16 30 16
18 17 10 10
19 0 35 8
19 1 1 17
19 2 2 23
19 3 1 2
19 8 1 24
19 10 5 18
19 12 6 1
19 14 1 27
19 17 5 25
19 20 5 2
20 0 168 1
20 1 1 3
20 4 13 10
20 7 1 25
20 8 1 19
20 11 100 1
20 14 19 26
20 16 89 1
20 19 110 1
20 24 61 15
20 25 4 13
21 10 52 8
21 12 9 1
22 2 14 6
22 7 23 3
22 8 1 27
22 10 1 21
22 12 13 2
23 0 53 4
23 4 1 11
23 5 20 3
23 6 5 25
23 7 36 1
23 9 1 20
23 11 16 3
23 22 1 29
23 25 5 3
24 0 133 1
24 1 18 2
24 3 45 1
24 5 30 1
24 7 1 4
24 8 64 1
24 16 11 3
24 17 1 9
24 20 1 1
24 26 1 2
25 1 52 5
25 2 2 2
25 7 7 19
25 11 5 17
25 27 68 3
26 1 69 4
26 7 40 4
26 21 2 2
26 24 29 17
27 0 6 4
27 3 1 7
27 14 6 13
27 20 1 16
27 21 3 28
27 22 1 2
27 26 3 28
