0 1 211 1
0 2 1 8
0 3 100 1
0 5 80 1
0 7 231 1
0 8 137 1
0 14 1 27
0 16 57 4
0 17 304 1
0 19 310 3
0 20 167 1
0 24 142 1
0 25 76 5
0 26 1 12
1 0 55 16
1 2 2 5
1 3 181 1
1 4 261 1
1 5 89 1
1 6 30 16
1 7 1 19
1 8 313 1
1 10 249 1
1 11 1 7
1 12 1 21
1 15 101 3
1 16 272 1
1 18 31 2
1 19 1 5
1 24 99 1
1 25 108 2
1 26 20 14
2 0 3 17
2 1 53 1
2 3 4 23
2 6 216 1
2 7 1 18
2 8 9 4
2 10 177 1
2 11 96 2
2 17 122 1
2 20 112 2
3 0 74 5
3 1 82 1
3 2 98 1
3 4 184 1
3 5 106 1
3 7 2 25
3 8 13 20
3 11 83 1
3 15 59 6
3 16 151 1
3 18 66 20
3 20 228 1
3 24 118 1
4 0 271 1
4 1 207 1
4 2 255 1
4 3 124 1
4 5 347 1
4 6 1 27
4 9 34 1
4 10 1 13
4 12 239 1
4 14 1 22
4 17 21 2
4 18 106 1
4 19 2 25
4 20 1 24
5 0 232 1
5 1 128 1
5 2 93 28
5 3 146 3
5 4 156 1
5 6 286 1
5 7 1 29
5 8 249 1
5 9 1 8
5 10 269 1
5 12 1 15
5 13 3 4
5 14 1 18
5 16 163 1
5 17 1 5
5 18 1 6
5 19 34 15
5 20 98 4
5 24 62 1
6 0 344 1
6 1 4 1
6 2 2 21
6 3 4 5
6 4 20 26
6 5 43 10
6 7 2 24
6 8 20 22
6 9 334 1
6 10 326 1
6 12 1 7
6 13 68 4
6 14 190 6
6 17 2 10
6 20 120 28
6 25 2 29
7 0 331 3
7 1 2 15
7 3 8 1
7 4 1 23
7 5 228 2
7 6 1 12
7 8 23 1
7 9 1 7
7 10 8 17
7 11 168 20
7 12 1 15
7 15 291 1
7 17 2 8
7 22 2 11
7 23 3 3
7 24 1 7
7 25 106 1
7 26 44 2
8 0 169 1
8 1 285 1
8 2 252 1
8 3 21 1
8 5 74 1
8 6 15 21
8 9 4 19
8 10 401 1
8 11 249 1
8 16 97 1
8 17 2 12
8 24 56 1
9 0 95 1
9 2 125 1
9 3 1 26
9 4 283 1
9 5 385 5
9 6 133 1
9 8 4 20
9 10 276 1
9 12 3 27
9 14 144 3
9 16 1 19
9 17 145 3
9 18 57 1
9 20 3 3
10 0 3 29
10 2 104 1
10 3 93 1
10 5 332 1
10 6 52 1
10 7 238 1
10 8 108 25
10 9 165 1
10 11 13 11
10 12 1 10
10 13 141 1
10 14 397 1
10 16 54 6
10 17 89 2
10 21 94 9
10 25 107 1
10 26 88 13
11 0 1 8
11 1 1 23
11 3 4 12
11 4 112 1
11 5 95 1
11 7 23 29
11 8 1 8
11 10 9 2
11 12 195 4
11 14 199 1
11 15 2 1
11 22 10 2
11 24 59 1
11 25 3 21
11 26 18 6
12 3 27 9
12 4 1 5
12 6 178 1
12 8 1 24
12 15 112 5
13 1 4 4
13 10 1 16
13 11 10 1
13 14 40 1
14 0 96 7
14 4 128 6
14 7 3 29
14 8 8 14
14 10 203 1
14 11 101 1
14 13 2 1
14 18 15 1
14 20 2 29
14 22 31 5
15 1 96 2
15 5 2 6
15 7 220 1
15 8 2 13
15 11 50 7
15 13 1 26
15 20 44 3
15 24 1 25
16 0 120 1
16 1 239 1
16 3 144 1
16 5 137 2
16 8 122 1
16 10 1 26
16 17 256 1
16 18 1 14
16 24 77 1
16 25 37 9
17 0 220 15
17 1 387 1
17 2 115 1
17 3 110 2
17 4 16 3
17 5 1 28
17 6 6 4
17 8 1 22
17 9 1 2
17 11 164 1
17 16 312 1
17 18 65 12
17 24 33 1
18 0 156 1
18 1 6 2
18 4 2 4
18 6 3 7
18 12 3 25
18 17 44 1
18 19 2 10
18 23 29 9
18 25 26 12
19 0 199 1
19 4 2 9
19 7 79 3
19 20 75 1
19 25 13 10
20 0 1 14
20 1 204 1
20 2 146 2
20 3 245 1
20 5 68 1
20 6 127 3
20 7 6 1
20 8 14 1
20 11 1 27
20 19 46 1
20 21 10 2
21 4 1 19
21 8 70 2
21 10 109 1
22 2 1 5
22 8 71 2
22 9 1 21
22 10 92 1
22 11 131 3
22 12 1 18
22 14 26 9
22 23 1 14
23 0 6 28
23 7 2 15
23 10 102 1
23 11 2 11
23 15 1 9
23 24 4 14
23 25 23 5
24 0 172 1
24 1 192 1
24 3 86 1
24 5 118 1
24 7 79 1
24 8 118 1
24 10 187 1
24 11 2 13
24 14 42 3
24 16 131 1
24 27 16 16
25 4 1 21
25 5 1 12
25 7 281 1
25 8 4 26
25 9 99 5
25 10 1 27
25 11 3 6
25 15 1 28
25 17 85 2
25 24 47 7
25 27 8 1
26 4 21 6
26 6 63 5
26 10 29 1
26 11 113 3
26 20 14 6
26 27 115 2
27 2 29 9
27 3 1 20
27 8 1 6
27 14 1 6
27 20 5 14
27 25 3 19
27 26 1 9
