0 1 1 19
0 2 16 18
0 3 3 17
0 4 2 4
0 5 1 14
0 6 1 25
0 7 3 14
0 8 184 11
0 9 20 2
0 10 14 2
0 15 29 1
0 16 1 16
0 17 2 23
0 18 2 11
0 19 277 2
0 20 1 7
0 23 49 5
0 24 1 7
0 26 1 2
1 0 242 1
1 2 5 29
1 3 59 25
1 4 38 1
1 5 1 2
1 6 26 1
1 7 23 1
1 8 2 23
1 9 21 19
1 10 1 3
1 11 170 1
1 12 63 1
1 16 1 18
1 17 78 1
1 21 17 11
2 0 8 2
2 1 181 1
2 3 27 1
2 4 196 1
2 5 2 11
2 6 177 1
2 7 1 16
2 8 45 1
2 9 1 25
2 11 1 23
2 12 1 4
2 14 21 1
2 15 8 10
2 17 4 8
2 18 1 28
2 19 1 23
2 20 2 11
2 23 1 15
2 24 15 1
3 0 3 3
3 1 95 22
3 2 5 18
3 4 2 16
3 5 1 23
3 6 213 1
3 7 7 17
3 8 3 14
3 9 75 1
3 10 199 1
3 11 114 2
3 16 1 6
3 18 61 2
3 20 2 19
3 24 1 9
4 0 16 23
4 1 16 1
4 3 2 27
4 5 25 1
4 7 76 1
4 8 375 1
4 9 277 1
4 10 69 1
4 14 54 2
4 17 7 26
4 18 242 1
4 20 106 3
4 23 20 3
4 24 1 15
5 0 1 23
5 1 2 28
5 2 1 24
5 3 1 3
5 4 37 1
5 6 226 1
5 7 184 1
5 8 58 1
5 9 3 19
5 11 123 25
5 12 6 1
5 16 42 5
5 17 139 2
5 18 66 1
5 24 1 25
5 25 33 1
5 26 1 4
6 0 1 21
6 1 181 1
6 3 123 1
6 4 2 15
6 5 13 26
6 7 33 18
6 8 283 21
6 9 86 3
6 10 6 13
6 11 5 1
6 12 2 4
6 18 8 29
6 25 1 16
6 26 85 17
7 1 309 1
7 2 1 6
7 3 201 8
7 5 1 6
7 6 10 11
7 8 2 14
7 9 6 1
7 10 7 29
7 11 5 29
7 15 6 4
7 17 159 1
7 20 90 1
7 22 82 1
7 23 31 2
7 24 26 1
8 0 1 24
8 1 2 29
8 2 4 3
8 3 1 14
8 4 2 19
8 5 4 1
8 6 85 1
8 7 422 1
8 9 30 1
8 10 1 7
8 11 3 25
8 12 1 26
8 13 19 2
8 15 193 1
8 16 1 21
8 18 119 2
8 22 2 27
8 23 1 16
8 25 57 1
9 1 30 22
9 2 1 19
9 3 114 1
9 4 16 6
9 5 299 1
9 6 2 27
9 7 1 17
9 8 3 27
9 10 29 1
9 11 326 1
9 12 3 2
9 14 2 12
9 16 87 1
9 17 1 10
9 20 7 16
9 22 55 29
9 23 16 2
9 24 10 29
10 0 64 3
10 1 230 1
10 5 14 1
10 6 142 1
10 7 50 8
10 8 4 17
10 9 1 17
10 11 3 26
10 12 160 1
10 13 1 17
10 14 37 1
10 15 168 1
10 17 7 29
10 20 2 23
10 21 15 11
10 22 67 11
10 25 76 17
10 27 92 4
11 0 229 13
11 2 158 1
11 4 1 2
11 5 11 14
11 6 388 2
11 8 3 21
11 10 4 22
11 12 3 3
11 14 350 1
11 15 302 1
11 17 147 1
11 18 119 2
11 19 1 28
11 21 11 1
11 23 16 6
11 24 122 1
12 0 17 1
12 1 143 1
12 2 1 13
12 3 1 3
12 4 52 1
12 5 68 1
12 6 2 23
12 8 51 2
12 9 6 16
12 10 10 1
12 13 40 18
12 16 2 26
12 21 94 2
12 24 36 1
12 27 2 16
13 1 1 21
13 3 1 28
13 6 1 10
13 7 117 24
13 10 1 9
13 12 3 10
13 14 3 14
13 17 2 7
13 21 14 2
13 26 2 5
14 5 36 3
14 6 183 4
14 9 1 26
14 10 42 1
14 11 43 1
14 13 26 2
14 15 1 4
14 16 34 6
15 0 10 1
15 6 114 2
15 9 74 2
15 10 217 1
15 11 21 1
15 12 2 27
15 14 22 2
15 17 73 17
15 25 1 7
15 27 15 7
16 0 1 23
16 1 1 15
16 3 1 28
16 4 93 1
16 5 1 19
16 6 127 1
16 7 1 15
16 8 5 27
16 9 2 17
16 10 114 6
16 17 1 28
16 18 33 6
16 20 1 22
16 22 1 5
16 24 1 28
17 0 53 1
17 4 47 22
17 5 35 17
17 6 6 2
17 7 1 17
17 8 215 1
17 9 184 4
17 10 62 2
17 22 61 3
17 23 56 1
18 0 7 5
18 1 159 1
18 4 30 8
18 5 1 19
18 6 64 1
18 8 185 1
18 10 1 20
18 14 16 1
18 16 1 9
18 17 2 13
19 0 226 1
19 1 1 23
19 3 47 13
19 4 91 5
19 10 1 22
19 12 2 5
19 17 5 23
19 20 96 26
19 24 17 8
19 25 15 1
20 0 64 1
20 2 4 1
20 3 6 10
20 7 2 2
20 8 65 23
20 9 1 21
20 11 58 2
20 19 2 29
20 23 10 9
20 25 13 13
20 26 2 13
21 0 2 18
21 4 76 2
21 5 6 6
21 9 1 1
21 16 4 9
21 24 1 4
22 3 1 27
22 9 45 5
22 10 20 28
23 0 4 15
23 6 22 1
23 7 7 2
23 9 78 1
23 11 1 2
23 12 2 18
23 20 1 27
24 0 78 12
24 1 5 24
24 3 1 27
24 5 3 8
24 7 2 9
24 8 1 19
24 9 1 22
24 11 2 1
24 17 1 22
24 20 1 12
24 23 1 13
25 0 2 4
25 4 18 22
25 7 1 3
25 8 155 1
25 11 14 24
25 12 1 10
25 20 1 18
25 27 23 1
26 9 27 6
26 10 4 25
26 13 2 13
26 23 21 10
26 25 30 22
27 5 21 19
27 7 1 2
27 10 1 25
27 24 2 27
27 26 20 22
