0 1 5 1
0 2 1 12
0 3 8 21
0 4 3 26
0 5 5 25
0 6 1 11
0 7 20 3
0 8 5 8
0 9 19 4
0 10 13 5
0 14 93 26
0 16 9 11
0 17 6 11
0 18 1 14
0 19 1 1
0 20 2 4
0 24 5 10
0 26 1 28
1 2 5 20
1 3 7 12
1 4 31 1
1 5 18 9
1 6 19 1
1 7 21 1
1 8 7 29
1 9 5 5
1 10 1 7
1 11 168 1
1 12 61 1
1 14 74 1
1 16 5 27
1 17 71 1
1 18 7 2
1 19 158 2
1 20 20 14
1 24 5 1
2 1 167 9
2 3 18 1
2 5 3 8
2 6 173 1
2 9 3 25
2 10 1 21
2 12 1 28
2 16 43 1
2 17 2 28
2 20 11 9
3 0 7 25
3 1 6 20
3 2 11 12
3 4 2 5
3 5 5 25
3 6 210 1
3 7 15 17
3 8 61 11
3 9 73 4
3 10 196 1
3 11 112 1
3 13 8 12
3 16 5 23
3 20 24 29
3 24 5 12
4 0 8 8
4 1 12 1
4 2 10 14
4 3 67 1
4 5 20 1
4 7 74 2
4 8 370 1
4 9 270 1
4 10 201 1
4 11 2 12
4 14 54 1
4 15 9 2
4 17 183 19
4 18 236 1
4 20 105 3
4 25 6 19
4 27 24 2
5 0 5 25
5 1 6 16
5 2 2 8
5 3 5 25
5 4 30 1
5 6 166 1
5 7 181 1
5 8 4 14
5 9 7 14
5 10 1 29
5 11 3 15
5 16 5 26
5 18 64 2
5 23 9 24
5 24 10 27
5 26 1 28
6 0 28 7
6 1 168 1
6 3 120 1
6 4 2 17
6 5 228 17
6 7 4 27
6 8 303 1
6 9 79 1
6 10 3 2
6 12 2 2
6 18 2 20
6 24 1 5
7 1 305 1
7 2 17 22
7 3 134 1
7 4 3 5
7 5 32 17
7 6 13 21
7 8 2 9
7 9 5 1
7 11 15 7
7 12 146 1
7 15 6 6
7 17 157 1
7 20 88 1
7 22 81 2
7 24 24 1
7 25 22 2
7 26 6 7
7 27 1 14
8 0 5 25
8 1 6 7
8 2 4 9
8 3 4 29
8 4 4 13
8 5 11 2
8 6 17 9
8 7 406 2
8 9 26 1
8 11 1 18
8 12 5 12
8 16 5 19
8 17 1 14
8 18 4 20
8 20 243 3
8 23 1 4
8 24 5 17
8 27 4 5
9 0 1 27
9 1 4 4
9 4 2 18
9 5 280 3
9 6 2 27
9 7 2 1
9 8 1 15
9 10 23 1
9 11 324 1
9 12 5 8
9 14 88 16
9 17 1 16
9 19 1 19
9 20 2 9
10 0 63 1
10 1 227 1
10 4 9 20
10 5 1 8
10 6 29 1
10 7 7 10
10 8 26 18
10 9 1 28
10 11 22 13
10 12 156 1
10 13 2 11
10 14 31 1
10 15 163 1
10 23 151 2
10 25 23 23
10 27 91 2
11 1 32 1
11 2 155 1
11 4 1 17
11 5 44 17
11 6 387 1
11 8 6 13
11 10 1 11
11 13 2 22
11 14 346 13
11 15 224 1
11 16 1 15
11 17 145 3
11 18 118 3
11 19 48 10
11 20 54 1
11 21 3 6
11 23 10 16
11 24 116 11
11 25 41 29
11 27 4 26
12 2 5 5
12 4 50 1
12 5 66 1
12 6 2 18
12 8 49 1
12 9 50 26
12 13 23 22
12 17 42 4
12 24 36 5
13 6 11 7
13 8 9 1
13 12 1 17
13 14 2 13
13 25 3 1
13 26 2 17
14 1 2 10
14 4 7 1
14 6 182 18
14 9 2 13
14 10 35 1
14 11 38 1
14 13 24 23
14 15 7 6
14 18 1 8
14 22 1 12
14 24 1 9
14 27 24 5
15 4 14 3
15 5 3 9
15 6 114 1
15 8 188 1
15 10 213 1
15 11 15 1
15 12 8 12
15 14 19 1
15 19 1 11
16 0 8 12
16 1 5 13
16 2 58 1
16 3 5 6
16 5 4 14
16 8 6 13
16 17 197 2
16 18 5 6
16 20 2 6
16 24 5 25
16 27 4 23
17 0 51 1
17 1 359 1
17 2 46 26
17 3 1 23
17 4 1 16
17 6 6 1
17 7 1 19
17 8 213 1
17 9 183 4
17 11 5 1
17 13 1 10
17 18 52 2
17 21 1 11
17 23 55 11
18 1 157 1
18 4 2 8
18 7 1 7
18 8 184 1
18 14 15 1
18 15 1 5
18 16 2 7
18 17 1 16
18 27 10 16
19 0 221 1
19 1 7 8
19 2 3 28
19 6 68 8
19 8 9 9
19 10 9 19
19 11 4 2
19 15 2 6
19 17 1 7
19 20 98 26
19 23 4 4
20 0 61 1
20 3 2 20
20 4 27 15
20 7 1 20
20 8 8 23
20 14 1 7
20 15 59 1
20 19 4 23
20 25 1 18
21 9 1 7
21 10 37 1
21 13 6 17
21 14 1 29
21 17 56 15
21 23 1 19
21 24 1 29
22 0 66 1
22 10 1 24
22 11 1 23
22 13 11 13
22 14 2 11
22 18 1 26
22 23 15 3
23 0 2 1
23 1 65 2
23 3 2 1
23 6 1 7
23 10 21 27
23 12 2 6
23 16 3 9
23 24 2 11
24 0 5 20
24 1 5 18
24 3 5 20
24 5 5 11
24 6 24 3
24 7 113 27
24 8 5 10
24 9 1 18
24 11 2 19
24 15 1 10
24 16 29 4
24 18 18 8
24 20 12 23
25 0 3 19
25 1 32 1
25 4 61 18
25 6 2 1
25 7 5 23
25 8 153 11
25 9 1 8
25 11 18 7
25 17 56 1
26 7 6 4
26 14 4 6
26 20 43 5
26 27 87 2
27 4 3 10
27 6 1 1
27 7 1 19
27 9 65 1
27 10 5 3
27 11 31 21
27 18 1 19
27 20 1 10
27 25 2 5
