0 1 9 10
0 2 1 28
0 3 11 8
0 4 1 15
0 5 9 7
0 6 49 19
0 7 1 18
0 8 10 13
0 9 18 4
0 11 1 1
0 12 15 11
0 13 25 11
0 14 2 24
0 15 27 1
0 16 15 24
0 20 3 5
0 24 9 9
0 26 23 24
1 0 4 20
1 2 30 28
1 3 11 23
1 4 25 1
1 5 16 9
1 6 200 1
1 8 10 26
1 9 1 3
1 10 2 13
1 11 165 2
1 16 11 3
1 17 65 1
1 18 134 21
1 19 156 3
1 20 1 11
1 24 9 29
2 0 5 1
2 1 65 1
2 3 11 1
2 5 1 16
2 6 133 1
2 7 2 26
2 8 283 1
2 9 20 23
2 10 1 27
2 13 1 10
2 17 5 25
2 21 14 15
3 0 11 19
3 1 7 21
3 2 4 11
3 4 1 1
3 5 9 4
3 6 207 1
3 7 39 12
3 8 123 26
3 9 72 3
3 10 193 1
3 11 110 2
3 16 9 13
3 17 5 17
3 18 60 1
3 24 9 6
3 26 23 1
4 0 7 8
4 1 8 1
4 2 2 8
4 5 15 1
4 7 72 1
4 8 364 1
4 9 263 1
4 10 198 1
4 13 75 1
4 17 113 15
4 18 229 1
4 24 1 7
4 25 1 28
4 26 67 1
5 0 9 9
5 1 14 6
5 2 3 14
5 3 9 7
5 4 24 1
5 6 111 1
5 7 177 3
5 8 17 24
5 9 4 17
5 10 1 19
5 11 1 27
5 12 4 2
5 13 5 21
5 16 9 24
5 17 138 2
5 20 65 2
5 21 10 24
5 24 44 20
5 26 16 23
6 0 12 20
6 1 154 1
6 3 116 1
6 4 6 20
6 5 10 11
6 7 3 4
6 8 206 1
6 9 66 1
6 10 21 20
6 11 3 3
6 18 1 18
6 21 8 20
6 23 1 1
6 25 18 21
7 1 301 1
7 2 1 27
7 3 321 1
7 5 1 12
7 6 2 17
7 8 5 4
7 10 5 21
7 11 6 24
7 15 46 21
7 17 156 1
7 18 1 14
7 21 5 27
7 23 29 2
7 24 22 1
7 27 1 25
8 0 9 28
8 1 11 16
8 2 52 5
8 3 9 24
8 4 1 20
8 5 11 22
8 6 159 1
8 7 416 1
8 9 22 1
8 10 3 8
8 11 3 28
8 14 1 9
8 15 2 21
8 16 39 6
8 23 1 15
8 24 36 13
8 25 54 2
9 1 6 9
9 2 1 3
9 4 1 20
9 5 270 1
9 6 3 27
9 7 1 24
9 8 2 14
9 10 17 1
9 11 322 1
9 13 30 21
9 14 1 3
9 15 15 2
9 16 85 6
9 18 1 24
9 20 35 9
9 24 1 11
10 0 61 1
10 1 223 1
10 2 153 2
10 3 1 18
10 4 2 8
10 5 49 9
10 6 126 1
10 7 90 7
10 8 19 3
10 9 1 24
10 11 3 25
10 12 152 1
10 13 36 20
10 14 25 1
10 15 159 1
10 18 1 26
10 23 1 12
10 25 1 12
10 26 109 1
10 27 90 4
11 1 31 3
11 2 152 1
11 4 3 15
11 5 8 12
11 7 1 8
11 8 5 7
11 10 3 18
11 12 2 12
11 14 8 1
11 15 206 2
11 17 144 1
11 18 118 1
11 20 52 3
11 22 1 12
11 23 1 4
11 24 89 1
11 27 4 2
12 0 19 16
12 1 141 1
12 3 96 4
12 6 1 20
12 9 3 26
12 10 7 4
12 11 41 1
12 13 50 26
12 17 42 2
13 0 23 1
13 1 3 15
13 4 1 2
13 9 1 1
13 10 1 25
13 12 3 13
13 14 44 27
14 1 1 29
14 5 35 2
14 9 8 8
14 10 29 1
14 11 32 1
14 13 12 3
14 15 34 16
14 17 32 3
14 18 1 5
14 20 3 18
14 26 3 1
15 0 9 1
15 5 8 1
15 6 3 1
15 7 116 13
15 8 186 3
15 10 208 1
15 11 9 1
15 14 16 1
16 0 9 4
16 1 8 2
16 3 9 7
16 4 89 2
16 5 11 14
16 8 9 16
16 10 113 6
16 11 59 2
16 12 1 19
16 13 3 17
16 17 200 24
16 18 1 13
16 20 1 17
16 24 9 29
17 0 48 1
17 1 4 21
17 2 23 6
17 3 2 13
17 4 1 10
17 8 211 1
17 9 182 4
17 10 60 1
17 12 147 1
17 13 1 16
17 14 2 25
17 19 93 1
17 25 1 4
18 4 37 8
18 11 94 1
18 16 5 9
18 17 1 19
18 19 45 8
19 0 215 1
19 1 1 17
19 4 90 1
19 5 4 29
19 6 52 1
19 7 1 4
19 16 1 27
19 17 88 24
19 20 21 25
19 23 3 5
19 24 17 26
20 0 58 1
20 1 1 13
20 8 16 13
20 11 55 1
20 12 8 3
20 15 58 7
20 19 4 22
20 27 14 2
21 1 40 2
21 8 8 2
21 10 36 1
21 16 15 11
22 3 4 15
22 9 44 4
22 12 97 1
22 20 10 3
22 23 14 3
22 26 8 11
23 1 64 5
23 7 5 7
23 10 2 24
23 12 2 16
23 13 3 16
23 15 1 10
23 20 2 21
23 24 4 8
24 0 12 23
24 1 9 17
24 3 38 24
24 4 74 1
24 5 12 26
24 8 9 6
24 10 1 26
24 11 22 9
24 13 1 28
24 16 38 4
24 17 2 24
25 1 31 4
25 3 2 22
25 7 26 27
25 8 8 2
25 11 3 3
25 15 1 16
25 18 15 5
25 20 19 27
25 21 1 23
26 0 25 2
26 7 6 9
26 10 1 1
26 13 1 16
26 20 1 12
26 25 19 3
27 3 34 18
27 7 2 21
27 8 91 2
27 10 2 1
27 17 30 12
27 20 38 17
27 24 1 26
27 25 8 11
27 26 2 6
