0 1 36 10
0 2 1 12
0 3 50 16
0 4 1 13
0 5 23 16
0 6 26 29
0 7 4 14
0 8 69 5
0 9 14 1
0 10 8 1
0 12 36 24
0 16 53 25
0 17 1 1
0 19 276 1
0 20 5 25
0 24 18 3
0 26 2 3
1 0 217 18
1 2 11 29
1 3 54 5
1 4 3 2
1 5 51 2
1 6 165 1
1 7 10 3
1 8 20 22
1 9 86 5
1 10 1 23
1 11 152 2
1 12 53 3
1 16 19 2
1 17 35 1
1 18 134 7
1 20 1 14
1 22 9 15
1 23 17 1
1 24 54 20
2 1 105 1
2 3 1 24
2 4 176 1
2 5 3 7
2 6 150 1
2 7 1 1
2 8 271 1
2 9 24 7
2 10 1 4
2 11 16 29
2 12 1 9
2 14 18 2
2 17 81 21
2 23 1 16
3 0 28 19
3 1 66 6
3 2 171 1
3 4 1 9
3 5 23 11
3 6 189 1
3 7 160 2
3 8 71 25
3 9 66 1
3 10 178 1
3 12 26 1
3 16 19 10
3 17 199 5
3 20 14 15
3 24 18 3
4 0 1 26
4 2 49 24
4 3 16 5
4 6 1 17
4 7 61 2
4 8 11 1
4 9 233 1
4 10 249 1
4 11 1 21
4 14 48 1
4 15 7 13
4 18 265 1
4 19 86 2
4 20 99 1
4 24 1 25
5 0 28 12
5 1 65 11
5 2 4 25
5 3 29 23
5 4 3 1
5 6 10 1
5 7 162 1
5 8 70 27
5 9 6 29
5 11 1 20
5 13 5 1
5 16 18 17
5 17 132 1
5 20 62 1
5 21 3 12
5 24 31 11
5 25 31 4
6 0 1 25
6 1 101 1
6 2 1 13
6 3 98 1
6 4 2 9
6 5 437 4
6 7 4 5
6 8 90 25
6 9 81 1
6 10 2 18
6 18 8 5
6 20 171 3
6 23 1 10
6 25 18 5
6 26 85 6
7 1 280 1
7 2 2 22
7 3 247 1
7 5 10 14
7 6 5 2
7 8 12 24
7 10 13 2
7 11 58 21
7 15 45 29
7 18 2 21
7 19 1 5
7 20 75 1
7 21 50 9
7 23 23 2
7 24 14 3
7 26 1 14
7 27 16 17
8 0 23 25
8 1 22 21
8 2 26 18
8 3 17 18
8 4 14 17
8 5 20 18
8 6 36 1
8 7 280 1
8 9 8 1
8 10 7 18
8 11 6 11
8 12 17 26
8 14 1 14
8 15 1 3
8 16 84 23
8 17 1 29
8 18 1 3
8 22 1 20
8 24 21 8
8 26 4 8
8 27 1 3
9 1 1 1
9 2 1 27
9 4 315 6
9 5 7 8
9 6 3 24
9 8 3 16
9 11 311 1
9 12 1 17
9 13 30 13
9 14 4 17
9 15 11 7
9 16 82 6
9 17 1 23
9 18 3 28
9 19 12 7
9 20 9 29
9 22 69 10
9 24 10 10
9 26 67 1
10 0 52 2
10 1 204 2
10 2 149 1
10 4 2 4
10 5 15 28
10 6 3 1
10 7 2 12
10 8 7 16
10 9 14 3
10 11 119 21
10 12 134 1
10 13 3 6
10 14 4 1
10 15 135 1
10 17 7 21
10 18 8 1
10 19 9 6
10 22 119 16
10 25 90 22
10 26 107 6
10 27 85 3
11 0 225 3
11 1 27 3
11 2 137 1
11 3 1 21
11 4 1 17
11 5 2 16
11 6 386 1
11 7 5 14
11 8 4 28
11 10 8 11
11 14 333 1
11 15 255 1
11 16 23 26
11 19 1 11
11 20 46 2
11 23 1 21
11 24 72 1
12 1 133 1
12 4 40 1
12 5 52 1
12 6 66 28
12 8 39 1
12 13 1 19
12 14 43 29
12 17 38 6
12 21 87 1
12 26 54 8
12 27 2 25
13 6 2 24
13 8 5 1
13 10 2 4
13 12 1 11
13 22 1 24
14 0 13 5
14 1 2 28
14 6 194 2
14 10 5 2
14 11 15 1
14 12 142 3
14 13 20 1
14 15 4 24
14 20 11 14
14 25 8 1
15 5 12 23
15 6 110 1
15 7 109 1
15 8 179 1
15 10 185 1
15 11 1 10
15 13 1 6
15 14 4 1
15 23 3 21
15 25 1 11
16 0 25 2
16 1 26 24
16 3 43 1
16 4 80 1
16 5 19 20
16 7 89 7
16 8 26 22
16 9 2 23
16 15 3 24
16 17 200 1
16 18 74 10
16 19 2 26
16 24 51 7
16 26 10 11
17 0 37 1
17 1 230 1
17 2 9 24
17 4 1 23
17 6 1 6
17 8 201 1
17 9 177 3
17 10 53 3
17 11 3 1
17 25 86 6
18 1 143 2
18 4 9 27
18 5 3 24
18 7 2 28
18 8 176 2
18 9 2 16
18 12 3 6
18 16 66 22
18 17 17 24
19 0 186 1
19 1 1 9
19 2 1 18
19 3 19 1
19 6 66 1
19 8 8 5
19 11 2 1
19 20 13 4
19 26 6 29
20 0 44 1
20 1 1 2
20 2 2 10
20 4 90 9
20 6 1 1
20 8 1 18
20 10 1 23
20 11 49 1
20 13 20 11
20 19 15 13
20 24 3 17
20 25 2 6
21 7 3 14
21 10 34 1
21 12 2 3
21 19 4 15
22 1 1 4
22 3 23 2
22 7 4 2
22 9 42 1
22 10 1 3
22 12 91 4
22 14 2 27
22 16 1 18
22 18 1 10
22 21 21 2
22 23 12 4
22 25 1 3
23 0 4 29
23 1 62 9
23 6 1 20
23 11 1 24
23 12 3 11
23 15 2 25
23 17 3 6
23 20 2 15
23 22 2 26
23 24 8 5
24 0 18 22
24 1 18 13
24 3 29 25
24 5 45 8
24 7 1 17
24 8 19 21
24 9 34 14
24 10 1 16
24 11 16 20
24 12 10 14
24 15 17 2
24 16 32 22
24 21 19 15
25 0 47 11
25 1 28 1
25 6 132 1
25 7 19 24
25 8 149 1
25 11 54 28
25 15 1 21
25 17 53 3
25 19 2 21
25 20 1 1
25 21 7 19
25 24 1 9
26 14 5 7
26 19 1 22
26 20 1 24
26 22 1 1
26 23 20 16
26 24 34 3
26 27 71 1
27 3 12 11
27 6 1 10
27 7 2 29
27 8 87 5
27 9 63 2
27 10 1 28
27 18 6 27
27 25 3 9
27 26 2 25
