0 1 13 23
0 2 1 17
0 3 13 21
0 4 46 6
0 5 9 8
0 6 16 10
0 7 6 24
0 8 11 5
0 12 3 12
0 16 10 9
0 17 9 19
0 20 15 20
0 21 34 1
0 24 34 5
0 26 1 5
0 27 5 1
1 0 18 27
1 2 40 11
1 3 163 3
1 5 11 9
1 6 362 1
1 7 6 1
1 8 153 9
1 10 2 4
1 11 143 1
1 13 99 28
1 14 64 4
1 16 58 5
1 17 20 1
1 18 2 23
1 20 1 19
1 22 64 16
1 24 52 25
2 1 334 1
2 3 2 17
2 5 1 6
2 6 116 1
2 7 7 11
2 8 254 1
2 9 22 2
2 11 1 5
2 13 2 26
2 20 6 4
2 22 1 6
2 23 2 11
3 0 30 14
3 1 20 17
3 2 158 1
3 4 39 12
3 5 10 9
3 6 176 1
3 7 3 29
3 8 12 10
3 9 61 2
3 10 166 2
3 16 28 1
3 18 55 2
3 20 22 13
3 23 1 4
3 24 9 12
4 0 1 23
4 1 1 29
4 2 25 1
4 3 2 21
4 6 1 22
4 7 54 1
4 8 331 1
4 9 209 1
4 10 237 1
4 11 4 15
4 13 70 3
4 15 6 10
4 17 2 3
4 18 240 1
4 19 83 1
4 24 2 12
4 27 22 1
5 0 120 20
5 1 46 14
5 2 5 5
5 3 10 9
5 6 5 8
5 7 148 1
5 8 9 6
5 9 20 27
5 16 10 11
5 20 59 3
5 21 1 26
5 24 76 19
6 0 5 4
6 1 284 1
6 2 1 19
6 3 85 1
6 4 20 11
6 5 249 1
6 7 3 22
6 8 377 1
6 9 46 1
6 10 4 11
6 13 17 14
6 14 1 21
6 16 134 1
6 17 1 27
6 25 1 13
6 27 64 21
7 1 264 1
7 2 34 29
7 3 196 1
7 5 1 20
7 6 22 11
7 8 4 16
7 10 2 29
7 11 66 6
7 14 5 5
7 19 1 24
7 20 68 1
7 22 71 2
7 24 10 1
7 26 6 29
7 27 1 12
8 0 176 4
8 1 12 3
8 2 4 23
8 3 9 11
8 4 1 26
8 5 11 26
8 6 2 24
8 7 331 1
8 9 2 1
8 10 10 14
8 11 1 23
8 12 2 20
8 14 1 13
8 15 190 4
8 16 10 10
8 19 1 23
8 21 27 4
8 22 1 13
8 23 3 25
8 24 28 13
8 25 42 1
8 26 1 24
9 0 1 29
9 1 1 15
9 2 2 15
9 4 7 6
9 5 71 1
9 6 8 29
9 7 3 13
9 8 2 4
9 11 303 1
9 12 1 23
9 14 4 16
9 18 2 22
9 23 11 12
10 0 47 1
10 1 191 1
10 2 141 1
10 3 1 9
10 4 1 22
10 5 7 7
10 6 74 1
10 7 3 13
10 8 83 27
10 9 3 1
10 11 3 6
10 12 120 2
10 13 35 9
10 15 119 1
10 16 1 27
10 18 115 19
10 20 7 2
10 21 12 1
10 27 82 1
11 2 127 1
11 5 76 17
11 6 378 1
11 7 7 25
11 8 1 20
11 10 7 11
11 14 316 1
11 15 18 5
11 17 134 2
11 20 42 1
11 21 2 2
11 23 1 15
11 24 48 10
11 25 137 11
12 0 5 26
12 1 128 2
12 2 3 4
12 8 33 1
12 9 4 1
12 10 1 2
12 13 28 29
12 18 3 24
12 19 4 4
12 25 59 2
13 4 3 19
13 6 3 18
13 10 8 4
13 11 201 1
13 12 1 7
13 14 7 1
14 5 31 1
14 9 10 14
14 11 223 1
14 12 137 1
14 13 11 5
14 15 16 2
14 18 1 9
14 21 1 12
14 25 6 9
15 7 228 1
15 9 61 3
15 10 169 1
15 11 2 4
15 17 3 5
15 22 5 3
15 23 2 2
15 25 2 25
15 26 24 1
15 27 12 3
16 0 28 27
16 1 9 6
16 3 166 21
16 5 10 11
16 6 118 5
16 7 1 13
16 8 156 11
16 9 1 27
16 17 196 1
16 18 2 25
16 24 10 11
17 0 29 2
17 1 221 1
17 2 5 9
17 5 1 27
17 8 35 1
17 9 174 1
17 12 144 5
17 13 1 1
17 16 72 1
17 20 1 23
18 1 135 1
18 2 4 1
18 3 78 6
18 4 1 16
18 7 1 4
18 12 6 28
18 16 11 3
18 17 4 3
18 26 9 24
19 0 165 1
19 1 2 22
19 2 1 7
19 4 81 3
19 5 5 3
19 6 50 4
19 7 2 28
19 8 1 19
19 10 4 5
19 15 2 12
19 18 30 3
19 20 74 3
20 0 35 1
20 2 4 3
20 3 1 14
20 4 1 21
20 6 1 2
20 7 1 4
20 11 44 1
20 14 1 11
20 15 54 1
20 16 78 6
20 18 1 7
20 19 15 8
20 24 1 6
20 25 13 29
20 27 12 17
21 2 17 8
21 14 2 22
21 19 4 9
22 9 40 1
22 10 4 21
22 14 1 14
22 19 2 8
22 23 9 5
23 2 19 2
23 8 136 1
23 10 21 16
23 11 1 11
23 12 3 25
23 16 1 25
23 17 1 28
23 20 5 8
23 22 14 28
23 24 1 18
24 0 60 26
24 1 88 12
24 3 10 13
24 5 22 17
24 6 18 6
24 7 1 12
24 8 20 9
24 9 1 9
24 11 1 10
24 16 26 14
24 21 19 17
24 23 1 5
24 27 35 3
25 7 1 27
25 8 4 2
25 11 166 17
25 20 4 2
26 3 37 14
26 6 8 4
26 8 1 26
26 9 14 17
26 11 5 5
26 12 45 16
26 13 2 10
26 15 13 4
26 25 17 4
26 27 61 1
27 6 1 8
27 8 84 1
27 10 4 13
27 11 24 1
27 25 1 5
