0 1 38 4
0 2 8 12
0 3 303 3
0 4 59 25
0 5 277 1
0 6 4 26
0 7 268 6
0 8 182 1
0 9 7 1
0 11 305 1
0 12 1 23
0 14 94 22
0 16 122 1
0 17 2 23
0 18 1 17
0 19 278 1
0 20 254 2
0 22 11 6
0 24 267 1
1 0 52 1
1 2 4 3
1 3 191 1
1 4 1 26
1 5 149 1
1 6 39 15
1 8 41 1
1 9 1 22
1 10 4 2
1 11 126 1
1 14 58 3
1 16 73 1
1 17 3 1
1 18 2 29
1 23 14 1
1 24 49 1
2 1 22 1
2 3 27 18
2 4 142 1
2 5 1 10
2 6 125 1
2 7 2 23
2 8 264 1
2 10 331 1
2 11 2 6
2 13 2 22
2 16 34 4
2 17 1 3
2 20 2 9
2 23 1 14
3 0 81 14
3 1 23 1
3 2 165 1
3 4 1 21
3 5 309 1
3 7 62 23
3 8 128 1
3 9 53 1
3 11 86 1
3 13 25 10
3 15 1 26
3 16 182 1
3 18 51 2
3 20 1 29
3 24 56 1
3 27 1 8
4 0 61 23
4 1 2 26
4 2 1 1
4 5 2 12
4 6 3 29
4 7 42 1
4 8 296 1
4 9 163 1
4 10 215 1
4 11 10 29
4 14 39 2
4 18 196 1
4 25 1 12
5 0 43 1
5 1 85 1
5 3 64 1
5 4 1 19
5 6 21 4
5 7 125 1
5 8 25 1
5 9 40 14
5 10 220 2
5 11 3 10
5 15 1 28
5 16 202 1
5 17 118 1
5 20 55 3
5 21 2 3
5 24 139 1
5 27 1 18
6 0 2 21
6 1 322 1
6 2 1 18
6 3 65 1
6 4 29 10
6 5 245 1
6 7 2 23
6 8 63 1
6 9 7 2
6 10 82 29
6 13 2 27
6 18 1 1
6 20 161 2
6 27 1 19
7 0 1 5
7 1 236 1
7 2 2 23
7 3 116 1
7 5 3 19
7 6 2 20
7 8 4 28
7 10 5 15
7 11 24 20
7 15 1 1
7 20 55 3
7 22 65 2
7 23 13 1
7 24 4 1
7 25 77 1
7 26 1 8
7 27 7 17
8 0 3 25
8 1 203 10
8 2 4 3
8 3 231 9
8 4 41 28
8 5 91 2
8 6 25 1
8 7 132 1
8 10 26 15
8 12 8 9
8 13 4 5
8 14 3 6
8 15 189 1
8 16 51 2
8 18 5 11
8 19 3 7
8 20 223 1
8 22 15 14
8 23 13 1
8 24 22 1
8 27 59 19
9 0 1 26
9 1 1 3
9 2 2 21
9 4 305 2
9 5 152 1
9 6 16 22
9 8 2 3
9 10 3 19
9 11 286 1
9 12 17 1
9 14 3 13
9 16 76 5
9 18 4 12
9 19 2 27
9 20 10 19
9 24 11 17
9 26 66 3
10 0 37 3
10 1 167 1
10 2 163 1
10 4 1 10
10 6 33 1
10 7 51 3
10 8 31 16
10 9 4 5
10 11 28 8
10 12 99 1
10 14 1 26
10 15 92 1
10 17 6 25
10 18 1 5
10 23 153 9
10 27 75 2
11 0 70 1
11 1 267 1
11 2 108 2
11 4 21 8
11 5 112 15
11 7 11 4
11 8 8 11
11 9 1 10
11 10 7 21
11 14 282 1
11 15 58 1
11 18 110 1
11 19 1 15
11 20 34 1
11 21 1 9
11 22 4 8
11 23 9 6
11 24 22 1
11 25 353 1
12 0 5 8
12 2 3 3
12 4 26 3
12 5 31 1
12 6 5 2
12 8 23 2
12 9 86 1
12 11 25 1
12 13 1 12
12 18 4 21
12 22 1 19
12 24 30 3
13 4 89 27
13 6 1 6
13 10 1 11
13 11 199 1
13 18 2 10
13 20 1 18
13 22 1 9
13 25 1 9
14 1 1 29
14 4 1 16
14 8 2 29
14 10 1 4
14 11 183 1
14 12 127 2
14 13 4 1
14 15 2 1
14 17 25 3
14 20 6 4
14 25 5 1
15 4 1 15
15 7 76 1
15 10 139 1
15 11 5 12
15 17 1 16
15 23 19 25
15 25 4 4
16 0 22 26
16 1 221 18
16 2 2 8
16 3 91 2
16 4 63 1
16 5 106 22
16 7 2 6
16 8 266 1
16 9 1 10
16 14 1 8
16 15 3 18
16 18 4 3
16 24 5 5
17 0 18 1
17 1 346 1
17 2 4 17
17 3 1 22
17 7 1 20
17 8 192 1
17 9 167 1
17 10 41 1
17 14 95 16
17 16 69 1
17 18 45 1
17 20 1 22
17 22 1 10
17 23 52 9
17 27 64 5
18 2 6 23
18 4 2 28
18 5 1 25
18 6 37 3
18 10 1 21
18 17 2 20
18 19 1 3
19 0 128 1
19 1 1 1
19 4 75 1
19 6 47 1
19 8 2 14
19 18 28 5
19 23 3 17
19 25 14 1
20 0 21 3
20 1 1 20
20 2 1 21
20 3 1 4
20 4 35 3
20 7 242 16
20 9 3 3
20 10 1 19
20 14 1 15
20 15 51 5
20 19 13 21
20 24 1 24
20 25 1 22
20 26 34 27
21 1 35 13
21 12 94 3
22 8 8 19
22 10 1 20
22 12 80 1
22 13 7 1
22 21 19 1
23 1 59 1
23 6 52 12
23 8 133 8
23 9 72 1
23 10 6 24
23 17 4 9
24 0 47 1
24 1 19 5
24 3 36 1
24 4 68 1
24 5 260 1
24 8 212 24
24 9 8 13
24 11 2 5
24 15 3 25
24 16 108 22
24 17 1 10
24 20 13 27
24 22 2 15
24 26 61 1
25 3 2 25
25 6 126 1
25 7 5 10
25 10 26 1
25 11 2 2
25 12 53 8
25 16 2 6
25 20 3 16
25 21 1 7
25 27 4 2
26 8 1 22
26 10 5 8
26 18 31 20
26 27 44 1
27 3 12 21
27 4 4 7
27 7 1 9
27 9 59 7
27 10 2 18
27 21 3 24
27 25 1 26
