0 1 197 1
0 2 28 26
0 3 63 25
0 4 1 20
0 5 104 9
0 6 1 11
0 8 223 1
0 11 297 1
0 14 94 6
0 16 142 1
0 17 4 2
0 19 255 1
0 23 40 1
0 24 19 1
0 25 3 27
0 26 5 5
1 0 96 1
1 2 41 5
1 3 65 1
1 4 4 22
1 5 193 1
1 6 8 1
1 8 310 1
1 9 32 5
1 10 3 18
1 11 113 1
1 16 117 1
1 19 115 2
1 20 4 6
1 24 83 1
2 1 139 1
2 3 27 27
2 4 123 1
2 6 71 1
2 7 4 25
2 8 165 1
2 9 25 14
2 10 3 20
2 11 3 17
2 13 2 29
2 16 32 1
2 17 25 22
2 20 1 19
3 0 17 26
3 1 111 1
3 2 167 1
3 4 14 15
3 5 69 1
3 6 133 1
3 7 289 12
3 8 29 1
3 9 47 1
3 10 130 1
3 11 73 1
3 16 91 1
3 18 48 1
3 20 1 15
3 24 17 3
3 27 2 8
4 0 59 17
4 1 12 8
4 3 58 16
4 5 2 1
4 6 1 12
4 7 33 2
4 8 261 1
4 9 127 1
4 10 196 1
4 11 2 23
4 12 2 21
4 18 159 1
4 19 71 2
4 20 82 1
4 21 79 15
4 22 73 2
4 27 18 5
5 0 55 1
5 1 27 1
5 2 3 6
5 3 86 1
5 4 3 16
5 6 19 17
5 7 106 1
5 8 8 12
5 9 32 9
5 10 149 1
5 11 9 27
5 15 4 12
5 16 59 2
5 18 38 1
5 24 152 1
5 26 2 9
6 0 1 10
6 1 239 1
6 2 3 7
6 3 49 1
6 4 3 16
6 5 224 1
6 7 5 28
6 8 1 24
6 10 1 2
6 17 1 10
6 18 1 26
6 21 1 15
6 23 3 18
6 24 2 15
6 25 1 16
7 0 1 27
7 1 212 1
7 2 1 28
7 3 62 1
7 5 11 14
7 6 5 16
7 8 5 2
7 10 21 12
7 11 22 21
7 12 120 1
7 14 7 1
7 15 35 19
7 17 121 1
7 23 9 1
7 24 1 1
7 25 67 1
7 26 12 11
7 27 11 25
8 0 31 1
8 1 74 2
8 2 3 26
8 3 41 16
8 4 12 16
8 5 294 1
8 6 20 3
8 7 233 1
8 10 8 16
8 12 3 26
8 14 1 6
8 16 176 1
8 20 215 1
8 22 1 6
8 23 1 26
8 24 82 1
8 25 26 2
9 0 23 1
9 1 20 19
9 3 87 2
9 4 287 1
9 5 57 1
9 6 32 21
9 8 2 24
9 10 3 18
9 11 271 1
9 12 4 19
9 14 2 25
9 18 9 6
9 22 2 22
10 1 148 1
10 2 128 1
10 3 1 17
10 4 1 8
10 7 6 7
10 8 134 24
10 9 55 20
10 11 31 24
10 12 81 1
10 13 28 1
10 14 2 28
10 15 70 1
10 16 2 8
10 20 1 27
10 22 120 2
10 25 32 15
11 1 262 2
11 2 93 1
11 3 1 18
11 5 1 27
11 6 349 1
11 7 40 2
11 8 2 8
11 9 6 17
11 10 3 28
11 14 251 1
11 15 71 1
11 18 107 1
11 20 29 2
11 23 1 26
11 24 18 1
11 25 55 1
11 27 191 2
12 1 111 2
12 6 69 9
12 9 105 21
12 11 20 3
12 13 54 17
12 15 3 27
12 16 1 12
13 1 1 9
13 5 1 18
13 6 1 4
13 10 1 9
13 14 50 1
13 22 2 12
14 0 8 2
14 1 5 26
14 6 177 2
14 8 4 19
14 9 1 14
14 10 2 13
14 11 150 1
14 13 14 2
14 15 61 1
14 22 32 29
14 23 1 25
14 24 2 27
14 27 20 2
15 4 1 27
15 5 13 17
15 7 66 1
15 8 152 2
15 10 115 1
15 11 30 11
15 14 1 14
15 18 2 29
15 27 10 2
16 0 3 21
16 1 139 1
16 3 98 1
16 4 55 1
16 5 93 1
16 7 1 29
16 8 13 7
16 9 18 7
16 11 48 6
16 12 11 15
16 17 174 1
16 18 2 21
16 20 5 13
16 24 48 1
17 0 10 3
17 1 187 1
17 3 2 19
17 7 1 12
17 8 23 2
17 9 160 4
17 10 35 2
17 16 119 1
17 18 36 2
17 20 1 3
18 1 108 1
18 4 2 24
18 8 155 3
18 14 10 17
18 23 31 1
19 0 97 1
19 1 167 11
19 2 1 16
19 6 61 8
19 7 11 6
19 8 1 4
19 10 1 7
19 11 116 1
19 14 13 28
19 18 27 1
19 20 64 20
20 0 12 2
20 1 2 28
20 3 1 5
20 7 1 9
20 8 17 5
20 9 1 23
20 10 2 4
20 19 26 18
20 24 1 21
20 25 1 11
21 5 2 14
21 22 4 8
21 25 14 24
22 2 16 16
22 8 2 12
22 10 3 14
22 11 1 29
22 19 2 6
22 23 2 5
22 25 4 28
22 26 1 12
23 0 1 14
23 1 56 3
23 3 1 22
23 6 26 14
23 8 131 4
23 11 3 22
23 13 3 13
23 22 11 4
23 24 13 23
24 0 114 1
24 1 39 4
24 3 131 1
24 5 110 1
24 7 1 9
24 8 54 1
24 11 2 24
24 12 1 8
24 13 4 12
24 16 93 1
24 17 3 23
24 18 15 8
24 19 1 2
24 23 4 24
24 25 44 2
24 27 32 13
25 0 1 16
25 8 129 2
25 10 19 1
25 11 61 21
25 14 1 14
25 15 1 25
25 21 2 28
26 7 8 7
26 8 19 12
26 9 3 11
26 11 2 1
26 14 4 25
26 15 12 1
26 24 32 3
26 27 31 1
27 5 18 6
27 8 75 2
27 11 2 1
27 14 15 25
27 16 1 28
27 25 12 17
