0 1 70 14
0 2 1 19
0 3 41 22
0 4 1 25
0 5 20 6
0 6 23 24
0 8 29 23
0 12 57 29
0 14 4 2
0 16 36 18
0 17 13 8
0 19 197 1
0 20 24 15
0 24 18 27
1 0 18 13
1 2 101 1
1 3 31 24
1 4 9 9
1 5 94 7
1 6 211 1
1 8 47 7
1 9 1 19
1 10 2 12
1 16 18 7
1 17 3 22
1 19 92 1
1 24 63 11
1 27 3 27
2 1 9 1
2 3 2 21
2 4 85 2
2 5 1 18
2 6 124 1
2 7 52 21
2 8 56 1
2 10 302 1
2 11 1 22
2 14 8 4
2 20 5 10
2 25 2 26
3 0 36 20
3 1 19 3
3 2 8 1
3 4 7 18
3 5 69 22
3 6 93 1
3 7 66 27
3 8 75 28
3 9 35 1
3 10 96 1
3 11 51 1
3 12 13 5
3 15 1 25
3 16 19 12
3 20 3 24
3 24 18 14
4 0 2 10
4 1 4 21
4 2 53 10
4 3 1 16
4 5 3 9
4 6 10 28
4 7 18 1
4 8 190 1
4 9 63 1
4 10 157 1
4 11 3 9
4 12 1 23
4 14 26 2
4 17 330 1
4 18 90 1
4 20 71 1
4 24 2 27
4 25 1 19
5 0 25 4
5 1 134 6
5 2 2 18
5 3 26 15
5 4 3 9
5 6 4 17
5 7 70 1
5 8 108 20
5 10 196 1
5 11 12 19
5 16 32 5
5 17 95 2
5 20 45 2
5 23 23 2
5 24 43 4
6 0 4 28
6 1 95 1
6 2 17 13
6 3 22 2
6 4 3 24
6 7 2 26
6 8 45 22
6 9 2 27
6 10 7 1
6 12 1 12
6 13 1 18
6 14 1 2
6 16 117 2
6 17 1 16
6 18 164 11
6 19 3 4
6 20 143 1
6 23 2 13
6 25 2 24
6 26 82 1
6 27 16 12
7 0 1 15
7 1 163 1
7 2 24 23
7 3 2 2
7 5 52 25
7 6 6 10
7 8 49 19
7 9 3 11
7 10 2 26
7 11 95 15
7 12 106 2
7 14 38 1
7 15 168 1
7 17 102 1
7 25 194 1
7 26 1 10
7 27 1 3
8 0 19 20
8 1 20 18
8 2 2 13
8 3 17 29
8 4 10 11
8 5 365 15
8 6 37 15
8 7 26 1
8 9 16 22
8 10 8 27
8 11 411 1
8 12 1 29
8 14 1 23
8 15 165 2
8 16 103 22
8 17 6 21
8 18 184 1
8 21 19 2
8 22 1 2
8 23 1 7
8 24 91 7
8 26 1 15
9 0 28 4
9 1 1 5
9 2 6 25
9 3 73 1
9 4 268 1
9 5 2 21
9 6 8 3
9 8 4 4
9 10 5 17
9 12 6 15
9 13 28 1
9 14 6 2
9 18 1 28
9 22 1 2
9 23 4 17
10 0 17 1
10 1 109 1
10 2 111 1
10 4 2 18
10 6 1 24
10 7 4 5
10 8 75 5
10 9 5 3
10 11 1 26
10 13 256 1
10 14 21 3
10 15 34 1
10 20 17 16
10 22 116 4
10 23 1 4
10 25 1 26
11 0 210 1
11 1 253 1
11 2 64 1
11 3 1 26
11 4 33 24
11 6 314 1
11 7 9 21
11 8 58 6
11 9 1 26
11 10 32 2
11 13 9 11
11 14 183 1
11 15 5 1
11 17 107 4
11 19 4 2
11 20 19 1
11 21 18 9
11 22 5 27
11 23 1 28
11 24 27 1
11 25 326 1
12 1 95 2
12 2 3 26
12 5 8 1
12 6 1 11
12 7 1 24
12 9 49 1
12 10 3 18
12 13 118 2
12 15 3 27
12 17 23 2
12 24 24 4
12 27 51 19
13 3 17 20
13 4 4 19
13 7 1 27
13 9 1 9
13 10 4 6
13 22 2 7
13 26 2 21
14 0 4 2
14 1 2 2
14 2 1 4
14 5 18 5
14 6 160 3
14 8 18 4
14 9 17 16
14 10 3 11
14 11 87 1
14 12 99 1
14 13 1 1
14 15 16 1
14 19 1 25
14 23 1 17
14 26 1 8
15 4 1 13
15 5 15 8
15 7 191 1
15 10 70 1
15 11 91 8
15 12 2 1
15 13 1 26
15 14 3 14
15 18 2 1
15 23 17 20
15 25 25 20
15 27 7 5
16 0 19 18
16 1 18 13
16 2 49 1
16 3 18 18
16 4 38 2
16 5 18 27
16 6 99 3
16 8 43 28
16 9 1 1
16 13 1 23
16 17 164 1
16 20 5 23
16 24 31 28
17 1 270 1
17 3 1 10
17 4 267 1
17 6 1 4
17 7 1 14
17 9 147 1
17 10 24 4
17 12 136 1
17 16 195 1
17 18 95 1
17 22 1 10
18 1 84 1
18 2 2 22
18 4 7 11
18 16 66 17
18 17 24 3
19 0 44 1
19 1 17 6
19 2 1 26
19 4 60 1
19 6 55 1
19 7 1 10
19 18 24 1
19 20 274 26
20 2 1 22
20 3 5 28
20 7 1 22
20 8 2 26
20 15 44 2
20 19 2 22
20 24 84 26
20 25 2 19
21 3 1 4
21 7 37 10
21 10 21 5
21 18 1 9
21 22 3 1
22 5 1 22
22 10 1 3
22 11 18 12
23 3 1 29
23 6 1 8
23 7 1 18
23 9 65 1
23 11 6 29
23 13 4 17
23 20 59 19
23 22 7 1
23 24 9 2
24 0 43 12
24 1 18 1
24 3 52 16
24 4 61 1
24 5 18 10
24 8 159 2
24 9 44 12
24 11 2 15
24 16 47 12
24 20 1 25
24 23 1 23
24 25 39 5
25 0 1 22
25 1 13 3
25 2 1 11
25 3 1 5
25 7 12 4
25 8 111 1
25 13 9 2
25 20 1 4
26 7 1 9
26 8 1 9
26 20 3 19
26 24 29 19
26 27 10 1
27 6 8 21
27 7 6 18
27 10 2 24
27 14 1 21
27 16 18 2
27 24 36 8
27 25 1 3
