0 1 137 18
0 2 6 22
0 3 17 5
0 4 1 15
0 5 24 3
0 6 4 8
0 8 41 21
0 11 266 1
0 12 1 23
0 16 166 25
0 17 1 21
0 18 152 18
0 19 168 1
0 20 1 3
0 23 33 4
0 24 143 24
0 25 4 26
0 26 1 27
1 0 8 19
1 2 117 1
1 3 6 16
1 4 4 14
1 5 136 1
1 6 144 1
1 7 1 29
1 8 7 1
1 10 1 19
1 16 158 18
1 17 1 26
1 18 1 18
1 19 81 2
1 20 1 3
1 24 24 8
2 0 1 16
2 1 1 29
2 3 2 27
2 4 70 1
2 5 1 14
2 6 97 1
2 7 2 9
2 8 109 1
2 10 286 1
2 18 3 27
2 19 15 1
2 20 1 24
2 21 1 26
2 24 6 7
2 27 25 15
3 0 156 13
3 1 7 1
3 2 1 3
3 4 106 6
3 5 6 29
3 6 76 2
3 7 188 1
3 8 7 14
3 9 30 1
3 10 82 1
3 11 164 1
3 16 41 15
3 18 39 3
3 19 1 28
3 24 85 7
3 27 1 6
4 0 3 12
4 1 4 25
4 2 121 2
4 3 85 26
4 5 10 12
4 6 3 18
4 7 12 4
4 8 160 1
4 9 41 1
4 10 140 2
4 11 1 2
4 17 330 2
4 18 64 1
4 24 1 15
4 25 12 4
5 0 21 3
5 1 102 3
5 2 1 1
5 3 102 29
5 4 9 3
5 6 203 1
5 8 201 27
5 9 66 1
5 10 118 1
5 14 46 1
5 15 1 21
5 16 103 27
5 17 88 3
5 18 21 1
5 20 42 1
5 24 107 24
6 0 7 27
6 1 49 1
6 2 25 15
6 3 13 3
6 4 2 18
6 5 10 27
6 7 5 27
6 8 51 2
6 9 19 15
6 10 14 1
6 12 11 15
6 13 1 8
6 14 1 14
6 16 113 1
6 19 2 17
6 20 137 2
6 21 8 11
6 22 37 4
6 24 1 26
7 0 1 22
7 1 142 1
7 2 1 5
7 6 3 6
7 8 200 2
7 9 1 11
7 10 87 20
7 11 48 26
7 13 1 4
7 14 31 1
7 15 78 1
7 16 6 11
7 17 94 2
7 20 22 3
7 21 55 17
7 22 45 2
7 23 1 1
7 25 25 1
7 26 1 28
8 0 131 11
8 1 292 10
8 2 123 1
8 3 21 25
8 4 1 20
8 5 17 19
8 6 297 29
8 7 82 1
8 9 3 13
8 10 310 10
8 11 97 1
8 12 1 27
8 14 2 4
8 15 157 1
8 16 93 17
8 17 107 2
8 19 8 5
8 24 6 18
9 0 3 25
9 1 1 6
9 2 3 12
9 3 67 3
9 4 264 1
9 5 4 19
9 6 61 15
9 7 241 4
9 8 8 20
9 10 14 20
9 11 220 1
9 12 2 10
9 14 27 15
9 18 1 3
9 22 72 26
9 25 1 18
9 27 1 14
10 1 93 1
10 2 105 1
10 4 1 19
10 5 158 2
10 6 1 11
10 7 1 28
10 8 3 4
10 9 4 27
10 11 1 19
10 12 38 1
10 13 243 1
10 14 3 13
10 15 21 1
10 17 1 13
10 19 1 4
10 20 7 21
10 24 3 7
10 25 11 11
10 27 54 1
11 0 202 1
11 1 244 1
11 2 53 1
11 3 44 5
11 4 1 27
11 5 1 11
11 6 296 1
11 7 7 10
11 8 163 18
11 9 1 17
11 10 15 27
11 12 1 20
11 13 10 6
11 14 152 1
11 15 1 12
11 19 1 24
11 21 1 29
11 22 152 12
11 23 1 13
11 24 13 1
11 25 266 1
11 27 225 1
12 0 1 10
12 1 88 2
12 3 99 19
12 5 3 6
12 6 4 19
12 7 1 13
12 8 3 2
12 9 308 1
12 10 3 28
12 14 148 2
12 16 7 12
12 17 20 1
12 18 2 3
12 22 1 7
13 1 1 27
13 3 17 26
13 6 1 27
13 8 1 3
13 10 1 2
13 11 14 1
13 14 22 1
13 15 11 1
13 27 7 1
14 1 1 2
14 3 3 26
14 8 26 19
14 9 28 3
14 10 6 3
14 11 62 1
14 12 90 2
14 15 41 1
14 18 1 27
14 22 1 27
14 26 7 7
15 2 6 10
15 5 1 2
15 7 12 1
15 8 121 1
15 9 31 1
15 10 52 1
15 11 5 26
15 14 1 28
15 20 1 27
15 23 17 25
15 25 25 16
15 26 20 6
15 27 6 4
16 0 6 8
16 1 63 2
16 3 23 1
16 4 32 1
16 5 6 3
16 8 21 29
16 9 1 24
16 11 41 1
16 13 1 26
16 17 267 1
16 19 1 11
16 24 7 28
17 1 228 1
17 3 90 5
17 4 53 20
17 5 164 4
17 6 1 11
17 8 165 1
17 9 140 3
17 12 133 5
17 16 40 1
17 18 20 3
17 20 5 8
17 23 47 9
17 25 81 4
18 1 74 1
18 4 1 23
18 5 16 27
18 6 13 1
18 8 131 2
18 16 62 1
18 17 5 22
19 0 26 1
19 4 55 2
19 5 1 7
19 10 1 7
19 11 105 2
19 14 13 16
19 16 1 17
19 20 90 1
20 1 2 15
20 3 1 17
20 4 10 26
20 5 3 12
20 6 1 22
20 8 2 29
20 9 14 10
20 11 16 3
20 14 36 15
20 19 139 1
20 25 1 28
21 4 68 1
21 5 8 13
21 8 1 16
21 10 19 4
21 12 72 1
21 18 1 20
21 20 7 7
21 23 1 2
22 0 62 3
22 8 1 29
22 10 50 28
22 13 1 1
22 15 7 8
22 20 5 1
22 24 1 27
23 0 66 19
23 1 50 2
23 4 3 27
23 7 1 10
23 10 1 5
23 11 1 7
23 12 2 5
23 24 3 28
24 0 6 12
24 1 42 24
24 3 7 14
24 4 58 5
24 5 6 1
24 7 267 1
24 8 43 14
24 10 13 15
24 11 4 24
24 12 7 13
24 15 2 16
24 16 6 22
24 18 12 21
24 23 4 23
24 26 48 3
25 0 1 29
25 1 11 5
25 6 110 1
25 8 102 1
25 11 121 1
25 13 8 15
25 15 2 15
25 17 41 1
25 24 6 8
25 26 5 28
26 1 54 2
26 9 4 27
26 11 11 9
26 18 30 8
26 21 5 9
27 5 16 1
27 7 1 15
27 10 2 21
27 11 172 1
27 19 4 5
27 22 1 22
27 25 1 23
