0 1 206 20
0 3 105 1
0 4 2 20
0 5 246 1
0 7 281 21
0 8 24 1
0 11 257 2
0 13 13 1
0 16 51 1
0 17 1 26
0 18 1 9
0 19 145 1
0 20 1 2
0 22 7 1
0 23 32 2
0 24 197 21
0 25 1 29
1 0 66 1
1 2 182 1
1 3 43 1
1 4 4 3
1 5 126 20
1 6 98 1
1 7 2 25
1 8 123 1
1 9 1 22
1 10 1 6
1 11 67 1
1 12 16 1
1 14 36 1
1 16 80 1
1 17 11 22
1 19 73 1
1 20 5 22
1 24 8 16
1 27 4 14
2 0 4 18
2 1 2 5
2 3 61 3
2 4 58 1
2 5 1 2
2 6 76 1
2 7 7 15
2 8 94 1
2 9 82 10
2 10 271 1
2 12 2 12
2 13 1 9
2 14 5 7
2 15 1 15
2 19 7 4
2 20 1 25
2 26 22 1
3 0 2 12
3 1 46 11
3 2 6 28
3 4 108 17
3 5 46 11
3 6 64 1
3 7 44 1
3 8 73 7
3 10 71 1
3 11 34 1
3 13 28 14
3 14 1 3
3 16 31 3
3 18 37 2
3 24 59 2
3 26 15 20
4 1 4 16
4 2 1 24
4 3 7 28
4 5 3 28
4 6 3 21
4 8 137 1
4 9 26 2
4 10 127 1
4 12 2 16
4 18 46 1
4 19 52 1
4 24 44 16
4 25 18 14
5 0 75 2
5 1 145 23
5 3 25 1
5 4 3 26
5 6 244 29
5 7 45 1
5 8 10 21
5 9 342 1
5 10 112 1
5 15 1 7
5 16 90 1
5 18 17 3
5 21 1 25
5 24 70 1
6 0 1 16
6 1 23 1
6 2 15 6
6 4 108 14
6 5 65 9
6 7 153 5
6 8 20 26
6 9 13 14
6 10 1 26
6 11 2 12
6 12 2 10
6 14 1 11
6 17 2 23
6 18 42 2
6 20 133 1
6 21 1 7
6 23 1 23
6 27 3 15
7 0 16 5
7 1 126 1
7 3 1 24
7 4 299 1
7 6 2 16
7 8 12 16
7 9 2 15
7 10 105 28
7 13 1 3
7 14 175 1
7 15 68 1
7 16 1 13
7 17 88 1
7 19 2 24
7 20 18 1
7 25 9 1
7 26 1 23
7 27 1 27
8 0 93 16
8 1 2 3
8 2 419 1
8 3 91 1
8 4 18 26
8 5 241 1
8 6 312 13
8 6 171 28
8 7 42 1
8 9 10 11
8 10 60 2
8 11 378 1
8 12 47 15
8 14 2 20
8 15 149 1
8 16 50 18
8 17 106 3
8 18 8 16
8 24 27 1
9 0 33 16
9 1 4 2
9 2 6 14
9 3 62 3
9 4 243 1
9 5 9 11
9 6 62 2
9 7 73 1
9 8 85 4
9 10 11 20
9 11 207 1
9 12 2 3
9 13 82 11
9 14 2 17
9 16 60 4
9 17 3 4
9 19 1 7
10 0 9 3
10 1 81 1
10 2 89 1
10 4 5 21
10 5 11 29
10 6 1 27
10 7 1 18
10 8 2 28
10 9 4 13
10 12 29 2
10 13 230 1
10 14 4 28
11 0 53 1
11 1 235 2
11 2 44 2
11 3 1 9
11 5 3 1
11 6 282 1
11 7 300 23
11 8 220 27
11 9 2 4
11 10 107 12
11 13 1 2
11 14 128 1
11 15 2 9
11 16 24 20
11 18 95 1
11 23 1 1
11 24 5 1
11 25 224 1
11 26 161 3
11 27 218 2
12 0 1 5
12 1 82 3
12 9 28 1
12 11 7 1
12 14 143 2
12 15 1 21
12 16 1 29
12 21 48 3
12 26 51 2
13 1 1 9
13 3 2 4
13 6 23 18
13 9 1 2
13 10 1 17
13 11 185 2
13 14 13 1
13 17 1 15
13 20 1 26
14 6 145 1
14 7 2 3
14 8 1 5
14 10 3 12
14 11 45 1
14 15 4 1
14 19 9 4
14 23 17 3
14 24 41 9
14 26 7 14
15 2 5 23
15 3 1 12
15 4 2 28
15 7 160 1
15 8 113 1
15 9 27 2
15 10 40 1
15 11 33 7
15 13 17 28
15 14 3 21
15 17 76 4
15 21 8 15
15 25 26 9
15 27 5 17
16 0 187 2
16 1 98 1
16 3 55 1
16 5 6 22
16 6 91 3
16 7 94 3
16 8 29 1
16 9 2 22
16 11 39 1
16 13 6 25
16 17 243 1
16 18 92 22
16 20 19 3
16 24 2 19
17 1 188 1
17 3 35 2
17 4 265 1
17 5 161 2
17 6 4 25
17 7 1 12
17 8 155 1
17 9 135 2
17 12 131 3
17 14 94 5
17 16 34 1
17 19 62 2
17 20 3 26
17 21 1 10
17 22 64 3
17 27 59 3
18 1 66 1
18 4 1 3
18 8 125 2
18 9 11 27
18 10 4 25
18 16 57 2
19 3 8 20
19 4 51 3
19 5 2 6
19 6 88 1
19 7 1 3
19 8 2 13
19 10 2 5
19 14 13 2
19 17 6 17
19 20 242 1
20 1 1 22
20 2 74 23
20 3 1 5
20 4 2 13
20 6 5 9
20 7 2 13
20 8 1 3
20 9 1 21
20 10 10 11
20 11 14 1
20 13 13 1
20 14 38 14
20 15 39 2
20 17 3 14
20 19 1 8
21 1 28 6
21 2 16 9
21 4 67 1
21 8 1 9
21 16 15 7
22 10 52 26
22 11 9 27
22 12 48 3
22 14 4 28
22 26 1 9
23 3 20 17
23 4 1 26
23 5 11 3
23 6 1 27
23 9 60 5
23 10 1 2
23 11 1 20
23 12 17 7
23 15 1 12
23 17 1 24
23 21 7 3
23 22 10 1
23 24 1 27
24 0 100 19
24 1 190 1
24 2 1 21
24 3 112 1
24 4 57 3
24 5 164 3
24 8 57 6
24 9 1 21
24 10 4 2
24 11 14 28
24 12 1 24
24 13 5 11
24 15 2 2
24 16 10 5
24 23 5 14
24 26 45 6
25 1 10 1
25 2 1 17
25 5 14 2
25 7 32 1
25 8 95 2
25 11 97 1
25 12 24 26
25 13 7 20
25 14 1 15
25 17 39 3
25 27 1 10
26 19 8 15
26 27 1 3
27 6 49 22
27 7 26 8
27 10 7 24
27 11 164 1
27 12 2 2
27 14 1 14
27 16 1 16
27 17 20 3
27 18 38 8
27 24 37 24
27 25 4 21
