0 1 199 1
0 2 9 7
0 3 103 1
0 4 40 1
0 5 59 6
0 6 1 17
0 8 88 1
0 10 1 7
0 12 14 24
0 16 103 1
0 17 2 18
0 19 124 1
0 20 1 13
0 24 74 1
0 25 4 13
1 0 113 2
1 2 116 1
1 3 32 1
1 4 12 9
1 5 59 1
1 6 62 1
1 7 1 17
1 8 26 29
1 9 2 14
1 10 3 3
1 12 14 1
1 14 33 1
1 16 41 6
1 17 7 29
1 20 1 14
1 24 91 1
2 0 1 17
2 1 3 23
2 3 54 1
2 4 48 1
2 6 58 1
2 7 48 23
2 8 53 1
2 9 1 28
2 10 257 1
2 11 36 10
2 15 1 21
2 17 1 1
2 20 1 27
2 21 1 9
2 25 1 18
2 27 24 19
3 0 146 1
3 1 48 1
3 2 6 6
3 4 1 11
3 5 42 1
3 6 53 1
3 7 168 1
3 8 56 21
3 9 22 1
3 10 61 2
3 11 142 1
3 13 3 15
3 16 69 1
3 18 35 1
3 24 113 1
3 27 1 17
4 0 2 21
4 1 4 14
4 5 86 20
4 6 17 12
4 8 116 1
4 9 15 1
4 10 115 1
4 11 2 26
4 12 1 27
4 14 18 1
4 16 1 15
4 17 323 1
4 18 32 1
4 19 49 2
4 20 58 1
4 25 13 21
5 0 148 1
5 1 237 1
5 3 48 1
5 4 33 2
5 6 196 1
5 7 36 1
5 8 27 1
5 9 190 1
5 10 158 1
5 11 3 11
5 12 2 8
5 16 42 1
5 17 77 1
5 24 149 1
6 0 2 2
6 2 1 28
6 4 156 22
6 5 18 11
6 7 2 8
6 8 137 29
6 9 8 22
6 10 208 1
6 11 8 2
6 12 3 6
6 14 8 3
6 16 107 3
6 17 2 2
6 18 40 2
6 20 128 1
6 27 3 24
7 0 18 8
7 1 111 1
7 3 2 11
7 4 294 1
7 5 1 22
7 6 175 26
7 8 36 14
7 9 2 19
7 10 4 6
7 11 423 1
7 13 1 4
7 14 25 2
7 15 7 1
7 16 7 5
7 17 82 2
7 19 1 23
7 21 13 12
7 24 2 4
7 25 4 1
8 0 93 2
8 1 148 24
8 2 291 1
8 3 264 1
8 4 2 1
8 5 191 1
8 6 85 6
8 7 17 1
8 9 3 23
8 10 33 27
8 11 76 1
8 12 94 21
8 14 14 10
8 15 142 1
8 16 47 1
8 18 3 12
8 19 1 12
8 20 176 1
8 22 2 6
8 23 4 11
8 24 6 3
8 27 1 22
9 0 2 21
9 1 4 26
9 2 4 10
9 3 58 1
9 4 125 1
9 5 6 16
9 6 7 24
9 7 236 1
9 8 18 3
9 10 5 3
9 11 194 1
9 12 8 24
9 17 1 1
9 18 17 14
9 24 1 10
10 1 70 1
10 2 109 1
10 3 209 12
10 4 1 26
10 5 162 1
10 6 1 17
10 7 1 25
10 8 400 15
10 9 6 15
10 11 176 2
10 13 216 1
10 14 32 27
10 15 7 2
10 16 1 20
10 17 1 9
10 18 1 26
10 22 57 1
10 26 89 2
10 27 47 2
11 0 43 1
11 2 36 1
11 3 18 3
11 4 26 21
11 5 10 7
11 6 267 1
11 7 1 21
11 8 2 8
11 10 3 26
11 13 13 7
11 14 107 1
11 15 11 10
11 17 93 1
11 22 4 17
11 23 2 2
11 25 176 1
11 27 212 1
12 0 1 11
12 1 77 3
12 4 2 1
12 6 107 5
12 7 1 7
12 9 272 1
12 11 5 3
12 14 138 2
12 15 3 12
12 17 16 6
12 18 30 15
12 21 45 1
12 24 19 1
13 7 1 25
13 8 1 24
13 9 2 15
13 10 1 14
13 11 7 1
13 12 137 1
13 14 6 1
13 15 9 1
13 17 1 8
13 20 8 2
13 22 1 4
13 27 2 19
14 1 7 19
14 7 2 27
14 8 1 12
14 9 1 23
14 10 3 4
14 11 32 1
14 12 76 2
14 13 1 15
14 15 1 13
14 19 9 23
14 20 3 13
14 23 1 9
14 27 15 6
15 1 1 20
15 2 17 14
15 5 1 5
15 6 67 2
15 7 138 1
15 8 106 1
15 9 23 2
15 10 29 2
15 11 4 23
15 12 112 1
15 14 18 4
15 21 8 19
15 22 12 2
15 23 7 3
15 24 1 5
15 26 20 1
16 0 179 1
16 1 61 18
16 3 69 1
16 4 23 1
16 5 132 1
16 6 88 2
16 8 107 1
16 17 220 1
16 18 21 3
16 24 258 1
17 1 178 1
17 2 1 6
17 3 44 27
17 5 158 1
17 6 4 7
17 7 23 12
17 8 146 1
17 11 1 20
17 12 129 4
17 16 14 1
17 18 81 2
17 20 1 11
17 21 1 18
17 27 59 1
18 1 58 2
18 2 5 11
18 4 2 22
18 5 2 9
18 8 119 1
18 9 1 22
18 10 5 26
18 16 188 1
18 17 12 19
18 21 4 27
18 25 42 7
19 4 48 1
19 8 4 15
19 10 1 17
19 17 4 29
19 18 21 2
19 20 41 1
19 25 11 1
20 1 1 18
20 3 34 23
20 8 126 3
20 9 3 13
20 14 39 10
20 18 1 24
20 19 97 18
20 26 7 26
21 3 1 25
21 4 66 1
21 6 1 3
21 9 1 15
21 10 16 4
22 11 3 18
22 12 44 1
22 14 30 3
22 16 5 22
22 18 1 29
23 1 47 2
23 7 1 7
23 10 2 20
23 11 1 10
23 12 1 12
23 15 6 4
23 20 6 11
23 22 8 1
23 24 15 4
24 0 81 1
24 1 9 1
24 3 272 1
24 5 99 1
24 8 51 1
24 10 1 22
24 11 3 13
24 16 243 1
24 25 34 3
25 1 8 1
25 6 103 1
25 8 89 1
25 11 75 1
25 12 53 28
25 14 1 9
25 27 1 17
26 5 18 20
26 7 52 26
26 8 24 8
26 10 3 23
26 13 5 13
26 15 8 2
26 19 12 17
27 11 155 1
27 14 1 16
27 15 1 8
27 18 37 2
27 23 3 21
27 24 1 13
27 26 79 1
