0 1 191 14
0 3 66 1
0 4 2 5
0 5 96 4
0 6 1 24
0 7 130 6
0 8 183 1
0 12 37 9
0 14 94 4
0 16 152 14
0 17 70 6
0 19 117 1
0 20 2 6
0 24 36 14
1 0 80 20
1 2 101 1
1 3 151 2
1 4 27 3
1 5 109 1
1 6 51 1
1 8 365 1
1 10 1 29
1 11 57 2
1 12 13 2
1 16 28 13
1 17 2 20
1 19 63 1
1 20 44 17
1 24 136 1
2 0 3 12
2 1 3 3
2 3 46 4
2 4 45 1
2 6 53 1
2 7 1 2
2 8 41 1
2 9 82 23
2 10 252 1
2 16 20 1
3 0 178 22
3 1 113 1
3 2 19 5
3 5 18 3
3 7 154 1
3 8 91 1
3 9 21 3
3 10 58 1
3 11 136 1
3 12 8 13
3 16 104 5
3 17 172 3
3 20 7 10
3 23 1 16
3 24 245 1
3 26 15 1
4 0 1 19
4 1 8 5
4 5 53 19
4 6 30 26
4 8 109 1
4 9 12 2
4 10 111 1
4 12 1 29
4 13 50 3
4 18 27 1
4 20 57 1
4 23 8 6
5 0 187 1
5 1 90 1
5 3 93 1
5 4 3 14
5 6 107 1
5 7 33 2
5 8 117 29
5 9 34 1
5 10 151 1
5 12 8 6
5 14 41 3
5 16 22 1
5 18 13 4
5 21 3 23
5 24 57 3
5 27 1 9
6 0 100 4
6 1 3 1
6 2 20 19
6 4 2 11
6 5 19 28
6 7 297 14
6 8 15 12
6 9 14 8
6 10 199 1
6 11 1 12
6 12 1 11
6 13 9 15
6 14 6 7
6 17 1 26
6 20 127 1
6 22 32 5
6 23 1 5
6 24 1 15
7 0 49 11
7 1 106 1
7 3 4 5
7 4 292 2
7 5 5 5
7 6 7 12
7 8 390 19
7 10 6 2
7 11 398 21
7 12 89 1
7 14 22 1
7 15 45 1
7 16 7 14
7 18 163 13
7 20 12 2
7 21 2 8
7 24 1 27
7 25 168 1
7 26 2 7
8 0 23 1
8 1 311 1
8 2 278 1
8 3 181 1
8 4 2 6
8 5 78 12
8 6 202 25
8 7 10 1
8 9 4 28
8 10 344 22
8 11 68 1
8 13 1 14
8 14 4 23
8 16 6 14
8 18 14 21
8 19 1 28
8 20 174 2
8 21 14 13
8 22 6 25
8 23 6 11
8 24 151 1
8 27 2 3
9 0 1 23
9 1 1 5
9 2 1 23
9 3 56 1
9 4 230 1
9 5 6 29
9 6 6 27
9 8 6 15
9 10 89 6
9 11 189 1
9 12 6 10
9 17 5 26
9 19 4 15
9 20 4 28
9 21 1 4
9 24 1 22
10 2 103 6
10 4 1 16
10 5 145 1
10 6 17 18
10 7 118 16
10 8 270 1
10 9 3 14
10 11 117 5
10 13 212 1
10 14 91 11
10 15 5 2
10 17 1 29
10 19 26 18
10 22 168 3
10 24 1 12
11 0 41 2
11 1 224 1
11 2 34 2
11 3 33 9
11 4 42 6
11 5 1 19
11 6 262 1
11 7 269 27
11 8 11 27
11 9 6 27
11 10 5 12
11 13 4 22
11 14 100 1
11 15 12 14
11 16 24 22
11 18 91 7
11 19 2 23
11 22 14 28
11 23 1 10
11 25 161 1
11 27 209 1
12 0 1 25
12 1 76 1
12 3 97 19
12 6 107 28
12 9 15 1
12 11 4 7
12 16 10 4
12 20 25 5
12 21 43 4
12 23 2 4
12 24 19 1
13 3 27 15
13 7 1 9
13 8 2 7
13 9 1 10
13 11 4 2
13 12 135 1
13 14 5 1
13 15 8 3
14 1 1 27
14 2 1 20
14 6 135 1
14 8 24 8
14 9 1 4
14 10 6 10
14 11 27 2
14 12 74 1
14 13 1 26
14 15 18 1
14 18 1 24
14 20 1 7
14 24 41 1
15 1 1 2
15 5 1 4
15 7 131 1
15 8 103 1
15 9 22 1
15 10 26 1
15 11 231 26
15 17 10 7
15 24 1 18
15 25 1 12
15 27 5 2
16 0 123 1
16 1 204 1
16 3 51 1
16 4 21 3
16 5 53 1
16 8 111 1
16 9 8 21
16 11 37 1
16 17 212 1
16 18 20 1
16 24 7 3
17 0 1 23
17 1 166 1
17 3 4 3
17 4 47 28
17 5 157 3
17 6 1 16
17 8 143 1
17 9 128 2
17 14 93 5
17 16 6 1
17 18 15 1
17 19 58 2
17 20 1 15
17 21 1 1
18 4 4 19
18 8 118 1
18 9 1 6
18 10 1 10
18 11 64 1
18 16 183 1
18 17 1 17
18 26 6 7
19 0 5 1
19 2 1 8
19 3 8 1
19 9 1 1
19 10 114 10
19 20 25 2
19 24 1 3
20 1 1 10
20 3 6 10
20 4 2 5
20 6 1 21
20 8 104 21
20 13 12 1
20 17 1 20
20 19 2 2
20 23 3 2
20 25 5 2
21 11 1 6
21 12 62 3
21 17 51 5
21 18 2 19
21 22 1 3
22 9 20 9
22 10 20 27
22 11 25 24
22 12 42 4
22 15 6 1
22 17 5 17
22 18 22 10
23 11 8 27
23 18 1 16
24 0 94 1
24 1 7 18
24 3 181 1
24 4 55 1
24 5 119 1
24 6 3 4
24 7 263 4
24 8 259 1
24 9 1 17
24 11 1 27
24 12 2 1
24 16 204 1
24 17 3 17
25 0 1 18
25 3 2 7
25 7 119 1
25 8 87 1
25 11 66 1
25 13 7 5
25 17 37 1
26 0 14 1
26 8 3 3
26 10 2 5
26 11 1 9
26 20 1 23
26 25 8 17
27 2 1 7
27 4 7 10
27 7 1 18
27 8 55 1
27 11 152 1
27 15 1 23
27 25 2 10
27 26 41 1
