0 1 184 1
0 3 217 1
0 4 1 5
0 5 155 1
0 6 1 16
0 7 278 3
0 8 19 1
0 11 237 1
0 12 1 14
0 16 142 1
0 17 1 8
0 18 1 14
0 19 98 1
0 24 25 1
0 25 1 18
1 0 11 1
1 2 308 1
1 3 215 1
1 4 8 24
1 5 192 1
1 6 27 1
1 7 6 6
1 8 219 1
1 10 1 13
1 12 10 1
1 16 30 1
1 17 2 5
1 19 56 1
1 20 4 26
1 24 43 1
1 26 2 15
2 0 3 24
2 1 4 13
2 3 43 1
2 4 36 1
2 5 1 5
2 6 39 1
2 7 73 20
2 8 16 1
2 10 237 1
2 12 1 14
2 15 1 2
2 20 1 24
2 27 23 4
3 0 108 1
3 1 57 17
3 2 25 2
3 4 14 3
3 6 40 2
3 7 310 1
3 8 37 1
3 9 18 1
3 10 50 1
3 11 22 1
3 14 3 9
3 15 3 14
3 16 42 1
3 17 167 2
3 19 1 2
3 20 7 22
3 24 50 1
3 27 24 7
4 0 1 19
4 1 4 8
4 3 5 9
4 5 2 23
4 6 3 6
4 8 91 1
4 9 5 2
4 10 100 1
4 13 48 2
4 16 5 25
4 17 318 1
4 18 17 1
4 19 45 1
5 0 31 3
5 1 63 26
5 3 26 1
5 4 6 18
5 6 136 19
5 8 18 1
5 9 239 1
5 10 89 1
5 12 1 26
5 14 40 1
5 16 16 3
5 17 71 1
5 18 11 2
5 21 3 2
5 24 66 1
6 2 4 2
6 3 1 2
6 4 2 3
6 5 16 16
6 7 335 13
6 8 62 15
6 9 4 6
6 10 399 1
6 11 1 25
6 12 20 9
6 13 1 25
6 14 4 10
6 17 10 3
6 18 196 1
6 21 1 26
6 27 22 23
7 0 7 5
7 1 93 1
7 3 8 5
7 4 287 2
7 5 134 13
7 6 63 24
7 8 3 7
7 9 9 13
7 10 2 5
7 11 37 1
7 12 84 3
7 13 1 21
7 14 13 13
7 15 156 1
7 16 7 5
7 19 1 10
7 20 9 3
7 21 1 6
7 24 2 23
7 25 154 1
7 27 9 4
8 0 124 1
8 1 118 1
8 2 215 1
8 3 42 1
8 4 1 2
8 5 32 1
8 6 296 1
8 7 1 1
8 9 6 7
8 10 2 10
8 11 365 1
8 12 1 25
8 13 1 4
8 14 99 20
8 15 133 1
8 16 127 1
8 19 8 20
8 20 168 1
8 21 13 14
8 23 1 26
8 24 27 1
8 27 3 10
9 1 2 27
9 2 17 1
9 4 208 1
9 5 117 1
9 6 21 16
9 8 1 15
9 10 5 3
9 11 177 2
9 12 2 7
9 13 80 2
9 17 26 3
9 18 7 26
9 24 20 22
10 0 4 1
10 1 57 2
10 2 93 1
10 4 9 29
10 5 4 1
10 6 2 12
10 7 225 9
10 8 20 12
10 9 6 8
10 11 108 1
10 12 14 3
10 13 198 1
10 14 3 21
10 17 2 23
10 20 9 22
10 24 2 26
10 25 3 16
10 27 43 1
11 0 33 1
11 3 76 8
11 4 1 29
11 5 2 9
11 6 249 1
11 7 301 4
11 8 2 3
11 9 1 27
11 10 2 27
11 12 1 10
11 13 27 10
11 14 82 1
11 15 16 1
11 21 1 10
11 22 1 21
11 23 1 2
11 25 121 1
12 0 1 11
12 1 71 1
12 2 2 5
12 6 94 24
12 9 248 1
12 10 3 26
12 11 3 2
12 13 211 3
12 14 132 1
12 15 4 4
12 16 10 8
12 25 45 1
12 26 50 3
12 27 51 24
13 1 5 22
13 5 7 26
13 8 3 2
13 9 1 8
13 10 2 10
13 11 178 1
13 12 74 1
13 14 1 3
13 15 9 13
13 22 5 2
13 26 1 4
13 27 2 5
14 1 8 23
14 8 1 10
14 9 3 1
14 10 3 9
14 11 17 1
14 13 1 6
14 15 9 1
14 16 27 1
14 27 14 7
15 7 112 1
15 8 96 2
15 9 19 5
15 10 18 1
15 11 38 10
15 12 109 2
15 14 1 22
15 20 1 17
15 21 8 3
15 25 30 13
15 26 19 3
16 0 99 1
16 1 39 1
16 2 40 2
16 3 34 1
16 4 18 1
16 5 50 1
16 6 84 1
16 8 74 14
16 9 1 11
16 17 191 1
16 18 17 2
16 20 1 13
16 24 51 1
16 26 7 4
17 1 131 1
17 3 1 14
17 4 260 2
17 6 2 2
17 7 2 29
17 8 134 2
17 9 124 1
17 13 1 5
17 16 172 1
17 18 9 2
17 20 3 7
18 1 50 1
18 3 60 5
18 4 5 29
18 5 2 4
18 6 4 3
18 7 2 1
18 10 1 21
18 11 62 1
18 12 109 3
18 16 48 1
18 17 15 21
18 23 29 1
19 4 43 2
19 5 2 3
19 6 81 2
19 7 1 14
19 8 1 19
19 11 96 1
19 17 8 24
19 18 19 4
19 20 188 7
19 27 7 3
20 1 1 26
20 3 1 15
20 6 3 23
20 8 1 10
20 9 14 9
20 15 36 1
20 16 65 1
20 19 96 2
21 12 58 1
21 16 1 29
22 4 2 2
22 8 1 9
22 10 2 14
22 11 1 10
22 12 38 2
22 18 3 24
22 23 2 11
22 24 2 23
23 1 45 1
23 5 10 1
23 6 26 5
23 7 1 11
23 8 114 3
23 9 56 8
23 11 3 7
23 12 2 19
23 14 2 1
23 20 7 14
23 22 6 1
23 24 23 22
24 0 17 1
24 1 54 1
24 3 62 1
24 5 44 1
24 7 259 1
24 8 151 1
24 10 1 12
24 11 59 24
24 12 1 9
24 16 10 1
24 20 2 29
24 26 39 2
25 0 1 15
25 7 27 2
25 8 81 1
25 11 140 28
25 14 1 26
25 15 1 28
25 24 6 25
25 27 1 20
26 1 50 2
26 7 1 20
26 10 1 3
26 24 25 29
26 25 20 2
27 1 1 16
27 7 1 22
27 11 143 1
27 14 2 6
27 17 19 1
27 25 14 1
27 26 111 2
