0 1 77 2
0 3 15 25
0 5 18 28
0 6 8 14
0 7 121 1
0 8 92 23
0 9 1 8
0 11 210 1
0 14 93 3
0 16 85 21
0 17 4 2
0 19 46 1
0 24 29 6
0 25 6 19
0 26 1 29
1 0 22 25
1 2 136 1
1 3 244 10
1 4 3 1
1 5 39 4
1 8 36 25
1 9 78 4
1 10 305 25
1 11 32 2
1 15 1 12
1 16 18 25
1 17 13 28
1 18 86 4
1 19 37 1
1 20 2 22
1 21 5 21
1 24 32 14
1 26 2 25
2 0 1 15
2 1 16 12
2 3 50 1
2 4 15 1
2 6 8 2
2 7 16 2
2 8 2 29
2 10 189 1
2 11 255 1
2 12 1 15
2 20 1 19
3 0 16 8
3 1 19 13
3 2 3 19
3 5 18 11
3 6 17 2
3 7 201 12
3 8 27 2
3 9 10 5
3 10 28 1
3 11 97 1
3 13 29 10
3 16 35 15
3 17 150 2
3 19 1 14
3 20 2 22
3 22 1 8
3 24 69 19
4 1 2 6
4 2 11 19
4 3 1 12
4 5 2 8
4 6 79 10
4 8 45 1
4 9 1 4
4 10 69 1
4 11 12 7
4 12 3 7
4 14 9 5
4 16 2 3
4 17 300 1
4 19 35 1
4 25 1 23
5 0 18 2
5 1 17 3
5 2 1 5
5 3 28 18
5 4 7 5
5 6 3 1
5 7 9 1
5 8 52 28
5 9 148 1
5 10 131 1
5 12 32 1
5 15 1 27
5 16 63 1
5 21 13 15
5 22 1 28
5 24 73 17
6 0 1 16
6 1 2 4
6 2 2 22
6 4 2 1
6 5 203 13
6 7 61 28
6 8 44 21
6 9 144 8
6 10 135 1
6 12 36 21
6 13 4 3
6 14 3 19
6 17 15 27
6 18 181 1
6 19 2 18
6 20 109 2
6 21 1 24
6 23 2 22
6 25 118 1
6 26 76 7
6 27 22 14
7 0 1 8
7 1 57 1
7 2 336 1
7 3 6 24
7 8 32 19
7 10 2 18
7 11 166 19
7 12 71 1
7 14 152 2
7 15 121 1
7 17 59 1
7 18 160 4
7 20 2 1
7 21 14 23
7 24 1 8
7 25 108 1
7 26 5 1
8 0 18 6
8 1 18 19
8 2 214 1
8 3 16 20
8 4 49 3
8 5 14 29
8 6 139 1
8 7 7 14
8 9 8 1
8 10 432 1
8 11 330 1
8 16 69 25
8 17 180 1
8 18 1 29
8 19 12 17
8 20 148 1
8 21 11 1
8 23 4 5
8 24 48 11
8 27 92 26
9 0 1 14
9 1 29 4
9 2 1 15
9 4 91 1
9 5 31 13
9 6 123 1
9 7 223 2
9 8 3 28
9 10 6 26
9 11 140 2
9 12 95 4
9 15 1 20
9 16 48 1
9 20 3 24
9 24 13 10
9 25 2 12
9 27 1 29
10 1 32 2
10 2 44 1
10 3 2 1
10 4 1 20
10 5 140 1
10 6 6 28
10 7 273 1
10 8 234 1
10 9 2 1
10 13 155 1
10 14 151 18
10 22 152 1
10 23 153 12
10 24 8 20
10 27 34 1
11 0 177 1
11 3 13 1
11 4 4 27
11 5 10 6
11 6 205 1
11 7 284 11
11 7 319 1
11 8 37 5
11 9 2 2
11 10 12 2
11 12 1 14
11 13 1 17
11 14 35 1
11 15 5 19
11 18 82 2
11 21 1 9
11 24 1 6
11 25 29 1
11 27 180 1
12 6 4 14
12 9 163 1
12 10 1 15
12 13 189 2
12 14 114 2
12 16 1 12
12 18 34 12
12 21 29 1
12 22 4 28
13 1 1 20
13 6 3 9
13 7 1 15
13 10 1 13
13 11 153 2
13 12 52 1
13 15 7 1
14 1 4 26
14 3 50 5
14 6 107 2
14 7 1 25
14 8 1 5
14 9 4 19
14 10 2 2
14 12 49 2
14 13 1 24
14 21 1 4
14 23 3 4
15 1 2 21
15 4 1 21
15 7 60 1
15 8 75 1
15 9 11 4
15 10 2 3
15 11 7 20
15 12 103 1
15 23 11 2
15 27 2 11
16 0 18 20
16 1 35 16
16 3 18 24
16 5 18 18
16 6 74 3
16 8 105 27
16 12 11 12
16 17 126 1
16 18 7 1
16 20 1 12
16 24 49 1
17 0 4 14
17 1 83 1
17 2 30 17
17 6 2 23
17 7 22 24
17 11 1 16
17 15 1 4
17 16 118 1
17 19 46 3
17 23 42 1
18 0 1 12
18 2 11 23
18 4 28 21
18 5 1 23
18 7 1 8
18 8 95 3
18 9 8 28
18 10 1 13
18 16 32 1
18 17 1 2
18 19 4 25
18 20 58 2
18 23 28 6
19 1 176 1
19 4 34 3
19 5 6 9
19 6 71 1
19 7 2 22
19 11 88 4
19 16 44 16
19 17 114 8
19 18 17 6
19 20 84 1
20 0 1 9
20 1 1 5
20 2 1 22
20 3 105 24
20 5 6 22
20 9 1 9
20 10 2 25
20 14 2 12
20 15 31 2
20 19 239 1
21 4 61 8
21 5 2 20
22 0 58 4
22 3 26 11
22 5 1 27
22 7 1 24
22 8 1 10
22 10 5 3
22 11 1 17
23 3 1 23
23 10 1 15
23 11 20 3
23 15 8 4
23 26 13 27
23 27 1 22
24 0 17 16
24 1 148 4
24 3 50 21
24 5 18 3
24 7 240 1
24 8 105 2
24 9 11 12
24 10 50 28
24 11 238 6
24 12 1 21
24 13 1 4
24 15 2 20
24 16 17 5
24 25 27 1
24 27 22 3
25 0 16 14
25 2 1 20
25 3 1 16
25 7 110 1
25 8 64 1
25 10 1 2
25 11 103 1
25 15 13 12
25 24 6 15
25 26 2 25
25 27 9 25
26 10 1 15
26 11 16 3
26 17 4 16
26 20 1 17
26 23 11 12
27 4 7 19
27 11 117 1
27 15 4 14
27 25 15 20
27 26 87 1
