0 1 398 15
0 3 10 10
0 5 12 2
0 6 7 22
0 7 387 1
0 8 46 15
0 9 1 18
0 16 37 21
0 17 1 20
0 19 37 1
0 22 3 29
0 23 23 26
0 24 12 27
1 0 94 12
1 2 102 1
1 3 88 24
1 4 3 6
1 5 28 18
1 7 1 9
1 8 13 17
1 9 75 1
1 10 1 3
1 11 29 1
1 12 4 1
1 14 20 1
1 15 2 6
1 16 31 10
1 17 3 22
1 20 53 23
1 24 28 25
1 25 1 4
1 27 90 28
2 0 1 1
2 1 11 4
2 3 23 1
2 4 12 1
2 5 20 9
2 7 1 6
2 8 1 19
2 10 178 1
2 11 253 1
2 15 3 24
2 17 1 1
2 18 6 29
3 0 56 22
3 1 15 4
3 2 6 23
3 4 1 20
3 5 12 6
3 7 79 1
3 8 12 8
3 11 87 1
3 16 46 4
3 17 147 1
3 19 1 8
3 20 201 18
3 23 2 17
3 24 112 8
3 27 1 19
4 0 370 1
4 1 358 24
4 2 8 1
4 3 1 17
4 5 3 15
4 6 2 10
4 8 37 1
4 9 1 19
4 10 63 2
4 11 75 10
4 12 1 13
4 13 41 20
4 14 8 12
4 16 4 8
4 19 33 12
4 20 42 1
4 23 5 27
4 24 47 17
4 27 8 26
5 0 173 13
5 1 37 9
5 3 157 19
5 4 1 26
5 6 3 17
5 7 6 1
5 8 14 23
5 9 103 1
5 10 118 1
5 12 9 10
5 15 2 6
5 16 103 1
5 22 1 13
5 24 44 6
5 27 18 15
6 0 2 26
6 1 2 20
6 2 4 20
6 3 1 16
6 4 1 16
6 5 57 1
6 7 3 13
6 8 212 1
6 9 184 11
6 10 331 1
6 12 17 2
6 17 1 23
6 18 178 1
6 19 1 21
6 20 106 28
6 23 1 7
6 27 1 7
7 0 1 8
7 1 51 1
7 2 356 1
7 3 3 6
7 5 3 25
7 6 198 15
7 9 14 13
7 10 7 3
7 11 226 1
7 13 1 27
7 14 146 1
7 15 113 1
7 16 4 12
7 19 1 28
7 20 2 1
7 21 64 22
7 24 2 4
7 25 98 1
8 0 14 12
8 1 13 24
8 2 149 1
8 3 11 1
8 4 1 20
8 5 63 17
8 6 236 1
8 7 8 23
8 9 2 9
8 10 248 1
8 11 15 1
8 13 1 16
8 14 1 14
8 15 107 2
8 16 29 4
8 20 144 1
8 23 2 22
8 24 55 4
9 2 1 10
9 3 37 5
9 4 75 1
9 5 3 2
9 6 46 6
9 7 219 1
9 8 149 13
9 10 2 7
9 11 133 1
9 12 5 19
9 14 133 1
9 15 1 12
9 17 1 18
9 24 1 19
9 25 2 21
10 1 28 1
10 2 34 1
10 3 268 1
10 4 1 7
10 5 127 14
10 6 35 15
10 7 1 9
10 8 328 1
10 9 346 17
10 11 138 1
10 12 1 20
10 13 146 1
10 14 68 27
10 17 1 7
10 22 149 1
10 24 4 9
11 0 171 1
11 1 184 1
11 2 9 24
11 3 15 18
11 6 196 1
11 7 279 1
11 8 1 13
11 9 2 7
11 10 214 11
11 13 1 12
11 14 28 1
11 15 5 22
11 17 73 1
11 19 20 29
11 20 2 1
11 21 1 8
11 23 1 2
11 24 1 11
11 25 17 1
12 0 1 1
12 1 54 1
12 2 4 22
12 3 94 2
12 5 1 18
12 6 123 27
12 7 3 23
12 9 145 1
12 10 1 15
12 13 183 2
12 14 110 1
12 15 1 3
12 17 9 9
12 21 27 29
12 25 39 17
12 27 2 20
13 0 6 1
13 4 95 1
13 6 29 27
13 10 12 27
13 11 148 1
13 12 175 1
13 14 1 17
13 17 1 2
13 22 2 4
13 26 1 5
14 1 57 13
14 4 1 26
14 6 103 1
14 8 3 23
14 9 2 4
14 10 4 12
14 16 25 2
14 18 2 19
14 20 1 14
14 23 1 19
14 26 12 11
15 3 1 9
15 7 51 1
15 8 71 1
15 11 12 1
15 25 30 23
16 0 41 4
16 1 12 14
16 3 12 7
16 5 47 17
16 6 72 3
16 7 94 28
16 8 13 3
16 9 50 6
16 17 114 1
16 18 258 1
16 19 1 27
16 20 31 19
16 24 77 6
16 26 6 26
17 0 1 10
17 1 65 1
17 2 192 1
17 4 38 1
17 7 2 5
17 9 106 1
17 10 4 11
17 13 10 3
17 16 55 1
17 18 68 1
17 20 30 18
17 22 63 10
18 0 2 25
18 1 29 1
18 3 54 1
18 7 2 4
18 9 1 11
18 10 2 11
18 16 20 1
18 17 128 19
19 0 2 11
19 4 32 15
19 5 6 6
19 6 69 1
19 8 1 4
19 9 2 3
19 11 87 1
19 20 63 1
19 27 6 23
20 0 2 2
20 1 12 7
20 3 2 11
20 4 2 4
20 6 24 3
20 9 1 19
20 10 2 28
20 14 41 14
20 17 9 19
20 19 70 1
20 22 2 4
21 5 2 17
21 7 92 27
21 9 1 4
21 12 45 1
21 17 48 13
22 5 1 4
22 7 1 10
22 8 1 2
22 10 2 22
22 12 25 1
22 20 2 11
23 3 4 20
23 4 5 6
23 7 2 4
23 10 1 12
23 11 30 10
23 14 5 25
23 17 2 26
23 24 14 15
24 0 35 20
24 1 26 15
24 2 2 17
24 3 26 20
24 5 27 22
24 8 12 3
24 9 4 28
24 10 1 1
24 11 1 5
24 12 1 22
24 13 2 9
24 16 61 28
24 20 2 26
24 23 49 7
24 25 25 11
25 6 87 1
25 7 15 1
25 8 60 1
25 10 1 29
25 11 20 1
25 12 23 16
25 15 7 9
25 21 4 21
25 24 2 15
26 5 1 20
26 27 1 26
27 6 2 25
27 8 42 14
27 9 41 1
27 11 111 1
27 16 1 21
27 20 1 9
27 26 81 2
