0 1 11 14
0 2 2 19
0 3 102 4
0 5 38 20
0 6 2 7
0 8 10 17
0 9 1 25
0 10 3 16
0 11 202 29
0 12 2 12
0 16 11 3
0 17 1 5
0 19 36 1
0 21 24 1
0 24 32 17
0 25 1 21
1 0 36 25
1 2 94 1
1 3 22 20
1 4 61 25
1 5 11 13
1 6 2 22
1 7 4 7
1 8 66 3
1 9 74 16
1 10 12 2
1 11 28 1
1 12 3 16
1 15 2 22
1 16 10 3
1 17 11 23
1 18 84 10
1 20 4 16
1 24 10 12
1 26 1 18
2 0 2 16
2 1 5 16
2 3 19 1
2 4 11 1
2 7 90 1
2 8 2 17
2 9 4 17
2 10 176 1
2 11 253 1
2 20 95 6
3 0 37 26
3 1 13 4
3 2 7 7
3 5 126 29
3 6 13 1
3 7 72 3
3 8 10 1
3 11 85 1
3 15 1 6
3 16 47 2
3 20 13 9
3 24 94 2
4 1 3 26
4 2 1 22
4 5 244 21
4 6 41 8
4 8 35 14
4 9 1 18
4 10 62 1
4 12 1 5
5 0 12 17
5 1 27 16
5 2 1 20
5 3 11 13
5 4 255 9
5 6 3 19
5 7 6 1
5 8 93 16
5 9 94 1
5 10 115 1
5 16 11 2
5 17 52 6
5 24 163 10
6 0 33 22
6 1 3 11
6 2 2 5
6 3 1 25
6 4 2 12
6 5 42 1
6 7 10 28
6 8 357 1
6 9 35 7
6 10 326 1
6 11 1 2
6 12 18 11
6 15 5 3
6 17 45 12
6 19 1 21
6 21 1 29
6 22 24 1
6 27 1 6
7 0 2 8
7 1 49 5
7 2 354 27
7 3 19 9
7 6 1 20
7 8 2 18
7 10 2 13
7 11 202 1
7 15 110 1
7 19 1 8
7 22 25 1
7 23 1 26
7 24 1 4
7 25 96 1
7 27 3 28
8 0 28 1
8 1 29 27
8 2 140 1
8 3 26 18
8 4 1 7
8 5 19 26
8 6 436 1
8 7 3 12
8 9 22 9
8 10 242 1
8 11 11 4
8 12 2 19
8 13 3 9
8 14 1 22
8 15 106 14
8 16 11 6
8 17 88 24
8 18 4 24
8 19 1 16
8 20 143 16
8 23 1 8
8 24 111 5
8 26 1 1
9 0 11 5
9 2 1 17
9 4 71 1
9 5 208 19
9 6 56 1
9 7 218 4
9 8 158 4
9 10 2 28
9 11 131 1
9 12 14 15
9 16 47 1
9 18 1 18
9 20 7 26
9 22 75 16
9 26 59 7
10 2 32 1
10 4 4 4
10 5 102 1
10 6 48 1
10 7 2 25
10 8 314 1
10 9 2 25
10 11 387 16
10 11 100 1
10 13 144 1
10 14 1 3
10 15 1 13
10 16 5 11
10 18 3 20
10 20 2 15
10 24 1 12
11 0 170 1
11 1 183 1
11 3 4 25
11 4 43 27
11 6 194 1
11 7 274 1
11 8 40 17
11 8 228 17
11 8 249 13
11 9 1 15
11 10 13 4
11 13 1 28
11 14 26 17
11 15 5 7
11 17 72 1
11 18 81 1
11 20 2 1
11 23 1 29
11 24 6 10
11 25 15 1
11 26 146 1
12 0 1 22
12 1 53 19
12 3 93 27
12 9 141 1
12 10 2 9
12 13 182 1
12 16 1 12
12 18 1 25
12 22 12 20
12 23 3 21
13 6 44 11
13 8 1 21
13 9 13 8
13 14 1 20
13 17 1 16
13 27 2 21
14 2 1 22
14 4 1 23
14 6 102 1
14 7 1 9
14 8 4 20
14 10 228 26
14 12 45 1
14 13 3 26
14 16 24 6
14 20 2 7
14 23 4 26
14 26 2 15
15 1 1 5
15 2 3 1
15 4 5 27
15 7 49 1
15 9 10 1
15 11 8 7
15 14 33 5
15 21 6 19
15 23 9 14
15 24 2 27
15 27 2 7
16 0 40 24
16 1 28 8
16 3 60 13
16 5 11 21
16 8 82 14
16 9 4 28
16 10 80 22
16 11 29 21
16 17 111 1
16 18 256 1
16 19 5 4
16 24 11 10
17 0 2 15
17 1 61 1
17 2 192 1
17 3 110 3
17 4 37 1
17 6 30 13
17 7 2 14
17 8 102 17
17 9 105 15
17 12 119 2
17 14 89 1
17 16 52 1
17 18 67 21
17 19 44 18
17 20 1 3
17 21 1 14
17 25 75 18
18 0 1 18
18 1 28 1
18 2 10 26
18 3 53 6
18 7 2 27
18 8 91 8
18 9 1 8
18 16 18 12
18 17 1 17
18 20 56 4
19 0 2 25
19 8 1 7
19 20 59 1
20 0 3 7
20 1 1 29
20 2 7 9
20 6 2 27
20 8 1 26
20 10 1 25
20 14 1 10
20 19 64 1
21 4 61 1
21 11 2 26
21 15 1 1
22 3 26 23
22 8 1 9
22 10 1 11
22 11 1 18
22 12 24 5
22 13 1 4
22 18 3 15
23 0 72 16
23 4 1 6
23 7 5 16
23 11 1 13
23 12 1 2
23 17 2 7
23 18 2 15
24 0 11 20
24 1 11 25
24 2 1 2
24 3 10 15
24 5 11 9
24 7 235 1
24 8 10 29
24 13 18 25
24 16 29 20
24 22 2 7
25 6 86 16
25 7 13 1
25 11 13 1
25 14 5 10
25 20 3 21
25 26 1 29
25 27 4 14
26 8 32 8
26 10 1 11
26 11 1 8
26 13 1 7
26 17 59 1
26 27 1 9
27 6 1 12
27 9 40 12
27 14 19 13
27 16 18 15
27 17 16 7
27 26 80 1
