0 1 17 22
0 2 90 1
0 3 37 2
0 4 258 1
0 5 20 29
0 6 39 1
0 8 38 14
0 9 9 17
0 10 15 10
0 11 10 1
0 12 13 3
0 13 1 2
0 14 89 15
0 16 55 23
0 17 359 1
0 19 43 26
0 23 71 24
0 24 60 28
0 26 77 23
1 0 28 23
1 3 22 16
1 4 41 1
1 5 21 23
1 6 342 1
1 7 83 1
1 8 24 22
1 9 1 9
1 10 218 1
1 11 1 8
1 12 79 1
1 14 1 25
1 16 36 5
1 17 359 1
1 18 2 7
1 24 20 19
2 0 2 8
2 1 2 1
2 3 3 21
2 4 1 26
2 6 19 22
2 7 1 8
2 8 4 27
2 9 14 3
2 10 1 6
2 12 62 22
2 17 47 1
2 20 1 23
3 0 52 24
3 1 22 18
3 2 7 17
3 4 19 17
3 5 20 18
3 6 1 25
3 7 8 1
3 8 21 25
3 9 27 1
3 10 110 1
3 11 4 14
3 14 9 29
3 16 33 13
3 20 1 25
3 23 19 2
3 24 33 3
4 0 2 16
4 1 265 1
4 2 238 2
4 5 74 1
4 6 21 1
4 7 152 1
4 8 91 1
4 12 225 1
4 13 74 4
4 14 1 3
4 16 2 25
4 17 7 22
4 18 429 21
4 23 50 1
4 24 39 4
4 25 73 1
5 0 20 21
5 1 19 22
5 3 40 15
5 4 3 13
5 6 198 1
5 8 42 21
5 10 1 24
5 12 194 1
5 14 48 1
5 16 20 8
5 17 34 3
5 24 20 8
6 0 405 1
6 1 2 6
6 2 29 26
6 3 1 4
6 4 363 1
6 5 92 9
6 7 4 15
6 8 206 1
6 9 15 2
6 10 20 1
6 11 28 2
6 13 35 1
6 17 1 1
6 19 2 17
6 25 6 23
7 0 127 1
7 1 21 2
7 2 1 29
7 3 57 1
7 4 312 4
7 5 1 17
7 6 1 5
7 8 4 11
7 9 247 1
7 10 2 22
7 11 179 2
7 12 1 21
7 13 1 5
7 14 2 2
7 15 262 22
7 16 109 3
7 18 144 2
7 20 296 3
7 22 130 2
7 24 7 14
7 25 67 1
7 27 193 1
8 0 42 21
8 1 36 27
8 2 8 9
8 3 18 18
8 4 382 2
8 5 51 22
8 6 143 11
8 7 270 1
8 10 19 24
8 11 6 24
8 13 12 17
8 14 22 1
8 16 90 4
8 17 322 4
8 18 107 1
8 21 1 13
8 22 143 4
8 23 1 26
8 24 20 3
8 25 3 1
8 26 1 25
9 1 283 1
9 3 1 27
9 4 18 1
9 5 106 1
9 6 3 26
9 8 2 28
9 10 156 16
9 11 1 27
9 12 94 1
9 13 2 23
9 14 62 1
9 15 2 23
9 18 1 25
9 21 79 10
9 24 2 23
9 25 2 21
10 1 338 1
10 2 353 1
10 3 299 20
10 4 199 1
10 5 1 11
10 6 237 1
10 7 157 1
10 8 3 12
10 9 432 16
10 11 176 1
10 12 2 21
10 13 2 25
10 14 63 1
10 15 1 9
10 22 1 21
10 23 196 7
10 25 120 1
10 26 8 6
10 27 3 15
11 0 1 19
11 1 3 17
11 3 383 1
11 4 17 3
11 5 66 2
11 6 377 1
11 7 9 4
11 8 346 1
11 9 240 2
11 10 1 16
11 13 240 1
11 14 102 1
11 15 22 28
11 22 95 1
11 23 1 28
11 25 328 1
11 26 1 9
12 0 2 27
12 1 1 15
12 2 62 10
12 5 202 1
12 8 1 22
12 9 188 29
12 10 7 1
12 11 51 1
12 13 166 1
12 15 25 4
12 18 35 4
12 22 92 1
12 26 1 12
13 0 2 5
13 6 107 4
13 8 180 1
13 10 2 21
13 11 243 16
13 14 73 1
13 16 9 1
14 1 146 23
14 2 5 1
14 3 25 2
14 5 5 16
14 7 2 16
14 10 99 1
14 11 287 1
14 12 2 29
14 20 15 10
15 2 2 22
15 4 5 25
15 5 42 5
15 8 19 1
15 10 254 1
15 11 319 1
15 12 25 1
15 14 15 10
15 16 37 25
15 20 1 22
16 0 40 24
16 1 25 28
16 3 84 27
16 5 30 10
16 6 2 5
16 8 20 24
16 10 2 7
16 12 21 1
16 14 33 23
16 17 47 14
16 18 81 1
16 24 20 22
17 0 2 25
17 1 4 17
17 3 2 18
17 5 10 3
17 8 65 1
17 11 1 2
17 16 46 9
17 18 2 1
17 19 99 2
17 27 7 12
18 1 44 2
18 3 1 4
18 4 289 1
18 5 7 2
18 6 1 4
18 7 2 3
18 9 2 28
18 10 1 12
18 11 1 11
18 16 5 1
18 23 2 5
18 25 1 7
18 26 3 24
19 0 283 1
19 1 49 1
19 6 1 8
19 7 1 19
19 9 2 29
19 11 1 4
19 13 4 12
19 20 124 1
20 1 60 29
20 2 1 11
20 4 80 2
20 5 1 19
20 8 1 24
20 14 39 1
20 17 189 9
20 19 1 21
20 24 4 16
21 5 1 27
21 7 47 10
21 10 42 1
21 11 1 29
21 12 1 9
21 17 64 19
21 19 1 18
22 7 115 4
22 10 4 9
22 12 2 13
22 14 1 1
22 17 41 2
22 23 13 1
22 24 2 21
22 27 1 10
23 0 22 1
23 3 18 2
23 4 1 19
23 5 1 4
23 7 4 19
23 11 2 14
23 12 36 20
23 15 20 1
23 22 1 8
23 26 24 4
24 0 20 16
24 1 20 14
24 2 42 3
24 3 83 21
24 5 20 5
24 7 2 21
24 8 62 7
24 10 150 1
24 11 405 1
24 15 2 27
24 16 156 19
24 23 33 2
24 26 34 2
25 3 38 1
25 4 94 24
25 5 9 29
25 7 88 1
25 8 4 23
25 10 3 22
25 11 154 1
25 15 38 3
25 26 35 7
25 27 81 2
26 0 2 29
26 6 16 7
26 7 1 10
26 10 86 22
26 11 1 22
26 14 2 23
26 16 5 27
26 17 1 5
26 25 50 2
27 2 1 21
27 7 163 2
27 11 37 1
27 22 1 27
