0 1 25 15
0 2 89 1
0 3 136 11
0 4 257 1
0 5 36 25
0 6 38 1
0 7 2 10
0 8 54 25
0 11 10 3
0 13 1 11
0 16 40 27
0 17 358 3
0 18 1 13
0 19 2 5
0 20 9 27
0 23 1 8
0 24 20 13
1 0 70 1
1 2 2 1
1 3 103 22
1 4 39 1
1 5 35 2
1 6 338 1
1 7 82 1
1 8 18 18
1 10 217 1
1 11 4 2
1 12 78 1
1 14 2 21
1 15 27 1
1 16 20 1
1 17 356 1
1 19 163 1
1 22 2 28
1 24 20 10
2 0 19 9
2 1 5 8
2 3 99 10
2 4 5 21
2 5 6 14
2 6 1 28
2 7 1 17
2 8 30 19
2 10 16 22
2 11 3 9
2 12 1 18
2 17 46 1
2 20 1 29
2 24 42 25
3 0 17 24
3 1 33 29
3 2 8 6
3 4 3 9
3 5 19 23
3 7 6 17
3 8 170 11
3 9 27 1
3 10 109 1
3 11 6 19
3 16 23 13
3 17 3 3
3 18 2 13
3 20 3 7
3 22 1 16
3 24 53 10
3 25 2 15
3 26 1 11
4 0 6 5
4 1 261 5
4 3 225 2
4 5 71 1
4 6 20 1
4 7 151 1
4 8 90 1
4 11 7 17
4 12 224 2
4 14 1 13
4 16 5 17
4 20 131 2
4 23 50 12
4 25 72 8
5 0 27 4
5 1 36 9
5 2 98 28
5 3 57 26
5 4 2 20
5 6 189 1
5 7 1 19
5 8 22 19
5 10 2 11
5 12 193 1
5 13 10 2
5 14 47 1
5 16 144 12
5 19 1 11
5 20 1 10
5 23 23 5
5 24 81 10
6 0 404 1
6 1 1 22
6 2 55 13
6 4 361 1
6 5 64 22
6 7 280 16
6 8 186 1
6 9 2 19
6 10 19 1
6 12 7 7
6 13 34 1
6 15 3 3
6 17 2 19
6 18 192 25
6 20 1 5
6 27 3 5
7 0 126 1
7 2 2 24
7 3 60 9
7 5 1 11
7 6 1 13
7 8 5 14
7 9 247 1
7 10 1 2
7 11 20 28
7 12 1 25
7 15 4 29
7 24 63 29
7 25 66 1
7 27 192 2
8 0 52 3
8 1 21 15
8 2 24 2
8 3 122 23
8 4 2 2
8 5 79 6
8 6 21 13
8 7 264 1
8 10 5 22
8 11 2 27
8 12 260 1
8 13 1 23
8 14 22 1
8 16 40 27
8 18 106 1
8 20 1 20
8 24 165 11
8 25 3 15
8 27 1 7
9 1 282 1
9 4 17 2
9 5 100 1
9 6 4 15
9 7 9 3
9 8 16 12
9 10 291 1
9 11 1 19
9 12 93 1
9 14 62 1
9 18 2 20
9 19 1 11
9 21 2 19
10 0 42 3
10 1 337 1
10 2 352 1
10 3 1 24
10 4 198 1
10 5 14 16
10 6 234 1
10 7 156 2
10 8 4 27
10 9 4 9
10 11 173 1
10 12 2 17
10 13 3 6
10 14 61 1
10 15 1 4
10 16 1 13
10 21 1 24
10 22 3 15
10 24 28 1
10 25 119 2
10 26 2 14
10 27 89 23
11 0 4 21
11 1 1 12
11 3 382 2
11 6 376 1
11 7 26 27
11 8 345 1
11 13 239 3
11 14 101 1
11 15 5 29
11 17 1 20
11 19 1 27
11 20 1 21
11 22 94 3
11 23 1 7
11 24 17 1
11 25 326 1
11 26 7 11
12 2 1 10
12 5 201 1
12 6 147 1
12 9 44 23
12 10 10 26
12 11 51 1
12 13 165 1
12 14 3 11
12 17 45 1
12 20 117 1
12 22 92 1
12 26 1 5
13 3 15 19
13 7 12 2
13 8 179 1
13 9 1 15
13 10 14 27
13 12 1 9
13 14 72 1
13 16 9 1
13 25 16 15
14 0 87 10
14 2 4 9
14 7 2 21
14 10 96 1
14 11 286 1
14 15 7 21
14 17 84 1
14 18 11 3
14 26 11 4
15 2 1 9
15 7 379 1
15 8 18 3
15 10 253 1
15 11 315 1
15 12 24 5
15 14 1 12
15 19 11 27
15 20 2 18
15 23 1 17
15 25 35 2
16 0 40 27
16 1 20 14
16 3 57 10
16 4 1 5
16 5 20 29
16 8 33 10
16 12 21 6
16 17 2 9
16 18 79 1
16 20 95 22
16 24 22 5
16 25 42 14
16 27 1 16
17 1 1 12
17 2 1 3
17 3 8 26
17 4 16 2
17 8 64 2
17 14 1 3
17 16 4 10
17 18 4 11
17 24 1 1
17 25 1 27
17 26 1 6
18 2 69 1
18 4 287 1
18 8 238 1
18 9 16 24
18 15 1 15
18 16 5 1
18 17 13 4
18 20 65 26
19 0 281 1
19 1 48 1
19 2 1 8
19 3 16 5
19 7 4 14
19 8 7 3
19 9 1 10
19 11 3 18
19 12 23 3
19 13 1 6
19 20 121 1
19 24 21 13
19 25 1 1
20 1 22 8
20 2 2 6
20 3 1 24
20 7 294 1
20 11 1 14
20 13 5 25
20 14 38 4
20 16 3 2
20 17 1 5
20 19 1 10
21 5 1 11
21 6 1 29
21 7 5 29
21 10 41 5
21 11 1 28
21 13 1 14
21 27 11 11
22 0 65 5
22 3 22 1
22 10 1 4
22 12 1 21
22 13 9 2
22 14 1 12
22 15 5 1
22 23 13 1
23 0 22 2
23 5 2 7
23 6 6 23
23 7 1 18
23 9 1 4
23 11 17 26
23 15 20 2
24 0 20 21
24 1 59 8
24 3 24 2
24 4 41 1
24 5 30 10
24 6 134 11
24 8 89 25
24 10 149 2
24 11 404 1
24 12 1 19
24 16 20 18
25 0 97 1
25 1 86 14
25 3 38 3
25 4 4 4
25 7 87 1
25 8 2 15
25 10 10 26
25 11 151 1
25 20 45 2
25 22 4 26
26 4 1 2
26 7 1 14
26 8 63 1
26 9 41 27
26 10 7 17
26 11 81 16
26 21 1 2
26 24 51 3
27 1 86 2
27 11 36 1
27 12 1 28
27 14 1 2
27 15 27 3
27 17 1 8
27 25 3 4
27 26 17 29
