0 1 17 17
0 2 87 1
0 3 31 11
0 4 255 1
0 5 19 4
0 6 37 1
0 7 7 17
0 8 87 15
0 12 13 2
0 16 46 12
0 19 1 1
0 20 345 6
0 22 26 1
0 24 20 9
1 0 53 6
1 2 1 1
1 3 22 8
1 4 35 1
1 5 301 17
1 6 331 1
1 7 80 1
1 8 31 4
1 9 1 4
1 10 215 2
1 11 16 28
1 12 78 1
1 14 2 1
1 15 26 4
1 16 127 21
1 17 350 1
1 19 162 2
1 24 96 11
1 27 2 16
2 0 17 7
2 1 6 3
2 3 6 14
2 4 1 12
2 5 2 9
2 6 13 27
2 7 3 25
2 8 16 10
2 9 14 1
2 17 45 1
2 18 11 2
2 20 40 16
2 23 1 23
2 25 41 11
3 0 16 4
3 1 44 11
3 2 12 16
3 4 1 19
3 5 19 25
3 6 5 9
3 7 179 1
3 8 20 7
3 9 27 1
3 10 107 1
3 13 27 1
3 14 1 3
3 16 43 3
3 19 9 4
3 20 3 5
3 21 17 23
3 24 53 21
4 0 1 18
4 1 20 1
4 2 236 1
4 3 225 1
4 5 65 1
4 6 18 1
4 7 150 1
4 8 87 1
4 11 122 8
4 12 223 1
4 14 1 2
4 15 1 8
4 16 1 13
4 17 1 9
4 20 131 1
5 0 51 12
5 1 186 2
5 3 19 7
5 4 2 15
5 6 170 22
5 7 29 27
5 8 390 22
5 10 1 2
5 12 192 1
5 13 9 5
5 15 10 3
5 16 43 13
5 17 34 1
5 18 4 20
5 24 19 20
5 27 5 19
6 0 403 1
6 1 8 28
6 2 4 16
6 4 358 1
6 5 304 2
6 7 2 20
6 8 147 1
6 9 1 21
6 10 17 1
6 11 26 2
6 12 1 6
6 16 104 1
6 17 2 24
6 18 3 22
6 20 6 23
6 23 76 1
6 24 1 16
6 25 2 5
6 27 3 5
7 0 124 1
7 1 20 1
7 2 1 28
7 3 45 24
7 4 2 8
7 5 4 27
7 8 4 13
7 9 245 2
7 10 3 10
7 11 21 27
7 12 1 19
7 15 1 7
7 16 109 1
7 17 271 2
7 18 144 1
7 19 1 7
7 20 295 3
7 21 103 1
7 24 2 20
7 25 64 1
7 27 192 2
8 0 21 24
8 1 31 24
8 2 29 12
8 3 18 12
8 4 6 28
8 5 49 3
8 6 38 13
8 7 254 1
8 9 5 2
8 10 14 9
8 11 1 27
8 12 259 1
8 13 1 18
8 15 1 20
8 16 19 9
8 17 2 6
8 18 105 2
8 19 2 2
8 24 44 10
8 25 1 14
9 1 280 1
9 3 1 24
9 4 16 1
9 5 90 1
9 6 41 2
9 7 299 1
9 8 2 1
9 10 97 1
9 11 4 13
9 12 89 1
9 13 3 21
9 15 1 9
9 16 1 8
9 18 18 2
9 21 1 20
10 1 336 1
10 2 351 1
10 3 1 9
10 4 196 1
10 5 3 1
10 6 228 4
10 7 155 1
10 8 4 24
10 9 87 21
10 11 168 1
10 12 1 18
10 13 3 3
10 14 56 1
10 15 1 24
10 17 2 21
10 22 1 9
10 25 118 1
10 27 2 25
11 0 24 29
11 3 381 2
11 4 17 1
11 5 65 1
11 6 375 1
11 7 15 20
11 8 341 1
11 9 238 1
11 14 98 1
11 15 6 25
11 16 1 9
11 17 6 20
11 19 1 5
11 21 112 1
11 24 15 1
11 25 323 1
11 26 4 15
12 1 1 14
12 4 39 1
12 5 200 1
12 6 145 1
12 7 1 26
12 8 2 25
12 9 4 26
12 10 1 18
12 11 50 1
12 13 163 1
12 14 1 21
12 27 68 5
13 7 12 3
13 8 178 3
13 10 1 21
13 11 11 7
13 12 9 25
13 14 71 2
14 3 25 1
14 7 1 27
14 8 5 9
14 10 91 1
14 11 283 1
14 15 1 19
14 17 83 1
14 22 2 1
14 25 25 6
15 1 1 8
15 3 43 6
15 4 1 17
15 7 377 2
15 10 251 1
15 11 308 1
15 14 1 9
15 22 8 3
15 24 5 20
15 25 35 1
15 26 1 11
16 0 66 10
16 1 31 6
16 3 45 10
16 5 19 16
16 6 1 24
16 8 95 21
16 10 1 6
16 11 4 25
16 17 17 2
16 18 77 1
16 19 2 27
16 24 20 1
17 0 1 29
17 1 10 2
17 2 233 7
17 3 12 1
17 4 15 2
17 5 10 1
17 6 2 9
17 8 63 1
17 9 1 11
17 10 261 9
17 16 8 1
18 2 69 2
18 4 284 1
18 7 3 29
18 8 237 28
18 9 5 22
18 10 3 25
18 11 1 12
18 20 2 26
18 23 1 1
19 0 279 1
19 1 47 2
19 6 135 11
19 7 1 25
19 8 1 8
19 17 6 5
19 20 115 1
19 26 13 16
20 1 1 19
20 3 70 18
20 4 79 2
20 5 1 17
20 7 293 3
20 8 4 5
20 11 1 22
20 16 4 22
20 17 1 27
20 19 1 6
21 5 1 13
21 15 5 3
21 24 20 5
22 6 3 1
22 8 2 8
22 9 1 22
22 10 1 23
22 13 9 2
22 16 10 10
23 0 22 1
23 1 44 8
23 3 17 2
23 4 2 6
23 7 1 28
23 9 1 7
23 11 1 12
23 12 1 21
23 15 20 1
23 22 1 18
24 0 140 16
24 1 45 23
24 2 42 2
24 3 78 25
24 5 20 22
24 6 1 17
24 7 6 13
24 8 20 9
24 9 1 16
24 10 148 2
24 11 402 1
24 15 3 25
24 16 19 7
24 19 1 3
24 26 33 1
25 6 151 2
25 7 85 1
25 10 3 3
25 11 145 1
25 15 38 2
25 20 45 7
25 24 1 24
25 27 80 2
26 2 1 4
26 4 1 3
26 21 19 4
26 27 9 21
27 1 85 2
27 6 98 6
27 10 3 20
27 11 35 1
27 14 1 12
