0 1 50 1
0 2 64 1
0 3 9 28
0 4 230 1
0 5 2 24
0 6 24 1
0 7 2 6
0 8 3 10
0 10 1 4
0 11 5 1
0 13 1 20
0 14 1 4
0 16 149 3
0 19 1 5
0 22 24 1
0 23 75 2
0 24 66 16
1 0 82 1
1 2 2 4
1 3 4 10
1 5 53 11
1 6 208 1
1 7 62 1
1 9 1 18
1 10 195 1
1 13 3 9
1 14 2 16
1 16 128 12
1 17 301 2
1 18 6 7
1 19 151 1
1 21 1 15
1 24 37 24
1 26 71 3
2 0 8 19
2 1 4 25
2 3 4 24
2 4 1 5
2 5 2 25
2 6 1 27
2 7 6 3
2 8 10 8
2 10 2 10
2 12 1 24
2 14 32 21
2 19 1 5
2 22 18 2
3 0 86 8
3 1 63 8
3 2 5 27
3 4 1 1
3 5 28 18
3 6 20 12
3 7 244 1
3 8 2 7
3 10 91 1
3 16 266 11
3 19 6 8
3 20 1 16
3 24 56 12
4 0 1 18
4 1 186 1
4 2 220 1
4 3 215 1
4 5 338 1
4 6 3 1
4 7 136 1
4 8 62 1
4 10 1 21
4 11 3 24
4 12 214 1
4 14 2 16
4 15 1 9
4 18 437 1
4 23 1 5
4 24 37 2
4 25 69 5
5 0 2 2
5 1 17 1
5 2 3 2
5 3 2 10
5 4 9 26
5 6 52 10
5 7 6 21
5 8 2 29
5 9 3 19
5 10 1 16
5 14 44 2
5 16 31 25
5 17 28 1
5 20 1 17
5 24 55 1
6 0 393 1
6 2 57 4
6 4 323 1
6 5 76 1
6 7 30 6
6 8 156 1
6 9 4 21
6 10 2 1
6 11 16 1
6 12 1 2
6 17 4 26
6 23 73 7
6 24 2 6
6 27 3 4
7 0 99 1
7 1 11 1
7 2 2 28
7 3 3 14
7 5 5 16
7 6 1 9
7 8 436 19
7 9 230 1
7 10 3 15
7 11 5 18
7 12 1 8
7 13 2 17
7 15 6 9
7 16 105 2
7 19 1 16
7 20 287 3
7 21 102 4
7 22 125 2
7 24 21 12
7 25 45 1
8 0 3 15
8 1 351 12
8 2 60 21
8 3 128 25
8 4 1 6
8 5 7 14
8 6 23 2
8 7 246 1
8 9 357 1
8 10 27 20
8 11 10 14
8 12 248 1
8 13 2 25
8 15 4 13
8 16 2 13
8 21 29 26
8 22 140 1
8 23 1 24
8 24 2 9
8 25 1 29
9 0 1 21
9 1 260 1
9 4 5 1
9 5 22 1
9 6 50 6
9 7 1 8
9 8 41 1
9 10 310 1
9 11 2 18
9 12 56 1
9 13 3 28
9 14 49 1
9 16 2 8
9 19 1 10
9 25 7 9
10 0 34 1
10 2 336 1
10 3 1 27
10 4 177 1
10 5 2 19
10 6 192 1
10 7 392 1
10 8 6 13
10 9 90 3
10 11 115 1
10 12 3 25
10 13 52 11
10 14 20 1
10 15 23 8
10 16 2 2
10 17 2 17
10 20 3 19
10 25 105 1
10 27 94 5
11 0 2 12
11 1 14 18
11 3 366 2
11 4 12 5
11 6 357 1
11 7 12 4
11 8 76 1
11 9 218 1
11 10 1 17
11 13 230 1
11 14 70 1
11 15 14 8
11 17 1 19
11 22 85 1
11 23 1 8
11 24 4 1
11 25 227 1
11 26 2 26
12 0 1 1
12 2 2 18
12 4 31 1
12 6 128 1
12 7 2 12
12 8 3 27
12 9 50 7
12 10 11 6
12 11 43 1
12 13 143 1
12 14 1 2
12 15 20 1
12 17 41 1
12 18 32 2
12 21 3 16
12 24 50 2
12 25 47 7
13 1 1 7
13 2 1 18
13 3 1 1
13 8 170 1
13 9 2 18
13 10 2 5
13 12 1 9
13 14 57 1
13 20 1 7
14 0 91 25
14 7 1 2
14 9 1 28
14 10 44 1
14 11 248 1
14 20 13 10
15 1 7 10
15 3 40 5
15 7 361 1
15 10 227 1
15 11 104 1
15 12 20 2
15 14 1 28
15 20 1 10
15 26 1 12
16 0 57 26
16 1 64 10
16 3 3 3
16 4 2 28
16 5 14 1
16 8 137 21
16 10 90 20
16 14 2 18
16 17 6 24
16 18 54 1
16 24 2 18
17 0 1 8
17 1 1 29
17 3 1 3
17 6 2 11
17 8 53 1
17 14 1 17
17 16 182 11
17 18 1 21
17 21 1 14
18 0 177 5
18 2 65 1
18 4 245 1
18 5 11 2
18 9 1 4
18 10 1 19
18 11 1 14
18 17 9 2
18 23 2 29
18 25 1 25
18 26 3 5
19 0 251 1
19 3 13 1
19 8 1 3
19 11 2 9
19 12 3 23
19 20 223 1
20 1 17 27
20 2 1 26
20 3 1 20
20 5 2 24
20 6 176 1
20 7 285 3
20 8 2 24
20 12 16 10
20 14 36 5
20 19 5 16
20 21 1 6
21 11 2 7
21 17 1 11
21 24 1 19
22 0 64 1
22 2 1 28
22 6 2 2
22 11 171 1
22 12 1 23
22 14 1 7
22 15 4 1
22 17 39 6
22 18 23 2
22 23 8 1
23 0 20 4
23 2 1 16
23 6 8 18
23 7 1 9
23 11 1 16
23 12 2 4
23 15 15 1
23 16 11 29
23 18 1 17
23 22 4 4
24 0 29 7
24 1 140 18
24 3 61 23
24 5 70 18
24 6 3 16
24 7 1 12
24 8 149 4
24 11 376 1
24 12 20 13
24 13 1 25
24 16 19 2
24 17 1 7
24 25 8 7
24 27 14 1
25 1 1 6
25 3 35 1
25 4 94 21
25 7 64 1
25 8 191 21
25 10 1 16
25 11 91 6
25 16 4 24
25 17 1 18
25 24 2 18
26 4 3 3
26 7 1 1
26 8 59 4
26 9 3 20
26 11 3 4
26 17 1 19
26 24 47 1
26 27 9 12
27 10 8 20
27 11 26 2
27 12 1 23
27 21 1 29
27 22 12 29
27 25 2 2
