0 1 20 16
0 2 9 1
0 3 14 22
0 4 145 1
0 5 102 12
0 7 410 4
0 8 17 18
0 10 24 27
0 15 2 10
0 16 17 5
0 17 312 1
0 18 1 23
0 20 4 2
0 24 17 19
0 26 77 14
1 0 18 20
1 2 27 19
1 3 20 12
1 4 2 3
1 5 17 8
1 6 220 1
1 7 16 1
1 8 15 11
1 9 3 9
1 10 125 1
1 11 1 6
1 13 7 19
1 14 18 2
1 15 13 2
1 16 57 25
1 17 125 1
1 19 110 2
1 20 1 21
1 24 16 5
1 27 1 25
2 0 1 8
2 1 5 13
2 3 112 1
2 4 4 14
2 7 3 8
2 8 3 16
2 11 1 1
2 12 16 20
2 13 25 16
2 16 49 4
2 17 8 1
2 20 5 20
3 0 22 3
3 1 124 3
3 2 47 29
3 4 238 5
3 5 74 14
3 7 192 1
3 8 18 8
3 10 42 1
3 11 352 1
3 16 17 17
3 17 1 12
3 18 2 9
3 20 8 22
3 24 41 7
3 25 49 12
3 26 1 14
4 0 1 4
4 1 13 1
4 2 155 1
4 3 176 1
4 5 124 1
4 6 6 8
4 7 89 1
4 9 1 25
4 10 1 7
4 11 2 20
4 13 60 2
4 14 5 11
4 17 1 23
4 18 359 1
4 19 136 4
4 20 104 3
4 21 63 1
4 23 1 2
4 24 28 7
5 0 19 9
5 1 15 17
5 3 21 10
5 4 48 19
5 6 1 5
5 7 1 16
5 8 12 27
5 9 7 8
5 10 356 1
5 12 134 1
5 14 34 1
5 16 29 2
5 21 1 11
5 24 22 16
6 0 340 1
6 1 251 1
6 2 31 1
6 4 208 1
6 5 262 1
6 7 1 4
6 9 324 29
6 10 2 6
6 12 17 29
6 13 14 3
6 14 1 4
6 18 2 15
6 20 2 16
6 22 91 1
6 23 63 1
6 25 2 27
7 0 32 1
7 2 4 24
7 3 84 18
7 6 2 29
7 8 6 1
7 9 174 2
7 10 6 8
7 11 241 1
7 12 5 15
7 13 11 10
7 14 244 1
7 15 47 10
7 17 250 1
7 18 124 4
7 20 254 1
7 24 1 12
7 27 165 2
8 0 17 19
8 1 16 23
8 2 3 2
8 3 145 1
8 4 1 3
8 5 19 13
8 6 76 7
8 7 151 1
8 9 335 1
8 10 8 6
8 11 12 26
8 12 205 2
8 13 1 19
8 15 1 17
8 16 17 8
8 18 67 3
8 23 2 3
8 24 36 26
8 25 107 20
8 26 6 5
8 27 1 8
9 1 187 1
9 2 2 4
9 5 15 9
9 6 2 1
9 8 4 8
9 10 78 1
9 11 2 10
9 15 1 17
9 16 2 19
9 17 209 1
9 21 4 5
9 26 67 1
10 1 252 1
10 2 265 1
10 3 291 2
10 4 111 1
10 6 33 1
10 7 346 1
10 8 9 14
10 9 387 1
10 11 5 1
10 12 11 6
10 13 27 3
10 14 7 22
10 15 30 10
10 16 1 21
10 21 10 5
10 22 1 9
10 24 6 1
10 25 62 2
10 27 98 26
11 0 47 19
11 1 308 12
11 2 271 1
11 3 292 1
11 5 26 1
11 6 285 1
11 7 312 15
11 8 248 1
11 9 150 1
11 10 2 4
11 15 217 1
11 17 3 24
11 18 119 1
11 20 5 20
11 21 112 22
11 23 1 5
11 24 1 17
11 25 97 1
12 2 1 13
12 4 10 2
12 6 72 1
12 8 259 17
12 9 5 12
12 13 73 1
12 14 2 7
12 15 8 5
12 16 1 25
12 25 40 1
13 8 136 1
13 10 1 4
13 14 8 3
13 16 7 2
14 0 1 5
14 4 130 7
14 5 6 29
14 6 1 24
14 7 4 3
14 8 27 1
14 9 1 6
14 10 1 24
14 11 128 1
14 12 1 2
14 13 1 22
14 15 61 1
14 17 73 2
14 19 17 5
14 20 9 1
14 22 5 12
15 0 3 3
15 7 268 1
15 10 138 1
15 11 86 1
15 13 22 1
15 14 3 28
15 20 45 1
15 23 1 14
16 0 16 29
16 1 27 27
16 2 84 3
16 3 23 20
16 5 16 11
16 6 14 17
16 8 17 20
16 9 44 2
16 10 1 18
16 17 102 10
16 18 4 1
16 23 26 19
16 24 28 29
17 0 1 17
17 1 2 17
17 2 7 1
17 6 1 12
17 8 23 1
17 11 1 29
17 13 82 14
17 14 1 25
17 16 2 13
17 18 3 23
17 22 49 4
17 25 3 24
17 27 1 16
18 1 10 1
18 2 54 1
18 4 116 1
18 8 227 4
18 10 2 23
18 11 1 8
18 13 1 7
18 14 6 18
18 16 8 16
18 24 8 9
18 25 1 23
18 27 22 3
19 0 139 1
19 5 6 2
19 12 6 18
19 17 1 7
19 20 59 1
19 21 9 4
19 25 1 8
19 27 12 13
20 0 1 27
20 1 2 5
20 2 1 15
20 3 1 16
20 4 54 4
20 7 251 1
20 8 3 16
20 10 188 4
20 19 4 5
20 24 7 29
21 10 29 4
21 12 5 15
21 14 1 10
21 19 1 3
21 22 4 18
22 10 3 9
22 11 149 1
22 12 3 20
22 19 5 26
22 20 15 8
22 26 5 11
23 0 13 7
23 7 1 1
23 8 149 1
23 10 178 1
23 11 20 17
23 16 1 6
23 22 15 17
24 0 21 4
24 1 16 26
24 3 17 16
24 4 30 1
24 5 17 6
24 7 9 17
24 8 17 4
24 10 105 1
24 11 258 1
24 15 3 1
24 16 25 12
24 26 16 3
24 27 9 1
25 4 1 26
25 7 12 1
25 9 113 1
25 10 1 9
25 11 167 1
25 22 6 21
25 27 43 1
26 3 3 16
26 24 32 1
26 27 13 1
27 0 1 11
27 1 77 1
27 3 27 6
27 7 127 1
27 11 5 1
27 12 1 21
27 16 3 25
27 26 103 1
