0 1 64 13
0 3 7 25
0 4 112 1
0 5 171 7
0 8 10 23
0 9 16 16
0 10 4 3
0 14 3 11
0 15 2 8
0 16 9 7
0 17 291 1
0 20 353 1
0 24 29 26
1 0 41 23
1 2 18 2
1 3 49 24
1 4 22 11
1 5 55 19
1 6 120 1
1 7 5 2
1 8 7 26
1 9 3 6
1 11 27 6
1 12 37 1
1 14 3 7
1 16 119 19
1 17 67 1
1 18 59 5
1 19 93 1
1 20 2 20
1 23 1 4
1 24 35 11
1 26 64 14
1 27 5 27
2 0 15 19
2 1 4 8
2 3 13 1
2 4 1 1
2 6 7 15
2 7 2 22
2 8 1 20
2 10 44 1
2 11 5 1
2 17 2 4
2 19 1 1
2 27 1 3
3 0 7 19
3 1 176 16
3 2 40 1
3 5 9 18
3 6 5 1
3 7 102 1
3 8 7 20
3 10 26 1
3 11 323 1
3 13 20 7
3 16 182 25
3 20 2 14
3 24 66 29
4 0 1 29
4 2 127 1
4 3 158 1
4 5 48 1
4 6 9 1
4 9 2 4
4 10 3 3
4 12 160 2
4 13 56 1
4 15 72 14
4 18 309 1
4 20 96 1
4 25 55 5
5 0 9 25
5 1 8 8
5 3 108 12
5 4 3 11
5 6 36 21
5 8 18 18
5 9 72 6
5 10 4 1
5 11 4 1
5 12 113 2
5 13 4 1
5 14 29 4
5 16 28 15
5 20 1 11
5 24 52 9
5 27 1 2
6 0 311 1
6 1 364 1
6 2 13 13
6 3 6 5
6 4 123 1
6 8 15 19
6 9 316 1
6 10 8 28
6 12 2 17
6 13 10 2
6 14 1 3
6 15 1 3
6 16 74 2
6 17 2 23
6 18 1 9
6 20 1 9
6 24 1 23
6 25 1 6
7 0 14 2
7 1 1 18
7 2 1 22
7 3 14 13
7 4 12 14
7 6 4 8
7 8 2 12
7 9 151 1
7 10 17 22
7 11 207 1
7 12 25 19
7 13 1 22
7 14 226 2
7 16 88 1
7 17 240 2
7 18 118 1
7 19 2 15
7 20 238 2
7 23 1 23
7 24 3 7
7 27 155 2
8 0 10 14
8 1 46 7
8 2 9 28
8 3 6 8
8 4 2 15
8 5 9 7
8 6 353 1
8 7 72 1
8 9 33 1
8 10 6 9
8 11 160 24
8 12 186 1
8 13 3 27
8 15 1 2
8 16 31 3
8 18 56 1
8 19 13 26
8 20 1 8
8 22 119 4
8 24 61 23
8 25 2 22
9 1 156 1
9 2 2 4
9 4 5 21
9 5 7 9
9 6 67 1
9 8 116 15
9 10 11 1
9 11 5 24
9 12 1 21
9 15 2 3
9 16 4 4
9 19 2 21
9 22 1 11
10 0 7 3
10 1 223 1
10 2 229 1
10 3 276 1
10 4 87 1
10 7 84 1
10 8 8 29
10 9 328 13
10 12 1 17
10 13 3 2
10 14 3 4
10 15 4 24
10 19 4 9
10 21 10 25
10 22 1 15
10 23 177 1
10 25 47 1
10 27 3 2
11 0 1 21
11 1 22 26
11 2 258 1
11 3 254 1
11 5 17 4
11 6 252 1
11 7 3 25
11 8 191 1
11 9 123 1
11 10 3 17
11 13 174 1
11 15 329 1
11 17 10 24
11 19 1 2
11 20 4 1
11 22 47 2
11 23 1 4
11 24 1 22
11 25 193 1
12 2 76 13
12 3 78 3
12 5 125 1
12 6 52 1
12 7 1 14
12 8 1 20
12 13 48 1
12 14 6 19
12 16 1 1
12 17 24 5
12 18 18 1
12 25 36 9
13 0 55 21
13 1 43 21
13 6 72 3
13 9 6 25
13 10 3 3
13 11 234 3
13 21 3 19
14 4 2 2
14 6 6 13
14 7 1 29
14 8 307 1
14 10 9 25
14 11 85 1
14 13 2 2
14 15 29 1
14 17 69 3
15 1 1 28
15 3 25 1
15 7 222 1
15 9 2 28
15 10 103 1
15 11 22 1
15 12 5 1
15 14 12 1
15 18 2 19
15 19 12 9
15 20 8 3
15 21 15 1
15 25 14 4
15 26 1 28
16 0 61 20
16 1 54 27
16 2 82 10
16 3 69 4
16 4 12 2
16 5 9 21
16 7 149 1
16 8 9 15
16 17 2 27
16 19 1 6
16 20 5 5
16 24 174 16
17 1 3 18
17 2 2 4
17 3 5 14
17 6 6 14
17 8 14 1
17 9 3 2
17 11 178 4
17 12 35 1
17 16 1 27
17 18 8 16
17 25 77 13
18 2 49 1
18 3 1 18
18 4 72 1
18 6 219 3
18 14 1 12
18 16 3 12
18 20 4 11
18 21 1 28
18 25 10 22
19 0 95 1
19 10 20 7
19 11 5 5
19 17 1 15
19 20 10 1
19 26 12 9
20 0 2 23
20 1 1 8
20 2 4 26
20 3 2 27
20 6 145 1
20 7 235 2
20 8 12 27
20 10 181 1
20 13 5 7
20 15 92 13
20 19 4 9
20 21 1 14
20 24 1 8
20 25 75 1
20 27 1 24
21 5 1 9
21 11 2 7
21 15 2 22
22 2 8 12
22 8 1 7
22 12 3 16
22 14 5 5
22 19 1 9
22 27 8 25
23 1 31 1
23 7 3 16
23 8 146 3
23 9 2 27
23 10 170 2
23 11 38 29
23 12 43 26
23 17 1 11
23 18 1 6
23 24 1 14
23 27 21 1
24 0 46 6
24 1 87 17
24 3 9 19
24 4 26 7
24 5 9 10
24 6 136 4
24 7 2 11
24 8 33 25
24 10 91 2
24 11 203 1
24 12 3 20
24 15 1 2
24 16 260 16
24 21 1 7
24 23 5 4
24 26 11 3
25 0 74 3
25 8 10 7
25 9 110 1
25 10 164 29
25 11 81 1
25 12 81 1
25 16 1 17
25 24 6 9
25 26 18 3
26 0 1 15
26 8 46 1
26 14 1 1
26 20 2 18
26 25 35 3
26 27 104 1
27 1 74 8
27 6 85 1
27 7 115 2
27 9 4 3
27 10 1 4
27 13 2 11
27 14 21 12
27 17 5 29
27 18 1 9
27 22 1 3
27 24 43 23
27 26 82 1
