0 1 234 1
0 3 55 1
0 4 89 1
0 5 240 1
0 7 403 1
0 8 117 1
0 10 1 21
0 11 1 26
0 13 1 10
0 16 11 18
0 17 274 1
0 19 7 1
0 20 340 1
0 24 20 19
0 26 77 15
1 0 5 25
1 2 76 4
1 3 268 1
1 4 47 7
1 5 389 3
1 6 62 1
1 8 34 1
1 9 1 11
1 10 81 1
1 11 4 12
1 12 30 2
1 14 1 15
1 16 5 2
1 17 34 1
1 18 12 20
1 24 105 7
1 26 63 5
1 27 1 1
2 0 2 1
2 1 2 2
2 3 1 11
2 5 13 1
2 6 328 1
2 7 4 26
2 8 15 28
2 10 317 1
2 11 1 1
2 12 1 7
2 20 48 2
2 23 1 24
3 0 95 18
3 1 14 24
3 2 68 1
3 4 5 21
3 5 36 1
3 6 2 2
3 7 46 1
3 8 244 1
3 11 298 1
3 14 1 19
3 16 76 29
3 20 1 25
3 22 4 19
3 23 10 1
3 24 20 11
3 26 1 12
4 0 2 21
4 1 2 15
4 2 107 1
4 3 144 1
4 5 13 1
4 6 13 21
4 7 60 1
4 9 13 18
4 10 1 21
4 11 6 10
4 12 148 2
4 14 2 5
4 16 1 18
4 17 270 5
4 18 270 1
4 19 128 3
4 20 89 2
4 25 52 5
5 0 131 1
5 1 6 23
5 2 73 1
5 3 22 5
5 4 6 28
5 6 20 7
5 7 8 3
5 8 427 1
5 9 85 11
5 10 321 1
5 11 228 2
5 12 98 1
5 14 26 5
5 16 103 1
5 20 34 12
5 21 1 22
5 24 116 1
6 0 288 1
6 1 90 23
6 2 3 6
6 3 1 11
6 4 83 1
6 5 21 19
6 7 340 7
6 8 55 2
6 9 266 1
6 10 3 12
6 12 1 24
6 14 9 23
6 16 68 3
6 17 1 13
6 18 4 17
6 20 1 26
6 21 1 26
6 23 55 1
6 24 1 8
6 25 2 6
6 27 111 16
7 1 1 2
7 2 21 4
7 3 2 14
7 4 321 1
7 5 66 1
7 6 23 15
7 8 392 1
7 9 134 1
7 10 60 27
7 11 278 1
7 12 13 22
7 13 21 1
7 14 212 1
7 15 39 1
7 16 84 2
7 18 112 4
7 19 17 3
7 21 97 1
7 22 96 3
7 24 1 21
7 27 147 1
8 0 38 12
8 1 40 11
8 2 28 7
8 3 372 1
8 5 40 28
8 6 257 2
8 7 23 1
8 9 358 1
8 10 4 5
8 11 13 22
8 14 1 16
8 16 43 1
8 17 325 2
8 19 1 27
8 21 39 2
8 22 114 3
8 23 3 18
8 24 116 1
8 25 4 29
9 0 229 1
9 1 134 1
9 2 1 10
9 4 16 28
9 5 7 9
9 6 40 1
9 7 15 1
9 8 47 27
9 11 1 15
9 12 1 11
9 14 4 1
9 15 3 18
9 16 2 20
9 17 197 1
9 18 1 11
10 1 201 1
10 2 201 1
10 3 263 1
10 5 148 2
10 7 376 1
10 8 12 19
10 9 338 3
10 11 3 11
10 12 2 27
10 13 1 2
10 14 4 22
10 16 4 9
10 22 5 17
10 25 37 1
10 26 2 4
11 0 3 2
11 1 1 21
11 2 246 1
11 3 224 1
11 6 228 1
11 7 84 11
11 8 152 1
11 9 104 1
11 10 70 19
11 12 1 16
11 13 160 1
11 15 95 1
11 18 110 3
11 19 1 12
11 20 3 3
11 22 40 1
11 23 13 7
11 24 2 9
11 25 124 1
11 27 1 28
12 0 1 19
12 5 110 1
12 6 39 2
12 8 12 7
12 9 38 1
12 10 38 29
12 13 32 1
12 14 1 5
12 16 2 17
12 18 15 1
12 19 61 1
12 21 2 25
12 22 43 2
12 23 96 5
13 4 2 5
13 5 20 1
13 9 5 25
13 10 280 8
13 11 225 1
13 22 2 11
14 4 3 9
14 7 1 29
14 8 291 1
14 9 2 16
14 10 5 12
14 11 57 1
14 15 19 1
14 22 1 24
15 1 2 29
15 4 1 23
15 7 187 1
15 9 1 29
15 10 80 1
15 11 5 1
15 13 15 2
15 14 20 1
15 23 4 5
15 26 1 24
16 0 4 13
16 1 13 8
16 2 81 6
16 3 65 1
16 5 49 1
16 6 3 19
16 8 243 1
16 9 35 6
16 10 14 15
16 14 1 1
16 17 1 27
16 19 1 15
16 23 1 2
16 24 131 1
17 0 8 2
17 1 2 24
17 2 216 2
17 6 3 17
17 8 8 1
17 9 1 22
17 20 1 9
17 21 3 9
17 23 63 3
18 1 1 11
18 3 1 13
18 4 45 1
18 7 1 28
18 8 216 1
18 13 1 19
18 16 2 28
18 25 14 6
19 0 65 1
19 1 2 1
19 3 1 1
19 5 4 1
19 6 3 1
19 7 2 9
19 26 11 20
20 1 1 10
20 2 1 5
20 3 51 29
20 8 3 29
20 9 1 5
20 11 1 11
20 17 186 5
20 19 21 1
21 1 2 27
21 12 1 2
21 15 2 6
21 17 65 28
21 24 20 21
22 0 56 16
22 2 3 13
22 7 78 1
22 12 5 19
22 23 1 7
23 7 1 17
23 9 2 26
23 10 163 3
23 12 31 24
23 13 1 28
23 14 1 11
23 24 1 24
23 26 27 14
24 1 99 1
24 3 7 15
24 5 18 1
24 7 2 23
24 8 79 1
24 10 81 1
24 11 164 1
24 12 22 23
24 16 230 15
24 20 1 3
24 23 3 2
24 26 9 1
25 5 1 1
25 11 35 1
25 14 23 5
25 15 15 1
25 26 15 2
26 0 32 11
26 3 2 11
26 4 1 13
26 5 11 1
26 11 3 4
26 12 36 1
26 13 2 25
26 14 3 25
26 15 9 21
26 18 26 2
26 23 1 16
26 24 23 1
26 25 32 1
26 27 93 1
27 0 48 17
27 5 1 22
27 7 106 2
27 25 47 2
27 26 66 1
