0 1 195 28
0 2 1 24
0 3 34 1
0 4 60 2
0 5 49 1
0 6 8 18
0 7 437 1
0 8 75 1
0 15 2 3
0 16 44 1
0 18 1 26
0 19 96 1
0 20 318 1
0 24 142 1
1 0 165 1
1 2 6 12
1 3 123 1
1 4 5 13
1 5 35 1
1 6 10 1
1 8 14 1
1 9 2 14
1 10 57 1
1 11 11 10
1 12 22 5
1 13 3 5
1 14 4 21
1 16 25 1
1 17 6 1
1 18 1 8
1 19 63 1
1 21 1 26
1 24 34 1
1 27 1 22
2 0 12 14
2 1 132 15
2 3 6 20
2 4 1 15
2 6 40 1
2 7 3 16
2 8 18 1
2 10 307 1
2 11 250 1
2 12 73 17
2 13 25 16
2 14 32 25
2 20 1 12
2 23 1 29
3 0 35 1
3 1 164 1
3 2 40 1
3 5 20 1
3 6 270 1
3 7 72 1
3 8 3 10
3 11 257 1
3 13 18 1
3 14 1 3
3 16 33 1
3 17 1 15
3 18 4 29
3 20 17 9
3 24 54 1
4 1 2 26
4 2 79 2
4 3 124 1
4 5 1 11
4 6 63 20
4 8 1 16
4 9 5 29
4 11 1 26
4 12 130 1
4 14 2 21
4 18 211 1
4 19 122 1
4 20 80 4
4 22 82 9
4 23 2 18
4 25 48 2
4 27 54 3
5 0 140 1
5 1 83 1
5 3 15 1
5 4 2 5
5 6 80 12
5 7 9 1
5 8 200 1
5 9 248 1
5 10 275 1
5 11 218 1
5 12 77 1
5 15 1 17
5 16 50 1
5 17 1 2
5 20 4 15
5 24 16 1
5 25 1 15
6 0 252 1
6 1 310 1
6 2 298 1
6 3 1 1
6 4 94 1
6 5 69 18
6 8 22 3
6 9 175 28
6 10 12 7
6 11 1 5
6 12 23 2
6 13 3 1
6 22 79 6
6 24 1 9
7 1 1 16
7 2 3 24
7 3 2 11
7 6 154 15
7 8 136 1
7 9 110 2
7 10 34 5
7 11 90 8
7 12 17 2
7 14 190 1
7 15 30 1
7 16 78 5
7 23 3 15
7 24 13 10
8 0 96 1
8 1 306 1
8 2 322 12
8 3 127 1
8 4 2 1
8 5 370 2
8 6 111 1
8 9 291 1
8 10 78 5
8 11 9 8
8 12 151 1
8 13 6 5
8 14 3 13
8 15 1 1
8 16 38 1
8 17 315 1
8 18 38 2
8 19 4 17
8 21 2 5
8 24 107 1
9 1 103 1
9 2 1 2
9 3 143 1
9 4 2 10
9 5 250 25
9 6 273 15
9 7 13 27
9 8 17 4
9 10 4 18
9 11 1 9
9 12 6 27
9 13 2 15
9 17 188 1
9 18 118 17
9 19 1 18
9 26 62 10
10 1 170 1
10 2 161 1
10 4 49 1
10 5 391 1
10 6 1 1
10 7 321 1
10 8 4 13
10 9 242 1
10 11 7 1
10 12 1 24
10 13 2 8
10 14 4 1
10 15 5 1
10 16 1 6
10 22 1 28
10 26 1 20
10 27 2 10
11 0 1 9
11 2 227 1
11 3 181 1
11 5 5 5
11 6 192 1
11 7 48 1
11 8 100 1
11 9 78 1
11 10 6 26
11 12 1 26
11 13 138 2
11 14 1 7
11 15 160 1
11 17 10 22
11 21 112 1
11 22 30 1
11 23 4 25
11 24 5 8
11 25 46 1
11 27 2 6
12 0 1 5
12 2 2 3
12 3 70 6
12 5 88 1
12 6 24 1
12 9 281 1
12 10 37 2
12 11 8 1
12 14 1 17
12 18 11 4
12 21 2 10
12 23 92 3
12 24 33 9
12 25 31 1
12 26 1 18
13 1 1 25
13 5 18 1
13 8 94 1
13 10 3 25
13 11 209 2
13 12 189 1
13 14 1 21
13 15 12 3
13 22 2 11
14 3 8 1
14 5 5 8
14 6 1 29
14 7 3 19
14 8 264 1
14 10 3 27
14 11 26 1
14 27 1 8
15 0 2 8
15 1 80 5
15 2 2 2
15 3 17 1
15 4 1 9
15 6 1 26
15 7 138 1
15 11 1 27
15 13 12 1
15 14 29 1
15 22 1 1
15 23 2 25
15 24 2 29
16 0 25 1
16 1 38 1
16 3 21 1
16 4 218 1
16 5 30 1
16 6 1 9
16 8 64 25
16 17 19 26
16 19 1 20
16 22 23 1
16 24 15 1
17 0 2 15
17 1 7 15
17 2 200 2
17 3 1 18
17 5 1 26
17 6 5 22
17 8 3 4
17 9 1 24
17 11 1 22
17 12 26 4
17 16 288 29
17 20 1 19
17 25 5 20
18 2 39 2
18 3 4 21
18 4 16 2
18 5 9 8
18 8 207 1
18 14 3 18
18 16 1 24
18 20 70 6
19 0 31 1
19 15 1 2
19 20 2 26
19 25 1 29
20 0 3 15
20 1 2 17
20 2 22 27
20 3 30 20
20 4 35 1
20 5 1 28
20 6 127 2
20 7 204 1
20 10 165 1
20 11 2 5
20 17 184 1
20 19 24 10
21 8 105 2
21 9 1 10
21 13 14 10
21 17 65 3
21 22 8 19
21 24 1 12
22 2 9 1
22 8 154 5
22 9 4 6
22 12 2 27
22 21 15 8
22 23 1 21
23 0 7 4
23 1 25 2
23 2 1 2
23 4 1 5
23 5 5 9
23 7 1 19
23 8 139 6
23 11 14 16
23 20 16 1
24 0 18 1
24 1 25 1
24 3 3 28
24 4 21 2
24 5 16 4
24 6 137 3
24 7 1 27
24 8 107 1
24 9 103 14
24 10 67 1
24 11 111 1
24 15 1 1
24 16 64 1
24 18 1 21
24 20 1 25
24 27 4 4
25 4 1 1
25 5 1 17
25 10 2 13
25 11 1 2
25 19 1 4
25 20 25 1
25 27 11 3
26 0 10 16
26 5 10 5
26 6 6 1
26 7 15 29
26 8 39 1
26 11 4 21
26 15 9 28
26 20 3 9
26 25 28 1
26 27 73 2
27 0 1 5
27 1 69 6
27 5 1 1
27 6 78 1
27 7 93 1
27 14 2 6
27 26 43 2
