0 1 71 3
0 2 1 9
0 3 76 8
0 4 35 1
0 5 45 14
0 6 8 12
0 7 407 1
0 8 21 17
0 9 222 1
0 13 1 26
0 15 5 29
0 16 20 16
0 17 217 2
0 19 171 1
0 20 290 1
0 22 12 2
0 24 36 14
0 25 106 1
0 27 3 5
1 0 56 20
1 2 333 1
1 3 18 19
1 4 12 12
1 5 20 14
1 8 47 15
1 9 1 6
1 10 36 1
1 11 19 7
1 16 20 24
1 18 4 22
1 19 46 2
1 24 20 1
1 26 58 9
1 27 2 20
2 0 35 2
2 1 45 1
2 3 29 28
2 4 77 7
2 6 295 1
2 7 2 25
2 8 244 1
2 9 1 20
2 10 294 1
2 11 230 1
2 12 1 11
2 15 1 20
2 20 5 6
2 25 35 2
3 0 21 20
3 1 21 2
3 2 6 4
3 5 29 20
3 6 244 2
3 7 13 1
3 8 36 13
3 10 1 1
3 11 212 1
3 16 20 28
3 17 9 10
3 18 1 1
3 21 1 15
3 24 83 24
3 25 1 10
3 27 32 2
4 1 4 23
4 2 53 1
4 3 102 1
4 5 2 17
4 6 6 26
4 7 30 1
4 8 2 1
4 9 11 23
4 12 111 1
4 13 43 1
4 14 7 19
4 15 1 15
4 18 150 1
4 20 71 2
4 23 54 26
5 0 20 25
5 1 80 13
5 3 20 21
5 4 37 2
5 6 194 1
5 7 256 18
5 8 21 3
5 9 98 1
5 10 222 1
5 11 205 3
5 12 55 2
5 16 20 13
5 24 20 3
5 27 2 13
6 0 212 1
6 1 208 1
6 2 256 1
6 3 12 12
6 4 4 27
6 5 67 16
6 7 324 1
6 8 24 29
6 9 38 1
6 10 13 23
6 11 2 15
6 12 1 13
6 20 11 17
6 23 45 1
6 24 1 28
6 27 2 20
7 1 15 14
7 2 12 3
7 3 309 1
7 4 317 3
7 6 55 2
7 8 352 1
7 10 41 14
7 11 43 1
7 12 1 25
7 14 164 1
7 15 290 1
7 16 72 4
7 17 209 1
7 20 186 1
7 21 93 1
7 22 80 1
7 24 46 28
7 25 3 28
7 26 1 6
7 27 122 1
8 0 21 25
8 1 294 2
8 2 167 1
8 3 19 19
8 4 127 1
8 5 16 6
8 6 11 1
8 7 2 3
8 9 213 1
8 10 18 7
8 11 2 9
8 12 129 1
8 14 19 17
8 15 3 27
8 16 53 1
8 22 99 1
8 24 21 27
8 25 4 27
8 26 2 21
9 0 211 1
9 1 73 2
9 2 1 18
9 3 134 4
9 4 12 17
9 5 2 1
9 6 201 1
9 8 12 6
9 10 37 4
9 11 311 23
9 12 4 4
9 15 1 11
9 16 3 6
9 20 1 12
9 22 7 8
9 23 6 2
9 24 1 5
10 1 137 1
10 2 119 1
10 3 216 1
10 4 30 2
10 5 357 1
10 6 6 24
10 7 262 1
10 8 7 17
10 9 170 1
10 11 20 13
10 12 2 20
10 13 1 20
10 14 3 24
10 15 3 1
10 17 260 3
10 21 1 9
10 26 5 24
10 27 1 7
11 0 1 2
11 1 346 1
11 3 136 1
11 6 155 1
11 7 347 1
11 8 55 1
11 9 54 1
11 10 4 25
11 12 7 21
11 13 115 2
11 14 5 5
11 15 133 1
11 18 99 5
11 20 242 2
11 23 3 13
11 24 72 22
11 27 1 24
12 0 1 23
12 1 4 28
12 2 1 16
12 6 11 2
12 9 26 1
12 10 296 3
12 13 2 5
12 14 1 29
12 16 4 21
12 22 24 2
12 23 87 3
12 25 27 9
13 0 7 7
13 5 16 2
13 8 77 1
13 9 5 5
13 10 42 2
13 11 190 1
13 12 19 1
13 14 1 7
13 22 2 16
14 4 144 3
14 6 26 4
14 7 2 23
14 8 231 1
14 9 2 17
14 10 12 27
14 11 5 1
14 15 1 5
14 18 2 5
14 20 3 6
14 22 1 9
14 23 31 5
14 24 1 25
14 26 5 1
15 2 6 23
15 3 12 5
15 4 4 11
15 7 89 1
15 8 3 25
15 10 24 2
15 11 11 18
15 14 5 2
15 20 2 14
15 21 13 7
15 26 2 15
16 0 20 19
16 1 20 2
16 2 76 1
16 3 90 22
16 4 216 1
16 5 44 2
16 8 20 26
16 15 1 21
16 17 111 9
16 18 3 7
16 19 1 2
16 24 20 4
16 25 40 8
17 1 22 4
17 3 1 1
17 4 10 5
17 6 3 24
17 9 6 4
17 10 246 1
17 11 206 22
17 12 22 1
17 19 53 1
17 20 2 8
17 25 1 13
17 26 62 10
18 6 209 3
18 7 3 1
18 8 196 2
18 9 1 23
18 16 56 29
19 0 7 1
19 1 1 29
19 2 39 1
19 7 2 19
19 10 11 1
19 11 1 17
19 20 18 22
20 0 2 23
20 1 4 1
20 5 1 2
20 7 183 1
20 10 155 1
20 11 1 3
20 12 4 20
20 15 86 5
20 17 180 1
20 21 1 14
20 24 15 1
20 25 65 4
21 3 17 2
21 5 16 5
21 6 6 7
21 7 1 19
21 8 103 11
21 9 2 2
21 12 1 7
21 17 64 29
21 24 1 29
22 6 1 27
22 7 62 1
22 11 104 2
22 23 1 5
23 0 5 2
23 9 11 5
23 11 24 29
23 12 8 29
23 13 3 17
23 19 1 18
23 20 13 17
23 22 2 1
23 24 3 23
24 0 20 14
24 1 51 14
24 3 21 22
24 5 58 22
24 6 133 7
24 7 5 10
24 8 21 8
24 10 53 1
24 11 62 1
24 15 1 29
24 16 21 17
24 20 1 3
25 0 57 5
25 1 14 27
25 5 22 13
25 6 126 2
25 11 4 3
25 14 16 6
25 17 1 16
26 8 34 3
26 11 7 19
26 19 1 28
26 27 49 1
27 1 66 1
27 4 1 2
27 7 80 2
27 8 1 11
27 14 1 3
27 16 1 9
27 25 21 1
27 26 23 1
