0 1 22 1
0 2 4 3
0 3 37 20
0 5 30 28
0 6 5 27
0 7 381 1
0 8 7 29
0 10 26 13
0 11 18 1
0 13 1 23
0 15 1 10
0 16 5 23
0 17 196 1
0 19 62 1
0 20 268 1
0 22 10 11
0 24 23 23
0 25 102 4
1 0 11 22
1 2 168 1
1 3 163 18
1 4 4 23
1 5 109 23
1 6 1 29
1 7 3 25
1 8 61 10
1 9 3 28
1 11 1 6
1 14 2 13
1 16 25 26
1 18 6 5
1 19 36 1
1 21 1 18
1 24 5 23
2 1 48 1
2 3 8 25
2 4 2 11
2 5 2 1
2 6 263 1
2 7 45 5
2 8 41 1
2 10 275 2
2 11 214 1
2 12 31 9
2 14 8 20
2 17 1 3
2 27 34 1
3 0 41 26
3 1 5 23
3 2 2 27
3 4 237 3
3 5 39 22
3 6 224 1
3 8 3 29
3 11 179 1
3 13 15 1
3 14 1 8
3 16 238 14
3 19 2 23
3 20 2 14
3 23 5 8
3 24 176 3
3 26 8 15
4 1 33 8
4 2 37 1
4 3 87 1
4 5 3 2
4 6 127 20
4 8 2 2
4 9 2 3
4 10 1 23
4 11 4 2
4 12 98 1
4 13 39 1
4 14 8 28
4 15 1 26
4 17 1 1
4 18 110 1
4 19 110 2
4 22 80 2
5 0 5 22
5 1 5 2
5 2 44 1
5 3 5 6
5 6 237 1
5 8 34 7
5 9 53 1
5 10 185 1
5 11 195 3
5 12 42 1
5 16 5 21
5 18 111 1
5 24 52 9
6 0 184 1
6 1 11 28
6 2 223 1
6 3 1 8
6 4 35 1
6 5 191 9
6 7 257 1
6 8 412 4
6 9 111 1
6 10 3 26
6 11 1 6
6 12 2 7
6 14 1 16
6 18 14 1
6 20 7 7
6 24 2 7
6 25 20 9
7 1 2 24
7 2 47 25
7 3 130 1
7 6 95 14
7 8 61 1
7 9 71 1
7 10 120 21
7 14 146 1
7 15 9 1
7 20 171 1
7 21 91 3
7 22 73 1
7 23 1 1
7 24 12 6
7 25 1 3
7 26 2 26
7 27 112 2
8 0 51 29
8 1 21 27
8 2 366 24
8 3 29 24
8 4 377 1
8 5 342 1
8 6 6 8
8 7 14 27
8 9 162 1
8 10 330 25
8 11 20 12
8 14 4 12
8 15 2 2
8 16 6 23
8 17 291 1
8 20 269 4
8 21 1 13
8 22 92 2
8 23 2 11
8 24 6 14
9 0 203 2
9 1 55 1
9 2 1 16
9 3 128 1
9 4 2 13
9 5 21 1
9 6 174 1
9 7 307 1
9 8 1 25
9 10 31 14
9 12 16 3
9 15 2 5
9 17 170 1
9 18 1 29
9 24 1 6
9 27 73 6
10 1 115 1
10 2 92 1
10 3 197 1
10 4 19 3
10 5 327 1
10 6 9 13
10 7 221 1
10 8 425 19
10 8 104 1
10 9 206 1
10 11 3 2
10 14 41 20
10 15 242 2
10 19 126 5
10 22 1 16
10 23 141 1
10 26 5 27
10 27 5 4
11 0 1 2
11 1 343 1
11 2 186 1
11 3 106 1
11 6 130 1
11 7 120 1
11 8 31 1
11 9 39 2
11 10 27 25
11 12 1 17
11 13 99 1
11 14 12 1
11 15 48 1
11 16 2 14
11 22 15 1
11 23 21 23
11 24 2 16
11 25 1 15
11 27 12 16
12 0 1 14
12 2 1 21
12 3 61 2
12 5 51 1
12 7 220 17
12 9 264 1
12 10 31 1
12 11 2 1
12 16 32 23
12 22 19 1
12 23 83 6
12 24 28 2
13 6 41 2
13 7 1 17
13 8 66 1
13 9 1 20
13 11 175 1
13 12 175 1
13 14 7 19
13 24 16 1
14 1 126 3
14 4 143 3
14 5 6 4
14 6 25 17
14 7 1 10
14 8 206 1
14 9 1 13
14 10 17 28
14 13 32 9
14 15 1 23
14 18 1 20
14 23 29 1
15 2 1 14
15 4 5 13
15 7 60 1
15 10 11 2
15 11 30 23
15 20 4 26
15 27 4 17
16 0 104 20
16 1 102 18
16 2 73 4
16 3 144 24
16 4 210 1
16 5 78 14
16 7 145 8
16 8 98 4
16 9 23 1
16 13 28 3
16 15 2 2
16 17 8 22
16 18 2 29
16 20 1 20
16 24 5 8
16 25 39 22
17 0 19 19
17 1 4 29
17 2 164 1
17 4 1 24
17 5 3 16
17 6 5 2
17 9 1 8
17 10 240 1
17 11 4 13
17 15 89 7
17 16 133 1
17 18 14 7
17 19 48 2
17 20 17 8
17 23 1 14
17 27 22 10
18 0 140 1
18 3 13 10
18 5 10 1
18 6 201 1
18 7 174 3
18 8 188 2
18 9 4 4
18 10 17 4
18 14 3 11
18 16 3 17
18 17 1 26
18 20 74 9
19 2 37 7
19 4 5 7
19 20 17 13
19 23 1 11
20 0 1 15
20 1 3 3
20 2 1 7
20 3 1 2
20 8 4 9
20 9 1 11
20 11 31 27
20 14 16 9
20 15 84 1
20 17 177 1
20 19 229 1
20 24 2 11
20 25 62 3
21 3 16 2
21 5 1 17
21 7 14 9
21 12 1 4
21 15 1 3
21 20 1 4
21 27 13 3
22 0 51 1
22 3 13 15
22 12 1 3
22 17 26 6
22 21 11 13
22 23 3 13
23 7 5 2
23 10 132 1
23 11 1 19
23 13 1 7
23 14 30 4
23 16 1 27
23 27 18 13
24 0 5 18
24 1 6 29
24 3 5 26
24 4 16 2
24 5 71 8
24 6 131 2
24 7 3 13
24 8 6 7
24 9 1 26
24 11 35 1
24 12 3 5
24 14 31 8
24 16 26 14
24 21 1 16
24 23 1 9
25 3 7 2
25 5 24 6
25 6 121 3
25 7 1 3
25 10 23 1
25 11 4 9
25 14 14 1
25 17 1 22
25 19 1 18
25 24 6 19
26 1 84 6
26 3 1 12
26 5 8 18
26 7 1 15
26 8 31 7
26 9 1 2
26 11 1 27
26 17 8 26
26 19 15 22
26 24 9 1
26 27 33 1
27 1 63 3
27 6 70 1
27 7 71 1
27 8 1 18
27 11 2 26
27 13 1 4
27 22 14 5
27 25 13 1
27 26 11 3
