0 1 394 1
0 2 3 16
0 3 93 1
0 4 5 1
0 5 50 1
0 6 16 12
0 7 332 1
0 8 245 1
0 10 237 5
0 14 5 1
0 16 191 1
0 17 158 1
0 18 18 29
0 19 158 1
0 20 228 1
0 23 86 28
0 24 119 1
1 0 103 1
1 2 113 1
1 3 354 1
1 4 3 23
1 5 145 1
1 6 18 24
1 7 1 12
1 8 34 1
1 9 70 4
1 10 8 2
1 11 1 12
1 12 5 3
1 13 109 1
1 14 1 26
1 16 47 1
1 17 11 13
1 18 9 7
1 19 20 2
1 20 1 9
1 21 3 25
1 23 4 24
1 26 54 4
2 0 28 1
2 1 8 1
2 3 29 1
2 5 78 2
2 6 207 1
2 7 1 6
2 8 175 1
2 9 2 20
2 10 237 1
2 11 185 1
2 17 1 12
2 21 1 23
2 22 12 1
2 24 36 9
2 25 31 5
3 0 118 2
3 1 167 1
3 2 6 1
3 5 158 1
3 6 185 1
3 7 3 26
3 8 6 1
3 11 125 1
3 16 116 1
3 17 4 2
3 20 2 15
3 22 24 9
3 24 110 1
3 26 2 21
4 0 10 1
4 1 12 16
4 2 15 2
4 3 63 1
4 5 4 12
4 6 118 14
4 7 9 4
4 8 1 6
4 9 3 28
4 10 2 7
4 12 77 1
4 13 33 3
4 14 7 20
4 18 53 1
4 19 101 1
4 20 54 3
4 21 46 10
5 0 29 2
5 1 114 1
5 2 30 2
5 3 116 1
5 4 2 22
5 6 150 1
5 8 39 1
5 9 13 23
5 10 123 1
5 11 177 1
5 12 22 1
5 14 9 6
5 16 197 1
5 18 99 1
5 24 117 1
6 0 138 1
6 1 55 1
6 2 158 1
6 3 52 28
6 4 2 1
6 5 7 8
6 7 195 1
6 8 104 1
6 9 17 1
6 10 3 2
6 11 37 28
6 12 14 4
6 17 59 2
6 18 218 3
6 20 18 12
6 21 1 16
6 22 64 4
6 24 3 11
6 26 2 3
7 0 3 15
7 1 2 26
7 2 343 10
7 3 91 1
7 4 288 2
7 5 308 1
7 6 2 25
7 8 241 2
7 9 47 2
7 10 2 22
7 11 9 8
7 13 8 3
7 14 114 2
7 15 206 1
7 17 181 1
7 18 81 4
7 20 145 1
7 23 30 3
7 24 4 7
7 25 3 12
7 26 1 11
7 27 96 1
8 0 93 1
8 1 239 1
8 2 279 1
8 3 15 11
8 4 327 1
8 5 201 1
8 6 22 1
8 7 9 12
8 9 86 1
8 10 306 1
8 11 1 8
8 14 1 2
8 15 1 28
8 16 59 1
8 17 270 1
8 18 13 1
8 19 4 12
8 20 269 1
8 23 1 23
8 24 22 25
8 25 35 7
9 0 188 2
9 1 28 2
9 2 17 23
9 4 4 2
9 5 70 1
9 6 31 1
9 7 1 2
9 8 1 15
9 10 87 8
9 11 1 19
9 12 21 11
9 13 108 2
9 14 2 10
9 15 15 20
9 20 1 19
9 22 12 27
9 24 1 2
9 27 70 4
10 1 81 1
10 2 51 2
10 3 163 1
10 5 268 1
10 6 3 27
10 7 154 1
10 8 366 1
10 9 53 1
10 11 32 17
10 12 363 7
10 14 2 1
10 15 225 1
10 17 250 4
10 20 226 3
10 22 1 27
10 24 1 1
10 27 1 3
11 0 1 3
11 1 334 3
11 2 155 1
11 3 61 1
11 4 2 1
11 6 90 2
11 7 89 1
11 8 5 1
11 9 19 1
11 10 2 10
11 12 1 9
11 13 73 1
11 14 17 3
11 15 4 1
11 17 1 20
11 20 226 3
11 23 7 9
11 24 1 21
11 25 2 19
12 5 30 1
12 8 295 1
12 9 215 1
12 10 31 1
12 14 52 16
12 21 2 4
12 23 77 1
13 1 17 21
13 6 31 5
13 8 48 1
13 9 1 29
13 10 257 1
13 11 148 1
13 12 143 1
13 14 1 6
13 24 14 2
14 0 5 15
14 5 3 11
14 7 25 29
14 8 162 1
14 9 1 20
14 10 10 12
14 11 2 21
14 13 10 27
14 15 5 17
14 17 50 1
14 19 14 27
14 21 1 18
14 22 2 23
15 1 1 23
15 2 6 25
15 3 5 9
15 4 7 5
15 8 2 25
15 11 5 26
15 14 2 16
15 17 85 11
15 19 2 17
15 27 1 18
16 0 111 1
16 1 16 15
16 3 203 1
16 4 198 1
16 5 102 1
16 6 4 26
16 7 142 2
16 8 165 1
16 9 17 1
16 10 1 20
16 17 3 3
16 18 3 28
16 23 2 10
16 24 165 1
16 25 39 1
16 26 1 8
17 0 3 23
17 1 11 23
17 4 1 9
17 5 3 21
17 11 1 25
17 16 108 1
17 19 39 5
17 27 1 23
18 0 129 1
18 2 24 2
18 3 8 18
18 4 3 6
18 7 2 9
18 9 2 20
18 11 11 22
18 13 1 25
18 16 66 22
18 19 1 10
19 0 1 16
19 1 1 22
19 3 1 12
19 6 136 4
19 7 1 23
19 10 5 2
19 14 1 8
19 20 22 14
19 26 10 15
20 0 1 26
20 1 1 16
20 2 2 29
20 7 142 2
20 11 23 27
20 17 171 1
20 18 1 25
20 19 220 1
20 27 1 10
21 11 1 13
21 14 22 14
21 24 1 16
22 2 5 11
22 3 11 19
22 9 5 26
22 11 79 1
22 12 4 28
22 13 1 19
22 14 1 1
22 17 23 3
22 27 9 12
23 2 5 22
23 6 1 13
23 8 122 3
23 10 116 2
23 11 216 5
23 19 8 9
23 20 10 2
23 22 12 5
23 24 15 29
24 0 56 1
24 1 22 12
24 2 27 15
24 3 66 1
24 5 2 12
24 8 227 1
24 10 30 1
24 11 6 1
24 12 1 8
24 14 28 1
24 16 130 1
24 22 1 22
24 27 1 1
25 5 1 6
25 7 1 24
25 10 4 1
25 11 6 6
25 22 1 27
25 24 6 9
26 3 1 20
26 11 1 10
26 13 14 6
26 23 1 1
26 27 12 1
27 1 59 1
27 11 4 11
27 26 1 1
