0 1 379 9
0 2 2 22
0 3 78 1
0 4 4 2
0 5 33 1
0 6 7 28
0 7 331 1
0 8 229 1
0 9 213 2
0 11 1 19
0 14 5 22
0 16 175 1
0 17 157 1
0 18 1 17
0 19 157 1
0 20 227 1
0 23 3 23
0 24 102 1
0 25 96 2
1 0 90 3
1 2 108 1
1 3 334 1
1 4 2 13
1 5 127 1
1 6 3 17
1 8 18 5
1 9 1 22
1 11 8 27
1 13 109 1
1 14 1 18
1 16 30 1
1 17 2 16
1 18 1 24
1 20 32 12
1 21 2 22
1 24 92 1
1 25 2 2
2 0 27 1
2 1 2 29
2 3 27 1
2 6 205 1
2 8 171 1
2 10 235 1
2 11 184 1
2 12 1 21
2 17 2 7
2 20 5 15
2 22 12 9
2 23 1 25
2 26 27 13
3 0 25 7
3 1 149 1
3 2 23 5
3 5 146 1
3 6 184 1
3 7 3 6
3 8 196 2
3 11 124 1
3 12 103 9
3 16 106 1
3 20 56 3
3 24 93 1
3 25 64 17
4 0 10 21
4 1 5 7
4 3 63 1
4 5 8 4
4 6 132 6
4 8 2 25
4 9 2 20
4 10 1 7
4 12 76 2
4 15 1 22
4 17 278 3
4 18 52 1
4 19 101 1
4 25 35 2
4 27 45 9
5 0 178 2
5 1 110 2
5 3 99 1
5 4 350 1
5 6 134 1
5 7 237 1
5 8 24 1
5 9 119 1
5 10 121 1
5 11 176 2
5 12 22 1
5 16 180 1
5 18 98 1
5 20 1 6
5 24 100 1
6 0 136 1
6 1 53 1
6 2 157 1
6 3 1 14
6 4 2 2
6 5 186 1
6 7 193 1
6 8 82 11
6 9 15 1
6 10 212 1
6 11 1 10
6 12 2 24
6 14 1 6
6 16 39 1
6 19 3 8
6 21 4 2
6 24 12 13
6 26 1 3
7 0 1 5
7 1 5 13
7 3 88 1
7 5 307 1
7 6 114 11
7 8 6 1
7 10 167 17
7 11 8 4
7 12 169 17
7 15 205 1
7 17 181 1
7 19 1 20
7 20 145 1
7 23 1 8
7 25 8 2
7 26 1 3
7 27 95 1
8 0 141 1
8 1 220 1
8 2 274 1
8 3 124 1
8 4 325 1
8 5 196 1
8 6 119 7
8 7 5 15
8 9 84 1
8 10 297 1
8 11 24 25
8 12 88 1
8 13 2 25
8 14 5 20
8 15 1 19
8 16 42 1
8 17 270 1
8 18 13 1
8 20 269 1
8 21 2 18
8 22 82 1
8 23 4 26
8 24 109 1
8 26 16 21
9 3 115 2
9 4 16 10
9 5 63 18
9 6 28 1
9 8 3 9
9 10 12 29
9 11 1 28
9 12 2 15
9 14 1 23
9 18 1 13
9 20 1 9
9 21 85 2
9 22 10 25
10 1 80 1
10 3 162 1
10 5 267 1
10 6 3 11
10 7 152 1
10 8 357 1
10 9 50 1
10 11 4 25
10 14 4 27
10 15 224 1
10 16 5 13
10 21 1 29
10 22 1 8
10 23 125 2
10 24 6 17
10 26 2 1
11 0 190 7
11 2 154 1
11 3 60 1
11 4 5 16
11 7 79 16
11 8 4 1
11 9 19 1
11 10 34 28
11 12 1 20
11 13 72 2
11 14 2 16
11 15 3 2
11 16 5 28
11 17 1 5
11 19 1 15
11 22 8 1
11 24 98 10
11 25 2 15
11 27 2 14
12 0 1 17
12 1 4 24
12 2 4 27
12 5 29 2
12 8 294 2
12 9 212 1
12 10 30 1
12 16 2 21
12 17 7 5
12 21 1 14
12 23 76 2
12 24 24 2
12 27 59 20
13 4 9 16
13 7 1 8
13 8 47 3
13 9 1 16
13 10 256 1
13 11 147 2
13 12 142 1
13 14 4 21
13 22 1 28
13 25 3 8
14 6 15 26
14 8 161 1
14 10 7 1
14 13 29 1
14 15 2 22
14 17 49 3
15 4 5 4
15 6 1 3
15 7 21 1
15 8 1 16
15 9 13 24
15 11 6 25
15 14 3 5
15 20 2 25
15 26 4 18
16 0 95 1
16 1 108 1
16 3 186 1
16 4 197 2
16 5 85 4
16 8 148 1
16 9 17 3
16 18 4 12
16 21 1 13
16 24 148 1
16 25 38 10
16 26 1 15
17 0 177 22
17 1 1 28
17 2 135 1
17 3 208 1
17 6 17 13
17 8 2 4
17 9 10 23
17 10 229 4
17 12 13 2
17 13 77 6
17 16 107 1
17 18 9 21
17 27 22 19
18 0 129 2
18 1 1 17
18 3 1 28
18 4 3 7
18 6 195 1
18 8 173 1
18 9 7 3
18 14 7 1
18 16 1 8
18 17 1 20
19 0 1 4
19 9 1 23
19 15 2 10
19 18 1 14
19 20 9 13
20 0 1 10
20 1 1 24
20 2 1 19
20 3 7 27
20 6 93 1
20 8 1 4
20 11 1 7
20 13 1 14
20 17 170 5
20 19 217 1
20 21 49 28
20 27 1 20
21 2 12 8
21 7 82 21
21 9 4 26
21 10 10 1
22 4 68 2
22 6 1 25
22 11 78 2
22 13 1 14
22 14 1 20
22 23 2 5
23 7 1 11
23 9 3 23
23 11 1 7
23 12 1 11
23 13 2 10
23 18 1 26
23 24 3 18
23 27 18 2
24 0 39 1
24 1 48 1
24 3 50 1
24 5 66 1
24 7 1 17
24 8 211 1
24 10 30 1
24 11 5 1
24 13 6 29
24 14 27 1
24 15 1 24
24 16 113 1
25 0 45 3
25 4 108 1
25 5 1 24
25 6 111 3
25 7 11 23
25 10 3 21
25 11 35 3
25 12 71 1
25 14 9 7
25 15 1 1
25 19 1 5
26 4 2 26
26 6 2 9
26 7 3 13
26 9 1 24
26 10 1 18
26 11 2 22
26 17 1 9
26 23 1 18
26 27 12 1
27 0 1 8
27 1 58 6
27 2 32 4
27 7 55 1
27 15 34 5
27 16 4 2
27 25 3 2
