0 1 298 1
0 2 1 4
0 3 53 1
0 4 4 1
0 5 84 1
0 6 1 24
0 7 329 1
0 8 200 1
0 9 212 3
0 11 17 23
0 13 1 8
0 15 2 2
0 16 143 1
0 17 155 1
0 19 154 1
0 20 225 1
0 24 70 1
0 25 96 1
1 0 2 23
1 2 63 1
1 3 298 1
1 4 2 17
1 5 93 1
1 6 10 17
1 7 14 7
1 8 9 12
1 9 21 22
1 10 8 1
1 11 13 10
1 12 5 1
1 13 109 1
1 16 47 6
1 17 2 27
1 18 61 28
1 20 28 2
1 21 1 18
1 22 1 18
1 24 60 1
1 25 2 3
2 0 26 1
2 1 296 1
2 3 148 14
2 4 1 17
2 5 78 1
2 6 202 1
2 7 1 2
2 8 161 1
2 9 1 19
2 10 233 1
2 11 183 1
2 14 12 3
2 17 1 14
2 20 2 10
3 0 93 1
3 1 115 1
3 2 5 4
3 4 221 1
3 5 114 1
3 6 182 1
3 7 2 20
3 8 179 1
3 11 122 1
3 16 47 1
3 20 1 22
3 23 3 21
3 24 53 3
3 27 27 4
4 0 16 22
4 1 12 5
4 5 62 15
4 6 6 1
4 8 32 18
4 9 3 10
4 10 27 27
4 11 2 25
4 12 75 2
4 13 33 2
4 18 50 1
4 20 53 1
4 25 34 1
5 0 162 1
5 1 94 1
5 2 29 3
5 3 73 6
5 4 345 12
5 6 143 1
5 7 236 1
5 8 12 2
5 9 108 1
5 10 119 1
5 11 175 2
5 16 148 1
5 17 1 10
5 19 33 1
5 24 116 1
5 25 1 3
5 26 18 9
6 0 134 1
6 1 49 1
6 2 153 1
6 3 6 17
6 4 1 4
6 5 226 1
6 7 189 1
6 8 228 1
6 9 13 1
6 10 2 5
6 11 1 5
6 12 5 1
6 14 9 10
6 18 218 1
6 19 1 18
6 21 4 25
6 24 1 1
6 25 29 27
6 26 2 28
7 0 1 18
7 1 29 24
7 3 81 13
7 5 306 1
7 6 3 10
7 8 238 1
7 10 1 6
7 11 46 7
7 13 8 15
7 14 112 1
7 15 202 1
7 16 61 1
7 17 180 1
7 19 1 4
7 20 143 1
7 23 34 27
7 24 2 18
7 25 9 3
7 27 94 2
8 0 110 1
8 1 184 9
8 2 264 2
8 3 92 1
8 4 322 11
8 5 156 1
8 6 23 12
8 7 67 19
8 9 81 1
8 10 278 1
8 11 3 7
8 12 87 1
8 13 1 21
8 14 3 15
8 15 1 1
8 16 10 1
8 17 269 1
8 18 12 5
8 19 1 21
8 21 47 25
8 24 78 3
8 26 5 26
9 0 187 1
9 2 19 15
9 3 115 1
9 4 2 6
9 5 169 1
9 6 21 1
9 7 294 2
9 8 1 27
9 10 17 8
9 12 25 2
9 13 107 3
9 14 1 20
9 16 124 13
9 18 126 6
9 19 1 6
9 21 84 27
9 22 1 23
9 24 1 7
10 0 3 7
10 2 49 1
10 4 5 3
10 5 264 1
10 6 3 6
10 7 149 1
10 8 341 23
10 9 45 1
10 11 3 16
10 13 13 29
10 14 5 16
10 15 222 1
10 16 49 27
10 20 226 1
10 22 5 16
10 23 124 2
10 27 1 21
11 0 3 20
11 1 334 1
11 2 153 1
11 3 58 1
11 4 1 18
11 6 88 1
11 7 168 1
11 9 18 1
11 10 2 28
11 12 7 10
11 13 71 1
11 14 31 1
11 15 2 1
11 20 226 1
11 22 7 1
11 23 3 1
11 24 41 19
11 25 4 10
11 27 1 20
12 0 3 14
12 1 32 19
12 3 54 6
12 5 28 1
12 7 220 8
12 8 294 1
12 9 208 1
12 10 29 1
12 16 19 7
12 19 54 15
12 20 98 1
12 22 10 2
12 23 76 4
12 24 23 3
12 26 57 8
13 1 2 4
13 5 12 2
13 7 1 1
13 9 3 19
13 10 254 1
13 11 146 1
13 14 1 28
13 17 1 3
13 18 1 2
13 24 14 2
14 4 143 1
14 5 11 16
14 6 1 23
14 8 159 1
14 9 4 22
14 10 2 17
14 11 1 28
14 13 27 1
14 15 9 26
14 20 1 4
14 24 1 26
15 6 3 10
15 7 20 1
15 9 5 7
15 11 5 21
15 14 2 19
15 20 2 7
15 24 49 17
15 27 8 6
16 0 131 1
16 1 75 5
16 3 154 1
16 4 196 2
16 5 36 1
16 7 142 1
16 8 117 1
16 17 2 2
16 18 12 23
16 21 14 11
16 24 117 1
17 0 1 8
17 1 1 12
17 2 134 1
17 4 2 11
17 5 1 9
17 6 5 24
17 11 3 15
17 12 13 4
17 15 87 2
17 16 104 1
17 22 2 8
17 23 5 23
18 0 128 2
18 1 3 19
18 4 1 8
18 9 1 16
18 16 13 7
18 17 3 5
18 22 35 1
19 1 1 14
19 7 2 25
19 12 1 5
19 14 10 25
19 15 1 5
19 20 28 5
19 25 1 25
20 0 1 20
20 2 1 11
20 7 140 1
20 8 2 13
20 9 3 22
20 13 1 21
20 15 80 7
20 16 2 19
20 19 212 1
20 24 2 10
21 6 17 9
21 11 28 11
21 22 2 26
22 1 1 21
22 2 1 8
22 4 68 6
22 6 1 18
22 10 36 27
22 11 77 3
22 12 10 23
22 13 2 18
22 17 23 8
22 25 3 1
23 6 104 17
23 7 3 11
23 8 122 1
23 12 5 19
23 13 1 24
23 16 19 16
23 24 1 5
23 27 17 24
24 0 79 1
24 1 16 10
24 3 74 1
24 5 32 1
24 7 2 27
24 8 179 1
24 10 29 1
24 16 81 1
24 22 1 13
25 2 29 2
25 3 3 3
25 7 2 27
25 9 87 1
25 11 6 26
25 12 70 3
25 19 14 24
25 20 15 4
25 24 14 12
26 3 1 27
26 4 2 27
26 7 1 25
26 20 1 2
26 27 11 1
27 0 1 20
27 3 14 2
27 7 54 3
27 8 2 16
27 11 4 4
27 16 4 15
27 25 3 2
