0 1 284 1
0 2 3 22
0 3 41 22
0 4 4 1
0 5 85 1
0 6 1 1
0 7 327 1
0 8 186 1
0 11 6 15
0 15 2 19
0 16 129 1
0 17 155 1
0 18 2 16
0 19 152 1
0 20 224 1
0 24 55 1
0 25 95 3
1 0 78 1
1 2 58 20
1 3 281 1
1 4 3 28
1 5 77 24
1 6 11 26
1 7 1 16
1 8 57 1
1 9 72 12
1 10 7 3
1 11 111 27
1 12 4 6
1 13 108 5
1 14 1 5
1 16 40 1
1 17 2 3
1 18 9 15
1 23 13 9
1 24 45 1
1 26 53 7
2 0 25 1
2 1 291 1
2 3 56 1
2 4 1 24
2 5 77 2
2 6 200 1
2 7 1 10
2 8 156 1
2 9 2 8
2 10 232 1
2 11 182 1
2 12 35 5
2 23 3 16
3 0 81 1
3 1 99 4
3 2 6 2
3 4 220 1
3 5 100 1
3 6 181 1
3 7 2 18
3 8 162 1
3 11 120 1
3 16 32 1
3 18 5 3
3 19 1 21
3 20 240 14
3 24 8 1
4 0 379 1
4 1 76 21
4 2 14 1
4 3 61 1
4 5 7 29
4 6 157 6
4 7 9 1
4 8 16 11
4 9 8 13
4 10 1 28
4 14 1 19
4 15 1 13
4 17 277 2
4 18 49 1
4 20 53 2
4 25 34 1
5 0 146 1
5 1 79 1
5 3 73 1
5 4 142 1
5 6 128 1
5 7 235 1
5 8 65 2
5 9 103 1
5 10 117 1
5 16 133 1
5 18 97 2
5 19 33 1
5 24 101 1
5 25 1 15
6 0 133 1
6 1 47 1
6 2 152 1
6 3 2 26
6 5 207 29
6 7 187 1
6 8 206 10
6 9 12 1
6 10 33 3
6 11 1 3
6 12 20 13
6 16 38 1
6 17 28 14
6 18 217 4
6 20 130 18
6 22 63 4
6 24 1 26
6 26 1 17
7 0 1 27
7 1 3 14
7 2 6 1
7 3 133 1
7 4 286 2
7 5 306 1
7 6 2 13
7 8 233 1
7 9 45 1
7 10 10 16
7 11 9 20
7 12 4 22
7 13 2 19
7 14 111 2
7 15 200 1
7 16 60 6
7 17 180 1
7 18 80 1
7 20 143 1
7 25 3 14
7 26 1 26
8 0 96 1
8 1 34 18
8 2 17 11
8 3 77 1
8 4 108 1
8 5 137 1
8 6 23 8
8 7 15 6
8 9 80 1
8 10 269 1
8 11 2 21
8 12 86 2
8 14 1 1
8 15 5 26
8 16 21 1
8 17 268 2
8 19 2 26
8 20 268 1
8 22 81 2
8 23 3 15
8 24 36 1
8 25 10 13
9 0 187 1
9 1 26 1
9 3 114 1
9 4 137 25
9 5 162 1
9 6 18 11
9 8 430 19
9 10 313 8
9 12 43 27
9 15 2 2
9 17 155 1
9 22 1 23
9 24 3 29
9 25 4 1
9 26 57 1
9 27 70 1
10 1 78 1
10 2 48 1
10 3 160 1
10 5 262 1
10 6 61 9
10 7 148 1
10 8 120 21
10 9 43 1
10 11 13 13
10 12 4 15
10 13 1 24
10 14 231 28
10 15 221 1
10 17 250 1
10 19 122 7
10 20 226 1
10 26 1 3
11 1 333 4
11 2 152 1
11 3 57 1
11 5 1 22
11 6 87 1
11 7 158 1
11 8 3 3
11 9 17 2
11 10 2 20
11 12 31 26
11 13 70 1
11 14 56 24
11 15 1 1
11 16 1 22
11 17 5 26
11 18 87 6
11 20 225 3
11 22 7 2
11 23 4 16
11 24 11 8
11 25 2 9
11 27 27 26
12 0 1 8
12 4 2 13
12 5 28 1
12 8 294 1
12 9 206 1
12 10 28 1
12 20 97 7
12 21 2 8
12 25 21 1
13 7 3 16
13 8 46 2
13 9 1 26
13 10 254 1
13 11 145 1
13 12 140 1
13 14 1 8
14 1 117 1
14 4 142 3
14 5 1 19
14 7 2 2
14 8 157 1
14 10 152 3
14 11 1 10
14 12 180 3
14 13 26 1
14 15 5 16
14 17 49 1
14 21 1 29
14 23 23 3
15 1 2 21
15 6 1 1
15 7 19 1
15 8 7 9
15 11 6 13
15 13 2 3
15 14 2 23
15 20 14 10
16 0 117 1
16 1 41 1
16 3 139 1
16 5 21 4
16 7 141 3
16 8 102 2
16 9 17 1
16 13 27 1
16 14 41 14
16 15 1 27
16 18 46 12
16 20 104 10
16 22 21 2
16 24 102 1
17 0 1 19
17 1 1 15
17 2 133 1
17 3 207 2
17 5 1 18
17 6 2 9
17 16 103 1
17 23 64 22
17 24 1 9
17 25 1 15
18 4 1 27
18 5 13 3
18 6 193 3
18 9 106 16
18 14 2 14
18 16 1 14
18 17 1 7
18 22 35 14
18 26 10 8
18 27 16 2
19 0 1 1
19 1 1 26
19 2 35 1
19 4 1 28
19 6 135 6
19 7 155 6
19 12 44 26
19 13 5 28
19 15 1 19
19 18 7 10
19 20 3 20
20 0 1 29
20 1 3 17
20 2 1 14
20 5 1 13
20 6 92 1
20 7 140 1
20 9 1 6
20 11 1 9
20 16 1 12
20 18 2 18
20 19 209 1
20 26 66 16
21 5 18 13
21 7 1 24
21 8 100 2
21 13 14 26
21 20 2 20
21 22 9 18
22 9 3 2
22 12 79 13
22 18 15 6
22 21 9 2
22 25 4 11
23 8 122 1
23 15 1 7
23 24 1 12
23 25 21 5
23 26 29 22
24 0 64 2
24 1 78 1
24 3 65 1
24 5 17 1
24 8 165 1
24 10 29 1
24 11 4 2
24 14 27 2
24 15 7 1
24 16 78 1
24 20 1 10
25 0 44 3
25 6 111 1
25 7 2 19
25 8 199 1
25 9 86 3
25 11 38 3
25 16 1 15
25 19 1 5
25 24 35 3
26 0 2 3
26 3 1 8
26 7 17 1
26 10 125 21
26 11 1 19
26 25 14 1
26 27 10 1
27 5 4 4
27 10 2 14
27 14 1 13
