0 1 177 1
0 2 178 1
0 3 360 1
0 4 333 1
0 5 14 1
0 6 99 1
0 7 5 10
0 8 294 1
0 9 3 3
0 14 1 15
0 16 105 1
0 19 6 16
0 20 1 2
0 24 216 1
1 0 2 8
1 2 133 1
1 3 61 1
1 4 260 1
1 5 1 25
1 6 146 1
1 7 156 1
1 8 113 1
1 10 286 1
1 11 3 4
1 12 105 2
1 13 1 16
1 16 390 6
1 17 115 1
1 24 61 6
1 25 11 9
1 26 76 1
2 0 4 29
2 1 98 1
2 3 10 5
2 4 2 20
2 6 2 18
2 8 1 28
2 9 35 1
2 10 9 29
2 11 1 13
2 12 1 12
2 13 1 17
2 14 31 16
2 17 90 1
2 24 42 3
2 25 1 16
3 0 23 24
3 1 385 1
3 2 91 1
3 4 5 22
3 5 214 8
3 6 2 20
3 7 149 12
3 8 25 12
3 11 4 7
3 12 106 19
3 16 33 3
3 24 429 1
4 0 9 20
4 1 381 6
4 2 278 3
4 3 247 4
4 6 146 1
4 7 200 1
4 8 197 1
4 9 23 1
4 10 11 1
4 12 252 1
4 17 1 20
4 22 87 11
4 24 48 2
5 0 346 5
5 1 20 1
5 3 48 1
5 4 22 1
5 6 20 4
5 7 3 1
5 8 118 1
5 9 134 6
5 10 1 6
5 11 3 23
5 12 221 2
5 13 14 1
5 16 61 2
5 22 1 6
5 24 23 2
6 0 1 28
6 1 3 21
6 2 6 17
6 4 2 15
6 5 19 1
6 7 239 3
6 8 15 28
6 9 4 22
6 10 153 1
6 12 1 20
6 16 121 3
6 17 1 29
6 18 2 4
6 20 1 7
7 0 219 1
7 1 70 1
7 2 2 22
7 3 1 14
7 5 7 10
7 6 9 1
7 8 10 5
7 9 292 1
7 11 45 6
7 12 2 18
7 15 7 18
7 16 120 3
7 22 143 1
7 23 13 5
7 24 4 13
7 25 145 1
7 26 8 2
8 1 51 1
8 2 2 17
8 3 20 1
8 4 1 8
8 5 17 1
8 6 116 1
8 7 311 1
8 9 2 1
8 10 36 1
8 11 9 4
8 12 291 3
8 13 2 8
8 14 73 1
8 16 107 3
8 16 375 1
8 17 317 24
8 18 136 1
8 24 44 5
8 25 1 6
8 27 1 19
9 1 337 1
9 2 8 4
9 3 1 3
9 4 99 1
9 5 240 1
9 6 14 7
9 10 268 6
9 11 1 20
9 12 238 1
9 13 2 21
9 14 105 1
9 18 1 11
9 25 3 14
10 0 73 1
10 3 1 27
10 4 264 1
10 5 1 27
10 6 130 1
10 8 106 1
10 9 5 2
10 11 129 1
10 12 10 25
10 13 6 11
10 14 284 1
10 15 6 9
10 16 10 17
10 18 38 1
10 20 2 25
10 25 163 1
10 26 1 9
11 0 2 10
11 1 1 28
11 2 4 18
11 3 1 13
11 4 35 2
11 5 101 1
11 6 422 1
11 7 47 1
11 8 405 1
11 9 300 1
11 10 51 1
11 13 256 5
11 14 214 1
11 15 12 8
11 17 3 20
11 18 140 5
11 20 1 27
11 22 122 1
11 24 97 1
11 25 2 3
11 26 1 9
12 0 1 29
12 1 3 2
12 2 2 22
12 4 71 1
12 5 225 4
12 6 206 1
12 8 226 13
12 9 6 20
12 10 1 16
12 11 75 1
12 13 219 2
12 14 6 13
12 15 41 4
12 18 47 2
12 25 57 2
13 0 48 8
13 2 2 9
13 3 1 1
13 7 29 3
13 8 203 4
13 10 3 15
13 11 1 6
13 12 2 13
13 19 7 5
13 20 1 8
13 24 25 11
14 1 1 24
14 3 33 1
14 7 2 27
14 8 1 20
14 10 212 1
14 11 381 1
14 12 3 13
14 15 4 8
14 23 35 19
14 25 33 5
15 1 1 21
15 3 53 6
15 6 12 5
15 7 5 19
15 8 44 2
15 10 320 1
15 11 2 25
15 12 41 1
15 13 27 12
15 14 9 8
15 21 17 9
15 24 2 25
15 25 44 9
16 0 26 3
16 1 269 1
16 2 84 28
16 3 116 1
16 5 57 1
16 6 1 18
16 7 1 19
16 8 77 1
16 10 1 27
16 15 3 23
16 17 3 23
16 18 173 1
16 21 9 11
16 24 6 11
17 0 1 17
17 2 1 10
17 3 3 22
17 4 50 2
17 8 105 1
17 13 1 29
17 14 102 17
17 16 1 17
17 18 1 1
17 19 112 1
17 20 1 18
17 22 1 7
17 25 64 28
18 4 400 1
18 5 1 27
18 7 1 26
18 12 11 3
18 14 23 17
18 16 54 1
18 17 33 1
19 0 339 1
19 1 86 1
19 3 29 1
19 4 4 1
19 7 1 24
19 8 1 2
19 13 4 6
19 16 14 1
19 17 1 10
19 20 5 3
19 27 14 17
20 0 4 5
20 3 3 17
20 5 1 10
20 6 200 1
20 7 314 1
20 8 1 10
20 19 57 1
21 3 22 15
21 11 1 17
21 12 1 6
21 26 4 25
22 5 20 11
22 6 8 1
22 8 1 5
22 9 1 29
22 12 1 26
22 13 14 2
23 6 1 4
23 7 1 16
23 15 35 1
24 0 180 1
24 1 4 25
24 3 77 1
24 5 19 1
24 8 58 1
24 10 179 1
24 12 1 26
24 13 1 2
24 16 21 1
24 23 50 1
24 26 47 2
25 1 2 3
25 2 42 10
25 7 171 1
25 8 2 11
25 10 1 12
25 11 42 27
25 20 54 3
25 22 1 15
25 24 2 10
26 9 1 11
26 10 1 1
26 11 2 27
26 24 63 2
26 27 3 4
27 0 2 3
27 7 184 3
27 10 3 1
27 11 75 1
27 19 13 28
27 26 3 20
