0 1 282 5
0 2 5 26
0 3 53 12
0 5 8 7
0 6 3 3
0 7 298 1
0 8 26 1
0 9 11 1
0 10 37 11
0 11 20 28
0 13 14 5
0 16 9 7
0 17 135 1
0 18 1 17
0 19 138 1
0 20 201 1
0 24 14 16
1 0 96 1
1 2 96 1
1 3 7 9
1 4 44 3
1 5 7 2
1 6 8 16
1 7 7 15
1 8 10 24
1 9 1 14
1 10 2 1
1 11 1 15
1 12 2 9
1 13 108 1
1 14 3 17
1 16 13 26
1 17 22 23
1 18 31 23
1 20 4 10
1 21 21 25
1 22 6 26
1 24 8 10
2 0 261 1
2 1 174 1
2 3 14 25
2 5 71 1
2 6 164 1
2 7 1 20
2 8 128 1
2 10 204 1
2 11 165 1
2 14 50 21
2 16 21 7
2 17 8 11
2 20 1 17
2 21 2 18
2 22 12 8
2 23 1 22
3 0 11 20
3 1 11 25
3 2 54 23
3 4 210 1
3 5 13 23
3 6 160 1
3 7 15 22
3 8 7 8
3 9 1 11
3 11 94 1
3 16 9 28
3 17 4 24
3 24 16 21
3 26 26 26
4 0 15 1
4 1 93 7
4 2 6 1
4 3 49 1
4 5 19 9
4 6 3 2
4 7 4 2
4 8 4 23
4 9 29 3
4 10 1 19
4 12 64 1
4 13 30 1
4 14 1 25
4 17 71 1
4 18 27 1
4 19 94 2
4 24 10 1
4 25 31 6
4 27 43 1
5 0 8 17
5 1 9 7
5 2 23 1
5 3 9 29
5 4 106 1
5 6 8 1
5 7 39 1
5 8 11 21
5 9 21 1
5 10 88 1
5 16 8 25
5 17 2 27
5 18 90 2
5 24 9 23
5 27 15 27
6 0 110 1
6 1 13 1
6 2 117 1
6 3 3 22
6 5 171 1
6 7 439 1
6 8 317 1
6 10 2 1
6 11 1 29
6 12 5 2
6 14 1 1
6 15 152 1
6 16 34 1
6 17 57 15
6 18 9 1
6 19 1 15
6 26 1 21
7 0 5 4
7 1 3 13
7 2 1 1
7 3 40 1
7 4 274 2
7 5 293 1
7 6 1 1
7 8 141 1
7 9 34 1
7 10 1 20
7 11 12 20
7 12 4 22
7 14 95 1
7 15 165 1
7 18 75 4
7 19 11 16
7 20 129 2
7 22 56 1
7 25 1 18
7 26 3 15
7 27 85 2
8 0 9 3
8 1 7 1
8 2 182 1
8 3 9 18
8 4 81 1
8 5 5 13
8 6 87 17
8 7 5 19
8 9 48 1
8 10 241 1
8 11 24 4
8 13 2 19
8 14 5 6
8 15 21 16
8 16 9 24
8 17 256 1
8 18 8 2
8 20 261 4
8 21 12 19
8 22 75 3
8 23 2 23
8 24 16 15
9 0 178 1
9 1 16 1
9 2 3 23
9 3 107 2
9 4 23 23
9 5 77 1
9 6 39 1
9 7 281 1
9 10 17 1
9 12 10 4
9 13 102 1
9 14 3 29
9 15 1 9
9 18 30 14
9 22 12 13
9 27 67 1
10 2 31 1
10 3 141 1
10 4 1 3
10 5 228 1
10 6 127 2
10 7 116 1
10 8 332 1
10 9 6 1
10 11 26 19
10 12 363 1
10 13 220 12
10 14 1 7
10 15 50 1
10 16 1 10
10 22 3 28
10 23 115 1
11 2 135 1
11 3 38 1
11 4 1 5
11 5 2 14
11 6 68 1
11 7 14 1
11 9 10 1
11 10 27 28
11 12 2 19
11 13 58 1
11 14 2 22
11 15 3 26
11 16 2 14
11 17 47 2
11 18 84 1
11 24 2 5
11 25 2 22
11 27 2 3
12 4 1 7
12 9 171 1
12 10 24 1
12 13 1 24
12 14 1 18
12 16 19 9
12 17 5 4
12 19 53 5
12 20 95 4
12 21 1 8
13 0 1 8
13 4 2 21
13 7 14 27
13 8 37 3
13 10 18 1
13 11 130 1
13 12 118 1
13 14 1 1
13 16 3 4
14 1 113 1
14 2 1 7
14 5 1 24
14 6 25 26
14 7 35 14
14 8 134 1
14 9 10 18
14 10 3 3
14 11 10 23
14 12 176 1
14 13 22 2
14 15 2 26
14 24 3 14
15 1 3 24
15 2 3 18
15 6 15 20
15 7 7 1
15 9 1 9
15 11 139 7
15 14 1 5
15 19 1 10
15 20 2 10
15 21 10 23
15 23 20 3
16 0 9 8
16 1 8 21
16 3 71 9
16 4 188 1
16 5 9 20
16 6 4 4
16 8 9 13
16 10 1 8
16 17 112 1
16 18 13 14
16 24 21 6
16 27 4 29
17 0 5 22
17 1 36 20
17 3 3 3
17 4 2 14
17 5 1 22
17 9 47 20
17 10 222 2
17 11 209 2
17 12 11 3
17 16 237 1
17 21 1 1
17 22 1 9
17 23 69 21
17 24 2 15
18 1 1 13
18 4 2 24
18 9 3 1
18 12 1 1
18 15 1 10
18 16 56 20
18 20 22 3
18 27 15 4
19 0 1 17
19 1 2 6
19 3 1 16
19 8 158 1
19 10 3 12
19 15 1 26
19 20 2 25
19 24 18 12
19 26 9 5
20 0 22 13
20 1 187 22
20 2 8 14
20 3 70 1
20 7 126 1
20 9 1 11
20 10 127 1
20 11 1 10
20 14 11 13
20 16 64 14
20 17 166 6
20 19 330 1
20 26 1 1
21 3 15 3
21 9 2 27
21 11 1 24
21 17 63 8
22 0 46 2
22 2 6 27
22 6 1 16
22 9 88 1
22 12 10 7
22 14 1 4
22 23 2 19
22 27 9 28
23 0 1 17
23 1 14 2
23 2 1 12
23 3 2 3
23 8 117 4
23 10 106 1
23 12 6 8
23 18 17 18
23 25 20 2
23 26 29 4
24 0 8 2
24 1 11 7
24 3 9 8
24 5 12 16
24 6 121 4
24 7 1 2
24 8 9 4
24 15 1 2
24 16 9 20
24 19 1 14
24 20 1 9
24 22 1 3
24 25 1 11
25 0 40 3
25 4 1 15
25 6 105 2
25 7 6 19
25 8 192 2
25 11 4 7
25 17 4 26
25 19 1 15
25 20 13 4
26 0 2 9
26 3 3 3
26 7 1 29
26 11 2 6
26 14 1 5
26 15 1 2
26 17 9 27
26 20 1 22
26 27 3 5
27 7 47 1
27 11 12 13
27 16 1 23
