0 1 362 1
0 2 171 1
0 3 292 1
0 4 328 1
0 5 380 1
0 6 94 1
0 7 1 10
0 8 164 1
0 9 4 15
0 10 1 8
0 11 33 3
0 15 3 5
0 16 439 1
0 19 2 16
0 22 31 1
0 23 71 3
0 24 168 1
0 25 1 23
1 0 364 1
1 2 105 1
1 3 44 1
1 4 240 1
1 5 25 1
1 6 139 1
1 7 150 1
1 8 34 6
1 10 281 1
1 12 104 1
1 14 8 10
1 16 21 12
1 17 105 1
1 22 1 18
1 24 124 5
2 0 42 26
2 1 79 1
2 3 21 25
2 5 61 9
2 6 7 16
2 8 1 13
2 9 33 1
2 10 1 3
2 11 255 22
2 14 1 28
2 15 2 4
2 16 70 1
2 17 87 1
2 19 1 6
2 20 22 26
2 22 19 2
2 26 1 4
3 0 1 2
3 1 3 21
3 2 71 1
3 4 4 29
3 5 180 1
3 6 1 23
3 7 6 10
3 8 217 1
3 9 46 1
3 10 163 2
3 15 36 2
3 16 39 26
3 20 2 1
3 24 88 1
3 26 1 16
4 0 7 1
4 1 86 6
4 2 276 1
4 3 246 4
4 6 134 1
4 7 196 1
4 8 188 1
4 9 19 1
4 10 9 3
4 14 1 12
4 16 1 5
4 21 75 3
4 25 81 1
4 27 73 1
5 0 329 11
5 1 173 1
5 3 400 2
5 4 15 1
5 6 56 1
5 7 3 9
5 8 90 1
5 9 98 23
5 10 1 6
5 11 1 18
5 16 49 1
5 18 2 10
5 24 78 10
6 1 49 20
6 2 24 25
6 3 24 1
6 4 109 25
6 4 372 3
6 5 15 8
6 7 6 17
6 8 31 12
6 9 18 21
6 10 140 1
6 11 73 1
6 12 2 7
6 13 51 2
6 15 2 19
6 17 4 24
6 18 181 7
6 20 2 26
6 23 86 1
6 25 24 25
7 0 213 1
7 2 2 28
7 3 1 28
7 4 1 26
7 5 146 29
7 6 7 1
7 8 20 10
7 9 289 2
7 11 43 25
7 12 1 2
7 15 1 21
7 18 156 4
7 21 104 16
7 23 12 3
7 24 2 18
7 25 139 1
8 0 22 1
8 1 263 1
8 2 2 11
8 3 103 11
8 4 8 26
8 5 328 1
8 6 73 4
8 7 297 1
8 10 22 1
8 11 38 11
8 12 290 1
8 13 9 21
8 14 69 1
8 16 56 5
8 20 2 3
8 24 79 1
8 25 2 10
8 27 2 19
9 0 1 11
9 1 333 2
9 2 8 1
9 3 1 6
9 4 91 1
9 5 211 6
9 6 20 10
9 7 1 24
9 8 1 8
9 10 189 3
9 11 2 22
9 12 227 1
9 14 102 1
9 15 1 8
9 18 1 26
9 23 37 2
9 27 89 1
10 0 71 1
10 1 381 1
10 4 260 1
10 5 3 13
10 6 114 1
10 7 1 20
10 8 82 1
10 9 5 20
10 11 113 1
10 12 8 13
10 13 1 27
10 14 266 1
10 15 1 6
10 16 1 21
10 17 237 4
10 18 37 1
10 21 1 27
10 22 2 1
10 25 160 1
11 0 1 4
11 1 6 18
11 5 98 1
11 6 419 1
11 7 28 1
11 8 398 1
11 9 296 1
11 10 43 1
11 13 256 2
11 14 206 1
11 15 9 1
11 18 140 1
11 21 2 18
11 22 121 1
11 24 90 1
11 25 3 12
11 26 3 6
12 1 5 3
12 6 202 1
12 7 2 28
12 8 1 20
12 9 13 10
12 10 1 8
12 13 216 1
12 14 2 18
12 16 1 16
12 22 111 3
12 23 1 4
13 1 2 23
13 6 123 2
13 8 202 1
13 10 3 15
13 12 1 27
13 14 1 7
13 17 5 2
13 19 7 6
14 0 1 8
14 3 32 4
14 7 5 13
14 8 3 19
14 9 2 3
14 10 113 1
14 11 376 1
14 12 4 4
14 13 21 1
14 15 51 18
14 21 1 3
14 25 33 4
14 27 1 6
15 1 1 9
15 2 1 5
15 6 12 1
15 7 1 21
15 8 42 1
15 10 316 1
15 11 5 29
15 12 39 3
15 14 3 3
15 17 1 6
15 20 34 10
15 22 12 1
16 0 4 9
16 1 186 1
16 3 345 1
16 4 2 17
16 5 33 3
16 6 1 9
16 8 12 12
16 9 71 1
16 10 1 22
16 11 1 7
16 13 33 8
16 17 3 9
16 18 166 1
16 20 1 3
16 24 412 1
17 2 4 23
17 3 2 20
17 4 47 1
17 5 24 1
17 7 49 3
17 11 3 24
17 12 70 2
17 15 1 4
17 16 2 5
17 18 1 24
18 1 77 2
18 4 394 1
18 13 1 22
18 16 49 1
18 17 31 2
18 24 14 2
19 0 338 1
19 3 28 3
19 8 2 25
19 10 49 4
19 17 1 17
19 20 334 1
20 0 3 4
20 1 52 20
20 3 1 12
20 5 1 21
20 6 198 4
20 8 33 9
20 11 1 8
20 16 1 24
20 17 1 12
20 19 47 1
20 24 1 17
21 7 1 7
21 10 51 1
21 12 1 25
21 20 1 7
21 27 11 17
22 0 68 1
22 1 4 5
22 2 1 3
22 8 1 19
22 9 1 9
22 10 128 12
22 12 13 20
22 17 44 7
22 19 5 28
22 25 1 23
23 0 29 1
23 3 22 5
23 4 54 6
23 7 5 19
23 11 1 22
23 19 8 5
24 0 126 1
24 1 343 8
24 3 26 1
24 5 17 17
24 6 1 20
24 8 16 21
24 11 1 11
24 12 1 5
24 15 1 21
24 16 420 1
24 26 46 5
25 4 2 25
25 7 164 1
25 8 5 2
25 10 1 12
25 11 321 1
25 17 1 10
25 20 53 3
25 23 5 1
25 24 1 24
25 27 96 2
26 4 1 23
26 6 21 12
26 7 1 11
26 8 72 1
26 11 2 16
26 14 6 25
26 27 2 21
27 6 104 5
27 10 3 18
27 23 22 13
