0 2 1 21
0 3 437 17
0 4 1 25
0 5 223 3
0 6 1 5
0 7 222 1
0 8 47 1
0 10 18 1
0 11 1 9
0 16 80 21
0 17 88 1
0 18 3 7
0 19 60 1
0 20 144 1
0 23 85 9
0 24 150 1
1 0 390 13
1 2 59 2
1 3 409 1
1 4 69 1
1 5 195 3
1 6 24 28
1 7 5 15
1 8 25 15
1 9 2 18
1 11 2 6
1 16 105 1
1 17 46 2
1 18 2 11
1 19 1 2
1 20 1 20
1 23 1 12
1 24 183 1
1 25 1 18
2 0 218 1
2 1 2 1
2 3 25 9
2 4 2 12
2 6 80 1
2 7 1 1
2 8 22 1
2 9 1 10
2 10 134 1
2 11 122 1
2 13 22 16
2 17 1 28
2 23 6 16
3 0 182 1
3 1 8 1
3 2 137 17
3 4 180 1
3 5 81 19
3 6 105 1
3 7 11 7
3 8 54 2
3 9 1 3
3 10 1 14
3 15 1 25
3 16 68 1
3 17 1 28
3 20 12 20
3 24 79 1
3 27 21 5
4 0 354 1
4 1 2 14
4 3 24 1
4 5 168 13
4 6 4 13
4 8 1 25
4 9 13 18
4 10 11 27
4 13 22 7
4 14 1 22
4 16 189 1
4 17 51 2
4 19 80 2
4 22 72 2
4 23 1 4
5 0 174 7
5 1 12 2
5 3 116 28
5 4 223 1
5 6 19 28
5 8 119 16
5 9 5 29
5 10 29 1
5 11 135 1
5 12 1 3
5 16 205 1
5 24 77 1
6 0 57 2
6 1 3 22
6 2 45 1
6 3 7 4
6 4 1 17
6 5 8 7
6 7 312 1
6 9 3 29
6 10 1 23
6 11 48 15
6 12 1 12
6 18 204 1
6 20 1 23
6 21 1 29
6 24 40 28
7 0 1 3
7 1 1 23
7 2 358 1
7 3 214 1
7 4 241 1
7 5 251 1
7 6 3 9
7 8 6 1
7 10 2 26
7 11 62 17
7 13 29 2
7 14 57 1
7 15 84 1
7 16 47 6
7 18 62 1
7 19 9 6
7 20 96 1
7 22 43 1
7 23 2 26
7 24 15 4
7 25 1 24
7 27 64 1
8 0 35 1
8 1 296 1
8 2 16 1
8 3 60 12
8 4 259 1
8 5 37 2
8 7 15 5
8 10 91 1
8 11 4 1
8 12 45 2
8 13 174 1
8 14 3 3
8 16 92 1
8 17 222 1
8 19 8 21
8 20 242 2
8 21 2 14
8 23 1 29
8 24 134 1
8 26 1 9
9 0 154 2
9 2 2 1
9 3 89 1
9 4 240 26
9 5 10 1
9 6 3 25
9 8 1 1
9 10 18 24
9 12 132 5
9 13 88 1
9 15 1 29
9 20 1 18
9 26 51 8
10 0 6 3
10 2 4 1
10 3 96 1
10 5 141 1
10 6 217 10
10 7 49 1
10 8 234 1
10 9 4 9
10 11 3 13
10 13 206 1
10 14 377 1
10 15 192 1
10 17 232 1
10 19 114 2
10 22 1 24
10 23 93 2
10 24 12 26
10 25 2 28
11 1 305 1
11 2 93 1
11 4 12 26
11 5 2 3
11 7 6 29
11 8 2 25
11 10 1 24
11 12 1 1
11 13 29 1
11 14 188 22
11 15 5 20
11 16 86 4
11 19 3 29
11 21 111 1
11 24 2 25
11 25 143 24
11 27 1 26
12 1 10 25
12 4 6 15
12 8 273 1
12 9 142 1
12 10 251 1
12 13 1 9
12 15 1 29
12 16 3 23
12 23 62 1
12 24 17 1
13 7 2 29
13 8 19 2
13 10 207 1
13 11 93 1
13 26 1 23
14 1 100 1
14 4 133 4
14 5 1 26
14 6 16 9
14 8 78 1
14 9 26 24
14 10 431 1
14 11 2 27
14 12 161 1
14 13 6 2
14 15 7 7
15 6 1 28
15 8 3 18
15 10 3 2
15 11 6 18
15 12 1 2
15 14 2 9
15 23 9 4
15 27 2 12
16 0 55 1
16 1 30 9
16 2 59 3
16 3 83 1
16 5 59 25
16 8 8 1
16 9 9 4
16 10 4 17
16 11 3 4
16 17 17 1
16 18 1 8
16 23 28 3
16 24 37 8
17 1 5 1
17 2 80 1
17 3 188 2
17 4 8 28
17 6 28 15
17 7 1 19
17 8 1 9
17 9 1 9
17 10 204 2
17 11 1 4
17 13 73 17
17 16 196 1
17 24 1 13
18 1 1 11
18 3 33 17
18 4 2 23
18 6 159 1
18 8 140 2
18 9 4 19
18 10 3 4
18 11 142 5
18 16 2 9
18 17 13 29
18 19 1 23
18 20 2 11
18 25 1 10
19 0 2 11
19 1 1 14
19 2 28 8
19 6 123 1
19 13 1 12
19 20 4 5
20 0 1 12
20 5 1 8
20 7 93 1
20 8 1 12
20 10 109 1
20 11 1 19
20 18 2 21
20 19 139 1
20 25 47 8
21 1 75 18
21 2 10 12
21 9 1 16
21 10 4 1
21 11 1 8
21 17 62 1
22 4 61 7
22 8 145 1
22 11 48 1
22 13 1 15
22 14 1 8
22 17 19 1
22 20 5 1
22 23 7 3
22 24 2 9
23 3 1 3
23 4 1 4
23 6 3 2
23 7 3 8
23 10 84 1
23 11 14 2
23 12 1 16
23 14 15 1
24 0 60 1
24 1 106 1
24 3 115 1
24 4 7 1
24 5 17 1
24 7 7 16
24 8 19 1
24 9 3 3
24 11 1 22
24 16 53 3
24 20 2 10
24 23 1 19
25 6 91 1
25 7 10 5
25 9 71 2
25 10 15 2
25 11 4 9
25 16 1 2
25 17 4 11
25 18 43 1
26 1 81 9
26 11 1 24
26 15 4 27
26 20 2 4
26 23 2 25
27 1 49 8
27 5 6 20
27 7 29 3
27 10 2 25
27 11 5 11
27 12 8 9
27 14 8 4
27 24 42 7
27 26 5 4
