0 1 101 1
0 2 1 23
0 3 98 1
0 4 2 6
0 5 140 1
0 6 1 25
0 7 186 1
0 8 131 1
0 9 191 1
0 10 33 1
0 13 2 27
0 16 10 1
0 17 68 1
0 18 49 16
0 19 32 1
0 20 118 1
0 23 3 4
0 24 42 1
0 25 77 1
1 0 246 1
1 2 8 1
1 3 198 1
1 4 322 1
1 5 278 1
1 6 49 20
1 7 2 2
1 8 183 1
1 9 1 21
1 10 1 16
1 14 1 6
1 16 31 5
1 17 3 6
1 18 1 27
1 20 7 15
1 21 1 9
1 24 30 1
2 0 185 1
2 1 2 21
2 3 3 1
2 5 43 1
2 6 49 1
2 7 341 1
2 9 14 17
2 10 103 1
2 13 21 26
2 15 1 6
2 16 12 3
2 17 6 22
2 20 1 1
2 24 30 1
3 0 37 10
3 1 307 1
3 2 68 1
3 4 164 2
3 5 12 1
3 6 82 1
3 7 11 11
3 8 86 1
3 9 13 1
3 10 1 27
3 11 20 1
3 15 1 14
3 16 181 3
3 17 4 20
3 19 2 22
3 21 23 5
3 24 125 1
4 0 330 1
4 1 6 27
4 2 1 4
4 3 15 1
4 5 1 26
4 6 1 20
4 8 2 6
4 9 392 5
4 10 1 23
4 13 19 8
4 14 11 25
4 18 1 28
4 20 29 5
4 21 37 1
4 23 1 3
4 24 4 15
5 0 2 28
5 1 19 15
5 2 5 2
5 3 37 1
5 4 135 1
5 6 16 28
5 7 192 1
5 8 49 1
5 9 19 27
5 11 121 2
5 16 193 1
5 18 63 1
5 20 43 20
5 23 9 12
5 24 167 1
6 0 38 1
6 1 2 6
6 2 21 1
6 3 3 18
6 4 2 7
6 5 34 10
6 7 252 1
6 8 18 13
6 9 4 9
6 11 25 10
6 12 2 10
6 14 1 3
6 18 195 2
6 21 1 15
6 24 1 15
6 25 1 15
6 26 3 20
7 0 2 13
7 1 4 11
7 2 22 1
7 3 127 1
7 4 224 2
7 5 229 1
7 8 2 6
7 10 3 13
7 11 394 12
7 13 1 14
7 14 42 1
7 15 53 1
7 18 56 1
7 19 2 22
7 20 81 1
7 23 4 14
7 24 282 9
7 25 2 11
7 27 54 3
8 0 274 1
8 1 2 9
8 3 84 1
8 4 16 1
8 5 91 1
8 6 382 1
8 7 5 4
8 10 16 1
8 11 310 1
8 12 34 1
8 14 1 27
8 15 115 28
8 16 45 1
8 17 205 1
8 19 1 22
8 20 232 2
8 23 1 12
8 24 125 12
8 25 174 13
9 2 2 27
9 3 80 1
9 4 244 3
9 5 2 3
9 6 7 15
9 7 225 1
9 8 412 1
9 10 1 18
9 12 3 13
9 13 81 3
9 14 1 24
9 16 116 2
9 17 116 1
9 19 83 6
9 20 3 20
9 21 8 1
9 25 103 1
9 26 50 1
10 0 1 12
10 1 16 1
10 3 77 1
10 4 2 16
10 5 104 1
10 6 3 11
10 7 27 1
10 8 83 1
10 9 4 7
10 11 217 27
10 12 4 1
10 13 91 1
10 14 375 1
10 15 160 1
10 17 224 3
10 20 210 5
10 22 1 17
10 24 14 26
10 25 1 27
10 26 57 14
10 27 5 10
11 0 4 27
11 2 75 1
11 4 15 1
11 5 2 2
11 7 26 5
11 8 2 9
11 14 22 29
11 15 65 6
11 17 1 8
11 19 2 14
11 20 191 3
11 23 60 16
11 24 1 3
11 25 3 4
11 26 40 1
11 27 2 14
12 0 2 12
12 3 38 5
12 6 1 24
12 7 6 1
12 9 95 1
12 10 243 1
12 11 1 1
12 13 8 28
12 14 2 2
12 15 3 17
12 19 48 3
12 20 87 9
12 24 14 5
13 1 1 29
13 7 1 19
13 9 3 13
13 10 178 1
13 11 76 1
13 12 44 2
13 19 4 18
13 22 10 4
14 1 93 2
14 2 5 8
14 4 129 6
14 5 1 3
14 7 268 1
14 8 56 1
14 10 86 25
14 11 2 17
14 12 152 1
14 17 36 2
14 22 1 4
14 24 1 5
15 0 30 27
15 2 1 28
15 7 1 6
15 8 4 21
15 9 14 21
15 10 1 7
15 11 2 1
15 14 4 16
15 23 5 1
16 0 130 1
16 1 78 1
16 3 98 1
16 5 34 1
16 7 130 1
16 8 78 1
16 17 256 1
16 18 38 8
16 21 1 24
16 22 19 1
16 24 44 5
17 0 5 4
17 1 257 1
17 2 63 1
17 4 2 4
17 6 6 24
17 8 1 12
17 9 4 1
17 10 195 3
17 16 13 1
17 21 1 11
17 23 1 23
18 0 98 3
18 1 12 26
18 3 1 18
18 4 4 28
18 7 168 3
18 8 129 2
18 9 1 8
18 10 1 20
18 14 36 1
18 17 1 23
18 25 22 7
19 0 2 24
19 1 2 23
19 4 23 4
19 6 117 2
19 7 23 24
19 20 78 2
19 22 1 7
19 23 1 13
20 0 1 18
20 2 1 13
20 3 56 1
20 4 3 7
20 5 3 15
20 6 59 1
20 7 78 2
20 8 223 6
20 10 100 2
20 11 2 6
20 19 67 1
20 24 7 8
20 26 1 10
21 0 33 1
21 11 1 11
21 18 2 27
21 22 2 4
21 27 14 11
22 0 40 2
22 1 1 23
22 5 6 1
22 6 3 29
22 8 141 1
22 18 12 1
22 21 3 8
23 4 1 16
23 8 99 3
23 10 73 1
23 11 22 1
23 14 12 1
23 27 15 6
24 0 73 1
24 1 110 1
24 3 15 10
24 5 37 1
24 7 1 1
24 8 168 1
24 11 2 6
24 13 3 8
24 16 84 1
24 17 82 1
24 26 1 4
25 2 21 2
25 4 104 1
25 7 44 14
25 8 163 1
25 10 50 1
25 11 25 6
25 13 3 20
26 5 5 8
26 7 2 13
26 15 18 26
26 18 20 3
26 19 15 15
27 0 56 25
27 1 47 1
27 7 22 1
27 11 5 20
27 15 30 1
27 17 78 6
27 19 6 18
27 22 1 8
27 25 1 25
27 26 1 10
