0 1 2 16
0 2 2 18
0 3 9 22
0 5 7 7
0 6 3 23
0 7 152 1
0 8 8 1
0 10 26 1
0 11 43 29
0 13 3 13
0 16 8 28
0 19 13 1
0 20 94 1
0 24 7 28
1 0 3 23
1 2 1 9
1 3 7 28
1 4 351 2
1 5 6 20
1 6 11 17
1 7 1 8
1 8 10 13
1 9 2 15
1 10 1 21
1 11 14 17
1 16 15 2
1 17 2 15
1 20 1 21
1 21 1 18
1 23 4 22
1 24 8 9
1 25 1 3
2 0 152 1
2 1 15 24
2 3 2 24
2 4 225 1
2 6 24 1
2 7 72 1
2 8 1 27
2 9 6 2
2 10 75 1
2 11 84 1
2 13 21 2
2 14 43 5
2 15 1 21
2 17 1 6
2 18 1 27
2 23 2 15
2 24 28 4
3 0 125 13
3 1 6 11
3 2 166 1
3 4 148 1
3 5 8 21
3 6 60 1
3 7 7 28
3 8 9 14
3 10 1 10
3 11 7 3
3 14 51 1
3 16 8 18
3 17 2 10
3 19 1 4
3 24 7 27
3 26 1 27
4 0 304 1
4 5 2 3
4 7 1 7
4 8 132 16
4 10 1 18
4 12 21 1
4 13 16 7
4 14 1 22
4 16 167 1
4 17 239 1
4 18 1 4
4 22 68 2
4 23 17 17
4 27 34 1
5 0 7 12
5 1 19 22
5 3 7 25
5 4 64 1
5 6 4 18
5 7 176 1
5 8 12 28
5 9 86 5
5 10 2 2
5 11 107 2
5 12 1 2
5 16 7 16
5 17 7 22
5 18 54 2
5 19 26 11
5 20 1 3
5 21 3 2
5 24 8 17
6 0 22 2
6 1 8 3
6 3 1 29
6 4 7 19
6 5 219 10
6 7 195 1
6 8 56 29
6 9 4 23
6 11 3 5
6 12 275 8
6 13 1 4
6 14 11 8
6 15 132 2
6 16 15 2
6 17 44 1
6 18 184 1
6 19 1 5
6 20 2 23
6 21 1 26
6 22 43 2
6 26 11 9
7 0 1 10
7 1 14 10
7 2 7 1
7 3 59 1
7 4 207 1
7 5 205 1
7 8 2 1
7 10 53 24
7 11 188 16
7 12 1 28
7 13 33 9
7 14 29 1
7 15 29 1
7 17 121 2
7 18 51 2
7 19 6 24
7 20 67 1
7 22 32 2
7 23 9 25
7 25 2 11
7 27 45 3
8 0 7 14
8 1 7 19
8 2 2 9
8 3 10 9
8 4 213 1
8 5 10 27
8 6 280 4
8 7 16 17
8 10 1 3
8 11 291 1
8 12 24 3
8 13 29 1
8 14 19 29
8 15 37 6
8 16 7 7
8 17 188 1
8 20 221 1
8 22 48 4
8 23 7 17
8 24 19 20
8 26 1 23
9 2 1 13
9 3 71 1
9 4 8 13
9 5 5 24
9 6 3 29
9 7 205 1
9 8 90 1
9 11 314 1
9 12 4 26
9 14 3 7
9 15 1 11
9 17 106 2
9 22 7 10
9 24 3 22
9 27 57 2
10 1 8 1
10 4 1 3
10 5 71 1
10 6 156 16
10 8 11 1
10 9 5 8
10 11 4 10
10 12 318 2
10 13 186 1
10 14 136 1
10 15 129 1
10 17 216 1
10 18 1 26
10 22 4 10
10 24 14 15
10 25 1 16
10 26 57 10
10 27 4 22
11 1 279 1
11 2 58 1
11 3 1 16
11 5 3 15
11 7 51 23
11 8 1 24
11 10 378 1
11 14 2 6
11 15 92 15
11 16 1 1
11 18 64 5
11 19 1 7
11 20 182 1
11 23 2 24
11 24 3 9
11 25 3 11
11 27 1 13
12 0 2 12
12 3 34 6
12 4 1 10
12 6 1 20
12 8 249 1
12 9 54 1
12 10 223 1
12 13 1 11
12 15 3 13
12 21 8 4
12 24 12 9
13 1 65 6
13 3 1 10
13 5 5 3
13 7 8 18
13 8 7 1
13 9 1 3
13 10 149 1
13 11 60 1
13 12 27 1
13 14 14 1
13 23 12 9
14 4 125 3
14 5 51 15
14 6 2 16
14 7 262 1
14 8 36 1
14 10 81 1
14 11 9 15
14 15 4 1
14 16 23 4
14 21 2 12
15 0 1 2
15 1 21 8
15 6 1 19
15 8 10 1
15 9 1 1
15 10 1 27
15 11 99 1
15 12 2 27
15 14 7 21
15 19 1 20
15 27 2 17
16 0 69 22
16 1 8 15
16 3 24 7
16 4 140 1
16 5 7 11
16 6 162 1
16 7 126 5
16 8 10 21
16 10 1 21
16 15 13 24
16 17 5 1
16 18 10 19
16 24 10 18
17 0 13 2
17 1 229 1
17 2 48 2
17 4 41 10
17 5 9 28
17 6 1 22
17 8 1 26
17 9 5 28
17 10 186 2
17 12 2 3
17 13 70 10
17 15 77 1
17 16 6 1
17 18 181 3
17 24 4 27
18 0 90 3
18 1 12 15
18 2 7 11
18 4 2 17
18 6 134 1
18 7 164 4
18 8 118 2
18 9 1 22
18 12 6 8
18 17 1 15
18 24 1 1
18 25 7 20
18 27 12 3
19 0 1 9
19 1 1 13
19 2 24 4
19 3 10 29
19 7 23 2
19 8 141 4
19 14 1 25
19 18 3 2
19 20 398 22
20 0 1 10
20 2 1 13
20 3 52 1
20 6 51 3
20 8 1 28
20 9 25 5
20 11 3 10
20 17 145 1
20 18 1 21
20 19 18 1
20 23 1 21
20 24 1 2
21 4 21 2
21 8 90 9
21 9 1 27
21 14 21 7
21 22 1 23
22 1 2 27
22 6 5 18
22 7 19 1
22 15 2 11
22 21 2 12
22 24 1 18
23 5 1 25
23 7 189 26
23 8 93 1
23 11 193 1
23 14 9 1
23 15 21 25
23 19 9 26
23 22 1 9
24 0 7 9
24 1 8 6
24 2 18 3
24 3 8 24
24 5 8 26
24 6 102 1
24 7 1 2
24 8 8 7
24 11 1 28
24 12 1 6
24 16 14 15
24 23 1 22
24 26 4 28
25 6 77 1
25 7 7 16
25 8 152 1
25 9 61 2
25 10 5 1
25 11 46 26
25 12 59 1
25 13 1 1
25 21 1 4
25 27 4 15
26 7 2 12
26 14 1 12
26 15 18 26
26 23 1 17
26 27 3 11
27 3 6 5
27 6 45 2
27 10 1 21
27 11 1 29
27 12 1 25
27 14 9 18
27 15 28 14
27 23 12 28
27 25 1 6
27 26 4 21
