0 1 85 11
0 2 58 5
0 3 18 27
0 4 4 13
0 5 12 23
0 6 3 6
0 7 147 1
0 8 12 7
0 9 179 2
0 10 25 2
0 11 1 29
0 14 1 1
0 16 69 16
0 17 48 1
0 18 8 24
0 19 10 2
0 20 90 1
0 22 3 1
0 23 85 2
0 24 12 14
0 25 71 5
1 0 145 10
1 2 4 17
1 3 12 7
1 4 341 1
1 5 45 18
1 6 4 26
1 7 15 17
1 8 184 20
1 9 2 24
1 10 1 29
1 11 1 27
1 13 100 1
1 16 25 19
1 17 2 16
1 18 1 12
1 20 1 17
1 24 104 6
1 27 27 15
2 0 147 1
2 1 4 7
2 3 2 1
2 6 21 1
2 7 330 1
2 8 1 28
2 9 1 9
2 10 71 1
2 11 81 2
2 13 20 20
2 17 1 25
2 18 3 22
2 19 29 1
2 24 28 1
2 25 21 1
3 0 13 25
3 1 156 24
3 2 145 6
3 5 12 5
3 6 57 1
3 7 10 25
3 8 13 21
3 9 4 4
3 12 88 4
3 16 26 9
3 17 2 8
3 18 83 7
3 19 1 16
3 20 9 3
3 24 21 11
3 25 55 1
4 0 299 1
4 1 7 9
4 2 4 16
4 3 7 2
4 5 1 26
4 7 1 12
4 8 3 18
4 9 392 1
4 10 2 19
4 11 1 15
4 12 20 2
4 14 7 18
4 16 166 1
4 17 236 1
4 18 2 7
4 19 66 2
4 20 24 1
4 25 19 1
4 27 33 3
5 0 14 26
5 1 13 11
5 3 12 17
5 4 56 1
5 6 16 8
5 7 172 1
5 8 16 29
5 9 14 14
5 10 1 2
5 11 105 2
5 12 1 7
5 16 11 3
5 17 1 11
5 18 53 1
5 20 2 7
5 24 11 22
5 25 5 14
5 27 1 22
6 0 20 2
6 1 15 23
6 2 4 1
6 3 72 27
6 4 47 11
6 5 38 21
6 7 186 1
6 8 44 13
6 9 44 10
6 10 13 1
6 11 41 11
6 12 1 25
6 13 2 7
6 15 131 2
6 17 41 2
6 18 182 2
6 19 1 5
6 21 1 13
6 22 42 1
6 23 17 5
6 27 106 1
7 0 2 26
7 1 1 23
7 2 1 1
7 3 50 1
7 4 204 1
7 5 201 1
7 6 4 3
7 8 2 14
7 9 1 6
7 10 5 9
7 11 2 15
7 12 178 26
7 13 1 28
7 14 27 2
7 15 25 1
7 17 119 2
7 20 65 1
7 22 31 2
7 23 1 4
7 24 276 1
7 25 36 24
7 26 1 7
8 0 18 20
8 1 10 23
8 2 3 3
8 3 13 6
8 4 206 1
8 5 21 1
8 6 258 1
8 7 54 24
8 9 2 9
8 10 1 9
8 11 287 1
8 13 28 1
8 14 4 23
8 16 17 25
8 20 219 3
8 21 1 13
8 22 47 1
8 23 1 5
8 24 12 1
8 25 3 14
9 2 1 15
9 3 70 1
9 4 12 19
9 5 9 2
9 6 11 12
9 7 202 1
9 8 83 1
9 10 42 17
9 11 313 1
9 12 1 8
9 13 73 2
9 14 1 12
9 15 67 14
9 25 98 2
10 1 7 1
10 3 56 1
10 5 66 1
10 6 2 21
10 7 9 1
10 8 5 1
10 9 58 11
10 11 5 19
10 12 315 1
10 13 182 1
10 14 122 1
10 15 124 1
10 16 13 22
10 20 204 5
10 23 71 2
10 24 1 29
10 25 1 25
11 1 277 1
11 2 56 1
11 4 9 24
11 5 5 4
11 7 71 7
11 8 2 3
11 10 373 1
11 12 4 18
11 13 10 1
11 14 1 24
11 15 5 1
11 17 3 4
11 20 180 1
11 22 1 15
11 23 38 14
11 25 3 17
11 27 28 27
12 0 2 17
12 1 216 11
12 4 1 3
12 6 1 19
12 7 213 5
12 8 247 1
12 9 48 1
12 10 219 1
12 13 1 6
12 15 4 3
12 21 8 1
12 27 52 11
13 4 3 20
13 5 5 1
13 6 7 1
13 9 1 11
13 10 145 1
13 11 58 1
13 12 24 1
13 14 48 2
13 17 1 15
13 22 7 7
14 0 5 4
14 4 124 2
14 6 5 7
14 8 34 1
14 10 69 1
14 11 12 21
14 12 140 2
14 15 116 1
14 16 23 3
14 24 4 20
15 6 1 17
15 7 15 18
15 8 3 24
15 9 1 6
15 10 2 14
15 11 360 1
15 13 1 5
15 14 5 15
15 20 1 4
15 23 2 1
15 24 40 1
15 25 1 26
15 26 14 20
15 27 12 2
16 0 12 2
16 1 12 5
16 3 11 6
16 4 138 1
16 5 12 26
16 8 19 5
16 9 5 2
16 17 223 1
16 18 1 12
16 23 28 2
16 24 12 15
17 1 221 1
17 4 2 8
17 6 2 14
17 7 2 13
17 9 1 3
17 10 184 3
17 11 10 13
17 16 124 1
17 19 15 7
17 24 1 2
17 27 32 6
18 0 89 1
18 1 5 18
18 4 2 8
18 7 164 2
18 8 117 1
18 9 19 28
18 10 20 18
18 11 147 3
18 12 1 21
18 16 26 13
18 17 1 4
18 19 1 17
18 23 1 18
19 0 2 9
19 1 1 23
19 2 23 10
19 3 1 4
19 4 11 7
19 6 111 2
19 8 141 1
19 9 3 13
19 15 1 24
19 20 73 1
20 1 1 7
20 2 2 29
20 3 50 1
20 5 1 2
20 6 50 2
20 8 1 7
20 9 8 2
20 10 91 1
20 18 1 4
20 19 13 1
20 22 6 10
21 9 1 17
21 11 1 20
21 16 1 9
21 20 1 2
21 25 1 17
22 2 6 23
22 8 135 4
22 10 148 2
22 11 31 1
22 12 2 11
22 15 2 3
22 25 1 22
23 5 1 4
23 7 13 6
23 9 15 17
23 11 190 1
23 12 82 25
23 13 1 3
23 14 8 6
23 15 6 18
23 16 19 19
23 21 1 1
23 25 15 3
24 0 11 22
24 1 12 12
24 3 13 13
24 4 4 1
24 5 12 18
24 7 5 28
24 8 48 20
24 10 1 4
24 11 1 27
24 16 12 10
24 17 80 3
24 23 1 8
24 25 1 15
25 1 129 2
25 4 102 5
25 6 75 3
25 7 1 29
25 9 60 2
25 11 16 5
25 21 1 22
25 27 3 15
26 2 1 1
26 7 1 6
26 9 4 15
26 11 129 24
26 19 15 13
26 27 2 20
27 0 1 11
27 2 28 3
27 7 15 2
27 8 1 8
27 12 1 10
27 16 3 7
27 18 39 13
27 19 6 3
27 24 39 2
27 25 3 23
27 26 1 16
