0 1 11 13
0 2 39 3
0 3 218 20
0 4 6 17
0 5 16 25
0 6 3 18
0 7 113 1
0 8 33 24
0 11 9 10
0 12 1 1
0 13 1 2
0 15 5 12
0 16 38 25
0 17 32 1
0 18 2 20
0 20 67 1
0 24 16 17
1 0 11 19
1 2 3 3
1 3 55 25
1 4 68 1
1 5 42 3
1 6 2 10
1 7 2 29
1 8 105 27
1 10 1 24
1 11 5 5
1 14 2 24
1 16 16 14
1 17 3 21
1 18 233 28
1 20 1 23
1 22 1 9
1 24 16 6
1 25 1 23
2 0 111 1
2 1 10 21
2 3 7 24
2 4 211 1
2 5 25 2
2 6 5 1
2 7 67 1
2 8 15 8
2 9 1 18
2 10 46 1
2 13 19 14
2 18 3 5
2 20 2 18
3 0 442 12
3 1 31 28
3 2 20 1
3 5 159 7
3 6 37 1
3 7 248 9
3 8 17 5
3 14 1 16
3 15 2 24
3 16 258 7
3 17 12 27
3 24 16 11
4 0 268 1
4 1 92 1
4 5 16 1
4 6 8 1
4 8 2 7
4 9 1 18
4 10 1 8
4 12 13 2
4 13 13 7
4 15 28 12
4 18 7 17
4 19 59 1
4 21 32 1
4 23 66 13
4 24 2 2
5 0 15 5
5 1 35 1
5 3 30 18
5 4 11 1
5 6 221 2
5 7 145 1
5 8 19 19
5 9 275 26
5 12 1 27
5 16 59 9
5 17 12 12
5 18 44 1
5 20 3 8
5 24 16 16
5 26 13 23
6 0 8 3
6 1 31 10
6 3 1 28
6 4 3 14
6 5 405 17
6 7 130 1
6 8 47 21
6 9 61 13
6 10 304 1
6 11 12 15
6 12 1 17
6 18 170 1
6 22 38 3
6 23 14 6
6 25 7 18
6 27 104 4
7 0 52 9
7 1 11 9
7 2 275 1
7 3 9 1
7 4 185 2
7 5 174 1
7 6 24 2
7 8 4 7
7 10 1 2
7 11 354 1
7 12 37 5
7 13 13 11
7 15 8 2
7 16 34 4
7 17 107 1
7 19 1 11
7 21 74 2
7 22 25 5
7 23 1 11
7 25 2 19
7 26 1 1
7 27 35 3
8 0 132 3
8 1 28 14
8 2 5 16
8 3 18 22
8 4 160 1
8 5 125 23
8 6 54 11
8 7 348 10
8 9 1 6
8 10 4 26
8 11 260 1
8 12 14 1
8 14 2 28
8 15 1 9
8 16 36 10
8 17 167 1
8 19 1 15
8 21 17 16
8 23 1 19
8 24 156 20
8 27 144 3
9 0 116 1
9 2 8 4
9 3 61 1
9 4 186 26
9 5 7 6
9 6 23 3
9 7 180 1
9 8 71 1
9 10 247 1
9 11 46 1
9 12 1 24
9 14 2 7
9 15 6 27
9 17 94 1
9 22 1 9
9 24 4 14
10 2 1 20
10 3 39 2
10 4 1 25
10 5 38 1
10 6 2 15
10 7 1 1
10 8 6 5
10 9 83 1
10 11 22 17
10 12 292 1
10 13 64 1
10 14 64 1
10 15 93 1
10 17 206 2
10 20 198 2
10 21 114 7
10 22 2 24
10 24 14 26
10 25 1 29
11 0 119 25
11 1 261 1
11 3 1 18
11 5 1 18
11 7 13 14
11 8 1 1
11 9 1 6
11 10 49 1
11 14 33 19
11 15 4 4
11 17 37 19
11 20 169 1
11 22 1 21
11 25 7 23
11 27 2 24
12 0 1 12
12 2 91 21
12 3 30 4
12 4 7 18
12 6 5 5
12 7 209 4
12 8 231 1
12 9 18 1
12 10 191 1
12 13 52 13
12 15 4 9
12 16 1 23
12 20 81 2
12 21 8 1
12 27 51 1
13 3 28 4
13 4 2 7
13 5 3 25
13 6 4 1
13 7 1 13
13 9 3 5
13 10 114 1
13 11 43 1
13 12 10 1
13 14 2 2
13 22 5 3
13 24 7 1
14 0 5 1
14 5 60 6
14 6 1 7
14 8 18 1
14 9 4 23
14 10 390 1
14 11 2 28
14 15 96 1
14 23 4 3
14 24 3 4
15 2 37 1
15 6 4 24
15 7 8 1
15 8 15 13
15 9 2 4
15 10 1 4
15 11 332 1
15 14 97 18
15 24 36 5
15 26 1 25
15 27 2 11
16 0 42 8
16 1 15 15
16 3 15 28
16 4 124 1
16 5 166 29
16 7 122 1
16 8 16 4
16 10 1 2
16 13 23 1
16 17 247 1
16 18 3 12
16 19 1 27
16 21 19 16
16 24 16 25
17 1 214 1
17 2 32 1
17 4 20 29
17 5 1 20
17 6 1 26
17 9 3 18
17 16 89 1
17 23 1 25
18 0 81 1
18 1 2 12
18 3 37 23
18 4 21 18
18 5 99 1
18 6 117 1
18 9 20 28
18 16 2 1
18 20 87 24
19 0 1 11
19 1 6 29
19 3 4 10
19 4 1 2
19 6 105 1
19 7 22 5
19 15 1 25
19 20 371 1
19 25 1 27
20 1 1 20
20 3 43 2
20 6 43 1
20 7 50 1
20 8 9 25
20 9 1 7
20 10 82 2
20 11 1 1
20 13 1 28
20 17 138 4
20 25 37 7
21 2 9 20
21 7 1 9
21 8 87 1
21 9 1 8
21 19 1 14
21 22 1 15
21 24 1 15
21 25 1 16
22 9 92 5
22 13 7 13
22 15 1 20
22 20 2 2
22 23 5 1
23 1 5 1
23 2 1 21
23 8 85 3
23 11 8 1
23 13 3 1
23 14 5 7
23 16 2 15
24 0 27 17
24 1 16 21
24 3 36 29
24 5 89 24
24 7 5 15
24 8 56 26
24 11 2 4
24 12 2 18
24 14 12 1
24 16 26 22
24 25 2 28
25 1 127 2
25 4 100 4
25 7 1 13
25 9 54 3
25 11 146 25
25 15 2 6
25 17 1 17
25 23 1 20
25 24 10 4
25 27 8 10
26 4 4 14
26 8 11 1
26 10 1 29
26 11 38 3
26 15 1 19
26 22 2 3
26 23 4 7
26 27 2 21
27 0 81 21
27 5 5 23
27 10 48 6
27 14 11 26
27 25 1 10
27 26 4 1
