0 1 89 1
0 2 157 1
0 3 162 7
0 4 317 1
0 5 115 1
0 6 83 1
0 7 2 6
0 8 107 1
0 9 3 1
0 10 218 25
0 14 2 2
0 16 270 1
0 19 127 14
0 22 30 2
0 23 1 3
0 24 192 1
1 0 276 1
1 2 48 1
1 3 106 1
1 4 198 1
1 5 324 1
1 6 127 1
1 7 138 1
1 8 304 1
1 10 271 1
1 12 99 3
1 13 94 9
1 14 1 9
1 15 37 1
1 16 302 2
1 17 80 1
1 19 188 2
1 24 296 1
1 25 10 3
2 0 2 26
2 1 44 1
2 3 33 6
2 4 15 21
2 6 15 26
2 8 2 6
2 10 6 8
2 14 32 28
2 20 1 14
2 25 1 16
3 0 139 1
3 1 237 1
3 2 33 1
3 5 82 2
3 6 1 2
3 7 19 15
3 8 206 1
3 9 42 3
3 10 154 1
3 11 1 4
3 16 188 1
3 20 1 19
3 24 230 1
4 0 4 24
4 1 61 1
4 2 271 1
4 3 244 1
4 5 143 1
4 6 110 1
4 7 189 1
4 8 170 1
4 10 6 4
4 11 3 5
4 12 246 2
4 13 81 6
4 14 9 9
4 17 2 12
4 18 5 20
4 20 146 2
4 25 79 2
5 0 309 1
5 1 207 1
5 3 241 1
5 4 5 1
5 6 94 11
5 7 3 29
5 8 233 4
5 9 70 1
5 10 2 15
5 11 3 26
5 12 216 3
5 14 54 1
5 15 14 2
5 16 327 1
5 18 1 16
5 21 1 18
5 24 317 1
6 1 4 4
6 2 207 9
6 4 1 1
6 5 25 3
6 7 258 9
6 8 7 5
6 9 17 23
6 10 113 1
6 11 64 2
6 13 48 4
6 17 1 19
6 18 2 18
6 22 106 6
7 0 198 1
7 3 1 16
7 4 310 2
7 5 7 27
7 6 2 1
7 8 5 12
7 9 283 1
7 11 13 21
7 15 3 11
7 16 117 5
7 24 1 17
7 25 125 1
7 26 6 6
7 27 203 1
8 0 236 1
8 1 229 1
8 2 8 8
8 3 87 1
8 4 1 27
8 5 78 3
8 6 20 1
8 7 358 12
8 9 1 28
8 10 4 1
8 11 39 20
8 12 285 2
8 14 60 1
8 16 285 1
8 18 129 3
8 24 314 1
8 25 62 11
8 26 1 19
9 0 2 11
9 1 326 1
9 4 75 1
9 5 307 1
9 6 9 8
9 7 285 2
9 8 1 3
9 10 156 1
9 11 2 29
9 12 203 1
9 14 95 1
9 16 1 21
9 18 1 10
9 19 1 2
10 0 66 1
10 3 1 24
10 5 12 2
10 6 347 1
10 8 40 1
10 9 6 21
10 11 76 1
10 12 4 19
10 13 1 5
10 14 226 1
10 15 1 26
10 17 1 27
10 18 34 2
10 21 105 11
10 24 47 1
10 27 3 16
11 0 1 10
11 1 1 7
11 2 2 1
11 5 93 1
11 7 2 1
11 8 382 1
11 9 287 2
11 10 28 1
11 12 2 1
11 13 254 3
11 14 187 1
11 15 15 6
11 17 1 4
11 22 116 2
11 24 74 1
11 25 58 3
11 26 118 11
12 3 101 4
12 6 193 1
12 8 1 11
12 9 2 1
12 10 7 25
12 13 209 1
12 15 37 2
12 20 118 25
12 22 108 1
12 25 56 1
13 6 120 4
13 8 199 1
13 10 5 5
13 11 1 7
13 12 8 1
13 23 1 3
13 25 1 8
13 27 4 9
14 0 86 7
14 3 31 5
14 4 3 16
14 7 1 15
14 10 72 1
14 11 363 1
14 12 1 27
14 13 15 1
14 15 2 8
15 1 1 28
15 3 51 4
15 6 10 1
15 8 37 1
15 10 308 1
15 11 36 7
15 14 2 6
15 17 94 10
15 20 35 11
15 24 2 13
15 26 1 23
16 0 266 1
16 1 340 1
16 3 281 1
16 4 2 27
16 5 308 1
16 6 1 26
16 8 252 1
16 12 26 3
16 14 1 26
16 17 5 25
16 18 151 1
16 21 1 18
16 24 257 1
16 27 7 28
17 0 4 22
17 4 41 1
17 8 95 2
17 11 2 8
17 12 68 1
17 14 1 15
17 16 1 18
17 18 4 25
17 20 3 3
18 1 71 2
18 4 378 1
18 5 2 24
18 8 1 2
18 9 1 11
18 10 1 3
18 11 1 25
18 16 39 1
18 23 1 8
18 25 1 22
19 6 1 20
19 7 112 21
19 8 3 6
19 10 47 1
19 14 1 19
19 17 2 27
19 20 326 20
19 25 12 16
20 0 1 1
20 1 4 20
20 3 2 4
20 8 1 14
20 16 1 10
20 19 27 1
21 8 1 18
21 11 1 25
21 13 10 29
21 20 1 8
22 2 8 24
22 10 1 11
22 12 1 24
22 24 6 1
23 7 2 11
23 9 1 28
23 11 8 20
23 12 1 21
23 14 1 6
23 15 32 1
24 0 225 1
24 1 282 1
24 3 261 1
24 5 261 1
24 7 1 29
24 8 229 1
24 10 172 3
24 16 131 1
24 26 44 2
25 4 1 8
25 7 151 1
25 8 172 12
25 9 1 19
25 10 3 6
25 11 241 1
25 21 2 25
25 26 42 2
26 1 80 16
26 7 1 22
26 8 70 4
26 9 1 24
26 11 8 8
26 13 14 21
26 19 13 26
26 24 60 2
26 25 55 4
26 27 3 20
27 0 2 8
27 3 38 1
27 6 104 2
27 10 71 10
27 11 65 2
27 15 1 19
27 16 2 17
27 18 39 22
27 22 1 27
27 26 1 12
