0 1 145 6
0 2 136 10
0 3 7 23
0 5 9 26
0 6 4 21
0 7 92 1
0 8 108 1
0 9 160 1
0 10 228 2
0 11 45 21
0 12 9 3
0 16 65 1
0 17 23 3
0 18 2 12
0 20 53 1
0 23 1 1
0 24 58 1
1 0 24 1
1 2 8 22
1 3 10 1
1 4 154 1
1 5 56 11
1 6 2 7
1 7 3 21
1 9 4 28
1 10 1 18
1 12 1 13
1 16 16 2
1 17 5 10
1 18 3 28
1 19 1 1
1 20 4 17
1 23 1 10
1 24 69 18
1 26 40 1
2 0 90 1
2 1 37 12
2 3 6 17
2 4 33 1
2 7 296 1
2 8 8 26
2 9 5 11
2 10 32 1
2 11 52 1
2 14 39 3
2 17 1 15
2 18 3 7
2 19 25 1
2 20 2 1
2 21 1 23
3 0 17 9
3 1 30 1
3 2 33 1
3 4 116 1
3 5 127 9
3 7 2 29
3 8 127 23
3 9 4 21
3 10 10 28
3 14 1 15
3 16 35 26
3 17 2 20
3 24 68 28
4 0 248 1
4 1 5 1
4 2 1 19
4 5 219 1
4 6 163 1
4 8 11 3
4 9 20 1
4 10 1 6
4 12 9 2
4 13 11 2
4 15 28 1
4 16 144 1
4 17 237 1
4 18 6 27
4 22 63 10
4 26 1 2
5 0 8 29
5 1 113 6
5 3 46 1
5 6 383 1
5 7 128 1
5 8 161 7
5 9 13 1
5 12 1 14
5 16 177 8
5 18 38 3
5 20 1 6
5 24 59 1
5 25 1 16
5 27 1 19
6 0 3 1
6 1 15 5
6 4 12 15
6 5 34 19
6 7 98 1
6 8 19 16
6 9 95 25
6 10 96 1
6 11 1 14
6 13 1 4
6 14 2 19
6 17 244 1
6 18 161 1
6 24 70 5
6 25 137 22
6 26 1 6
6 27 102 1
7 0 2 19
7 1 2 1
7 2 246 1
7 4 173 1
7 5 156 1
7 8 47 10
7 10 1 23
7 11 151 1
7 12 1 13
7 13 2 17
7 15 2 1
7 16 32 3
7 18 40 1
7 19 1 23
7 23 2 27
7 24 265 1
7 25 2 21
8 0 283 28
8 1 39 5
8 2 21 22
8 3 71 28
8 4 133 1
8 5 1 18
8 6 107 1
8 7 1 6
8 9 1 1
8 10 21 15
8 11 264 1
8 16 38 3
8 17 155 1
8 21 6 29
8 24 75 14
8 25 8 1
8 27 142 2
9 0 108 1
9 1 5 9
9 5 7 29
9 6 48 1
9 7 166 2
9 8 337 1
9 10 424 1
9 11 36 1
9 14 2 2
9 15 1 14
9 16 106 5
9 20 4 11
9 24 1 25
10 0 1 13
10 2 2 1
10 3 30 1
10 4 2 2
10 5 23 1
10 6 7 29
10 8 4 16
10 9 12 20
10 11 1 8
10 12 276 1
10 13 159 1
10 14 265 1
10 15 74 1
10 17 200 1
10 18 1 22
10 19 99 5
10 24 1 12
10 25 5 29
10 26 4 18
10 27 160 16
11 1 250 1
11 3 2 9
11 4 2 29
11 5 2 26
11 7 24 7
11 8 8 17
11 9 1 7
11 10 36 1
11 14 1 10
11 15 7 24
11 17 1 20
11 20 162 1
11 23 1 10
11 24 38 2
11 25 22 15
11 26 34 20
11 27 6 15
12 0 1 23
12 1 228 19
12 3 27 2
12 4 9 8
12 6 8 9
12 7 209 2
12 8 220 1
12 10 173 1
12 13 2 3
12 14 165 3
12 16 1 14
12 20 79 8
12 22 1 12
12 23 42 1
12 25 7 3
12 27 49 12
13 7 1 10
13 8 1 1
13 10 96 1
13 11 34 2
13 14 27 2
14 1 74 1
14 6 1 3
14 8 10 1
14 9 76 2
14 10 328 1
14 11 2 24
14 12 119 3
14 13 7 3
14 15 85 1
14 21 1 10
14 24 8 9
15 0 31 1
15 3 1 11
15 5 17 1
15 6 1 6
15 7 3 3
15 8 1 22
15 9 1 27
15 10 1 4
15 11 72 1
15 12 1 14
15 14 97 1
15 18 11 9
15 19 1 27
15 21 7 3
15 25 1 20
16 0 87 1
16 1 81 1
16 3 10 1
16 4 116 1
16 5 60 2
16 8 66 23
16 11 2 7
16 15 14 1
16 17 217 1
16 18 187 2
16 24 26 23
16 25 34 10
17 1 176 1
17 3 143 2
17 5 1 16
17 6 31 2
17 9 4 26
17 11 12 2
17 15 72 4
17 16 66 1
17 18 161 2
17 21 9 27
17 23 1 7
17 27 3 24
18 1 5 18
18 4 23 25
18 5 94 1
18 6 108 1
18 8 97 1
18 10 21 7
18 16 95 5
18 17 1 16
18 20 1 3
18 23 1 26
18 25 1 15
19 0 1 8
19 1 1 18
19 3 1 23
19 4 1 25
19 6 100 1
19 8 131 4
19 14 3 5
19 20 338 1
19 25 16 13
20 0 1 22
20 1 14 19
20 2 75 16
20 7 42 1
20 8 5 24
20 10 76 3
20 11 1 27
20 17 134 4
20 19 1 25
20 22 1 14
20 24 21 2
20 25 35 6
21 7 4 9
21 9 1 27
21 19 7 24
21 27 14 8
22 0 34 4
22 8 126 3
22 11 18 3
23 2 14 17
23 7 13 13
23 11 174 1
23 22 1 21
23 27 13 1
24 0 9 20
24 1 101 6
24 3 56 1
24 5 48 1
24 6 91 3
24 7 1 29
24 8 30 22
24 9 99 5
24 11 2 29
24 12 2 11
24 13 6 14
24 14 10 11
24 15 46 2
24 16 48 14
24 19 1 20
24 22 4 6
25 1 127 1
25 7 1 28
25 9 50 3
25 10 146 2
25 12 54 1
25 15 1 10
25 16 19 16
25 17 1 24
25 18 40 5
25 19 3 11
25 23 2 9
25 27 11 15
26 2 4 27
26 3 6 7
26 4 19 22
26 7 1 13
26 11 129 2
26 14 2 13
26 17 1 5
26 23 4 17
26 27 1 7
27 0 2 8
27 11 3 22
27 24 36 3
27 25 8 2
27 26 1 5
