0 1 108 2
0 2 1 13
0 3 121 1
0 4 9 26
0 5 47 8
0 6 35 5
0 7 84 1
0 8 343 1
0 9 156 1
0 10 4 1
0 11 1 10
0 16 33 1
0 20 48 1
0 21 58 3
0 24 53 25
0 25 61 1
1 0 45 1
1 2 6 12
1 3 232 1
1 4 26 12
1 5 113 11
1 6 84 11
1 7 7 3
1 8 283 29
1 10 12 9
1 14 1 16
1 15 1 28
1 16 104 1
1 17 106 29
1 19 2 4
1 20 49 8
1 24 3 2
1 25 1 22
1 26 39 3
2 0 81 1
2 1 101 1
2 3 6 14
2 4 27 1
2 7 285 1
2 8 4 9
2 9 1 15
2 10 26 2
2 11 47 1
2 13 18 12
2 17 2 6
2 20 1 1
2 21 4 6
3 0 226 1
3 1 147 3
3 2 14 1
3 4 111 1
3 5 6 28
3 6 22 2
3 7 55 8
3 8 107 3
3 9 2 9
3 10 1 22
3 14 1 19
3 15 3 16
3 16 357 1
3 17 4 21
3 19 1 11
3 20 241 2
3 24 125 1
3 25 48 1
3 27 13 1
4 0 238 1
4 1 368 1
4 2 6 15
4 5 323 1
4 6 22 1
4 7 2 14
4 8 2 28
4 9 273 1
4 10 9 17
4 12 7 2
4 17 230 2
4 18 18 19
4 25 13 3
4 26 2 1
5 0 79 1
5 1 87 16
5 3 37 1
5 6 137 1
5 7 121 1
5 8 144 1
5 9 346 2
5 11 78 1
5 16 181 1
5 17 2 25
5 18 36 1
5 22 20 2
5 24 44 1
5 26 12 10
6 0 2 1
6 1 9 11
6 2 2 6
6 4 5 20
6 5 416 9
6 7 85 1
6 8 35 28
6 9 24 15
6 10 88 1
6 11 8 28
6 12 3 14
6 14 1 28
6 17 240 1
6 18 157 2
6 20 1 5
6 21 1 14
6 27 102 2
7 0 76 13
7 1 2 18
7 2 233 1
7 4 167 1
7 5 149 1
7 6 9 1
7 8 21 3
7 11 369 1
7 16 31 1
7 17 95 2
7 20 40 1
7 22 21 1
7 23 17 5
7 24 261 1
7 25 1 5
7 26 1 13
8 0 46 10
8 1 23 11
8 2 17 24
8 3 22 1
8 4 121 1
8 5 289 1
8 6 162 1
8 9 1 23
8 10 21 5
8 11 251 1
8 14 1 8
8 15 1 14
8 16 103 1
8 17 150 1
8 24 52 1
8 26 1 19
9 0 104 1
9 1 1 29
9 2 7 14
9 3 52 1
9 4 186 9
9 5 7 6
9 6 5 12
9 7 160 1
9 8 49 1
9 10 237 1
9 11 301 1
9 12 5 14
9 13 58 1
9 14 2 6
9 17 85 1
9 18 20 2
9 19 79 1
9 25 89 6
9 27 50 6
10 0 10 19
10 2 5 15
10 3 26 1
10 4 2 1
10 6 3 17
10 8 23 1
10 9 10 14
10 11 20 26
10 12 268 1
10 13 48 1
10 14 236 1
10 15 66 1
10 16 6 19
10 22 3 16
10 23 51 3
10 24 14 8
10 25 1 1
10 27 2 22
11 0 212 3
11 1 245 1
11 2 27 1
11 3 2 26
11 4 30 18
11 7 213 3
11 8 2 20
11 10 17 1
11 12 1 3
11 14 1 22
11 15 2 15
11 18 54 4
11 20 159 2
11 25 268 7
12 1 2 3
12 3 26 5
12 4 10 20
12 6 3 10
12 7 207 3
12 8 215 1
12 10 165 1
12 13 32 19
12 14 6 14
12 15 1 17
12 20 79 1
12 21 11 2
12 24 8 9
13 4 37 29
13 6 1 11
13 10 88 1
13 11 31 1
13 14 22 1
13 19 3 11
14 2 2 18
14 6 1 15
14 7 243 2
14 10 1 8
14 11 2 5
14 15 76 1
14 24 1 7
15 0 3 27
15 7 1 29
15 8 1 8
15 10 3 18
15 11 272 1
15 17 69 4
15 25 6 9
15 26 1 14
16 0 146 4
16 1 70 1
16 2 45 3
16 3 142 1
16 5 71 1
16 6 158 1
16 8 150 1
16 10 2 1
16 17 203 1
16 18 3 29
16 24 61 1
17 1 259 1
17 3 139 1
17 4 112 20
17 5 1 1
17 6 2 14
17 7 3 5
17 8 1 28
17 10 164 1
17 15 71 9
17 16 56 1
17 20 188 3
18 1 2 29
18 4 21 23
18 6 104 2
18 10 1 22
18 16 196 1
18 17 29 20
18 25 7 21
19 0 3 10
19 1 1 24
19 4 1 15
19 6 98 2
19 7 148 2
19 8 130 1
19 15 1 19
19 18 1 29
19 20 312 1
19 23 2 6
19 25 1 29
19 26 7 27
20 0 1 8
20 2 73 19
20 3 149 1
20 7 38 1
20 11 6 14
20 13 2 22
20 17 133 1
20 19 1 29
20 23 1 12
21 9 1 1
21 11 2 11
21 12 126 3
21 16 1 9
21 18 25 23
21 20 1 16
21 27 14 27
22 5 3 25
22 6 17 27
22 7 10 4
22 25 1 15
23 5 1 14
23 11 168 1
23 16 1 9
23 22 1 6
24 0 7 1
24 1 128 1
24 3 77 20
24 5 64 1
24 6 90 1
24 7 1 16
24 8 173 1
24 11 4 20
24 16 42 1
24 20 4 4
24 21 1 21
25 4 98 1
25 6 61 1
25 7 1 23
25 9 49 2
25 11 145 3
25 15 1 11
25 16 1 16
25 17 2 11
25 26 1 4
25 27 12 18
26 0 2 29
26 1 77 1
26 3 15 14
26 9 60 8
26 15 18 13
26 20 9 16
26 23 1 18
27 0 2 4
27 3 4 1
27 8 1 3
27 11 2 8
27 14 11 4
27 16 7 6
27 25 1 14
27 26 5 15
