0 1 72 1
0 3 69 6
0 4 13 21
0 5 22 11
0 6 190 27
0 7 80 1
0 8 318 1
0 9 155 1
0 10 2 1
0 11 5 1
0 12 1 7
0 13 1 14
0 16 108 3
0 17 18 1
0 18 3 26
0 20 45 1
0 23 84 6
0 24 64 11
0 26 71 3
1 0 185 9
1 2 33 24
1 3 171 2
1 4 299 1
1 5 82 13
1 6 361 22
1 7 12 4
1 8 6 3
1 9 1 8
1 10 1 10
1 11 1 5
1 12 2 5
1 13 94 2
1 16 59 1
1 17 14 7
1 18 13 12
1 19 3 9
1 20 2 13
1 23 2 21
1 24 13 4
2 0 76 1
2 1 48 13
2 3 13 5
2 4 24 21
2 5 17 2
2 7 334 1
2 8 5 20
2 9 1 21
2 10 24 1
2 11 45 1
2 12 36 15
2 15 2 10
2 17 6 12
2 19 23 2
2 20 1 29
3 0 199 13
3 1 139 1
3 2 7 1
3 4 108 1
3 5 100 22
3 6 20 1
3 7 5 13
3 8 89 1
3 10 1 12
3 14 5 3
3 15 1 18
3 16 303 1
3 17 1 1
3 18 77 2
3 20 239 1
3 24 98 1
3 25 47 3
4 0 234 1
4 1 359 1
4 2 1 5
4 5 5 1
4 6 16 1
4 7 1 25
4 8 38 17
4 9 269 1
4 10 3 26
4 11 241 16
4 12 7 1
4 15 77 20
4 17 227 1
4 18 7 8
4 20 14 2
4 23 17 17
4 27 29 3
5 0 124 1
5 1 189 1
5 3 104 1
5 6 285 1
5 7 117 1
5 8 111 17
5 9 2 11
5 10 2 8
5 11 76 1
5 12 2 23
5 16 22 2
5 18 35 1
5 20 1 20
5 24 131 1
6 1 4 14
6 3 1 5
6 4 3 20
6 5 44 23
6 7 79 1
6 8 35 14
6 9 45 5
6 10 80 1
6 11 108 28
6 13 2 12
6 14 14 29
6 15 116 2
6 16 7 1
6 17 237 1
6 18 155 1
6 19 49 15
6 22 33 7
6 23 11 11
6 26 1 6
7 0 21 3
7 1 5 13
7 2 226 1
7 3 1 3
7 4 165 1
7 5 145 1
7 6 21 1
7 8 5 2
7 11 342 1
7 12 8 9
7 19 3 10
7 23 1 1
7 24 259 1
7 25 180 15
7 26 19 27
8 0 429 1
8 1 67 1
8 2 4 13
8 3 279 18
8 4 115 1
8 5 18 2
8 6 114 1
8 7 279 8
8 9 1 9
8 10 23 8
8 11 240 1
8 12 7 4
8 14 1 28
8 15 152 28
8 16 80 1
8 17 147 2
8 19 5 15
8 20 193 1
8 21 56 2
8 22 34 4
8 24 3 23
8 26 92 22
9 0 102 2
9 1 1 21
9 2 1 6
9 4 258 12
9 5 7 17
9 6 211 4
9 7 157 1
9 8 40 1
9 10 220 1
9 11 298 1
9 14 4 13
9 15 1 28
9 17 83 1
9 18 19 6
9 20 1 29
9 21 82 2
9 22 4 16
9 26 43 7
10 0 27 16
10 3 24 1
10 5 15 2
10 6 35 20
10 8 5 3
10 9 36 7
10 11 265 12
10 12 264 1
10 13 44 1
10 14 221 1
10 15 62 1
10 17 196 1
10 20 191 4
10 23 50 2
10 24 2 21
11 1 243 1
11 2 25 1
11 3 2 18
11 5 1 22
11 7 9 20
11 8 2 8
11 9 1 25
11 10 6 1
11 14 1 20
11 15 197 21
11 17 2 17
11 18 54 1
11 19 1 9
11 20 157 3
11 23 1 12
11 25 5 8
11 26 136 4
12 0 1 26
12 4 25 6
12 7 207 1
12 8 213 1
12 9 1 3
12 10 161 1
12 13 7 21
12 15 1 10
12 22 3 6
12 27 49 3
13 7 2 16
13 9 1 12
13 10 84 1
13 11 29 1
13 12 2 1
13 14 20 1
13 15 1 25
13 22 3 1
13 24 5 27
14 4 113 1
14 6 51 11
14 7 241 1
14 10 294 1
14 11 1 10
14 13 5 21
14 15 71 1
14 17 26 1
14 27 34 1
15 0 3 26
15 2 37 10
15 6 1 2
15 7 3 19
15 8 7 9
15 9 2 17
15 10 14 24
15 11 249 1
15 14 24 1
15 17 69 6
15 18 11 22
15 24 33 2
16 0 196 18
16 1 18 7
16 3 126 1
16 5 143 1
16 8 96 27
16 17 197 1
16 18 4 23
16 19 1 23
16 23 29 4
16 24 130 2
16 27 1 16
17 1 249 1
17 2 19 1
17 3 137 2
17 4 9 24
17 6 1 3
17 8 4 18
17 9 1 12
17 10 162 1
17 14 83 1
17 16 52 1
17 22 1 12
17 25 94 26
17 27 1 22
18 0 72 2
18 1 1 15
18 4 17 12
18 5 90 1
18 6 102 1
18 8 92 1
18 10 57 20
18 11 141 5
18 12 7 9
18 13 41 10
18 16 193 2
18 17 3 16
19 0 1 16
19 1 1 9
19 3 2 10
19 4 2 1
19 20 298 1
20 0 1 3
20 2 1 26
20 3 146 1
20 7 37 1
20 9 1 25
20 13 17 5
20 18 13 18
20 19 1 13
21 1 72 23
21 2 8 19
21 7 1 26
21 9 2 16
21 17 58 4
21 20 6 12
22 7 9 7
22 10 135 2
22 11 16 2
22 23 1 4
22 24 5 9
22 27 15 18
23 1 3 16
23 9 90 20
23 10 42 1
23 11 169 1
23 12 7 12
23 13 12 15
23 24 52 2
24 0 16 1
24 1 20 1
24 2 14 7
24 3 33 1
24 5 323 1
24 8 147 1
24 11 2 25
24 12 46 7
24 13 15 14
24 14 9 13
24 18 1 22
24 20 4 16
24 21 7 21
24 22 3 15
24 23 3 27
24 25 8 16
24 26 9 13
25 3 1 7
25 6 60 1
25 7 3 9
25 8 124 1
25 10 28 1
25 11 144 1
25 15 1 3
25 21 2 27
25 23 3 14
25 26 1 6
26 0 1 4
26 5 3 3
26 8 8 15
26 12 19 7
26 15 5 24
26 22 1 18
26 24 1 17
26 27 14 12
27 0 2 18
27 7 5 3
27 8 22 22
27 10 122 3
27 11 8 26
27 14 11 2
27 17 77 2
27 25 2 14
27 26 14 14
