0 1 52 1
0 2 1 21
0 3 397 1
0 4 4 11
0 5 108 1
0 6 36 27
0 7 79 1
0 8 303 1
0 9 154 1
0 10 2 1
0 11 17 18
0 13 26 27
0 15 4 9
0 16 101 1
0 17 18 1
0 20 44 2
0 24 216 1
1 0 150 1
1 2 6 4
1 3 4 12
1 4 295 1
1 6 1 20
1 7 2 4
1 8 162 1
1 10 1 10
1 12 1 1
1 15 3 16
1 16 44 1
1 17 51 5
1 19 1 6
1 24 70 1
1 25 3 28
1 27 69 1
2 0 75 1
2 1 29 9
2 3 61 3
2 4 201 1
2 7 332 1
2 8 43 25
2 9 13 14
2 10 23 1
2 11 44 1
2 14 37 9
2 17 4 6
3 0 3 24
3 1 122 1
3 2 6 1
3 4 108 1
3 5 104 10
3 6 20 1
3 7 2 16
3 8 75 1
3 10 40 15
3 11 1 9
3 12 80 1
3 16 287 1
3 17 2 8
3 19 4 22
3 20 239 1
3 24 82 1
4 0 232 1
4 1 356 1
4 5 3 1
4 6 14 1
4 7 1 25
4 8 17 24
4 9 268 1
4 10 1 16
4 12 6 2
4 14 12 27
4 16 138 1
4 17 226 1
4 18 10 15
4 19 51 2
4 23 1 12
4 26 1 4
5 0 108 1
5 1 175 1
5 3 99 1
5 6 265 1
5 7 116 1
5 8 293 1
5 9 92 6
5 11 75 1
5 16 180 1
5 17 15 15
5 18 34 1
5 20 1 2
5 22 20 1
5 23 7 1
5 24 115 17
6 1 9 26
6 2 1 28
6 3 2 1
6 4 37 14
6 5 225 23
6 7 77 1
6 8 34 23
6 9 51 21
6 10 78 1
6 11 10 5
6 12 1 18
6 13 11 14
6 14 17 29
6 16 7 6
6 17 236 1
6 18 155 1
6 20 196 24
6 21 12 27
6 25 1 5
6 26 14 8
7 0 1 9
7 1 1 25
7 2 224 1
7 4 164 1
7 5 144 1
7 6 19 24
7 8 4 7
7 10 431 2
7 11 332 1
7 12 1 15
7 13 69 17
7 17 93 2
7 20 38 1
7 21 71 1
7 23 19 27
7 24 258 1
7 25 18 4
7 27 26 2
8 0 422 1
8 1 52 1
8 2 5 25
8 3 102 2
8 4 114 1
8 5 28 2
8 6 104 1
8 7 3 7
8 9 30 22
8 10 58 2
8 11 238 1
8 13 158 1
8 14 12 22
8 16 65 9
8 19 1 22
8 20 192 1
8 24 164 3
8 25 7 2
8 27 140 6
9 2 2 22
9 3 51 2
9 4 14 5
9 5 168 23
9 6 5 3
9 7 156 1
9 8 38 1
9 10 216 1
9 11 297 2
9 12 1 26
9 13 56 3
9 14 1 22
9 15 1 19
9 17 83 1
9 18 167 26
9 20 1 14
9 22 1 27
9 24 37 17
10 0 2 11
10 2 2 4
10 3 24 1
10 4 1 20
10 6 1 8
10 8 6 29
10 9 22 27
10 11 1 22
10 12 264 1
10 13 43 1
10 14 217 1
10 15 61 1
10 16 61 29
10 17 195 3
10 18 16 17
10 19 97 3
10 25 1 12
11 0 14 3
11 1 242 1
11 2 25 1
11 3 1 9
11 7 9 19
11 8 18 15
11 9 2 18
11 10 4 22
11 12 1 28
11 15 5 15
11 18 54 1
11 22 1 13
11 24 7 1
11 25 74 19
11 27 1 20
12 0 1 12
12 3 26 1
12 4 1 20
12 5 2 1
12 6 1 25
12 7 206 3
12 8 212 2
12 10 160 1
12 11 11 28
12 13 1 17
12 19 43 1
13 7 1 14
13 9 8 9
13 10 83 1
13 11 28 1
13 12 1 4
13 14 19 1
13 15 1 1
13 22 3 1
14 0 98 1
14 4 113 3
14 6 2 6
14 7 241 1
14 9 8 13
14 10 290 1
14 11 137 20
14 12 113 1
14 13 1 26
14 15 70 1
14 17 25 5
14 20 1 1
14 21 4 9
14 24 4 10
14 27 34 3
15 0 31 26
15 4 114 1
15 5 16 1
15 6 1 6
15 7 1 24
15 8 1 19
15 10 24 22
15 11 243 9
15 12 1 2
15 14 23 1
15 20 4 28
15 21 6 3
15 25 1 21
15 26 1 19
16 0 24 5
16 1 28 2
16 3 123 1
16 4 109 1
16 5 128 1
16 8 34 18
16 10 5 27
16 13 22 4
16 17 195 1
16 20 102 1
16 21 1 19
16 24 2 29
17 0 250 26
17 1 246 1
17 2 19 1
17 4 1 1
17 5 1 7
17 6 1 9
17 7 4 2
17 8 2 20
17 10 162 1
17 11 223 16
17 14 83 1
17 16 51 1
17 20 188 1
17 21 1 4
17 27 1 3
18 1 1 13
18 3 1 11
18 4 14 7
18 5 89 3
18 6 102 1
18 8 92 1
18 9 21 17
18 14 1 23
18 17 1 14
18 23 1 25
18 26 1 25
19 0 2 16
19 1 13 15
19 3 1 1
19 4 2 8
19 6 97 3
19 8 128 4
19 11 144 1
19 17 125 1
19 20 295 2
19 22 2 5
19 25 16 27
20 0 187 2
20 3 145 1
20 5 2 2
20 7 36 3
20 8 19 9
20 10 73 1
20 11 18 14
20 17 131 4
20 18 3 29
20 19 2 19
20 22 7 4
20 24 8 27
20 27 11 11
21 4 16 2
21 5 22 22
21 7 1 12
21 8 85 2
21 9 11 14
21 11 1 13
21 16 1 8
21 18 3 24
22 6 1 14
22 20 2 9
22 24 1 20
23 7 13 21
23 10 41 3
23 11 168 1
23 12 15 25
23 16 1 17
23 18 3 8
23 22 1 21
23 26 25 4
24 0 27 1
24 1 5 2
24 3 18 26
24 5 307 1
24 6 89 1
24 7 2 20
24 8 132 7
24 11 9 24
24 15 45 1
24 16 37 23
24 20 1 11
25 5 1 2
25 6 59 1
25 7 2 7
25 8 124 1
25 9 48 1
25 10 28 1
25 11 143 14
25 12 52 7
25 21 2 12
26 7 1 18
26 14 2 13
26 17 1 3
26 21 19 5
26 27 2 5
27 0 1 15
27 1 37 1
27 2 25 11
27 6 36 1
27 22 14 27
27 25 7 15
