0 1 82 1
0 2 1 19
0 3 42 1
0 4 10 28
0 5 126 1
0 6 4 24
0 7 60 1
0 8 236 1
0 9 146 1
0 10 225 1
0 11 1 11
0 12 2 12
0 13 1 15
0 16 274 1
0 17 11 2
0 18 1 17
0 20 32 2
0 23 83 2
0 24 70 2
0 25 56 1
0 26 70 5
1 0 304 2
1 2 6 10
1 3 26 1
1 4 367 1
1 5 110 4
1 6 222 22
1 7 73 11
1 8 234 1
1 9 1 15
1 10 2 3
1 12 1 17
1 13 91 2
1 14 4 29
1 16 31 1
1 17 17 1
1 18 1 19
1 19 3 26
1 20 3 17
1 21 1 22
1 24 274 1
1 25 4 19
2 0 56 1
2 1 73 15
2 3 9 17
2 6 1 11
2 7 305 1
2 8 64 14
2 9 5 5
2 11 34 2
2 13 18 1
2 14 35 1
2 17 1 23
2 25 15 1
3 0 44 16
3 1 126 1
3 2 1 12
3 5 80 4
3 6 12 1
3 7 1 2
3 8 108 1
3 9 22 9
3 10 1 22
3 11 1 1
3 16 181 1
3 17 1 21
3 20 228 2
3 21 24 25
3 24 47 1
3 25 44 5
4 0 210 1
4 1 268 1
4 2 1 25
4 5 198 1
4 6 136 1
4 8 5 13
4 9 15 1
4 10 1 24
4 12 3 2
4 13 9 1
4 15 77 10
4 17 210 1
4 18 2 12
4 19 46 2
4 20 11 4
4 21 27 8
4 23 1 17
4 25 11 6
5 0 86 1
5 1 182 3
5 3 126 1
5 4 3 7
5 6 146 1
5 7 99 1
5 8 48 1
5 9 136 1
5 10 3 25
5 11 66 2
5 12 1 6
5 16 37 1
5 20 2 21
5 24 58 2
6 1 66 22
6 2 1 17
6 3 14 1
6 4 36 5
6 5 208 1
6 7 51 1
6 8 321 19
6 9 12 22
6 10 278 1
6 11 15 4
6 12 24 28
6 14 1 18
6 15 110 1
6 17 29 1
6 18 146 1
6 20 2 25
6 21 8 19
6 22 31 1
6 24 92 14
6 26 15 8
6 27 100 1
7 0 1 13
7 1 1 29
7 2 193 1
7 3 2 2
7 4 151 1
7 5 126 1
7 6 238 24
7 8 77 11
7 10 11 1
7 11 352 1
7 13 2 7
7 14 3 1
7 15 1 8
7 16 27 8
7 17 85 1
7 19 127 15
7 23 1 7
7 25 3 12
7 26 1 26
7 27 21 4
8 0 186 1
8 1 48 1
8 2 118 21
8 3 80 1
8 4 88 1
8 5 241 14
8 7 145 1
8 9 2 2
8 10 8 5
8 11 228 1
8 13 164 3
8 14 4 25
8 15 2 26
8 16 51 1
8 17 134 2
8 20 183 2
8 23 1 29
8 24 14 4
8 25 4 2
9 1 1 12
9 2 1 25
9 5 91 28
9 6 23 1
9 7 142 1
9 8 312 1
9 10 379 1
9 11 316 2
9 12 1 1
9 13 51 1
9 14 1 13
9 15 4 22
9 16 102 3
9 18 17 2
9 20 2 24
9 26 42 2
10 0 6 12
10 2 1 24
10 3 16 1
10 5 6 1
10 6 36 3
10 8 20 26
10 9 5 26
10 11 247 19
10 12 245 1
10 13 137 1
10 14 168 1
10 15 45 1
10 17 188 2
10 19 94 4
10 20 186 3
10 23 43 1
10 24 1 5
10 25 3 20
10 26 1 23
11 1 230 1
11 3 1 2
11 4 1 4
11 5 1 6
11 7 358 8
11 8 2 13
11 9 5 14
11 10 244 1
11 12 1 8
11 14 39 14
11 15 180 28
11 17 49 29
11 18 50 4
11 19 34 20
11 20 149 2
11 25 74 9
11 26 31 5
11 27 126 1
12 0 56 15
12 4 1 15
12 5 4 1
12 7 202 3
12 8 200 2
12 10 142 1
12 11 1 14
12 19 42 1
12 21 121 2
12 22 1 12
12 23 37 1
12 24 7 2
13 0 81 18
13 1 3 23
13 3 29 26
13 10 65 1
13 15 1 18
13 19 3 23
14 4 109 1
14 7 229 2
14 8 1 4
14 10 222 1
14 11 1 7
14 12 104 2
14 13 1 9
14 15 50 1
14 21 2 6
14 23 1 5
15 0 1 15
15 1 1 14
15 6 1 18
15 7 1 7
15 8 1 29
15 10 1 2
15 11 181 1
15 14 99 1
15 20 88 2
15 21 6 13
15 23 1 14
15 26 1 13
16 0 140 1
16 1 42 4
16 2 41 5
16 3 111 1
16 4 100 2
16 5 43 1
16 7 114 4
16 8 33 1
16 15 19 24
16 17 164 1
16 19 1 15
16 21 1 15
16 24 29 1
17 1 232 1
17 2 12 1
17 3 127 1
17 4 1 10
17 5 1 23
17 6 1 19
17 8 1 22
17 9 3 26
17 10 154 2
17 11 223 7
17 14 81 1
17 16 32 1
17 18 147 1
17 21 4 21
17 22 1 3
17 27 5 9
18 0 66 2
18 1 1 6
18 3 1 5
18 4 4 2
18 5 83 3
18 6 92 2
18 7 151 1
18 8 84 1
18 10 96 12
18 14 16 21
18 15 3 3
18 16 90 1
18 20 2 26
18 25 1 20
19 0 22 28
19 1 22 15
19 2 16 1
19 4 36 24
19 6 93 1
19 7 15 2
19 9 73 1
19 12 2 6
19 20 232 1
19 21 9 8
20 2 14 21
20 3 27 1
20 11 1 19
20 19 5 18
20 21 1 28
20 22 1 26
20 24 1 9
21 4 15 2
21 7 90 27
21 25 1 13
22 0 31 5
22 10 127 25
22 11 12 1
22 18 8 3
22 23 4 4
23 4 1 27
23 7 1 3
23 8 73 1
23 9 90 11
23 10 35 4
23 11 153 1
23 22 1 23
24 0 122 1
24 1 71 1
24 3 19 1
24 4 1 2
24 5 192 1
24 6 84 2
24 8 49 1
24 9 96 2
24 10 1 22
24 11 2 7
24 12 1 21
24 16 97 2
24 20 1 11
24 21 1 6
24 22 3 16
25 0 11 7
25 1 124 13
25 4 96 1
25 6 54 3
25 7 4 27
25 8 115 1
25 10 21 2
25 11 99 1
25 12 50 4
25 13 1 23
25 20 1 25
25 22 13 10
25 23 1 22
25 24 8 1
25 26 1 26
25 27 1 21
26 2 3 3
26 4 3 29
26 7 2 12
26 10 132 15
26 12 19 1
26 13 16 10
26 17 32 12
26 27 9 8
27 0 1 23
27 8 1 21
27 12 1 23
27 25 1 2
