0 1 37 10
0 2 4 25
0 3 322 6
0 4 4 9
0 5 21 17
0 6 1 11
0 7 22 1
0 8 40 6
0 11 22 23
0 12 1 7
0 16 63 11
0 19 8 20
0 20 9 1
0 24 36 7
0 27 1 5
1 0 82 7
1 2 15 18
1 3 21 3
1 4 176 1
1 5 20 21
1 6 354 24
1 7 2 4
1 8 48 14
1 10 1 12
1 11 20 19
1 16 20 7
1 17 16 24
1 18 1 26
1 19 1 13
1 20 1 2
1 23 9 17
1 24 20 27
1 26 33 9
2 1 49 12
2 3 191 10
2 4 164 1
2 6 3 23
2 7 224 1
2 8 15 22
2 9 35 29
2 11 13 3
2 12 74 3
2 13 15 5
2 15 1 10
2 17 1 24
2 18 1 7
2 23 2 9
2 24 19 1
3 0 17 7
3 1 20 10
3 2 16 23
3 4 66 1
3 5 52 9
3 7 357 1
3 8 35 1
3 10 1 28
3 11 6 25
3 16 33 22
3 20 196 1
3 24 72 19
3 26 1 15
4 0 151 1
4 1 140 15
4 2 9 10
4 5 220 1
4 6 386 1
4 7 13 18
4 8 1 3
4 9 171 1
4 10 1 27
4 11 241 4
4 14 16 18
4 16 105 1
4 17 168 1
4 18 9 27
4 20 5 4
4 21 23 8
4 23 2 10
5 0 30 24
5 1 22 24
5 3 39 4
5 4 3 18
5 6 9 23
5 7 58 1
5 8 27 13
5 9 22 1
5 10 8 11
5 11 44 2
5 12 5 7
5 16 20 15
5 18 16 2
5 24 28 2
5 25 1 13
5 27 3 20
6 1 4 4
6 2 14 4
6 4 3 6
6 5 98 1
6 8 291 1
6 9 4 13
6 10 145 1
6 11 1 24
6 14 6 22
6 15 95 2
6 17 218 1
6 18 120 1
6 24 4 13
6 26 19 23
6 27 94 6
7 0 1 4
7 1 1 15
7 2 114 1
7 3 5 5
7 5 81 1
7 6 253 1
7 8 5 10
7 10 83 1
7 11 223 1
7 13 17 15
7 15 1 21
7 16 21 1
7 17 65 1
7 23 1 25
7 24 212 1
7 26 2 9
7 27 11 2
8 0 38 3
8 1 22 23
8 2 31 11
8 3 52 2
8 4 35 1
8 5 139 28
8 6 42 12
8 7 413 1
8 9 4 19
8 10 121 28
8 11 169 1
8 13 141 1
8 14 1 25
8 16 45 10
8 19 3 13
8 20 158 1
8 21 1 25
8 23 2 2
8 24 287 25
8 25 167 1
8 27 130 2
9 0 71 2
9 1 1 20
9 3 31 2
9 4 251 1
9 5 315 29
9 6 312 26
9 7 105 1
9 8 204 1
9 10 129 1
9 11 277 1
9 12 67 1
9 14 1 1
9 15 18 27
9 16 95 1
9 17 59 1
9 19 73 1
9 20 4 13
9 21 75 1
9 22 1 3
9 24 3 29
9 25 76 1
10 0 2 19
10 1 2 22
10 2 3 16
10 3 3 1
10 4 1 19
10 6 232 1
10 7 1 3
10 8 18 23
10 9 11 19
10 11 239 1
10 12 196 1
10 13 97 1
10 14 39 1
10 15 12 1
10 17 169 2
10 23 28 1
10 24 1 13
10 25 3 19
11 0 6 3
11 1 196 1
11 2 3 1
11 3 13 2
11 5 1 9
11 7 329 1
11 8 2 25
11 9 1 10
11 10 235 1
11 14 103 1
11 15 141 1
11 19 1 24
11 22 4 25
11 23 140 13
11 24 357 1
11 25 168 1
11 26 26 1
11 27 1 14
12 0 1 14
12 1 222 2
12 2 20 21
12 4 15 18
12 6 1 27
12 7 190 2
12 8 168 1
12 9 2 20
12 10 96 1
12 11 2 4
12 13 122 15
12 15 4 12
12 17 1 19
12 20 70 4
12 23 28 2
13 7 24 5
13 8 1 11
13 10 27 1
13 15 1 15
13 23 8 3
14 1 54 1
14 3 2 26
14 4 98 1
14 7 196 1
14 10 70 1
14 11 9 11
14 12 79 3
14 13 1 12
14 20 1 13
15 0 1 16
15 7 11 18
15 9 1 26
15 10 3 14
15 11 15 1
15 12 1 26
15 13 5 23
15 14 48 1
15 17 62 2
15 18 1 27
15 26 18 8
15 27 2 5
16 0 107 9
16 1 39 27
16 2 35 1
16 3 91 27
16 5 21 19
16 8 138 7
16 11 130 1
16 17 89 1
16 18 193 20
16 24 101 16
16 27 2 25
17 1 212 1
17 2 2 1
17 4 2 4
17 5 74 24
17 6 7 29
17 7 2 6
17 8 2 29
17 9 88 19
17 10 134 1
17 11 220 6
17 18 124 2
17 19 2 7
17 21 4 22
17 22 67 10
17 25 94 4
17 27 2 29
18 1 1 14
18 4 13 10
18 5 66 1
18 9 1 10
18 10 4 19
18 11 133 6
18 16 173 1
18 20 2 17
18 25 1 24
19 0 1 7
19 2 12 8
19 4 2 21
19 6 80 2
19 8 112 4
19 20 91 1
20 1 1 22
20 2 1 5
20 6 19 2
20 8 1 21
20 10 53 1
20 11 1 20
20 13 1 8
20 19 39 15
20 25 26 4
21 5 22 21
21 11 5 15
21 17 56 17
21 18 1 5
21 20 15 19
22 2 1 18
22 3 3 17
22 10 116 1
22 11 4 2
23 2 1 2
23 8 61 2
23 10 21 3
23 11 111 1
23 18 3 28
24 0 28 7
24 1 20 3
24 3 40 1
24 5 55 20
24 6 73 5
24 7 289 3
24 8 20 14
24 9 90 2
24 11 90 9
24 12 21 15
24 14 5 1
24 15 37 2
24 16 20 19
24 17 70 7
24 19 17 7
24 22 4 20
24 25 11 16
25 4 91 1
25 7 6 15
25 8 92 1
25 9 34 1
25 10 6 1
25 11 24 6
25 13 1 27
25 17 1 26
25 27 1 4
26 11 128 12
26 17 1 1
26 18 16 3
26 19 15 16
27 0 2 2
27 8 1 11
27 9 1 26
27 10 120 12
27 11 1 14
27 15 21 1
27 17 74 6
27 19 4 8
