0 1 49 1
0 2 123 2
0 3 92 1
0 4 25 23
0 5 93 1
0 6 1 22
0 8 243 1
0 9 92 2
0 10 179 1
0 13 3 17
0 15 109 2
0 16 35 1
0 19 1 15
0 24 77 1
0 26 63 2
1 0 93 1
1 2 13 1
1 3 318 1
1 4 14 1
1 5 57 1
1 6 203 1
1 7 4 3
1 8 241 1
1 9 172 1
1 10 1 4
1 12 1 24
1 13 76 5
1 16 109 1
1 18 258 1
1 20 28 13
1 24 95 1
1 25 1 29
1 26 29 2
2 1 27 4
2 3 9 1
2 4 104 1
2 6 1 15
2 7 118 1
2 8 235 17
2 9 9 27
2 10 2 5
2 12 69 2
2 13 13 3
2 14 23 1
2 15 4 15
2 17 172 9
2 19 11 1
2 23 1 25
3 0 156 1
3 1 29 1
3 2 1 5
3 5 5 2
3 6 1 12
3 7 295 1
3 8 105 1
3 10 3 10
3 11 11 22
3 15 5 27
3 16 38 1
3 17 31 24
3 19 1 14
3 20 146 1
3 24 108 1
3 25 27 3
3 27 5 12
4 0 82 1
4 1 14 1
4 2 1 16
4 3 1 23
4 5 74 1
4 6 261 1
4 8 388 26
4 9 259 1
4 10 3 23
4 11 265 1
4 14 26 1
4 16 74 1
4 17 113 1
4 18 6 10
4 19 21 1
4 21 18 6
4 26 13 15
5 0 33 1
5 1 34 1
5 2 3 7
5 3 193 1
5 4 4 17
5 6 325 1
5 7 18 2
5 8 251 1
5 9 111 1
5 10 3 28
5 11 21 1
5 12 1 24
5 15 7 7
5 16 36 6
5 17 1 19
5 18 5 1
5 24 44 1
5 25 22 13
6 1 7 10
6 2 9 3
6 3 237 11
6 4 221 24
6 5 62 7
6 7 1 20
6 8 132 1
6 9 331 19
6 10 189 1
6 11 3 11
6 12 324 2
6 14 1 21
6 17 162 2
6 18 87 1
6 19 2 2
6 21 2 3
6 26 1 26
7 0 1 1
7 1 1 24
7 2 34 1
7 3 74 4
7 4 77 1
7 5 34 1
7 6 144 1
7 8 396 29
7 10 384 1
7 11 4 1
7 12 225 4
7 13 1 18
7 14 1 29
7 15 1 18
7 19 2 17
7 23 1 8
7 24 160 1
7 25 209 28
8 0 357 1
8 1 9 29
8 2 1 19
8 3 88 1
8 4 1 1
8 5 371 1
8 6 110 2
8 7 291 7
8 9 96 2
8 10 12 28
8 11 122 1
8 12 1 9
8 13 108 2
8 14 23 5
8 16 44 1
8 17 65 1
8 18 6 9
8 20 125 1
8 22 11 1
8 23 4 25
8 24 195 1
8 26 1 21
9 0 45 2
9 1 1 14
9 3 16 1
9 4 161 1
9 5 119 1
9 6 77 21
9 7 61 1
9 8 78 1
9 10 76 1
9 11 218 1
9 12 12 1
9 17 38 3
9 18 159 1
9 19 66 4
9 20 1 11
9 22 32 6
9 23 1 28
9 24 59 10
9 26 33 7
10 1 3 12
10 2 3 15
10 4 2 12
10 5 2 2
10 6 210 1
10 7 4 17
10 8 101 1
10 9 423 1
10 11 241 1
10 12 131 1
10 13 58 1
10 14 1 24
10 17 143 3
10 18 7 23
10 20 153 2
10 21 99 8
10 22 177 18
10 25 1 22
11 0 188 1
11 1 151 1
11 3 3 19
11 4 2 4
11 5 31 16
11 6 1 21
11 7 247 1
11 8 12 10
11 9 3 6
11 10 96 1
11 12 10 15
11 13 1 26
11 14 284 1
11 15 199 6
11 17 1 22
11 20 102 1
11 21 86 2
11 23 132 1
11 24 259 1
11 25 240 1
11 26 13 1
12 0 1 5
12 4 2 21
12 5 12 3
12 6 1 8
12 7 172 2
12 8 125 1
12 9 3 28
12 10 46 1
12 11 16 21
12 14 139 2
12 15 8 7
12 16 40 8
12 18 2 15
12 19 34 1
12 21 4 4
12 23 18 1
13 1 1 29
13 4 10 20
13 6 1 23
13 7 25 21
13 14 1 10
13 17 8 20
13 18 1 24
13 23 4 15
14 3 2 22
14 5 42 1
14 7 146 1
14 8 4 23
14 9 171 2
14 12 49 1
14 15 3 8
14 16 15 3
14 18 2 28
14 25 10 3
15 0 4 27
15 3 1 13
15 4 103 3
15 7 33 3
15 8 2 15
15 9 100 13
15 10 2 28
15 11 11 16
15 13 4 18
15 27 25 10
16 0 54 1
16 1 19 2
16 3 46 1
16 5 97 1
16 6 135 4
16 8 118 1
16 17 20 1
16 18 75 1
16 19 4 11
16 24 6 8
16 27 3 12
17 0 331 1
17 1 73 1
17 3 69 1
17 4 3 7
17 5 1 21
17 6 8 14
17 7 1 4
17 8 1 20
17 10 108 1
17 15 57 2
17 18 94 2
17 20 174 5
17 21 9 5
17 27 2 2
18 0 35 1
18 1 6 25
18 4 1 21
18 5 44 2
18 6 41 1
18 7 129 1
18 9 160 17
18 10 2 1
18 16 151 1
18 17 1 22
19 0 1 16
19 1 4 8
19 2 7 8
19 7 132 3
19 8 95 2
19 11 127 1
19 17 103 2
19 18 1 7
20 1 202 13
20 2 15 1
20 3 77 1
20 4 1 11
20 6 9 1
20 7 2 2
20 9 1 22
20 11 5 17
20 15 41 8
20 17 98 1
20 18 1 28
20 19 36 12
21 7 6 19
21 11 118 3
21 12 94 2
21 19 1 16
21 23 1 22
22 8 92 1
23 0 1 27
23 2 1 9
23 8 46 2
23 11 61 1
23 12 80 2
23 22 1 5
23 26 19 4
24 0 83 1
24 1 83 1
24 3 41 1
24 5 116 1
24 6 59 2
24 7 264 1
24 8 32 1
24 11 1 28
24 15 29 2
24 16 18 1
24 22 1 3
24 25 1 29
24 26 3 24
25 7 1 26
25 11 249 1
25 16 23 14
25 23 9 5
26 4 5 1
26 17 2 23
26 24 1 9
26 27 4 2
27 0 1 9
27 5 19 13
27 6 19 3
27 8 45 26
27 9 5 18
27 10 118 2
27 18 37 23
27 25 1 21
