0 1 9 1
0 2 119 1
0 3 10 1
0 4 5 26
0 5 30 1
0 6 1 6
0 8 10 1
0 10 176 1
0 11 1 15
0 13 43 20
0 16 105 1
0 17 3 25
0 19 2 24
0 24 25 1
1 0 2 22
1 2 203 1
1 3 268 1
1 5 32 1
1 6 72 1
1 7 21 12
1 8 394 1
1 10 1 13
1 11 3 23
1 12 10 18
1 13 75 4
1 16 47 28
1 17 9 2
1 19 16 15
1 21 5 16
1 24 41 1
1 25 8 18
2 1 15 1
2 3 104 1
2 4 99 1
2 6 5 14
2 7 109 1
2 8 3 28
2 10 4 11
2 12 68 15
2 17 3 13
2 18 28 28
2 20 155 1
3 0 28 1
3 1 44 1
3 2 63 1
3 4 30 1
3 5 100 1
3 6 2 14
3 7 275 11
3 8 158 1
3 10 1 18
3 11 5 27
3 12 59 4
3 15 1 24
3 16 61 1
3 20 141 1
3 24 51 1
4 0 76 1
4 1 191 1
4 2 1 25
4 3 8 4
4 5 58 1
4 6 244 1
4 7 2 17
4 8 2 24
4 9 248 1
4 11 263 3
4 16 71 2
4 17 108 1
4 18 4 3
4 20 1 1
4 21 18 1
5 0 27 1
5 1 248 1
5 2 1 24
5 3 129 1
5 4 30 24
5 6 242 22
5 8 190 1
5 9 82 1
5 10 4 11
5 12 53 23
5 16 27 1
5 17 1 27
5 20 2 14
5 22 15 5
5 24 25 1
6 0 2 20
6 1 68 11
6 2 32 4
6 4 1 23
6 5 20 12
6 7 1 15
6 8 63 1
6 9 67 12
6 10 170 1
6 11 41 4
6 13 1 7
6 14 26 9
6 15 73 2
6 17 157 2
6 19 3 15
6 24 2 13
7 0 17 15
7 2 28 1
7 3 101 8
7 4 74 1
7 5 30 1
7 6 130 1
7 8 10 9
7 9 7 12
7 10 40 1
7 12 224 4
7 13 141 28
7 14 1 20
7 15 1 25
7 17 40 1
7 18 14 6
7 19 1 15
7 20 2 1
7 22 2 8
7 23 4 12
7 24 155 1
8 0 339 1
8 1 61 1
8 2 5 23
8 3 203 1
8 5 176 1
8 6 224 2
8 7 207 21
8 9 4 13
8 10 28 18
8 11 111 1
8 13 105 1
8 14 92 1
8 16 38 1
8 17 62 1
8 18 6 26
8 22 10 2
8 24 151 1
8 25 27 1
8 26 1 18
9 0 43 1
9 1 5 21
9 3 14 5
9 4 154 1
9 5 262 1
9 7 58 1
9 8 69 1
9 10 81 1
9 11 212 1
9 12 304 1
9 15 1 13
9 17 37 1
9 22 42 21
9 23 1 7
10 0 5 8
10 1 2 13
10 2 23 13
10 4 97 6
10 5 2 9
10 6 194 1
10 7 23 9
10 8 286 3
10 9 9 1
10 11 225 1
10 12 126 1
10 13 53 1
10 14 4 26
10 15 1 2
10 17 141 1
10 19 74 2
10 20 152 1
10 22 21 5
10 23 11 3
10 24 12 11
10 25 40 11
10 26 98 24
11 0 101 3
11 1 147 1
11 3 9 8
11 6 10 17
11 7 157 1
11 8 6 19
11 9 5 26
11 10 78 1
11 12 11 17
11 14 278 1
11 15 193 1
11 17 8 23
11 18 31 2
11 20 99 2
11 22 1 17
11 23 128 1
11 24 248 1
11 25 221 1
12 0 6 5
12 2 86 4
12 3 10 4
12 4 12 3
12 5 2 7
12 6 16 13
12 7 170 3
12 9 4 4
12 10 42 2
12 11 11 2
12 16 4 25
12 17 1 25
12 22 10 13
12 24 1 5
12 27 39 9
13 7 1 23
13 8 4 21
13 9 6 11
13 12 1 11
13 14 2 1
13 17 1 28
14 1 37 1
14 4 80 1
14 6 185 26
14 7 142 1
14 8 1 24
14 9 15 1
14 10 1 27
14 12 46 1
14 13 11 1
14 15 1 17
14 20 1 15
14 25 1 23
14 27 28 16
15 1 120 1
15 2 31 1
15 6 5 27
15 7 2 23
15 8 3 25
15 10 12 14
15 11 2 24
15 17 54 6
15 19 1 27
15 22 6 20
15 23 10 3
15 26 1 20
16 0 10 2
16 1 29 1
16 3 40 1
16 4 47 1
16 5 34 1
16 8 54 19
16 14 46 5
16 17 16 1
16 18 181 1
16 19 1 12
16 24 7 1
17 1 63 1
17 2 1 21
17 3 66 2
17 4 4 29
17 5 2 1
17 7 19 22
17 8 5 3
17 10 105 1
17 12 1 29
17 15 56 4
17 16 3 4
17 18 91 1
17 20 174 1
17 21 10 18
17 27 41 3
18 1 113 15
18 3 44 19
18 4 2 8
18 10 4 8
18 12 27 13
18 16 143 1
18 17 2 19
18 25 35 28
19 0 11 29
19 1 16 3
19 3 1 21
19 4 4 22
19 7 130 3
19 8 94 1
19 9 61 1
19 11 126 1
19 18 1 8
19 21 9 10
20 0 172 1
20 3 73 1
20 6 8 1
20 10 35 1
20 11 1 29
20 16 2 24
20 19 111 22
20 23 4 10
20 24 5 28
20 27 3 27
21 1 66 1
21 2 6 20
21 5 30 23
21 7 1 23
21 8 70 7
21 11 118 1
21 12 92 1
21 17 54 1
22 1 10 4
22 10 84 1
22 15 1 29
23 4 1 6
23 5 1 5
23 6 99 3
23 7 185 3
23 9 3 16
23 10 7 2
23 11 57 1
23 12 79 3
23 15 31 1
23 22 4 18
24 0 29 1
24 1 20 1
24 3 41 1
24 5 52 1
24 6 57 5
24 7 261 1
24 8 91 1
24 10 3 10
24 11 6 17
24 13 1 6
24 16 57 1
24 23 17 28
24 27 1 13
25 2 5 3
25 4 83 1
25 7 12 20
25 8 61 1
25 10 83 1
25 11 231 1
25 26 1 25
26 4 1 2
26 5 1 16
26 7 1 8
26 9 66 23
26 17 1 29
26 18 14 11
26 20 3 24
26 22 1 1
26 25 1 23
27 1 23 1
27 11 1 8
27 24 26 1
27 26 42 26
