0 1 181 1
0 2 135 1
0 3 95 1
0 4 300 1
0 5 132 1
0 6 68 1
0 7 3 16
0 8 12 1
0 10 3 28
0 14 1 5
0 16 35 1
0 17 2 15
0 18 1 25
0 19 36 8
0 20 1 7
0 22 28 7
0 23 71 6
0 24 3 6
0 26 76 11
1 0 309 1
1 2 47 1
1 3 287 1
1 4 138 1
1 5 186 1
1 6 397 1
1 7 120 1
1 8 348 1
1 10 255 1
1 11 6 7
1 15 33 3
1 16 74 1
1 17 398 1
1 18 1 20
1 19 181 2
1 24 56 1
2 0 2 22
2 1 9 1
2 3 6 7
2 4 3 17
2 5 1 9
2 6 1 15
2 8 9 4
2 9 24 3
2 10 12 26
2 11 1 20
2 14 1 13
2 16 66 5
2 17 69 1
2 20 4 15
3 0 239 1
3 1 34 1
3 2 2 1
3 5 31 1
3 7 393 25
3 8 154 1
3 9 37 3
3 10 140 1
3 11 1 12
3 12 2 8
3 16 8 1
3 18 2 13
3 21 17 7
3 24 32 1
4 0 1 1
4 1 343 5
4 2 262 1
4 5 411 1
4 6 75 1
4 7 177 1
4 8 144 1
4 9 4 1
4 11 1 23
4 14 9 26
4 15 2 8
4 16 2 27
4 17 1 14
4 18 7 20
4 20 142 1
5 0 237 1
5 1 126 13
5 2 1 29
5 3 36 1
5 6 186 12
5 7 11 26
5 8 341 1
5 9 68 1
5 10 2 9
5 11 230 27
5 12 210 3
5 13 12 4
5 16 122 1
5 17 46 3
5 22 24 13
5 24 59 1
6 1 235 20
6 2 25 6
6 3 11 3
6 4 108 1
6 5 19 14
6 7 6 5
6 8 220 1
6 9 3 14
6 10 76 1
6 16 114 1
6 17 7 4
6 20 55 18
7 0 175 1
7 1 44 1
7 2 3 4
7 3 4 20
7 4 1 12
7 5 1 18
7 8 11 27
7 9 272 2
7 11 13 22
7 15 1 23
7 18 151 1
7 20 308 1
7 24 1 20
7 25 106 1
7 26 5 2
8 0 76 1
8 1 103 1
8 2 13 18
8 3 351 1
8 4 331 26
8 5 218 1
8 6 4 4
8 7 334 1
8 9 116 9
8 10 1 10
8 11 6 12
8 12 278 2
8 13 1 11
8 14 46 1
8 16 68 1
8 18 122 1
8 19 1 22
8 20 2 19
8 22 149 1
8 24 53 1
8 26 42 27
9 1 313 1
9 4 54 1
9 5 189 1
9 6 8 23
9 8 8 13
9 10 244 1
9 11 4 1
9 12 166 1
9 13 1 22
9 14 84 1
9 18 7 8
9 19 2 21
9 20 33 18
9 23 33 2
9 25 1 25
10 0 58 2
10 1 364 1
10 3 1 15
10 4 234 1
10 5 8 25
10 6 82 1
10 7 2 2
10 8 4 1
10 9 5 15
10 11 287 1
10 12 8 5
10 13 1 3
10 14 167 1
10 15 6 4
10 16 3 28
10 17 1 22
10 18 31 1
10 21 106 10
10 24 40 3
10 25 143 1
11 0 6 16
11 1 1 1
11 3 394 15
11 5 84 2
11 6 404 1
11 7 3 23
11 8 139 1
11 9 273 1
11 10 11 1
11 14 159 1
11 15 6 12
11 16 1 18
11 17 2 23
11 19 2 4
11 20 5 13
11 21 1 18
11 22 110 1
11 24 53 1
11 26 1 4
11 27 1 10
12 1 1 15
12 4 56 1
12 5 216 2
12 6 179 1
12 7 4 1
12 8 8 9
12 9 2 7
12 10 272 20
12 11 63 1
12 13 197 1
12 14 3 13
12 15 33 3
12 18 41 1
12 21 42 16
12 22 103 1
12 23 1 9
12 24 56 2
13 0 1 5
13 6 116 5
13 8 193 3
13 10 154 8
13 12 5 10
13 14 3 1
13 27 3 10
14 3 29 2
14 4 3 21
14 7 9 1
14 8 1 24
14 10 194 1
14 11 342 1
14 13 7 1
14 15 5 17
14 16 40 24
14 17 88 1
15 6 7 2
15 7 2 1
15 8 31 1
15 10 292 1
15 11 2 21
15 14 1 14
15 16 1 19
15 23 1 20
15 24 2 11
15 25 40 3
16 0 23 1
16 1 236 1
16 3 46 1
16 4 1 20
16 5 43 1
16 7 1 3
16 8 4 4
16 9 66 1
16 10 1 25
16 17 8 1
16 18 128 1
16 19 10 24
16 23 1 10
16 24 44 1
17 1 1 20
17 2 2 1
17 4 32 2
17 5 18 1
17 6 1 27
17 8 85 2
17 9 1 7
17 11 135 16
17 12 64 3
17 13 81 6
17 16 2 18
17 20 3 6
18 1 62 2
18 2 75 1
18 4 352 1
18 5 1 6
18 6 8 24
18 11 137 7
18 14 2 4
18 16 25 1
18 23 2 28
18 24 13 1
18 25 1 16
18 26 1 3
19 1 67 2
19 8 2 17
19 11 97 2
19 20 141 1
20 1 56 25
20 3 2 25
20 4 91 1
20 5 45 15
20 7 306 2
20 8 2 3
20 25 89 5
21 4 61 1
21 7 4 15
21 8 107 29
21 14 21 25
22 7 123 1
22 8 1 18
22 13 12 4
22 16 1 8
22 19 5 10
22 24 4 11
23 1 49 2
23 3 20 2
23 7 1 14
23 11 1 17
23 12 36 23
23 16 11 23
23 20 31 4
23 27 22 25
24 0 45 1
24 1 35 1
24 3 14 2
24 5 34 1
24 7 2 8
24 8 11 3
24 9 1 13
24 10 165 1
24 11 434 1
24 12 12 26
24 13 1 13
24 15 1 16
24 16 51 1
24 23 43 1
25 7 130 1
25 8 1 19
25 9 116 20
25 10 2 27
25 11 225 1
25 14 42 2
25 16 1 27
25 19 1 19
25 23 3 9
25 24 4 4
26 4 1 27
26 7 1 9
26 9 39 12
26 18 30 7
26 25 54 1
27 0 1 7
27 3 36 13
27 5 1 20
27 7 175 1
27 12 1 3
27 14 1 8
27 16 2 3
27 25 3 18
