0 1 29 12
0 2 162 1
0 3 26 27
0 4 1 26
0 5 30 15
0 6 1 14
0 8 100 18
0 10 162 2
0 11 3 5
0 12 9 21
0 16 17 18
0 17 3 1
0 18 1 12
0 19 2 27
0 24 17 18
0 27 1 7
1 0 21 22
1 2 256 1
1 3 58 25
1 5 19 12
1 6 265 1
1 7 2 26
1 8 247 5
1 9 169 1
1 10 1 17
1 11 50 4
1 12 1 16
1 15 4 18
1 16 17 9
1 17 252 1
1 18 249 3
1 19 1 20
1 20 67 3
1 21 10 12
1 24 17 29
1 27 100 26
2 0 1 23
2 1 415 1
2 3 17 1
2 4 77 1
2 6 2 7
2 7 75 1
2 8 33 1
2 9 62 14
2 10 1 10
2 12 96 5
2 15 5 17
2 17 2 18
2 18 10 9
2 20 145 1
2 21 1 16
2 23 8 26
2 26 19 1
3 0 66 22
3 1 19 25
3 2 56 1
3 5 17 18
3 6 1 28
3 7 162 1
3 8 33 18
3 9 1 5
3 10 1 19
3 11 28 19
3 16 17 24
3 17 1 29
3 18 54 1
3 20 121 1
3 24 37 5
4 1 113 1
4 2 19 21
4 3 1 6
4 5 31 1
4 6 176 1
4 7 2 8
4 8 2 1
4 9 200 1
4 10 7 10
4 12 1 12
4 17 89 1
4 18 1 5
4 22 47 4
5 0 17 26
5 1 17 12
5 2 1 27
5 3 122 1
5 4 3 27
5 6 156 14
5 8 13 23
5 9 7 1
5 10 33 1
5 11 12 4
5 16 38 27
5 17 2 5
5 18 2 1
5 21 28 6
5 24 17 23
6 0 3 10
6 1 18 6
6 2 37 9
6 3 276 1
6 4 221 20
6 5 95 17
6 7 1 5
6 8 3 6
6 9 44 1
6 10 138 1
6 12 311 1
6 15 66 1
6 17 136 2
6 18 73 1
6 21 32 23
7 0 1 29
7 1 60 3
7 2 11 2
7 3 7 4
7 4 60 1
7 6 134 1
7 8 4 23
7 10 379 1
7 11 18 27
7 12 223 3
7 15 11 16
7 19 25 21
7 21 54 3
7 25 207 1
8 0 370 9
8 1 19 24
8 3 26 18
8 5 358 10
8 6 219 4
8 7 400 1
8 9 2 16
8 10 60 25
8 11 82 1
8 14 219 2
8 15 220 1
8 16 17 17
8 18 1 29
8 20 109 2
8 24 17 13
8 25 149 2
8 26 103 26
8 27 113 3
9 1 1 20
9 2 1 1
9 4 114 1
9 5 208 1
9 6 151 1
9 8 36 1
9 10 20 1
9 11 189 1
9 12 251 2
9 14 1 12
9 16 79 3
9 20 1 24
9 22 1 20
9 23 5 15
10 1 2 16
10 2 2 1
10 3 3 24
10 4 1 14
10 5 9 22
10 6 157 1
10 7 5 13
10 8 19 9
10 9 210 1
10 11 175 1
10 12 103 1
10 13 34 1
10 14 4 17
10 15 1 14
10 16 95 13
10 17 131 1
10 20 144 1
10 22 178 1
10 24 16 14
10 26 8 12
10 27 146 1
11 0 87 1
11 1 130 1
11 3 20 10
11 4 125 24
11 5 1 14
11 6 1 29
11 7 317 1
11 8 121 29
11 9 1 2
11 10 42 1
11 12 2 28
11 14 264 1
11 15 68 1
11 16 1 23
11 17 1 17
11 19 4 4
11 20 90 1
11 21 83 1
11 22 9 24
11 23 122 1
11 24 202 1
11 25 63 1
12 1 202 1
12 2 16 2
12 4 1 24
12 5 15 13
12 6 1 23
12 8 106 1
12 9 80 12
12 10 28 1
12 11 1 14
12 14 125 1
12 15 7 25
12 16 45 13
12 17 2 9
12 18 1 29
12 19 32 1
12 20 59 7
12 21 104 1
12 22 12 13
12 23 14 1
13 2 17 10
13 4 1 14
13 8 2 17
13 12 7 14
13 14 2 25
13 17 5 26
13 26 12 24
14 1 32 1
14 4 74 2
14 5 37 7
14 7 123 1
14 8 1 24
14 9 4 1
14 10 8 5
14 11 34 13
14 12 36 1
14 13 30 2
14 15 5 15
14 25 1 21
15 3 9 26
15 6 3 4
15 7 4 11
15 8 3 7
15 10 1 10
15 11 12 14
15 12 24 3
15 16 36 8
15 22 6 26
15 25 20 18
15 27 25 14
16 0 17 4
16 1 41 10
16 3 23 9
16 4 37 1
16 5 17 19
16 8 17 19
16 10 138 26
16 18 189 1
16 24 17 14
16 25 28 28
17 1 28 1
17 3 55 1
17 4 5 19
17 5 1 1
17 8 1 8
17 9 2 3
17 10 95 1
17 11 211 4
17 13 53 5
17 16 1 9
17 18 80 2
17 23 1 10
18 1 9 27
18 4 4 16
18 5 35 2
18 9 27 12
18 12 1 8
18 16 110 1
18 17 15 29
18 27 5 1
19 0 77 1
19 1 3 11
19 3 17 28
19 4 39 3
19 6 55 1
19 8 87 2
19 11 122 1
19 16 2 7
19 17 97 1
19 20 2 17
19 24 11 24
20 0 168 1
20 2 91 3
20 3 55 2
20 11 3 7
20 12 2 9
20 17 91 1
20 18 2 19
20 19 5 18
20 26 63 11
21 1 2 2
21 8 68 1
21 9 1 11
21 12 85 2
21 14 17 5
21 15 1 17
21 17 53 2
21 18 2 24
21 20 2 21
21 24 24 9
22 12 109 1
22 17 6 7
23 4 84 13
23 6 2 1
23 7 178 2
23 8 40 1
23 10 4 1
23 11 41 1
23 22 1 20
23 24 12 4
24 0 18 19
24 1 26 29
24 2 4 16
24 3 34 3
24 5 17 12
24 6 52 1
24 7 246 1
24 8 18 2
24 9 75 6
24 11 126 28
24 15 25 3
24 16 64 6
24 20 1 23
24 21 11 7
24 25 2 24
25 1 108 6
25 2 4 4
25 4 80 1
25 10 69 1
25 11 148 1
25 12 35 1
25 13 1 5
25 16 24 13
25 23 1 14
25 24 20 6
25 26 2 23
25 27 85 2
26 1 67 2
26 2 1 16
26 6 1 12
26 7 47 15
26 11 168 3
26 15 9 13
26 18 13 18
26 24 1 4
26 27 4 23
27 0 5 28
27 4 2 4
27 8 15 15
27 11 151 28
27 16 16 6
27 24 24 1
27 25 3 10
