0 1 24 11
0 2 261 1
0 3 20 3
0 4 32 4
0 5 120 21
0 6 8 9
0 8 46 17
0 12 1 18
0 14 80 1
0 16 39 10
0 18 1 10
0 19 2 9
0 20 1 25
0 23 71 1
0 24 19 26
0 27 3 16
1 0 24 27
1 2 247 17
1 3 98 2
1 4 3 13
1 5 40 22
1 6 119 1
1 7 24 28
1 8 19 1
1 9 157 1
1 10 2 4
1 12 2 10
1 13 69 5
1 16 39 27
1 17 270 1
1 18 244 1
1 19 2 9
1 20 1 4
1 24 124 11
1 25 1 5
2 0 1 20
2 1 345 1
2 6 2 17
2 7 56 1
2 8 413 1
2 9 4 1
2 12 94 3
2 17 1 9
2 20 138 1
2 21 1 16
3 0 17 17
3 1 21 15
3 2 112 1
3 4 15 2
3 5 19 28
3 7 100 1
3 8 66 17
3 9 4 11
3 10 1 22
3 11 1 28
3 14 58 1
3 16 37 8
3 17 21 23
3 19 65 10
3 20 108 1
3 23 2 11
3 24 19 19
3 25 21 3
4 0 42 2
4 1 70 1
4 2 1 7
4 3 1 14
4 5 10 1
4 6 137 1
4 9 170 1
4 12 2 18
4 14 13 11
4 17 77 2
4 18 2 24
4 19 13 3
4 26 14 11
5 0 38 20
5 1 39 25
5 3 39 7
5 4 12 23
5 6 128 9
5 7 3 1
5 8 32 13
5 9 1 27
5 10 2 18
5 11 9 2
5 12 4 5
5 13 2 27
5 15 1 10
5 16 93 5
5 17 1 27
5 19 12 10
5 20 2 10
5 24 75 1
5 25 24 8
5 27 2 21
6 0 1 21
6 1 86 1
6 2 37 18
6 3 265 1
6 4 264 6
6 5 9 11
6 7 5 6
6 8 11 6
6 9 300 1
6 10 97 1
6 11 1 25
6 12 303 1
6 14 25 6
6 17 123 2
6 18 65 2
6 19 1 28
6 21 1 19
6 25 148 6
6 26 1 2
7 0 1 14
7 1 1 24
7 3 100 1
7 4 52 2
7 5 11 2
7 6 100 1
7 8 1 14
7 10 370 1
7 11 8 6
7 12 221 2
7 15 13 22
7 18 10 1
7 19 2 4
7 24 122 1
7 25 210 1
7 26 1 18
8 0 18 13
8 1 98 10
8 2 42 2
8 3 19 24
8 4 1 6
8 5 96 29
8 6 235 1
8 7 317 1
8 9 4 12
8 10 88 1
8 11 64 1
8 12 1 27
8 13 85 1
8 14 86 1
8 15 12 6
8 16 66 20
8 17 42 1
8 18 1 28
8 20 101 1
8 23 12 8
8 24 19 28
8 25 19 1
9 0 30 1
9 1 1 21
9 3 7 5
9 4 198 24
9 5 115 1
9 6 424 1
9 8 21 1
9 10 2 2
9 11 174 1
9 12 217 1
9 17 26 2
9 21 61 5
9 24 69 3
10 1 15 18
10 2 64 14
10 4 1 16
10 5 4 13
10 6 107 19
10 7 2 29
10 9 181 1
10 11 163 14
10 12 89 1
10 13 24 1
10 14 3 13
10 15 3 3
10 16 1 14
10 17 124 2
10 21 94 3
10 24 7 27
10 26 1 6
11 0 177 1
11 1 119 2
11 3 4 26
11 4 1 5
11 6 3 17
11 7 240 1
11 8 32 8
11 9 4 10
11 10 81 1
11 12 1 10
11 13 1 26
11 14 244 1
11 15 107 1
11 16 4 1
11 20 83 3
11 21 81 1
11 22 2 23
11 23 5 27
11 24 174 1
11 25 161 1
11 26 118 1
11 27 221 13
12 0 2 16
12 1 198 3
12 4 2 6
12 5 3 8
12 6 18 11
12 7 158 1
12 8 96 2
12 9 27 26
12 10 20 2
12 11 22 7
12 13 134 3
12 14 118 1
12 19 30 5
12 21 99 4
12 22 1 21
12 27 37 2
13 7 7 15
13 12 15 8
13 14 14 20
13 17 2 23
13 21 1 11
13 23 2 28
13 27 1 17
14 0 79 6
14 2 1 1
14 3 5 25
14 4 70 1
14 6 31 1
14 8 1 6
14 9 166 1
14 10 3 3
14 11 34 1
14 13 22 1
14 15 2 29
14 17 9 1
14 23 1 29
15 6 5 21
15 7 21 18
15 8 2 6
15 9 100 3
15 10 2 25
15 11 10 25
15 12 4 6
15 13 1 13
15 14 2 1
15 25 17 23
16 0 19 2
16 1 44 26
16 3 19 25
16 5 19 24
16 6 126 1
16 8 28 4
16 11 122 2
16 12 1 19
16 18 35 1
16 19 1 18
16 23 3 20
16 24 19 2
16 27 2 28
17 0 305 1
17 1 13 1
17 3 48 2
17 5 1 2
17 6 351 3
17 7 2 1
17 9 1 29
17 10 89 2
17 11 5 29
17 14 61 3
17 15 52 2
17 16 1 25
17 18 73 1
17 24 22 15
18 1 117 6
18 4 4 1
18 5 30 3
18 7 118 2
18 10 1 3
18 15 4 14
18 16 89 1
18 17 1 23
19 0 194 27
19 6 51 3
19 8 83 1
19 15 1 21
19 18 1 9
19 20 2 17
20 0 185 1
20 3 45 2
20 8 20 1
20 13 28 27
20 19 11 7
20 22 14 11
20 24 5 4
21 4 5 13
21 13 10 2
21 18 1 29
21 23 1 1
21 25 1 20
22 2 6 20
22 6 2 24
22 9 73 1
22 10 67 1
22 12 105 2
22 14 14 1
22 15 2 3
22 16 22 11
22 23 2 22
23 7 172 2
23 8 36 2
23 13 9 1
23 15 22 1
23 22 8 4
23 24 9 3
23 25 3 29
24 0 31 2
24 1 127 1
24 2 4 7
24 3 19 18
24 5 19 22
24 7 235 1
24 8 18 24
24 10 9 29
24 11 139 5
24 12 1 10
24 15 23 1
24 16 19 16
24 21 12 5
24 22 5 28
24 23 16 15
24 25 30 15
25 1 106 3
25 3 2 23
25 4 78 1
25 6 18 1
25 8 45 1
25 10 60 1
25 11 102 1
25 13 4 10
25 17 3 9
25 19 3 10
25 22 15 13
25 24 18 5
25 27 2 3
26 1 66 10
26 2 7 1
26 12 11 2
26 24 1 8
27 9 3 6
27 11 1 19
