0 1 1 23
0 2 175 1
0 3 1 19
0 4 1 13
0 5 66 3
0 7 8 14
0 8 19 1
0 9 44 1
0 10 114 1
0 11 1 21
0 12 1 18
0 14 69 4
0 16 43 1
0 19 77 27
0 20 1 4
0 21 49 1
0 24 37 1
0 25 16 2
0 26 56 3
1 0 1 10
1 2 5 6
1 3 36 1
1 4 15 17
1 5 82 1
1 6 104 1
1 8 283 1
1 9 253 1
1 10 1 5
1 11 47 3
1 13 58 4
1 16 31 4
1 17 146 1
1 18 214 1
1 19 3 15
1 20 1 7
1 23 1 26
1 24 8 1
1 26 20 7
2 0 1 16
2 1 46 1
2 3 21 8
2 4 19 1
2 6 3 12
2 8 95 1
2 10 4 7
2 12 84 2
2 15 1 16
2 20 105 2
2 22 2 9
3 0 4 1
3 1 39 18
3 2 14 1
3 4 1 2
3 5 82 1
3 6 2 2
3 7 94 1
3 8 41 1
3 9 68 24
3 10 16 24
3 11 2 15
3 12 41 1
3 14 1 1
3 15 1 17
3 16 11 1
3 18 40 2
3 22 22 29
3 23 1 16
3 24 17 1
3 25 12 3
4 1 1 18
4 2 8 26
4 3 1 9
4 5 5 9
4 6 16 1
4 7 48 1
4 8 14 11
4 9 57 1
4 11 233 1
4 12 1 24
4 17 34 1
4 22 38 9
4 23 86 6
4 26 3 26
5 0 4 1
5 1 80 1
5 2 5 29
5 3 6 1
5 4 73 1
5 6 75 1
5 8 9 1
5 9 13 17
5 10 11 27
5 12 1 22
5 15 1 12
5 16 12 1
5 17 14 21
5 24 4 1
5 26 6 3
6 0 2 17
6 1 35 1
6 2 86 8
6 3 204 1
6 4 253 29
6 5 341 1
6 7 4 5
6 8 156 18
6 9 153 1
6 10 9 1
6 12 257 2
6 13 1 10
6 17 70 1
6 19 1 18
6 25 139 1
6 26 25 22
7 0 24 25
7 1 1 1
7 2 1 20
7 3 3 2
7 6 16 1
7 8 431 1
7 9 1 18
7 10 293 1
7 11 12 6
7 13 1 2
7 14 1 14
7 15 8 11
7 21 45 1
7 23 1 10
7 24 67 2
7 25 175 2
7 26 2 20
7 27 1 20
8 0 69 20
8 1 17 27
8 2 257 1
8 3 67 1
8 4 2 14
8 5 235 1
8 6 44 1
8 7 43 1
8 9 1 6
8 10 312 1
8 11 36 1
8 12 2 2
8 13 52 1
8 14 198 1
8 15 211 1
8 16 17 19
8 18 9 2
8 19 74 24
8 20 68 1
8 24 86 1
9 0 11 5
9 1 3 12
9 4 142 1
9 5 6 7
9 6 128 1
9 7 9 1
9 10 4 22
9 11 109 1
9 12 76 1
9 15 130 3
9 18 120 2
9 20 9 29
9 22 2 8
9 25 38 2
9 26 25 5
10 1 31 2
10 2 1 28
10 4 13 29
10 5 3 29
10 6 250 1
10 7 5 1
10 8 309 1
10 9 43 1
10 11 9 1
10 12 37 1
10 14 4 22
10 15 2 9
10 16 16 29
10 18 71 21
10 20 116 1
10 22 3 3
10 25 1 16
11 0 147 1
11 1 75 2
11 3 1 29
11 4 7 8
11 5 8 9
11 6 61 10
11 7 7 25
11 8 2 8
11 9 1 13
11 12 4 17
11 13 13 8
11 14 205 1
11 15 2 28
11 16 1 28
11 20 57 2
11 23 95 1
11 24 61 1
11 25 28 1
11 26 103 2
11 27 216 1
12 1 177 1
12 4 2 19
12 5 5 2
12 6 5 7
12 8 56 1
12 9 51 5
12 15 1 29
12 16 1 9
12 20 49 7
13 4 5 2
13 6 1 6
13 7 1 25
13 8 1 28
13 10 1 1
13 11 8 17
13 12 8 29
13 14 2 2
13 17 1 25
13 20 55 2
13 27 1 18
14 0 69 1
14 1 15 5
14 3 1 19
14 4 53 1
14 5 25 1
14 6 23 1
14 7 60 2
14 8 1 22
14 9 125 1
14 10 72 29
14 11 39 1
14 13 17 1
14 15 9 24
14 20 1 4
14 23 1 27
14 24 1 16
15 7 314 2
15 8 11 4
15 9 99 1
15 11 28 19
15 12 6 9
15 13 3 26
15 14 8 1
15 17 42 1
15 18 1 29
15 23 3 6
15 27 26 1
16 0 1 11
16 1 9 1
16 3 8 1
16 5 27 1
16 6 109 4
16 7 75 1
16 8 24 1
16 9 3 25
16 10 7 3
16 12 1 7
16 15 3 13
16 17 5 15
16 18 117 1
16 24 3 1
17 0 249 1
17 1 2 23
17 2 3 27
17 4 15 24
17 6 333 2
17 7 24 4
17 8 1 28
17 11 199 2
17 12 2 18
17 13 46 5
17 16 23 13
17 20 154 2
17 24 2 18
17 25 86 2
18 1 5 19
18 4 394 1
18 7 101 1
18 10 8 28
18 16 19 1
18 17 1 3
18 19 12 29
18 22 30 13
18 27 4 6
19 0 166 1
19 3 6 6
19 4 1 7
19 6 35 1
19 7 95 3
19 9 48 1
19 12 1 27
19 18 27 7
19 20 41 1
19 27 2 12
20 0 133 1
20 1 189 1
20 2 171 1
20 4 6 5
20 7 2 23
20 13 1 25
20 18 1 12
20 19 135 1
20 23 1 24
21 12 59 3
21 23 2 25
21 25 2 12
22 6 10 21
22 8 61 4
22 9 64 3
22 10 39 3
22 12 82 2
22 23 5 4
23 1 1 9
23 2 23 21
23 6 89 1
23 7 143 1
23 9 81 4
23 15 8 1
23 16 5 12
23 21 1 3
23 22 2 26
23 26 14 1
24 0 30 1
24 1 9 1
24 3 34 1
24 5 18 20
24 7 182 1
24 8 83 1
24 10 3 28
24 11 14 1
24 16 34 1
24 19 1 19
24 20 21 4
24 25 1 9
24 27 1 4
25 3 4 8
25 7 307 1
25 8 21 1
25 23 1 15
25 27 74 1
26 6 1 29
26 10 119 2
26 19 14 4
26 21 16 27
26 24 21 14
27 0 84 21
27 9 1 18
27 10 108 4
27 11 6 22
27 15 9 2
27 25 32 1
27 26 25 1
