0 1 36 28
0 2 127 1
0 3 68 18
0 4 16 3
0 5 19 5
0 6 382 1
0 7 20 14
0 8 18 12
0 10 94 2
0 11 1 14
0 14 63 4
0 15 82 4
0 16 19 25
0 17 3 25
0 19 1 2
0 20 2 3
0 24 74 27
0 27 1 5
1 0 65 29
1 2 29 1
1 3 150 12
1 4 5 3
1 5 20 21
1 6 24 1
1 8 26 3
1 9 215 1
1 10 2 20
1 11 40 17
1 12 1 24
1 14 145 6
1 15 1 17
1 16 25 9
1 17 85 1
1 18 194 1
1 19 1 21
1 20 125 5
1 21 5 17
1 22 2 5
1 24 18 7
1 25 9 14
2 0 23 24
2 1 1 10
2 3 3 12
2 5 7 4
2 6 2 20
2 8 247 1
2 10 1 25
2 12 78 1
2 18 1 22
2 19 2 1
2 23 11 1
3 0 30 2
3 1 20 11
3 2 4 2
3 5 38 27
3 6 54 20
3 7 21 1
3 8 37 12
3 10 1 3
3 11 1 7
3 15 1 29
3 16 134 1
3 17 1 20
3 20 33 1
3 24 57 4
3 25 8 2
4 1 10 15
4 2 1 2
4 3 2 8
4 5 35 28
4 7 2 1
4 8 238 1
4 9 19 1
4 11 219 1
4 15 91 5
4 17 17 1
4 18 151 2
4 20 1 24
4 22 35 1
4 27 9 3
5 0 19 24
5 1 92 24
5 2 54 29
5 3 18 24
5 4 368 24
5 6 11 2
5 7 1 28
5 8 32 7
5 9 94 15
5 10 7 14
5 12 2 6
5 16 34 20
5 17 1 8
5 18 2 20
5 20 102 8
5 24 57 5
6 0 3 27
6 1 337 1
6 3 167 1
6 4 230 1
6 5 13 4
6 7 4 15
6 8 439 6
6 8 91 27
6 9 90 1
6 11 9 21
6 12 228 2
6 15 30 2
6 16 1 10
6 17 46 1
6 18 23 4
6 20 18 1
6 21 1 7
7 0 432 8
7 1 322 1
7 2 3 15
7 3 310 13
7 6 26 1
7 8 349 1
7 9 92 13
7 11 44 22
7 14 1 24
7 15 1 17
7 17 5 7
7 24 43 2
7 25 143 12
7 26 1 17
7 27 1 8
8 0 17 21
8 1 20 28
8 2 205 2
8 3 16 10
8 4 3 16
8 5 14 20
8 9 23 24
8 10 88 17
8 11 10 2
8 12 3 26
8 13 36 3
8 14 39 1
8 15 201 1
8 16 18 14
8 18 1 13
8 19 76 17
8 23 5 26
8 24 18 1
8 25 115 2
8 27 87 5
9 1 2 6
9 4 91 1
9 5 7 26
9 6 86 1
9 8 5 28
9 10 10 5
9 11 78 1
9 12 26 1
9 13 1 2
9 16 57 5
9 17 6 1
9 18 106 3
9 21 47 1
9 22 1 19
9 24 92 9
10 1 1 1
10 2 107 26
10 3 1 12
10 4 1 4
10 5 2 3
10 6 143 1
10 7 2 10
10 8 240 1
10 9 28 1
10 11 144 1
10 14 10 28
10 15 2 26
10 16 103 13
10 17 81 3
10 20 103 2
10 22 157 1
10 24 73 6
10 27 119 1
11 0 130 1
11 2 1 6
11 3 1 16
11 4 1 4
11 5 3 15
11 6 74 18
11 7 10 2
11 8 6 7
11 9 7 17
11 12 2 20
11 13 26 8
11 14 143 1
11 15 32 5
11 16 2 23
11 17 12 7
11 19 2 15
11 20 45 1
11 23 72 1
11 24 22 1
11 26 91 2
11 27 202 1
12 1 163 3
12 3 1 1
12 5 15 9
12 6 2 17
12 7 121 1
12 9 334 15
12 11 2 11
12 13 133 1
12 14 64 1
12 15 2 21
12 17 1 1
12 21 68 2
12 22 16 19
12 23 2 3
12 26 55 6
13 6 1 20
13 7 2 12
13 8 9 28
13 10 44 21
13 11 1 19
13 12 8 22
13 14 20 1
13 17 9 1
13 22 1 10
14 0 63 2
14 2 1 1
14 3 6 16
14 4 44 3
14 6 18 2
14 7 38 1
14 8 1 3
14 9 102 1
14 10 3 2
14 11 1 18
14 13 4 1
14 15 5 25
14 18 5 19
14 20 1 10
14 24 1 21
14 25 2 25
15 0 1 28
15 3 1 18
15 4 84 1
15 7 381 1
15 11 2 11
15 12 6 4
15 14 7 23
15 16 33 2
15 18 1 8
15 25 19 11
16 0 60 17
16 1 39 8
16 3 88 27
16 5 18 3
16 7 68 1
16 8 62 22
16 13 14 3
16 17 2 6
16 18 70 1
16 20 83 1
16 22 10 7
16 24 18 10
17 0 215 1
17 1 11 23
17 4 1 28
17 6 313 1
17 7 7 19
17 8 5 2
17 10 50 2
17 11 190 3
17 16 2 23
17 20 146 2
17 21 1 15
17 22 69 9
18 1 1 2
18 4 336 1
18 7 92 1
18 12 10 2
18 15 1 11
18 17 3 22
18 26 1 21
19 0 27 1
19 3 1 20
19 7 83 2
19 8 54 3
19 11 97 5
19 15 7 16
19 18 12 24
19 20 6 6
20 0 257 1
20 1 176 1
20 2 157 2
20 8 256 27
20 9 5 17
20 10 8 2
20 12 1 22
20 14 1 23
20 16 1 26
20 19 81 1
21 4 1 4
21 9 1 29
21 14 15 1
21 24 21 2
22 1 1 21
22 9 59 1
22 10 27 3
22 11 1 24
22 16 2 6
22 21 1 20
22 23 1 2
22 25 3 4
22 26 1 10
23 2 1 24
23 7 126 2
23 15 3 1
23 18 1 11
23 21 1 16
23 22 8 8
24 0 56 26
24 1 57 28
24 3 19 2
24 5 18 1
24 7 151 1
24 8 27 29
24 9 54 5
24 10 1 12
24 11 408 1
24 13 14 15
24 16 26 29
24 22 27 22
25 7 269 1
25 9 4 1
25 10 14 2
25 11 3 22
25 13 2 4
25 14 2 15
25 16 26 18
25 18 27 1
25 21 6 6
25 22 14 8
25 26 2 29
26 11 139 1
26 17 1 28
26 24 6 23
26 27 52 1
27 16 17 5
27 21 16 25
27 24 14 1
27 26 18 1
