0 1 41 24
0 2 119 1
0 3 137 5
0 4 1 20
0 5 104 16
0 6 379 2
0 7 1 11
0 8 122 6
0 9 29 1
0 10 91 2
0 13 3 19
0 14 62 1
0 16 67 15
0 17 2 9
0 18 1 15
0 19 2 10
0 20 1 4
0 24 14 7
0 25 11 4
1 0 18 4
1 2 17 1
1 3 14 16
1 4 5 14
1 5 33 24
1 6 16 1
1 7 3 27
1 8 175 17
1 9 209 1
1 10 1 18
1 12 6 6
1 14 145 1
1 16 15 22
1 17 36 1
1 18 191 2
1 21 11 3
1 23 1 25
1 24 118 27
1 26 17 7
1 27 97 4
2 0 18 11
2 1 1 21
2 3 2 23
2 5 2 14
2 6 2 19
2 8 220 1
2 10 1 3
2 11 7 9
2 12 77 1
2 13 6 3
2 14 6 10
2 17 242 2
2 20 85 1
2 23 1 4
3 0 16 22
3 1 100 10
3 2 6 27
3 5 49 27
3 6 3 16
3 7 13 1
3 8 49 2
3 9 8 10
3 11 1 21
3 12 35 1
3 15 5 28
3 16 14 13
3 17 1 8
3 20 30 2
3 22 21 1
3 23 3 20
3 24 68 25
4 1 2 3
4 3 16 17
4 5 4 1
4 7 1 8
4 8 212 1
4 9 15 1
4 10 386 1
4 11 217 1
4 12 2 27
4 16 16 1
4 17 15 2
5 0 94 23
5 1 14 9
5 2 3 14
5 3 14 2
5 4 88 1
5 6 14 15
5 7 1 22
5 8 163 28
5 9 6 12
5 10 1 5
5 12 3 18
5 13 8 28
5 14 1 23
5 16 32 4
5 19 6 3
5 24 36 25
6 0 10 7
6 1 100 1
6 2 6 19
6 3 161 1
6 4 215 1
6 5 17 1
6 7 2 20
6 8 73 27
6 8 45 18
6 8 214 1
6 8 302 13
6 9 69 7
6 14 191 1
6 18 22 1
6 20 17 16
6 24 2 27
7 1 319 1
7 2 2 22
7 3 12 1
7 4 9 1
7 6 20 1
7 8 321 27
7 9 11 16
7 10 219 1
7 11 272 28
7 14 54 27
7 15 5 2
7 18 1 1
7 19 1 23
7 20 5 1
7 23 18 23
7 25 95 1
7 26 36 8
8 0 378 19
8 1 90 8
8 2 183 1
8 3 143 13
8 4 4 5
8 5 290 2
8 6 4 12
8 9 1 4
8 10 213 23
8 11 7 1
8 14 33 1
8 15 198 1
8 16 15 12
8 20 50 1
8 23 1 19
8 24 129 16
9 1 35 29
9 4 83 1
9 5 7 11
9 6 59 1
9 8 8 2
9 10 30 23
9 11 74 1
9 12 20 1
9 14 165 1
9 15 121 3
9 16 56 4
9 18 104 2
9 19 49 1
9 23 1 3
10 1 11 7
10 2 11 7
10 3 7 21
10 4 11 18
10 5 1 10
10 6 128 1
10 7 2 14
10 8 27 1
10 9 129 1
10 11 129 1
10 12 16 1
10 14 6 29
10 15 1 3
10 18 88 27
10 20 101 1
10 22 154 2
10 23 1 1
10 24 74 27
10 25 3 26
11 0 126 1
11 1 52 1
11 2 35 21
11 3 7 2
11 5 1 10
11 6 7 3
11 7 55 29
11 9 2 20
11 10 3 8
11 12 1 18
11 13 4 20
11 14 134 1
11 15 5 9
11 17 6 11
11 21 65 3
11 23 67 1
11 24 18 1
11 26 90 1
11 27 200 1
12 1 161 1
12 2 82 2
12 4 1 27
12 5 4 27
12 6 10 25
12 7 119 1
12 9 4 11
12 11 40 16
12 13 128 1
12 14 62 1
12 16 3 24
12 18 7 20
12 21 66 1
12 22 1 16
12 26 55 9
13 1 108 14
13 6 3 11
13 7 147 2
13 8 18 27
13 10 3 20
13 11 14 5
13 12 17 23
13 14 68 1
13 22 2 2
13 25 3 2
14 4 43 1
14 5 18 1
14 6 16 1
14 7 35 1
14 8 8 27
14 9 98 1
14 10 4 19
14 11 318 1
14 17 2 9
14 18 1 8
14 22 1 5
15 1 95 2
15 3 1 21
15 4 83 4
15 6 4 3
15 7 378 2
15 8 115 22
15 11 384 22
15 12 2 12
15 14 1 8
15 17 37 4
15 20 93 10
15 26 21 7
16 0 93 29
16 1 63 22
16 3 15 17
16 5 14 16
16 6 99 1
16 8 286 13
16 12 4 8
16 17 3 8
16 18 64 1
16 24 15 28
17 0 210 1
17 1 2 5
17 2 2 3
17 3 10 4
17 4 3 1
17 5 123 29
17 6 309 2
17 7 1 8
17 8 2 6
17 10 49 1
17 14 46 2
17 15 39 5
17 16 8 28
17 20 145 1
18 1 1 12
18 2 1 3
18 4 326 1
18 5 5 1
18 8 5 1
18 9 145 3
18 14 20 19
18 15 2 6
18 20 108 15
18 26 3 10
19 0 18 1
19 1 4 23
19 4 1 13
19 5 1 22
19 6 25 3
19 7 81 2
19 10 1 7
19 17 70 1
19 20 8 27
19 25 16 20
20 0 251 1
20 1 33 1
20 2 155 2
20 4 1 21
20 8 8 1
20 9 3 3
20 11 1 20
20 12 1 3
20 16 1 21
20 18 1 29
20 19 306 1
20 23 3 27
21 0 14 1
21 1 58 7
21 10 2 11
21 12 47 2
21 16 2 2
21 24 21 1
22 2 5 21
22 6 12 19
22 8 50 4
22 10 25 2
22 11 1 26
22 16 2 17
23 0 2 5
23 1 1 24
23 3 2 13
23 7 123 1
23 16 22 9
23 19 8 3
24 0 14 2
24 1 44 10
24 3 124 29
24 4 1 1
24 5 49 24
24 7 146 1
24 8 14 2
24 9 53 1
24 10 1 13
24 11 402 1
24 15 8 9
24 16 64 21
24 19 1 19
24 20 22 8
24 23 7 1
24 26 1 25
25 0 1 21
25 7 262 1
25 10 12 2
25 11 3 12
25 13 1 5
25 14 5 22
25 15 19 22
25 18 27 4
25 21 6 8
25 27 61 2
26 2 8 3
26 20 2 12
26 24 7 28
26 27 48 1
27 7 13 23
27 8 4 18
27 11 176 11
27 12 17 4
27 16 1 28
27 19 1 11
27 24 13 7
27 25 14 4
27 26 32 1
