0 1 36 3
0 2 117 1
0 3 14 2
0 4 2 1
0 5 13 12
0 6 378 1
0 7 8 6
0 8 12 28
0 10 90 2
0 12 2 7
0 16 12 14
0 17 1 3
0 20 49 13
0 24 27 9
1 0 308 14
1 2 13 1
1 3 12 22
1 4 37 10
1 5 14 19
1 6 14 1
1 7 33 27
1 8 11 10
1 9 207 1
1 10 22 11
1 12 1 14
1 15 19 16
1 16 73 28
1 17 31 1
1 18 190 1
1 24 209 14
2 0 2 15
2 1 2 28
2 3 1 12
2 4 3 5
2 6 10 22
2 7 1 15
2 8 211 1
2 10 43 20
2 11 1 28
2 17 241 19
2 18 1 24
2 20 84 1
2 21 8 28
3 0 72 23
3 1 36 22
3 2 9 24
3 5 46 12
3 6 2 11
3 7 11 1
3 8 315 15
3 9 48 13
3 10 2 1
3 11 23 6
3 15 14 6
3 16 157 7
3 20 29 1
3 24 33 23
4 1 7 7
4 2 2 24
4 3 41 23
4 5 4 23
4 8 209 1
4 11 216 2
4 12 2 10
4 15 90 1
4 17 14 2
4 18 151 2
4 21 7 8
4 24 2 14
5 0 13 14
5 1 43 8
5 2 4 7
5 3 27 9
5 4 84 1
5 6 43 21
5 7 3 19
5 8 62 11
5 9 48 8
5 10 308 27
5 12 87 2
5 16 69 14
5 17 2 28
5 20 103 29
5 21 1 23
5 24 129 28
5 25 27 23
5 26 5 1
6 0 2 2
6 1 91 1
6 2 151 23
6 3 159 1
6 4 210 1
6 5 9 1
6 7 24 24
6 8 307 4
6 9 65 1
6 10 1 2
6 11 31 1
6 12 222 1
6 14 191 1
6 15 28 4
6 25 130 2
6 26 10 23
7 0 432 1
7 2 2 27
7 3 9 1
7 5 1 6
7 6 18 2
7 8 230 1
7 9 1 9
7 10 215 1
7 11 62 8
7 14 4 13
7 15 7 21
7 24 39 1
7 25 93 1
7 26 4 4
7 27 2 2
8 0 44 13
8 1 37 18
8 2 194 1
8 3 49 10
8 4 8 22
8 5 337 16
8 6 5 18
8 10 141 1
8 11 6 2
8 12 1 4
8 13 33 1
8 14 31 1
8 16 93 13
8 17 5 5
8 18 29 2
8 19 2 28
8 21 1 22
8 23 1 25
8 24 69 13
8 25 112 1
9 1 191 14
9 4 80 1
9 5 7 7
9 6 51 1
9 8 9 8
9 10 26 19
9 11 72 1
9 12 19 1
9 18 103 2
9 19 48 5
9 21 45 8
9 24 2 28
9 27 18 9
10 0 1 27
10 1 1 28
10 3 1 10
10 4 2 9
10 5 5 22
10 6 123 1
10 7 1 7
10 8 360 1
10 9 121 1
10 11 124 1
10 14 219 18
10 15 1 8
10 16 21 29
10 17 78 3
10 18 2 27
10 19 46 2
10 22 154 1
10 27 117 2
11 0 124 2
11 1 51 1
11 2 3 24
11 3 10 5
11 4 1 25
11 5 1 6
11 6 1 16
11 7 56 12
11 8 88 8
11 9 2 12
11 10 2 28
11 12 2 14
11 13 29 15
11 14 131 1
11 15 5 20
11 19 1 2
11 20 42 2
11 22 2 24
11 23 65 1
11 24 16 1
11 26 89 2
12 1 161 1
12 2 82 3
12 4 11 9
12 5 1 9
12 6 5 13
12 7 118 3
12 8 35 1
12 9 1 20
12 13 44 1
12 14 61 1
12 17 1 21
12 27 29 4
13 2 14 16
13 4 1 19
13 6 3 14
13 7 153 19
13 8 2 26
13 10 6 25
13 11 4 28
13 12 15 8
13 14 67 1
13 21 1 26
13 22 2 18
13 25 3 7
14 3 4 7
14 4 42 1
14 6 15 1
14 7 34 1
14 8 35 20
14 9 97 1
14 10 7 6
14 11 315 1
14 12 1 10
14 15 35 1
14 20 4 20
14 21 1 27
14 23 5 7
15 1 95 4
15 7 378 1
15 11 177 14
15 12 1 15
15 14 17 27
15 18 3 8
15 23 2 6
16 0 29 11
16 1 70 25
16 3 12 12
16 4 4 4
16 5 13 10
16 8 13 10
16 11 110 1
16 12 2 29
16 17 4 19
16 18 61 1
16 19 1 9
16 24 118 3
17 0 208 1
17 1 2 25
17 2 3 13
17 6 308 1
17 7 1 4
17 8 14 4
17 9 1 19
17 10 48 2
17 11 188 4
17 12 1 7
17 14 46 1
17 16 8 8
17 18 29 1
17 19 1 18
17 24 26 21
18 1 164 13
18 4 323 1
18 7 90 4
18 16 1 1
18 17 1 28
18 25 38 29
19 0 15 1
19 5 8 17
19 7 81 1
19 8 52 4
19 9 42 3
19 10 3 3
19 13 7 13
19 15 3 3
19 18 1 14
19 20 6 8
19 26 3 20
20 0 249 1
20 2 154 1
20 3 1 2
20 4 2 15
20 5 111 7
20 8 7 1
20 9 82 12
20 11 2 19
20 16 90 28
20 19 299 1
20 24 1 29
21 0 14 4
21 8 53 3
21 9 15 28
21 10 1 29
21 12 46 1
21 16 2 16
21 18 30 27
22 6 1 11
22 10 25 1
22 12 67 1
22 13 1 18
23 3 1 23
23 7 122 3
23 8 15 3
23 10 1 12
23 13 4 1
23 17 62 5
23 18 24 9
23 22 8 1
24 0 47 23
24 1 13 16
24 3 12 14
24 5 13 15
24 7 144 1
24 8 42 17
24 10 8 24
24 11 401 1
24 16 12 6
24 27 1 6
25 1 87 1
25 6 3 1
25 7 260 1
25 10 12 1
25 11 3 17
25 17 5 9
25 22 14 9
25 23 19 20
25 26 1 25
25 27 61 1
26 4 3 7
26 17 49 4
26 21 16 23
26 22 3 27
26 23 20 8
26 24 1 14
26 27 47 1
27 7 1 23
27 8 1 12
27 10 29 1
27 12 31 22
27 16 18 1
27 22 11 6
27 26 30 2
