0 1 383 4
0 1 206 13
0 2 113 1
0 3 148 6
0 4 2 28
0 5 10 5
0 6 376 1
0 7 2 3
0 8 205 29
0 9 28 1
0 10 89 1
0 11 6 18
0 13 2 29
0 14 62 2
0 15 80 4
0 16 10 20
0 17 3 12
0 19 30 12
0 20 2 5
0 24 10 20
0 25 10 4
0 26 52 10
0 27 1 4
1 0 95 26
1 2 9 1
1 3 30 10
1 4 4 14
1 5 25 1
1 6 11 1
1 7 31 24
1 8 225 25
1 9 204 1
1 10 1 26
1 11 272 1
1 12 11 12
1 14 144 7
1 15 1 8
1 16 27 7
1 17 187 1
1 18 188 2
1 19 10 12
1 20 4 29
1 24 55 1
1 27 97 1
2 0 4 13
2 1 1 26
2 3 5 7
2 5 8 20
2 6 4 3
2 7 1 28
2 8 198 1
2 10 8 2
2 12 76 2
2 17 2 3
2 18 37 13
2 20 82 2
2 24 5 2
3 0 62 6
3 1 53 1
3 2 13 13
3 5 10 22
3 6 1 22
3 7 8 1
3 8 135 10
3 10 5 6
3 11 6 13
3 16 30 16
3 19 69 24
3 23 1 24
3 24 89 17
3 26 41 6
4 1 5 17
4 2 26 1
4 3 4 8
4 5 25 15
4 6 2 23
4 8 205 1
4 9 12 1
4 10 384 1
4 11 215 1
4 12 1 21
4 13 1 29
4 16 14 4
4 17 13 2
4 18 150 13
4 27 8 2
5 0 68 8
5 1 50 3
5 2 9 7
5 3 9 2
5 4 77 1
5 6 31 5
5 7 2 13
5 8 11 15
5 9 5 28
5 10 1 9
5 11 1 2
5 14 2 13
5 16 168 4
5 17 57 15
5 18 1 25
5 24 40 13
5 25 5 11
6 0 2 15
6 1 78 1
6 2 95 2
6 3 156 1
6 4 158 1
6 5 2 1
6 7 9 28
6 8 16 2
6 9 55 1
6 10 1 7
6 11 345 1
6 12 220 1
6 14 189 1
6 17 40 2
6 18 20 1
7 0 431 2
7 1 316 1
7 2 7 11
7 3 333 1
7 4 8 1
7 6 16 1
7 8 216 1
7 9 1 5
7 10 210 1
7 11 6 25
7 13 150 1
7 14 13 28
7 15 10 5
7 21 40 1
7 23 89 10
7 24 37 2
7 25 89 19
7 26 4 4
8 0 9 4
8 1 12 20
8 2 182 1
8 3 25 29
8 4 6 12
8 5 13 14
8 6 7 9
8 10 115 1
8 11 5 3
8 12 1 24
8 13 32 1
8 14 190 1
8 15 196 1
8 16 90 3
8 20 48 2
8 24 10 2
8 25 110 1
9 1 17 24
9 2 28 28
9 4 75 1
9 5 7 3
9 6 37 1
9 8 3 27
9 10 63 26
9 11 70 1
9 12 16 1
9 14 12 1
9 16 56 1
9 18 102 1
9 22 1 11
10 0 1 8
10 1 19 28
10 2 15 4
10 3 2 22
10 4 1 6
10 5 6 21
10 6 116 1
10 7 3 22
10 8 350 1
10 9 109 1
10 11 117 1
10 14 2 23
10 15 8 26
10 17 77 2
10 18 4 26
10 22 152 2
10 25 1 21
10 27 116 4
11 0 122 1
11 1 49 2
11 2 1 18
11 3 6 24
11 5 2 12
11 6 10 6
11 7 12 10
11 8 1 16
11 9 2 4
11 10 2 16
11 12 1 22
11 13 1 13
11 14 126 1
11 15 5 25
11 17 4 5
11 18 12 4
11 19 2 17
11 20 41 4
11 23 63 1
11 24 14 2
11 27 38 7
12 2 82 1
12 4 6 21
12 5 49 9
12 6 1 25
12 7 117 1
12 8 34 2
12 9 4 9
12 11 11 24
12 13 41 1
12 14 59 1
12 15 8 17
12 20 44 4
13 0 73 15
13 3 4 14
13 4 67 28
13 5 1 7
13 10 1 19
13 11 16 9
13 12 1 25
13 14 84 1
13 20 52 3
13 27 2 23
14 0 61 6
14 1 9 1
14 6 13 3
14 7 33 1
14 8 4 5
14 9 95 2
14 10 49 14
14 11 311 1
14 15 34 1
14 18 1 29
14 20 1 27
14 21 16 28
14 22 1 4
14 23 1 29
14 24 2 10
14 25 20 20
15 3 11 26
15 7 376 1
15 8 1 17
15 9 34 1
15 11 71 6
15 12 1 26
15 13 6 27
15 14 1 22
15 16 32 19
15 25 19 4
16 0 10 20
16 1 10 20
16 3 162 18
16 5 127 22
16 6 98 1
16 7 66 3
16 8 32 26
16 10 135 1
16 15 4 7
16 17 5 17
16 18 58 1
16 20 82 1
16 24 240 5
16 25 24 7
17 0 205 1
17 1 4 28
17 2 1 7
17 3 9 2
17 4 206 17
17 6 306 2
17 8 1 10
17 9 79 14
17 10 47 1
17 15 39 2
17 16 1 12
17 18 28 3
18 0 5 8
18 1 1 1
18 4 317 1
18 15 9 25
19 0 10 1
19 6 24 4
19 7 80 1
19 9 42 3
19 10 13 5
19 14 18 16
19 15 3 16
19 17 68 1
19 20 27 19
20 0 246 1
20 2 153 2
20 4 1 24
20 10 6 9
20 17 57 2
20 18 2 10
20 19 289 1
20 25 6 6
21 2 4 3
21 8 52 6
21 10 5 9
21 12 45 1
21 13 6 3
21 22 13 10
21 23 1 1
21 25 1 5
22 6 3 18
22 8 49 3
22 10 24 1
22 12 66 2
22 17 2 6
22 21 1 3
23 0 2 20
23 4 80 5
23 6 83 1
23 7 121 1
23 8 15 4
23 14 4 5
23 18 1 7
23 27 4 5
24 0 43 23
24 1 28 10
24 3 112 8
24 5 10 12
24 7 142 1
24 8 9 12
24 9 53 1
24 10 1 28
24 11 398 1
24 16 10 17
24 22 4 5
24 25 1 10
24 27 1 22
25 1 86 1
25 3 2 19
25 4 62 2
25 6 2 8
25 7 257 1
25 11 2 21
25 13 1 20
25 14 3 16
25 18 27 10
25 24 5 10
25 26 11 12
25 27 59 2
26 4 2 3
26 6 7 8
26 17 1 12
26 23 3 9
26 25 1 20
26 27 45 1
27 1 9 2
27 2 13 2
27 4 2 7
27 5 35 13
27 7 1 16
27 8 95 4
27 10 29 1
27 12 17 13
27 20 1 19
27 23 2 26
27 25 70 1
27 26 28 1
