0 1 6 1
0 2 114 1
0 3 8 28
0 4 281 1
0 5 13 26
0 6 54 1
0 7 2 12
0 8 10 23
0 9 4 18
0 10 5 14
0 14 1 5
0 15 1 13
0 16 10 6
0 17 1 15
0 19 1 3
0 20 5 21
0 24 10 9
1 0 5 6
1 2 16 1
1 3 27 25
1 4 87 1
1 5 13 22
1 6 306 1
1 7 102 1
1 8 7 20
1 9 1 14
1 10 238 1
1 11 3 21
1 12 86 1
1 15 30 3
1 16 9 13
1 17 55 1
1 18 14 29
1 19 173 1
1 24 10 1
1 25 6 7
2 0 1 7
2 3 4 21
2 4 3 24
2 6 1 11
2 8 7 27
2 9 19 2
2 10 2 5
2 12 1 19
2 16 64 3
2 17 58 2
2 20 3 27
2 22 18 16
2 26 29 8
2 27 1 11
3 0 7 8
3 1 11 21
3 2 2 26
3 4 14 24
3 5 10 15
3 6 1 11
3 7 182 1
3 8 11 19
3 10 126 1
3 12 2 28
3 14 1 8
3 15 29 5
3 16 10 27
3 18 83 6
3 20 1 2
3 24 76 7
4 0 1 2
4 1 85 1
4 2 252 1
4 3 233 2
4 5 393 1
4 6 47 1
4 7 165 1
4 8 118 1
4 10 1 1
4 11 7 8
4 12 233 1
4 16 1 12
4 17 2 2
4 18 16 22
4 19 146 1
4 20 137 1
4 24 42 2
4 25 75 2
4 27 69 13
5 0 10 13
5 1 8 2
5 2 98 1
5 3 10 13
5 6 17 10
5 8 12 4
5 9 5 7
5 12 203 1
5 14 50 3
5 16 10 9
5 17 41 1
5 18 1 5
5 24 34 11
5 26 26 15
6 1 3 22
6 2 1 23
6 4 171 1
6 5 19 20
6 7 20 26
6 8 194 1
6 9 6 12
6 10 46 1
6 11 40 1
6 15 3 11
6 17 2 14
6 24 2 12
6 25 1 1
6 27 98 8
7 0 153 1
7 1 33 1
7 2 1 3
7 3 4 17
7 4 6 9
7 5 10 4
7 6 1 9
7 8 42 15
7 9 261 1
7 10 1 10
7 11 26 28
7 12 1 5
7 15 1 1
7 20 303 1
7 24 2 14
7 25 87 1
8 0 11 29
8 1 14 10
8 2 4 21
8 3 9 19
8 4 2 20
8 5 14 4
8 6 24 1
8 7 181 1
8 9 1 1
8 10 3 11
8 11 12 11
8 13 1 8
8 14 34 1
8 16 9 16
8 17 1 11
8 19 1 15
8 20 4 10
8 24 10 8
8 25 1 27
8 26 2 14
9 1 300 1
9 2 1 4
9 3 160 10
9 4 35 1
9 5 121 1
9 6 4 4
9 7 2 13
9 8 5 25
9 10 103 23
9 11 2 14
9 12 131 1
9 14 74 2
9 18 3 22
9 19 1 28
9 20 1 5
9 21 1 18
9 23 31 1
9 25 1 20
10 1 353 1
10 2 363 1
10 3 3 20
10 4 218 1
10 5 246 26
10 6 27 24
10 8 1 6
10 9 186 19
10 11 234 1
10 12 1 26
10 13 45 17
10 14 114 1
10 15 2 26
10 17 1 22
10 22 1 24
10 24 35 1
10 25 132 1
10 26 1 12
11 0 4 19
11 1 2 20
11 2 271 14
11 3 392 2
11 6 392 2
11 7 17 18
11 8 117 1
11 9 258 1
11 10 1 2
11 13 246 2
11 14 132 1
11 15 99 11
11 16 1 6
11 19 1 18
11 22 103 1
11 24 35 1
12 1 5 15
12 4 48 2
12 5 210 2
12 6 164 1
12 7 1 19
12 8 1 27
12 9 2 4
12 10 2 14
12 11 57 1
12 13 183 1
12 17 48 1
12 18 39 2
13 0 51 27
13 2 3 2
13 5 28 11
13 6 112 2
13 7 17 1
13 8 187 2
13 10 1 20
13 12 1 14
13 16 9 2
13 27 3 22
14 0 2 29
14 2 6 2
14 4 1 11
14 7 66 28
14 10 7 1
14 11 318 1
14 13 1 5
14 15 6 3
14 17 86 2
15 2 1 22
15 6 5 7
15 7 385 1
15 10 276 1
15 11 143 10
15 12 29 1
15 13 28 9
15 14 16 3
15 17 1 2
15 23 1 21
16 0 16 14
16 1 10 4
16 3 10 9
16 5 10 20
16 6 1 14
16 8 10 25
16 9 63 4
16 10 85 26
16 11 1 6
16 17 1 5
16 18 105 1
16 19 1 27
16 22 26 10
16 23 1 26
16 24 10 13
16 26 27 1
17 1 2 12
17 4 24 1
17 7 35 1
17 9 1 9
17 10 257 10
17 11 5 4
17 12 61 3
17 16 43 19
17 18 1 20
17 22 41 15
17 24 1 15
17 26 56 16
18 3 1 25
18 4 324 1
18 5 5 9
18 6 6 10
18 9 1 27
18 10 2 10
18 16 14 1
18 17 18 4
18 27 25 19
19 0 305 1
19 3 20 3
19 8 2 7
19 11 1 20
19 20 290 1
20 1 6 18
20 3 1 4
20 4 86 1
20 5 1 22
20 6 188 3
20 7 301 2
20 8 1 28
20 10 213 2
20 11 2 28
20 16 3 21
20 24 1 2
21 0 52 1
21 20 1 22
21 27 11 8
22 1 3 1
22 3 22 21
22 9 1 24
22 10 3 14
22 12 1 5
22 13 11 1
22 17 42 4
22 24 3 18
23 4 1 24
23 6 1 25
23 7 31 18
23 8 1 2
23 11 2 26
23 15 25 1
23 20 30 1
23 22 1 17
24 0 10 9
24 1 10 29
24 3 15 23
24 5 10 21
24 7 1 19
24 8 14 12
24 10 158 1
24 11 424 1
24 16 38 4
24 23 38 2
24 25 13 7
24 26 38 2
25 0 100 1
25 1 1 29
25 7 110 1
25 9 1 16
25 10 4 28
25 11 39 1
25 14 41 2
25 15 41 2
25 16 4 16
25 22 4 10
25 24 30 27
25 27 87 4
26 5 16 2
26 7 33 1
26 8 65 4
26 9 41 21
26 10 1 5
26 11 1 3
26 13 14 2
26 14 1 15
26 24 55 2
26 25 52 9
27 5 1 9
27 7 169 2
27 10 1 25
27 11 47 1
27 13 13 8
27 14 15 1
27 19 13 3
27 24 2 5
27 26 3 21
