0 1 337 1
0 2 82 1
0 3 32 1
0 4 3 24
0 5 65 1
0 6 356 1
0 7 2 18
0 8 71 6
0 9 21 1
0 10 76 1
0 16 246 1
0 17 1 1
0 18 168 24
0 19 168 1
0 20 2 24
0 24 8 19
0 27 6 28
1 0 440 1
1 2 1 22
1 3 25 1
1 4 4 26
1 5 171 1
1 8 338 5
1 9 177 1
1 10 2 9
1 11 32 2
1 12 1 6
1 16 40 2
1 17 53 5
1 19 13 17
1 24 49 1
1 25 2 23
1 27 95 18
2 0 2 3
2 1 4 3
2 3 4 2
2 5 1 8
2 7 1 16
2 8 98 1
2 10 1 23
2 11 1 19
2 12 71 4
2 20 71 1
2 23 1 21
2 24 3 5
3 0 84 1
3 1 155 1
3 2 5 26
3 5 196 1
3 6 1 15
3 8 56 1
3 10 177 16
3 11 2 19
3 12 30 1
3 14 49 1
3 16 385 1
3 17 182 3
3 18 30 2
3 20 16 1
3 24 132 6
4 1 14 8
4 2 1 1
4 3 1 19
4 5 4 20
4 6 2 25
4 7 1 6
4 8 189 1
4 10 372 1
4 11 205 1
4 14 26 1
4 15 86 1
4 17 6 1
4 18 2 1
5 0 4 4
5 1 363 1
5 3 87 1
5 4 43 1
5 6 96 12
5 8 124 1
5 9 8 3
5 10 11 22
5 12 6 24
5 16 69 1
5 17 57 21
5 20 107 18
5 22 9 6
5 24 95 1
6 0 1 8
6 1 296 1
6 3 130 1
6 4 118 1
6 5 12 5
6 7 9 12
6 8 75 1
6 9 24 1
6 10 1 2
6 11 341 7
6 12 198 1
6 13 16 1
6 14 179 1
6 15 22 2
6 16 1 19
6 17 27 1
6 21 67 2
6 25 125 1
6 26 1 9
7 0 17 1
7 1 106 1
7 2 11 12
7 3 292 1
7 4 4 1
7 6 3 3
7 8 294 1
7 9 1 16
7 10 168 1
7 14 1 11
7 15 1 27
7 16 1 4
7 17 2 1
7 19 37 1
7 20 8 22
7 22 1 14
7 24 24 1
7 25 79 1
8 0 3 14
8 1 411 1
8 2 85 1
8 3 171 1
8 4 38 1
8 5 72 1
8 6 35 20
8 7 2 9
8 10 156 1
8 13 24 1
8 14 162 15
8 15 185 1
8 16 39 1
8 17 1 3
8 18 33 28
8 23 140 26
8 24 17 5
8 25 98 1
8 27 79 1
9 1 8 4
9 3 1 22
9 4 43 1
9 5 6 17
9 6 20 1
9 8 1 17
9 10 69 21
9 11 52 1
9 14 10 18
9 15 114 1
9 20 1 2
9 23 13 1
9 27 16 3
10 1 1 29
10 2 68 7
10 3 1 7
10 4 1 4
10 5 56 27
10 6 62 1
10 7 36 26
10 8 253 1
10 9 42 1
10 11 63 1
10 13 1 12
10 14 85 3
10 15 9 1
10 16 21 24
10 18 4 29
10 22 142 2
10 23 2 13
10 24 1 25
10 25 6 19
10 26 1 20
10 27 110 1
11 1 37 3
11 2 2 19
11 3 10 6
11 4 2 19
11 6 10 16
11 7 13 28
11 9 5 15
11 10 3 5
11 12 3 24
11 13 1 5
11 14 88 1
11 15 6 13
11 18 9 11
11 22 1 12
11 23 58 1
11 25 5 13
11 27 193 1
12 0 114 10
12 1 150 1
12 4 1 21
12 6 1 18
12 7 109 1
12 8 24 2
12 9 1 17
12 10 1 22
12 11 8 28
12 13 19 1
12 15 11 18
12 18 6 25
12 21 57 1
12 22 2 24
13 10 2 11
13 12 19 16
13 15 14 8
13 17 9 6
13 18 2 23
13 21 5 2
13 22 3 20
13 27 3 25
14 0 57 3
14 1 6 2
14 3 1 14
14 5 14 7
14 6 9 2
14 7 21 1
14 8 1 7
14 9 79 1
14 10 146 11
14 11 271 1
14 15 33 2
14 16 8 1
14 19 5 2
14 20 1 14
14 23 1 12
14 24 1 17
14 27 19 3
15 1 90 1
15 3 13 25
15 4 78 4
15 7 370 1
15 9 91 2
15 10 125 1
15 11 80 1
15 12 2 6
15 16 31 16
15 20 91 4
15 26 1 10
16 0 44 3
16 1 25 27
16 3 59 3
16 5 144 1
16 6 91 3
16 8 18 17
16 10 132 3
16 12 2 18
16 13 13 2
16 15 1 14
16 17 3 15
16 18 34 1
16 24 101 2
17 1 11 7
17 2 1 20
17 3 5 2
17 4 2 4
17 6 289 1
17 8 2 2
17 9 1 29
17 10 39 2
17 12 3 12
17 13 39 10
17 16 17 29
17 19 5 16
17 20 138 1
17 23 68 2
17 26 66 8
18 3 7 19
18 4 271 1
18 7 83 1
18 8 1 5
18 9 142 2
18 11 93 3
18 15 6 10
18 17 12 26
18 21 2 6
18 22 29 1
18 23 26 1
18 25 38 8
19 0 108 1
19 1 1 2
19 4 117 18
19 7 71 3
19 8 45 4
19 9 39 4
19 10 10 3
19 12 1 21
19 20 2 22
20 0 220 1
20 1 170 1
20 4 23 28
20 7 1 15
20 12 1 4
20 14 1 14
20 16 1 15
20 19 198 1
20 24 1 11
21 0 13 1
21 8 50 1
21 9 4 7
21 10 1 9
21 11 107 2
21 12 38 1
21 23 5 1
22 0 11 3
22 6 1 14
22 7 8 4
22 9 53 1
22 10 17 2
22 11 2 13
22 12 57 3
22 21 2 3
23 0 1 16
23 1 2 29
23 6 79 4
23 7 109 2
23 8 11 2
23 11 1 12
23 12 71 5
23 14 12 15
23 19 8 26
24 0 62 22
24 1 219 20
24 3 178 1
24 5 20 22
24 8 28 1
24 10 1 11
24 11 366 1
24 15 5 4
24 16 33 1
24 20 1 28
24 23 34 1
24 25 1 2
24 27 3 19
25 4 58 2
25 7 226 1
25 11 8 2
25 15 3 2
25 24 3 2
25 26 2 13
25 27 48 2
26 0 7 13
26 1 57 1
26 8 1 13
26 9 7 17
26 11 128 3
26 17 55 9
26 21 16 2
26 25 1 28
26 27 31 1
27 6 4 1
27 7 1 7
27 19 1 3
27 23 2 2
27 26 11 1
