0 1 202 7
0 3 20 15
0 5 13 10
0 6 311 1
0 7 4 25
0 8 12 4
0 9 10 1
0 12 59 25
0 13 71 13
0 16 17 13
0 17 43 24
0 19 7 1
0 20 1 18
0 21 43 3
0 23 51 1
0 24 19 27
1 0 23 19
1 2 5 6
1 3 11 23
1 4 209 13
1 5 14 19
1 6 7 27
1 7 370 1
1 8 10 23
1 9 128 1
1 11 254 2
1 12 1 27
1 13 40 1
1 16 13 26
1 17 93 1
1 19 2 26
1 22 74 3
1 23 1 22
1 24 21 12
2 0 185 20
2 1 16 16
2 3 12 27
2 4 1 14
2 5 1 14
2 7 5 26
2 8 1 2
2 10 1 19
2 12 63 2
2 14 2 2
2 16 1 2
2 17 225 1
2 20 49 1
2 23 12 6
2 27 13 1
3 0 15 14
3 1 29 22
3 2 48 10
3 5 13 13
3 6 3 23
3 7 11 29
3 8 11 21
3 9 1 2
3 11 10 7
3 15 1 12
3 16 12 10
3 24 15 19
3 25 1 22
4 0 3 17
4 1 28 4
4 3 2 14
4 5 9 11
4 6 4 18
4 7 2 22
4 8 143 1
4 9 1 17
4 10 343 1
4 11 185 2
4 12 2 24
4 18 271 1
4 20 1 14
4 24 3 9
5 0 19 16
5 1 22 2
5 3 77 17
5 4 273 1
5 6 1 21
5 7 15 20
5 8 61 9
5 9 375 1
5 10 7 8
5 11 3 4
5 12 6 14
5 14 1 8
5 15 1 6
5 16 12 9
5 18 8 14
5 24 27 13
5 27 35 16
6 0 3 21
6 1 120 1
6 2 259 1
6 4 291 1
6 5 90 17
6 7 91 1
6 8 375 1
6 10 20 20
6 11 373 1
6 12 157 1
6 13 89 7
6 14 156 1
6 15 12 6
6 17 9 3
6 25 113 3
6 27 54 1
7 0 14 1
7 1 282 1
7 2 9 9
7 3 184 1
7 5 1 6
7 8 192 1
7 9 129 11
7 10 97 1
7 11 99 1
7 12 178 2
7 13 143 2
7 15 3 22
7 19 35 14
7 20 4 27
7 23 102 4
7 25 47 1
7 26 2 23
8 0 12 11
8 1 14 24
8 3 10 19
8 4 2 20
8 5 12 11
8 6 22 14
8 7 4 16
8 9 231 1
8 10 7 1
8 11 1 19
8 12 31 13
8 13 11 1
8 14 138 1
8 15 162 1
8 16 45 25
8 18 7 1
8 19 3 7
8 20 24 1
8 24 61 7
8 25 76 2
8 26 122 5
8 27 69 2
9 1 1 28
9 4 6 1
9 5 5 15
9 6 31 1
9 7 1 27
9 8 4 4
9 10 25 13
9 11 25 1
9 12 1 29
9 14 155 2
9 16 43 3
9 18 75 1
9 26 17 3
10 1 108 12
10 3 7 25
10 4 11 18
10 5 9 21
10 6 4 2
10 7 360 13
10 8 50 1
10 9 1 15
10 13 2 20
10 15 1 3
10 17 51 2
10 20 76 3
10 22 121 1
10 24 1 23
10 25 25 11
10 26 1 2
11 0 89 2
11 5 100 10
11 6 4 17
11 7 60 9
11 8 222 22
11 9 2 11
11 10 21 29
11 13 4 11
11 14 32 1
11 15 5 4
11 18 6 1
11 20 21 5
11 21 55 1
11 22 2 10
11 23 35 1
11 25 31 29
11 27 20 2
12 0 1 11
12 1 131 3
12 9 11 21
12 10 3 16
12 11 5 29
12 13 97 1
12 14 28 2
12 15 1 20
12 16 1 14
12 18 1 11
12 19 18 2
12 21 43 4
12 27 24 2
13 1 105 3
13 4 8 29
13 6 11 6
13 7 17 27
13 8 1 12
13 9 109 1
13 10 2 8
13 11 8 6
13 15 12 1
13 17 3 17
13 22 4 20
14 6 141 1
14 8 3 19
14 9 51 1
14 10 1 10
14 11 190 1
14 12 1 11
14 15 65 1
14 18 2 3
14 20 11 4
14 21 2 15
14 25 1 24
15 0 1 21
15 2 14 1
15 3 18 19
15 7 324 1
15 10 197 2
15 11 210 1
15 13 16 29
15 14 77 1
15 23 4 4
16 0 13 21
16 1 13 26
16 3 12 28
16 5 12 25
16 8 12 6
16 10 3 1
16 12 1 13
16 17 3 20
16 18 4 1
16 21 26 15
16 24 12 6
17 0 137 1
17 1 51 15
17 2 37 17
17 6 253 1
17 7 4 20
17 8 1 3
17 9 1 21
17 11 167 1
17 12 9 4
17 16 3 13
17 18 10 1
17 20 126 2
17 24 1 11
17 25 77 7
18 4 181 1
18 9 133 1
18 10 184 22
18 11 85 1
18 16 1 7
18 17 12 21
18 21 1 6
18 23 1 19
18 27 2 2
19 0 47 1
19 1 3 11
19 7 56 2
19 10 3 18
19 11 79 1
19 18 12 8
19 20 11 13
20 0 169 1
20 2 121 2
20 4 1 20
20 5 103 2
20 6 1 5
20 8 236 2
20 10 1 1
20 11 4 4
20 12 2 19
20 14 1 23
20 18 1 11
20 19 55 1
20 21 48 19
20 22 22 23
20 26 56 2
21 7 102 12
21 9 52 1
21 10 4 2
21 12 26 1
21 16 1 15
21 20 1 8
21 25 3 11
22 2 11 6
22 6 1 1
22 8 32 4
22 13 1 23
22 24 26 5
22 25 2 26
23 6 72 3
23 7 87 1
23 9 67 2
23 10 6 24
23 12 62 6
23 14 2 19
23 16 22 11
23 17 57 13
24 0 12 22
24 1 13 16
24 3 12 29
24 4 1 17
24 5 13 24
24 7 83 1
24 8 40 2
24 11 288 1
24 13 11 1
24 16 13 13
24 17 43 4
24 20 2 22
25 5 35 12
25 7 166 1
25 11 16 13
25 14 9 25
25 16 31 24
25 19 3 1
25 23 2 23
25 26 2 4
25 27 28 1
26 6 1 3
26 17 2 2
26 27 30 1
27 7 1 4
27 10 18 4
27 11 67 3
27 26 12 3
