0 1 16 24
0 2 28 1
0 3 34 2
0 4 14 26
0 5 19 23
0 6 301 1
0 7 2 4
0 8 26 2
0 9 8 1
0 10 50 1
0 15 63 1
0 16 31 2
0 17 2 1
0 18 6 2
0 20 1 21
0 21 43 1
0 23 50 1
0 24 19 20
0 27 1 18
1 0 17 12
1 2 18 8
1 3 16 22
1 4 10 23
1 5 20 24
1 6 3 13
1 8 30 8
1 9 119 1
1 10 1 12
1 11 20 1
1 12 2 28
1 14 135 4
1 16 19 17
1 17 84 1
1 18 139 2
1 19 1 28
1 20 262 9
1 24 103 23
2 0 4 15
2 1 6 25
2 3 156 1
2 5 3 5
2 6 12 2
2 7 3 11
2 10 2 21
2 11 24 13
2 17 221 2
2 21 1 18
2 24 1 20
3 0 94 26
3 1 52 25
3 2 1 16
3 5 19 27
3 6 1 28
3 7 5 17
3 8 26 10
3 9 55 25
3 12 23 2
3 15 1 20
3 16 41 3
3 18 22 3
3 24 19 8
3 26 41 21
4 0 1 23
4 1 30 12
4 2 114 22
4 3 1 18
4 5 126 24
4 6 2 20
4 8 166 1
4 9 1 18
4 10 336 2
4 11 181 1
4 12 1 12
4 14 114 5
4 18 260 1
4 24 3 3
4 25 1 8
5 0 19 22
5 1 17 14
5 3 19 15
5 4 241 1
5 6 3 14
5 8 97 14
5 9 114 29
5 10 376 11
5 11 2 29
5 14 1 24
5 16 31 6
5 21 2 17
5 24 19 19
6 0 6 3
6 1 94 1
6 3 77 1
6 4 265 1
6 5 83 9
6 7 222 3
6 8 204 1
6 9 1 26
6 10 15 19
6 11 20 1
6 12 149 1
6 14 151 1
6 21 5 20
6 24 2 28
7 0 6 1
7 1 91 1
7 2 38 22
7 3 236 1
7 5 23 29
7 6 1 3
7 8 147 1
7 9 1 26
7 10 85 1
7 11 268 1
7 14 1 6
7 15 297 10
7 19 142 1
7 20 1 29
7 25 85 1
7 26 4 3
7 27 1 12
8 0 41 21
8 1 120 21
8 3 41 9
8 4 2 18
8 5 29 14
8 6 18 7
8 7 120 19
8 9 260 1
8 11 1 4
8 12 1 15
8 13 9 1
8 14 129 1
8 15 157 1
8 16 35 18
8 18 1 5
8 24 19 7
8 25 72 1
9 1 9 22
9 2 120 1
9 4 3 1
9 5 1 20
9 6 17 1
9 8 4 10
9 10 9 17
9 11 20 1
9 12 2 3
9 14 154 1
9 15 98 3
9 16 42 1
9 21 34 1
10 0 68 5
10 1 30 20
10 2 170 13
10 3 1 21
10 4 2 23
10 5 9 12
10 6 1 1
10 7 1 15
10 8 24 1
10 9 2 4
10 13 3 14
10 14 331 7
10 15 44 5
10 17 48 4
10 18 103 24
10 19 33 1
10 21 66 3
10 23 1 2
10 26 121 19
11 0 111 1
11 1 16 3
11 3 174 16
11 4 158 12
11 6 2 28
11 7 89 15
11 8 10 1
11 9 207 28
11 10 3 25
11 15 8 7
11 20 19 3
11 21 53 3
11 24 3 20
11 25 23 14
11 26 62 2
11 27 15 1
12 2 67 2
12 4 10 24
12 6 1 3
12 8 8 1
12 9 353 17
12 13 88 1
12 22 5 29
13 6 3 15
13 8 30 9
13 10 2 12
13 11 6 7
13 14 27 2
13 17 29 20
13 20 47 8
13 25 1 6
14 4 25 1
14 7 4 2
14 8 47 12
14 9 47 1
14 11 175 1
14 12 1 12
14 13 1 4
14 15 3 10
14 20 1 13
14 21 1 9
15 0 4 8
15 4 69 6
15 7 316 1
15 8 39 1
15 10 190 1
15 11 71 1
15 12 1 23
15 13 1 7
15 14 28 21
15 17 28 2
15 20 87 2
15 22 4 18
15 23 3 2
15 26 21 12
16 0 24 9
16 1 48 29
16 3 105 6
16 5 19 3
16 8 18 29
16 9 1 17
16 11 101 1
16 17 2 20
16 18 2 1
16 24 27 14
17 0 129 1
17 1 3 5
17 2 2 16
17 6 246 1
17 7 1 9
17 8 3 14
17 10 24 2
17 11 164 3
17 12 6 29
17 13 34 1
17 16 2 25
17 19 1 17
17 20 124 3
17 24 28 7
18 4 165 1
18 9 12 1
18 12 11 3
18 16 3 20
18 19 1 18
18 25 1 3
19 0 37 1
19 3 66 22
19 4 8 26
19 8 32 2
19 9 32 3
19 10 1 17
19 15 3 5
19 18 1 23
19 20 13 26
19 23 6 28
20 0 160 1
20 1 5 2
20 4 1 23
20 5 102 7
20 8 232 2
20 12 3 9
20 19 37 1
20 24 1 16
20 27 13 14
21 7 1 2
21 9 19 6
21 10 1 12
21 11 102 11
21 20 1 1
21 23 1 8
22 4 16 2
22 6 5 25
22 7 12 19
22 8 31 1
22 12 39 2
22 21 1 6
23 0 6 23
23 7 83 1
23 10 3 28
23 11 4 23
23 14 1 11
23 19 8 1
24 0 19 28
24 1 102 24
24 3 19 2
24 5 45 21
24 7 76 2
24 8 62 6
24 9 39 1
24 10 49 18
24 11 272 1
24 16 28 22
24 17 42 1
24 22 25 3
24 25 50 3
25 0 2 15
25 1 70 5
25 3 18 28
25 7 155 1
25 11 8 11
25 12 14 1
25 18 23 2
25 23 2 21
25 26 1 17
25 27 24 2
26 2 1 4
26 4 2 3
26 25 2 14
26 27 24 1
27 1 5 1
27 7 1 10
27 8 98 28
27 11 65 1
27 12 35 14
27 13 12 2
27 25 50 2
27 26 9 1
