0 1 108 12
0 3 88 24
0 4 2 26
0 5 258 3
0 7 31 5
0 8 42 1
0 9 125 1
0 10 17 29
0 13 1 20
0 14 37 3
0 15 2 20
0 16 30 1
0 17 2 18
0 19 100 1
0 21 2 14
0 24 45 1
1 0 67 28
1 2 83 22
1 3 416 1
1 4 436 10
1 5 129 9
1 6 355 1
1 7 182 1
1 8 3 11
1 9 263 1
1 10 181 1
1 11 278 1
1 12 1 29
1 14 1 1
1 16 7 23
1 17 39 6
1 18 1 12
1 19 35 2
1 20 1 13
1 23 1 6
1 24 55 2
1 27 1 12
2 0 306 1
2 3 257 1
2 6 2 7
2 7 2 12
2 8 2 9
2 9 3 26
2 10 4 22
2 11 2 19
2 12 1 15
2 15 1 4
3 0 47 1
3 1 74 20
3 2 215 1
3 4 208 9
3 5 45 18
3 6 159 1
3 7 2 15
3 8 47 11
3 9 43 2
3 10 33 1
3 12 3 2
3 16 90 1
3 17 146 1
3 20 7 18
3 23 2 12
3 24 77 4
3 27 2 4
4 0 18 1
4 1 119 1
4 2 1 5
4 5 175 1
4 6 1 24
4 7 125 1
4 9 96 1
4 10 7 4
4 11 6 1
4 14 55 1
4 17 346 1
4 18 9 17
4 19 10 18
4 20 1 29
4 23 1 27
4 26 1 6
4 27 3 22
5 0 244 1
5 1 108 15
5 2 20 1
5 3 55 1
5 4 118 21
5 6 350 1
5 7 1 25
5 8 49 4
5 9 4 22
5 10 140 1
5 11 6 1
5 12 223 1
5 16 21 1
5 17 20 16
5 18 33 1
5 20 3 2
5 24 10 5
6 0 2 2
6 1 4 21
6 4 15 3
6 5 140 1
6 7 403 12
6 8 25 15
6 9 233 1
6 10 38 15
6 11 2 24
6 13 6 11
6 14 96 2
6 15 8 6
6 18 1 17
6 23 1 16
6 24 1 23
6 25 168 17
6 26 1 6
6 27 1 27
7 0 3 9
7 1 1 7
7 2 2 24
7 3 4 13
7 6 3 18
7 8 67 6
7 10 417 1
7 11 94 17
7 12 6 29
7 13 94 3
7 14 15 1
7 16 12 21
7 20 242 1
7 24 2 1
7 26 98 4
7 27 7 8
8 0 24 1
8 1 77 1
8 2 234 1
8 3 49 1
8 4 1 6
8 5 432 1
8 6 50 7
8 7 244 1
8 9 3 6
8 10 77 7
8 11 5 3
8 12 7 11
8 14 1 20
8 15 3 17
8 16 93 1
8 18 2 6
8 19 32 2
8 20 313 5
8 24 46 1
9 0 5 14
9 1 380 1
9 2 186 1
9 4 121 1
9 5 3 15
9 6 74 11
9 7 1 7
9 8 44 1
9 10 29 26
9 11 1 15
9 12 4 28
9 15 86 1
9 17 1 27
9 20 2 19
9 21 1 28
9 22 1 26
9 24 113 29
9 26 61 6
10 0 156 1
10 2 2 18
10 4 260 1
10 5 185 1
10 6 276 1
10 7 2 21
10 8 17 10
10 9 5 14
10 11 3 22
10 12 15 8
10 14 62 1
10 15 63 1
10 17 1 26
10 21 1 3
10 22 1 7
10 23 1 14
11 2 63 1
11 3 9 2
11 4 303 1
11 6 2 25
11 7 36 1
11 8 163 1
11 10 158 1
11 12 4 25
11 13 26 2
11 14 38 1
11 15 30 24
11 16 1 11
11 22 88 1
11 23 9 1
11 24 342 1
11 25 71 27
11 26 5 6
11 27 215 1
12 3 51 5
12 4 246 2
12 5 1 28
12 6 369 1
12 7 1 10
12 8 219 1
12 9 5 28
12 10 16 15
12 11 46 1
12 13 1 14
12 14 129 1
12 16 51 17
12 18 4 21
12 21 8 1
12 22 4 1
13 7 29 17
13 8 1 10
13 10 10 1
13 11 21 2
13 12 1 27
13 18 22 2
14 6 58 1
14 7 18 1
14 8 195 1
14 9 201 2
14 10 166 1
14 11 2 6
14 12 9 19
14 15 56 1
14 17 3 15
14 25 2 4
14 27 2 8
15 6 1 10
15 7 31 18
15 9 4 17
15 10 1 8
15 11 2 16
15 14 7 1
15 18 1 4
16 0 34 27
16 1 163 1
16 2 1 17
16 3 130 5
16 4 21 3
16 5 10 6
16 8 3 10
16 9 1 1
16 20 1 2
16 22 21 1
16 24 6 28
16 25 1 22
17 0 4 1
17 1 18 1
17 4 79 1
17 5 3 8
17 6 302 15
17 9 96 2
17 11 256 1
17 16 4 8
17 18 41 1
17 19 19 1
17 20 45 3
17 21 2 3
17 23 1 18
17 24 83 15
17 27 2 6
18 1 49 1
18 2 3 8
18 6 42 1
18 8 1 19
18 13 47 7
18 16 21 1
19 0 209 1
19 6 1 9
19 9 1 29
19 11 1 5
19 20 3 15
20 0 270 1
20 1 2 15
20 2 1 21
20 3 143 2
20 6 9 18
20 7 349 1
20 8 81 1
20 9 1 9
20 14 26 9
20 16 1 3
20 17 85 1
20 24 103 1
20 25 5 1
20 26 11 14
21 10 5 22
21 11 1 6
22 5 1 5
22 6 115 7
22 10 194 3
22 11 137 2
22 12 1 1
22 24 6 7
23 6 118 5
23 7 11 2
23 8 74 4
23 11 9 12
23 13 9 5
23 14 29 1
23 15 1 28
23 19 5 6
24 0 120 1
24 1 33 2
24 3 127 1
24 5 12 1
24 6 11 4
24 8 408 23
24 13 1 1
24 14 48 15
24 15 2 13
24 16 11 2
24 19 1 22
24 20 1 19
24 23 28 1
24 26 54 17
24 27 1 10
25 4 20 1
25 6 3 25
25 7 1 9
25 8 104 1
25 11 386 1
25 15 3 3
25 17 6 2
25 19 2 11
25 20 98 1
25 21 12 11
26 6 1 6
26 8 117 3
26 11 198 3
26 15 1 9
26 16 27 29
26 20 1 10
26 25 2 9
27 10 1 1
27 11 7 1
27 17 49 13
27 25 96 1
27 26 9 9
