0 1 55 18
0 2 1 6
0 3 29 21
0 4 4 9
0 5 25 17
0 6 442 3
0 7 83 15
0 8 18 24
0 9 91 2
0 10 268 18
0 11 331 1
0 12 2 16
0 15 3 28
0 16 71 1
0 17 1 17
0 18 1 23
0 19 20 1
0 20 3 16
0 24 22 13
0 27 38 4
1 0 46 16
1 2 204 1
1 3 21 25
1 4 248 1
1 5 20 23
1 6 151 1
1 7 104 1
1 8 25 21
1 9 187 1
1 10 114 1
1 11 230 1
1 12 2 5
1 13 115 3
1 15 3 28
1 16 19 7
1 17 3 19
1 18 1 6
1 19 11 2
1 20 6 18
1 24 66 12
2 0 222 1
2 1 30 14
2 3 87 1
2 4 295 1
2 6 2 20
2 7 2 1
2 8 5 9
2 9 1 1
2 10 5 24
2 11 1 6
2 12 121 1
2 14 1 17
2 17 229 1
2 18 26 5
2 19 27 5
3 0 16 11
3 1 201 16
3 2 62 1
3 4 8 28
3 5 79 17
3 6 90 1
3 7 7 19
3 8 20 18
3 10 6 1
3 11 337 1
3 15 1 17
3 16 72 24
3 17 109 1
3 18 40 13
3 19 6 2
3 20 9 20
3 24 18 21
3 25 4 1
4 0 35 10
4 1 7 1
4 2 3 15
4 5 63 1
4 6 3 17
4 7 81 1
4 9 12 1
4 10 9 11
4 12 1 11
4 14 39 2
4 16 255 1
4 17 295 1
4 18 184 1
4 24 1 3
4 27 1 20
5 0 43 8
5 1 30 8
5 2 5 3
5 3 23 18
5 4 3 4
5 6 19 2
5 7 3 14
5 8 21 26
5 9 8 4
5 10 50 1
5 12 182 1
5 16 19 14
5 17 37 10
5 19 33 21
5 20 1 25
5 21 1 3
5 24 18 12
6 0 1 5
6 1 4 24
6 2 40 2
6 3 10 17
6 4 352 1
6 5 23 13
6 7 170 2
6 8 231 8
6 9 22 1
6 10 6 4
6 11 28 3
6 12 1 19
6 14 59 1
6 16 1 16
6 17 3 5
6 18 2 16
6 20 1 6
6 21 1 20
6 24 4 13
6 26 3 24
7 0 2 29
7 1 1 4
7 3 1 26
7 5 328 1
7 6 2 14
7 8 181 1
7 9 361 1
7 10 293 1
7 11 64 1
7 13 67 1
7 15 384 9
7 17 1 16
7 23 1 9
7 24 30 2
7 25 8 2
7 26 82 5
8 0 18 3
8 1 29 19
8 2 31 1
8 3 37 16
8 5 25 7
8 6 218 1
8 7 184 1
8 9 2 4
8 10 179 11
8 12 4 3
8 14 9 16
8 15 107 9
8 16 27 15
8 17 346 1
8 18 231 4
8 19 18 6
8 24 20 28
8 25 109 2
9 0 34 21
9 1 325 1
9 2 166 1
9 3 1 27
9 4 344 1
9 5 24 13
9 6 4 14
9 8 136 1
9 10 28 12
9 11 2 9
9 12 4 24
9 14 3 1
9 15 63 3
9 17 27 13
9 18 158 2
9 19 1 1
9 21 5 21
9 22 2 9
10 0 116 1
10 2 4 14
10 3 324 1
10 4 191 1
10 5 82 1
10 6 220 1
10 7 8 13
10 8 20 6
10 9 39 24
10 11 8 24
10 12 345 13
10 13 2 23
10 14 1 15
10 17 1 15
10 18 59 1
10 20 3 7
10 22 4 10
10 23 1 20
10 24 61 1
10 25 235 1
10 26 91 5
11 0 2 17
11 3 379 1
11 4 288 1
11 6 2 22
11 7 31 4
11 8 303 1
11 9 1 7
11 10 312 1
11 12 1 21
11 14 322 1
11 15 239 1
11 18 2 16
11 19 1 2
11 20 15 1
11 22 61 1
11 24 211 1
11 25 170 8
11 27 166 1
12 1 17 1
12 4 210 2
12 5 73 13
12 6 346 1
12 8 171 1
12 9 107 22
12 10 5 27
12 13 3 24
12 14 93 1
12 17 96 1
12 20 2 22
13 7 2 13
13 10 1 18
13 11 1 25
13 12 1 7
13 17 5 24
13 24 16 1
13 27 19 4
14 0 1 15
14 2 29 1
14 4 1 8
14 6 28 1
14 8 116 1
14 9 165 1
14 10 41 1
14 11 9 24
14 12 12 1
14 13 1 26
14 22 2 3
14 24 3 23
15 1 20 16
15 6 1 2
15 7 1 29
15 8 1 22
15 10 6 16
15 11 6 5
15 14 9 1
15 20 3 24
15 23 2 6
16 0 19 9
16 1 23 26
16 3 124 20
16 5 33 22
16 8 19 15
16 9 1 25
16 12 1 23
16 14 35 1
16 17 1 19
16 18 3 5
16 19 56 4
16 20 1 15
16 23 30 1
16 24 19 11
16 25 38 22
17 1 32 1
17 3 1 17
17 6 2 20
17 9 70 1
17 16 2 28
17 18 19 1
17 25 6 28
17 26 27 1
18 5 1 18
18 6 19 1
18 8 1 28
18 10 183 1
18 11 22 2
18 12 15 15
18 17 3 29
19 0 97 1
19 1 223 8
19 7 180 1
19 8 1 3
19 9 2 16
19 10 146 5
19 20 1 12
20 0 195 1
20 1 1 27
20 2 1 29
20 3 87 1
20 6 213 20
20 7 327 1
20 9 1 1
20 10 1 15
20 16 3 5
20 19 103 1
20 22 1 8
20 23 79 14
21 3 25 11
21 4 93 2
21 6 1 5
21 10 1 1
21 12 1 4
21 20 46 11
21 24 2 17
22 1 40 2
22 7 131 1
22 8 2 22
22 11 108 1
22 20 3 26
22 23 14 4
22 24 11 3
22 27 10 3
23 4 61 1
23 9 90 3
23 11 6 13
23 13 5 16
23 22 4 11
23 24 34 1
24 0 23 6
24 1 24 19
24 3 38 11
24 5 25 4
24 7 313 1
24 8 18 15
24 9 24 1
24 11 1 3
24 12 1 9
24 13 27 3
24 15 2 6
24 16 35 16
24 17 1 15
24 22 33 4
24 26 54 22
25 5 2 27
25 7 31 29
25 8 71 1
25 10 1 6
25 11 358 1
25 12 73 10
25 16 40 10
25 17 3 4
25 18 27 19
25 22 6 20
25 24 11 1
25 27 1 24
26 10 118 26
26 20 1 7
26 21 1 24
26 27 1 18
27 0 22 17
27 3 1 13
27 5 30 14
27 7 47 28
27 8 1 14
27 9 22 1
27 10 63 9
27 25 81 1
27 26 1 27
