0 1 60 25
0 3 22 2
0 4 111 5
0 5 27 28
0 6 1 1
0 7 2 16
0 8 36 26
0 9 85 1
0 10 7 8
0 13 4 13
0 14 25 4
0 16 90 2
0 17 11 17
0 18 3 29
0 19 11 2
0 20 10 26
0 24 81 18
1 0 206 27
1 2 156 1
1 3 37 6
1 4 1 14
1 5 23 20
1 6 93 1
1 7 90 1
1 8 74 18
1 9 172 1
1 10 102 1
1 11 220 1
1 12 2 8
1 13 114 1
1 14 1 8
1 16 23 17
1 17 3 3
1 20 3 23
1 22 85 13
1 23 1 2
1 24 23 7
1 27 2 21
2 0 204 1
2 1 7 9
2 3 36 1
2 4 288 1
2 6 100 24
2 7 2 5
2 8 64 1
2 9 1 15
2 10 1 25
2 11 3 26
2 12 1 3
2 13 1 7
2 17 221 1
3 0 77 15
3 1 32 25
3 2 20 1
3 5 34 14
3 6 78 1
3 7 4 29
3 8 24 28
3 10 3 3
3 11 319 1
3 12 8 8
3 16 22 1
3 17 101 2
3 18 54 11
3 20 1 18
3 24 34 3
3 25 3 2
3 26 26 15
4 0 1 9
4 2 1 23
4 5 249 1
4 6 12 25
4 7 73 1
4 8 388 1
4 9 3 1
4 10 2 26
4 17 283 1
4 18 258 1
4 20 106 12
4 23 95 21
5 0 58 22
5 1 23 12
5 3 74 3
5 4 4 20
5 6 2 9
5 7 70 16
5 8 35 9
5 9 22 21
5 10 36 2
5 11 258 1
5 12 173 1
5 14 53 7
5 16 44 4
5 17 1 6
5 18 12 3
5 21 18 24
5 22 26 21
5 24 23 13
6 0 1 29
6 1 122 3
6 2 363 1
6 4 421 1
6 5 38 15
6 7 12 1
6 8 270 1
6 9 6 1
6 10 256 1
6 11 2 6
6 12 1 20
6 13 17 28
6 14 52 2
6 18 5 3
6 21 1 23
6 23 1 29
6 24 13 15
6 25 165 2
6 26 1 9
6 27 5 28
7 0 2 25
7 1 1 22
7 4 1 5
7 5 318 2
7 6 313 14
7 8 29 1
7 10 267 1
7 11 13 1
7 13 61 2
7 15 26 2
7 17 2 3
7 22 149 2
7 24 1 12
7 25 367 1
7 26 79 4
8 0 119 17
8 1 235 28
8 2 87 1
8 3 34 20
8 4 315 1
8 5 17 7
8 6 299 1
8 7 148 1
8 9 106 22
8 10 3 25
8 11 33 3
8 12 1 27
8 14 2 20
8 16 22 21
8 18 2 7
8 20 292 1
8 21 23 1
8 22 96 1
8 23 153 4
8 24 45 10
8 25 102 2
9 1 312 1
9 4 318 1
9 5 31 7
9 6 9 18
9 7 29 21
9 8 110 1
9 10 6 2
9 12 8 20
9 17 164 18
9 18 153 1
9 19 7 4
9 20 1 7
9 22 1 4
10 1 3 18
10 2 2 23
10 3 318 1
10 4 178 1
10 5 66 1
10 6 172 1
10 7 15 6
10 8 261 21
10 9 1 18
10 11 3 24
10 12 346 15
10 13 1 27
10 14 3 29
10 15 7 2
10 17 1 3
10 18 55 3
10 19 1 12
10 20 24 8
10 21 2 18
10 23 13 5
10 25 228 1
10 26 91 15
11 0 1 1
11 3 364 1
11 5 8 2
11 6 12 22
11 7 11 27
11 8 284 1
11 10 190 1
11 12 2 17
11 13 2 4
11 14 298 1
11 15 252 1
11 16 1 11
11 20 12 4
11 21 102 1
11 24 185 1
11 25 2 10
11 26 1 1
11 27 156 1
12 5 189 24
12 8 161 1
12 9 4 10
12 10 1 10
12 13 3 4
12 14 86 1
12 15 1 3
12 16 65 24
12 17 93 5
12 18 1 6
12 20 1 6
12 21 1 26
12 25 66 1
13 3 5 1
13 5 2 11
13 7 3 2
13 9 13 5
13 11 5 12
13 12 11 22
13 14 3 1
13 21 1 12
14 1 162 2
14 2 27 8
14 6 23 2
14 8 102 1
14 9 156 2
14 10 19 1
14 11 1 12
14 17 6 12
14 22 33 4
14 24 1 2
15 0 132 4
15 6 1 18
15 7 1 14
15 8 1 3
15 9 23 8
15 10 5 22
15 11 7 20
15 14 65 1
15 16 45 15
15 20 13 6
15 22 1 18
15 24 52 14
16 0 70 12
16 1 59 9
16 3 23 5
16 5 47 28
16 8 98 27
16 10 36 5
16 12 1 10
16 15 1 16
16 17 2 22
16 18 8 28
16 24 42 28
16 27 27 6
17 0 1 18
17 1 18 1
17 2 8 2
17 7 1 26
17 9 65 1
17 10 288 1
17 11 243 2
17 14 118 13
17 20 29 2
18 1 16 2
18 2 1 9
18 3 53 2
18 4 2 22
18 5 1 5
18 6 15 2
18 8 1 15
18 9 22 3
18 10 179 1
18 12 43 18
18 21 3 10
18 22 22 2
18 25 2 13
19 0 78 1
19 1 230 1
19 3 1 6
19 7 177 1
19 9 1 24
19 10 145 8
19 17 61 1
20 0 180 1
20 1 2 9
20 2 1 17
20 3 76 1
20 4 3 4
20 6 17 28
20 13 1 7
20 14 19 5
20 16 1 24
20 17 64 2
20 18 1 28
20 19 261 1
20 26 8 4
21 1 8 13
21 10 1 15
21 11 1 15
21 18 1 17
21 20 46 3
21 23 1 29
22 2 7 3
22 3 27 7
22 5 2 21
22 6 107 1
22 8 1 4
22 10 162 1
22 11 102 2
23 4 59 4
23 6 111 1
23 9 88 5
23 11 15 27
23 15 1 4
24 0 42 13
24 1 22 2
24 3 34 15
24 4 97 1
24 5 72 10
24 7 306 1
24 8 22 9
24 11 2 7
24 16 22 10
24 17 2 25
24 23 9 3
24 27 5 26
25 2 2 21
25 8 65 2
25 10 4 12
25 11 79 1
25 15 1 1
25 19 11 26
26 0 1 17
26 8 107 7
26 11 182 1
26 22 20 3
27 3 19 3
27 6 1 5
27 7 2 4
27 8 135 16
27 10 20 24
27 23 17 18
27 25 75 1
