0 1 22 1
0 2 1 19
0 3 29 23
0 4 346 10
0 5 109 8
0 6 438 1
0 7 1 20
0 8 183 14
0 9 80 1
0 10 7 7
0 11 316 1
0 12 2 21
0 16 18 8
0 17 1 16
0 18 1 13
0 20 1 20
0 21 1 4
0 24 17 8
0 26 64 2
1 0 87 18
1 2 40 1
1 3 19 28
1 4 301 3
1 5 162 19
1 6 80 1
1 7 80 1
1 8 35 29
1 9 161 1
1 10 93 1
1 13 113 1
1 16 37 26
1 17 3 29
1 18 4 4
1 23 8 23
1 24 18 24
1 26 81 27
2 0 189 1
2 1 37 28
2 3 11 1
2 4 281 2
2 6 2 5
2 7 2 19
2 8 5 13
2 9 19 1
2 10 1 25
2 11 3 24
2 13 2 7
2 17 214 1
3 0 65 27
3 1 175 13
3 2 3 1
3 5 95 12
3 6 69 1
3 7 4 1
3 8 115 12
3 11 305 1
3 13 1 16
3 16 17 27
3 17 96 1
3 18 8 26
3 20 1 18
3 22 1 2
3 23 2 3
3 24 17 8
4 0 7 11
4 2 1 16
4 5 18 1
4 6 27 27
4 7 67 1
4 8 164 1
4 9 208 1
4 10 1 24
4 17 274 1
4 18 172 2
4 19 13 9
4 20 6 12
5 0 37 20
5 1 41 24
5 3 112 13
5 4 9 8
5 6 9 8
5 7 3 9
5 8 93 1
5 9 14 2
5 10 28 1
5 11 255 2
5 13 1 26
5 14 52 4
5 16 75 20
5 17 2 11
5 18 10 3
5 19 2 5
5 20 1 13
5 24 16 13
6 1 24 1
6 2 353 5
6 4 398 12
6 5 18 29
6 7 87 1
6 8 86 16
6 10 44 1
6 11 91 6
6 12 2 29
6 13 2 11
6 14 47 1
6 18 10 16
6 19 131 2
6 21 1 28
6 23 3 1
6 25 163 6
6 26 1 8
6 27 10 3
7 1 320 29
7 2 4 20
7 3 3 10
7 4 1 22
7 5 310 2
7 6 1 9
7 8 118 1
7 9 350 1
7 10 248 1
7 12 10 12
7 13 58 1
7 15 16 1
7 18 8 2
7 21 1 10
7 22 147 1
7 23 8 18
7 24 1 16
7 25 361 20
7 26 77 2
8 0 73 13
8 1 41 10
8 2 53 1
8 3 18 16
8 4 308 1
8 5 122 16
8 6 130 1
8 7 415 1
8 9 9 4
8 10 316 7
8 14 19 13
8 15 116 25
8 16 66 13
8 17 335 1
8 18 13 28
8 20 288 1
8 22 94 1
8 24 61 1
8 25 97 2
8 26 120 26
8 27 7 25
9 0 1 13
9 1 302 1
9 2 157 2
9 3 3 12
9 4 47 1
9 5 7 4
9 6 2 9
9 7 1 17
9 8 92 1
9 10 289 18
9 11 1 1
9 12 2 18
9 15 55 1
9 16 1 4
9 17 2 7
9 18 150 1
9 19 1 17
9 20 1 6
9 26 55 2
10 0 103 1
10 1 3 25
10 4 168 1
10 5 54 1
10 6 205 1
10 7 2 18
10 8 20 1
10 9 27 5
10 11 4 19
10 13 3 7
10 14 4 24
10 15 4 2
10 17 3 8
10 18 53 1
10 20 5 28
10 22 1 5
10 24 51 2
10 25 222 1
10 27 2 27
11 0 7 10
11 2 15 1
11 3 352 1
11 5 6 4
11 6 2 29
11 7 49 22
11 8 267 1
11 9 1 29
11 10 8 1
11 12 21 21
11 13 1 6
11 14 280 1
11 15 17 15
11 18 152 7
11 21 100 4
11 24 166 1
11 25 3 9
11 27 149 1
12 1 12 1
12 4 197 1
12 5 1 29
12 6 332 2
12 7 1 17
12 8 154 1
12 9 21 15
12 10 3 12
12 11 21 1
12 13 18 28
12 14 80 1
12 15 1 9
12 20 7 13
12 21 10 3
12 22 18 23
13 7 1 24
13 8 5 11
13 9 12 1
13 10 1 10
13 12 1 15
13 17 1 12
13 18 1 28
13 22 3 13
14 5 1 28
14 6 19 2
14 8 92 1
14 9 150 1
14 10 8 1
14 11 3 26
14 12 174 2
14 13 4 17
14 17 1 27
14 21 8 3
14 22 1 11
14 23 1 21
14 24 3 20
15 6 1 6
15 7 4 21
15 10 2 9
15 11 7 10
15 13 1 24
15 14 52 1
15 17 1 9
15 20 1 18
15 25 2 29
15 26 31 27
16 0 41 14
16 1 130 9
16 3 76 3
16 5 17 5
16 6 185 4
16 8 46 25
16 9 1 15
16 10 35 1
16 12 2 7
16 14 33 12
16 17 1 24
16 24 62 12
17 1 9 1
17 2 4 24
17 3 1 26
17 4 24 2
17 5 1 3
17 7 1 29
17 9 62 1
17 11 241 4
17 16 3 20
17 18 13 3
17 19 7 2
17 25 62 29
18 1 13 3
18 4 14 15
18 5 1 27
18 6 13 1
18 7 1 12
18 8 5 26
18 9 20 2
18 11 19 6
18 17 7 17
18 19 21 1
18 21 3 4
19 0 64 1
19 17 58 4
19 20 217 1
20 0 169 1
20 2 1 28
20 8 42 1
20 9 1 27
20 10 55 15
20 13 2 11
20 14 18 3
20 15 57 1
20 16 1 20
20 19 186 1
20 22 1 11
20 24 98 3
20 25 1 4
21 11 1 7
21 13 1 8
21 19 6 19
21 25 2 22
22 7 125 1
22 8 66 29
22 9 54 5
22 11 98 1
22 27 10 5
23 0 6 3
23 4 58 9
23 6 110 1
23 8 51 3
23 12 37 1
23 14 16 6
23 24 27 3
24 0 16 6
24 1 51 5
24 3 81 4
24 4 96 2
24 5 89 28
24 6 3 1
24 8 116 12
24 9 21 1
24 11 2 1
24 15 3 25
24 16 60 16
24 17 2 8
24 25 1 3
24 27 24 14
25 9 127 6
25 10 1 4
25 11 279 17
25 12 71 2
25 14 2 28
25 17 2 5
25 18 26 7
25 27 3 7
26 1 9 4
26 5 1 10
26 7 2 12
26 8 106 4
26 11 180 2
26 24 1 23
26 25 1 15
27 1 17 2
27 3 1 10
27 4 5 6
27 7 1 9
27 18 28 26
27 25 70 1
