0 1 151 5
0 2 1 14
0 3 72 13
0 4 341 2
0 5 49 1
0 6 415 1
0 7 117 6
0 8 66 17
0 9 65 1
0 10 3 21
0 11 292 2
0 12 2 20
0 13 5 18
0 15 3 22
0 16 19 17
0 17 1 9
0 18 8 26
0 20 1 28
0 24 141 1
1 0 102 1
1 2 56 1
1 3 4 18
1 4 301 1
1 5 58 1
1 6 106 1
1 7 51 1
1 8 53 6
1 9 125 1
1 10 65 1
1 11 187 1
1 12 1 19
1 14 1 21
1 15 1 11
1 16 8 1
1 17 3 23
1 19 1 2
1 24 131 23
2 0 142 1
2 1 12 10
2 3 3 3
2 4 259 1
2 5 1 1
2 6 14 23
2 7 14 7
2 8 21 5
2 9 2 19
2 10 4 2
2 11 51 16
2 18 18 1
2 22 1 12
3 0 12 1
3 1 116 1
3 2 5 14
3 5 66 1
3 6 42 1
3 7 9 21
3 8 5 12
3 9 12 2
3 11 257 1
3 15 1 11
3 16 95 1
3 17 78 1
3 18 1 9
3 19 23 16
3 20 2 2
3 24 4 4
4 0 2 28
4 1 7 27
4 2 3 17
4 5 120 1
4 6 87 19
4 8 362 1
4 9 143 1
4 10 1 1
4 12 2 1
4 16 240 2
4 17 244 1
4 18 149 1
4 19 146 19
4 20 1 29
5 0 259 1
5 1 180 18
5 3 67 1
5 6 80 20
5 7 1 9
5 8 83 1
5 9 99 5
5 11 247 3
5 12 141 1
5 16 322 1
5 17 20 25
5 18 5 2
5 20 5 18
5 21 2 23
5 24 362 1
5 25 1 5
6 1 7 16
6 2 2 19
6 3 334 1
6 4 376 19
6 5 43 8
6 7 415 1
6 8 322 9
6 9 2 11
6 10 49 1
6 11 3 7
6 12 1 15
6 13 121 18
6 14 32 1
6 18 2 3
6 20 1 2
6 23 1 10
6 25 158 5
7 0 63 20
7 1 5 6
7 2 25 22
7 3 248 1
7 4 4 22
7 5 282 1
7 6 7 13
7 8 26 1
7 10 188 1
7 11 7 22
7 12 1 9
7 13 45 3
7 15 375 1
7 16 2 5
7 18 5 1
7 20 157 1
7 24 1 5
7 25 350 1
7 26 69 1
7 27 1 9
8 0 225 2
8 1 58 17
8 2 4 2
8 3 302 1
8 4 262 1
8 5 390 4
8 6 263 1
8 7 235 1
8 9 1 12
8 10 118 1
8 11 322 1
8 12 5 18
8 14 1 7
8 16 176 1
8 17 318 1
8 20 275 3
8 21 18 11
8 23 145 2
8 24 4 17
8 25 81 1
9 0 1 20
9 1 266 1
9 2 143 2
9 3 4 18
9 4 275 1
9 5 152 13
9 8 41 1
9 10 5 22
9 11 1 24
9 12 3 4
9 14 205 1
9 15 45 1
9 18 137 1
9 19 2 19
9 20 2 17
9 21 1 2
9 22 4 13
9 24 1 17
10 0 85 1
10 1 1 4
10 2 65 1
10 3 292 1
10 4 135 1
10 5 23 1
10 6 231 1
10 7 2 9
10 8 336 28
10 9 57 19
10 9 263 23
10 9 219 1
10 11 119 5
10 13 4 14
10 14 4 18
10 17 1 3
10 24 38 3
10 25 202 1
11 0 1 19
11 2 5 2
11 3 308 1
11 4 271 3
11 5 2 1
11 6 8 17
11 7 14 2
11 8 248 1
11 9 5 18
11 10 131 1
11 12 4 18
11 14 218 1
11 15 310 1
11 16 2 29
11 19 162 1
11 22 40 2
11 23 1 28
11 24 106 1
11 25 1 8
11 26 1 7
11 27 124 1
12 1 7 1
12 3 31 5
12 4 176 1
12 5 2 22
12 6 310 1
12 9 1 27
12 10 1 1
12 13 12 27
12 14 63 2
12 15 2 16
12 16 67 8
12 18 1 29
12 21 134 2
12 22 5 1
13 4 8 2
13 7 2 22
13 8 7 20
13 10 1 4
13 11 2 14
13 12 39 24
13 14 44 1
13 15 1 19
13 22 2 10
14 3 1 6
14 7 1 21
14 8 60 1
14 10 2 20
14 11 9 20
14 13 1 11
14 15 1 7
14 20 96 13
14 25 16 6
15 1 1 24
15 6 2 25
15 7 72 24
15 8 1 28
15 9 1 21
15 10 2 18
15 11 11 25
15 14 27 2
15 17 1 1
15 18 5 21
15 20 1 4
15 23 23 1
16 0 113 8
16 1 294 1
16 2 3 17
16 3 145 2
16 5 33 1
16 8 37 1
16 17 8 19
16 18 1 2
16 24 22 28
17 0 1 28
17 2 250 1
17 4 11 3
17 5 185 2
17 6 3 1
17 10 281 1
17 15 46 2
17 18 7 1
17 21 1 12
17 25 5 18
18 4 6 22
18 6 6 1
18 8 28 2
18 12 1 2
18 15 3 9
18 16 6 7
18 17 1 5
18 23 4 7
19 0 27 1
19 1 1 23
19 4 1 15
19 6 1 5
19 7 165 2
19 9 4 1
19 10 142 1
19 18 62 21
19 20 12 27
19 27 14 4
20 0 132 1
20 3 46 1
20 7 300 2
20 12 7 2
20 17 53 1
20 18 1 25
20 19 107 1
20 24 96 7
20 25 94 6
21 7 100 1
21 11 4 11
21 12 2 5
21 15 16 6
21 18 1 25
21 23 1 29
22 1 34 2
22 6 101 1
22 7 117 1
22 8 91 22
22 9 49 1
22 10 142 2
22 11 83 2
22 19 2 2
22 27 3 6
23 2 1 4
23 6 106 1
23 8 44 1
23 10 1 14
23 11 2 11
23 14 12 4
23 15 4 5
23 18 41 10
23 22 1 24
23 25 9 3
24 0 196 3
24 1 20 23
24 3 193 1
24 5 98 1
24 6 1 1
24 7 280 1
24 8 402 1
24 10 225 1
24 11 2 3
24 16 21 1
24 17 1 24
24 22 28 7
24 27 2 4
25 0 12 3
25 2 5 4
25 6 57 17
25 7 31 2
25 8 47 1
25 9 124 5
25 10 1 25
25 11 212 1
25 12 68 1
25 16 39 8
25 20 86 1
25 24 6 1
25 27 2 23
26 5 1 17
26 10 1 4
26 11 171 1
26 14 28 2
27 0 1 10
27 10 1 4
27 11 1 26
27 20 80 17
27 22 1 15
27 25 55 1
27 26 1 28
