0 1 78 26
0 2 11 11
0 3 19 9
0 4 87 1
0 5 68 4
0 6 346 1
0 7 5 17
0 8 69 3
0 12 1 4
0 13 2 27
0 16 64 6
0 17 3 9
0 18 1 11
0 19 3 25
0 20 39 18
0 24 48 18
0 25 5 22
0 26 1 21
1 0 36 23
1 2 57 1
1 3 23 9
1 4 152 1
1 5 50 13
1 8 106 23
1 9 60 1
1 10 22 2
1 11 135 1
1 12 8 20
1 14 14 5
1 16 46 26
1 17 20 25
1 18 1 13
1 20 8 24
1 24 35 18
1 27 7 25
2 0 56 1
2 1 1 26
2 3 83 22
2 4 195 1
2 5 1 21
2 7 1 17
2 8 256 29
2 10 3 11
2 11 1 2
2 17 138 1
2 22 1 14
2 25 35 2
3 0 24 3
3 1 49 8
3 2 20 29
3 5 93 24
3 6 6 2
3 7 290 12
3 8 44 19
3 11 153 1
3 16 51 4
3 18 14 3
3 19 1 20
3 20 1 25
3 24 22 24
4 1 21 26
4 3 44 2
4 6 6 23
4 7 19 1
4 8 100 1
4 9 38 1
4 10 1 1
4 12 42 5
4 14 14 4
4 16 214 1
4 17 178 1
4 18 96 1
4 19 3 7
4 20 18 25
4 23 91 6
5 0 51 12
5 1 139 24
5 3 85 6
5 4 39 1
5 6 317 4
5 7 4 9
5 8 221 22
5 9 432 1
5 10 2 2
5 11 218 2
5 12 88 1
5 16 60 23
5 17 32 28
5 20 10 15
5 24 50 19
6 0 1 14
6 1 222 12
6 2 239 1
6 3 320 1
6 4 303 1
6 5 19 1
6 7 37 1
6 8 3 17
6 9 17 10
6 10 91 1
6 11 279 27
6 12 1 29
6 17 1 28
6 20 1 9
7 0 149 1
7 2 320 1
7 3 326 18
7 4 3 24
7 5 211 1
7 6 302 12
7 8 2 22
7 9 282 2
7 10 81 1
7 11 15 16
7 12 18 18
7 13 23 1
7 15 300 1
7 16 1 22
7 17 1 14
7 19 3 15
7 20 111 1
7 21 6 25
7 23 3 28
7 24 8 12
7 25 287 2
7 26 53 3
8 0 29 7
8 1 49 23
8 2 4 12
8 3 48 21
8 4 243 1
8 5 41 5
8 6 4 3
8 7 12 1
8 9 1 29
8 10 123 1
8 11 298 1
8 12 10 15
8 14 3 7
8 15 126 11
8 16 22 10
8 17 276 1
8 20 244 1
8 22 64 3
8 24 158 3
9 1 187 1
9 3 2 8
9 4 135 1
9 5 128 1
9 6 188 1
9 7 369 1
9 10 6 17
9 11 11 14
9 12 9 1
9 14 174 1
9 19 11 27
9 21 9 10
10 1 125 2
10 2 55 1
10 3 237 1
10 4 74 1
10 6 52 1
10 7 1 11
10 8 12 1
10 9 23 1
10 11 3 2
10 12 352 1
10 13 1 16
10 14 17 27
10 20 4 9
10 21 1 26
10 22 1 26
10 23 1 26
10 24 16 2
10 25 155 1
11 0 1 15
11 1 365 1
11 3 205 1
11 4 245 1
11 5 1 24
11 6 119 27
11 7 7 17
11 8 349 1
11 9 10 26
11 10 107 1
11 13 1 24
11 14 98 1
11 15 27 1
11 17 5 1
11 18 2 24
11 21 86 6
11 24 19 1
11 25 356 1
11 26 1 4
11 27 75 1
12 0 1 9
12 3 22 1
12 4 133 2
12 5 12 19
12 6 253 1
12 9 201 27
12 10 68 2
12 13 1 29
12 14 32 1
12 15 1 22
12 16 77 24
12 18 6 1
12 19 10 6
12 21 16 10
12 22 6 14
12 24 2 10
13 4 4 5
13 7 1 25
13 8 13 9
13 10 28 28
13 12 45 2
13 14 5 8
13 17 86 29
13 18 2 4
13 27 17 6
14 1 145 1
14 3 2 1
14 5 2 4
14 7 3 9
14 10 3 11
14 11 2 18
14 12 164 3
14 15 2 11
14 17 2 1
14 24 42 22
14 25 1 17
15 7 3 19
15 10 1 28
15 12 2 26
15 17 77 3
15 20 4 1
15 24 42 1
16 0 22 8
16 1 72 8
16 2 1 1
16 3 150 3
16 5 21 1
16 6 172 1
16 8 65 26
16 10 21 4
16 17 4 14
16 18 4 20
16 19 51 9
16 20 1 8
16 24 53 10
16 26 32 6
16 27 24 4
17 0 16 23
17 1 12 3
17 3 1 8
17 8 1 25
17 12 157 2
17 15 38 1
17 16 420 1
17 20 11 1
17 21 3 12
18 0 188 2
18 3 35 1
18 4 41 25
18 5 1 14
18 8 10 29
18 9 2 9
18 10 147 1
18 11 9 1
18 12 1 7
18 16 5 14
18 17 22 17
18 19 14 1
19 1 207 1
19 4 1 11
19 6 1 11
19 7 144 1
19 9 57 22
19 17 35 5
19 20 203 1
20 0 65 2
20 1 2 17
20 6 7 11
20 7 260 2
20 8 11 4
20 9 5 8
20 11 1 13
20 16 9 10
20 17 37 4
20 18 1 23
20 19 72 1
21 7 93 11
21 8 44 3
21 9 14 3
21 10 1 13
21 12 22 19
21 23 1 28
22 1 27 1
22 6 90 4
22 7 97 3
22 8 1 8
22 10 108 1
22 11 55 2
22 12 108 1
22 24 1 3
22 25 3 4
22 27 1 11
23 6 97 1
23 7 3 9
23 8 28 6
23 9 74 3
23 10 2 25
23 11 255 23
23 14 4 4
23 15 32 4
23 17 5 29
23 24 5 1
24 0 140 2
24 1 38 20
24 3 63 27
24 4 85 2
24 5 132 25
24 7 227 1
24 8 21 25
24 10 199 2
24 11 10 15
24 12 2 5
24 16 21 8
24 20 5 3
24 22 22 2
24 26 1 3
24 27 1 17
25 0 5 3
25 1 1 16
25 2 1 26
25 4 3 5
25 6 1 11
25 7 343 1
25 8 22 3
25 10 93 6
25 11 28 1
25 20 78 1
25 23 1 5
25 26 1 27
25 27 1 19
26 3 5 19
26 6 1 26
26 11 151 1
26 20 2 11
26 24 1 17
26 27 1 25
27 1 9 2
27 3 1 19
27 6 122 2
27 7 1 14
27 10 33 27
27 25 23 1
