0 1 8 13
0 2 1 9
0 3 1 5
0 4 318 1
0 5 62 12
0 6 324 1
0 7 1 9
0 8 26 16
0 10 18 21
0 12 2 27
0 13 6 19
0 16 24 14
0 17 40 25
0 18 27 19
0 19 8 7
0 20 6 19
0 24 52 15
0 27 23 1
1 0 316 5
1 2 10 1
1 3 27 26
1 4 304 1
1 5 98 10
1 6 3 11
1 8 6 17
1 9 45 2
1 11 121 2
1 12 3 10
1 14 3 28
1 15 3 12
1 16 9 5
1 17 1 17
1 18 1 12
1 19 1 7
1 24 80 26
2 0 37 1
2 1 17 23
2 3 8 8
2 4 175 1
2 5 5 27
2 6 1 2
2 10 1 6
2 11 1 1
2 14 1 4
2 17 123 1
2 23 1 11
3 0 7 22
3 1 4 15
3 2 25 15
3 4 16 1
3 5 26 20
3 6 2 1
3 7 2 2
3 8 67 21
3 10 1 12
3 11 127 1
3 13 2 23
3 16 48 15
3 17 37 1
3 20 1 6
3 24 30 20
3 26 1 19
4 0 23 15
4 1 18 25
4 2 5 3
4 3 233 1
4 5 1 19
4 6 3 15
4 7 13 2
4 8 64 1
4 9 20 1
4 10 2 14
4 12 255 9
4 13 109 4
4 15 2 10
4 16 206 1
4 17 160 1
4 18 96 1
4 20 2 28
5 0 3 8
5 1 2 4
5 2 1 1
5 3 260 7
5 4 210 1
5 6 199 3
5 7 1 10
5 8 150 25
5 9 68 1
5 10 4 25
5 12 74 1
5 16 23 26
5 17 1 26
5 20 2 1
5 24 53 17
5 25 1 4
6 0 31 28
6 1 252 2
6 2 205 1
6 3 309 2
6 4 242 1
6 5 91 1
6 7 90 1
6 8 14 25
6 9 10 29
6 10 52 1
6 11 26 28
6 12 1 26
6 13 35 2
6 17 2 21
6 19 99 1
6 23 2 7
6 24 1 5
6 25 141 1
7 2 286 1
7 3 318 1
7 4 1 22
7 5 191 1
7 6 228 1
7 8 11 16
7 9 267 2
7 10 58 1
7 11 191 5
7 12 16 3
7 14 6 27
7 15 268 1
7 17 2 17
7 19 1 2
7 20 99 1
7 22 118 1
7 24 135 22
7 25 264 1
7 26 49 1
8 0 25 13
8 1 44 12
8 2 4 22
8 3 10 19
8 4 219 1
8 5 40 2
8 6 14 4
8 9 21 1
8 10 113 29
8 11 315 1
8 12 12 11
8 13 5 1
8 14 13 10
8 15 1 22
8 16 4 22
8 17 263 2
8 22 59 3
8 24 253 1
8 25 42 3
8 26 128 5
8 27 1 21
9 1 165 1
9 2 102 1
9 4 102 1
9 5 75 1
9 6 326 1
9 8 2 26
9 12 3 20
9 15 20 3
9 17 4 18
9 18 101 1
9 19 1 13
9 20 1 12
9 21 4 11
9 25 124 1
10 2 32 1
10 3 220 1
10 4 60 1
10 5 1 24
10 6 24 1
10 7 1 5
10 8 24 1
10 9 274 1
10 11 142 24
10 12 407 2
10 13 2 24
10 14 9 1
10 15 1 15
10 17 1 5
10 18 23 1
10 20 1 18
10 21 4 29
10 22 134 6
10 23 82 28
10 26 2 7
10 27 2 3
11 0 51 2
11 1 358 3
11 2 1 22
11 3 176 1
11 4 238 1
11 7 389 10
11 8 306 1
11 9 1 1
11 10 65 1
11 12 5 2
11 14 71 1
11 15 1 1
11 17 251 9
11 24 7 2
11 25 371 1
11 26 1 8
11 27 63 1
12 0 1 11
12 4 121 2
12 5 12 9
12 6 236 1
12 7 7 2
12 8 73 1
12 10 1 15
12 13 1 6
12 14 24 1
12 16 2 27
12 18 49 3
12 21 133 24
13 8 6 17
13 10 3 3
13 12 1 20
13 14 2 1
13 16 29 2
13 18 2 13
14 1 142 1
14 2 12 3
14 4 1 7
14 7 3 29
14 9 68 2
14 10 4 29
14 11 11 5
14 12 156 3
14 13 39 4
14 15 1 11
14 17 15 26
14 22 32 13
14 23 6 20
14 25 1 14
15 1 3 19
15 6 2 16
15 7 7 5
15 10 23 25
15 11 4 1
15 16 44 1
15 20 65 14
15 26 31 19
16 0 4 4
16 1 3 27
16 2 8 27
16 3 26 27
16 5 152 21
16 6 168 1
16 8 73 20
16 11 2 4
16 17 2 4
16 18 8 28
16 24 63 15
16 25 1 23
17 0 9 3
17 1 13 26
17 2 199 1
17 3 4 27
17 5 2 21
17 7 53 12
17 8 1 28
17 11 212 2
17 12 154 6
17 16 13 1
17 27 1 4
18 0 184 5
18 4 42 11
18 16 4 4
18 19 12 13
19 0 1 18
19 1 197 2
19 3 30 26
19 5 1 13
19 6 1 1
19 17 31 3
19 20 148 1
19 21 1 15
20 0 50 1
20 1 1 19
20 3 5 2
20 7 248 1
20 8 7 5
20 10 10 16
20 11 3 6
20 13 1 20
20 15 40 1
20 16 1 6
20 17 33 2
20 18 1 11
20 19 31 1
21 0 69 3
21 11 1 29
21 12 22 6
21 20 41 20
22 1 25 2
22 8 99 2
22 9 35 2
22 10 99 2
22 11 48 2
22 20 4 1
23 0 1 2
23 2 2 10
23 9 71 5
23 15 30 3
23 22 4 5
24 0 305 21
24 1 25 14
24 3 3 27
24 5 4 10
24 7 210 1
24 8 35 19
24 9 6 8
24 10 191 1
24 11 50 1
24 12 1 22
24 14 29 5
24 16 3 4
24 20 13 5
24 21 7 2
24 27 26 28
25 0 4 1
25 1 1 13
25 4 3 1
25 6 1 5
25 7 8 1
25 10 1 29
25 11 6 1
25 12 58 1
25 13 5 1
25 14 1 29
25 26 1 8
25 27 18 10
26 1 4 1
26 2 32 16
26 3 5 4
26 4 1 4
26 7 19 3
26 11 145 1
26 27 29 14
27 0 3 28
27 3 3 14
27 5 24 22
27 10 15 26
27 11 3 4
27 12 4 14
27 15 6 7
27 20 4 26
27 23 13 12
27 25 16 3
