0 1 374 1
0 2 3 26
0 3 159 2
0 4 310 1
0 5 9 1
0 6 314 1
0 7 5 12
0 8 63 12
0 9 28 1
0 11 215 1
0 12 7 13
0 13 2 28
0 16 99 1
0 17 1 12
0 18 1 19
0 19 1 14
0 20 7 7
0 24 105 1
0 25 7 25
0 26 11 10
1 0 330 24
1 3 199 1
1 4 265 1
1 5 326 16
1 6 2 18
1 7 2 1
1 8 162 7
1 9 40 1
1 10 11 2
1 11 116 1
1 12 2 29
1 16 55 1
1 17 115 19
1 20 10 18
1 24 189 1
1 26 1 26
1 27 97 28
2 0 31 1
2 1 144 1
2 3 12 4
2 4 167 1
2 6 285 1
2 7 8 18
2 10 78 18
2 11 9 16
2 12 1 4
2 14 1 5
2 17 117 1
2 20 1 19
2 22 2 21
3 0 79 17
3 1 69 1
3 2 1 16
3 5 33 1
3 6 1 1
3 7 5 3
3 8 35 22
3 11 116 1
3 12 10 6
3 16 155 1
3 17 33 2
3 18 1 8
3 19 26 22
3 20 13 5
3 22 1 14
3 24 120 1
3 26 2 10
4 0 1 13
4 1 5 24
4 3 230 2
4 5 3 25
4 6 218 8
4 7 11 2
4 8 354 1
4 9 14 1
4 10 1 9
4 11 1 3
4 15 1 3
4 16 202 1
4 17 153 1
4 18 81 1
4 26 1 2
4 27 1 19
5 0 16 4
5 1 20 1
5 3 2 25
5 4 181 1
5 6 388 1
5 7 22 19
5 8 268 1
5 9 365 1
5 10 5 7
5 11 205 1
5 12 69 1
5 14 31 4
5 16 5 13
5 20 3 29
5 24 56 1
5 25 10 19
6 0 1 13
6 1 18 1
6 2 190 1
6 3 303 1
6 4 16 1
6 5 312 1
6 7 23 8
6 8 24 29
6 9 34 29
6 10 39 1
6 11 280 12
6 12 42 29
6 13 2 4
6 16 181 1
6 19 97 3
6 27 5 11
7 0 136 1
7 1 18 19
7 2 271 1
7 3 284 1
7 4 10 7
7 5 182 1
7 6 217 1
7 8 13 3
7 9 261 1
7 10 49 1
7 11 93 3
7 12 2 5
7 14 5 15
7 15 254 1
7 16 3 25
7 19 1 4
7 20 94 1
7 22 115 1
7 24 2 5
7 25 253 1
7 26 47 1
8 0 141 1
8 1 34 4
8 2 10 3
8 3 439 20
8 4 204 1
8 5 57 15
8 6 44 11
8 9 25 2
8 10 190 1
8 11 302 1
8 12 6 18
8 13 3 1
8 14 163 22
8 16 20 18
8 17 258 1
8 18 1 16
8 20 231 1
8 22 57 1
8 23 124 1
8 24 3 8
8 25 39 2
9 1 156 1
9 2 99 1
9 3 15 7
9 4 89 1
9 5 364 4
9 6 55 13
9 7 358 1
9 8 1 5
9 10 397 1
9 12 2 29
9 13 1 27
9 14 157 2
9 15 18 1
9 16 132 18
9 17 1 29
9 19 14 16
9 20 1 21
9 26 44 7
10 0 40 1
10 1 294 1
10 2 290 1
10 3 212 1
10 4 54 1
10 5 1 8
10 6 15 1
10 8 298 1
10 9 224 1
10 11 2 23
10 12 402 2
10 13 21 18
10 14 106 6
10 15 1 13
10 17 6 1
10 22 1 2
10 23 2 16
10 25 136 1
10 27 18 3
11 0 6 8
11 1 355 1
11 3 164 1
11 4 234 1
11 6 120 26
11 7 15 3
11 8 288 1
11 9 2 25
11 10 51 1
11 12 5 1
11 14 61 1
11 17 3 2
11 21 82 4
11 23 3 2
11 24 4 1
11 25 88 1
11 26 1 1
12 6 229 1
12 7 8 14
12 8 68 1
12 9 213 29
12 10 5 19
12 13 6 28
12 14 22 1
12 15 5 4
12 17 63 1
12 18 9 6
12 20 1 22
12 22 2 7
12 23 4 7
12 25 50 1
13 5 1 11
13 6 1 24
13 7 17 29
13 8 1 8
13 10 1 4
13 11 31 11
13 12 9 18
14 0 8 29
14 1 140 2
14 3 9 29
14 5 3 25
14 7 1 4
14 8 4 1
14 9 63 2
14 10 40 9
14 11 43 7
14 12 7 1
14 15 1 16
14 16 41 10
14 25 12 3
15 0 120 3
15 1 2 28
15 3 65 2
15 6 13 24
15 7 338 1
15 10 126 5
15 11 13 15
15 13 7 1
15 14 5 20
15 18 1 28
15 20 3 6
15 23 16 3
15 25 1 19
16 0 250 16
16 1 6 26
16 3 332 13
16 5 67 1
16 7 162 1
16 8 107 29
16 17 2 4
16 18 1 19
16 24 250 1
17 0 1 7
17 1 2 10
17 2 193 1
17 3 2 28
17 8 3 17
17 9 22 3
17 10 256 3
17 15 34 2
17 16 404 1
17 21 62 18
17 23 83 15
18 3 30 2
18 4 2 3
18 5 1 19
18 8 5 25
18 10 138 3
18 14 1 16
18 15 9 14
18 16 8 4
18 17 14 21
19 0 2 11
19 1 193 1
19 3 1 15
19 4 1 3
19 6 6 8
19 7 135 3
19 16 10 1
19 20 54 1
20 0 44 2
20 1 2 3
20 2 1 24
20 3 4 1
20 4 1 13
20 6 1 6
20 7 243 1
20 11 1 16
20 13 2 4
20 15 38 2
20 18 8 17
20 19 18 1
20 26 3 4
21 1 1 8
21 9 1 11
21 10 1 26
21 12 6 7
21 16 4 1
21 23 3 24
22 5 1 13
22 8 5 16
22 9 33 7
22 10 95 2
22 12 98 1
22 17 44 2
22 18 1 5
22 19 4 2
22 24 1 9
23 3 1 21
23 7 3 19
23 9 70 1
23 10 7 27
23 11 5 1
23 12 15 1
23 15 29 1
23 24 1 1
24 0 23 1
24 1 98 14
24 2 1 26
24 3 330 1
24 4 81 7
24 5 260 29
24 7 203 1
24 8 117 1
24 9 6 1
24 10 187 1
24 11 6 12
24 12 1 23
24 16 118 3
24 20 79 25
24 26 78 5
25 2 10 4
25 7 331 1
25 8 15 1
25 9 111 1
25 10 2 19
25 11 1 2
25 12 57 1
25 15 2 19
25 19 16 4
25 26 2 20
25 27 2 5
26 5 32 26
26 6 1 14
26 7 13 27
26 8 88 6
26 9 1 17
26 17 1 25
26 25 59 1
26 27 1 25
27 7 25 19
27 10 33 8
27 11 1 10
27 14 22 12
27 22 1 22
27 26 140 1
