0 1 350 9
0 2 3 2
0 3 6 6
0 4 71 1
0 5 177 1
0 6 293 1
0 7 19 20
0 8 64 1
0 9 23 2
0 10 305 1
0 11 200 1
0 12 2 21
0 16 351 1
0 17 60 1
0 18 1 19
0 19 2 15
0 20 21 4
0 24 59 1
0 25 1 14
0 27 20 1
1 0 138 1
1 2 1 15
1 3 17 16
1 4 89 1
1 5 298 1
1 6 3 14
1 8 67 24
1 9 29 1
1 13 95 1
1 14 1 9
1 15 1 1
1 16 59 11
1 17 2 23
1 18 1 23
1 19 2 24
1 20 5 10
1 24 181 10
1 25 136 1
1 26 87 22
1 27 3 24
2 0 18 2
2 1 70 1
2 3 48 11
2 4 149 1
2 5 3 29
2 6 124 1
2 7 1 5
2 8 16 1
2 10 2 26
2 11 1 13
2 13 11 8
2 14 1 10
2 15 4 15
2 16 84 1
2 17 104 1
2 20 1 16
2 23 1 17
2 24 34 5
3 0 61 1
3 1 317 1
3 2 6 15
3 4 241 1
3 5 150 17
3 7 1 25
3 8 81 1
3 10 1 22
3 11 94 1
3 12 11 17
3 13 1 4
3 16 11 1
3 17 27 1
3 19 1 22
3 24 47 1
3 25 1 13
4 0 15 13
4 1 22 13
4 2 78 1
4 3 38 1
4 5 3 16
4 6 15 19
4 7 7 2
4 8 321 1
4 10 107 18
4 13 106 1
4 15 1 29
4 16 194 2
4 17 137 1
4 18 64 1
4 20 164 12
5 0 85 25
5 1 286 1
5 2 4 17
5 3 254 1
5 4 245 1
5 6 3 2
5 7 1 5
5 8 130 1
5 9 234 1
5 10 5 11
5 11 196 1
5 12 57 1
5 16 33 18
5 22 27 15
5 24 70 1
5 26 1 15
6 0 2 5
6 1 68 1
6 2 160 1
6 3 291 1
6 4 195 1
6 5 217 1
6 7 58 1
6 8 75 29
6 9 5 1
6 10 17 1
6 11 35 21
6 12 86 15
6 14 1 10
6 16 181 1
6 17 1 17
6 19 92 2
6 21 13 2
6 22 7 20
6 24 38 15
6 25 134 4
7 0 122 1
7 1 365 1
7 2 240 1
7 3 104 18
7 5 164 1
7 6 209 1
7 8 8 5
7 9 247 1
7 10 33 1
7 11 406 21
7 12 1 13
7 13 13 1
7 15 224 1
7 16 1 8
7 17 6 23
7 19 2 11
7 25 230 1
7 26 44 1
8 0 259 1
8 1 133 1
8 2 10 20
8 3 323 1
8 4 186 1
8 5 85 1
8 6 46 13
8 7 2 13
8 9 242 26
8 10 384 1
8 11 273 1
8 12 13 26
8 13 17 19
8 14 12 15
8 16 29 1
8 17 246 1
8 22 53 1
8 24 128 1
8 25 33 1
9 0 64 9
9 1 138 1
9 2 90 1
9 3 1 25
9 4 64 1
9 5 261 1
9 6 297 1
9 7 349 1
9 8 4 19
9 10 97 1
9 12 1 24
9 14 146 1
9 22 40 17
9 27 18 11
10 0 33 1
10 1 118 1
10 2 41 1
10 3 197 1
10 4 43 1
10 6 3 1
10 8 355 15
10 9 196 1
10 11 97 11
10 11 375 27
10 12 391 1
10 13 23 1
10 14 4 9
10 15 4 5
10 17 6 25
10 18 18 5
10 20 15 9
10 22 134 16
10 24 7 2
10 25 124 1
11 0 1 21
11 2 1 12
11 3 140 1
11 4 227 1
11 7 316 1
11 8 251 1
11 9 1 19
11 10 25 1
11 12 4 14
11 13 2 7
11 14 41 1
11 15 4 3
11 19 147 4
11 21 80 3
11 25 344 6
11 26 1 28
11 27 48 1
12 4 106 2
12 6 213 1
12 7 32 4
12 9 18 1
12 10 2 5
12 15 1 18
12 17 60 1
12 18 6 11
12 22 8 26
12 24 2 22
13 0 2 3
13 2 15 1
13 7 3 6
13 8 1 17
13 10 24 19
13 12 46 27
13 22 8 7
14 0 2 9
14 1 136 3
14 2 9 6
14 4 1 6
14 5 2 14
14 9 53 1
14 10 18 16
14 11 2 13
14 12 154 1
14 15 103 6
14 23 8 6
14 25 12 14
15 4 4 11
15 7 22 24
15 9 154 6
15 10 23 13
15 11 384 28
15 14 1 7
15 23 12 26
15 24 35 3
16 0 208 1
16 1 44 2
16 2 2 19
16 3 42 2
16 5 21 9
16 8 25 1
16 12 1 1
16 17 11 21
16 18 3 28
16 21 1 5
16 23 26 3
16 24 299 1
17 0 4 17
17 1 29 11
17 2 180 1
17 3 2 25
17 5 1 1
17 6 38 1
17 7 54 19
17 8 3 23
17 9 18 2
17 14 111 1
17 15 33 1
17 16 9 1
17 26 18 2
18 4 11 17
18 5 1 14
18 8 2 13
18 12 1 1
18 13 45 12
18 16 13 27
18 23 5 29
19 0 3 29
19 1 184 1
19 3 3 3
19 6 1 7
19 7 129 1
19 8 1 29
19 20 117 1
19 23 3 14
19 26 1 15
20 0 33 1
20 2 1 2
20 8 4 1
20 16 36 12
20 17 28 4
20 18 8 26
20 22 3 23
20 23 72 3
20 24 88 5
21 12 1 23
21 18 1 21
21 23 1 5
22 1 22 10
22 5 1 25
22 10 87 1
22 11 39 1
22 17 43 1
23 9 67 2
23 10 3 16
23 11 3 1
23 15 1 1
24 0 237 1
24 1 15 3
24 2 1 23
24 3 69 1
24 5 17 5
24 7 188 1
24 8 358 1
24 9 4 7
24 10 179 1
24 11 4 9
24 12 1 28
24 16 55 6
24 22 17 8
24 23 1 11
24 27 17 29
25 2 1 2
25 3 1 5
25 6 4 4
25 7 317 1
25 8 11 1
25 12 55 1
25 13 5 4
25 14 1 19
25 19 1 17
25 22 2 29
25 27 35 19
26 0 6 21
26 7 24 3
26 8 86 2
26 9 1 11
26 14 24 8
26 18 3 5
26 27 13 1
27 6 118 1
27 7 4 20
27 10 35 21
27 11 1 20
27 14 21 15
27 26 8 8
