0 1 310 1
0 2 25 24
0 3 284 1
0 4 298 1
0 5 57 6
0 6 280 1
0 7 1 13
0 8 137 1
0 9 20 1
0 10 304 7
0 11 192 1
0 12 1 27
0 13 1 19
0 14 7 3
0 15 130 2
0 16 249 1
0 17 29 11
0 18 3 18
0 19 2 8
0 20 73 17
0 24 160 1
0 25 22 26
0 26 1 20
0 27 19 2
1 0 249 1
1 2 4 18
1 3 401 1
1 4 44 1
1 5 225 1
1 6 3 1
1 8 150 1
1 9 23 1
1 11 97 1
1 12 1 24
1 16 78 1
1 17 1 1
1 18 1 29
1 19 4 27
1 20 21 21
1 23 33 20
1 24 159 1
1 27 8 5
2 1 166 1
2 3 45 7
2 4 139 1
2 5 1 18
2 6 278 1
2 7 21 1
2 8 77 1
2 9 1 8
2 10 3 15
2 14 1 2
2 16 82 4
2 17 96 2
2 20 3 4
2 22 2 11
2 25 31 4
3 0 162 1
3 1 207 1
3 2 71 1
3 4 11 1
3 5 58 1
3 7 414 6
3 8 51 14
3 10 2 19
3 11 82 1
3 14 42 22
3 15 1 28
3 16 77 1
3 17 24 1
3 20 2 17
3 24 190 1
4 0 1 2
4 1 76 6
4 5 2 4
4 6 2 7
4 8 301 1
4 9 1 5
4 10 4 21
4 11 4 15
4 13 105 1
4 15 1 20
4 16 189 1
4 17 128 1
4 18 46 1
4 22 5 1
4 24 1 22
4 25 65 1
5 0 336 1
5 1 265 1
5 3 43 1
5 4 204 1
5 6 163 1
5 7 1 14
5 8 11 28
5 9 183 1
5 10 5 17
5 11 190 1
5 12 51 1
5 16 40 1
5 17 4 23
5 24 172 1
5 27 6 1
6 0 50 20
6 1 255 1
6 2 142 1
6 3 282 1
6 4 167 1
6 5 87 1
6 7 33 1
6 8 25 1
6 9 5 8
6 10 8 1
6 11 285 28
6 12 8 15
6 14 1 1
6 16 179 14
6 17 14 4
6 21 1 4
6 23 67 20
6 24 1 9
7 0 359 1
7 1 364 28
7 2 221 1
7 3 197 1
7 5 153 1
7 6 28 1
7 8 18 27
7 9 238 2
7 10 25 1
7 11 73 1
7 12 4 13
7 13 11 2
7 14 4 23
7 15 206 1
7 17 16 1
7 19 3 20
7 22 108 2
7 23 4 29
7 24 130 24
7 25 216 1
7 26 41 3
7 27 227 3
8 0 222 1
8 1 50 1
8 2 18 10
8 3 247 1
8 4 166 1
8 5 70 1
8 6 26 8
8 7 3 29
8 9 363 1
8 10 8 1
8 11 254 1
8 12 280 17
8 13 207 1
8 14 1 29
8 16 39 1
8 17 239 1
8 18 246 1
8 20 217 1
8 23 117 4
8 24 76 1
8 25 30 1
8 26 128 11
9 0 65 13
9 1 127 1
9 3 6 22
9 4 51 1
9 5 184 1
9 6 249 1
9 7 344 1
9 8 1 11
9 10 98 1
9 12 1 17
9 13 1 22
9 14 140 1
9 15 13 2
9 16 2 19
9 17 1 26
9 18 86 2
9 19 2 20
10 0 30 1
10 1 110 2
10 2 277 1
10 3 187 1
10 4 37 2
10 5 1 12
10 8 365 1
10 9 157 1
10 11 147 8
10 12 384 1
10 13 54 14
10 14 3 4
10 15 2 23
10 18 17 2
10 20 1 20
10 22 1 13
10 23 1 19
10 25 117 1
11 0 1 11
11 1 343 1
11 2 3 25
11 3 126 1
11 4 222 2
11 5 2 19
11 6 119 29
11 7 280 1
11 8 229 1
11 9 1 4
11 10 14 1
11 12 1 22
11 13 4 18
11 14 31 1
11 15 11 3
11 16 1 12
11 17 1 1
11 21 78 2
11 23 4 26
11 25 324 1
11 26 30 24
11 27 43 1
12 4 100 2
12 5 238 2
12 6 203 1
12 8 53 1
12 9 11 1
12 10 1 22
12 13 2 6
12 14 13 2
12 15 1 22
12 16 2 9
12 17 57 3
12 21 131 27
12 22 1 18
13 7 6 12
13 10 2 5
13 12 15 7
13 23 6 3
14 0 1 11
14 2 8 6
14 3 2 21
14 7 8 3
14 9 47 1
14 10 8 4
14 11 1 19
14 12 149 1
14 15 2 17
14 17 96 9
14 22 30 19
14 26 5 1
15 0 115 1
15 7 332 1
15 9 153 6
15 10 1 13
15 14 3 1
15 16 43 15
15 22 18 4
15 23 14 2
15 27 1 7
16 0 66 1
16 1 103 1
16 3 181 2
16 4 1 24
16 5 81 1
16 8 46 1
16 9 1 23
16 15 39 21
16 17 109 21
16 18 17 8
16 20 10 19
16 21 1 9
16 23 25 19
16 24 38 8
16 25 1 13
16 27 23 1
17 0 1 7
17 1 3 11
17 2 173 1
17 3 2 21
17 5 178 1
17 6 305 1
17 7 1 17
17 8 1 8
17 9 16 3
17 10 247 2
17 11 202 1
17 12 148 6
17 14 110 2
17 15 31 7
17 16 367 1
17 21 1 2
18 2 98 5
18 3 26 6
18 4 2 17
18 5 1 18
18 8 1 11
18 15 1 20
18 16 2 10
18 17 2 27
18 20 1 6
19 0 1 28
19 1 178 1
19 4 1 8
19 6 1 22
19 9 61 20
19 10 128 1
19 12 1 26
19 14 2 27
19 20 88 1
20 0 27 1
20 1 1 5
20 9 1 24
20 10 2 9
20 11 1 2
20 13 3 18
20 14 7 1
21 4 81 2
21 11 1 16
21 26 19 1
22 1 21 6
22 5 1 17
22 6 81 6
22 7 82 2
22 8 1 12
22 9 29 5
22 10 82 2
22 11 36 1
22 12 88 1
22 23 2 2
22 27 2 21
23 10 25 23
23 11 1 3
23 12 11 2
23 17 76 13
23 22 1 2
24 0 151 1
24 1 105 1
24 3 112 1
24 5 1 29
24 7 179 1
24 8 305 1
24 10 174 1
24 11 11 11
24 12 1 19
24 16 11 1
24 17 94 26
24 19 1 18
24 20 1 16
24 21 5 29
24 22 17 1
24 26 75 1
25 1 2 24
25 2 5 6
25 6 71 2
25 7 305 1
25 9 106 1
25 10 240 1
25 11 3 14
25 12 53 8
25 14 1 17
25 18 18 5
25 20 71 2
25 21 8 1
25 27 3 23
26 7 13 7
26 8 84 3
26 11 134 1
26 16 32 5
26 17 2 29
26 19 1 28
26 20 4 2
26 24 1 24
26 27 5 21
27 0 38 24
27 3 1 2
27 6 118 1
27 10 1 1
27 11 1 3
27 12 1 24
27 17 31 1
27 26 7 2
