0 1 6 23
0 2 5 7
0 3 6 22
0 4 271 1
0 5 6 1
0 6 245 1
0 7 238 9
0 8 6 8
0 9 14 1
0 11 169 1
0 12 1 18
0 16 6 21
0 17 54 24
0 19 23 6
0 20 82 3
0 24 6 22
0 26 2 20
1 0 1 11
1 2 17 26
1 3 384 23
1 4 156 1
1 5 7 12
1 6 4 21
1 8 9 22
1 12 2 12
1 14 4 22
1 15 1 12
1 16 6 3
1 18 2 1
1 19 4 11
1 24 6 13
1 27 99 11
2 0 2 2
2 1 179 1
2 3 22 1
2 4 111 1
2 5 2 14
2 6 95 22
2 7 142 1
2 8 40 1
2 10 1 1
2 11 22 23
2 16 79 3
2 17 77 1
2 20 1 18
2 23 1 23
2 27 5 12
3 0 10 14
3 1 6 3
3 2 123 1
3 4 9 1
3 5 10 28
3 7 42 1
3 8 15 17
3 11 53 1
3 12 1 1
3 14 2 5
3 15 1 6
3 16 6 15
3 17 15 4
3 18 1 15
3 19 1 27
3 24 6 14
4 1 17 29
4 2 219 1
4 5 13 10
4 6 279 16
4 8 249 1
4 9 1 7
4 10 1 9
4 12 245 2
4 15 2 6
4 16 176 1
4 17 105 1
4 18 45 1
4 19 149 6
4 20 2 1
4 22 10 4
4 24 3 8
4 25 60 2
5 0 5 26
5 1 5 8
5 3 6 17
5 4 111 1
5 6 71 1
5 7 2 1
5 8 6 14
5 9 45 1
5 10 17 21
5 11 175 1
5 12 35 2
5 16 6 17
5 20 7 18
5 21 1 11
5 24 6 17
5 26 1 23
6 0 1 15
6 1 205 1
6 2 98 1
6 3 257 1
6 4 100 1
6 7 279 1
6 8 343 4
6 9 335 9
6 11 30 13
6 12 1 7
6 17 1 3
6 19 82 1
6 22 117 7
6 23 2 11
6 26 102 24
6 27 118 1
7 0 338 1
7 2 172 1
7 3 64 1
7 4 3 21
7 5 125 1
7 6 356 9
7 8 48 26
7 9 215 1
7 11 2 14
7 14 1 29
7 15 159 1
7 19 1 7
7 20 63 1
7 22 100 3
7 23 8 28
7 25 179 1
7 27 4 12
8 0 7 2
8 1 115 27
8 2 39 19
8 3 4 4
8 4 137 1
8 5 9 28
8 6 24 4
8 7 3 16
8 9 334 1
8 10 233 1
8 11 242 1
8 12 280 16
8 13 205 1
8 14 3 10
8 15 12 6
8 16 6 7
8 17 219 1
8 20 202 1
8 23 111 1
8 24 6 14
8 26 8 16
9 1 99 1
9 2 73 1
9 3 82 22
9 4 22 1
9 5 94 1
9 6 179 1
9 7 328 1
9 8 1 18
9 10 341 1
9 11 12 11
9 12 242 25
9 14 121 1
9 16 2 12
9 17 1 11
9 18 76 1
9 22 40 15
9 24 4 8
10 1 264 1
10 2 19 1
10 3 162 1
10 4 23 2
10 5 5 18
10 6 1 10
10 7 221 2
10 8 159 1
10 9 73 1
10 11 1 10
10 12 362 1
10 13 48 27
10 14 55 16
10 15 3 5
10 23 89 9
10 25 99 1
10 27 2 27
11 0 231 22
11 3 91 1
11 6 3 18
11 7 401 1
11 8 174 1
11 9 1 23
11 12 2 2
11 13 2 7
11 14 11 1
11 15 5 7
11 19 141 4
11 21 74 2
11 23 24 25
11 24 1 7
11 25 221 1
11 26 2 1
11 27 29 2
12 0 2 16
12 6 178 1
12 7 1 19
12 8 40 1
12 9 445 1
12 10 1 28
12 13 1 8
12 14 7 2
12 15 2 12
12 20 17 27
12 21 131 2
13 8 12 9
13 10 12 3
13 12 3 10
13 14 1 24
13 15 1 13
13 16 28 1
14 1 128 1
14 4 1 28
14 5 5 13
14 9 33 1
14 10 4 18
14 11 3 2
14 12 135 1
14 13 37 1
14 15 8 27
14 19 1 15
14 25 21 14
15 0 111 1
15 7 11 1
15 11 336 1
15 14 1 19
15 23 10 1
15 24 30 1
15 25 3 1
15 27 4 22
16 0 164 19
16 1 6 3
16 3 6 28
16 5 6 21
16 8 6 19
16 9 27 2
16 17 11 24
16 18 1 5
16 24 6 5
17 0 43 20
17 1 3 21
17 2 152 1
17 3 6 13
17 4 1 2
17 5 18 1
17 8 15 2
17 11 194 1
17 15 28 2
17 16 327 1
17 18 1 27
17 25 13 15
18 1 1 3
18 3 23 1
18 4 8 11
18 5 2 21
18 7 3 8
18 8 1 24
18 10 121 2
18 16 81 29
18 17 10 24
19 0 3 15
19 1 162 2
19 6 18 27
19 7 116 3
19 9 1 17
19 14 2 27
19 20 36 1
19 26 1 5
20 0 14 1
20 1 1 1
20 4 224 19
20 7 206 1
20 9 1 5
20 10 116 20
20 11 3 1
20 14 5 9
20 17 22 2
20 18 11 27
20 19 2 23
20 23 69 13
20 25 101 29
21 0 67 4
21 1 11 22
21 7 86 1
21 8 35 1
21 11 1 29
21 12 1 9
22 7 74 2
22 9 25 6
22 11 27 2
22 12 78 2
22 13 1 7
22 16 1 24
22 19 1 21
22 23 1 23
23 6 84 3
23 7 1 28
23 10 1 29
23 11 1 29
23 21 19 26
24 0 11 17
24 1 6 26
24 3 6 19
24 4 75 1
24 5 6 19
24 7 154 1
24 8 6 2
24 10 161 2
24 11 4 2
24 16 6 9
24 23 1 26
24 26 70 6
24 27 17 1
25 1 4 23
25 5 44 19
25 6 3 29
25 7 271 1
25 9 101 1
25 11 3 8
25 12 50 3
25 26 5 21
25 27 13 5
26 1 2 5
26 7 1 9
26 8 80 5
26 9 1 28
26 11 124 3
26 25 55 8
26 27 1 19
27 0 38 15
27 3 31 3
27 10 6 19
27 11 1 22
27 13 1 24
27 14 19 6
27 25 1 2
27 26 128 2
