0 1 445 23
0 2 2 2
0 3 368 1
0 4 15 1
0 5 220 25
0 6 167 1
0 8 74 1
0 10 14 1
0 11 120 1
0 12 8 26
0 13 3 29
0 16 97 1
0 17 1 20
0 19 2 20
0 20 3 24
0 24 16 29
0 25 1 24
0 27 12 2
1 0 110 1
1 2 6 25
1 3 104 4
1 4 10 1
1 5 115 1
1 6 5 15
1 7 4 15
1 8 51 21
1 12 1 11
1 13 79 5
1 16 268 1
1 17 406 9
1 20 1 5
1 23 1 6
1 24 25 2
2 1 28 1
2 3 6 8
2 4 57 1
2 5 1 16
2 6 268 1
2 7 282 1
2 8 164 1
2 10 3 8
2 11 105 4
2 15 2 1
2 16 72 3
2 17 39 1
2 20 1 11
2 22 1 5
2 24 26 12
3 0 59 1
3 1 19 1
3 2 10 1
3 5 273 1
3 6 1 2
3 7 51 23
3 8 1 8
3 9 1 13
3 10 2 6
3 11 9 3
3 14 2 10
3 16 41 1
3 20 1 21
3 23 38 5
3 24 104 1
3 27 1 27
4 1 10 25
4 2 57 1
4 3 18 1
4 5 5 20
4 8 141 1
4 9 2 18
4 10 1 11
4 12 8 15
4 16 144 1
4 17 59 1
4 18 9 1
4 21 1 28
4 23 81 3
5 0 83 1
5 1 134 29
5 2 12 1
5 3 11 23
5 4 55 1
5 6 36 2
5 8 43 1
5 9 5 28
5 10 45 16
5 11 140 1
5 16 166 1
5 18 3 17
5 23 1 23
5 24 16 24
5 25 4 16
6 0 1 28
6 1 239 21
6 2 25 1
6 3 194 1
6 4 9 1
6 5 209 19
6 7 153 1
6 8 82 8
6 9 11 28
6 10 10 17
6 11 1 16
6 12 2 10
6 19 65 1
6 22 5 15
6 27 8 13
7 0 83 1
7 1 5 12
7 2 76 1
7 3 25 1
7 4 13 20
7 5 68 1
7 6 263 1
7 8 102 9
7 9 163 1
7 11 280 26
7 12 2 26
7 14 1 18
7 15 69 1
7 17 1 10
7 19 5 13
7 20 34 1
7 25 100 1
7 26 25 3
8 0 113 28
8 1 274 4
8 2 91 22
8 3 244 4
8 4 127 7
8 5 311 1
8 6 2 8
8 7 70 28
8 9 200 1
8 11 155 1
8 12 1 4
8 13 187 1
8 14 169 12
8 16 52 1
8 17 175 1
8 20 168 1
8 24 291 18
8 27 159 4
9 1 47 1
9 2 46 1
9 3 4 27
9 5 7 6
9 6 83 1
9 8 5 1
9 10 246 1
9 11 3 1
9 13 1 27
9 14 80 2
9 16 132 29
9 18 53 2
9 19 14 22
9 22 6 26
10 0 6 1
10 1 92 1
10 2 217 1
10 3 108 1
10 5 10 29
10 6 6 24
10 7 60 1
10 8 66 1
10 9 3 1
10 11 149 1
10 12 305 1
10 13 1 5
10 14 130 25
10 15 4 14
10 17 3 28
10 19 1 9
10 20 1 24
10 22 11 5
10 25 61 2
10 26 106 16
10 27 6 11
11 0 1 20
11 1 292 1
11 2 2 20
11 5 1 26
11 6 109 1
11 7 167 1
11 8 73 1
11 9 87 18
11 10 7 18
11 12 22 15
11 13 1 23
11 15 26 4
11 17 234 1
11 18 158 2
11 23 2 1
11 24 2 15
11 25 49 1
11 26 124 17
12 1 1 1
12 2 111 2
12 4 54 1
12 6 123 1
12 7 1 24
12 8 17 1
12 9 356 1
12 13 4 2
12 15 49 20
12 17 40 5
12 23 1 29
13 0 1 9
13 7 1 27
13 8 1 15
13 9 2 7
13 10 1 3
13 11 66 1
13 14 1 19
13 15 1 9
13 22 3 3
13 26 1 20
14 1 112 1
14 4 4 11
14 6 2 24
14 7 1 8
14 9 10 1
14 10 101 9
14 11 2 28
14 13 1 1
14 15 98 1
14 16 36 3
14 18 6 4
14 23 1 21
14 24 53 10
14 25 14 2
14 26 2 27
15 0 98 4
15 1 8 12
15 2 24 10
15 7 292 1
15 8 38 1
15 11 92 1
15 14 7 2
15 17 7 14
15 25 7 1
16 0 243 18
16 0 232 2
16 1 248 6
16 3 1 4
16 4 9 7
16 5 116 25
16 7 148 7
16 8 356 1
16 9 28 19
16 12 49 8
16 13 1 23
16 17 162 1
16 18 1 13
16 20 1 23
16 22 13 6
16 24 53 27
17 0 9 3
17 1 3 23
17 2 105 2
17 3 3 3
17 5 168 2
17 6 279 1
17 7 1 2
17 8 3 15
17 9 3 1
17 10 215 1
17 11 174 3
17 16 215 1
18 4 2 22
18 6 10 12
18 8 1 15
18 9 2 27
18 10 101 3
18 16 2 15
18 25 46 24
19 0 2 1
19 1 124 1
19 2 1 25
19 4 1 26
19 6 1 7
19 12 1 18
19 20 1 27
20 1 4 22
20 3 3 18
20 7 164 1
20 8 1 16
20 10 120 29
20 11 1 8
20 16 37 20
20 18 1 17
20 19 59 11
20 24 79 1
21 1 11 8
21 6 1 9
21 11 1 17
21 12 1 26
21 20 37 6
21 23 6 28
22 3 17 2
22 4 7 1
22 8 7 22
22 9 17 3
22 11 12 3
22 12 56 1
22 13 1 10
22 14 5 7
22 20 3 3
23 7 16 15
23 8 7 1
23 9 52 1
23 10 5 3
23 11 277 1
23 12 3 3
23 24 1 6
23 25 1 2
24 0 75 1
24 1 151 1
24 2 4 16
24 3 183 1
24 5 56 3
24 6 3 13
24 7 101 1
24 8 54 3
24 10 130 2
24 11 320 14
24 12 1 29
24 16 120 1
24 17 1 13
24 23 1 24
25 1 5 21
25 2 1 15
25 3 1 11
25 7 189 1
25 9 89 1
25 11 4 19
25 12 43 2
25 14 2 4
25 22 1 12
25 24 1 5
25 26 8 17
26 0 6 18
26 5 1 25
26 6 102 20
26 7 2 16
26 8 71 3
26 10 2 4
26 11 104 1
26 19 2 25
26 23 12 1
26 24 1 27
26 27 9 12
27 1 1 28
27 3 40 5
27 7 2 10
27 11 3 24
27 12 10 1
27 14 15 7
27 15 1 28
27 20 81 25
27 22 1 3
27 26 88 1
