0 1 315 1
0 2 2 19
0 3 81 1
0 4 11 1
0 5 17 1
0 6 163 1
0 8 32 1
0 11 118 1
0 15 118 1
0 16 16 1
0 17 11 25
0 18 11 1
0 19 25 29
0 20 6 2
0 24 120 1
1 0 87 4
1 2 51 15
1 3 425 3
1 4 7 1
1 5 169 14
1 6 23 13
1 7 2 3
1 8 27 1
1 11 44 2
1 14 4 25
1 15 2 12
1 16 22 2
1 16 240 4
1 16 394 1
1 17 113 13
1 18 6 28
1 19 1 28
1 24 44 15
2 0 1 18
2 1 12 1
2 3 26 1
2 4 55 1
2 6 262 1
2 7 277 1
2 8 148 1
2 9 192 4
2 10 1 16
2 14 2 29
2 16 72 1
2 17 38 1
2 20 1 1
2 21 20 1
2 25 23 4
3 0 317 27
3 1 58 1
3 2 23 1
3 4 199 1
3 5 112 1
3 6 1 28
3 7 149 1
3 8 92 17
3 10 1 19
3 11 8 1
3 13 1 1
3 16 180 1
3 18 75 2
3 19 63 27
3 20 5 26
3 24 60 26
4 0 422 7
4 1 238 9
4 2 55 1
4 3 16 2
4 5 8 27
4 8 136 1
4 9 2 4
4 10 166 16
4 11 2 20
4 12 236 1
4 13 93 2
4 16 142 1
4 17 57 1
4 18 7 1
4 19 137 3
4 20 3 1
4 22 1 17
4 23 81 4
4 25 51 1
5 0 65 18
5 1 127 1
5 2 15 1
5 3 122 1
5 4 48 1
5 6 33 17
5 7 36 16
5 8 134 19
5 9 5 20
5 10 3 5
5 11 138 2
5 16 245 7
5 17 204 2
5 19 41 16
5 20 10 13
5 24 185 1
6 0 1 1
6 1 135 1
6 2 22 1
6 3 190 1
6 4 7 1
6 5 104 7
6 7 146 1
6 8 436 15
6 9 2 27
6 10 3 13
6 11 352 13
6 12 16 17
6 14 1 15
6 16 167 1
6 17 1 11
6 20 1 2
6 21 1 27
6 24 47 6
6 25 107 1
6 26 1 23
7 0 79 1
7 1 28 1
7 2 72 1
7 3 21 1
7 4 8 1
7 6 256 1
7 8 12 12
7 9 161 1
7 10 1 8
7 11 85 1
7 14 1 8
7 15 65 1
7 17 1 27
7 19 1 11
7 21 3 17
7 22 82 2
7 25 97 1
7 26 24 4
7 27 221 2
8 0 21 29
8 1 58 12
8 2 148 15
8 3 341 7
8 4 64 1
8 5 294 1
8 6 367 28
8 7 6 21
8 9 258 1
8 10 1 22
8 11 187 1
8 14 26 5
8 16 42 12
8 17 173 1
8 18 247 1
8 19 1 17
8 20 167 1
8 22 29 1
8 23 94 2
8 24 60 21
8 26 7 1
9 1 45 1
9 5 4 10
9 6 71 1
9 7 283 1
9 8 35 7
9 10 227 1
9 13 5 21
9 14 78 2
9 17 2 19
9 18 52 1
9 21 1 4
9 24 105 1
9 25 105 1
10 1 89 1
10 2 213 1
10 3 105 1
10 5 2 21
10 6 2 25
10 7 56 1
10 8 337 1
10 9 1 2
10 11 229 1
10 12 302 1
10 13 1 6
10 14 44 1
10 15 2 7
10 18 4 2
10 19 1 25
10 20 1 8
10 25 60 1
11 0 11 27
11 1 290 1
11 2 2 25
11 3 28 2
11 4 179 2
11 5 1 10
11 6 106 12
11 7 125 1
11 8 68 1
11 9 1 22
11 10 1 19
11 13 2 1
11 14 2 11
11 15 7 15
11 17 234 1
11 23 4 25
11 24 2 2
11 25 43 1
11 27 7 3
12 2 111 4
12 4 52 1
12 6 120 1
12 7 41 18
12 8 16 1
12 9 414 1
12 19 3 22
12 22 1 29
12 23 3 29
12 25 37 1
12 27 1 8
13 0 2 9
13 6 1 27
13 7 36 7
13 8 1 2
13 10 3 16
13 11 65 1
13 12 15 1
13 14 1 10
13 15 6 10
13 16 26 2
13 22 3 6
13 23 2 1
14 1 111 3
14 3 5 26
14 4 1 26
14 5 15 5
14 6 1 8
14 7 3 25
14 8 1 7
14 10 2 27
14 11 144 5
14 12 101 2
14 13 37 1
14 15 94 1
14 16 36 9
14 23 4 18
14 27 32 3
15 7 287 1
15 10 1 2
15 11 75 1
15 12 7 6
15 14 1 9
15 23 1 1
15 24 20 1
15 27 3 2
16 0 202 2
16 1 23 15
16 2 77 13
16 3 23 1
16 5 275 1
16 8 11 16
16 12 10 7
16 13 1 10
16 14 22 2
16 17 9 28
16 18 1 28
16 20 55 13
16 24 11 4
17 0 63 25
17 1 3 18
17 2 103 1
17 3 9 27
17 4 2 3
17 6 7 1
17 7 75 17
17 8 2 15
17 9 2 1
17 10 214 1
17 11 173 2
17 12 132 1
17 14 102 1
17 16 210 1
17 21 63 16
17 23 80 21
18 1 1 11
18 2 87 1
18 3 15 1
18 4 3 5
18 5 4 13
18 6 1 5
18 8 3 12
18 10 100 3
18 15 9 21
18 16 5 28
18 17 60 7
18 20 1 4
18 23 13 27
19 0 18 19
19 1 123 1
19 3 1 6
19 4 1 29
19 8 6 2
19 9 2 29
19 10 114 1
19 15 16 13
19 20 1 22
20 1 1 27
20 3 1 11
20 6 238 1
20 7 162 1
20 9 7 21
20 11 1 15
20 15 23 8
20 18 1 16
20 19 3 17
20 22 10 8
21 5 2 6
21 6 2 7
21 7 79 2
21 11 1 7
21 12 3 12
21 22 1 20
22 6 66 1
22 8 1 3
22 9 17 4
22 10 43 3
22 11 12 1
22 17 36 8
22 20 3 15
22 21 1 14
22 23 1 18
22 24 1 10
23 7 11 22
23 10 6 26
23 11 275 1
23 12 2 3
24 0 42 1
24 1 61 1
24 2 1 7
24 3 139 1
24 5 131 1
24 6 3 8
24 7 99 1
24 8 38 20
24 10 129 1
24 14 16 2
24 15 1 6
24 16 93 5
24 17 2 21
24 23 5 23
24 27 1 28
25 1 4 13
25 2 20 12
25 3 1 20
25 7 185 1
25 10 241 1
25 11 34 11
25 15 45 1
25 16 32 1
25 19 1 8
25 26 1 19
26 8 71 2
26 11 103 1
26 15 21 11
26 17 8 7
26 25 47 2
27 3 1 11
27 7 13 7
27 21 1 8
27 22 1 10
27 26 86 1
