0 1 28 18
0 2 7 8
0 3 58 1
0 4 221 1
0 5 21 1
0 6 140 1
0 7 156 5
0 8 144 1
0 10 12 1
0 11 104 1
0 13 1 18
0 16 137 1
0 17 4 2
0 19 1 2
0 20 4 24
0 23 1 8
0 24 58 1
0 26 1 27
1 0 217 1
1 2 13 1
1 3 50 1
1 5 105 1
1 6 5 12
1 8 251 1
1 9 1 2
1 10 2 27
1 11 35 1
1 12 4 2
1 13 76 1
1 14 3 8
1 16 154 1
1 17 380 1
1 24 46 1
1 27 4 10
2 0 1 27
2 1 68 1
2 3 3 1
2 4 41 1
2 6 228 1
2 7 110 1
2 8 69 1
2 9 189 1
2 10 136 13
2 17 28 2
2 20 1 18
2 21 20 3
2 22 5 21
2 24 25 4
2 27 3 1
3 0 95 1
3 1 230 3
3 4 186 1
3 5 124 6
3 6 1 27
3 7 291 27
3 8 309 1
3 9 2 12
3 10 42 18
3 11 2 1
3 15 64 24
3 16 47 1
3 18 1 18
3 20 20 29
3 21 27 8
3 24 158 1
4 0 416 1
4 1 4 1
4 2 177 1
4 3 193 1
4 5 4 26
4 6 383 1
4 8 107 1
4 9 3 29
4 10 1 4
4 11 8 9
4 15 7 22
4 16 132 1
4 17 45 1
4 18 2 1
4 24 1 7
4 27 94 17
5 0 21 29
5 1 65 1
5 2 1 19
5 3 251 1
5 4 16 1
5 6 22 20
5 8 108 1
5 9 7 4
5 10 1 29
5 11 127 1
5 13 17 17
5 15 45 24
5 16 191 1
5 18 1 7
5 20 1 18
5 24 73 1
5 25 3 3
6 0 2 20
6 1 230 1
6 2 9 2
6 3 169 1
6 5 307 18
6 7 109 1
6 8 350 24
6 9 2 7
6 10 2 11
6 11 3 24
6 12 1 11
6 14 1 2
6 16 163 1
6 17 1 11
6 19 59 1
6 21 1 28
6 23 2 6
6 25 101 1
7 0 284 1
7 1 3 1
7 2 48 1
7 3 2 2
7 4 9 20
7 6 239 1
7 8 135 13
7 11 257 1
7 14 1 28
7 15 43 1
7 21 16 24
7 23 2 3
7 24 43 4
7 25 75 1
7 27 217 1
8 0 240 1
8 1 212 1
8 2 93 16
8 3 98 1
8 4 52 1
8 5 117 1
8 6 146 1
8 7 18 14
8 9 211 1
8 10 4 22
8 11 144 1
8 13 177 1
8 14 1 4
8 15 1 1
8 16 116 1
8 17 159 1
8 18 242 2
8 24 263 2
8 27 156 1
9 1 32 2
9 2 38 1
9 3 2 8
9 5 6 14
9 6 45 1
9 7 268 1
9 8 5 5
9 10 160 1
9 12 16 1
9 13 5 19
9 14 66 1
9 17 7 20
9 18 45 1
9 19 16 26
9 20 10 19
9 22 1 3
9 27 1 9
10 1 79 1
10 2 191 1
10 3 89 2
10 5 3 23
10 6 6 1
10 7 20 1
10 8 185 1
10 9 2 27
10 11 260 2
10 12 282 1
10 13 1 28
10 14 38 1
10 15 2 25
10 23 1 18
10 25 49 2
10 26 1 10
10 27 1 7
11 0 1 12
11 1 277 1
11 2 1 16
11 3 16 1
11 4 170 1
11 5 1 8
11 6 6 1
11 7 228 1
11 8 45 1
11 9 8 4
11 10 4 10
11 12 23 6
11 13 24 9
11 15 161 28
11 17 229 1
11 19 125 1
11 23 4 1
11 24 2 1
11 25 14 1
11 27 3 1
12 1 1 6
12 2 108 7
12 5 186 1
12 6 104 1
12 8 10 2
12 9 369 1
12 11 1 19
12 13 174 11
12 17 36 6
12 20 20 1
12 22 1 10
12 23 5 23
13 2 9 4
13 6 11 3
13 7 123 10
13 8 80 19
13 9 1 9
13 10 3 15
13 11 57 2
13 14 3 3
13 22 2 1
13 24 3 1
13 25 1 27
14 1 106 4
14 6 8 5
14 7 12 26
14 8 7 21
14 9 4 6
14 10 1 16
14 13 23 1
14 15 78 1
14 19 1 25
14 21 1 4
14 22 24 1
14 23 4 3
14 24 53 1
15 1 18 12
15 3 47 3
15 7 261 1
15 8 3 15
15 9 131 3
15 10 171 16
15 11 32 1
15 12 1 14
15 20 1 21
16 0 199 1
16 1 171 1
16 2 1 17
16 3 70 1
16 4 4 28
16 5 88 1
16 6 137 1
16 7 145 1
16 8 123 1
16 9 1 9
16 10 6 2
16 17 3 4
16 18 203 16
16 19 43 2
16 20 5 19
16 23 23 5
16 24 111 1
17 0 1 24
17 1 3 9
17 2 89 1
17 4 1 2
17 5 160 12
17 6 265 2
17 7 1 19
17 8 1 9
17 10 206 1
17 12 128 1
17 14 100 1
17 16 175 1
17 18 2 1
17 25 3 23
18 0 149 1
18 1 14 20
18 3 12 3
18 4 4 8
18 6 1 24
18 8 209 12
18 10 94 1
18 13 42 3
18 14 8 22
18 16 5 9
18 17 4 5
18 20 1 19
18 23 3 25
18 25 1 24
19 0 89 8
19 1 110 1
19 4 1 11
19 8 3 12
19 9 1 12
19 16 4 2
19 17 8 6
19 18 54 7
19 20 12 15
20 1 4 17
20 3 1 28
20 4 222 5
20 7 149 1
20 9 1 20
20 11 1 21
20 13 53 14
20 17 10 1
20 18 15 20
20 19 8 7
20 21 3 1
20 27 2 4
21 7 77 1
21 9 105 3
21 12 1 4
21 13 2 16
21 20 36 8
21 24 1 24
22 5 11 7
22 7 52 1
22 8 8 8
22 10 36 1
22 12 48 1
22 13 2 9
22 14 3 1
22 17 35 9
22 23 15 6
23 7 1 12
23 9 49 2
23 11 261 1
24 0 202 1
24 1 169 1
24 3 107 1
24 5 15 29
24 6 3 29
24 7 83 1
24 8 185 1
24 10 119 1
24 11 3 14
24 12 1 17
24 14 14 1
24 16 81 1
24 17 6 28
24 20 103 29
24 23 4 13
24 25 1 17
24 26 55 3
25 1 6 19
25 6 2 9
25 7 159 1
25 9 84 2
25 11 11 11
25 12 40 3
25 18 13 19
25 26 3 20
25 27 18 3
26 0 6 1
26 7 1 19
26 23 10 1
26 24 1 4
26 25 45 2
26 27 110 12
27 0 2 16
27 6 107 1
27 7 68 19
27 10 142 20
27 11 66 12
27 12 9 21
27 13 1 19
27 26 70 1
