0 1 419 12
0 2 7 11
0 3 39 1
0 4 220 1
0 5 19 23
0 6 139 1
0 7 261 26
0 8 124 1
0 10 11 2
0 11 103 1
0 12 1 25
0 16 116 1
0 17 26 15
0 18 1 16
0 19 2 3
0 20 2 24
0 24 37 1
0 25 4 28
1 0 191 1
1 2 18 19
1 3 26 1
1 5 84 1
1 6 5 29
1 7 11 9
1 8 231 1
1 11 35 1
1 12 3 12
1 13 76 1
1 14 1 25
1 15 2 2
1 16 133 1
1 17 378 1
1 18 2 25
1 19 1 12
1 20 1 29
1 23 1 9
1 24 35 1
2 0 2 20
2 1 65 1
2 3 2 1
2 4 40 1
2 5 2 9
2 6 226 1
2 7 108 1
2 8 63 1
2 9 188 4
2 10 2 27
2 14 20 20
2 20 6 3
2 25 22 1
2 27 2 3
3 0 109 1
3 1 23 1
3 4 185 2
3 5 108 1
3 6 1 16
3 7 47 1
3 8 288 1
3 10 1 17
3 11 2 2
3 12 122 26
3 14 22 23
3 16 26 1
3 17 1 2
3 19 1 25
3 22 32 15
3 24 137 1
4 0 415 1
4 1 70 22
4 2 176 1
4 3 193 1
4 5 63 12
4 6 382 1
4 8 105 1
4 9 8 29
4 11 3 13
4 12 3 1
4 13 91 1
4 16 131 2
4 17 44 2
4 18 1 3
4 20 2 4
4 24 101 1
5 0 114 1
5 1 42 28
5 3 241 1
5 4 14 1
5 6 126 5
5 8 82 1
5 9 32 27
5 10 14 19
5 11 126 2
5 16 170 1
5 17 1 1
5 18 9 26
5 20 28 20
5 23 1 25
5 24 51 7
5 26 2 18
6 0 85 26
6 1 225 1
6 3 168 1
6 5 15 11
6 7 107 1
6 8 300 27
6 9 1 18
6 10 7 24
6 12 15 18
6 13 35 2
6 15 151 1
6 16 163 2
6 17 1 29
6 18 10 12
6 19 58 4
6 20 12 2
6 23 6 9
6 24 2 20
6 25 101 1
7 0 283 1
7 1 2 1
7 2 47 1
7 4 1 27
7 5 50 1
7 6 237 1
7 8 11 8
7 9 144 1
7 10 1 8
7 11 243 1
7 12 1 15
7 14 5 23
7 15 42 1
7 16 1 5
7 17 2 12
7 19 1 10
7 20 25 2
7 22 77 1
7 23 212 24
7 25 74 1
7 27 217 1
8 0 219 1
8 1 288 1
8 2 1 16
8 3 82 6
8 4 50 1
8 5 101 1
8 6 127 1
8 7 24 12
8 9 209 1
8 10 8 27
8 11 142 13
8 13 177 1
8 14 7 27
8 16 95 2
8 17 158 1
8 20 155 1
8 22 24 4
8 24 2 10
8 25 4 1
8 27 156 1
9 0 1 18
9 2 37 2
9 4 1 16
9 5 9 10
9 6 42 1
9 7 268 1
9 8 41 21
9 10 154 1
9 11 2 14
9 12 15 1
9 14 65 2
9 16 13 2
9 18 45 1
9 22 1 1
9 24 102 2
9 27 1 20
10 1 78 1
10 2 190 1
10 5 31 2
10 6 40 19
10 7 19 1
10 8 177 1
10 9 1 20
10 11 143 1
10 12 281 1
10 13 7 5
10 14 36 9
10 15 10 8
10 17 1 6
10 18 3 2
10 19 1 10
10 21 5 4
10 22 63 8
10 23 1 26
10 27 4 26
11 1 276 1
11 3 15 1
11 4 170 1
11 5 3 21
11 6 5 1
11 7 217 1
11 8 44 1
11 9 14 10
11 10 2 1
11 13 1 11
11 14 4 6
11 15 5 3
11 16 1 21
11 17 229 2
11 19 125 1
11 21 62 2
11 23 9 12
11 24 3 22
11 25 12 1
11 26 1 18
11 27 3 1
12 0 3 1
12 1 2 19
12 4 43 1
12 5 185 1
12 6 103 1
12 7 1 20
12 9 367 1
12 10 229 18
12 15 4 21
12 16 2 18
12 18 1 16
12 20 20 18
12 21 124 1
12 23 1 3
13 0 1 24
13 6 4 20
13 7 7 20
13 9 2 17
13 10 26 22
13 12 194 1
13 14 5 23
13 18 4 3
13 22 2 1
13 24 3 6
14 0 28 26
14 6 2 8
14 7 22 1
14 8 1 5
14 10 437 25
14 12 90 1
14 13 22 1
14 15 77 1
14 22 23 7
14 23 5 6
14 24 52 25
14 25 5 21
15 1 1 29
15 5 1 20
15 6 1 5
15 7 259 1
15 10 7 1
15 11 28 1
15 12 2 26
15 13 18 15
15 14 3 3
15 18 5 2
15 20 30 29
15 23 4 1
15 24 18 1
15 25 3 23
16 0 178 1
16 1 151 2
16 3 245 1
16 5 67 1
16 6 137 1
16 7 145 1
16 8 101 1
16 12 1 9
16 13 1 10
16 15 42 21
16 17 1 3
16 18 1 20
16 20 2 20
16 24 90 1
16 25 1 19
17 0 6 28
17 1 5 9
17 2 88 1
17 3 1 6
17 5 5 1
17 6 2 5
17 10 206 1
17 11 166 3
17 12 127 3
17 14 99 7
17 16 173 1
17 18 2 11
17 21 3 6
18 0 148 1
18 1 1 10
18 4 1 12
18 5 1 26
18 7 3 3
18 8 1 1
18 10 94 1
18 12 1 9
18 15 1 19
18 16 3 21
18 17 3 3
19 0 3 25
19 1 110 1
19 2 1 15
19 4 30 14
19 8 1 4
19 10 110 2
19 20 2 11
19 26 3 15
20 1 1 20
20 3 7 27
20 6 2 1
20 7 148 2
20 10 1 27
20 11 2 12
20 13 1 21
20 16 2 17
20 17 10 2
20 18 1 13
20 19 4 23
20 21 2 20
20 22 1 4
20 23 64 4
21 0 66 1
21 1 3 17
21 7 77 1
21 8 26 3
21 11 4 8
21 12 1 9
21 22 2 29
21 24 7 6
22 5 1 18
22 7 51 3
22 8 3 16
22 10 36 2
22 11 8 3
22 12 48 2
22 14 3 7
22 21 4 29
22 23 1 14
22 26 17 22
23 5 1 26
23 6 71 1
23 10 1 11
23 11 260 2
24 0 181 1
24 1 148 1
24 3 86 1
24 4 64 1
24 5 115 1
24 6 1 22
24 7 82 2
24 8 201 1
24 10 118 1
24 14 14 1
24 16 107 1
24 21 3 1
25 1 4 10
25 3 1 29
25 7 157 1
25 10 280 3
25 11 4 2
25 14 24 5
25 15 44 2
25 16 31 3
25 22 1 2
26 0 5 18
26 2 29 18
26 6 102 5
26 21 20 4
26 23 10 10
27 0 44 5
27 2 1 15
27 3 3 12
27 6 106 7
27 7 37 6
27 8 166 3
27 11 12 18
27 26 69 1
