0 1 121 1
0 2 2 7
0 3 197 1
0 4 212 1
0 5 128 1
0 6 131 1
0 7 1 22
0 8 88 1
0 11 98 2
0 13 3 23
0 16 34 28
0 17 51 11
0 18 1 11
0 19 6 27
0 20 2 10
0 24 10 3
0 27 9 3
1 0 118 1
1 2 12 8
1 3 220 1
1 4 1 29
1 5 66 1
1 6 14 9
1 8 125 1
1 10 2 19
1 11 32 1
1 13 75 1
1 14 1 20
1 16 219 1
1 17 93 1
1 19 1 3
1 23 1 13
1 24 239 1
2 0 4 23
2 1 47 1
2 4 36 1
2 6 215 1
2 7 245 1
2 8 33 1
2 12 111 2
2 15 11 6
2 16 68 4
2 17 25 1
2 20 1 1
2 25 21 2
3 0 2 21
3 1 116 1
3 2 1 5
3 4 181 2
3 5 135 1
3 6 2 21
3 7 120 1
3 8 174 1
3 10 1 1
3 11 1 1
3 14 43 14
3 15 1 8
3 16 69 1
3 18 20 5
3 20 5 10
3 24 135 1
4 0 411 1
4 1 1 2
4 2 44 1
4 3 189 1
4 5 4 5
4 6 28 1
4 8 97 1
4 9 2 22
4 10 3 24
4 11 16 16
4 12 229 1
4 16 128 2
4 17 41 1
4 19 132 1
4 24 1 9
5 0 12 21
5 1 115 1
5 3 137 1
5 4 8 1
5 6 20 11
5 7 12 23
5 8 362 3
5 9 7 18
5 10 49 9
5 12 3 1
5 14 10 1
5 16 56 1
5 18 1 25
5 23 3 25
5 24 65 5
6 0 1 29
6 1 196 1
6 2 6 1
6 3 162 1
6 5 13 12
6 7 96 1
6 8 282 1
6 9 356 5
6 10 3 10
6 11 1 24
6 12 23 9
6 13 34 1
6 14 1 24
6 17 18 20
6 19 57 1
6 24 6 17
6 25 99 1
7 0 274 1
7 1 430 1
7 2 41 1
7 4 15 15
7 6 103 1
7 8 10 3
7 9 139 1
7 10 1 19
7 11 223 25
7 12 2 1
7 14 5 8
7 15 36 1
7 17 2 2
7 20 23 2
7 21 1 3
7 25 68 1
7 27 215 3
8 0 80 1
8 1 158 2
8 2 1 11
8 3 111 1
8 4 97 1
8 5 257 1
8 6 313 28
8 6 209 1
8 7 72 27
8 9 193 1
8 10 5 18
8 11 137 1
8 13 174 1
8 16 145 1
8 17 153 1
8 18 240 3
8 21 3 1
8 24 206 1
9 1 28 2
9 2 35 1
9 3 5 1
9 4 2 11
9 5 26 20
9 6 26 1
9 7 263 1
9 8 2 12
9 10 118 1
9 11 419 1
9 12 9 1
9 13 1 25
9 16 132 1
9 18 43 2
9 20 1 7
9 22 46 4
9 25 100 1
9 27 11 28
10 1 71 1
10 2 185 1
10 5 12 4
10 6 3 5
10 7 52 1
10 8 33 1
10 9 2 7
10 11 174 1
10 12 274 1
10 13 55 10
10 14 39 1
10 15 2 21
10 16 1 26
10 17 1 12
10 22 1 21
10 26 1 17
10 27 1 23
11 1 272 1
11 2 50 4
11 3 12 2
11 4 167 1
11 5 20 1
11 6 310 1
11 7 164 1
11 8 38 1
11 9 5 5
11 10 19 18
11 13 2 5
11 14 5 15
11 15 49 12
11 17 227 4
11 23 21 14
11 24 1 9
11 25 7 1
12 0 1 18
12 1 1 2
12 2 107 6
12 5 181 1
12 6 98 1
12 7 1 16
12 9 352 1
12 10 8 6
12 11 1 24
12 13 88 5
12 16 6 7
12 18 4 25
12 20 2 27
12 21 122 2
12 22 1 11
12 23 1 6
12 25 34 1
13 2 8 7
13 7 7 18
13 8 1 26
13 9 3 8
13 10 3 8
13 14 1 11
13 24 3 10
14 1 104 1
14 3 6 11
14 4 1 2
14 7 6 12
14 8 1 21
14 10 22 26
14 11 1 7
14 13 18 1
14 15 70 1
14 23 5 12
14 25 16 5
15 1 8 7
15 7 249 1
15 8 235 1
15 9 129 1
15 10 4 1
15 11 76 1
15 14 1 11
15 22 11 16
16 0 72 1
16 1 96 1
16 3 129 1
16 4 1 25
16 5 67 1
16 6 136 1
16 8 38 1
16 13 2 24
16 15 1 20
16 17 4 12
16 18 44 26
16 24 51 1
16 25 43 5
17 0 12 19
17 1 3 13
17 2 84 1
17 3 1 29
17 4 18 13
17 5 3 1
17 6 19 1
17 7 45 21
17 8 27 17
17 9 1 1
17 10 203 2
17 11 164 3
17 12 126 4
17 16 163 1
17 21 3 22
17 22 55 5
17 25 79 15
18 4 13 16
18 7 1 24
18 8 7 3
18 10 92 1
18 12 2 29
18 16 1 11
18 17 2 29
18 19 4 6
19 0 2 19
19 1 106 1
19 3 6 22
19 6 8 13
19 8 1 12
19 10 109 5
19 11 1 3
19 18 54 1
19 20 3 11
20 1 1 13
20 3 2 10
20 6 1 1
20 7 144 1
20 9 1 29
20 10 160 10
20 11 50 1
20 16 13 12
20 18 1 17
20 19 16 10
20 23 64 1
20 24 76 1
21 1 1 10
21 3 25 12
21 4 71 1
21 11 85 8
21 12 44 27
21 24 7 8
22 0 1 12
22 5 11 21
22 11 7 2
22 13 1 25
22 27 2 8
23 3 7 15
23 4 30 6
23 5 1 5
23 6 70 2
23 7 1 18
23 10 7 9
23 11 256 1
23 16 1 17
24 0 65 1
24 1 157 1
24 2 4 23
24 3 65 1
24 5 84 1
24 8 98 1
24 10 115 2
24 11 42 1
24 12 2 25
24 16 108 1
24 17 1 10
24 20 1 13
24 26 54 1
24 27 2 8
25 1 1 2
25 2 3 18
25 7 149 1
25 10 279 1
25 11 117 15
25 14 4 7
25 16 31 1
25 21 6 1
26 7 11 5
26 11 93 1
26 21 1 9
26 24 4 10
26 27 30 3
27 2 4 14
27 7 38 12
27 10 7 11
27 11 1 22
27 12 10 1
27 13 1 17
27 15 19 18
27 22 1 11
27 25 2 24
27 26 65 1
