0 1 7 15
0 2 1 15
0 3 26 23
0 4 184 1
0 5 30 20
0 6 102 1
0 8 14 1
0 11 80 1
0 15 108 4
0 16 40 8
0 17 66 1
0 18 87 27
0 19 2 19
0 20 241 3
0 24 13 22
0 25 4 29
0 26 69 25
1 0 14 29
1 2 3 12
1 3 25 4
1 4 2 1
1 5 25 27
1 6 14 29
1 7 13 28
1 8 143 13
1 9 1 14
1 11 22 1
1 12 2 10
1 14 1 10
1 15 2 17
1 16 12 4
1 17 366 1
1 19 4 3
1 20 1 27
1 21 1 20
1 23 2 20
1 24 19 10
1 25 115 1
2 0 3 21
2 3 5 14
2 4 21 1
2 6 168 1
2 7 91 1
2 8 131 1
2 11 95 2
2 13 3 3
2 20 5 14
2 22 2 20
2 25 19 2
3 0 443 6
3 1 11 13
3 2 9 22
3 4 163 1
3 5 13 13
3 6 1 15
3 7 291 1
3 8 12 1
3 10 1 17
3 16 35 15
3 19 1 12
3 20 1 13
3 24 13 23
3 25 1 22
3 27 2 20
4 0 400 2
4 1 69 1
4 2 166 1
4 3 7 1
4 5 2 24
4 6 8 1
4 7 2 19
4 8 63 1
4 9 17 10
4 10 2 8
4 12 216 2
4 13 86 1
4 15 11 21
4 16 114 1
4 17 27 1
4 19 125 3
4 20 4 17
4 25 43 2
5 0 21 25
5 1 11 20
5 3 13 17
5 6 142 29
5 8 8 4
5 9 8 17
5 10 2 11
5 11 108 1
5 14 8 1
5 16 13 4
5 18 1 11
5 24 24 13
6 0 1 10
6 1 136 3
6 3 133 1
6 5 268 7
6 7 55 1
6 8 232 8
6 9 3 3
6 10 6 21
6 12 5 11
6 14 1 14
6 15 143 1
6 16 156 3
6 17 2 4
6 18 3 1
6 19 50 1
6 25 91 3
7 0 28 1
7 1 6 2
7 2 18 1
7 3 2 25
7 4 1 24
7 6 205 1
7 8 220 16
7 9 117 1
7 10 3 3
7 11 194 1
7 14 24 16
7 15 15 1
7 17 69 12
7 19 5 25
7 22 68 1
7 23 8 9
7 25 43 1
7 27 208 4
8 0 14 25
8 1 16 15
8 2 249 1
8 3 15 1
8 4 19 27
8 5 18 6
8 6 159 1
8 7 6 20
8 9 180 1
8 10 7 7
8 11 98 1
8 13 160 1
8 15 238 3
8 16 13 8
8 17 135 1
8 18 232 1
8 20 137 1
8 22 18 3
8 23 80 1
8 24 13 27
8 26 135 1
9 1 15 1
9 4 4 25
9 5 8 5
9 6 3 1
9 7 241 1
9 8 3 28
9 10 128 1
9 11 411 1
9 12 84 1
9 13 6 5
9 20 2 24
9 25 94 4
9 26 31 3
10 1 45 1
10 2 149 1
10 3 64 1
10 5 24 14
10 6 3 13
10 7 78 18
10 8 41 1
10 9 4 21
10 11 363 1
10 12 246 1
10 13 3 1
10 14 363 28
10 15 70 19
10 16 1 25
10 17 182 16
10 20 2 14
10 23 1 26
10 24 1 21
10 25 33 2
11 0 12 23
11 1 253 1
11 2 7 20
11 3 2 2
11 5 2 23
11 6 84 1
11 7 49 1
11 8 15 1
11 9 98 15
11 10 3 17
11 13 2 17
11 14 1 2
11 15 8 15
11 18 16 1
11 21 57 4
11 23 3 10
11 24 5 28
12 4 30 2
12 5 162 1
12 6 77 1
12 7 1 21
12 9 288 1
12 13 78 16
12 15 1 29
12 18 2 15
13 4 105 23
13 6 1 2
13 7 126 12
13 8 1 3
13 9 1 5
13 10 118 19
13 11 48 2
13 12 27 24
13 14 1 6
13 25 1 9
13 26 1 2
14 0 1 2
14 3 1 18
14 4 1 14
14 7 1 20
14 8 2 15
14 10 21 1
14 11 5 7
14 12 73 1
14 13 5 1
14 15 40 1
14 22 19 2
14 23 1 4
15 0 86 4
15 2 20 1
15 3 41 4
15 6 20 8
15 7 237 1
15 8 228 1
15 10 200 1
15 11 8 1
15 12 2 27
15 13 9 24
15 14 44 2
15 20 30 1
16 0 14 8
16 1 13 27
16 2 1 21
16 3 13 9
16 4 2 17
16 5 13 10
16 6 129 1
16 7 140 7
16 8 13 8
16 9 1 21
16 17 12 14
16 18 111 28
16 24 13 12
17 0 1 12
17 1 79 11
17 2 66 1
17 3 1 15
17 4 1 21
17 5 153 1
17 6 241 1
17 7 47 13
17 8 1 7
17 10 192 1
17 11 155 1
17 12 121 1
17 13 1 28
17 16 119 1
17 26 11 12
18 0 139 1
18 1 18 29
18 2 78 6
18 4 147 5
18 7 33 11
18 8 9 22
18 9 1 13
18 16 1 21
18 17 3 29
18 20 1 16
18 24 31 1
18 25 46 18
19 0 6 9
19 1 89 1
19 4 4 10
19 7 75 3
19 20 6 23
20 0 1 16
20 1 2 9
20 3 1 11
20 4 218 6
20 8 1 7
20 10 3 7
20 11 61 8
20 13 1 18
20 18 1 28
20 19 7 17
21 1 2 4
21 8 23 1
21 10 2 24
21 13 2 11
21 18 5 16
21 26 17 1
22 6 56 4
22 7 43 3
22 9 11 3
22 10 25 1
22 12 37 1
22 21 1 9
23 6 65 2
23 7 1 9
23 9 44 1
23 10 9 11
23 11 235 1
23 18 38 17
23 19 1 17
23 24 1 4
24 0 13 28
24 1 39 4
24 2 1 1
24 3 13 26
24 5 19 13
24 7 59 1
24 8 13 23
24 16 13 13
24 20 103 21
24 21 2 13
25 0 1 10
25 2 21 8
25 6 6 15
25 7 115 1
25 9 76 4
25 10 272 3
25 11 4 4
25 12 37 1
25 16 30 1
25 24 1 10
25 26 5 12
25 27 1 10
26 2 28 27
26 4 8 29
26 11 84 3
26 24 1 20
27 0 1 26
27 7 1 4
27 10 1 21
27 11 1 24
27 25 3 23
27 26 45 1
