0 1 30 1
0 2 2 10
0 3 73 24
0 4 155 1
0 5 69 3
0 6 78 1
0 8 46 24
0 10 295 3
0 11 65 1
0 12 2 29
0 13 7 16
0 16 143 2
0 17 2 12
0 19 40 16
0 20 2 6
0 24 21 16
1 0 51 20
1 2 1 25
1 3 58 28
1 4 7 19
1 5 46 4
1 6 22 8
1 7 1 3
1 8 63 20
1 10 2 1
1 12 1 27
1 13 66 1
1 15 1 23
1 16 228 5
1 17 328 1
1 19 2 10
1 23 2 26
1 24 221 13
1 27 4 11
2 0 2 12
2 1 4 21
2 3 6 9
2 5 2 4
2 6 128 1
2 7 49 1
2 8 53 1
2 10 144 1
2 11 206 2
2 12 104 1
2 17 8 1
2 20 1 1
2 23 1 6
2 24 20 4
3 0 20 8
3 1 34 25
3 2 15 7
3 4 147 1
3 5 73 12
3 6 46 12
3 7 199 1
3 8 66 3
3 10 5 6
3 12 2 17
3 15 64 15
3 16 21 21
3 24 34 23
3 25 1 26
3 27 1 18
4 0 5 1
4 1 67 1
4 2 151 1
4 3 161 1
4 5 2 10
4 6 353 1
4 8 38 1
4 9 2 2
4 10 239 14
4 11 2 4
4 12 203 1
4 15 1 16
4 16 102 2
4 18 1 29
4 19 120 1
4 25 40 1
4 27 92 3
5 0 20 12
5 1 36 22
5 2 25 23
5 3 21 10
5 4 2 14
5 6 3 20
5 7 346 2
5 8 120 4
5 9 38 27
5 10 7 5
5 16 112 3
5 18 2 12
5 23 1 26
5 24 21 23
6 0 2 15
6 1 129 1
6 2 1 11
6 3 109 1
6 4 1 2
6 5 190 1
6 7 27 1
6 8 341 1
6 9 212 1
6 10 7 21
6 11 383 1
6 12 2 14
6 13 111 17
6 15 136 2
6 16 151 3
6 17 63 4
6 20 233 14
6 21 2 23
6 23 4 5
6 25 84 3
7 0 12 1
7 1 406 1
7 3 3 2
7 4 20 29
7 6 171 1
7 8 2 29
7 10 1 4
7 11 81 1
7 12 2 9
7 14 10 16
7 15 4 1
7 19 12 1
7 20 9 2
7 21 5 20
7 22 61 1
7 24 273 1
7 25 25 2
8 0 61 28
8 1 39 11
8 2 77 1
8 3 19 20
8 4 55 1
8 5 35 1
8 6 212 1
8 7 6 2
8 9 136 1
8 10 9 7
8 11 86 4
8 13 147 1
8 15 237 1
8 16 42 28
8 17 119 1
8 18 224 1
8 20 124 1
8 22 15 1
8 24 57 27
8 26 133 1
8 27 147 3
9 0 264 1
9 2 19 1
9 4 1 8
9 5 7 2
9 8 18 14
9 10 84 1
9 11 401 1
9 12 69 1
9 13 31 18
9 14 34 2
9 16 131 4
9 19 1 7
9 20 2 7
9 21 3 6
9 22 8 8
9 24 93 6
9 25 89 1
10 1 35 1
10 2 119 1
10 3 48 1
10 5 3 29
10 6 144 28
10 7 39 1
10 9 21 5
10 11 333 1
10 12 220 1
10 13 60 14
10 14 100 1
10 15 1 7
10 20 53 10
10 22 61 22
10 23 1 2
10 25 24 1
10 27 1 26
11 0 12 18
11 1 236 2
11 2 57 1
11 4 142 2
11 5 2 14
11 6 302 1
11 8 4 1
11 9 2 9
11 10 15 2
11 12 3 25
11 13 1 27
11 14 2 12
11 15 5 11
11 17 215 1
11 18 156 8
11 19 113 2
11 20 1 2
11 22 1 12
11 23 1 14
11 24 2 11
11 25 1 6
11 26 1 29
12 2 100 3
12 5 145 1
12 6 60 1
12 9 230 1
12 11 4 10
12 13 73 1
12 15 30 19
12 20 17 26
12 22 1 3
12 24 1 17
13 0 1 16
13 4 105 5
13 6 21 6
13 7 1 27
13 8 127 19
13 9 1 17
13 11 40 2
13 12 163 5
13 14 11 22
13 21 15 10
14 0 14 28
14 1 91 1
14 3 8 18
14 6 19 9
14 7 24 11
14 8 6 11
14 10 96 11
14 10 403 1
14 11 4 2
14 12 61 2
14 15 19 1
14 19 3 16
14 23 27 20
14 25 1 26
14 26 1 21
15 3 37 2
15 5 4 10
15 7 198 1
15 10 160 1
15 11 1 5
15 12 1 1
15 14 22 1
15 22 9 1
15 24 10 4
15 27 9 23
16 0 21 6
16 1 21 15
16 3 51 14
16 4 1 25
16 5 72 10
16 6 123 2
16 7 137 1
16 8 38 9
16 15 1 4
16 17 2 11
16 18 2 1
16 19 40 1
16 24 29 29
17 0 1 26
17 1 6 17
17 2 51 2
17 3 1 28
17 4 1 10
17 5 144 1
17 6 237 1
17 7 2 18
17 8 2 22
17 10 182 1
17 11 147 3
17 16 84 1
17 24 2 16
17 25 17 11
17 26 11 1
18 0 131 2
18 1 6 20
18 2 75 1
18 4 322 23
18 5 2 2
18 6 7 22
18 7 1 25
18 8 212 14
18 10 76 3
18 12 2 7
18 16 1 15
18 22 10 9
18 24 30 1
18 25 2 21
18 26 38 9
19 0 2 14
19 1 75 2
19 2 2 7
19 4 41 23
19 6 4 14
19 8 1 26
19 10 101 1
19 12 1 14
19 18 51 1
19 20 10 23
20 1 1 21
20 2 5 1
20 3 18 19
20 7 111 1
20 8 2 27
20 10 2 21
20 11 67 4
20 13 56 10
20 16 1 29
20 18 15 19
20 19 85 4
20 23 60 1
21 1 3 23
21 7 70 5
21 8 20 9
21 12 2 16
21 13 1 7
21 14 1 11
21 23 2 1
21 24 7 9
22 1 8 13
22 11 1 7
22 12 30 3
22 18 4 16
22 19 5 28
22 24 33 9
22 25 6 20
22 27 1 13
23 2 10 10
23 3 1 14
23 5 1 23
23 6 61 6
23 7 51 7
23 11 215 1
23 24 5 26
24 0 42 11
24 1 21 15
24 2 4 24
24 3 20 7
24 5 43 23
24 7 43 2
24 8 33 9
24 10 90 1
24 11 112 1
24 14 9 2
24 15 6 24
24 16 152 4
25 2 5 12
25 3 1 28
25 7 88 1
25 9 71 1
25 10 264 1
25 11 58 14
25 12 34 2
25 15 38 2
25 16 29 4
25 24 2 14
25 27 64 1
26 3 2 26
26 6 100 1
26 7 3 28
26 11 77 1
26 17 1 11
26 19 2 13
26 25 36 2
26 27 28 3
27 3 1 3
27 7 193 6
27 10 6 12
27 11 2 19
27 15 1 11
27 25 3 16
27 26 29 1
