0 1 48 1
0 3 33 16
0 4 123 1
0 5 82 1
0 6 54 1
0 7 370 1
0 8 5 3
0 16 36 20
0 17 1 10
0 18 89 21
0 19 63 6
0 20 1 15
0 24 96 5
1 0 17 21
1 2 28 29
1 3 355 15
1 4 4 1
1 5 249 5
1 6 124 7
1 7 2 8
1 8 12 1
1 10 1 19
1 12 1 17
1 14 15 5
1 15 1 14
1 16 115 10
1 17 4 6
1 19 3 27
1 23 2 3
1 24 18 1
1 25 106 1
2 0 17 19
2 1 4 16
2 3 6 17
2 4 3 1
2 5 7 24
2 6 87 1
2 7 42 1
2 8 6 1
2 9 165 1
2 10 213 29
2 11 87 1
2 13 1 15
2 20 1 16
2 22 1 20
3 0 380 1
3 1 291 3
3 2 79 20
3 4 128 1
3 5 255 3
3 6 1 22
3 7 107 1
3 8 119 12
3 9 7 21
3 10 79 17
3 11 4 20
3 15 2 1
3 16 31 7
3 20 2 6
3 22 30 18
3 23 32 1
3 24 26 1
3 25 1 26
3 26 4 15
4 0 362 1
4 1 360 1
4 2 135 1
4 5 3 12
4 6 310 9
4 8 17 2
4 9 3 9
4 12 187 1
4 13 78 3
4 15 1 4
4 16 89 1
4 17 8 4
4 18 1 4
4 19 113 2
4 20 1 3
4 21 1 29
4 24 1 14
5 0 57 19
5 1 112 29
5 3 93 1
5 4 2 22
5 6 369 1
5 7 344 1
5 8 40 1
5 9 172 19
5 10 6 23
5 11 80 2
5 12 1 23
5 16 78 1
5 17 204 1
5 18 2 26
5 20 3 25
5 21 1 11
5 23 1 3
5 24 28 1
6 0 37 14
6 1 61 1
6 2 3 5
6 3 84 1
6 4 4 2
6 5 231 1
6 7 7 2
6 8 60 1
6 9 184 24
6 10 10 25
6 11 35 1
6 12 4 4
6 13 109 1
6 14 3 29
6 16 145 5
6 17 1 17
6 18 222 2
6 19 37 4
6 25 76 1
6 26 102 4
7 0 214 1
7 1 378 1
7 3 34 2
7 4 108 28
7 5 7 1
7 6 23 1
7 8 1 24
7 9 80 1
7 10 13 16
7 11 125 1
7 12 1 3
7 14 53 2
7 17 3 25
7 22 54 3
7 23 211 1
7 25 11 1
7 26 10 2
8 0 44 1
8 1 37 9
8 2 42 1
8 3 212 1
8 4 9 1
8 5 168 1
8 6 86 1
8 7 25 7
8 9 103 1
8 10 28 21
8 11 60 1
8 12 348 1
8 13 133 1
8 16 6 5
8 17 101 1
8 20 110 2
8 23 67 1
8 24 27 22
8 27 142 6
9 0 263 24
9 3 5 1
9 4 1 1
9 5 5 20
9 6 2 6
9 7 199 1
9 8 174 4
9 10 17 1
9 12 21 1
9 13 1 25
9 14 23 1
9 20 1 7
9 23 96 10
9 27 1 22
10 1 189 1
10 2 87 1
10 3 33 1
10 4 1 17
10 5 56 29
10 6 3 17
10 7 347 1
10 8 3 24
10 9 125 19
10 11 404 1
10 12 191 1
10 13 1 22
10 14 81 1
10 15 5 3
10 16 1 9
10 17 1 2
10 20 2 16
10 21 1 3
10 24 4 28
10 25 14 1
10 27 1 21
11 1 217 1
11 2 1 12
11 3 1 3
11 4 129 2
11 6 55 1
11 7 9 3
11 9 132 19
11 10 149 24
11 12 31 18
11 13 1 4
11 14 10 5
11 15 1 22
11 16 5 24
11 17 207 2
11 18 13 2
11 22 2 16
11 23 6 21
11 24 21 1
11 25 2 1
12 0 1 23
12 1 2 9
12 2 95 6
12 4 14 3
12 5 124 1
12 6 43 2
12 7 4 5
12 9 168 1
12 10 146 3
12 13 66 1
12 16 1 6
12 18 6 14
12 20 22 6
12 23 1 14
13 0 15 20
13 4 103 4
13 6 6 10
13 7 3 12
13 8 15 18
13 11 190 2
13 12 3 1
13 24 1 8
14 0 3 13
14 1 83 2
14 3 1 15
14 5 2 18
14 7 16 1
14 8 1 20
14 10 17 1
14 11 1 1
14 12 48 2
14 16 31 2
14 20 72 5
14 25 1 19
15 7 155 1
15 10 148 1
15 11 3 18
15 12 25 2
15 14 34 1
15 27 1 8
16 0 46 1
16 1 66 1
16 3 12 2
16 5 167 1
16 6 116 1
16 7 133 2
16 8 11 1
16 12 83 28
16 17 247 27
16 18 112 2
16 20 1 12
16 24 1 14
17 0 3 28
17 1 3 12
17 3 14 25
17 4 3 19
17 5 133 1
17 6 212 1
17 7 2 21
17 8 1 4
17 10 171 1
17 11 138 1
17 12 110 1
17 15 13 2
17 16 51 1
17 18 1 4
17 25 22 29
17 26 9 4
18 1 1 10
18 2 70 1
18 6 2 4
18 7 1 10
18 8 4 19
18 10 68 1
18 15 1 17
18 16 1 4
18 20 1 9
19 0 77 22
19 1 61 1
19 2 6 3
19 4 1 18
19 5 1 17
19 8 1 15
19 10 96 2
19 11 156 6
19 20 4 29
20 0 2 2
20 1 11 7
20 3 6 6
20 6 222 1
20 7 95 1
20 11 68 3
20 18 3 20
20 19 2 1
21 6 2 7
21 7 67 2
21 10 9 25
21 12 1 25
21 15 7 3
21 20 33 5
22 8 6 18
22 9 7 2
22 17 29 14
22 19 1 17
22 23 32 18
23 0 1 1
23 3 2 19
23 5 1 22
23 7 2 17
23 10 1 6
23 11 191 1
23 24 8 29
24 0 99 19
24 1 33 1
24 3 67 1
24 4 53 1
24 5 248 6
24 7 29 1
24 8 5 28
24 10 78 1
24 11 130 1
24 15 6 1
24 16 9 18
24 26 37 1
24 27 17 2
25 3 6 9
25 5 38 3
25 7 60 1
25 8 1 13
25 11 67 10
25 17 2 19
25 26 2 8
25 27 37 1
26 2 27 22
26 3 2 15
26 4 2 16
26 7 25 2
26 8 56 1
26 12 2 5
26 23 7 5
26 25 32 2
27 7 196 27
27 11 1 26
27 14 9 18
27 15 20 6
27 17 17 6
27 25 1 16
