0 1 130 1
0 3 298 1
0 4 96 1
0 5 29 1
0 6 36 1
0 7 131 2
0 8 93 1
0 16 294 1
0 19 28 13
0 20 1 20
0 22 63 4
0 24 67 1
0 26 19 13
1 0 247 1
1 2 305 1
1 3 161 1
1 4 147 16
1 5 153 1
1 6 4 15
1 7 17 8
1 8 198 1
1 9 8 20
1 10 1 19
1 16 290 1
1 17 270 1
1 19 23 15
1 20 266 2
1 24 287 1
2 0 2 18
2 1 12 24
2 3 10 4
2 5 16 5
2 6 55 1
2 7 166 1
2 8 1 1
2 10 30 1
2 11 191 1
2 18 1 21
2 20 18 26
2 24 17 1
3 0 180 23
3 1 229 1
3 2 12 28
3 4 111 1
3 5 263 1
3 6 1 13
3 7 49 1
3 8 240 1
3 9 9 21
3 10 12 28
3 11 9 8
3 12 1 2
3 16 54 1
3 17 3 29
3 24 32 12
3 25 2 1
4 0 334 1
4 1 34 1
4 2 116 1
4 3 131 1
4 5 274 1
4 6 273 1
4 8 5 2
4 9 6 2
4 10 6 22
4 11 2 21
4 12 172 1
4 15 1 29
4 16 77 1
4 17 3 3
4 18 12 25
4 19 106 3
4 23 70 2
4 24 1 22
4 25 33 1
5 0 43 1
5 1 131 1
5 2 1 26
5 3 103 1
5 4 27 8
5 6 329 1
5 7 329 1
5 8 185 4
5 9 1 15
5 10 7 1
5 16 135 1
5 17 198 4
5 18 1 23
5 19 38 8
5 24 177 1
5 26 8 22
6 0 7 11
6 1 39 1
6 2 5 3
6 3 62 1
6 4 5 28
6 5 38 8
6 8 2 13
6 9 180 1
6 10 4 14
6 12 2 19
6 16 140 2
6 17 1 15
6 18 211 1
6 19 32 1
6 24 1 16
7 0 180 1
7 1 349 1
7 3 44 18
7 4 25 29
7 5 1 3
7 6 6 1
7 8 11 1
7 9 64 2
7 10 13 24
7 11 13 1
7 12 120 19
7 13 2 19
7 14 33 26
7 17 1 21
7 18 1 5
7 19 4 24
7 21 1 11
7 22 48 2
7 24 28 1
7 25 2 1
7 26 7 5
7 27 184 2
8 0 227 21
8 1 152 1
8 2 353 27
8 3 67 1
8 4 23 1
8 5 175 21
8 6 2 11
8 7 43 6
8 9 80 1
8 10 10 2
8 11 51 1
8 13 119 2
8 14 22 2
8 15 241 1
8 16 154 1
8 17 86 1
8 18 206 1
8 20 98 1
8 23 61 1
8 24 83 1
8 25 1 10
9 0 262 5
9 3 1 23
9 4 2 14
9 5 2 1
9 6 3 10
9 7 178 1
9 8 31 26
9 11 370 2
9 12 346 1
9 15 1 13
9 18 15 1
9 19 1 8
9 25 78 3
10 0 1 3
10 1 175 1
10 2 61 1
10 3 21 1
10 5 5 15
10 6 36 2
10 7 335 1
10 8 9 6
10 9 6 5
10 11 103 1
10 12 165 1
10 13 1 20
10 14 234 1
10 15 2 20
10 19 1 18
10 20 1 24
10 21 134 12
10 27 1 12
11 0 253 19
11 1 198 1
11 2 1 29
11 3 7 14
11 4 118 1
11 5 5 28
11 6 32 1
11 7 17 6
11 9 3 25
11 10 153 3
11 13 6 1
11 14 5 8
11 15 439 1
11 16 6 21
11 17 200 3
11 20 3 9
11 24 143 21
11 25 8 25
11 26 151 26
11 27 2 4
12 1 3 24
12 5 106 1
12 9 116 1
12 11 1 6
12 13 59 1
12 15 1 6
12 17 20 1
12 18 5 14
12 21 92 3
12 23 1 17
12 24 1 19
12 27 1 11
13 0 1 4
13 6 22 26
13 7 17 5
13 8 18 27
13 10 57 15
13 11 184 1
13 12 135 1
13 18 1 10
14 1 76 4
14 4 1 4
14 6 2 3
14 7 1 25
14 8 1 14
14 10 349 1
14 11 359 1
14 12 38 1
14 13 1 10
14 17 116 3
15 0 70 1
15 1 1 16
15 3 29 2
15 5 1 2
15 7 116 1
15 8 192 2
15 9 99 1
15 10 137 1
15 11 5 8
15 12 1 2
15 14 45 1
15 20 74 9
15 25 34 1
15 27 2 26
16 0 197 1
16 1 118 1
16 3 173 3
16 4 1 10
16 5 159 1
16 6 110 1
16 7 129 1
16 8 26 1
16 14 16 10
16 18 224 1
16 19 36 11
16 20 1 25
16 24 282 1
17 0 4 10
17 1 1 25
17 2 25 1
17 3 1 12
17 4 14 8
17 6 189 1
17 7 42 8
17 8 2 5
17 10 160 1
17 16 27 1
17 26 9 2
18 0 115 1
18 1 3 23
18 2 66 1
18 3 3 2
18 4 178 1
18 5 152 5
18 6 9 12
18 7 20 17
18 10 61 3
18 11 1 23
18 12 1 9
18 15 1 11
18 16 119 1
18 17 2 25
18 23 1 26
19 0 3 1
19 1 48 1
19 2 3 24
19 3 2 10
19 4 1 27
19 6 1 3
19 7 51 2
19 18 47 9
19 20 27 19
20 0 9 6
20 1 207 20
20 3 1 15
20 4 207 1
20 5 4 3
20 6 216 2
20 7 80 2
20 8 6 15
20 9 1 3
20 10 1 20
20 11 2 4
20 18 41 21
20 19 49 20
20 22 3 1
21 1 4 1
21 3 27 26
21 6 1 18
21 7 65 1
21 10 1 11
21 23 1 9
22 1 6 1
22 6 44 1
22 10 7 6
22 21 1 2
22 23 31 1
23 0 1 12
23 1 1 29
23 7 1 17
23 10 3 16
23 11 169 1
23 13 1 20
23 15 1 25
23 19 1 1
23 21 11 12
23 24 1 12
24 0 169 1
24 1 138 1
24 3 169 1
24 4 50 1
24 5 55 1
24 7 18 1
24 8 55 2
24 10 66 1
24 11 282 1
24 16 59 9
24 23 3 4
25 1 2 22
25 2 3 25
25 3 2 20
25 6 1 19
25 7 38 1
25 8 7 10
25 10 241 1
25 11 165 16
25 14 1 2
25 15 29 5
25 17 1 26
25 26 6 29
26 7 1 18
26 8 52 1
26 11 60 3
26 18 1 7
26 21 1 5
26 24 2 22
26 25 29 1
26 27 85 1
27 11 6 14
27 17 16 4
27 22 6 16
27 25 1 2
