0 1 341 1
0 3 301 1
0 4 92 1
0 5 245 1
0 7 128 1
0 8 27 1
0 9 1 6
0 10 275 1
0 11 35 1
0 12 21 22
0 13 32 3
0 16 208 1
0 17 1 27
0 18 20 20
0 19 220 27
0 22 62 14
0 24 33 8
1 0 169 1
1 2 289 21
1 3 65 1
1 4 24 17
1 5 72 1
1 6 48 14
1 7 2 12
1 8 181 3
1 9 1 13
1 10 3 27
1 12 1 12
1 14 1 22
1 15 26 8
1 16 242 1
1 17 261 1
1 19 84 7
1 21 1 12
1 23 1 29
1 24 201 1
1 25 100 2
1 27 2 6
2 0 2 27
2 1 6 28
2 3 30 4
2 6 50 1
2 7 159 1
2 8 1 23
2 9 154 3
2 10 27 5
2 11 188 1
2 12 96 1
2 13 1 13
2 21 1 25
2 25 13 1
3 0 5 11
3 1 133 11
3 2 7 24
3 4 108 1
3 5 198 1
3 6 11 14
3 7 39 1
3 8 168 1
3 10 1 12
3 11 11 25
3 12 124 22
3 15 1 26
3 16 110 1
3 17 2 8
3 24 130 3
3 25 1 12
4 0 329 1
4 1 20 8
4 2 112 1
4 3 128 1
4 5 272 19
4 6 259 1
4 7 6 27
4 8 4 1
4 9 2 3
4 11 1 15
4 12 170 1
4 18 1 26
4 26 77 18
5 0 12 17
5 1 40 12
5 3 47 1
5 4 66 2
5 6 241 6
5 7 326 1
5 8 161 1
5 10 16 22
5 11 65 2
5 16 30 6
5 17 197 2
5 21 1 1
5 22 21 17
5 24 90 2
6 0 1 28
6 1 31 1
6 2 7 9
6 3 59 1
6 4 25 24
6 5 88 1
6 8 5 29
6 9 162 1
6 10 64 13
6 11 62 1
6 14 4 23
6 15 119 2
6 17 1 26
6 18 209 2
6 21 2 29
6 24 60 19
7 0 174 1
7 1 344 1
7 2 1 19
7 3 3 23
7 4 109 28
7 5 1 2
7 6 97 1
7 8 3 1
7 9 62 1
7 10 8 23
7 11 5 1
7 14 1 28
7 15 1 4
7 17 3 2
7 18 1 7
7 20 1 2
8 0 34 20
8 1 90 1
8 2 134 1
8 3 24 14
8 4 20 1
8 5 90 25
8 6 4 25
8 7 3 2
8 9 71 1
8 10 144 20
8 11 45 1
8 12 345 1
8 13 117 2
8 14 127 1
8 15 240 2
8 16 68 1
8 17 83 2
8 20 95 2
8 24 267 1
9 4 38 5
9 5 1 6
9 6 4 13
9 7 175 1
9 8 21 10
9 12 337 1
9 14 12 1
9 17 34 4
9 27 2 23
10 0 1 24
10 1 171 1
10 2 57 1
10 5 9 2
10 6 3 23
10 7 327 1
10 8 10 23
10 9 48 21
10 11 88 20
10 12 160 1
10 14 9 6
10 15 2 28
10 16 1 13
10 17 1 3
10 20 54 9
10 22 1 1
10 23 217 1
10 24 5 21
10 25 7 1
10 27 2 12
11 1 195 1
11 2 1 14
11 3 1 25
11 4 116 1
11 5 2 26
11 6 27 1
11 7 11 7
11 9 30 17
11 10 4 27
11 12 1 12
11 13 2 15
11 14 40 22
11 15 425 1
11 18 11 21
11 22 1 5
11 23 1 28
11 24 2 4
11 25 6 22
11 26 1 22
11 27 2 23
12 1 2 27
12 2 91 1
12 5 103 1
12 6 28 1
12 7 1 9
12 9 108 1
12 10 143 2
12 11 1 2
12 13 55 1
12 14 1 28
12 20 3 26
12 22 150 14
12 24 9 2
13 0 3 11
13 4 6 1
13 6 1 9
13 8 154 9
13 9 1 14
13 10 1 25
13 11 181 1
13 12 1 1
13 27 10 6
14 1 75 4
14 4 2 14
14 6 1 25
14 7 2 12
14 8 3 4
14 9 1 20
14 10 10 3
14 11 62 1
14 13 3 20
14 20 70 1
14 22 9 1
14 25 36 12
15 0 69 1
15 2 14 1
15 5 1 10
15 7 110 1
15 8 190 2
15 9 97 3
15 10 132 1
15 11 40 15
15 14 25 1
15 20 32 11
15 26 25 3
15 27 1 21
16 0 110 1
16 1 149 1
16 3 131 1
16 4 1 8
16 5 1 4
16 6 109 1
16 8 115 4
16 9 1 22
16 11 1 6
16 12 84 21
16 18 220 1
16 24 195 1
16 26 38 7
17 0 6 15
17 1 171 26
17 2 23 1
17 3 22 23
17 4 1 6
17 6 185 1
17 7 2 19
17 8 2 28
17 10 158 2
17 11 128 2
17 14 86 1
17 16 23 2
17 19 8 11
17 24 1 3
18 1 1 1
18 4 317 1
18 10 60 1
18 16 117 2
18 26 38 2
19 0 1 16
19 4 1 22
19 8 13 5
19 10 90 2
19 11 153 1
19 20 10 25
20 0 3 22
20 3 1 16
20 6 215 1
20 7 78 1
20 11 4 2
20 16 69 14
20 19 31 1
20 22 1 23
21 8 15 4
21 11 1 14
21 12 2 6
21 19 3 14
22 7 26 2
22 9 4 3
22 13 7 20
22 15 1 12
22 26 15 3
23 1 4 9
23 2 1 17
23 3 1 19
23 4 21 1
23 6 52 4
23 7 6 10
23 10 7 25
23 11 165 1
23 16 1 3
23 24 1 20
24 0 81 11
24 1 64 9
24 3 36 1
24 4 49 4
24 5 289 1
24 8 40 1
24 10 64 2
24 11 110 1
24 12 2 29
24 14 5 1
24 16 101 1
24 23 4 15
24 25 50 1
25 1 7 18
25 3 30 2
25 7 35 1
25 8 2 5
25 10 239 1
25 11 14 29
25 14 5 8
25 16 26 9
25 20 41 7
25 26 7 12
26 2 27 1
26 4 1 27
26 6 97 2
26 8 51 5
26 23 6 1
26 24 32 21
26 27 82 1
27 3 1 11
27 6 92 3
27 10 3 12
27 11 1 24
27 13 4 22
27 15 1 10
27 17 16 4
27 19 17 2
27 25 12 14
