0 1 91 1
0 2 8 2
0 3 100 1
0 4 78 1
0 5 109 1
0 6 24 1
0 7 356 1
0 8 87 1
0 11 28 3
0 16 180 1
0 17 1 27
0 19 73 7
0 20 74 20
0 22 61 10
0 24 27 1
1 0 22 25
1 2 355 1
1 3 1 20
1 4 5 24
1 5 58 1
1 6 52 14
1 7 4 23
1 8 130 1
1 9 1 10
1 10 38 27
1 11 1 3
1 13 54 3
1 14 1 28
1 16 31 18
1 17 220 1
1 19 1 7
1 20 36 2
1 24 24 1
2 0 3 4
2 1 34 14
2 3 20 17
2 6 35 1
2 7 137 1
2 8 3 25
2 9 149 1
2 10 151 1
2 11 75 1
2 14 21 1
2 16 51 1
2 20 1 20
2 23 1 15
2 25 11 1
3 0 85 1
3 1 82 1
3 2 6 2
3 4 98 2
3 5 41 1
3 6 20 6
3 7 11 10
3 8 146 15
3 10 6 14
3 11 1 17
3 13 1 3
3 14 41 1
3 16 63 1
3 19 13 3
3 20 118 2
3 21 25 9
3 24 33 1
3 25 1 21
3 26 2 24
3 27 1 26
4 0 312 1
4 1 365 1
4 2 99 1
4 5 120 1
4 6 249 1
4 7 4 25
4 9 174 11
4 15 4 2
4 18 2 23
4 19 101 1
4 20 10 28
4 21 11 20
4 22 4 18
5 0 49 10
5 1 35 1
5 2 2 7
5 3 30 1
5 4 4 1
5 6 121 1
5 7 316 1
5 8 60 1
5 9 182 1
5 10 9 6
5 11 59 1
5 12 1 29
5 13 1 24
5 16 67 1
5 24 41 2
6 0 1 23
6 1 11 1
6 2 2 29
6 4 5 20
6 5 36 1
6 7 1 12
6 8 30 26
6 9 118 1
6 10 137 29
6 11 30 16
6 12 236 3
6 13 21 22
6 14 1 22
6 16 135 4
6 17 1 7
6 18 202 2
6 20 228 21
6 22 106 2
6 24 56 29
6 25 64 1
7 0 154 1
7 1 326 1
7 2 2 25
7 3 55 15
7 4 2 14
7 6 73 1
7 9 53 1
7 10 2 8
7 11 2 1
7 12 1 23
7 13 2 22
7 14 1 11
7 15 1 27
7 17 1 7
7 18 3 4
7 22 43 1
7 24 260 1
8 0 18 1
8 1 42 1
8 2 92 1
8 3 14 4
8 5 118 17
8 6 19 10
8 7 390 29
8 9 63 1
8 10 204 9
8 11 25 1
8 13 109 2
8 14 184 1
8 16 27 6
8 17 75 1
8 18 198 1
8 19 8 2
8 20 88 2
8 22 6 1
8 24 44 1
8 25 1 15
8 27 134 2
9 2 4 3
9 4 7 26
9 5 1 3
9 6 21 25
9 7 163 1
9 8 2 24
9 10 1 28
9 11 357 1
9 12 310 1
9 13 3 4
9 14 8 4
9 16 128 1
9 17 33 1
9 18 12 2
9 20 48 2
9 24 82 1
9 25 74 4
9 27 2 11
10 0 1 20
10 1 156 1
10 2 44 1
10 3 13 1
10 4 3 27
10 5 16 13
10 6 164 6
10 7 28 1
10 8 8 17
10 9 7 20
10 11 308 1
10 12 146 1
10 13 193 28
10 14 181 1
10 15 1 28
10 19 3 9
10 22 25 2
10 24 1 14
10 27 2 17
11 1 184 1
11 2 2 10
11 5 16 24
11 6 270 1
11 7 31 11
11 8 4 13
11 9 4 7
11 10 54 10
11 12 1 23
11 13 1 15
11 14 12 5
11 15 327 1
11 16 2 28
11 20 1 22
11 22 1 29
11 23 1 3
11 24 56 19
11 25 10 3
11 26 4 2
11 27 2 4
12 2 88 2
12 5 92 1
12 6 21 1
12 7 2 29
12 9 82 1
12 10 276 1
12 13 41 1
12 15 1 17
12 18 6 24
12 20 4 6
12 21 87 1
12 22 150 5
12 23 1 11
12 24 10 18
12 27 1 21
13 6 1 4
13 7 159 17
13 8 26 5
13 9 1 22
13 10 51 7
13 11 16 19
13 12 118 1
13 14 6 2
13 15 4 1
13 17 81 4
13 18 1 14
13 25 1 14
14 1 71 1
14 3 2 22
14 4 22 15
14 5 2 19
14 6 1 7
14 7 1 5
14 8 1 4
14 9 2 25
14 10 167 14
14 11 350 1
14 12 30 2
14 13 3 22
14 16 29 17
14 22 7 2
14 25 16 6
15 0 65 5
15 1 22 26
15 2 12 8
15 5 10 2
15 6 1 6
15 7 90 1
15 8 182 1
15 9 93 1
15 10 159 1
15 11 6 12
15 12 29 9
15 14 42 1
15 16 38 3
15 17 105 9
15 20 32 13
15 25 32 4
16 0 85 1
16 1 43 1
16 2 2 17
16 3 16 2
16 4 1 23
16 5 25 1
16 6 105 1
16 7 126 1
16 8 3 25
16 9 1 13
16 13 5 19
16 17 177 1
16 18 209 1
16 23 19 17
16 24 31 1
16 27 16 4
17 0 2 27
17 1 4 18
17 2 17 3
17 3 1 6
17 4 5 20
17 5 115 1
17 6 172 1
17 7 89 28
17 8 1 26
17 10 152 1
17 11 123 2
17 15 10 1
17 16 13 2
17 19 1 22
18 1 47 4
18 4 311 1
18 7 5 8
18 8 3 2
18 9 1 5
18 10 56 2
18 12 3 17
18 15 1 8
18 16 222 9
18 17 1 24
19 0 5 9
19 2 6 19
19 4 76 16
19 5 1 2
19 6 1 13
19 10 88 2
19 11 151 1
19 16 1 1
19 20 3 25
20 0 4 8
20 1 1 19
20 7 70 1
20 8 2 29
20 9 166 2
20 13 1 11
20 16 71 11
20 18 3 1
20 22 1 4
20 23 55 1
20 24 62 7
20 25 105 1
21 6 1 3
21 7 63 1
21 10 1 14
21 11 1 27
21 13 15 29
21 14 1 11
21 19 3 26
21 24 3 10
22 1 5 3
22 3 11 3
22 9 4 1
22 10 4 3
22 12 13 2
22 23 28 2
23 4 20 1
23 7 5 3
23 10 1 21
23 11 152 1
23 14 2 20
23 15 1 12
23 24 1 10
24 0 40 1
24 1 28 1
24 3 65 1
24 4 47 3
24 5 71 1
24 8 60 1
24 10 58 1
24 11 262 1
24 13 13 9
24 14 4 6
24 15 1 1
24 16 56 1
24 23 1 13
24 25 3 5
24 26 28 4
25 1 33 18
25 3 2 28
25 6 107 5
25 7 25 1
25 10 231 2
25 11 10 8
25 24 2 29
25 26 13 12
25 27 51 1
26 4 3 28
26 7 1 27
26 8 49 4
26 11 55 1
27 7 28 27
27 11 3 5
27 25 14 29
