0 1 38 6
0 2 5 13
0 3 43 21
0 5 59 17
0 7 327 1
0 8 46 27
0 9 1 20
0 10 247 1
0 11 13 1
0 12 57 2
0 13 5 5
0 14 1 9
0 16 56 20
0 17 4 29
0 18 4 7
0 19 67 21
0 20 1 9
0 22 58 12
0 24 80 26
1 0 96 11
1 2 89 1
1 3 20 18
1 4 5 5
1 5 49 21
1 6 4 1
1 7 11 24
1 8 60 27
1 9 12 14
1 10 1 24
1 12 1 12
1 13 48 1
1 16 20 21
1 17 120 1
1 19 5 17
1 23 1 3
1 24 41 5
2 0 1 8
2 1 12 21
2 3 259 1
2 5 6 1
2 6 5 1
2 7 74 1
2 8 4 20
2 9 131 1
2 10 189 4
2 11 59 1
2 15 39 1
2 17 1 15
2 18 2 12
2 20 1 27
3 0 36 26
3 1 20 11
3 2 108 1
3 4 72 1
3 5 21 21
3 6 3 16
3 8 18 21
3 9 1 3
3 10 18 15
3 11 2 22
3 16 31 27
3 17 1 25
3 24 96 1
3 27 1 6
4 0 259 1
4 1 307 1
4 2 62 1
4 3 89 2
4 5 214 18
4 6 187 1
4 7 9 3
4 8 1 1
4 9 2 21
4 12 135 2
4 13 65 1
4 15 4 27
4 16 50 1
4 18 17 3
5 0 150 26
5 1 21 24
5 3 31 27
5 4 66 7
5 6 5 7
5 7 280 1
5 8 48 18
5 9 128 1
5 10 37 26
5 16 41 20
5 17 182 2
5 18 10 10
5 24 20 22
6 0 1 24
6 1 1 27
6 2 2 8
6 3 21 2
6 4 3 19
6 5 19 11
6 7 1 22
6 8 27 13
6 9 311 1
6 10 3 7
6 12 242 2
6 14 3 17
6 15 101 1
6 17 97 22
6 18 181 1
6 19 19 1
6 21 1 23
6 22 100 2
6 23 119 18
6 24 2 28
6 27 116 1
7 0 100 1
7 1 272 1
7 2 2 18
7 3 35 13
7 4 121 8
7 6 24 1
7 8 124 1
7 9 31 1
7 10 16 8
7 11 11 19
7 12 1 16
7 14 1 24
7 15 3 3
7 16 161 1
7 24 248 1
8 0 39 14
8 1 21 11
8 2 259 1
8 3 52 22
8 5 18 9
8 6 170 20
8 9 29 1
8 10 6 23
8 11 9 2
8 12 327 2
8 14 141 29
8 15 217 2
8 16 43 10
8 17 52 2
8 19 1 15
8 20 68 2
8 23 46 3
8 24 20 23
8 25 1 13
8 26 126 1
8 27 126 1
9 0 248 1
9 3 1 24
9 4 43 19
9 5 329 11
9 6 18 21
9 7 128 1
9 8 27 5
9 10 4 28
9 11 322 1
9 12 208 1
9 13 43 12
9 14 1 3
9 17 233 4
9 19 57 7
9 20 5 23
9 22 55 16
9 25 65 3
10 0 1 27
10 1 115 1
10 2 15 1
10 3 2 6
10 4 1 7
10 5 1 10
10 6 3 23
10 7 274 1
10 8 10 19
10 9 5 3
10 11 43 27
10 12 104 1
10 13 74 2
10 14 9 13
10 15 1 10
10 17 3 23
10 20 165 8
10 24 16 5
10 27 6 1
11 0 114 12
11 1 153 1
11 2 1 6
11 3 1 2
11 4 90 1
11 6 225 1
11 7 15 4
11 8 1 3
11 9 1 29
11 10 96 1
11 12 1 7
11 13 1 3
11 14 16 19
11 15 231 1
11 16 2 19
11 18 10 10
11 20 3 8
11 22 2 24
11 23 2 27
11 24 11 14
11 25 4 16
11 26 1 21
11 27 2 29
12 1 3 8
12 2 80 2
12 5 63 2
12 8 1 11
12 9 24 1
12 10 132 2
12 11 1 12
12 13 17 1
12 14 1 7
12 23 2 9
12 24 1 10
12 25 17 2
13 3 1 13
13 5 10 23
13 8 1 13
13 9 1 12
13 10 9 22
13 11 1 1
13 12 75 1
13 14 33 1
13 17 78 1
13 22 3 4
13 27 8 19
14 0 1 8
14 1 60 2
14 3 56 5
14 4 1 29
14 5 2 27
14 6 1 2
14 8 9 27
14 9 1 10
14 10 183 1
14 11 35 1
14 13 4 26
14 15 2 4
14 16 28 1
14 17 112 4
14 19 4 26
14 24 42 2
15 6 3 26
15 7 39 1
15 8 159 1
15 9 78 1
15 10 128 1
15 11 12 11
15 13 22 1
15 14 9 1
15 23 1 23
15 25 25 1
15 26 22 5
15 27 12 3
16 0 29 6
16 1 22 29
16 3 42 27
16 4 1 22
16 5 88 8
16 8 32 22
16 13 9 21
16 14 14 1
16 17 249 1
16 18 71 1
16 19 33 1
16 20 14 8
16 22 8 24
16 24 103 1
17 0 1 10
17 1 169 21
17 3 2 12
17 4 1 12
17 5 97 2
17 7 5 21
17 8 1 9
17 10 133 2
17 11 109 1
17 18 1 14
17 20 1 11
17 22 44 9
17 25 105 19
17 26 7 1
18 0 95 3
18 1 1 17
18 3 1 2
18 4 156 1
18 6 5 29
18 7 2 1
18 9 1 11
18 16 207 1
18 17 36 7
19 1 22 1
19 2 6 1
19 20 49 24
19 24 2 17
20 0 1 12
20 1 18 23
20 2 168 1
20 3 1 21
20 4 194 3
20 6 200 1
20 7 49 1
20 8 14 17
20 11 1 21
20 18 1 8
20 19 147 1
21 6 10 11
21 10 1 29
21 11 1 11
21 18 7 11
21 24 4 8
22 6 34 2
22 12 6 1
22 20 69 8
22 23 19 3
23 0 4 22
23 2 1 7
23 5 1 29
23 7 8 19
23 9 24 1
23 10 3 17
23 11 114 1
23 20 5 5
23 26 1 21
24 0 41 6
24 1 93 4
24 2 6 18
24 3 21 18
24 5 21 26
24 6 7 7
24 8 43 20
24 10 41 1
24 11 189 1
24 12 2 4
24 16 56 8
24 23 57 3
24 25 1 4
25 0 1 10
25 1 1 15
25 2 2 8
25 6 1 28
25 7 5 1
25 9 46 4
25 10 207 1
25 11 312 1
25 15 18 1
25 19 18 26
25 24 1 17
25 26 9 14
25 27 46 1
26 8 43 4
26 11 42 3
26 19 13 7
26 24 1 27
26 27 52 1
27 0 69 6
27 8 151 2
27 10 1 1
27 11 3 11
27 15 4 8
