0 1 15 13
0 2 325 1
0 3 16 18
0 5 16 13
0 7 317 1
0 8 161 11
0 9 1 22
0 10 242 2
0 11 11 1
0 12 62 1
0 16 15 4
0 18 25 13
0 19 21 19
0 21 62 11
0 23 2 12
0 24 15 27
0 25 1 13
1 0 48 19
1 2 316 1
1 3 50 18
1 4 5 27
1 5 77 1
1 6 46 24
1 7 2 5
1 8 51 4
1 9 22 9
1 10 1 15
1 14 3 26
1 15 3 15
1 16 59 1
1 17 102 1
1 19 4 17
1 20 284 1
1 24 15 9
2 0 2 29
2 1 23 16
2 3 227 1
2 4 1 1
2 6 2 4
2 7 64 1
2 8 26 9
2 10 183 1
2 11 170 1
2 14 1 13
2 15 38 11
2 21 20 2
2 24 12 2
2 26 31 3
3 0 44 28
3 1 49 22
3 2 376 1
3 4 67 1
3 5 33 1
3 6 1 27
3 8 87 20
3 9 8 28
3 11 15 5
3 12 122 10
3 16 59 14
3 19 11 1
3 20 168 2
3 24 53 12
3 25 9 5
4 0 248 1
4 1 268 1
4 2 56 1
4 3 84 1
4 5 80 1
4 6 155 1
4 7 6 27
4 8 1 3
4 9 14 29
4 12 130 2
4 13 63 2
4 14 3 17
4 16 46 1
4 18 8 29
4 19 87 2
4 20 2 10
4 22 4 20
4 25 24 3
5 0 42 16
5 1 52 17
5 3 15 19
5 4 8 23
5 6 14 5
5 7 273 1
5 8 17 21
5 9 245 1
5 10 1 10
5 11 37 1
5 12 8 8
5 15 37 1
5 16 171 28
5 18 2 10
5 23 1 21
5 24 99 17
6 0 1 19
6 1 2 23
6 2 21 15
6 3 17 1
6 4 6 11
6 5 19 14
6 7 2 19
6 8 26 29
6 9 272 8
6 10 32 7
6 11 392 1
6 12 2 11
6 14 5 5
6 16 123 1
6 17 5 27
6 18 177 1
6 24 87 5
6 25 50 1
7 0 91 1
7 1 262 1
7 2 6 12
7 3 9 28
7 4 121 29
7 6 17 1
7 8 89 1
7 9 27 2
7 10 138 15
7 11 104 11
7 12 9 24
7 13 3 20
7 14 1 28
7 15 4 1
7 18 1 16
7 19 73 19
7 22 32 1
7 23 5 1
7 24 242 1
7 25 1 15
7 27 158 1
8 0 17 3
8 1 35 26
8 2 222 1
8 3 35 17
8 5 31 19
8 6 51 14
8 7 4 15
8 9 19 1
8 10 16 26
8 13 83 1
8 14 175 1
8 15 214 1
8 16 16 16
8 17 48 1
8 18 177 1
8 19 2 6
8 20 65 1
8 22 1 13
8 24 31 29
9 1 1 10
9 4 113 15
9 5 9 1
9 6 63 7
9 7 122 1
9 8 1 14
9 10 9 2
9 11 315 1
9 12 189 1
9 16 124 5
9 17 231 4
9 19 66 28
9 26 20 5
9 27 3 15
10 1 107 1
10 2 11 1
10 3 1 3
10 4 1 6
10 5 6 6
10 6 10 28
10 7 258 1
10 8 10 22
10 9 5 29
10 11 180 1
10 12 97 1
10 13 12 1
10 14 70 1
10 15 3 14
10 19 1 11
10 20 166 5
10 22 19 1
10 23 5 5
10 27 4 4
11 0 260 1
11 1 147 1
11 2 6 26
11 3 5 26
11 4 86 2
11 5 20 3
11 6 215 1
11 7 14 27
11 8 1 8
11 9 4 19
11 10 19 18
11 13 1 11
11 14 41 29
11 15 233 1
11 18 151 1
11 20 3 23
11 22 4 16
11 23 35 25
11 24 1 22
11 25 58 1
11 27 2 4
12 0 1 6
12 1 3 22
12 5 58 1
12 6 5 1
12 7 91 2
12 8 1 2
12 9 17 1
12 10 127 1
12 13 116 1
12 14 2 13
12 18 1 27
12 20 4 28
12 21 70 1
12 22 3 17
12 24 9 5
13 6 35 20
13 7 51 24
13 11 154 1
13 12 67 1
13 14 26 1
13 15 2 16
13 18 37 13
13 22 3 8
13 23 1 19
14 0 1 4
14 6 26 20
14 7 4 18
14 8 2 4
14 9 2 26
14 10 150 8
14 11 299 1
14 13 1 11
14 15 12 1
14 19 1 12
14 22 2 11
14 27 28 1
15 3 18 1
15 7 32 1
15 9 75 3
15 10 117 1
15 11 18 7
15 22 3 1
16 0 15 22
16 1 128 21
16 3 81 16
16 5 161 15
16 6 91 1
16 7 117 1
16 8 15 7
16 9 1 21
16 12 1 11
16 13 6 24
16 17 31 1
16 18 63 1
16 19 32 1
16 20 14 1
16 24 15 17
17 0 42 6
17 1 434 1
17 3 1 17
17 4 7 22
17 6 127 1
17 8 4 24
17 9 1 8
17 12 90 4
17 14 78 3
17 18 9 10
18 4 143 1
18 5 145 4
18 6 1 22
18 7 4 23
18 11 1 13
18 13 35 10
18 14 1 10
18 16 199 1
18 23 1 20
19 0 1 29
19 4 3 3
19 10 78 2
19 20 159 21
20 0 3 15
20 2 18 1
20 3 18 10
20 4 192 4
20 6 197 3
20 7 45 1
20 8 2 27
20 18 5 20
20 19 21 1
20 23 51 1
20 24 57 2
20 27 1 24
21 1 39 25
21 11 92 8
21 14 3 6
21 16 1 1
21 18 1 7
21 22 1 29
21 24 4 10
22 1 2 14
22 6 33 1
22 7 14 2
22 14 1 4
22 17 23 3
22 20 69 1
22 23 17 3
23 0 2 21
23 1 7 15
23 3 3 5
23 7 2 20
23 9 23 5
23 10 1 21
23 11 107 1
23 13 2 10
23 14 1 12
23 21 8 6
23 22 1 2
24 0 41 25
24 1 38 21
24 3 55 23
24 5 30 4
24 6 1 25
24 8 120 8
24 10 38 2
24 11 88 1
24 12 2 3
24 14 1 14
24 16 99 3
25 0 1 26
25 1 3 7
25 2 2 7
25 4 1 16
25 7 2 5
25 8 2 9
25 10 202 1
25 11 8 13
25 16 24 5
25 17 1 17
25 19 2 28
26 7 3 11
26 8 42 1
26 10 138 1
26 11 40 3
26 15 6 1
26 22 20 1
26 27 46 1
27 3 4 2
27 5 10 13
27 11 1 6
27 15 4 4
27 25 1 19
