0 1 88 1
0 2 304 1
0 3 200 13
0 4 19 1
0 5 160 7
0 7 290 1
0 8 100 11
0 9 3 29
0 11 4 1
0 14 1 22
0 15 72 1
0 16 45 1
0 17 8 20
0 19 27 1
0 20 388 8
0 21 61 11
0 24 10 5
1 0 38 26
1 2 163 1
1 3 112 1
1 4 9 12
1 5 99 1
1 6 38 1
1 7 1 28
1 8 190 1
1 9 1 8
1 10 15 20
1 12 137 1
1 14 28 23
1 15 1 10
1 16 15 23
1 17 51 1
1 18 17 3
1 19 1 24
1 20 275 2
1 21 1 12
1 24 363 1
2 0 9 8
2 1 53 14
2 3 60 1
2 7 34 1
2 8 6 20
2 9 114 2
2 10 269 1
2 11 166 8
2 13 1 6
2 15 37 3
2 20 1 12
3 0 148 3
3 1 64 21
3 2 220 1
3 5 34 21
3 6 2 26
3 7 6 6
3 8 331 1
3 9 25 13
3 11 3 28
3 12 121 2
3 16 37 1
3 19 66 26
3 20 92 1
3 24 323 4
3 26 5 3
4 0 213 1
4 1 160 1
4 2 36 1
4 3 67 1
4 5 19 1
4 6 83 1
4 7 8 1
4 8 2 12
4 9 5 20
4 10 11 1
4 11 1 21
4 14 1 13
4 16 36 1
4 17 2 27
4 18 12 8
4 19 79 4
4 26 74 2
5 0 142 1
5 1 112 14
5 3 74 1
5 4 7 25
5 6 21 12
5 7 246 1
5 8 205 29
5 9 213 1
5 10 1 5
5 11 26 3
5 12 3 21
5 16 71 10
5 17 171 1
5 24 92 17
5 26 4 8
6 1 15 4
6 2 2 23
6 3 6 4
6 4 151 22
6 5 21 20
6 7 5 21
6 8 176 21
6 9 194 1
6 10 6 6
6 11 37 1
6 13 85 2
6 16 116 1
6 17 8 17
6 18 162 1
6 19 13 3
6 25 42 4
7 0 62 1
7 1 226 1
7 2 11 23
7 3 7 19
7 4 1 17
7 5 1 25
7 8 305 19
7 9 16 3
7 10 2 19
7 11 15 4
7 12 8 19
7 13 4 6
7 15 6 14
7 17 1 29
7 18 7 3
7 23 198 1
7 24 223 1
7 25 1 2
7 27 146 1
8 0 18 1
8 1 25 12
8 2 106 1
8 3 204 1
8 4 1 9
8 5 153 13
8 6 352 7
8 7 387 1
8 9 9 2
8 10 4 14
8 14 134 1
8 15 200 2
8 16 136 21
8 18 165 1
8 19 3 6
8 20 53 1
8 24 135 1
9 4 6 14
9 5 139 1
9 6 5 15
9 8 2 11
9 10 15 16
9 11 289 1
9 12 128 1
9 13 1 9
9 17 225 1
9 18 1 7
9 25 57 3
10 0 1 19
10 1 83 1
10 4 2 13
10 5 2 28
10 6 191 18
10 7 208 1
10 8 40 12
10 9 4 9
10 11 120 1
10 12 73 1
10 13 339 1
10 14 23 1
10 15 1 27
10 16 15 10
10 20 7 5
10 22 55 8
10 24 1 8
11 0 256 2
11 1 127 1
11 3 21 4
11 5 2 19
11 6 190 1
11 7 24 24
11 8 8 16
11 9 1 4
11 10 2 24
11 12 2 29
11 13 1 23
11 14 8 5
11 15 188 1
11 18 149 1
11 19 78 1
11 22 2 10
11 24 1 4
11 25 7 3
11 27 4 3
12 1 2 28
12 2 73 2
12 7 93 17
12 8 1 22
12 9 1 1
12 10 118 1
12 11 5 1
12 13 98 1
12 14 1 29
12 15 3 1
12 17 9 1
12 18 1 26
12 20 1 17
12 22 1 1
12 24 1 29
12 27 1 9
13 0 4 27
13 2 1 7
13 3 1 15
13 7 1 19
13 8 3 3
13 9 19 20
13 10 2 3
13 11 133 2
13 22 4 5
14 1 51 1
14 3 1 25
14 6 2 14
14 7 4 20
14 8 1 9
14 9 1 5
14 10 74 1
14 11 274 1
14 13 2 24
14 15 1 28
14 22 1 7
14 25 33 8
14 27 27 1
15 5 7 22
15 7 12 1
15 8 137 1
15 9 66 2
15 10 62 1
15 11 35 5
15 12 1 7
15 22 1 11
15 26 21 9
16 0 65 1
16 1 98 24
16 3 66 6
16 4 9 15
16 5 166 1
16 8 22 1
16 9 6 18
16 11 1 14
16 12 85 19
16 15 43 29
16 17 178 1
16 18 157 1
16 20 1 13
16 24 11 8
17 1 147 1
17 4 70 19
17 5 82 2
17 6 104 1
17 8 1 6
17 10 118 1
17 12 84 2
17 18 1 25
17 19 4 5
17 20 4 11
17 25 1 16
18 0 84 1
18 1 6 18
18 2 48 3
18 4 239 1
18 5 141 1
18 6 1 25
18 9 3 27
18 10 36 2
18 12 1 7
18 14 1 27
18 16 97 1
18 20 1 4
18 25 2 5
19 0 289 4
19 1 10 4
19 2 12 29
19 6 1 2
19 9 88 6
19 14 20 25
19 15 14 8
19 20 23 1
20 0 1 29
20 1 1 17
20 2 10 2
20 3 10 28
20 4 186 2
20 7 33 1
20 8 2 9
20 9 160 1
20 10 1 12
20 11 1 22
20 13 2 1
20 15 4 5
20 16 73 10
20 19 301 1
20 24 53 5
21 1 1 18
21 4 53 1
21 10 16 15
21 11 8 9
21 12 79 25
21 18 1 21
22 5 2 12
22 6 28 4
22 7 10 4
22 8 1 2
22 11 1 9
22 14 1 11
22 15 2 6
22 16 4 28
22 27 15 21
23 0 1 27
23 3 2 14
23 6 38 2
23 7 81 23
23 11 84 1
23 12 1 17
23 15 11 19
23 24 1 18
24 0 230 1
24 1 77 1
24 3 34 1
24 5 166 2
24 8 89 12
24 10 29 1
24 11 37 1
24 12 1 27
24 14 1 1
24 16 161 1
24 20 102 3
24 26 14 2
25 1 2 22
25 2 26 3
25 6 10 13
25 8 4 6
25 10 184 1
25 11 323 1
25 26 1 4
26 1 1 1
26 7 1 15
26 13 1 18
26 24 75 19
26 25 15 2
26 27 27 2
27 11 3 6
27 13 1 26
27 20 83 3
27 22 7 17
