0 1 31 1
0 2 267 1
0 3 413 1
0 5 182 1
0 7 76 1
0 8 281 1
0 9 1 25
0 14 2 20
0 15 64 2
0 16 13 1
0 17 3 4
0 19 4 1
0 20 14 1
0 24 14 1
1 0 102 1
1 2 53 1
1 3 4 6
1 4 271 6
1 5 194 1
1 6 17 1
1 7 11 15
1 8 186 1
1 9 37 13
1 10 2 16
1 11 2 26
1 12 2 12
1 16 122 1
1 19 1 5
1 20 263 1
1 23 3 15
1 24 136 1
1 26 91 19
2 0 2 12
2 1 110 5
2 3 83 1
2 4 6 21
2 5 105 3
2 6 1 18
2 7 10 2
2 8 57 23
2 9 99 1
2 10 226 1
2 11 158 2
2 13 1 15
2 17 1 15
2 18 6 10
2 20 1 22
2 24 8 9
2 25 5 1
3 0 57 6
3 1 31 1
3 2 58 1
3 4 35 1
3 5 36 2
3 6 1 12
3 7 11 27
3 8 42 1
3 9 1 16
3 10 3 5
3 11 1 25
3 16 19 1
3 19 65 4
3 20 155 1
3 23 22 1
3 24 53 1
3 27 7 27
4 0 172 1
4 1 98 1
4 2 18 2
4 3 49 2
4 5 219 1
4 6 80 1
4 7 1 9
4 8 2 1
4 9 2 10
4 10 410 2
4 11 1 29
4 12 95 1
4 13 53 6
4 14 4 26
4 15 1 2
4 16 25 1
4 18 8 22
4 19 71 1
4 25 17 5
4 26 72 10
5 0 70 1
5 1 66 1
5 3 50 1
5 4 3 28
5 6 19 25
5 7 213 1
5 8 186 1
5 9 68 1
5 12 1 18
5 16 61 1
5 18 1 21
5 22 17 9
5 24 41 1
5 25 1 7
5 26 1 22
6 1 4 11
6 2 14 25
6 4 19 18
6 5 8 13
6 7 3 6
6 8 369 27
6 8 137 14
6 9 81 1
6 10 2 23
6 11 9 1
6 12 243 1
6 16 107 2
6 17 240 28
6 18 145 1
6 20 209 1
6 21 1 11
6 25 35 1
7 0 35 1
7 1 185 1
7 2 4 15
7 3 2 18
7 5 5 9
7 6 1 23
7 8 250 1
7 10 2 22
7 11 259 19
7 13 1 8
7 15 16 11
7 17 1 18
7 18 7 28
7 20 2 10
7 24 197 1
7 25 1 27
7 27 132 2
8 0 120 1
8 1 15 1
8 2 21 1
8 3 43 1
8 4 3 25
8 5 50 1
8 6 445 26
8 7 342 1
8 10 9 1
8 11 1 14
8 14 119 1
8 15 183 1
8 16 38 1
8 17 23 3
8 18 150 1
8 19 2 21
8 23 31 3
8 24 59 1
8 25 4 16
8 26 119 9
9 0 226 1
9 1 1 10
9 4 21 4
9 5 136 1
9 6 95 25
9 7 78 1
9 8 6 20
9 10 84 27
9 11 257 1
9 12 70 1
9 13 3 28
9 17 216 1
9 19 1 7
9 20 77 28
9 27 8 11
10 1 58 2
10 4 17 7
10 6 4 20
10 7 154 1
10 8 8 14
10 9 42 20
10 11 66 1
10 12 49 1
10 13 318 1
10 15 7 10
10 17 1 6
10 19 7 4
10 20 1 16
10 22 125 1
10 23 206 4
10 24 26 8
10 27 12 9
11 0 251 19
11 1 105 1
11 2 6 11
11 3 2 20
11 5 10 2
11 6 154 1
11 7 34 20
11 8 6 16
11 9 92 6
11 10 4 9
11 13 2 7
11 14 44 25
11 15 115 1
11 17 159 1
11 25 137 8
11 27 7 27
12 0 1 15
12 1 8 23
12 2 67 3
12 5 25 1
12 7 112 6
12 9 1 3
12 10 111 1
12 13 67 1
12 14 1 24
12 20 1 18
12 21 52 2
12 22 139 1
12 27 4 15
13 4 92 1
13 10 348 1
13 11 110 1
13 12 22 1
13 14 15 1
13 15 5 1
13 25 4 21
14 0 2 3
14 3 2 29
14 4 17 24
14 6 1 25
14 7 2 24
14 8 3 6
14 9 7 2
14 10 22 1
14 11 216 1
14 13 19 14
14 15 1 11
15 0 41 5
15 5 1 3
15 10 135 1
15 11 2 28
15 13 2 2
15 14 1 24
15 16 34 4
15 18 1 20
15 27 16 26
16 0 63 1
16 1 25 1
16 3 71 1
16 4 1 14
16 5 24 1
16 6 76 1
16 8 65 1
16 13 1 18
16 17 160 1
16 18 146 1
16 20 1 27
16 24 78 1
17 0 306 22
17 1 410 1
17 3 1 2
17 4 2 3
17 6 80 1
17 7 17 27
17 8 1 3
17 9 1 16
17 10 104 1
17 11 86 2
17 12 77 4
17 14 70 3
17 16 4 6
17 18 1 24
17 20 7 11
18 0 74 1
18 1 4 9
18 4 119 1
18 6 6 25
18 8 250 27
18 9 1 12
18 12 3 16
18 13 33 1
18 16 92 1
18 17 2 19
18 23 1 12
19 0 286 1
19 18 39 1
19 20 170 3
20 0 17 18
20 1 232 21
20 2 1 14
20 3 1 9
20 6 178 1
20 7 22 1
20 8 1 24
20 11 1 1
20 13 1 10
20 18 66 25
20 19 24 1
20 22 3 11
21 4 49 2
21 5 6 23
21 6 2 4
21 9 88 2
21 19 2 18
21 22 2 10
22 6 24 2
22 7 6 5
22 15 1 9
22 23 5 2
23 1 1 24
23 2 1 20
23 5 1 17
23 7 1 24
23 8 2 2
23 9 16 6
23 11 60 1
23 24 1 5
23 25 1 4
23 27 1 6
24 0 31 1
24 1 37 1
24 3 15 1
24 4 33 6
24 5 45 6
24 7 1 7
24 8 36 1
24 11 3 1
24 12 8 21
24 16 25 1
24 20 100 14
24 27 15 1
25 0 3 18
25 1 1 10
25 4 2 13
25 7 1 27
25 8 2 18
25 9 33 1
25 10 163 1
25 11 237 1
25 17 1 4
25 27 32 1
26 7 1 8
26 8 34 8
26 11 25 2
26 19 3 3
26 20 74 21
26 27 11 1
27 2 9 24
27 3 4 19
27 8 140 1
27 11 5 15
27 12 1 26
27 25 1 15
27 26 1 21
