0 1 48 6
0 2 238 1
0 3 225 21
0 5 16 13
0 6 1 16
0 7 250 1
0 8 28 16
0 9 2 11
0 10 195 2
0 12 4 11
0 13 4 3
0 15 59 3
0 16 15 24
0 18 2 8
0 19 200 1
0 20 8 1
0 22 51 10
0 24 15 3
1 0 20 2
1 2 5 1
1 3 16 7
1 4 2 16
1 5 130 10
1 6 243 1
1 7 4 24
1 8 13 28
1 9 4 9
1 10 56 17
1 11 1 18
1 14 1 3
1 15 4 27
1 16 23 28
1 17 1 2
1 18 246 3
1 19 1 21
1 20 253 1
1 22 32 3
1 23 3 20
1 24 15 4
1 25 70 5
2 0 1 21
2 1 429 23
2 3 11 1
2 4 1 25
2 6 2 26
2 7 1 4
2 8 41 9
2 9 89 1
2 10 195 1
2 11 139 1
2 14 56 12
2 20 2 7
2 23 1 10
3 0 13 27
3 1 16 19
3 2 3 1
3 4 25 1
3 5 17 20
3 6 1 4
3 7 4 7
3 8 13 12
3 9 15 27
3 10 1 8
3 11 49 6
3 16 16 19
3 17 9 20
3 20 216 1
3 22 25 16
3 24 16 27
3 25 2 7
4 0 144 1
4 1 83 1
4 5 34 1
4 6 40 1
4 7 1 21
4 8 4 18
4 9 7 3
4 11 79 13
4 12 83 1
4 13 50 1
4 16 18 3
4 17 2 20
4 18 12 28
4 19 64 1
4 20 14 1
4 27 80 3
5 0 23 11
5 1 16 17
5 3 32 2
5 4 156 27
5 6 9 24
5 7 189 1
5 8 20 4
5 9 20 1
5 10 236 28
5 12 2 28
5 13 3 28
5 15 30 3
5 16 16 21
5 17 151 2
5 18 80 29
5 24 25 11
5 26 1 12
6 0 2 1
6 1 30 19
6 2 59 14
6 4 67 8
6 5 106 1
6 7 7 7
6 8 316 1
6 9 29 1
6 10 279 11
6 11 352 1
6 13 74 1
6 14 1 12
6 15 70 1
6 17 4 22
6 18 132 2
6 21 52 5
6 23 121 13
6 25 29 3
6 26 97 9
7 0 20 1
7 1 158 1
7 2 2 18
7 3 1 29
7 4 1 29
7 5 1 1
7 6 3 16
7 8 202 1
7 9 3 1
7 10 4 25
7 11 52 2
7 14 1 4
7 15 2 27
7 17 16 18
7 19 108 21
7 20 1 26
7 21 2 12
7 22 16 5
7 23 183 2
7 24 181 2
7 25 2 8
7 27 123 1
8 0 16 28
8 1 16 5
8 3 17 24
8 4 1 23
8 5 10 10
8 6 145 1
8 7 277 1
8 10 111 1
8 11 2 7
8 12 283 1
8 13 44 1
8 14 125 1
8 16 16 20
8 19 2 9
8 23 27 2
8 24 15 15
8 25 2 3
8 26 117 6
9 1 3 9
9 4 2 18
9 5 56 1
9 6 8 10
9 7 63 1
9 8 7 2
9 10 20 21
9 11 235 1
9 12 38 1
9 13 31 3
9 14 1 22
9 15 18 4
9 19 70 24
9 24 57 5
10 1 43 1
10 3 1 28
10 4 3 4
10 7 119 1
10 8 18 12
10 9 82 29
10 11 32 1
10 12 35 1
10 13 299 1
10 14 2 5
10 16 2 22
10 22 48 1
10 24 7 23
10 25 1 28
11 0 96 1
11 1 91 1
11 2 2 29
11 3 24 29
11 4 53 2
11 5 1 22
11 6 129 1
11 7 321 3
11 8 31 25
11 9 1 5
11 10 189 4
11 13 2 12
11 14 2 27
11 15 37 1
11 17 151 3
11 20 1 13
11 21 27 1
11 22 1 23
11 24 4 23
11 25 5 2
11 26 201 19
11 27 26 8
12 0 1 7
12 1 12 21
12 5 16 1
12 7 1 20
12 8 7 13
12 9 1 9
12 10 218 1
12 11 18 19
12 13 48 1
12 14 1 18
12 17 4 5
12 18 7 5
12 23 2 1
12 24 6 19
12 26 52 21
13 0 2 29
13 3 3 2
13 6 4 13
13 9 1 26
13 10 337 1
13 11 94 1
13 12 10 3
13 17 72 3
13 22 1 25
14 1 37 4
14 2 1 14
14 8 32 25
14 9 1 9
14 10 28 1
14 11 175 1
14 13 2 22
14 15 1 2
14 16 23 12
14 17 105 1
14 20 54 1
14 24 33 2
15 4 3 25
15 5 1 17
15 8 105 2
15 9 48 3
15 10 108 1
15 11 20 18
15 13 17 2
15 14 3 9
15 20 32 3
15 23 12 22
16 0 15 12
16 1 30 4
16 3 15 19
16 4 9 1
16 5 28 16
16 6 70 1
16 8 15 15
16 10 1 2
16 17 137 1
16 18 14 1
16 20 1 26
16 23 16 1
16 24 15 2
17 0 306 24
17 1 379 1
17 4 1 14
17 5 61 1
17 7 193 11
17 8 1 16
17 12 73 1
17 16 7 7
17 18 48 9
17 19 1 11
17 25 1 23
18 0 67 1
18 1 1 25
18 4 74 1
18 5 127 1
18 6 1 27
18 7 2 19
18 9 4 11
18 12 1 19
18 13 32 3
18 14 1 10
18 16 145 1
19 0 280 1
19 2 1 4
19 4 4 4
19 8 4 23
19 10 63 2
19 11 127 1
19 12 1 1
19 17 1 12
19 20 275 1
20 0 44 13
20 2 150 1
20 3 121 3
20 6 171 1
20 7 15 2
20 10 1 13
20 11 1 29
20 18 1 23
20 19 212 1
20 24 47 5
20 25 96 5
20 27 2 18
21 7 48 1
21 14 3 4
21 17 2 19
21 22 14 22
22 13 7 9
22 14 4 3
22 15 1 2
22 16 1 21
22 17 19 1
22 24 27 2
23 1 1 8
23 6 30 1
23 7 18 19
23 9 14 3
23 13 3 4
23 14 10 8
23 15 7 14
23 16 1 5
23 24 4 3
24 0 15 20
24 1 15 2
24 3 15 25
24 4 31 1
24 5 19 13
24 6 11 21
24 7 1 17
24 8 14 19
24 9 1 3
24 10 13 3
24 11 115 1
24 15 9 2
24 16 27 26
24 17 100 1
24 20 99 7
24 23 6 1
24 26 6 6
25 0 13 17
25 1 2 7
25 4 2 11
25 6 53 6
25 7 2 11
25 10 148 1
25 11 243 1
25 12 14 3
25 14 6 25
25 15 5 4
25 17 5 25
26 11 21 1
27 2 1 14
27 4 1 20
27 7 4 1
27 11 1 6
27 12 1 10
27 13 4 10
27 15 1 9
27 23 2 11
27 24 2 26
27 25 1 23
27 26 1 25
