0 1 52 2
0 2 212 1
0 3 19 16
0 5 46 13
0 6 1 14
0 7 47 1
0 8 55 16
0 9 16 17
0 10 184 2
0 12 3 20
0 15 55 3
0 16 54 22
0 17 88 1
0 18 1 15
0 19 169 13
0 20 384 1
0 23 2 19
0 24 22 6
1 0 42 15
1 2 1 23
1 3 47 26
1 4 1 8
1 5 21 1
1 6 202 1
1 7 2 4
1 8 35 21
1 9 1 8
1 10 1 25
1 11 1 26
1 13 31 1
1 14 92 19
1 15 1 24
1 16 36 26
1 18 238 2
1 20 244 1
1 24 35 22
2 0 1 22
2 1 14 1
2 3 1 22
2 4 1 3
2 5 95 3
2 6 4 5
2 8 73 1
2 9 80 2
2 10 169 1
2 11 132 1
2 16 28 7
2 17 10 6
2 18 2 13
2 20 7 28
3 0 21 28
3 1 24 20
3 2 2 7
3 4 18 3
3 5 35 18
3 6 16 12
3 7 4 6
3 8 92 3
3 9 4 18
3 10 1 23
3 11 2 2
3 12 114 4
3 13 2 15
3 14 20 16
3 16 44 21
3 19 66 3
3 20 201 1
3 24 23 15
3 27 1 3
4 0 123 1
4 1 64 1
4 2 4 1
4 3 29 2
4 5 114 1
4 6 32 1
4 7 1 26
4 8 5 26
4 9 12 15
4 10 1 21
4 11 1 13
4 12 73 1
4 15 1 15
4 18 182 16
4 19 59 1
4 24 108 15
5 0 101 2
5 1 179 12
5 3 71 19
5 4 3 27
5 6 162 1
5 7 170 1
5 8 34 14
5 10 106 1
5 12 1 25
5 13 1 27
5 16 25 26
5 18 26 22
5 20 131 6
5 24 80 10
6 0 253 1
6 1 4 20
6 2 52 5
6 4 2 25
6 5 194 1
6 7 3 29
6 8 371 27
6 9 5 1
6 10 52 11
6 11 339 1
6 12 59 1
6 14 1 13
6 15 64 1
6 17 241 13
6 18 122 1
6 20 198 1
6 21 1 14
6 22 84 1
6 25 25 1
6 26 96 6
7 0 10 1
7 1 136 1
7 2 4 8
7 3 1 12
7 4 4 16
7 5 2 14
7 6 10 6
7 8 126 1
7 9 1 1
7 10 6 9
7 11 8 15
7 13 8 1
7 14 1 29
7 15 93 2
7 17 18 28
7 20 1 6
7 22 13 1
7 23 175 1
7 24 166 1
7 25 3 20
7 27 114 3
8 0 41 19
8 1 49 20
8 2 1 10
8 3 32 19
8 4 3 7
8 5 17 14
8 6 347 1
8 7 181 1
8 9 1 14
8 10 56 1
8 12 272 2
8 13 36 2
8 14 100 1
8 15 160 2
8 16 46 12
8 20 27 1
8 23 23 5
8 24 90 16
8 25 12 13
8 26 115 1
8 27 101 2
9 0 209 3
9 1 9 13
9 4 4 13
9 5 7 1
9 6 3 21
9 7 52 1
9 8 7 1
9 10 206 21
9 11 216 1
9 12 18 1
9 14 1 23
9 16 118 4
9 19 2 25
9 21 98 2
9 23 75 1
9 24 54 3
9 25 41 4
10 0 8 17
10 1 32 1
10 2 3 27
10 4 5 27
10 5 1 1
10 6 55 5
10 7 93 1
10 8 2 29
10 9 13 1
10 11 11 1
10 12 25 1
10 13 281 1
10 14 2 7
10 15 7 1
10 17 266 2
10 18 1 7
10 22 47 1
10 24 1 25
11 0 245 1
11 1 79 2
11 2 11 29
11 3 34 25
11 4 47 1
11 6 110 1
11 7 242 1
11 8 2 6
11 10 1 3
11 13 9 17
11 14 4 1
11 15 4 2
11 16 6 7
11 18 143 6
11 20 1 6
11 21 24 2
11 22 2 24
11 23 1 23
11 24 181 9
11 25 3 21
12 0 1 23
12 2 59 5
12 9 2 3
12 10 207 1
12 11 1 16
12 14 2 16
12 16 1 13
12 21 40 2
12 24 1 17
13 4 86 2
13 8 1 13
13 10 323 1
13 11 82 1
13 27 6 6
14 1 33 4
14 4 7 25
14 8 3 12
14 9 1 22
14 10 6 1
14 11 143 1
14 13 57 1
14 15 11 8
14 16 22 10
14 20 52 1
15 1 120 1
15 5 1 1
15 8 95 1
15 9 43 1
15 10 86 1
15 11 19 3
15 14 6 21
15 17 103 3
15 18 2 15
15 27 16 20
16 0 31 15
16 1 22 6
16 3 63 20
16 4 2 8
16 5 68 29
16 6 65 2
16 8 22 23
16 17 197 1
16 18 99 1
16 19 26 1
16 23 15 25
16 24 22 14
16 27 11 19
17 1 173 1
17 4 6 23
17 6 52 1
17 7 4 27
17 10 87 3
17 13 1 24
17 15 2 3
17 16 1 17
17 18 1 24
17 19 1 25
18 0 61 2
18 1 2 26
18 4 232 1
18 6 1 7
18 7 1 19
18 9 3 5
18 16 128 1
19 0 15 1
19 6 1 6
19 11 124 1
19 17 1 18
19 18 36 1
19 20 264 1
19 21 3 16
20 0 7 19
20 1 233 22
20 3 16 23
20 5 14 26
20 6 164 1
20 8 10 8
20 11 3 29
20 18 1 15
20 19 4 1
20 22 1 20
20 25 95 2
20 27 9 14
21 1 50 9
21 6 15 15
21 8 5 1
21 10 1 21
21 11 2 28
21 12 1 27
21 17 4 18
22 6 18 4
22 10 1 18
22 16 2 10
22 18 1 1
22 25 16 4
23 0 2 22
23 10 1 8
23 11 34 1
23 15 1 15
23 20 1 5
23 22 1 4
23 25 2 1
24 0 22 20
24 1 22 3
24 3 91 24
24 5 23 6
24 7 2 22
24 8 61 8
24 11 86 1
24 12 16 13
24 16 69 26
24 23 5 27
24 27 31 6
25 0 16 14
25 2 46 10
25 3 1 21
25 4 7 18
25 5 26 1
25 7 2 5
25 8 2 4
25 10 135 1
25 11 173 1
25 12 12 7
25 15 3 1
25 17 6 26
25 18 4 2
25 19 18 20
25 20 22 3
25 23 4 29
25 24 5 16
26 6 86 2
26 7 7 26
26 10 126 3
26 24 1 5
27 1 3 11
27 6 67 5
27 7 221 5
27 8 132 1
27 9 1 1
27 10 176 2
27 12 1 10
27 13 5 22
27 26 6 26
