0 2 171 1
0 3 210 1
0 5 171 15
0 7 17 20
0 8 379 1
0 9 1 18
0 11 1 9
0 12 1 26
0 16 68 14
0 17 294 1
0 19 140 1
0 20 1 11
0 21 57 22
0 22 48 2
0 23 6 16
0 24 112 12
1 0 161 1
1 2 6 5
1 3 40 1
1 4 20 1
1 5 209 5
1 6 251 1
1 7 1 29
1 8 42 1
1 9 1 29
1 10 102 18
1 12 1 1
1 15 32 20
1 16 64 1
1 17 2 11
1 18 226 1
1 19 1 26
1 20 230 1
1 22 27 5
1 24 86 2
1 25 60 1
2 0 69 23
2 1 397 3
2 3 27 21
2 4 7 6
2 5 86 3
2 6 3 2
2 8 192 29
2 9 66 3
2 10 130 1
2 16 24 8
2 18 1 9
2 19 1 1
2 20 9 18
2 25 1 13
3 0 9 1
3 1 124 22
3 2 8 19
3 4 9 4
3 5 151 21
3 6 2 28
3 7 4 21
3 8 6 29
3 9 8 28
3 10 15 9
3 11 14 21
3 14 18 2
3 15 43 2
3 16 65 8
3 17 2 29
3 18 101 11
3 19 61 2
3 20 176 1
3 23 17 2
3 24 179 24
3 25 1 2
4 0 91 1
4 1 13 1
4 3 18 1
4 5 52 1
4 6 16 1
4 7 58 19
4 8 15 15
4 9 7 4
4 10 382 1
4 11 2 26
4 12 58 1
4 15 1 5
4 16 8 1
4 17 1 25
4 18 2 11
4 19 51 4
4 26 68 2
5 0 137 1
5 1 166 5
5 3 24 8
5 4 228 1
5 6 245 1
5 7 139 1
5 8 100 1
5 9 4 12
5 10 307 1
5 11 2 8
5 12 2 23
5 13 1 17
5 14 1 17
5 16 285 1
5 17 132 1
5 21 8 26
5 24 51 7
5 26 1 16
6 0 246 1
6 1 15 20
6 2 1 9
6 4 5 14
6 5 116 1
6 7 108 13
6 8 218 1
6 10 433 1
6 11 305 1
6 13 68 1
6 14 2 3
6 15 55 2
6 17 104 20
6 18 106 1
6 19 2 2
6 20 188 1
6 22 79 1
6 24 58 27
6 25 19 2
7 0 1 2
7 1 103 1
7 2 4 28
7 3 2 1
7 4 13 17
7 5 1 20
7 6 8 12
7 8 122 1
7 10 37 24
7 11 180 21
7 13 13 1
7 14 1 26
7 15 44 19
7 18 1 19
7 23 161 1
7 24 140 1
7 25 19 6
7 27 101 2
8 0 14 1
8 1 53 1
8 2 3 22
8 3 81 22
8 4 2 22
8 5 19 23
8 6 37 20
8 7 151 1
8 9 1 27
8 10 362 1
8 11 2 24
8 13 25 3
8 14 80 1
8 15 143 1
8 16 5 1
8 17 5 1
8 19 3 8
8 20 18 3
8 23 18 5
8 24 113 1
8 25 5 14
8 27 94 4
9 0 196 2
9 1 2 28
9 2 1 18
9 4 4 29
9 5 4 14
9 6 4 9
9 7 36 2
9 8 6 15
9 10 9 26
9 11 185 1
9 12 1 3
9 13 2 16
9 14 2 15
9 15 1 8
9 17 193 1
9 18 1 16
9 23 70 6
9 24 49 1
9 26 12 1
10 0 2 19
10 1 18 1
10 3 5 20
10 4 1 7
10 6 224 1
10 7 57 1
10 8 1 1
10 9 363 12
10 13 248 1
10 14 20 5
10 24 2 9
10 25 2 2
11 0 322 2
11 1 62 1
11 2 14 13
11 3 3 3
11 5 11 17
11 6 82 1
11 7 267 1
11 8 2 17
11 13 1 29
11 14 7 27
11 15 1 29
11 16 3 17
11 17 135 1
11 22 1 6
11 23 3 1
11 24 75 1
11 27 22 9
12 0 1 15
12 6 1 11
12 8 1 12
12 9 9 17
12 10 85 1
12 11 5 17
12 13 16 1
12 14 1 14
12 16 14 19
12 18 8 29
12 20 16 16
12 23 1 19
12 25 6 3
13 0 2 6
13 1 1 5
13 6 76 19
13 10 297 1
13 11 62 2
13 14 1 19
13 15 7 1
13 21 18 1
13 22 1 5
13 26 3 26
14 1 27 2
14 4 1 23
14 5 65 3
14 6 2 7
14 7 16 4
14 8 1 7
14 9 44 20
14 11 96 1
14 12 1 25
14 15 8 1
14 17 101 1
14 19 1 20
14 20 48 8
14 23 42 1
14 24 28 2
15 5 11 19
15 7 2 16
15 8 78 2
15 9 34 2
15 10 56 1
15 11 11 1
15 12 56 26
15 13 10 8
15 14 3 8
15 24 1 20
16 0 18 19
16 1 1 29
16 3 24 1
16 5 61 2
16 6 57 2
16 7 93 1
16 8 160 1
16 9 1 15
16 15 42 1
16 17 80 1
16 18 71 1
16 20 1 21
16 23 15 5
16 24 72 14
17 0 1 1
17 1 310 1
17 4 77 6
17 5 43 2
17 7 1 4
17 9 14 4
17 10 76 1
17 12 63 1
17 13 6 23
17 16 1 4
17 20 10 26
17 22 35 3
17 24 93 11
17 25 105 21
18 0 52 2
18 1 5 6
18 4 174 1
18 6 1 23
18 7 91 18
18 8 249 1
18 9 1 27
18 10 15 5
18 13 29 4
18 16 103 1
18 25 1 22
19 0 238 1
19 2 1 19
19 4 1 13
19 7 6 7
19 8 2 16
19 14 19 4
19 20 188 1
20 0 127 28
20 1 35 15
20 2 126 1
20 3 1 13
20 7 4 3
20 8 1 11
20 9 147 1
20 11 5 20
20 14 1 28
20 19 70 1
20 24 42 1
21 3 28 2
21 4 42 4
21 10 2 6
21 11 2 20
21 14 8 25
21 24 1 21
22 21 6 23
22 25 16 14
23 1 4 15
23 2 1 17
23 5 1 25
23 7 85 24
23 9 9 1
23 11 19 1
23 15 20 1
23 18 32 5
24 0 16 14
24 1 106 23
24 2 3 6
24 3 159 2
24 4 25 5
24 5 53 11
24 6 1 13
24 7 2 14
24 8 22 8
24 9 2 11
24 10 4 4
24 11 47 1
24 12 24 1
24 16 6 12
24 18 4 2
24 23 63 1
24 26 2 1
24 27 30 1
25 1 11 10
25 7 3 18
25 8 1 20
25 9 20 1
25 10 115 1
25 11 151 1
25 17 1 18
25 19 2 24
25 20 19 1
25 23 4 5
25 24 1 23
25 27 7 1
26 2 21 2
26 11 12 1
26 14 8 3
26 17 1 18
26 22 17 1
27 2 1 3
27 6 63 2
27 8 125 2
27 11 14 9
27 12 1 14
27 20 78 5
27 22 1 15
27 26 16 5
