0 1 51 1
0 2 137 1
0 3 300 1
0 5 54 12
0 6 5 6
0 7 187 1
0 8 30 1
0 10 152 1
0 13 4 21
0 15 43 4
0 16 11 29
0 19 106 1
0 20 359 1
0 23 1 4
0 24 231 1
1 0 16 16
1 2 5 15
1 3 394 1
1 4 316 1
1 5 29 1
1 6 58 1
1 7 1 21
1 8 367 3
1 9 2 5
1 10 16 12
1 11 3 7
1 12 3 20
1 14 1 29
1 15 1 10
1 16 58 12
1 17 2 27
1 18 211 2
1 20 217 1
1 22 25 1
1 24 126 1
1 25 55 4
2 0 12 18
2 1 80 1
2 3 12 7
2 4 14 16
2 5 78 2
2 6 2 22
2 7 1 10
2 8 112 10
2 9 56 1
2 10 100 1
2 11 97 1
2 12 55 1
2 15 28 2
2 17 1 4
2 18 10 23
3 0 11 16
3 1 115 1
3 2 81 5
3 5 70 1
3 6 1 3
3 7 240 15
3 8 72 1
3 9 9 16
3 10 19 13
3 11 2 5
3 12 108 4
3 17 2 14
3 20 154 1
3 21 22 8
3 24 156 1
3 25 1 13
3 27 8 8
4 0 67 1
4 3 10 3
4 5 12 1
4 7 5 11
4 8 61 18
4 10 363 1
4 11 77 10
4 13 38 2
4 15 1 13
4 18 1 15
4 23 48 3
5 0 218 1
5 1 189 1
5 2 99 1
5 3 165 1
5 4 206 1
5 6 287 1
5 7 114 1
5 8 14 21
5 9 11 28
5 10 30 1
5 12 1 14
5 16 120 1
5 18 2 22
5 19 27 1
5 21 2 25
5 23 1 27
5 24 70 1
6 0 8 1
6 1 5 8
6 2 1 22
6 3 1 9
6 4 90 12
6 5 156 1
6 7 5 19
6 8 116 1
6 9 6 1
6 10 271 1
6 11 276 1
6 12 226 1
6 13 60 2
6 14 2 19
6 15 47 1
6 17 4 23
6 19 1 1
6 20 180 1
6 22 74 6
6 27 97 1
7 1 79 1
7 2 82 6
7 3 287 1
7 4 226 7
7 5 4 9
7 6 4 27
7 8 81 1
7 10 40 18
7 11 390 4
7 15 3 12
7 17 19 19
7 19 1 1
7 20 1 19
7 23 150 1
7 24 118 1
7 25 2 18
8 0 134 1
8 1 114 1
8 2 51 24
8 3 65 1
8 4 2 15
8 5 273 1
8 6 300 1
8 7 273 1
8 9 2 8
8 10 176 1
8 11 4 5
8 13 18 1
8 14 69 1
8 15 128 1
8 16 140 1
8 17 1 7
8 18 107 1
8 19 18 29
8 20 12 1
8 21 1 19
8 23 15 1
8 24 269 1
8 25 28 27
9 0 185 1
9 1 1 18
9 2 6 16
9 4 1 12
9 5 6 12
9 7 25 1
9 8 356 1
9 10 12 26
9 11 160 1
9 13 7 23
9 14 12 4
9 15 5 9
9 25 30 2
10 0 30 5
10 2 4 20
10 4 15 4
10 5 20 1
10 6 261 1
10 7 33 1
10 8 288 1
10 9 289 1
10 11 1 28
10 13 219 1
10 14 12 23
10 15 345 1
10 17 250 1
10 18 5 4
10 19 3 11
10 22 39 1
10 24 3 22
10 25 6 16
11 0 309 1
11 1 49 1
11 2 2 9
11 3 1 25
11 4 29 2
11 5 4 28
11 6 61 1
11 7 100 1
11 8 27 12
11 13 12 19
11 14 21 1
11 15 7 1
11 17 126 3
11 18 140 3
11 19 49 1
11 20 2 13
11 22 36 8
11 23 53 1
11 24 204 1
11 25 201 1
11 27 1 11
12 0 2 20
12 1 2 15
12 2 49 1
12 4 3 10
12 6 1 18
12 8 1 27
12 9 22 27
12 10 178 1
12 11 1 15
12 13 5 2
12 14 3 28
12 17 1 1
12 20 19 3
12 23 88 14
13 0 1 16
13 1 1 16
13 3 2 25
13 6 3 3
13 7 206 3
13 10 272 1
13 11 48 2
14 1 22 3
14 2 6 25
14 8 1 10
14 9 6 20
14 10 2 1
14 11 63 1
14 13 5 1
14 15 6 1
14 17 98 2
14 27 22 11
15 6 168 5
15 7 9 22
15 8 65 1
15 9 27 1
15 10 35 1
15 11 48 1
15 12 2 24
15 13 7 4
15 14 1 1
15 17 2 3
15 21 13 24
15 23 4 21
15 24 1 15
16 0 22 1
16 1 42 27
16 3 78 1
16 4 1 12
16 5 80 2
16 8 7 3
16 11 1 29
16 17 46 25
16 18 46 1
16 19 22 6
16 24 25 1
17 1 239 1
17 2 1 25
17 3 18 4
17 4 1 14
17 5 35 1
17 7 1 12
17 8 2 12
17 10 66 3
17 11 57 1
17 14 56 4
17 16 4 16
17 18 1 9
17 24 92 1
18 0 45 4
18 1 1 16
18 2 26 3
18 4 129 1
18 6 2 16
18 8 8 21
18 9 2 28
18 10 12 1
18 16 25 1
18 17 1 2
18 20 1 26
19 0 227 1
19 1 1 16
19 4 6 3
19 6 2 9
19 7 4 1
19 8 7 7
19 10 49 1
19 14 19 6
19 20 30 1
20 0 48 25
20 1 35 10
20 3 9 2
20 4 152 1
20 5 18 20
20 10 1 6
20 11 2 7
20 19 21 1
20 25 89 5
21 4 40 5
21 6 15 28
21 7 40 1
21 9 77 3
21 10 1 9
21 11 1 20
21 18 12 29
21 20 24 1
21 23 24 10
22 0 1 4
22 10 1 3
22 11 13 27
22 14 6 28
22 19 6 1
22 20 66 4
23 1 7 27
23 7 86 18
23 10 1 23
23 11 10 1
23 12 2 13
23 15 2 25
23 17 74 6
23 20 1 14
24 0 34 18
24 1 312 1
24 3 160 1
24 5 34 3
24 7 2 24
24 8 173 1
24 9 2 17
24 11 22 1
24 12 25 8
24 16 151 1
24 23 4 1
24 25 24 1
24 27 41 7
25 1 1 20
25 3 2 23
25 5 22 1
25 6 6 18
25 7 10 3
25 11 128 1
25 17 5 21
25 19 2 25
25 27 2 7
26 2 20 11
26 3 6 14
26 7 8 17
26 12 1 19
26 15 26 15
26 24 80 22
26 27 2 13
27 0 9 17
27 7 211 2
27 10 12 6
27 12 1 10
27 15 1 15
27 22 11 6
27 25 23 1
27 26 45 29
