0 1 3 11
0 2 116 1
0 3 42 1
0 4 1 2
0 5 16 1
0 6 1 24
0 7 166 1
0 8 142 1
0 11 1 25
0 12 1 4
0 13 5 20
0 15 40 1
0 16 165 6
0 18 1 27
0 19 94 1
0 20 346 1
0 24 60 1
0 25 131 6
1 0 105 22
1 2 43 7
1 3 181 1
1 4 388 28
1 5 109 1
1 6 175 1
1 7 1 8
1 8 105 1
1 9 3 25
1 10 19 4
1 11 27 19
1 12 229 4
1 14 54 12
1 16 30 1
1 17 9 15
1 18 202 1
1 19 2 23
1 20 209 2
1 24 51 13
1 25 52 1
1 26 87 10
1 27 95 2
2 1 320 1
2 3 39 24
2 4 41 25
2 6 57 18
2 7 1 27
2 8 128 2
2 9 49 2
2 10 82 1
2 11 86 1
2 12 52 1
2 14 51 1
2 16 19 4
2 17 1 12
2 18 4 2
2 22 17 11
3 0 12 22
3 1 17 1
3 2 6 10
3 5 1 20
3 7 244 22
3 8 48 1
3 9 34 8
3 11 2 26
3 16 72 1
3 17 39 4
3 18 98 2
3 19 53 2
3 20 141 1
3 24 49 1
3 25 1 26
3 27 1 1
4 0 53 1
4 1 1 29
4 7 1 28
4 8 2 18
4 9 6 25
4 10 350 1
4 11 3 16
4 12 40 1
4 15 51 14
4 18 4 20
4 21 1 19
4 22 30 1
5 0 44 2
5 1 19 1
5 2 11 2
5 3 80 1
5 4 157 1
5 6 146 1
5 7 99 1
5 8 272 1
5 9 8 6
5 10 293 1
5 12 5 20
5 13 1 27
5 14 1 21
5 16 98 1
5 17 115 2
5 18 1 14
5 19 26 1
5 21 24 9
5 24 61 1
5 25 1 22
5 26 1 6
6 0 181 1
6 1 5 6
6 2 1 11
6 3 3 20
6 4 1 4
6 5 65 1
6 7 268 3
6 8 269 1
6 9 3 21
6 10 123 1
6 11 257 1
6 12 104 1
6 14 3 18
6 16 78 1
6 18 85 1
6 20 175 1
6 25 12 1
7 1 65 1
7 2 23 20
7 3 281 1
7 4 3 27
7 5 11 4
7 6 2 28
7 8 28 1
7 10 425 21
7 11 43 1
7 13 15 3
7 15 51 10
7 17 226 15
7 19 56 8
7 20 20 20
7 21 33 11
7 23 142 2
7 24 105 1
7 25 18 15
7 27 84 2
8 0 31 1
8 1 202 1
8 2 48 9
8 3 22 2
8 4 6 20
8 5 66 1
8 6 159 2
8 7 251 1
8 9 2 22
8 10 321 1
8 11 6 13
8 12 227 1
8 13 14 1
8 14 52 1
8 15 119 1
8 16 62 1
8 18 100 1
8 20 9 2
8 24 5 1
8 25 11 17
8 27 85 1
9 0 178 1
9 1 1 1
9 3 167 1
9 4 1 6
9 5 23 4
9 6 333 24
9 7 19 1
9 8 234 1
9 10 155 17
9 11 145 1
9 12 3 4
9 13 3 29
9 14 2 15
9 15 3 27
9 19 1 14
9 20 1 16
9 23 64 6
9 24 41 6
9 26 10 1
10 0 1 7
10 2 3 28
10 4 1 6
10 5 5 9
10 6 185 1
10 7 21 2
10 8 289 22
10 9 215 8
10 11 1 7
10 12 2 1
10 13 201 1
10 14 7 22
10 15 333 2
10 17 245 2
10 18 1 1
10 19 3 21
10 23 174 1
10 24 1 2
10 25 10 28
10 27 1 18
11 0 298 1
11 1 42 1
11 2 7 1
11 3 5 18
11 7 219 1
11 8 5 22
11 9 277 1
11 10 104 17
11 15 13 21
11 16 1 20
11 19 46 1
11 20 4 12
11 23 255 2
11 24 79 19
11 25 420 1
11 27 3 13
12 0 1 21
12 1 2 11
12 3 2 25
12 6 1 27
12 8 1 18
12 9 2 9
12 10 162 1
12 11 4 23
12 13 2 1
12 14 1 22
12 15 102 2
13 1 1 14
13 3 1 29
13 5 27 6
13 7 203 3
13 10 255 1
13 11 40 1
13 14 1 4
13 17 64 7
13 22 7 19
14 4 84 27
14 6 1 10
14 7 312 6
14 8 2 3
14 9 52 13
14 10 5 23
14 11 45 1
14 13 16 1
14 15 116 1
14 17 96 1
14 23 37 6
14 24 23 8
14 25 8 1
15 1 20 1
15 6 166 1
15 7 4 13
15 8 57 1
15 9 23 1
15 10 24 1
15 11 266 1
15 14 3 7
15 19 2 18
15 23 1 10
15 24 1 23
16 0 116 1
16 1 32 1
16 3 77 1
16 5 35 1
16 6 48 1
16 7 85 3
16 8 44 1
16 11 3 2
16 17 145 1
16 18 32 1
16 20 1 27
16 24 8 4
17 1 108 1
17 2 1 25
17 4 3 9
17 5 31 1
17 6 17 1
17 8 1 25
17 11 52 4
17 12 55 1
17 13 3 5
17 16 2 23
17 20 4 4
18 0 41 1
18 1 4 23
18 2 24 1
18 4 103 1
18 5 98 1
18 7 8 26
18 8 245 1
18 9 3 19
18 10 9 1
18 12 8 11
18 15 3 9
18 16 70 1
18 17 5 14
18 23 3 2
19 0 204 1
19 2 1 10
19 3 52 1
19 4 1 3
19 8 23 28
19 11 108 3
19 13 1 26
19 20 125 4
19 24 1 14
20 0 31 28
20 2 106 1
20 3 1 12
20 6 139 1
20 8 2 3
20 11 18 22
20 12 6 22
20 14 2 1
20 16 1 14
20 18 1 23
20 19 4 1
21 4 39 1
21 5 1 12
21 10 1 16
21 11 121 7
21 12 1 1
21 14 1 16
22 8 163 1
22 9 1 3
22 11 18 4
22 13 2 10
22 14 1 7
22 18 1 24
22 21 3 22
22 24 18 1
22 25 2 17
22 27 1 7
23 0 13 25
23 3 1 9
23 7 26 21
23 8 1 2
23 10 208 10
23 12 2 22
23 14 1 18
23 18 31 1
23 20 13 15
24 0 22 1
24 1 101 1
24 3 35 1
24 5 109 1
24 6 56 11
24 8 25 1
24 11 11 1
24 16 43 3
24 19 19 2
25 1 1 12
25 3 12 24
25 4 1 14
25 5 20 7
25 6 106 20
25 7 25 4
25 8 71 13
25 10 89 1
25 11 79 1
25 14 8 3
25 17 6 5
25 23 1 12
25 26 1 13
26 0 79 7
26 3 25 1
26 6 80 2
26 10 117 2
26 15 26 3
26 17 1 13
27 1 5 7
27 4 1 25
27 6 56 4
27 7 207 1
27 8 117 2
27 15 3 21
27 17 5 1
27 20 76 1
27 24 6 8
27 26 2 18
