0 1 156 18
0 2 44 1
0 3 32 13
0 4 5 19
0 5 26 3
0 6 2 24
0 7 91 4
0 8 347 5
0 10 106 1
0 11 4 12
0 12 83 21
0 13 5 29
0 14 5 17
0 16 107 4
0 17 307 1
0 19 21 1
0 20 284 1
0 23 1 23
0 24 241 8
1 0 52 22
1 2 5 22
1 3 374 5
1 4 376 1
1 5 2 7
1 6 25 1
1 7 31 28
1 8 2 9
1 9 1 23
1 10 1 24
1 16 3 28
1 17 5 6
1 18 161 1
1 20 174 1
1 21 4 1
1 22 18 1
1 24 3 20
1 25 40 2
2 0 37 1
2 1 44 1
2 3 11 1
2 4 1 9
2 6 2 22
2 7 11 2
2 8 225 1
2 9 26 1
2 10 25 1
2 11 43 1
2 12 40 2
2 15 22 1
2 17 2 26
2 19 9 8
2 22 18 25
2 23 15 5
2 27 1 23
3 0 56 24
3 1 103 20
3 2 53 29
3 5 3 2
3 6 5 15
3 7 3 14
3 8 4 16
3 11 15 27
3 16 4 22
3 17 2 24
3 18 91 1
3 22 19 8
3 24 49 9
3 27 15 22
4 0 13 2
4 1 11 24
4 2 1 6
4 5 3 24
4 6 13 3
4 8 14 15
4 9 325 1
4 10 291 1
4 13 27 3
4 14 1 26
4 17 7 9
4 20 202 1
4 22 37 25
4 24 108 3
5 0 84 24
5 1 89 13
5 3 107 24
5 4 108 1
5 6 24 13
5 7 47 1
5 8 125 24
5 9 5 12
5 10 236 1
5 12 61 6
5 14 1 10
5 16 3 20
5 19 22 1
5 24 39 7
6 0 214 1
6 1 23 11
6 3 3 22
6 4 310 1
6 5 21 2
6 7 47 16
6 8 21 22
6 9 75 7
6 10 65 1
6 11 180 1
6 12 199 1
6 14 3 22
6 18 54 1
6 26 88 1
7 0 7 10
7 1 20 1
7 2 5 23
7 3 201 1
7 4 1 2
7 5 7 2
7 6 2 10
7 10 1 27
7 11 76 6
7 12 1 25
7 13 1 26
7 15 1 16
7 17 1 19
7 18 1 3
7 19 2 3
7 21 1 26
7 23 110 2
7 24 57 2
7 25 2 9
7 26 2 7
8 0 25 2
8 1 68 6
8 2 5 11
8 3 6 27
8 4 2 27
8 5 63 28
8 6 16 15
8 7 71 1
8 9 11 3
8 10 71 1
8 11 2 12
8 12 182 2
8 14 63 1
8 15 82 2
8 16 47 27
8 18 72 2
8 19 1 29
8 21 1 16
8 22 5 21
8 23 5 2
8 24 180 9
8 26 99 3
9 1 81 26
9 2 25 15
9 4 2 9
9 5 35 13
9 6 113 1
9 7 2 3
9 8 159 1
9 10 281 24
9 11 87 2
9 12 2 2
9 14 2 29
9 15 1 27
9 17 153 2
9 19 89 18
9 26 6 1
10 0 1 23
10 2 26 28
10 3 1 5
10 4 8 27
10 5 346 1
10 6 165 1
10 8 230 10
10 9 65 13
10 11 5 24
10 12 1 7
10 13 124 1
10 14 4 17
10 15 261 1
10 20 4 10
10 22 16 13
10 25 15 15
11 0 250 1
11 1 17 1
11 2 9 13
11 3 19 28
11 6 13 1
11 7 131 1
11 8 2 27
11 9 135 1
11 10 303 1
11 12 264 4
11 14 344 1
11 15 32 17
11 17 99 2
11 20 12 16
11 22 2 10
11 23 25 10
11 24 138 1
11 25 336 10
11 27 3 11
12 0 1 4
12 3 1 7
12 5 2 24
12 6 5 24
12 7 167 27
12 8 6 9
12 9 5 18
12 10 161 1
12 14 1 14
12 16 95 7
12 20 2 23
12 21 10 1
12 22 83 3
12 27 1 23
13 0 1 26
13 1 1 23
13 4 65 2
13 5 23 12
13 6 120 11
13 7 186 3
13 8 203 1
13 9 93 17
13 10 179 1
13 11 13 2
13 12 5 6
13 14 2 29
13 17 59 3
13 18 46 10
13 22 14 12
13 26 1 2
14 3 63 17
14 5 53 1
14 6 109 27
14 10 14 6
14 12 4 10
14 13 15 1
14 15 52 1
14 18 1 10
14 19 1 26
14 21 1 4
14 24 17 2
15 0 11 8
15 4 1 4
15 6 152 3
15 7 4 18
15 8 30 1
15 11 111 1
15 12 1 27
15 18 29 20
15 19 3 22
15 23 5 11
16 0 25 19
16 1 199 5
16 3 21 21
16 4 154 10
16 5 3 9
16 6 34 1
16 8 3 27
16 11 1 19
16 13 22 28
16 17 88 1
16 24 4 8
17 0 305 1
17 1 128 1
17 2 20 9
17 3 18 2
17 4 211 17
17 5 14 3
17 6 1 5
17 8 33 8
17 12 42 1
17 14 45 3
17 16 2 5
17 18 2 23
17 20 1 15
17 24 86 8
18 0 26 2
18 1 1 6
18 4 24 1
18 5 74 1
18 6 104 26
18 9 1 18
18 11 1 12
18 19 1 4
19 0 99 1
19 1 2 14
19 11 93 5
19 17 9 16
19 20 7 1
19 21 1 21
19 25 13 8
20 0 46 12
20 3 52 23
20 8 1 19
20 17 7 29
20 19 2 5
20 23 31 12
21 1 1 4
21 2 19 1
21 3 27 1
21 4 32 4
21 9 66 1
21 12 2 13
21 13 8 1
21 22 1 26
21 26 10 4
22 0 1 29
22 4 2 17
22 10 1 9
22 11 1 4
22 12 2 27
22 14 4 14
22 16 4 28
22 20 63 4
22 21 1 26
22 23 3 14
22 24 13 1
22 25 16 1
23 8 1 20
23 10 9 23
23 12 2 21
23 14 1 4
23 17 70 2
23 18 29 2
23 24 65 3
23 26 1 26
24 0 3 21
24 1 82 15
24 3 46 17
24 5 4 21
24 7 1 10
24 8 120 24
24 9 1 25
24 11 1 16
24 12 1 10
24 16 25 19
24 25 14 2
24 27 35 9
25 0 12 20
25 3 2 3
25 4 11 22
25 7 2 17
25 8 1 29
25 11 3 1
25 26 64 11
26 1 1 26
26 3 1 7
26 10 108 1
26 17 1 17
26 21 21 3
26 24 74 5
26 27 1 24
27 1 3 16
27 3 51 1
27 4 2 8
27 7 186 2
27 8 102 2
27 17 3 2
27 22 1 6
27 25 54 5
27 26 4 26
