0 1 27 1
0 2 24 1
0 3 211 1
0 4 6 28
0 5 175 1
0 6 9 21
0 7 67 1
0 8 12 1
0 9 1 2
0 11 9 4
0 12 1 24
0 14 13 16
0 15 24 1
0 16 318 1
0 17 285 1
0 20 257 1
0 23 1 14
0 24 30 22
0 25 125 2
0 26 84 1
1 0 384 1
1 2 320 22
1 3 3 2
1 4 297 1
1 5 345 1
1 6 3 1
1 7 1 17
1 8 67 1
1 9 1 9
1 10 2 18
1 11 1 23
1 15 1 18
1 16 320 5
1 17 8 27
1 18 145 1
1 19 2 15
1 21 11 24
1 24 105 24
1 25 35 5
1 27 86 7
2 0 287 1
2 1 1 1
2 3 129 1
2 4 1 21
2 5 41 1
2 6 3 17
2 7 3 18
2 8 160 1
2 9 19 1
2 10 11 1
2 11 30 1
2 12 35 4
2 14 42 1
2 15 19 12
2 17 2 7
2 19 1 3
2 20 1 6
3 0 51 1
3 1 17 19
3 2 144 1
3 4 1 24
3 5 131 3
3 8 164 1
3 10 292 2
3 11 2 12
3 14 37 2
3 16 218 1
3 17 2 20
3 19 35 2
3 22 18 3
3 24 141 1
3 25 1 24
4 0 4 1
4 1 50 26
4 2 10 9
4 5 43 25
4 6 2 22
4 7 20 28
4 8 99 19
4 9 308 1
4 10 267 1
4 11 3 22
4 12 11 4
4 14 46 11
4 17 50 20
4 18 33 17
4 19 22 2
4 22 4 24
5 0 63 18
5 1 125 14
5 2 85 1
5 3 86 1
5 4 78 1
5 6 75 21
5 8 149 1
5 9 1 11
5 10 47 1
5 11 2 4
5 12 1 23
5 14 4 9
5 16 92 9
5 17 78 3
5 20 118 1
5 24 315 3
5 26 1 15
6 0 131 1
6 1 3 29
6 2 127 15
6 3 1 5
6 4 209 1
6 5 41 9
6 7 2 2
6 8 24 6
6 9 75 13
6 10 378 1
6 11 152 1
6 12 183 1
6 13 32 1
6 14 3 6
6 15 20 4
6 17 367 13
6 18 44 1
6 21 1 16
6 22 56 4
6 27 82 4
7 0 3 25
7 1 10 1
7 2 14 10
7 3 238 1
7 5 2 24
7 6 11 6
7 8 4 16
7 9 5 28
7 10 1 26
7 11 355 1
7 14 136 1
7 15 1 10
7 16 123 6
7 17 1 25
7 18 70 7
7 20 1 22
7 21 4 9
7 23 98 1
7 24 42 1
7 25 8 12
7 27 50 1
8 0 125 9
8 1 155 7
8 2 34 21
8 3 336 1
8 4 14 19
8 5 109 1
8 6 112 3
8 7 17 1
8 9 28 6
8 10 4 1
8 11 5 21
8 12 165 1
8 14 43 1
8 15 69 1
8 16 59 1
8 19 1 14
8 22 1 26
8 24 136 1
8 25 1 13
8 26 95 7
8 27 64 3
9 0 134 2
9 1 3 26
9 2 2 22
9 3 153 2
9 5 24 2
9 6 270 12
9 8 279 1
9 10 277 1
9 11 68 1
9 12 2 1
9 14 4 9
9 15 40 24
9 17 143 1
9 20 2 8
9 22 90 1
9 24 27 2
9 25 13 4
9 27 1 23
10 0 22 20
10 1 1 3
10 2 4 27
10 3 10 9
10 4 147 20
10 5 307 1
10 6 87 1
10 8 85 1
10 9 219 1
10 11 31 29
10 13 97 1
10 14 19 14
10 15 229 1
10 17 213 2
10 19 3 23
10 23 139 2
10 24 4 7
10 25 1 19
10 27 26 25
11 0 230 1
11 3 9 21
11 4 7 1
11 5 2 8
11 7 10 1
11 8 2 7
11 9 121 17
11 10 280 1
11 14 77 1
11 15 17 18
11 17 91 2
11 18 123 3
11 19 28 5
11 20 55 7
11 23 13 1
11 24 207 1
11 25 276 1
11 26 184 1
11 27 2 4
12 0 3 29
12 1 88 9
12 2 30 4
12 4 1 20
12 5 3 25
12 6 6 7
12 7 1 17
12 8 1 26
12 9 2 28
12 10 136 1
12 11 8 12
12 13 1 13
12 14 115 2
12 18 1 5
12 21 6 2
12 22 74 2
12 23 1 24
13 4 61 5
13 6 4 20
13 7 178 2
13 10 149 1
13 11 7 1
13 12 2 24
13 14 1 29
13 17 56 10
13 23 2 13
14 0 1 12
14 2 3 26
14 4 1 28
14 7 299 1
14 9 3 10
14 10 16 27
14 12 14 2
14 15 25 1
14 17 86 4
14 20 34 8
14 21 1 4
14 22 4 26
14 23 25 1
14 24 15 1
15 4 28 21
15 5 1 23
15 7 158 21
15 9 6 6
15 11 39 1
15 12 64 15
15 14 2 1
15 18 1 7
15 20 66 7
15 23 4 17
15 24 1 13
16 0 122 18
16 1 225 1
16 3 221 1
16 4 2 5
16 5 82 1
16 6 29 1
16 7 68 5
16 8 146 1
16 11 2 28
16 17 57 1
16 20 107 29
16 24 5 29
16 27 8 1
17 0 296 17
17 1 83 1
17 5 9 6
17 8 6 8
17 9 1 12
17 10 33 1
17 11 30 2
17 16 8 1
17 18 1 23
17 19 3 1
17 20 6 8
17 24 85 1
17 25 102 1
18 0 21 1
18 1 1 10
18 4 7 2
18 5 65 2
18 8 229 1
18 9 2 26
18 10 1 6
18 12 6 2
18 13 23 10
18 15 1 21
18 16 9 1
19 0 64 1
19 1 3 27
19 6 157 6
19 10 32 1
19 13 1 6
19 14 17 22
19 20 1 22
19 26 1 26
20 0 2 18
20 1 269 1
20 2 62 2
20 11 3 19
20 12 4 3
20 17 2 9
20 18 2 15
20 19 9 17
20 22 1 28
20 23 29 12
20 27 3 23
21 6 4 6
21 9 62 1
21 10 1 19
21 14 1 20
21 18 2 4
21 22 18 24
21 26 9 24
22 6 4 1
22 8 147 1
22 10 1 1
22 11 10 29
22 15 20 6
22 16 1 22
22 20 62 2
23 7 1 28
23 8 2 20
23 14 43 3
23 15 2 1
23 27 4 3
24 0 155 1
24 1 105 1
24 2 1 7
24 3 90 1
24 5 53 20
24 6 8 2
24 7 21 21
24 8 98 1
24 9 2 20
24 16 96 9
24 17 90 7
24 18 1 4
24 23 39 2
24 26 1 12
24 27 33 12
25 1 1 18
25 4 8 9
25 7 7 5
25 8 2 12
25 10 39 1
25 11 1 15
25 15 1 14
25 27 1 2
26 1 1 9
26 6 72 2
26 7 58 13
26 12 2 17
26 15 22 6
26 24 71 3
26 27 16 28
27 3 50 4
27 4 7 9
27 8 97 1
27 9 4 24
27 25 13 1
