0 1 25 1
0 2 16 1
0 3 165 1
0 4 8 12
0 5 357 1
0 6 4 13
0 7 56 1
0 8 43 10
0 9 4 17
0 10 86 1
0 11 1 25
0 14 1 8
0 15 21 2
0 16 90 1
0 17 274 1
0 20 244 1
0 24 151 1
0 25 123 2
1 0 189 1
1 2 2 1
1 3 280 1
1 4 226 1
1 5 116 1
1 7 1 19
1 8 34 1
1 10 257 24
1 11 10 9
1 16 185 1
1 17 23 20
1 18 137 1
1 19 2 1
1 21 6 19
1 24 61 1
1 26 82 10
1 27 85 7
2 0 280 1
2 1 1 17
2 3 77 1
2 4 57 2
2 5 36 3
2 6 26 22
2 7 15 11
2 8 241 1
2 9 15 3
2 10 6 2
2 14 40 4
2 15 18 1
2 17 6 27
2 18 1 21
3 0 106 1
3 1 77 1
3 2 56 1
3 4 1 11
3 5 41 1
3 6 335 2
3 7 1 14
3 8 129 1
3 9 1 12
3 10 289 2
3 11 2 2
3 16 44 21
3 17 3 15
3 19 32 3
3 20 60 1
3 24 153 5
3 25 47 16
3 27 2 14
4 1 10 29
4 2 1 17
4 5 4 11
4 6 3 20
4 7 7 18
4 8 55 5
4 9 289 1
4 10 254 1
4 11 1 10
4 12 9 1
4 13 22 5
4 14 4 13
4 17 1 25
4 19 19 2
4 20 198 1
4 21 11 16
4 22 57 22
4 25 2 1
5 0 127 1
5 1 103 1
5 2 81 3
5 3 228 1
5 4 118 1
5 6 22 4
5 8 228 1
5 9 220 1
5 10 204 18
5 11 1 27
5 12 2 5
5 13 32 19
5 14 1 27
5 16 21 1
5 17 73 2
5 24 30 5
5 25 6 29
6 0 194 1
6 1 2 22
6 2 213 12
6 3 1 27
6 4 3 1
6 5 76 29
6 7 1 16
6 8 135 22
6 9 5 14
6 10 336 1
6 11 138 1
6 12 76 1
6 14 1 23
6 16 52 3
6 18 39 1
6 20 139 2
6 22 54 3
6 27 81 1
7 0 1 13
7 2 3 1
7 3 186 1
7 5 11 29
7 6 6 13
7 8 10 3
7 9 1 26
7 10 44 8
7 11 204 1
7 12 1 17
7 14 154 1
7 15 1 23
7 17 1 21
7 20 4 4
7 21 1 9
7 23 92 1
7 25 41 1
7 27 45 2
8 0 59 1
8 1 57 1
8 2 4 2
8 3 420 1
8 4 2 26
8 5 43 22
8 6 53 29
8 7 4 1
8 9 134 23
8 10 1 17
8 11 4 29
8 12 156 2
8 16 299 1
8 22 10 18
8 23 2 9
8 24 89 1
8 25 1 29
8 27 61 5
9 0 128 1
9 1 28 18
9 2 8 20
9 3 150 1
9 4 12 1
9 5 1 29
9 6 265 1
9 8 249 1
9 10 220 1
9 11 59 1
9 12 26 17
9 14 4 22
9 17 138 2
9 20 34 18
9 24 25 2
10 0 1 28
10 1 3 17
10 2 46 1
10 4 2 11
10 5 286 1
10 6 385 1
10 8 166 1
10 9 157 5
10 11 18 27
10 13 84 1
10 14 292 7
10 15 213 1
10 16 2 18
10 25 2 6
10 27 1 25
11 0 220 1
11 1 7 1
11 3 1 3
11 5 1 20
11 6 2 3
11 8 2 4
11 9 255 2
11 10 316 1
11 13 17 1
11 14 64 9
11 15 17 8
11 17 87 2
11 19 26 1
11 20 4 19
11 22 1 24
11 23 3 1
11 24 107 1
11 25 240 1
11 26 181 2
12 0 1 2
12 4 38 26
12 5 1 27
12 6 18 9
12 8 79 5
12 9 3 15
12 10 124 1
12 11 12 12
12 13 2 17
12 14 19 2
12 15 91 2
12 20 65 7
12 22 70 1
12 24 23 11
13 0 1 5
13 1 1 18
13 3 2 7
13 4 59 4
13 6 1 19
13 7 174 1
13 9 19 4
13 10 135 1
13 14 4 19
13 21 15 3
13 24 1 22
13 25 2 26
14 0 5 12
14 2 6 14
14 3 61 12
14 5 47 4
14 8 126 2
14 9 1 9
14 10 159 22
14 12 3 24
14 13 3 3
14 15 15 1
14 19 3 6
14 22 1 5
14 26 1 4
14 27 16 1
15 6 143 1
15 7 21 14
15 9 5 3
15 11 29 7
15 14 17 24
15 18 1 15
15 27 17 15
16 0 271 1
16 1 388 2
16 3 97 3
16 4 62 2
16 5 16 1
16 8 228 1
16 13 1 28
16 15 40 11
16 17 43 1
16 18 1 8
16 24 27 6
17 0 61 1
17 1 66 1
17 2 1 13
17 5 7 4
17 8 295 29
17 9 2 26
17 10 29 4
17 14 40 2
17 16 3 4
17 23 56 5
18 1 1 14
18 4 2 1
18 5 61 1
18 6 1 9
18 10 1 2
18 11 1 18
18 16 4 2
18 20 5 2
18 23 15 6
18 25 3 9
18 26 31 2
19 0 49 1
19 1 1 5
19 2 21 12
19 3 31 2
19 4 8 21
19 8 3 27
19 11 85 1
19 12 66 1
19 13 1 22
19 17 11 15
19 20 1 8
19 24 7 27
20 0 12 19
20 1 34 1
20 2 57 1
20 3 1 13
20 4 116 2
20 5 1 28
20 7 1 15
20 8 6 13
20 11 21 6
20 16 2 27
20 17 1 13
20 18 1 23
20 19 3 28
20 22 25 19
20 23 28 7
20 25 77 1
20 27 1 9
21 5 10 6
21 11 2 15
22 0 3 3
22 10 1 9
22 11 4 11
22 18 1 9
23 0 2 23
23 3 7 16
23 11 1 19
23 12 6 6
23 13 10 5
23 22 7 9
23 24 59 2
24 0 153 1
24 1 165 1
24 3 188 1
24 5 165 1
24 6 1 19
24 7 1 12
24 8 166 2
24 11 1 14
24 16 199 1
24 18 5 12
24 20 86 1
24 26 1 28
24 27 32 12
25 0 1 29
25 3 1 25
25 7 1 13
25 8 8 29
25 11 2 7
25 14 3 11
25 17 1 6
25 27 3 3
26 1 1 18
26 3 1 24
26 5 29 20
26 6 70 2
26 9 60 1
26 10 102 1
26 22 13 4
26 27 4 5
27 0 1 20
27 2 1 13
27 3 49 16
27 4 4 2
27 7 172 3
27 8 94 1
27 12 4 14
27 17 2 4
27 25 52 11
