0 1 225 28
0 3 6 8
0 4 10 5
0 5 6 1
0 6 25 8
0 7 35 1
0 8 6 8
0 9 3 27
0 10 72 1
0 11 6 12
0 12 94 22
0 14 1 14
0 16 6 5
0 17 248 1
0 20 214 1
0 23 1 24
0 24 6 2
0 25 120 1
1 2 328 1
1 3 9 2
1 4 188 1
1 5 6 23
1 6 2 19
1 7 59 21
1 8 5 7
1 9 2 24
1 10 110 10
1 12 2 20
1 13 8 1
1 16 6 23
1 17 3 17
1 18 119 1
1 19 2 3
1 20 138 1
1 22 13 1
1 24 6 20
1 25 29 1
1 26 81 4
2 0 268 1
2 1 4 27
2 3 184 1
2 4 2 6
2 6 4 11
2 7 84 29
2 8 225 8
2 13 22 15
2 17 1 7
3 0 10 10
3 1 8 15
3 2 60 1
3 4 1 6
3 5 6 9
3 6 329 1
3 7 371 4
3 8 8 15
3 11 1 20
3 12 89 1
3 14 32 2
3 15 16 4
3 16 6 24
3 18 83 1
3 20 42 2
3 24 6 28
4 1 119 10
4 2 3 12
4 5 21 21
4 6 12 22
4 8 2 23
4 9 268 1
4 10 227 1
4 11 1 21
4 15 1 9
4 16 1 8
4 17 19 27
4 20 192 1
5 0 7 20
5 1 7 16
5 2 72 2
5 3 6 24
5 4 5 19
5 6 13 4
5 8 2 7
5 9 268 1
5 10 189 1
5 12 1 22
5 13 32 2
5 16 7 2
5 19 17 6
5 24 7 2
5 26 2 10
6 0 170 1
6 1 31 1
6 2 204 1
6 3 9 9
6 4 251 1
6 5 395 24
6 5 148 15
6 7 1 3
6 8 100 14
6 9 4 29
6 10 87 1
6 11 110 1
6 12 57 1
6 13 23 1
6 14 2 16
6 16 46 1
6 18 29 2
6 20 130 1
6 22 50 2
7 0 2 21
7 3 59 1
7 5 2 28
7 6 5 2
7 8 4 12
7 9 2 9
7 11 109 1
7 12 6 19
7 13 5 2
7 14 130 1
7 15 7 21
7 16 117 1
7 18 1 16
7 20 35 17
7 21 5 5
7 23 79 2
7 24 22 1
7 25 51 29
7 27 36 2
8 0 9 11
8 1 8 18
8 2 21 8
8 3 196 9
8 4 25 12
8 5 11 7
8 6 72 20
8 9 2 5
8 10 4 9
8 11 2 23
8 12 138 1
8 16 6 22
8 17 1 27
8 19 1 27
8 24 6 21
8 25 1 10
8 27 55 4
9 0 115 1
9 1 1 22
9 3 142 1
9 4 393 1
9 5 83 1
9 6 11 1
9 7 1 5
9 8 220 1
9 10 432 1
9 11 41 1
9 12 3 14
9 13 50 6
9 14 89 8
9 17 127 1
9 25 9 1
9 26 4 1
10 0 10 6
10 1 1 9
10 2 7 9
10 3 2 18
10 4 5 18
10 5 241 1
10 6 317 1
10 7 1 3
10 8 114 1
10 9 76 1
10 11 4 11
10 12 1 4
10 13 59 1
10 14 29 28
10 15 177 1
10 16 1 27
10 17 197 2
10 18 29 5
10 21 106 3
10 22 80 1
10 23 123 1
10 24 1 28
10 25 1 11
11 0 198 1
11 1 3 1
11 3 6 8
11 4 2 5
11 7 7 15
11 8 8 27
11 9 105 1
11 10 195 20
11 12 251 2
11 14 331 1
11 15 3 6
11 17 78 2
11 18 116 2
11 22 96 10
11 23 215 1
11 24 181 1
11 25 39 1
11 27 4 25
12 0 1 24
12 1 1 10
12 4 52 7
12 5 2 22
12 6 1 20
12 8 5 25
12 9 57 25
12 10 98 2
12 11 2 14
12 13 4 6
12 14 2 25
12 20 65 1
12 22 60 3
12 26 42 6
13 3 2 11
13 4 55 2
13 6 2 10
13 7 165 1
13 9 1 24
13 10 104 1
13 12 1 27
13 15 1 23
13 25 3 29
14 0 101 2
14 2 1 29
14 4 2 14
14 5 43 5
14 6 5 3
14 7 280 1
14 9 2 23
14 10 29 13
14 11 1 8
14 12 1 8
14 17 81 2
14 19 1 18
14 20 30 1
14 22 1 11
14 25 19 3
15 4 1 14
15 6 135 1
15 7 2 23
15 10 1 10
15 11 1 2
15 14 13 1
15 20 63 9
15 22 1 1
15 23 20 6
16 0 6 14
16 1 6 9
16 2 75 2
16 3 6 16
16 5 6 20
16 6 22 1
16 8 7 17
16 11 4 23
16 17 20 1
16 20 107 21
16 24 6 14
17 0 287 9
17 1 27 1
17 2 9 28
17 3 223 2
17 4 1 14
17 5 4 2
17 9 2 3
17 10 23 1
17 12 31 6
17 16 5 15
17 18 8 7
17 20 1 21
17 25 100 2
18 0 14 1
18 1 7 25
18 5 51 3
18 6 20 15
18 7 2 19
18 9 4 21
18 11 1 11
18 15 1 13
18 19 1 11
18 20 1 7
19 0 23 1
19 1 1 1
19 4 2 2
19 6 152 4
19 9 92 14
19 11 78 2
19 17 1 9
19 20 2 20
20 0 11 13
20 1 31 1
20 2 45 1
20 3 65 3
20 5 3 9
20 6 92 3
20 7 5 6
20 8 110 29
20 11 1 10
20 12 6 1
20 13 1 1
20 18 1 19
20 19 4 22
20 26 3 28
20 27 4 27
21 3 26 1
21 4 27 1
21 9 57 1
21 10 2 25
21 11 4 16
21 13 5 10
21 17 8 11
21 27 1 11
22 5 24 19
22 6 1 19
22 7 2 19
22 8 138 1
22 14 1 6
22 18 13 8
22 23 6 10
23 0 1 3
23 1 33 10
23 7 1 24
23 8 1 27
23 11 1 24
23 14 1 28
23 18 27 1
23 22 3 14
23 24 53 1
24 0 6 7
24 1 6 13
24 3 6 1
24 5 6 15
24 6 2 28
24 7 1 1
24 8 6 29
24 9 6 4
24 10 1 25
24 11 10 15
24 12 4 12
24 16 6 28
25 1 64 25
25 4 16 7
25 5 12 2
25 7 1 25
25 8 10 21
25 9 1 1
25 10 23 2
25 11 2 6
25 13 2 14
25 15 1 29
25 16 13 3
25 24 42 15
25 27 1 18
26 3 2 20
26 8 9 5
26 10 97 2
26 20 67 1
26 24 64 5
26 27 3 15
27 6 37 4
27 8 87 4
27 9 1 28
27 11 12 2
27 12 57 24
27 13 1 25
27 15 2 5
27 18 5 6
27 20 67 4
27 22 1 2
