0 1 68 21
0 3 22 24
0 4 2 5
0 5 21 22
0 6 45 7
0 8 388 1
0 9 1 23
0 11 22 13
0 12 1 22
0 13 7 13
0 14 2 5
0 15 13 3
0 16 20 26
0 17 218 1
0 19 1 5
0 20 179 1
0 24 61 22
0 26 81 3
0 27 1 8
1 0 14 17
1 2 401 1
1 3 21 15
1 4 123 1
1 5 21 17
1 6 6 4
1 8 41 19
1 9 1 22
1 11 1 20
1 16 20 24
1 17 6 2
1 18 100 1
1 19 187 1
1 20 120 1
1 24 20 29
1 25 24 1
2 0 244 1
2 1 5 18
2 3 67 1
2 4 128 19
2 5 19 1
2 6 3 12
2 7 24 27
2 8 191 1
2 9 4 3
2 13 22 1
2 17 1 18
2 18 2 13
2 19 2 5
2 25 1 2
3 0 197 20
3 1 44 7
3 2 39 1
3 5 21 9
3 6 312 1
3 7 109 1
3 8 22 9
3 9 9 23
3 10 30 1
3 16 41 25
3 17 10 21
3 19 21 3
3 24 21 24
3 27 18 20
4 1 10 10
4 2 1 19
4 3 2 4
4 5 4 7
4 6 3 20
4 7 90 27
4 8 1 10
4 9 236 1
4 10 195 1
4 12 1 1
4 15 1 16
4 16 1 8
4 17 1 18
4 18 7 7
4 20 184 4
5 0 41 7
5 1 56 13
5 3 110 15
5 4 38 1
5 6 29 13
5 8 290 1
5 9 267 1
5 10 143 1
5 11 1 24
5 12 2 10
5 16 40 13
5 17 51 1
5 19 16 1
5 20 109 1
5 24 113 20
5 25 6 16
6 0 136 1
6 1 139 1
6 2 199 1
6 3 26 6
6 4 187 1
6 5 36 1
6 7 3 8
6 8 9 23
6 9 113 10
6 10 269 1
6 11 81 1
6 12 168 1
6 14 1 13
6 15 8 1
6 17 10 3
6 18 20 1
6 20 118 1
6 23 109 5
7 0 5 27
7 3 72 1
7 5 3 8
7 6 10 20
7 8 5 23
7 9 1 19
7 11 2 1
7 13 1 3
7 14 133 1
7 15 3 7
7 19 4 29
7 20 1 12
7 21 2 26
7 22 1 27
7 25 1 25
8 0 20 4
8 1 65 14
8 3 22 15
8 4 2 9
8 5 43 3
8 6 9 13
8 7 4 19
8 9 181 22
8 10 52 29
8 11 11 3
8 14 6 1
8 15 36 2
8 16 29 24
8 17 1 15
8 19 8 19
8 24 53 9
8 25 3 24
9 0 100 1
9 1 8 18
9 3 132 1
9 4 359 1
9 5 299 1
9 6 206 1
9 7 1 15
9 8 9 1
9 10 142 1
9 11 25 1
9 12 2 10
9 13 4 9
9 15 46 28
9 16 79 1
9 17 114 2
9 23 40 5
9 25 5 10
10 0 1 16
10 1 1 5
10 2 10 16
10 3 43 17
10 4 3 23
10 5 188 1
10 6 238 1
10 7 4 12
10 9 10 1
10 11 3 4
10 12 1 5
10 13 34 1
10 14 3 5
10 15 137 1
10 17 184 1
10 18 27 19
10 20 255 2
10 23 109 1
10 27 11 4
11 0 173 1
11 3 107 10
11 5 2 11
11 7 45 25
11 8 103 3
11 9 88 1
11 10 258 1
11 14 29 1
11 15 5 1
11 16 10 24
11 20 7 6
11 21 5 1
11 23 187 1
11 24 45 14
11 25 103 1
12 0 8 16
12 1 2 12
12 3 3 15
12 4 2 7
12 6 1 2
12 7 1 1
12 8 13 23
12 9 2 1
12 10 72 1
12 13 4 2
12 14 1 5
12 17 2 4
13 0 1 11
13 4 50 2
13 6 1 16
13 7 153 1
13 10 73 1
13 12 31 23
14 0 108 3
14 5 38 4
14 7 262 1
14 8 109 1
14 9 1 10
14 10 3 2
14 11 10 19
14 12 4 22
14 13 1 16
14 15 1 26
14 16 12 2
14 22 1 7
14 23 16 1
14 24 8 8
15 1 110 3
15 5 1 2
15 7 2 28
15 10 14 14
15 11 7 22
15 13 1 12
15 14 54 1
15 16 24 11
15 18 1 7
15 23 21 1
15 24 1 1
16 0 41 24
16 1 21 15
16 2 71 1
16 3 64 25
16 4 11 7
16 5 82 11
16 8 47 14
16 17 3 2
16 18 1 24
16 19 12 4
16 23 10 21
16 24 110 20
17 0 51 1
17 1 3 1
17 2 3 14
17 4 1 22
17 12 26 1
17 13 9 19
17 16 2 1
17 18 1 27
17 19 1 7
17 20 12 23
17 24 79 2
18 3 1 10
18 4 1 22
18 6 1 11
18 8 204 1
18 11 25 17
18 12 137 1
18 14 1 5
18 16 3 2
18 17 237 2
18 19 1 21
18 20 4 9
18 21 1 10
19 0 4 2
19 2 46 8
19 3 20 4
19 6 148 1
19 8 1 6
19 10 22 1
19 17 3 28
19 20 4 6
19 26 2 12
20 0 57 17
20 1 26 8
20 2 33 1
20 3 232 3
20 4 98 1
20 5 2 27
20 6 82 1
20 7 1 23
20 8 1 26
20 11 4 28
20 14 2 3
20 16 2 27
20 18 91 18
20 19 15 17
20 25 69 7
20 26 1 15
21 1 3 22
21 10 1 3
21 14 2 6
22 8 130 2
22 10 1 14
22 11 5 22
22 14 1 25
22 16 6 13
23 0 11 15
23 7 101 11
23 11 9 18
23 15 2 1
23 18 26 1
23 22 1 4
23 25 1 2
23 26 5 3
24 0 39 29
24 1 56 5
24 3 20 7
24 5 53 27
24 7 54 7
24 8 20 25
24 10 2 25
24 11 9 11
24 14 1 16
24 16 50 14
24 18 1 11
24 22 3 7
24 23 20 4
24 26 1 17
24 27 28 1
25 0 1 2
25 4 1 24
25 6 131 1
25 7 1 3
25 8 2 9
25 11 10 17
25 15 1 24
25 20 4 1
25 22 1 11
25 24 48 3
25 27 1 15
26 9 56 3
26 12 13 21
26 24 58 1
26 25 1 12
26 27 1 13
27 0 1 2
27 1 7 27
27 10 159 4
27 11 9 1
27 24 1 9
27 25 3 3
