0 1 14 19
0 3 21 16
0 5 17 6
0 6 13 23
0 7 22 2
0 8 33 1
0 9 2 12
0 10 1 8
0 11 173 10
0 12 57 1
0 15 5 5
0 16 173 17
0 17 1 16
0 19 43 1
0 20 14 5
0 21 40 2
0 23 62 2
0 24 38 10
1 0 14 10
1 2 256 1
1 3 47 1
1 4 233 1
1 5 16 12
1 6 1 18
1 7 2 1
1 8 45 5
1 9 1 2
1 10 231 1
1 11 136 1
1 12 85 1
1 14 1 23
1 16 26 21
1 17 2 11
1 18 2 26
1 19 3 15
1 24 96 10
1 27 81 22
2 0 39 1
2 1 12 1
2 3 4 10
2 4 55 1
2 6 5 15
2 7 4 28
2 8 17 12
2 9 161 2
2 11 260 18
2 14 2 15
2 17 1 28
2 23 1 10
3 0 15 11
3 1 40 25
3 2 256 1
3 5 18 15
3 6 2 27
3 7 14 14
3 8 26 29
3 10 2 1
3 11 279 1
3 13 1 2
3 15 1 22
3 16 28 4
3 17 2 11
3 18 31 1
3 19 13 1
3 20 1 17
3 24 18 8
3 26 1 8
4 0 4 25
4 1 163 1
4 3 52 1
4 5 6 4
4 6 99 1
4 7 162 1
4 8 16 21
4 9 1 17
4 14 1 28
4 16 3 2
4 18 409 2
4 19 3 29
4 25 47 2
5 0 17 21
5 1 29 8
5 3 17 3
5 4 15 1
5 6 99 1
5 8 53 17
5 9 7 13
5 10 1 19
5 11 158 1
5 16 18 29
5 17 4 25
5 24 20 29
6 0 1 29
6 2 1 10
6 3 277 1
6 4 358 1
6 5 12 2
6 8 136 4
6 9 7 2
6 10 8 21
6 11 1 7
6 13 1 8
6 17 196 1
6 24 57 2
6 25 20 1
6 26 1 29
7 0 1 15
7 1 400 1
7 2 301 1
7 3 6 2
7 4 14 1
7 5 3 14
7 6 140 1
7 8 260 1
7 9 75 2
7 10 1 28
7 11 3 8
7 12 181 1
7 13 124 7
7 15 348 1
7 19 2 18
7 20 2 23
7 23 130 1
7 24 1 24
7 25 3 12
8 0 55 20
8 1 18 25
8 2 34 1
8 3 25 13
8 5 18 29
8 6 210 1
8 7 161 1
8 9 401 28
8 10 4 1
8 12 1 16
8 14 154 1
8 16 23 12
8 17 1 24
8 18 1 8
8 19 1 18
8 20 1 23
8 23 73 2
8 24 31 11
8 27 2 2
9 1 171 1
9 2 1 24
9 3 17 1
9 4 4 18
9 5 207 1
9 6 217 1
9 7 1 16
9 8 10 27
9 10 356 1
9 11 1 19
9 12 53 1
9 14 7 27
9 16 64 4
9 20 3 14
9 24 80 2
9 25 1 26
10 0 1 6
10 1 69 1
10 3 1 12
10 5 156 1
10 7 271 1
10 8 6 15
10 9 7 15
10 11 261 1
10 12 24 19
10 13 234 1
10 14 24 1
10 15 1 7
10 16 1 2
10 20 15 4
10 21 74 1
10 22 1 8
10 24 2 17
10 25 6 1
11 0 1 19
11 3 328 1
11 6 20 1
11 7 18 8
11 8 141 1
11 10 81 24
11 12 63 1
11 13 3 20
11 14 4 22
11 15 6 1
11 16 1 22
11 19 17 2
11 22 93 2
11 24 2 28
11 25 3 18
12 0 1 9
12 2 3 27
12 3 2 18
12 4 23 1
12 5 1 1
12 6 108 1
12 7 127 1
12 8 54 1
12 9 5 14
12 20 5 15
12 21 20 1
12 23 2 3
12 27 1 15
13 12 70 1
13 14 1 4
14 4 1 8
14 6 2 18
14 7 1 13
14 8 4 23
14 10 252 1
14 11 1 13
14 13 1 4
14 15 6 4
14 25 44 1
15 1 2 25
15 8 11 1
15 9 70 2
15 10 2 17
15 11 5 17
15 18 2 20
15 20 1 3
15 22 12 18
15 25 1 2
16 0 17 26
16 1 22 20
16 3 17 20
16 4 72 2
16 5 17 4
16 7 91 1
16 8 48 9
16 12 3 14
16 18 2 2
16 24 32 25
17 0 4 18
17 1 5 17
17 3 97 1
17 6 218 1
17 7 163 1
17 8 130 1
17 9 2 28
17 11 1 21
17 12 6 11
17 14 71 4
17 16 2 14
17 18 126 1
17 20 1 5
17 23 1 18
17 24 83 6
18 4 300 1
18 6 6 2
18 7 146 1
18 11 55 1
18 12 17 2
18 14 1 8
18 16 1 29
18 17 185 3
18 19 1 14
18 25 1 8
19 0 116 1
19 1 71 15
19 3 1 14
19 4 60 1
19 6 69 1
19 7 20 1
19 13 5 13
19 14 3 29
19 17 1 28
19 20 79 1
19 21 2 18
20 0 1 8
20 1 1 19
20 5 96 2
20 6 21 1
20 8 3 27
20 10 2 13
20 18 12 4
20 19 64 1
20 21 1 14
20 27 1 11
21 5 1 21
21 23 12 2
21 27 13 15
22 0 1 2
22 6 1 28
22 9 43 4
22 10 19 2
22 12 37 1
22 21 3 3
22 25 7 26
23 7 3 12
23 11 5 22
23 12 98 6
23 13 1 22
23 22 2 15
24 0 29 19
24 1 17 14
24 3 18 2
24 5 18 29
24 8 17 23
24 9 3 1
24 10 1 6
24 11 3 28
24 12 42 10
24 14 3 11
24 16 17 29
25 3 1 29
25 4 45 6
25 7 1 26
25 11 262 1
25 13 18 1
25 20 5 1
26 6 85 3
26 7 142 16
26 17 1 11
26 24 3 10
26 27 62 1
27 1 1 20
27 2 1 19
27 8 126 2
27 10 1 24
27 11 66 2
27 15 31 13
27 24 2 9
27 26 1 4
