0 1 10 25
0 3 14 24
0 4 19 1
0 5 34 11
0 6 1 14
0 7 98 1
0 8 16 9
0 10 1 15
0 11 1 28
0 12 75 4
0 14 4 12
0 15 15 7
0 16 15 6
0 19 162 1
0 20 1 2
0 24 16 17
0 26 1 6
1 0 18 21
1 2 5 3
1 3 16 2
1 4 345 1
1 5 14 16
1 6 4 11
1 7 2 27
1 8 17 23
1 11 194 1
1 12 117 1
1 13 1 10
1 16 16 19
1 17 2 7
1 24 15 6
2 0 134 1
2 1 10 5
2 3 120 1
2 6 1 22
2 8 18 1
2 12 1 3
2 16 22 1
2 17 1 26
2 18 3 13
2 26 11 21
3 0 33 23
3 1 16 1
3 2 5 25
3 5 15 17
3 7 3 10
3 8 30 25
3 11 354 1
3 13 16 13
3 16 15 23
3 19 27 1
3 20 2 13
3 24 33 22
4 0 1 17
4 1 337 1
4 2 34 1
4 3 103 1
4 5 399 15
4 6 326 1
4 7 219 1
4 8 1 6
4 9 1 23
4 10 130 1
4 12 84 1
4 13 24 1
4 16 1 27
4 25 59 1
5 0 15 2
5 1 33 16
5 3 16 10
5 4 248 1
5 6 16 23
5 8 13 26
5 9 41 1
5 10 1 25
5 11 195 1
5 14 1 28
5 16 15 11
5 24 15 24
5 27 32 12
6 0 2 13
6 1 178 1
6 3 1 17
6 4 148 1
6 5 18 1
6 7 44 1
6 8 63 1
6 9 41 1
6 11 1 9
6 12 81 1
6 14 4 1
6 17 262 1
6 24 75 3
7 2 386 1
7 3 3 16
7 4 46 3
7 5 2 12
7 6 196 1
7 8 331 1
7 9 137 1
7 10 1 16
7 11 388 1
7 14 33 1
7 16 82 1
7 18 1 14
7 20 1 10
7 24 1 5
7 25 77 28
7 26 1 23
8 0 33 4
8 1 17 15
8 2 374 1
8 3 419 29
8 4 1 6
8 5 11 25
8 6 168 1
8 7 5 28
8 9 1 14
8 10 114 8
8 11 114 1
8 14 241 1
8 15 62 2
8 16 15 9
8 17 1 9
8 20 1 9
8 21 69 6
8 24 15 25
9 1 255 1
9 2 1 29
9 4 3 3
9 5 6 16
9 6 399 1
9 7 1 28
9 8 2 25
9 10 9 14
9 11 1 11
9 12 217 1
9 15 118 2
9 20 1 15
9 22 23 3
9 23 32 18
9 24 91 1
10 0 1 23
10 1 142 1
10 2 23 1
10 3 1 23
10 5 285 1
10 6 150 1
10 7 304 1
10 8 169 1
10 9 5 8
10 11 364 1
10 12 1 4
10 13 293 2
10 14 270 1
10 17 239 1
10 21 85 1
10 24 1 17
10 27 1 5
11 2 2 10
11 3 370 7
11 4 1 6
11 6 79 1
11 7 17 23
11 8 304 1
11 9 1 11
11 10 3 11
11 13 1 17
11 15 353 1
11 19 31 2
11 20 1 24
11 24 1 20
11 25 19 1
12 1 184 1
12 4 57 1
12 6 179 1
12 8 103 1
12 9 2 18
12 10 353 4
12 13 1 25
12 17 12 2
12 19 1 1
12 21 41 3
12 25 77 1
13 7 146 1
13 11 52 1
13 12 151 1
13 14 1 1
14 5 57 13
14 6 1 23
14 10 60 1
14 11 2 1
14 12 1 26
14 15 1 27
14 17 9 1
14 23 30 8
15 3 43 3
15 4 34 1
15 6 11 2
15 7 118 1
15 8 1 2
15 10 1 18
15 11 1 27
15 12 69 3
15 14 58 1
15 17 66 4
15 27 9 1
16 0 16 24
16 1 32 11
16 3 34 19
16 4 112 1
16 5 16 15
16 8 30 12
16 17 1 13
16 18 1 16
16 20 79 1
16 22 27 6
16 24 406 3
17 0 1 17
17 1 2 21
17 3 139 2
17 5 164 1
17 6 280 2
17 8 186 1
17 9 1 23
17 10 2 24
17 12 66 13
17 16 1 28
17 18 162 2
17 20 1 19
17 23 1 5
17 26 1 2
18 0 163 6
18 1 73 2
18 3 1 21
18 4 410 1
18 6 1 6
18 7 158 1
18 16 26 1
19 0 244 1
19 4 81 2
19 7 40 3
19 17 19 17
19 20 356 1
20 0 1 10
20 1 2 20
20 5 104 1
20 6 42 1
20 7 274 1
20 8 1 20
20 11 2 20
20 19 337 1
21 3 18 1
22 6 1 19
22 7 1 18
22 11 136 2
22 12 64 2
22 20 1 28
22 23 12 5
23 1 69 1
23 4 46 1
23 11 1 19
23 22 1 4
23 24 1 5
24 0 16 24
24 1 15 17
24 3 398 19
24 5 34 11
24 8 15 26
24 9 9 4
24 11 1 10
24 16 15 24
24 22 1 14
25 7 1 13
25 8 1 13
25 11 318 1
25 24 50 9
25 27 20 14
26 1 1 16
26 10 1 28
26 20 47 14
27 0 1 23
27 11 121 2
27 12 9 1
