0 1 20 1
0 2 152 1
0 3 234 18
0 4 4 27
0 5 74 1
0 6 15 16
0 7 1 22
0 8 65 1
0 9 5 20
0 11 1 23
0 13 1 16
0 16 122 1
0 17 9 12
0 18 2 19
0 19 11 6
0 20 1 25
0 24 192 1
0 25 6 1
0 26 65 11
1 0 101 1
1 2 2 29
1 3 2 24
1 5 60 1
1 6 169 1
1 7 7 8
1 8 256 1
1 9 17 14
1 10 74 1
1 12 28 4
1 16 38 1
1 17 22 4
1 18 1 28
1 20 5 10
1 24 94 1
1 25 12 3
1 27 90 2
2 0 1 13
2 1 16 6
2 3 25 1
2 6 193 1
2 7 1 21
2 9 117 2
2 10 214 1
2 12 1 27
2 24 1 2
3 0 79 1
3 1 97 1
3 2 29 2
3 5 68 2
3 6 6 13
3 7 41 1
3 8 83 1
3 10 226 1
3 11 65 1
3 16 110 1
3 17 1 16
3 20 212 2
3 24 93 1
4 1 1 4
4 2 8 5
4 5 66 1
4 6 4 24
4 7 56 1
4 8 233 1
4 9 1 13
4 14 129 4
4 16 26 19
4 17 16 15
4 18 148 1
4 20 1 2
4 21 1 13
4 24 1 17
5 0 106 1
5 1 26 1
5 3 176 1
5 4 97 6
5 6 38 2
5 7 182 1
5 8 105 18
5 9 205 1
5 10 3 13
5 11 71 1
5 12 49 1
5 13 26 6
5 16 57 1
5 23 1 2
5 24 90 1
5 27 27 3
6 0 25 23
6 1 8 1
6 2 165 26
6 3 144 1
6 4 7 1
6 5 65 20
6 7 10 10
6 8 20 1
6 9 26 19
6 10 3 10
6 11 367 1
6 12 1 18
6 14 1 14
6 15 1 15
6 17 62 1
6 18 90 1
6 26 3 3
6 27 1 3
7 0 63 16
7 1 246 1
7 2 47 1
7 3 188 1
7 4 1 7
7 5 103 1
7 8 12 19
7 10 119 1
7 11 302 17
7 11 356 1
7 15 119 1
7 22 137 1
8 0 161 1
8 1 342 1
8 2 38 20
8 3 62 1
8 4 121 1
8 5 147 1
8 6 376 1
8 7 47 1
8 9 157 1
8 10 78 18
8 11 8 3
8 12 7 28
8 13 193 2
8 16 166 1
8 18 1 21
8 21 3 6
8 23 34 4
8 24 19 1
9 1 26 1
9 4 9 13
9 5 6 2
9 6 3 26
9 8 128 1
9 10 42 1
9 11 68 21
9 12 7 5
9 13 1 4
9 14 1 10
9 15 48 1
9 17 161 2
9 25 3 24
10 0 2 23
10 2 7 7
10 3 225 1
10 4 1 19
10 6 3 1
10 7 146 1
10 8 4 20
10 9 11 16
10 11 1 12
10 13 58 2
10 14 10 28
10 15 8 3
10 17 173 3
10 18 2 29
10 21 50 2
10 22 22 22
10 23 2 5
11 0 1 18
11 1 247 1
11 2 116 29
11 3 121 1
11 6 4 19
11 7 1 26
11 8 1 16
11 9 21 2
11 10 271 10
11 12 15 2
11 13 3 11
11 14 4 21
11 15 3 27
11 16 3 11
11 20 13 11
11 21 5 6
11 22 32 1
11 23 3 10
11 24 6 14
11 25 1 10
11 26 2 14
11 27 165 1
12 0 1 14
12 1 95 1
12 2 4 14
12 5 6 27
12 9 283 1
12 10 156 1
12 11 4 29
12 13 96 1
12 14 17 25
12 16 1 16
12 19 4 26
12 23 1 25
12 26 4 9
12 27 5 27
13 1 83 7
13 3 9 14
13 6 1 19
13 9 1 24
13 10 196 1
13 12 1 29
13 14 40 1
13 16 2 3
14 2 4 19
14 3 51 1
14 4 2 18
14 8 1 8
14 9 44 1
14 10 4 19
14 11 342 1
14 12 1 8
14 19 1 13
14 24 5 3
14 25 34 1
15 1 7 2
15 2 2 17
15 7 1 10
15 8 1 18
15 9 22 1
15 10 267 1
15 11 256 1
15 23 1 29
16 0 114 1
16 1 182 1
16 3 59 1
16 5 63 1
16 6 4 22
16 7 61 5
16 8 17 3
16 15 1 23
16 17 284 1
16 18 168 1
16 21 29 3
16 24 51 1
17 0 211 17
17 1 23 1
17 2 175 1
17 3 23 1
17 4 14 20
17 6 81 1
17 7 88 1
17 8 35 2
17 11 2 14
17 14 50 2
17 18 51 2
17 19 48 1
17 20 16 27
17 21 24 2
17 24 75 2
18 4 29 2
18 6 18 21
18 8 109 1
18 14 1 8
18 16 12 28
18 17 117 1
18 20 61 5
18 25 2 12
19 0 2 10
19 1 9 26
19 4 21 3
19 5 20 1
19 11 105 12
19 16 8 14
19 17 7 19
19 20 95 13
20 3 7 24
20 10 2 18
20 11 85 26
20 14 31 1
20 15 75 1
20 19 3 29
20 24 57 7
20 27 1 28
21 0 1 4
21 5 1 15
21 12 97 1
21 27 11 16
22 0 1 22
22 5 2 13
22 11 41 1
22 12 2 1
22 23 6 18
22 27 1 7
23 1 1 1
23 5 1 3
23 6 5 13
23 12 82 1
23 15 1 13
23 17 49 1
23 20 66 16
23 22 1 1
24 0 117 1
24 1 57 1
24 3 108 1
24 4 1 14
24 5 92 1
24 6 1 26
24 7 80 1
24 8 170 1
24 11 351 1
24 12 5 21
24 15 2 25
24 16 36 1
24 26 2 6
24 27 3 25
25 2 6 15
25 8 2 6
25 11 10 24
25 18 1 3
25 23 1 29
26 0 2 9
26 1 1 27
26 3 1 9
26 4 2 19
26 7 134 1
26 14 22 24
26 22 15 2
27 7 4 26
27 8 96 1
27 9 27 3
27 10 1 23
27 11 1 1
27 17 1 25
