0 1 16 6
0 2 121 1
0 3 11 6
0 4 7 26
0 5 12 19
0 6 15 4
0 7 1 16
0 8 13 2
0 9 1 1
0 11 19 6
0 15 1 12
0 16 12 29
0 17 1 11
0 18 1 15
0 19 6 29
0 20 36 5
0 24 11 7
1 0 12 20
1 2 5 6
1 3 10 8
1 4 1 10
1 5 20 4
1 6 75 1
1 7 6 8
1 8 11 20
1 9 1 6
1 10 56 1
1 11 27 2
1 14 1 1
1 16 12 1
1 17 55 1
1 18 3 24
1 19 158 2
1 20 6 19
1 24 14 18
1 27 1 12
2 0 3 26
2 1 328 10
2 4 2 26
2 5 1 9
2 6 154 1
2 7 2 21
2 8 90 1
2 10 184 1
2 11 194 1
2 18 1 9
3 0 12 23
3 1 11 1
3 2 165 10
3 4 1 24
3 5 12 21
3 6 1 5
3 7 171 1
3 8 12 13
3 9 1 27
3 10 208 2
3 11 42 1
3 13 19 18
3 14 1 22
3 15 1 13
3 16 11 16
3 17 1 26
3 20 198 1
3 21 1 4
3 22 1 17
3 23 1 14
3 24 16 29
4 0 266 18
4 1 3 27
4 2 25 6
4 5 20 1
4 6 2 25
4 7 44 1
4 8 200 1
4 9 2 22
4 16 6 20
4 17 1 28
4 18 108 1
4 20 9 7
4 22 1 6
4 27 8 21
5 0 11 12
5 1 210 1
5 3 11 28
5 4 78 25
5 6 11 8
5 7 159 1
5 8 16 6
5 9 9 1
5 10 5 9
5 12 36 1
5 16 12 10
5 17 13 5
5 21 1 21
5 24 12 29
6 0 2 11
6 1 4 22
6 2 182 22
6 3 120 1
6 5 16 4
6 7 5 4
6 8 7 16
6 9 5 15
6 10 6 6
6 11 350 1
6 14 2 21
6 15 3 6
6 17 47 1
6 18 79 1
7 0 3 15
7 1 217 1
7 2 24 1
7 3 382 1
7 5 4 18
7 8 25 11
7 10 109 20
7 11 250 1
7 12 124 1
7 13 1 26
7 14 16 25
7 15 85 1
7 19 18 28
7 22 133 7
7 23 45 1
7 24 141 10
7 26 1 20
7 27 4 4
8 0 12 7
8 1 9 10
8 2 89 3
8 3 12 9
8 4 216 1
8 5 13 5
8 6 440 5
8 6 101 1
8 7 43 1
8 9 109 1
8 10 4 28
8 11 4 4
8 12 1 16
8 13 189 1
8 16 12 9
8 17 283 9
8 18 1 26
8 19 140 1
8 20 88 1
8 23 30 1
8 24 11 26
8 25 143 1
9 0 194 1
9 4 1 27
9 5 48 15
9 6 18 9
9 8 122 1
9 10 3 1
9 12 6 11
9 13 1 23
9 14 2 6
9 15 41 1
9 16 32 1
9 17 154 1
9 18 51 2
9 21 10 7
9 24 50 1
9 25 101 15
10 0 1 29
10 2 5 5
10 3 207 2
10 4 4 22
10 5 1 9
10 6 6 12
10 7 113 1
10 8 57 1
10 9 30 1
10 11 2 4
10 12 2 10
10 13 39 1
10 14 3 13
10 15 1 2
10 16 9 12
10 17 164 3
10 18 2 22
10 19 2 14
10 21 46 6
10 23 1 8
10 24 15 11
10 25 12 5
11 0 1 25
11 1 232 2
11 2 2 28
11 3 92 1
11 5 2 22
11 6 4 22
11 7 59 1
11 8 1 14
11 9 11 1
11 10 243 1
11 13 2 10
11 14 1 12
11 15 147 25
11 16 70 12
11 17 163 3
11 24 2 21
11 26 4 19
11 27 149 1
12 0 2 6
12 1 85 3
12 2 7 10
12 7 63 1
12 9 238 1
12 10 132 1
12 13 73 1
12 18 109 1
12 19 5 22
12 20 1 20
12 23 1 24
13 1 81 1
13 4 58 1
13 6 2 6
13 7 44 3
13 9 2 4
13 10 170 1
13 14 23 1
13 15 11 6
14 1 1 8
14 2 1 20
14 3 4 1
14 4 16 18
14 9 32 1
14 10 58 11
14 11 313 1
14 12 101 24
14 13 35 1
14 16 24 1
14 20 1 8
14 24 3 2
14 25 31 3
15 2 2 17
15 7 4 8
15 9 16 2
15 10 243 1
15 11 201 1
15 24 1 23
15 25 3 16
16 0 12 6
16 1 12 27
16 3 12 17
16 5 11 11
16 7 57 3
16 8 11 22
16 10 3 16
16 11 5 22
16 17 246 1
16 18 135 1
16 21 28 5
16 24 11 11
16 25 1 14
17 0 40 22
17 1 156 1
17 3 16 1
17 4 1 7
17 5 72 1
17 6 64 1
17 9 24 14
17 10 158 24
17 12 3 5
17 16 13 1
17 19 43 1
17 20 1 3
17 23 1 21
17 25 1 22
17 26 1 27
18 0 108 2
18 4 11 1
18 6 1 15
18 8 99 2
18 9 166 3
18 13 31 6
18 16 1 17
18 17 106 1
18 20 58 3
18 25 2 12
19 0 3 24
19 1 10 6
19 11 106 12
19 16 12 20
19 20 16 7
19 27 15 27
20 0 3 25
20 1 1 19
20 3 1 24
20 7 124 1
20 8 1 1
20 9 134 23
20 11 85 13
20 14 28 3
20 19 12 26
21 4 52 1
21 7 31 2
21 8 1 10
21 10 106 16
21 12 90 3
21 18 1 24
21 22 2 8
21 27 11 28
22 0 1 2
22 7 126 1
22 8 94 1
22 9 17 1
22 11 33 2
22 15 1 3
22 17 14 1
22 24 22 7
23 1 1 17
23 4 21 3
23 7 168 3
23 11 15 5
23 14 3 7
24 0 14 22
24 1 19 20
24 3 12 23
24 5 11 16
24 6 1 26
24 7 63 1
24 8 11 7
24 11 318 1
24 16 11 4
24 23 25 2
24 26 2 17
25 3 1 2
25 11 26 26
25 15 4 29
26 5 1 26
26 10 116 4
26 15 1 15
26 27 2 10
27 6 1 1
27 7 5 18
27 8 91 1
27 9 24 11
27 10 1 4
27 14 11 14
27 24 2 8
27 26 1 4
