0 1 16 14
0 2 1 23
0 3 132 3
0 4 10 1
0 5 29 2
0 6 3 25
0 7 75 1
0 8 23 1
0 9 1 2
0 10 2 21
0 11 160 23
0 12 71 1
0 16 13 1
0 19 129 1
0 20 1 15
0 24 14 1
0 25 39 2
1 0 3 4
1 2 7 16
1 3 33 2
1 4 384 1
1 5 25 1
1 6 7 15
1 8 26 1
1 9 2 6
1 10 289 1
1 11 179 2
1 12 109 3
1 16 3 25
1 17 5 14
1 19 1 2
1 20 9 1
1 21 1 7
1 24 19 13
1 25 1 25
2 0 107 1
2 1 271 1
2 3 34 1
2 4 109 1
2 6 1 27
2 7 1 19
2 10 315 25
2 12 1 11
2 13 6 12
2 17 4 11
2 23 3 17
2 24 35 2
3 0 141 1
3 1 69 1
3 2 21 23
3 4 3 20
3 5 340 3
3 6 2 19
3 7 9 5
3 8 59 29
3 11 341 1
3 16 26 18
3 20 1 24
3 21 1 8
3 24 7 14
3 26 6 29
3 27 24 19
4 0 3 12
4 1 283 1
4 2 22 1
4 3 90 1
4 5 8 29
4 6 264 1
4 7 205 1
4 8 1 5
4 9 2 28
4 10 111 1
4 11 118 2
4 12 73 1
4 13 21 2
4 14 1 5
4 17 2 10
4 20 2 21
5 0 145 9
5 1 358 14
5 2 1 17
5 3 406 20
5 4 172 1
5 6 164 29
5 8 48 1
5 10 1 12
5 12 192 1
5 16 65 17
5 18 30 1
5 24 28 11
6 0 2 20
6 1 107 1
6 2 1 22
6 4 126 1
6 5 10 11
6 7 22 1
6 8 3 28
6 9 8 1
6 11 348 18
6 16 5 1
6 17 247 1
6 18 196 1
6 19 1 14
6 23 1 22
6 24 71 1
7 0 1 22
7 2 372 1
7 3 2 14
7 4 37 1
7 5 2 11
7 6 220 1
7 8 397 1
7 10 4 24
7 11 163 1
7 13 2 15
7 15 364 13
7 18 138 21
7 19 4 18
7 20 1 13
7 24 1 17
7 25 7 24
7 26 32 7
8 0 11 3
8 1 12 1
8 2 271 1
8 3 36 1
8 4 4 8
8 5 15 12
8 6 295 1
8 7 7 16
8 10 310 1
8 11 82 1
8 13 2 11
8 14 221 1
8 15 52 2
8 16 19 7
8 17 2 6
8 20 1 22
8 24 356 2
9 0 2 18
9 1 235 1
9 3 33 1
9 5 3 2
9 6 277 6
9 8 4 12
9 10 2 23
9 11 4 14
9 12 170 1
9 14 1 15
9 15 114 2
9 22 20 7
9 24 88 3
9 26 1 23
10 0 3 12
10 1 122 1
10 2 11 1
10 3 2 16
10 4 5 4
10 5 254 1
10 6 98 1
10 7 207 1
10 8 59 1
10 9 4 12
10 11 355 1
10 12 2 8
10 13 283 1
10 14 193 1
10 20 28 2
10 24 4 11
10 25 24 3
11 2 2 16
11 6 61 1
11 7 29 3
11 8 262 1
11 10 3 21
11 12 86 3
11 13 1 18
11 15 233 1
11 16 1 2
11 18 1 20
11 20 4 16
11 24 4 12
11 26 3 12
12 0 1 29
12 4 48 1
12 8 90 1
12 9 1 5
12 13 2 3
12 20 1 9
12 21 36 1
13 4 90 1
13 5 15 4
13 6 1 19
13 7 139 2
13 11 41 1
13 12 131 1
13 17 65 1
13 21 15 2
13 23 4 1
13 24 1 4
14 0 5 4
14 6 2 27
14 7 1 28
14 8 1 14
14 10 30 1
14 11 2 5
14 15 1 11
14 22 10 7
15 1 1 6
15 4 30 3
15 7 88 1
15 8 1 18
15 9 90 1
15 10 2 18
15 11 3 27
15 13 1 4
15 14 34 1
15 18 12 2
15 23 1 1
15 24 1 27
15 25 6 5
16 0 3 8
16 1 15 1
16 3 6 22
16 5 22 1
16 8 7 7
16 9 1 23
16 17 1 28
16 18 4 17
16 20 77 1
16 21 30 7
16 24 298 1
16 27 28 5
17 1 6 24
17 2 2 14
17 3 129 1
17 6 266 2
17 7 190 1
17 9 4 25
17 11 1 26
17 12 1 2
17 16 6 8
17 18 153 3
17 25 17 16
18 0 162 1
18 4 390 1
18 6 1 28
18 7 155 3
18 8 195 2
18 11 66 2
18 14 1 24
18 16 12 1
18 21 24 9
18 22 1 11
19 0 215 1
19 6 85 4
19 8 24 2
19 9 72 4
19 17 1 15
19 20 287 1
20 0 208 18
20 2 142 3
20 4 1 12
20 6 36 3
20 8 1 8
20 17 1 11
20 18 18 1
20 19 266 1
20 25 22 11
20 26 1 5
21 5 1 13
21 11 99 15
22 3 1 10
22 6 2 9
22 7 1 17
22 9 53 2
22 10 39 2
22 14 34 6
22 17 28 1
23 0 37 9
23 2 4 28
23 10 47 1
23 14 2 14
23 15 6 6
23 18 5 1
23 26 1 18
24 0 41 3
24 1 40 1
24 2 4 2
24 3 384 4
24 5 11 25
24 7 249 2
24 8 10 1
24 11 2 28
24 14 1 12
24 16 10 21
24 18 1 29
24 22 28 4
24 23 1 4
25 7 9 28
25 9 108 3
25 10 3 29
25 11 175 1
25 12 68 25
25 27 1 28
26 2 24 15
26 4 1 13
26 17 1 13
26 20 46 15
26 25 51 17
26 27 106 1
27 0 1 19
27 10 1 2
27 11 107 1
27 25 2 17
