0 1 1 26
0 2 72 1
0 3 138 25
0 4 2 2
0 5 14 1
0 7 2 16
0 8 128 21
0 9 3 20
0 10 1 3
0 12 14 2
0 13 1 12
0 15 1 26
0 16 37 6
0 17 2 13
0 18 1 4
0 19 1 4
0 20 1 4
0 22 1 4
0 24 107 1
1 0 15 22
1 2 5 29
1 3 51 4
1 4 3 25
1 5 170 14
1 6 26 1
1 7 3 6
1 8 38 14
1 9 1 28
1 10 31 1
1 16 31 6
1 17 28 1
1 18 1 3
1 19 137 1
1 21 8 10
1 24 55 23
1 25 2 22
1 27 91 13
2 0 20 1
2 1 185 1
2 3 7 19
2 4 1 10
2 5 1 24
2 6 90 1
2 8 306 1
2 9 90 2
2 10 132 1
2 11 164 1
2 17 216 1
2 18 3 9
2 20 120 2
3 0 124 1
3 1 257 1
3 2 174 1
3 4 34 23
3 5 72 9
3 6 1 19
3 7 222 1
3 8 15 1
3 10 176 1
3 11 13 1
3 14 1 29
3 16 75 1
3 18 5 1
3 20 169 1
3 24 95 3
4 0 22 2
4 1 30 25
4 2 36 8
4 6 5 15
4 7 26 2
4 8 169 1
4 9 5 20
4 10 1 10
4 17 48 13
4 18 50 1
4 20 2 27
4 21 2 12
4 22 1 17
5 0 32 9
5 2 64 2
5 3 21 1
5 4 4 3
5 6 166 1
5 7 119 1
5 8 2 22
5 9 3 1
5 10 3 26
5 11 41 3
5 16 127 5
5 18 1 13
5 19 2 26
5 21 1 12
5 24 23 1
6 0 1 12
6 1 2 21
6 2 3 27
6 3 81 1
6 4 1 9
6 5 187 1
6 7 22 21
6 8 21 15
6 9 278 1
6 10 23 12
6 11 314 2
6 13 126 15
6 14 2 13
6 17 25 1
6 18 59 3
6 19 111 4
6 20 1 1
6 23 42 8
6 24 13 2
7 0 1 16
7 1 168 1
7 2 2 1
7 3 104 1
7 4 1 22
7 5 1 12
7 6 2 26
7 8 24 25
7 10 312 1
7 11 113 28
7 12 110 1
7 14 4 5
7 15 37 1
7 16 29 4
7 20 226 1
7 21 1 11
7 24 1 13
7 26 1 2
7 27 22 21
8 0 126 1
8 1 117 18
8 2 1 5
8 3 18 1
8 4 173 1
8 5 97 18
8 6 71 1
8 9 44 1
8 10 300 4
8 11 2 12
8 12 3 17
8 13 178 2
8 15 1 10
8 16 12 3
8 17 5 3
8 18 2 15
8 19 133 1
8 21 6 9
8 22 116 4
8 24 25 1
8 25 125 1
9 0 179 2
9 4 2 29
9 5 132 21
9 6 11 23
9 8 372 1
9 10 2 11
9 12 4 6
9 13 5 26
9 14 2 28
9 15 30 2
9 17 139 1
9 20 1 3
9 21 56 1
9 23 3 24
9 24 43 1
9 26 1 8
9 27 1 16
10 0 1 29
10 1 2 29
10 2 2 14
10 4 1 7
10 5 1 22
10 6 2 9
10 7 61 1
10 8 315 1
10 9 14 1
10 11 2 7
10 14 172 20
10 15 1 12
10 16 1 10
10 17 148 3
10 18 2 14
10 23 11 19
10 24 17 14
11 0 1 26
11 1 206 1
11 3 48 1
11 4 211 1
11 5 2 16
11 6 5 23
11 7 4 28
11 8 2 29
11 10 187 1
11 15 335 1
11 16 75 2
11 20 1 17
11 22 14 3
11 23 3 20
11 24 21 1
11 25 278 1
11 26 1 13
11 27 121 1
12 1 70 1
12 2 5 15
12 4 1 7
12 5 1 12
12 9 147 1
12 10 94 1
12 13 38 2
12 17 1 22
12 19 9 24
12 24 35 10
12 27 1 8
13 4 52 1
13 9 13 11
13 10 124 1
13 11 17 27
13 12 1 7
13 17 41 12
13 22 1 18
14 10 3 12
14 11 251 1
14 13 23 1
14 15 1 6
14 21 5 20
14 22 1 10
14 25 27 2
15 5 1 21
15 7 1 2
15 8 2 10
15 10 195 1
15 11 159 1
15 14 18 1
15 20 8 13
15 24 1 21
16 0 167 14
16 1 13 1
16 3 14 24
16 5 113 6
16 8 45 1
16 10 6 13
16 17 177 1
16 18 81 1
16 19 2 6
16 24 62 17
17 0 1 25
17 1 123 3
17 2 132 1
17 4 1 6
17 5 56 3
17 6 39 1
17 8 13 1
17 10 1 2
17 11 15 23
17 12 1 28
17 14 42 1
17 16 250 1
17 19 35 3
17 20 5 9
17 25 34 28
17 26 1 20
18 0 96 1
18 5 79 3
18 6 1 7
18 7 99 5
18 9 158 1
18 10 2 1
18 14 38 11
18 16 3 19
18 17 87 1
18 20 53 1
18 24 2 13
18 25 2 22
19 0 6 10
19 1 113 12
19 10 1 20
19 11 11 11
19 16 1 11
19 20 2 4
19 23 1 23
20 0 19 1
20 2 18 2
20 8 4 6
20 11 3 10
20 18 1 2
20 19 2 7
20 23 1 13
20 24 50 10
20 26 2 23
21 6 1 26
21 9 47 1
21 12 79 1
21 18 1 2
21 24 18 4
22 5 1 5
22 11 21 3
22 15 7 21
22 20 55 14
22 21 9 20
22 23 1 27
23 3 28 4
23 6 12 24
23 8 2 8
23 11 10 21
23 12 71 1
23 14 4 7
23 15 5 1
24 0 15 1
24 1 43 22
24 3 19 1
24 4 1 26
24 5 64 12
24 6 9 7
24 7 37 1
24 8 82 4
24 9 1 25
24 10 1 28
24 11 248 1
24 16 179 1
24 17 57 1
24 26 1 16
25 4 16 4
25 5 3 24
25 10 16 1
25 11 54 19
25 17 78 6
25 21 10 14
25 23 2 10
25 24 18 2
26 0 1 22
26 21 6 1
26 24 59 7
26 27 3 24
27 2 16 28
27 3 3 24
27 4 17 20
27 6 1 6
27 7 1 5
27 8 83 2
27 10 1 22
27 15 25 1
27 17 1 10
27 20 1 1
27 26 17 27
