0 1 19 4
0 2 64 1
0 3 15 1
0 4 1 24
0 5 38 15
0 6 6 2
0 7 3 13
0 8 67 18
0 9 18 13
0 12 13 1
0 14 1 14
0 16 19 1
0 17 3 11
0 18 22 28
0 19 2 10
0 20 1 9
0 22 2 5
0 24 27 7
0 27 18 5
1 0 33 1
1 2 35 23
1 3 13 16
1 4 67 10
1 5 7 27
1 6 15 1
1 7 13 20
1 8 377 1
1 12 12 1
1 16 193 1
1 17 364 1
1 19 133 1
1 22 58 1
1 24 140 1
2 0 3 3
2 1 306 1
2 3 8 26
2 4 3 4
2 5 2 22
2 6 80 1
2 8 144 1
2 10 123 1
2 11 158 2
2 18 1 25
2 23 2 17
2 24 38 20
2 25 33 2
3 0 82 2
3 1 104 1
3 2 34 1
3 5 89 27
3 6 1 3
3 7 208 1
3 8 69 18
3 10 170 1
3 16 43 1
3 17 1 26
3 18 4 9
3 20 163 1
3 23 1 19
3 24 19 29
4 0 17 28
4 1 33 5
4 2 36 18
4 3 1 24
4 5 1 20
4 6 3 28
4 8 132 1
4 9 1 25
4 10 1 23
4 16 53 17
4 17 9 4
4 18 41 1
4 19 130 5
4 20 1 16
4 22 1 12
5 0 26 2
5 1 137 1
5 2 62 1
5 3 4 6
5 4 2 4
5 6 57 1
5 7 112 1
5 8 293 2
5 10 1 25
5 11 38 3
5 12 14 1
5 13 22 14
5 16 21 20
5 17 9 1
5 18 1 1
5 19 27 6
5 20 4 26
5 21 2 6
5 24 4 13
5 25 2 19
5 27 25 2
6 0 1 28
6 1 82 18
6 2 110 9
6 3 75 1
6 4 1 15
6 5 12 1
6 7 8 13
6 8 22 19
6 9 27 1
6 10 1 6
6 12 1 5
6 14 5 29
6 16 4 7
6 17 22 1
6 18 56 2
6 23 43 1
6 26 1 11
7 0 2 16
7 1 160 1
7 3 316 1
7 5 1 8
7 6 5 6
7 8 5 16
7 10 91 1
7 11 124 1
7 15 30 2
7 17 24 29
7 20 222 1
7 25 6 12
7 27 1 1
8 0 64 25
8 1 46 9
8 2 3 22
8 3 15 1
8 4 161 1
8 5 249 1
8 6 61 1
8 7 1 26
8 9 36 1
8 10 178 28
8 11 1 13
8 12 2 25
8 13 175 3
8 16 47 1
8 19 132 1
8 22 115 1
8 24 72 1
9 0 177 1
9 4 20 23
9 5 317 24
9 6 4 18
9 7 276 1
9 8 360 1
9 10 2 8
9 11 10 2
9 12 2 18
9 13 1 19
9 17 137 1
9 19 30 2
9 21 3 21
9 25 3 16
9 26 1 27
10 0 28 10
10 2 31 14
10 4 1 6
10 5 1 4
10 6 55 22
10 7 53 1
10 8 288 1
10 9 5 1
10 11 25 8
10 12 174 9
10 13 10 2
10 14 2 23
10 15 7 5
10 16 1 24
10 17 146 1
10 21 40 1
10 23 3 23
10 24 4 29
10 25 3 13
11 0 2 27
11 1 201 2
11 2 1 7
11 3 42 1
11 4 208 2
11 6 1 14
11 7 5 28
11 8 3 20
11 9 283 1
11 10 162 1
11 13 213 21
11 14 1 29
11 15 55 1
11 17 149 1
11 18 9 27
11 20 1 17
11 21 1 12
11 23 1 16
11 24 17 9
11 25 216 1
11 26 130 28
11 27 116 1
12 0 1 18
12 2 32 23
12 3 92 4
12 4 1 13
12 5 9 15
12 9 132 1
12 10 88 1
12 11 3 1
12 13 33 2
12 14 5 4
12 20 13 29
12 22 23 20
12 23 1 22
12 27 56 17
13 4 50 7
13 6 1 29
13 8 153 1
13 10 116 1
13 11 1 26
13 12 1 18
13 14 10 1
13 15 8 3
13 19 4 24
13 27 1 8
14 7 255 3
14 8 1 29
14 10 17 6
14 11 239 1
14 12 1 9
14 13 19 2
14 16 21 13
14 21 1 21
14 24 1 13
15 5 1 24
15 6 2 10
15 7 49 2
15 10 186 1
15 11 125 1
15 14 15 1
15 16 10 29
15 23 6 26
16 0 20 4
16 1 35 9
16 3 276 1
16 5 35 1
16 6 1 15
16 8 115 1
16 17 165 1
16 18 72 1
16 24 74 1
17 0 4 14
17 1 110 1
17 2 127 1
17 4 1 23
17 5 54 1
17 6 35 1
17 7 58 1
17 10 1 9
17 11 6 20
17 12 1 14
17 13 9 11
17 16 3 1
17 19 33 5
17 23 1 8
17 26 4 10
17 27 50 3
18 0 94 1
18 3 84 2
18 6 1 13
18 16 39 26
18 17 84 1
18 20 53 1
19 0 1 2
19 1 1 6
19 3 2 3
19 6 15 1
19 10 9 24
19 13 3 9
19 20 2 9
19 26 2 21
20 0 302 1
20 3 8 6
20 7 94 1
20 10 1 26
20 11 1 4
20 12 6 22
20 13 4 14
20 17 1 3
20 19 18 26
20 26 1 9
20 27 1 5
21 9 46 1
21 12 77 1
21 15 2 27
21 22 1 8
21 23 3 1
21 27 10 27
22 4 68 3
22 6 5 20
22 8 82 1
22 9 12 1
22 11 19 2
23 6 1 15
23 8 2 22
23 10 1 20
24 0 287 1
24 1 36 1
24 3 68 2
24 5 187 1
24 7 33 1
24 8 189 1
24 11 235 1
24 12 5 4
24 16 48 1
24 18 14 22
25 0 1 26
25 3 46 29
25 7 250 1
25 9 77 6
25 10 13 1
25 11 29 2
25 15 1 4
25 17 78 4
25 27 41 1
26 3 3 4
26 16 23 1
26 27 1 16
27 0 2 10
27 3 10 27
27 6 1 13
27 22 4 15
