0 1 373 24
0 2 63 1
0 3 3 8
0 4 70 23
0 5 99 29
0 7 8 6
0 8 335 6
0 11 250 24
0 12 13 2
0 16 7 5
0 17 41 10
0 18 1 2
0 19 1 17
0 24 65 19
1 0 25 18
1 2 6 18
1 3 170 1
1 4 6 27
1 5 11 18
1 6 13 1
1 7 1 11
1 8 365 1
1 9 21 3
1 10 26 1
1 12 12 1
1 14 5 22
1 16 182 1
1 17 362 1
1 18 1 17
1 19 133 1
1 20 2 22
1 22 57 9
1 24 129 4
2 0 1 12
2 1 302 1
2 3 6 4
2 4 1 22
2 5 2 8
2 6 79 1
2 7 1 13
2 8 140 1
2 9 87 1
2 10 122 1
2 17 213 1
2 18 4 5
2 20 117 1
3 0 32 27
3 1 91 9
3 2 31 1
3 4 4 15
3 5 142 1
3 6 152 27
3 7 204 1
3 8 98 22
3 9 1 19
3 10 169 1
3 11 9 1
3 16 43 1
3 17 45 23
3 20 162 2
3 24 102 1
3 26 1 6
4 0 69 1
4 1 4 18
4 2 32 7
4 5 1 19
4 6 3 22
4 7 23 1
4 8 131 1
4 9 24 16
4 10 1 10
4 11 12 1
4 14 120 2
4 15 47 3
4 16 2 15
4 17 1 29
4 18 40 1
4 20 89 16
4 24 17 11
5 0 20 14
5 1 140 1
5 2 61 1
5 3 112 1
5 4 112 14
5 6 39 1
5 7 111 1
5 8 11 24
5 12 14 2
5 16 358 1
5 17 8 23
5 18 2 6
5 23 1 20
5 24 121 15
6 0 1 26
6 1 6 18
6 3 74 1
6 4 2 16
6 5 2 4
6 7 61 26
6 8 21 16
6 9 25 1
6 10 1 18
6 11 307 1
6 12 2 22
6 14 1 29
6 15 1 1
6 17 22 1
6 22 67 2
6 23 43 29
6 26 7 13
7 0 3 21
7 1 159 1
7 3 313 1
7 4 2 10
7 5 31 21
7 6 4 3
7 8 32 10
7 10 90 1
7 11 112 1
7 13 25 2
7 14 3 3
7 17 1 29
7 18 165 4
7 19 1 11
7 20 222 1
7 23 27 3
7 27 19 29
8 0 34 2
8 1 150 15
8 2 3 5
8 3 5 11
8 4 159 1
8 5 236 1
8 6 44 1
8 9 35 1
8 10 83 20
8 11 2 26
8 14 1 28
8 15 1 11
8 16 40 2
8 17 14 1
8 18 40 13
8 19 132 2
8 21 6 3
8 22 115 2
8 23 20 1
8 24 61 12
8 25 121 3
8 26 4 1
9 0 176 3
9 4 3 24
9 5 30 12
9 6 4 28
9 7 275 2
9 8 359 1
9 10 7 20
9 12 62 19
9 13 2 19
9 14 1 25
9 15 28 1
9 17 136 3
9 20 19 3
9 24 41 4
10 0 1 2
10 1 2 4
10 2 2 1
10 3 168 1
10 4 3 26
10 5 10 9
10 6 4 4
10 7 52 1
10 8 281 1
10 9 4 1
10 11 33 8
10 14 1 13
10 15 71 6
10 16 2 17
10 17 145 1
10 21 40 1
10 22 1 10
10 24 72 4
11 2 152 9
11 3 41 1
11 5 10 5
11 6 1 13
11 7 9 28
11 8 1 20
11 9 283 1
11 10 159 1
11 15 52 9
11 17 149 3
11 20 26 7
11 25 214 1
11 26 23 10
11 27 115 1
12 1 67 1
12 2 1 4
12 4 4 7
12 5 1 4
12 9 130 1
12 10 87 1
12 11 3 21
12 16 4 8
12 23 1 28
13 7 29 1
13 8 153 2
13 10 115 1
13 11 1 21
13 14 9 2
13 23 1 3
14 0 1 3
14 3 49 5
14 6 3 14
14 9 12 3
14 10 46 18
14 11 238 1
14 12 4 5
14 15 1 19
14 18 1 17
15 7 5 10
15 9 7 5
15 10 185 1
15 11 121 1
15 14 14 1
15 16 3 21
15 23 8 1
15 25 3 8
16 0 4 14
16 1 245 28
16 2 3 11
16 3 264 1
16 5 24 12
16 6 1 25
16 8 104 1
16 10 1 20
16 13 1 24
16 15 5 4
16 17 163 1
16 18 71 1
16 24 63 18
17 0 54 20
17 1 107 1
17 2 126 1
17 4 2 11
17 5 53 1
17 6 34 2
17 7 58 1
17 11 3 12
17 12 1 25
17 13 7 21
17 16 2 1
17 18 25 3
17 20 8 5
17 21 21 3
18 0 94 2
18 1 1 11
18 4 1 23
18 5 77 1
18 6 38 8
18 7 97 5
18 14 8 12
18 16 7 21
18 17 83 3
18 20 52 7
18 27 34 2
19 0 26 13
19 5 16 1
19 6 15 2
19 7 1 26
19 8 1 5
19 14 1 8
19 18 2 10
19 20 1 22
20 0 302 1
20 1 1 4
20 2 16 1
20 3 2 21
20 4 1 20
20 7 94 1
20 9 134 12
20 11 5 6
20 13 1 15
20 14 24 1
20 15 67 5
20 19 62 14
20 22 20 12
20 27 1 19
21 5 24 28
21 9 45 2
21 12 76 1
21 19 1 21
21 22 1 16
21 23 2 11
21 24 17 26
22 5 14 22
22 7 117 1
22 8 81 1
22 9 11 8
22 16 2 14
22 24 21 13
23 2 2 24
23 6 1 14
23 7 151 1
23 8 4 21
23 9 10 14
23 12 70 3
24 0 276 17
24 1 24 1
24 3 10 4
24 5 189 1
24 7 32 2
24 8 177 1
24 10 1 12
24 11 233 1
24 12 51 28
24 16 37 6
24 23 13 5
24 26 1 23
25 7 249 2
25 10 12 11
25 11 21 10
25 19 3 14
25 22 4 1
25 24 17 6
25 27 40 4
26 4 1 15
26 6 80 2
26 8 56 5
26 9 6 4
26 11 21 3
26 16 23 11
26 17 50 21
26 27 2 8
27 0 64 26
27 3 2 1
27 7 1 4
27 9 20 1
27 16 1 11
27 23 18 13
27 24 1 22
