0 1 355 1
0 2 47 2
0 3 295 4
0 4 4 15
0 5 297 1
0 6 301 26
0 7 4 18
0 8 50 1
0 11 37 10
0 12 11 5
0 15 3 14
0 16 39 3
0 17 1 12
0 18 1 4
0 19 23 20
0 20 61 12
0 24 44 1
1 0 156 10
1 2 56 5
1 3 206 1
1 4 10 27
1 5 64 1
1 6 32 1
1 7 1 23
1 8 245 1
1 10 19 2
1 11 7 1
1 13 86 3
1 14 1 21
1 16 362 1
1 17 72 1
1 18 1 1
1 20 5 11
1 24 21 7
2 0 1 18
2 1 203 1
2 3 26 8
2 4 1 7
2 5 1 14
2 6 58 1
2 7 109 23
2 8 85 1
2 10 103 1
2 11 146 1
2 17 206 2
2 18 1 25
2 20 110 1
3 0 56 1
3 1 66 1
3 2 46 1
3 4 52 29
3 5 53 1
3 7 26 1
3 8 87 1
3 9 2 7
3 10 156 1
3 11 4 1
3 14 2 26
3 15 51 1
3 16 97 11
3 17 2 13
3 20 150 1
3 24 132 6
3 26 1 18
4 0 261 1
4 1 4 24
4 2 37 25
4 3 3 7
4 5 3 6
4 6 24 27
4 7 18 1
4 8 262 1
4 10 1 8
4 11 9 2
4 14 117 3
4 17 1 11
4 18 25 1
4 22 3 7
4 24 18 5
4 26 1 25
5 0 62 19
5 1 264 1
5 3 89 1
5 4 42 14
5 6 172 1
5 7 97 1
5 8 108 1
5 9 2 18
5 10 3 3
5 12 9 1
5 14 33 1
5 16 159 1
5 17 145 2
5 18 1 9
5 19 2 11
5 21 2 1
5 24 65 13
6 0 2 8
6 1 83 18
6 3 61 1
6 4 2 9
6 5 84 25
6 7 1 26
6 8 20 11
6 9 254 1
6 10 1 16
6 11 291 1
6 12 1 29
6 13 1 7
6 14 1 12
6 15 5 11
6 17 15 3
6 21 1 29
6 26 7 9
7 0 1 8
7 1 141 1
7 3 253 1
7 5 2 5
7 6 5 23
7 8 44 29
7 9 1 9
7 10 297 1
7 11 16 1
7 12 101 2
7 20 213 2
7 21 2 2
7 22 123 2
7 23 23 1
7 25 36 2
7 26 3 13
7 27 1 12
8 0 113 1
8 1 165 1
8 2 3 1
8 3 55 1
8 4 135 1
8 5 70 1
8 6 114 1
8 7 3 24
8 9 19 1
8 10 135 1
8 11 2 24
8 13 169 2
8 16 62 1
8 18 1 29
8 22 111 1
8 23 18 3
8 24 134 1
8 25 114 2
9 0 170 2
9 2 141 4
9 4 16 5
9 5 156 1
9 6 58 20
9 7 267 1
9 8 91 1
9 10 4 11
9 12 4 7
9 13 5 11
9 14 2 3
9 15 24 1
9 17 131 1
9 20 1 26
10 0 56 29
10 1 1 14
10 2 1 21
10 3 155 1
10 4 84 22
10 5 1 18
10 6 373 18
10 8 320 1
10 11 19 21
10 12 2 12
10 13 5 1
10 14 2 5
10 15 26 7
10 16 2 22
10 18 1 8
10 20 1 1
10 21 37 2
10 22 1 22
10 23 1 13
10 25 7 28
10 27 140 28
11 0 2 6
11 1 190 2
11 3 29 1
11 4 202 1
11 5 1 18
11 6 3 25
11 7 19 14
11 8 1 11
11 9 271 1
11 10 142 1
11 14 5 4
11 15 309 1
11 17 145 1
11 21 1 25
11 24 379 1
11 25 247 1
11 26 6 4
11 27 105 1
12 0 1 8
12 1 61 1
12 3 91 3
12 4 1 15
12 5 2 1
12 7 43 4
12 9 100 1
12 10 74 1
12 11 47 15
12 13 22 1
12 14 143 1
12 19 1 10
12 20 1 28
12 23 9 28
13 6 14 29
13 7 24 4
13 8 146 1
13 9 1 9
13 10 98 1
13 11 1 14
13 12 3 18
13 14 5 1
13 27 6 6
14 2 2 8
14 4 5 19
14 5 16 2
14 6 7 7
14 10 48 5
14 11 212 1
14 13 7 1
14 15 4 23
14 18 1 22
15 5 6 5
15 7 2 5
15 10 166 1
15 11 61 1
15 14 9 1
15 20 8 12
15 23 3 5
15 24 2 24
15 25 1 16
16 0 68 15
16 1 239 1
16 2 3 3
16 3 148 1
16 5 177 1
16 8 111 1
16 12 1 25
16 14 1 28
16 17 138 1
16 18 53 1
16 22 24 15
16 24 49 16
16 27 21 1
17 0 2 24
17 1 88 1
17 2 115 1
17 4 1 26
17 5 48 1
17 9 9 5
17 13 1 18
17 16 109 1
17 18 21 2
18 0 89 1
18 1 2 27
18 3 83 3
18 5 71 1
18 6 1 28
18 8 72 1
18 11 16 4
18 14 3 16
18 15 30 2
18 16 7 24
18 17 76 2
18 19 1 4
18 20 51 2
18 21 14 1
18 22 1 28
18 23 2 11
19 0 2 20
19 6 12 3
19 20 2 25
20 0 16 1
20 3 5 20
20 4 1 13
20 5 58 7
20 8 1 27
20 19 1 14
20 26 1 25
21 0 1 19
21 6 1 10
21 8 2 11
21 9 43 1
21 10 102 3
21 12 72 2
21 13 8 4
22 0 1 9
22 4 66 1
22 8 77 2
22 10 1 17
22 11 15 4
22 15 1 12
23 1 1 10
23 4 16 1
23 7 144 2
23 15 1 11
24 0 264 1
24 1 56 1
24 3 24 6
24 4 1 16
24 5 103 1
24 6 22 5
24 7 25 1
24 8 133 1
24 10 20 24
24 11 205 1
24 12 5 19
24 15 1 2
24 16 112 1
24 19 1 18
24 22 23 3
24 25 6 6
24 26 2 4
25 1 1 4
25 9 74 1
25 10 195 1
25 11 7 29
25 24 15 1
25 27 35 1
26 7 122 2
26 10 110 3
26 11 18 1
26 15 2 27
26 27 2 2
27 7 9 4
27 11 1 24
27 20 11 7
