0 1 14 10
0 2 42 1
0 3 281 1
0 4 73 24
0 5 211 1
0 6 11 1
0 7 22 16
0 8 210 1
0 9 58 2
0 14 4 17
0 16 38 1
0 17 1 12
0 18 1 9
0 19 3 21
0 20 1 23
0 21 26 15
0 24 55 2
1 0 13 1
1 2 5 29
1 3 37 8
1 4 4 6
1 5 51 1
1 6 24 1
1 8 182 20
1 9 1 10
1 16 274 1
1 17 58 8
1 18 4 9
1 22 56 1
1 24 41 2
2 0 1 16
2 1 173 1
2 3 24 17
2 4 2 18
2 5 1 15
2 6 52 1
2 7 225 22
2 8 276 1
2 9 78 1
2 10 97 1
2 11 142 1
2 12 2 3
2 15 7 11
2 17 203 3
3 0 137 1
3 1 238 1
3 2 21 6
3 5 79 1
3 6 1 2
3 7 187 1
3 8 72 14
3 10 151 2
3 14 6 6
3 16 23 22
3 17 45 7
3 20 146 1
3 22 1 27
3 24 115 1
4 0 256 1
4 1 5 25
4 2 1 6
4 3 1 22
4 5 7 3
4 6 2 28
4 7 16 3
4 8 252 1
4 9 1 17
4 14 117 1
4 16 1 24
4 17 12 17
4 18 20 1
4 19 127 9
4 20 1 2
4 21 73 14
4 22 1 9
4 25 15 2
5 0 68 1
5 1 175 1
5 2 54 1
5 3 22 1
5 6 103 1
5 7 92 1
5 8 113 1
5 9 3 10
5 12 7 4
5 16 89 5
5 17 8 1
5 18 2 4
5 24 112 1
6 0 2 4
6 1 1 12
6 2 211 1
6 4 6 25
6 5 161 1
6 7 11 19
6 8 18 2
6 9 344 1
6 11 286 1
6 12 1 10
6 13 2 13
6 17 14 1
6 19 105 3
6 27 1 21
7 0 1 1
7 1 135 1
7 3 80 1
7 4 1 5
7 6 1 18
7 8 67 17
7 10 68 1
7 11 54 1
7 15 14 1
7 17 2 3
7 20 210 1
7 21 2 15
7 23 21 1
7 25 274 1
7 27 1 18
8 0 31 11
8 1 58 1
8 2 1 1
8 3 6 28
8 4 126 1
8 5 93 1
8 6 63 1
8 7 3 9
8 10 352 6
8 11 87 19
8 12 1 26
8 13 167 3
8 15 2 20
8 16 72 1
8 23 17 2
8 24 34 1
8 25 112 1
8 26 3 1
8 27 16 6
9 0 168 1
9 2 140 1
9 4 1 11
9 5 313 1
9 6 23 23
9 7 264 1
9 8 80 1
9 10 44 9
9 12 29 24
9 13 3 8
9 15 22 1
9 17 129 1
9 21 1 22
10 0 1 11
10 2 3 5
10 3 150 1
10 4 1 3
10 5 2 27
10 6 5 2
10 7 32 1
10 8 257 1
10 9 1 26
10 11 24 8
10 12 175 17
10 14 1 19
10 15 60 19
10 16 2 4
10 18 1 27
10 19 1 3
10 23 19 1
10 24 4 15
10 25 20 23
11 0 3 2
11 1 186 2
11 2 6 4
11 4 200 3
11 5 2 3
11 6 2 19
11 7 9 7
11 8 2 26
11 9 266 1
11 10 130 1
11 14 1 28
11 15 134 1
11 16 1 6
11 18 1 9
11 20 2 27
11 21 1 13
11 23 5 25
11 25 205 1
11 27 101 2
12 1 59 1
12 5 1 28
12 6 2 4
12 9 90 1
12 11 3 15
12 13 19 1
12 14 141 1
12 16 1 2
12 17 1 14
12 20 65 18
12 22 1 28
12 23 1 5
12 24 32 4
12 26 38 25
13 7 23 2
13 8 143 2
13 10 93 1
13 11 1 24
13 12 18 28
13 14 3 2
13 19 4 3
13 25 1 3
13 27 6 2
14 1 7 16
14 3 47 7
14 4 4 15
14 7 248 2
14 9 7 1
14 10 3 5
14 11 202 1
14 12 1 10
14 13 19 2
14 15 2 26
14 17 1 3
15 5 1 3
15 6 1 18
15 7 4 16
15 8 9 5
15 10 159 1
15 11 45 1
15 13 14 1
15 14 9 1
15 16 1 6
15 22 15 1
15 24 1 2
16 0 34 26
16 1 131 1
16 3 60 1
16 5 71 1
16 6 23 28
16 7 45 1
16 8 158 1
16 14 2 21
16 17 129 1
16 18 48 1
16 24 144 1
17 0 1 7
17 1 73 1
17 2 111 1
17 4 1 15
17 5 46 1
17 8 6 1
17 10 1 23
17 11 9 9
17 15 69 17
17 16 104 1
17 18 19 2
17 22 1 20
17 25 1 15
18 0 88 1
18 1 1 18
18 4 2 29
18 5 69 3
18 7 92 4
18 8 70 1
18 9 151 1
18 17 74 2
18 19 48 16
18 23 1 21
18 24 2 2
18 25 1 9
19 0 1 22
19 1 1 8
19 4 6 7
19 10 14 18
20 2 10 5
20 3 4 5
20 6 1 23
20 8 201 22
20 10 5 21
20 19 1 24
20 23 1 22
20 27 5 15
21 1 1 12
21 6 1 16
21 8 1 18
21 10 101 5
21 22 7 23
21 25 1 24
22 3 1 1
22 4 66 5
22 5 2 6
22 7 113 1
22 8 76 3
22 11 14 4
22 13 1 15
22 21 11 2
23 7 142 2
23 11 1 2
23 12 66 4
23 15 11 2
24 0 176 1
24 1 80 1
24 3 36 1
24 5 23 1
24 8 17 1
24 10 1 17
24 11 195 1
24 14 2 25
24 15 2 27
24 16 5 20
24 18 3 15
24 22 23 7
24 25 6 1
24 26 1 10
25 2 2 8
25 4 14 1
25 7 242 1
25 9 73 3
25 10 11 1
25 11 3 10
25 17 77 1
25 19 1 13
25 24 15 3
26 0 1 15
26 3 7 7
26 4 7 25
26 11 17 1
26 27 1 8
27 2 1 20
27 7 1 6
27 8 76 1
27 15 23 4
