0 1 5 15
0 2 34 2
0 3 126 1
0 4 26 21
0 5 37 1
0 6 10 23
0 7 56 18
0 8 152 1
0 10 219 1
0 13 1 21
0 16 142 1
0 17 4 2
0 18 1 15
0 19 1 10
0 20 16 19
0 24 137 1
1 0 6 1
1 2 265 13
1 3 49 1
1 4 33 5
1 5 52 1
1 6 12 1
1 7 1 21
1 8 309 1
1 9 1 24
1 14 3 17
1 15 110 5
1 16 150 1
1 17 50 1
1 18 1 8
1 19 116 1
1 21 1 19
1 22 55 2
1 24 33 3
2 0 2 6
2 1 147 1
2 3 39 3
2 4 6 18
2 5 1 8
2 6 42 1
2 8 40 1
2 9 74 1
2 10 87 1
2 11 134 2
2 17 199 1
2 18 4 12
2 20 103 1
2 27 2 4
3 0 36 1
3 1 64 1
3 2 80 1
3 4 35 5
3 5 67 1
3 7 154 1
3 8 41 1
3 9 2 8
3 10 144 1
3 11 1 1
3 13 1 19
3 16 70 1
3 17 1 13
3 24 17 1
4 0 57 1
4 1 8 26
4 2 3 26
4 5 3 17
4 6 148 6
4 8 236 1
4 10 2 26
4 11 7 1
4 15 42 1
4 16 11 9
4 17 106 11
4 25 14 2
4 26 51 3
4 27 7 19
5 0 46 1
5 1 77 1
5 2 51 3
5 3 67 1
5 4 110 1
5 6 29 1
5 7 84 1
5 8 45 1
5 9 9 13
5 10 169 15
5 13 20 5
5 14 30 7
5 16 15 1
5 17 5 1
5 18 7 20
5 20 9 2
5 23 1 4
5 24 18 1
5 26 1 4
6 0 74 25
6 2 109 1
6 3 49 2
6 4 2 13
6 5 219 6
6 7 6 2
6 8 32 10
6 9 249 1
6 10 2 21
6 11 276 1
6 12 2 18
6 19 104 1
6 21 1 29
6 22 62 3
6 27 4 1
7 0 1 21
7 1 125 1
7 3 44 1
7 4 1 17
7 5 2 24
7 6 1 21
7 8 5 21
7 10 282 1
7 11 135 1
7 12 96 4
7 13 27 2
7 17 18 28
7 18 164 1
7 20 205 1
7 21 8 11
7 23 18 3
7 24 3 19
7 25 4 28
7 26 64 23
8 0 332 3
8 1 152 1
8 2 280 1
8 3 38 1
8 4 58 1
8 5 106 18
8 6 9 1
8 7 12 18
8 9 8 2
8 10 323 1
8 11 4 28
8 12 2 25
8 13 164 1
8 14 1 19
8 15 2 16
8 16 83 1
8 17 2 1
8 18 4 28
8 20 1 20
8 24 78 2
8 27 4 9
9 0 164 1
9 4 35 10
9 5 137 1
9 6 5 17
9 7 258 1
9 8 344 1
9 10 9 19
9 11 202 6
9 12 74 18
9 15 20 4
9 16 21 4
9 17 125 3
9 18 27 3
9 23 1 2
9 24 36 1
9 25 5 29
9 27 4 9
10 0 2 5
10 1 1 3
10 2 71 11
10 3 142 1
10 4 1 19
10 5 1 8
10 6 2 3
10 8 175 1
10 9 1 12
10 11 101 18
10 14 296 9
10 17 133 1
10 18 5 7
10 19 7 10
10 21 35 4
10 23 1 7
10 25 1 18
11 1 180 1
11 2 1 28
11 3 19 1
11 5 2 2
11 6 2 7
11 7 18 19
11 8 1 26
11 10 100 1
11 14 6 3
11 15 80 1
11 20 26 28
11 21 2 10
11 22 7 4
11 24 366 1
11 25 231 2
11 27 95 1
12 0 1 5
12 1 56 2
12 3 89 3
12 4 1 23
12 5 1 14
12 7 39 1
12 9 74 1
12 10 62 2
12 11 18 21
12 13 15 1
12 14 137 1
12 19 1 6
12 20 1 25
12 22 12 16
12 24 31 4
12 25 51 3
13 6 1 6
13 7 21 1
13 8 139 1
13 9 2 9
13 10 83 1
13 11 4 28
13 12 3 27
14 0 5 5
14 6 161 26
14 10 58 20
14 11 187 1
14 12 2 11
14 13 13 6
14 15 6 20
14 17 1 29
14 20 1 2
14 25 23 1
14 27 24 9
15 0 74 3
15 1 115 13
15 7 11 1
15 10 148 1
15 11 22 1
15 13 13 1
15 14 33 1
15 20 3 12
15 24 1 27
15 25 1 20
16 0 47 1
16 1 169 1
16 3 82 8
16 5 20 4
16 6 1 11
16 8 19 1
16 9 112 2
16 10 2 1
16 17 115 1
16 18 39 1
16 24 39 1
17 0 5 8
17 1 277 1
17 6 20 1
17 7 47 1
17 11 7 22
17 13 1 16
17 16 92 1
17 23 52 20
17 25 1 27
17 27 48 5
18 1 2 24
18 5 66 2
18 8 67 1
18 10 12 3
18 14 3 28
18 23 3 25
18 24 4 15
19 0 2 23
19 1 35 28
19 4 5 8
19 9 39 1
19 16 1 15
19 17 1 19
20 0 300 1
20 2 8 3
20 3 3 6
20 4 14 22
20 7 77 1
20 11 1 10
20 17 1 25
20 19 2 13
21 4 45 1
21 9 41 3
21 10 100 4
21 12 67 1
21 13 8 1
21 14 10 1
21 22 4 22
22 4 65 2
22 7 111 1
22 8 74 1
22 9 9 1
22 17 10 1
22 23 8 14
23 3 26 1
23 4 14 8
23 7 138 1
23 8 6 6
23 11 7 2
23 12 65 2
23 14 1 10
23 22 1 29
23 24 13 1
24 0 92 1
24 1 30 1
24 3 78 1
24 4 1 26
24 5 6 1
24 6 1 15
24 7 18 1
24 8 39 1
24 11 178 1
24 12 5 20
24 16 79 1
24 17 53 1
24 23 7 2
24 26 2 8
25 2 2 1
25 3 11 3
25 6 1 25
25 7 53 1
25 10 7 1
25 11 12 21
25 12 74 23
25 18 1 28
25 26 34 7
25 27 24 3
26 5 1 23
26 7 119 2
26 9 6 6
26 11 15 3
26 20 28 7
26 24 54 1
26 25 12 1
26 27 2 6
27 0 15 24
27 4 18 4
27 6 1 19
27 7 2 14
27 8 74 4
27 11 1 26
27 13 15 6
27 16 1 7
27 21 1 23
27 26 126 1
