0 1 52 11
0 2 24 1
0 3 2 12
0 4 157 6
0 5 4 26
0 6 297 1
0 7 1 20
0 8 6 15
0 13 1 9
0 16 96 6
0 17 3 15
0 18 28 12
0 19 4 4
0 20 1 23
0 24 5 14
1 0 17 11
1 2 20 15
1 3 5 8
1 4 4 9
1 5 37 19
1 6 1 3
1 7 14 28
1 8 3 25
1 10 8 3
1 11 2 9
1 14 3 9
1 16 6 6
1 17 13 1
1 18 2 8
1 19 108 1
1 22 53 2
1 24 5 3
2 0 34 24
2 1 84 1
2 3 8 13
2 4 3 14
2 6 28 1
2 7 9 21
2 8 202 4
2 9 68 1
2 10 72 1
2 11 124 1
2 20 96 2
2 22 6 6
3 0 8 18
3 1 104 6
3 2 5 2
3 4 45 16
3 5 8 16
3 7 126 1
3 8 7 13
3 9 2 15
3 10 132 1
3 12 93 29
3 13 11 7
3 16 20 12
3 17 2 5
3 18 2 1
3 21 23 7
3 23 1 11
3 24 5 13
3 25 1 2
3 26 2 16
4 0 261 1
4 1 21 23
4 2 2 18
4 3 1 15
4 5 27 4
4 6 3 2
4 8 212 1
4 9 90 1
4 11 5 1
4 14 112 6
4 15 40 2
4 17 1 29
4 18 6 1
4 19 124 2
4 20 7 27
4 22 1 26
4 25 12 1
4 26 51 2
5 0 5 8
5 1 5 1
5 3 5 27
5 4 145 2
5 6 2 29
5 7 72 1
5 8 87 5
5 9 10 14
5 10 168 1
5 11 22 3
5 14 28 2
5 16 9 29
5 17 143 1
5 19 2 1
5 20 1 28
5 24 5 15
6 0 1 24
6 1 92 13
6 2 25 2
6 3 40 1
6 4 45 1
6 5 169 1
6 7 2 3
6 8 10 12
6 9 320 1
6 11 262 1
6 12 2 15
6 14 1 6
6 15 2 20
6 19 100 5
6 21 1 21
6 23 3 6
7 0 4 4
7 1 110 1
7 2 1 3
7 3 197 1
7 4 10 22
7 5 1 20
7 6 5 24
7 8 4 3
7 10 323 1
7 11 69 1
7 14 2 5
7 15 3 2
7 20 197 1
7 21 3 12
7 22 117 1
7 25 32 2
7 26 1 23
7 27 1 9
8 0 5 24
8 1 3 10
8 2 47 1
8 3 7 17
8 4 35 19
8 5 2 7
8 6 5 3
8 7 3 3
8 9 2 2
8 10 279 1
8 11 2 28
8 12 1 17
8 14 1 18
8 15 2 5
8 16 5 1
8 17 280 6
8 18 41 13
8 21 2 9
8 22 105 2
8 24 5 15
8 25 101 2
8 27 1 13
9 2 132 3
9 5 293 1
9 6 8 8
9 7 249 1
9 8 315 2
9 10 26 5
9 11 106 26
9 12 2 12
9 14 1 27
9 15 17 1
9 18 23 3
9 19 25 2
10 0 1 12
10 1 1 21
10 2 6 9
10 3 131 1
10 4 4 9
10 5 3 6
10 6 77 9
10 7 15 2
10 8 163 25
10 9 4 23
10 11 43 6
10 12 175 1
10 14 3 13
10 15 47 20
10 16 1 24
10 17 127 2
10 19 4 13
10 21 34 1
10 23 3 14
10 25 9 7
11 0 4 28
11 1 171 1
11 3 11 2
11 6 1 9
11 7 12 5
11 8 9 2
11 9 247 1
11 10 131 1
11 13 210 3
11 15 89 16
11 16 1 4
11 17 136 1
11 23 10 7
11 24 363 1
11 25 174 9
11 27 86 1
12 0 1 27
12 1 51 1
12 4 7 20
12 6 2 5
12 7 36 2
12 8 1 8
12 9 53 1
12 10 52 1
12 11 1 24
12 13 8 2
12 14 133 2
12 20 1 18
12 22 1 1
12 25 49 6
12 26 39 9
13 1 68 2
13 8 133 1
13 9 23 2
13 10 70 1
13 11 1 25
13 12 1 25
13 15 6 1
13 22 3 28
13 27 6 16
14 1 109 9
14 2 3 26
14 6 1 29
14 10 24 29
14 11 164 1
14 12 1 11
14 13 8 2
14 15 1 12
14 19 1 24
14 21 8 10
15 0 71 6
15 7 5 28
15 10 131 1
15 11 3 1
15 14 4 16
15 27 1 23
16 0 6 21
16 1 5 23
16 3 5 15
16 5 5 7
16 7 42 2
16 8 14 25
16 10 1 13
16 11 1 12
16 14 2 27
16 17 95 1
16 18 27 1
16 24 5 4
17 1 239 1
17 2 95 1
17 4 22 8
17 5 38 3
17 8 2 6
17 16 83 1
17 19 25 3
17 26 1 8
17 27 48 1
18 1 2 10
18 4 2 6
18 5 62 1
18 6 33 20
18 8 61 1
18 9 144 4
18 14 40 1
18 16 1 12
18 17 64 2
18 22 11 23
18 24 4 11
19 0 3 15
19 6 8 9
19 10 1 19
19 11 18 11
19 16 2 11
19 18 50 25
19 20 1 16
19 22 5 6
20 0 290 1
20 1 37 1
20 3 1 23
20 6 2 23
20 7 69 2
20 8 6 28
20 9 4 18
20 10 5 27
20 11 1 17
20 13 1 25
20 17 10 3
20 19 245 1
20 23 1 19
21 1 1 20
21 3 10 4
21 4 43 3
21 5 24 18
21 9 39 2
21 10 99 1
21 12 63 1
21 22 8 24
22 10 2 1
22 11 10 1
22 20 1 4
22 23 4 2
22 24 27 7
23 0 6 2
23 2 2 9
23 4 13 15
23 7 132 1
23 8 1 12
23 11 5 2
23 16 29 23
23 24 10 1
24 0 5 7
24 1 9 13
24 3 5 1
24 5 5 25
24 6 2 4
24 7 13 1
24 8 5 2
24 9 1 4
24 10 2 17
24 11 154 1
24 14 2 19
24 16 5 21
24 19 2 14
25 4 11 3
25 7 41 1
25 9 69 1
25 11 10 20
25 13 12 9
25 14 6 3
25 19 4 1
25 21 10 2
25 26 32 5
26 0 1 20
26 3 1 15
26 4 7 20
26 7 117 2
26 11 13 1
26 24 51 5
27 6 3 1
27 7 9 15
27 8 71 5
27 10 16 23
27 23 17 3
27 26 120 2
