0 1 13 29
0 2 18 1
0 3 11 16
0 4 16 16
0 5 12 9
0 6 8 1
0 7 64 17
0 8 14 26
0 9 1 28
0 11 9 2
0 13 1 3
0 14 7 18
0 15 3 5
0 16 13 2
0 17 50 23
0 18 1 8
0 19 8 11
0 20 2 14
0 22 1 7
0 24 13 9
0 26 1 11
1 0 18 27
1 2 3 28
1 3 13 25
1 4 8 14
1 5 14 29
1 7 146 27
1 8 44 3
1 9 1 12
1 11 1 6
1 14 3 27
1 15 107 1
1 16 13 20
1 17 320 1
1 18 1 24
1 19 103 1
1 20 26 26
1 24 22 2
2 0 2 15
2 1 36 1
2 3 7 8
2 4 16 11
2 6 21 1
2 7 40 1
2 8 200 1
2 9 64 2
2 11 118 1
2 15 6 1
2 17 188 1
2 19 1 2
2 20 92 3
2 24 36 10
3 0 124 25
3 1 11 21
3 2 12 1
3 5 36 29
3 6 4 18
3 7 101 1
3 8 28 2
3 10 125 1
3 13 20 13
3 16 13 10
3 19 4 15
3 20 121 1
3 24 13 9
4 0 51 1
4 1 24 9
4 3 5 12
4 5 6 11
4 6 24 12
4 7 8 3
4 8 198 1
4 9 205 1
4 10 1 8
4 12 2 19
4 16 1 20
4 17 5 8
4 20 4 1
4 24 2 15
4 25 12 3
5 0 13 16
5 1 13 25
5 2 44 1
5 3 13 24
5 6 7 6
5 7 65 1
5 8 15 25
5 9 20 6
5 11 20 1
5 15 8 3
5 16 20 25
5 18 5 27
5 20 9 8
5 23 1 22
5 24 13 11
5 25 28 24
6 0 1 15
6 1 2 1
6 3 34 1
6 4 2 20
6 5 134 1
6 7 12 15
6 8 14 21
6 9 290 1
6 10 2 1
6 11 253 1
6 15 2 10
6 17 5 2
6 18 34 1
6 19 99 1
6 22 59 2
6 23 1 22
6 25 1 4
7 0 4 21
7 1 101 1
7 2 6 27
7 3 167 1
7 4 3 9
7 5 3 5
7 6 1 27
7 8 13 5
7 9 1 29
7 10 309 1
7 11 152 1
7 12 89 1
7 14 2 1
7 15 1 4
7 17 68 4
7 20 192 1
7 21 1 15
7 22 115 6
7 23 13 2
7 25 26 1
7 27 2 23
8 0 13 21
8 1 21 11
8 2 71 1
8 3 17 28
8 4 102 1
8 5 280 14
8 6 12 1
8 7 9 11
8 10 288 1
8 11 2 11
8 12 25 8
8 13 154 2
8 16 23 21
8 18 13 15
8 19 121 5
8 21 2 8
8 24 66 28
8 25 97 3
9 0 155 3
9 1 1 4
9 2 130 1
9 3 2 29
9 5 116 1
9 6 17 13
9 7 244 1
9 8 299 1
9 10 5 5
9 12 22 4
9 13 5 10
9 15 16 1
9 18 21 2
10 0 2 27
10 1 1 29
10 2 7 24
10 3 124 1
10 4 112 18
10 5 5 23
10 6 78 29
10 8 48 14
10 9 3 8
10 11 84 24
10 14 31 11
10 15 6 19
10 17 124 2
10 18 1 26
10 20 1 20
10 22 10 4
11 0 2 13
11 1 165 1
11 2 49 13
11 4 189 1
11 6 2 29
11 7 57 20
11 8 69 9
11 9 240 1
11 10 107 17
11 13 17 2
11 14 33 15
11 15 239 25
11 16 4 19
11 17 133 2
11 20 143 10
11 24 353 1
11 25 171 1
11 26 131 23
12 0 1 13
12 5 15 5
12 9 42 1
12 13 6 1
12 14 129 3
12 16 1 9
12 19 1 5
12 22 1 17
12 24 29 1
12 26 39 28
13 7 15 4
13 10 62 1
13 11 15 8
13 12 1 13
13 22 1 7
13 23 1 10
13 27 1 27
14 0 1 21
14 1 109 1
14 6 1 8
14 7 235 1
14 8 260 1
14 10 230 10
14 11 150 1
14 13 4 5
14 15 2 12
14 20 1 22
14 21 1 14
14 22 1 26
15 0 70 2
15 5 1 26
15 6 1 18
15 7 44 14
15 8 37 20
15 9 2 1
15 10 121 1
15 13 10 3
15 14 19 1
15 25 2 3
16 0 13 4
16 1 13 13
16 2 1 7
16 3 23 3
16 5 21 9
16 7 40 3
16 8 76 26
16 9 110 1
16 10 15 22
16 14 1 28
16 15 1 29
16 17 83 1
16 18 21 1
16 24 14 27
17 0 7 2
17 1 226 1
17 2 90 1
17 4 1 3
17 5 36 1
17 7 39 1
17 10 31 16
17 12 6 28
17 13 2 13
17 16 71 1
17 23 1 11
17 26 1 16
18 0 78 4
18 1 5 29
18 4 2 24
18 6 1 9
18 7 85 3
18 8 58 1
18 9 142 2
18 11 12 1
18 16 4 27
18 23 3 20
18 24 1 3
19 0 2 2
19 1 45 23
19 6 7 6
19 20 24 1
20 1 208 2
20 2 5 1
20 3 1 11
20 4 6 24
20 5 52 4
20 9 134 2
20 11 8 24
20 19 211 1
21 1 1 25
21 4 43 1
21 8 2 20
21 9 38 8
21 10 98 5
21 14 9 7
21 17 4 3
21 19 1 5
22 0 64 19
22 2 12 2
22 7 106 1
22 9 7 2
23 0 5 11
23 1 2 7
23 2 2 19
23 8 3 6
23 10 2 14
23 11 243 1
23 12 61 1
23 15 1 18
23 24 8 4
24 0 13 5
24 1 26 24
24 3 43 29
24 4 1 3
24 5 13 2
24 6 1 6
24 8 13 25
24 10 2 22
24 11 139 1
24 15 5 5
24 16 26 25
24 18 14 13
24 22 20 8
24 25 3 9
24 26 1 17
25 0 5 10
25 3 57 6
25 7 33 1
25 10 189 1
25 11 3 18
25 13 12 1
25 27 28 2
26 3 10 15
26 6 77 6
26 27 12 29
27 0 15 10
27 8 70 1
27 10 130 25
27 11 2 17
27 16 2 24
27 21 1 8
27 26 117 1
