0 1 17 22
0 2 11 1
0 3 29 20
0 4 1 7
0 5 20 17
0 6 21 1
0 7 43 10
0 8 31 12
0 9 3 2
0 11 7 17
0 13 1 17
0 16 62 20
0 17 1 5
0 18 16 13
0 19 65 22
0 20 3 3
0 24 18 29
1 0 36 5
1 2 2 4
1 3 29 6
1 4 4 8
1 5 19 27
1 6 1 18
1 7 3 28
1 8 17 13
1 13 80 2
1 14 1 15
1 15 105 5
1 16 26 18
1 17 283 1
1 18 1 6
1 19 95 1
1 20 14 15
1 24 19 11
2 0 37 28
2 1 210 1
2 3 4 8
2 4 6 21
2 5 1 3
2 7 224 1
2 8 142 1
2 9 58 3
2 11 107 1
2 17 180 1
3 0 34 27
3 1 16 5
3 5 19 1
3 6 9 4
3 7 67 1
3 8 20 15
3 10 114 1
3 14 1 18
3 16 43 22
3 19 4 1
3 20 110 1
3 24 19 13
4 0 250 21
4 1 4 9
4 2 85 16
4 3 1 1
4 5 25 3
4 6 2 26
4 7 5 3
4 8 175 1
4 10 1 19
4 11 2 7
4 12 3 17
4 15 37 2
4 17 60 2
4 21 1 3
4 24 22 29
4 25 10 6
4 26 5 17
4 27 8 2
5 0 35 24
5 1 18 9
5 3 19 23
5 4 104 1
5 6 24 21
5 7 55 1
5 8 19 23
5 9 6 2
5 10 160 13
5 16 21 10
5 17 139 1
5 18 1 14
5 19 5 11
5 23 7 24
5 24 29 25
5 25 4 21
5 26 1 10
6 0 3 21
6 1 423 1
6 2 304 1
6 4 2 26
6 5 54 1
6 7 16 4
6 8 145 1
6 9 202 1
6 10 446 1
6 11 238 1
6 12 25 9
6 13 5 19
6 14 2 21
6 18 30 1
6 19 95 1
6 22 57 1
6 23 1 17
6 24 5 3
6 26 7 17
7 0 1 27
7 1 87 2
7 2 1 7
7 3 155 1
7 4 2 2
7 5 32 5
7 6 12 11
7 8 70 23
7 10 285 1
7 11 62 1
7 12 84 1
7 13 149 4
7 14 1 5
7 19 19 1
7 20 183 2
7 21 1 18
7 25 20 1
7 26 1 4
8 0 155 3
8 0 320 2
8 1 17 9
8 2 299 1
8 3 34 10
8 4 86 1
8 5 15 8
8 6 15 19
8 7 4 6
8 10 61 1
8 11 2 13
8 12 11 29
8 13 148 1
8 14 3 26
8 15 2 20
8 16 49 20
8 18 13 21
8 19 118 1
8 20 1 21
8 21 12 25
8 23 11 1
8 24 41 21
8 25 91 1
9 0 149 2
9 5 28 1
9 6 51 23
9 7 235 1
9 8 330 1
9 10 5 25
9 11 1 29
9 12 3 26
9 13 5 17
9 16 16 5
9 21 81 21
10 0 87 22
10 2 7 28
10 4 1 21
10 5 1 27
10 6 2 6
10 7 5 2
10 8 33 6
10 9 4 14
10 11 16 7
10 12 72 24
10 14 27 1
10 15 171 19
10 16 3 12
10 22 72 24
10 23 1 2
10 25 36 28
10 26 3 26
11 1 156 1
11 5 3 14
11 6 4 12
11 7 24 25
11 8 1 25
11 9 227 1
11 10 26 1
11 13 1 1
11 14 33 22
11 15 2 14
11 16 94 11
11 18 28 8
11 20 4 10
11 22 2 5
11 24 334 1
11 25 179 1
11 27 72 1
12 1 44 1
12 9 26 1
12 11 2 25
12 13 2 3
12 14 124 1
12 15 1 2
12 16 16 5
12 17 1 19
12 19 3 7
12 21 1 8
12 22 1 29
12 23 1 12
13 4 40 3
13 7 12 1
13 8 122 1
13 9 2 9
13 10 50 1
13 12 1 10
13 24 18 1
14 0 1 23
14 4 69 21
14 10 2 19
14 11 128 1
14 12 1 28
14 15 5 18
14 19 1 5
14 20 1 17
14 21 7 28
14 25 19 1
14 26 20 17
15 7 1 6
15 10 105 1
15 11 1 10
15 20 9 16
15 24 14 26
15 25 5 6
16 0 19 4
16 1 35 3
16 2 9 22
16 3 19 27
16 5 19 27
16 6 1 25
16 7 38 4
16 8 18 1
16 11 36 2
16 12 1 20
16 17 65 1
16 18 12 2
16 20 40 5
16 22 24 4
16 24 36 5
17 0 5 2
17 1 55 1
17 2 80 2
17 4 36 19
17 5 31 3
17 11 41 7
17 12 1 27
17 16 220 1
17 20 1 14
18 0 74 2
18 3 79 3
18 4 4 26
18 5 54 2
18 6 147 1
18 8 53 1
18 16 49 9
18 22 1 6
18 23 2 7
18 24 1 11
19 0 1 29
19 4 2 6
19 7 1 14
19 11 1 20
19 13 3 7
19 20 179 10
19 25 1 29
20 0 272 1
20 1 1 17
20 2 3 1
20 3 4 18
20 5 50 2
20 10 33 18
20 11 120 2
20 14 18 2
20 16 87 4
20 19 231 1
20 22 17 2
20 26 1 13
21 1 3 25
21 8 16 20
21 13 7 2
21 22 8 28
22 3 1 19
22 5 3 10
22 6 1 13
22 7 102 3
22 8 64 1
22 9 6 1
22 10 8 23
22 11 6 3
22 15 8 21
22 23 2 3
23 5 10 25
23 6 1 1
23 7 122 1
23 8 2 20
23 9 1 1
23 10 1 26
23 11 237 2
24 0 36 7
24 1 32 4
24 3 56 1
24 5 41 25
24 6 1 29
24 8 18 21
24 9 3 1
24 11 116 1
24 15 3 2
24 16 94 15
24 17 50 3
24 23 2 7
25 3 56 4
25 4 10 1
25 7 257 1
25 8 2 2
25 9 64 1
25 11 2 16
25 26 29 5
26 1 11 15
26 3 10 15
26 5 1 19
26 7 113 4
26 10 105 1
26 16 22 17
26 20 26 16
26 25 8 4
27 6 3 18
27 7 9 19
27 11 1 23
27 18 1 11
