0 1 21 15
0 2 10 2
0 3 27 16
0 4 17 24
0 5 57 20
0 6 20 1
0 7 27 22
0 8 237 2
0 9 1 29
0 15 1 23
0 16 18 11
0 17 84 29
0 19 1 1
0 20 1 9
0 22 9 23
0 24 33 11
1 0 23 19
1 2 29 4
1 3 20 15
1 4 8 22
1 5 37 25
1 8 30 9
1 16 21 15
1 17 281 1
1 18 4 27
1 19 94 1
1 20 1 17
1 21 70 27
1 23 2 4
1 24 140 4
2 0 8 3
2 1 205 1
2 3 4 18
2 4 3 25
2 5 30 3
2 6 11 2
2 7 223 1
2 8 138 1
2 10 50 1
2 11 106 2
2 12 99 4
2 14 44 2
2 17 179 1
2 20 86 1
2 23 2 18
3 0 75 26
3 1 18 16
3 5 37 1
3 7 65 1
3 8 160 23
3 9 2 6
3 10 113 1
3 14 2 22
3 16 18 27
3 17 1 23
3 19 4 12
3 20 109 1
3 21 1 12
3 22 1 4
3 24 18 24
3 26 21 29
4 0 42 1
4 1 125 23
4 2 43 12
4 3 2 13
4 5 5 27
4 6 5 29
4 8 173 1
4 9 230 1
4 10 6 13
4 17 1 19
4 20 8 2
4 24 1 6
4 26 1 5
5 0 45 2
5 1 168 24
5 2 39 1
5 3 47 11
5 4 102 1
5 6 14 5
5 7 54 1
5 8 19 23
5 9 27 17
5 10 17 1
5 11 15 2
5 15 29 15
5 16 19 4
5 17 138 3
5 18 6 1
5 19 27 2
5 20 14 26
5 24 54 13
5 27 22 17
6 0 1 14
6 1 421 1
6 2 303 1
6 3 25 1
6 4 21 1
6 5 45 1
6 7 1 24
6 8 148 1
6 9 198 1
6 10 445 2
6 11 237 1
6 12 2 4
6 14 1 3
6 15 4 3
6 16 1 26
6 18 29 3
6 19 95 2
6 21 1 15
6 22 56 3
7 0 1 15
7 2 4 23
7 3 152 1
7 4 3 28
7 5 223 28
7 6 52 24
7 8 7 25
7 9 2 23
7 10 283 1
7 11 56 1
7 12 84 2
7 19 18 1
7 22 112 1
7 25 19 1
7 26 65 28
7 27 1 20
8 0 18 20
8 1 17 27
8 2 296 1
8 3 34 16
8 4 85 1
8 5 14 2
8 6 15 14
8 7 10 2
8 10 53 17
8 11 13 20
8 12 3 4
8 13 148 1
8 14 1 12
8 16 35 9
8 18 3 28
8 19 118 3
8 22 100 1
8 23 10 8
8 24 75 3
8 25 91 1
8 26 1 7
8 27 36 6
9 2 124 1
9 3 1 9
9 4 290 11
9 5 22 1
9 6 28 13
9 7 234 1
9 8 328 1
9 10 25 5
9 11 22 4
9 12 2 8
9 13 1 11
9 17 111 1
9 18 18 2
9 23 53 29
9 24 30 6
9 25 100 21
10 1 2 9
10 2 3 26
10 3 112 1
10 4 2 10
10 5 3 2
10 6 99 22
10 8 155 1
10 9 19 16
10 11 9 17
10 13 1 20
10 14 26 1
10 15 1 12
10 17 118 2
10 19 10 3
10 21 31 1
10 25 26 2
11 0 5 10
11 1 155 1
11 2 2 27
11 5 1 6
11 6 18 17
11 7 49 9
11 8 12 15
11 9 227 1
11 10 24 19
11 15 69 1
11 16 1 4
11 23 15 18
11 24 333 1
11 25 175 1
11 26 1 15
11 27 71 1
12 1 44 1
12 2 1 25
12 4 3 22
12 6 2 14
12 9 25 1
12 10 37 2
12 11 2 20
12 14 123 1
12 18 93 2
12 21 2 10
13 1 64 1
13 3 3 2
13 7 12 1
13 8 121 3
13 10 50 1
13 11 22 27
13 12 9 9
13 14 1 7
13 18 38 20
13 23 1 26
13 24 17 25
13 25 1 3
14 1 1 26
14 4 2 13
14 7 227 2
14 8 44 1
14 10 2 24
14 11 127 1
14 12 3 10
14 15 1 22
14 16 19 1
14 18 1 5
14 22 2 6
14 23 1 2
14 25 18 9
15 7 2 29
15 10 104 1
15 11 2 22
15 14 10 2
15 16 5 12
15 17 25 1
15 20 3 7
15 22 1 1
15 24 2 13
16 0 18 21
16 1 18 19
16 3 18 20
16 4 1 22
16 5 19 8
16 8 60 4
16 9 108 2
16 12 1 20
16 15 7 28
16 17 64 1
16 24 18 26
17 1 53 1
17 4 6 1
17 7 35 1
17 10 32 22
17 11 2 29
17 12 1 22
17 14 32 7
17 15 1 2
17 16 219 1
17 25 1 29
17 26 1 1
18 1 1 10
18 4 1 26
18 6 147 23
18 7 81 3
18 8 53 1
18 9 138 1
18 14 3 15
18 15 27 2
18 17 55 1
18 24 4 3
18 25 2 20
19 0 2 19
19 2 1 11
19 7 4 1
19 8 3 9
19 10 2 12
19 11 1 7
19 16 1 21
19 17 1 14
19 18 50 17
19 20 95 1
19 25 3 27
20 0 271 2
20 2 3 1
20 3 1 21
20 4 14 17
20 6 1 14
20 7 57 2
20 9 137 3
20 10 2 5
20 11 1 6
20 13 1 2
20 15 59 2
20 19 229 1
20 23 45 13
20 24 42 2
21 9 36 7
21 25 1 23
22 1 1 13
22 4 63 1
22 6 1 21
22 8 64 1
22 9 5 6
22 13 1 9
22 21 1 17
23 0 4 16
23 6 1 8
23 7 122 1
23 9 3 18
23 10 3 13
23 12 58 1
23 13 6 7
24 0 34 3
24 1 38 17
24 2 1 4
24 3 74 12
24 4 1 10
24 5 52 13
24 6 14 11
24 8 30 26
24 9 4 28
24 10 94 17
24 11 115 1
24 16 18 28
24 18 5 25
24 19 1 26
24 25 2 11
25 0 1 12
25 4 9 12
25 7 256 1
25 8 2 9
25 9 64 3
25 10 181 1
25 11 5 2
25 15 1 15
25 23 1 11
26 2 15 2
26 3 2 3
26 8 47 2
26 10 105 5
26 12 1 28
26 22 11 26
26 23 13 3
26 27 1 9
27 2 4 25
27 6 4 3
27 7 1 4
27 8 66 4
27 11 3 20
27 26 109 2
