0 1 23 4
0 2 5 1
0 3 24 24
0 4 205 18
0 5 40 13
0 6 299 1
0 7 2 27
0 8 51 10
0 11 16 19
0 13 1 7
0 16 36 4
0 17 2 24
0 18 1 21
0 19 5 15
0 20 1 15
0 24 12 15
0 26 70 6
1 0 17 7
1 2 26 22
1 3 13 7
1 4 189 17
1 5 189 3
1 6 2 7
1 7 1 15
1 8 328 18
1 12 2 1
1 16 29 11
1 17 248 1
1 18 11 6
1 20 3 15
1 23 2 11
1 24 29 2
1 25 1 18
2 0 13 11
2 1 147 1
2 3 69 1
2 4 10 19
2 6 5 1
2 7 7 1
2 8 94 1
2 10 39 1
2 11 97 1
2 14 44 1
2 17 172 1
2 18 1 13
2 19 1 25
2 25 27 14
3 0 14 22
3 1 43 10
3 2 2 19
3 4 1 19
3 5 48 24
3 6 3 18
3 7 39 1
3 8 59 29
3 9 1 28
3 10 103 1
3 16 104 16
3 19 1 23
3 20 100 1
3 24 70 25
3 26 1 27
3 27 2 1
4 0 30 1
4 1 4 12
4 2 1 16
4 3 2 2
4 5 7 5
4 6 35 18
4 8 154 1
4 10 6 12
4 12 1 26
4 15 35 3
4 20 5 17
4 22 14 16
5 0 23 11
5 1 27 9
5 2 35 1
5 3 11 29
5 4 229 28
5 6 17 25
5 7 45 1
5 8 11 13
5 9 14 5
5 10 158 1
5 11 12 1
5 16 105 28
5 18 1 18
5 24 125 22
6 0 77 20
6 1 81 1
6 2 13 1
6 4 3 1
6 5 1 1
6 7 1 9
6 8 135 1
6 9 144 1
6 10 436 1
6 11 223 1
6 12 2 27
6 17 1 1
6 18 25 2
6 19 92 3
6 22 55 1
6 23 1 27
6 24 4 1
6 25 1 3
7 0 5 19
7 1 75 1
7 2 8 19
7 3 114 1
7 6 4 10
7 8 4 9
7 9 1 1
7 10 262 1
7 11 16 1
7 12 80 1
7 17 1 16
7 18 161 1
7 19 18 1
7 20 175 1
7 21 1 11
7 22 110 1
7 23 7 6
7 24 1 2
7 25 16 1
8 0 28 18
8 1 33 11
8 2 28 1
8 3 60 9
8 4 68 1
8 5 137 23
8 6 72 23
8 7 4 27
8 9 1 7
8 10 264 1
8 11 225 5
8 12 1 24
8 13 142 3
8 14 1 2
8 16 12 11
8 17 266 2
8 20 8 26
8 23 9 4
8 24 11 26
8 25 85 1
8 27 1 9
9 0 144 1
9 1 2 8
9 3 2 12
9 5 183 1
9 6 31 8
9 8 301 1
9 10 32 17
9 12 1 29
9 13 1 29
9 14 90 21
9 15 10 4
9 17 107 1
9 22 1 9
9 24 29 1
9 27 8 27
10 0 110 27
10 1 2 2
10 2 107 2
10 3 102 2
10 4 1 9
10 5 1 11
10 6 79 2
10 7 1 2
10 8 130 1
10 9 8 26
10 11 30 2
10 12 176 4
10 14 125 13
10 15 8 7
10 16 3 27
10 17 113 1
10 18 13 6
10 21 29 1
10 23 4 1
10 24 1 12
10 25 1 20
10 27 146 1
11 0 4 1
11 1 147 1
11 2 1 23
11 5 3 26
11 6 14 24
11 7 12 9
11 8 4 19
11 9 216 1
11 10 78 1
11 14 116 2
11 15 215 1
11 18 3 7
11 20 1 17
11 21 2 25
11 24 315 1
11 25 136 4
11 27 64 2
12 3 83 2
12 4 2 28
12 5 18 15
12 6 2 6
12 9 14 1
12 10 30 1
12 14 118 1
12 23 1 12
12 24 27 2
13 1 63 1
13 7 10 3
13 8 115 3
13 10 40 1
13 11 9 1
13 12 3 18
14 2 2 16
14 4 3 26
14 7 221 1
14 8 295 1
14 10 2 18
14 11 108 1
14 12 1 25
14 15 2 27
14 21 8 24
15 0 64 3
15 6 3 25
15 7 1 18
15 10 91 1
15 11 3 28
15 14 3 2
15 24 4 19
16 0 31 18
16 1 26 16
16 3 34 17
16 5 54 29
16 6 3 13
16 8 45 1
16 13 1 24
16 15 1 23
16 17 50 1
16 18 6 1
16 20 39 8
16 24 12 22
17 0 2 1
17 1 189 1
17 2 72 1
17 4 13 2
17 7 31 2
17 9 172 2
17 11 17 2
17 12 5 3
17 16 45 1
17 20 2 3
17 23 1 4
17 26 1 26
18 0 70 4
18 1 22 1
18 4 7 14
18 5 50 1
18 7 79 1
18 10 3 6
18 11 10 3
18 19 1 7
18 21 12 2
18 25 5 15
19 0 3 28
19 2 1 3
19 6 5 1
19 7 1 1
19 10 3 19
19 17 1 23
19 20 168 1
19 26 3 18
20 0 261 1
20 3 3 15
20 9 136 3
20 10 1 4
20 11 4 28
20 17 11 6
20 19 182 1
20 23 45 10
20 26 23 1
21 1 1 2
21 3 9 6
21 4 40 2
21 9 35 3
21 11 105 2
21 12 53 3
21 17 4 22
21 22 1 17
22 0 1 1
22 1 1 13
22 4 62 1
22 6 2 5
22 7 99 2
22 16 1 17
22 19 4 6
22 23 10 1
22 24 24 6
23 3 23 1
23 6 1 20
23 8 32 28
23 10 6 24
23 12 56 1
23 20 66 20
24 0 12 12
24 1 25 23
24 2 1 27
24 3 87 5
24 4 2 10
24 5 63 26
24 7 3 4
24 8 11 22
24 9 1 15
24 10 4 2
24 11 96 1
24 13 23 22
24 15 4 28
24 16 12 17
24 17 49 1
24 23 1 2
24 26 2 29
25 3 4 1
25 6 1 28
25 7 244 1
25 8 2 1
25 9 62 1
25 11 7 22
25 16 18 1
25 23 5 3
26 0 1 17
26 7 111 1
26 11 7 8
26 14 18 1
26 27 16 17
27 2 1 5
27 6 1 26
27 8 64 1
27 9 13 2
27 10 17 8
27 11 4 25
27 15 19 12
27 17 25 19
27 20 6 7
27 23 1 12
27 26 102 1
