0 1 64 23
0 2 4 2
0 3 21 10
0 4 1 29
0 5 100 9
0 6 296 1
0 7 12 1
0 8 66 14
0 9 66 12
0 10 40 1
0 11 15 1
0 12 5 2
0 13 5 22
0 14 1 3
0 15 1 25
0 16 80 3
0 17 2 14
0 18 2 15
0 19 5 11
0 22 1 26
0 24 8 27
1 0 54 15
1 2 45 7
1 3 9 10
1 4 8 7
1 5 10 24
1 6 3 17
1 7 2 2
1 8 26 20
1 13 78 2
1 14 4 20
1 16 34 17
1 17 238 1
1 18 135 12
1 19 85 2
1 20 18 27
1 24 37 16
2 0 2 29
2 1 130 1
2 3 53 7
2 4 1 4
2 7 4 1
2 8 82 1
2 9 52 1
2 14 43 1
2 15 4 2
2 17 170 1
2 20 78 2
3 0 27 10
3 1 101 11
3 2 2 24
3 4 1 14
3 5 8 19
3 7 32 1
3 8 201 13
3 9 2 12
3 11 1 24
3 14 1 5
3 16 51 29
3 19 1 17
3 20 97 1
3 24 47 21
4 0 26 1
4 1 3 3
4 2 2 28
4 5 35 25
4 6 2 6
4 8 148 1
4 9 79 6
4 10 1 17
4 14 105 3
4 15 34 4
4 16 18 24
4 17 49 28
4 19 118 2
4 20 2 25
4 22 1 23
5 0 107 10
5 1 262 24
5 2 34 1
5 3 44 15
5 4 96 1
5 6 18 14
5 7 43 1
5 8 26 4
5 9 33 16
5 10 155 1
5 11 11 5
5 16 8 7
5 17 133 1
5 18 1 25
5 20 4 11
5 24 8 13
5 27 21 26
6 1 417 1
6 2 297 1
6 3 17 1
6 4 6 14
6 7 26 23
6 8 306 1
6 9 127 1
6 10 278 1
6 11 219 1
6 12 3 7
6 15 14 20
6 19 92 1
6 21 1 12
6 22 54 2
6 23 53 5
6 25 1 19
6 26 1 29
7 0 5 4
7 1 72 1
7 2 2 13
7 3 104 1
7 4 2 19
7 5 4 3
7 6 14 2
7 8 73 12
7 9 1 22
7 10 256 1
7 11 8 1
7 13 148 1
7 16 17 5
7 17 1 14
7 18 161 8
7 19 3 24
7 20 173 1
7 21 1 16
7 22 109 3
7 25 12 1
7 26 1 1
7 27 10 10
8 0 38 22
8 1 23 4
8 2 12 10
8 3 87 15
8 4 63 18
8 5 3 1
8 6 38 16
8 7 75 28
8 10 104 2
8 11 2 2
8 12 2 25
8 13 141 1
8 14 6 15
8 15 16 20
8 16 24 17
8 17 264 2
8 20 92 25
8 23 8 7
8 24 77 20
8 25 84 1
8 27 2 15
9 0 142 2
9 1 2 27
9 2 118 1
9 3 1 14
9 5 66 1
9 6 3 27
9 7 223 1
9 8 292 1
9 10 11 24
9 11 12 6
9 12 9 28
9 13 1 3
9 15 10 3
9 16 15 1
9 17 106 1
9 18 15 1
9 20 115 15
9 27 3 6
10 1 8 1
10 2 2 6
10 3 99 2
10 5 5 14
10 6 9 8
10 7 1 1
10 8 103 1
10 9 11 10
10 11 15 27
10 12 278 1
10 13 1 16
10 14 11 1
10 15 2 21
10 20 4 1
10 21 29 1
10 22 1 24
10 24 10 8
10 25 2 17
11 0 13 10
11 1 144 2
11 4 176 1
11 6 19 6
11 7 22 25
11 8 79 7
11 9 212 1
11 10 70 1
11 13 206 3
11 15 195 1
11 16 95 17
11 18 1 23
11 20 1 2
11 24 309 1
11 25 133 1
11 26 1 21
11 27 62 1
12 4 4 10
12 5 3 29
12 7 26 2
12 9 11 2
12 10 28 2
12 11 1 16
12 14 116 1
12 16 28 11
12 19 3 3
12 22 34 22
12 23 11 11
12 26 1 6
12 27 63 1
13 2 1 12
13 8 114 1
13 9 42 13
13 10 37 2
13 12 1 13
13 14 2 19
13 27 10 14
14 3 44 4
14 4 4 20
14 5 8 1
14 6 38 2
14 7 219 1
14 8 293 1
14 10 234 27
14 11 103 1
14 12 10 7
14 15 7 22
14 17 1 5
14 22 1 28
15 6 13 22
15 7 3 14
15 10 87 1
15 11 7 1
15 14 2 2
15 18 1 14
15 20 8 3
15 23 23 2
16 0 37 16
16 1 100 6
16 3 40 19
16 5 41 12
16 8 160 28
16 9 107 1
16 17 46 1
16 24 8 17
17 0 1 26
17 1 179 1
17 2 69 2
17 4 3 23
17 5 27 1
17 7 30 2
17 15 72 8
17 16 39 1
17 18 6 4
17 19 19 1
17 20 1 7
17 23 2 2
18 0 69 4
18 1 5 6
18 4 1 25
18 5 49 1
18 7 78 2
18 8 47 1
18 16 1 3
18 17 48 2
18 23 3 24
18 25 2 29
19 0 11 13
19 3 9 1
19 7 1 4
19 8 2 5
19 9 32 1
19 11 113 25
19 18 50 23
19 20 80 1
19 27 16 2
20 3 4 26
20 4 20 12
20 5 47 2
20 10 34 20
20 11 5 7
20 13 4 18
20 16 86 1
20 19 172 1
20 22 16 5
20 26 11 7
21 4 40 3
21 7 19 4
21 8 1 24
21 12 52 3
21 15 2 18
22 3 1 8
22 6 6 26
22 12 2 16
22 16 9 29
22 21 1 8
22 23 8 2
22 27 3 18
23 3 22 11
23 4 11 6
23 6 22 27
23 8 1 14
23 11 4 1
23 12 55 2
24 0 8 24
24 1 81 8
24 3 8 5
24 4 1 1
24 5 66 24
24 7 3 2
24 8 8 9
24 9 1 14
24 10 96 27
24 11 90 1
24 14 2 26
24 16 8 10
24 17 48 6
24 22 18 5
24 26 2 16
25 0 24 17
25 6 1 20
25 7 239 1
25 10 173 1
25 11 4 14
25 13 10 19
25 24 8 4
26 0 1 11
26 3 1 24
26 4 3 27
26 7 110 6
26 9 1 28
26 21 4 15
26 25 7 4
26 27 5 6
27 1 4 16
27 3 1 23
27 6 3 14
27 10 9 7
27 16 4 16
27 17 1 8
27 26 100 1
