0 1 137 1
0 3 199 1
0 4 1 20
0 5 33 15
0 6 291 1
0 7 65 23
0 8 417 1
0 12 3 3
0 13 1 20
0 16 76 3
0 17 61 16
0 19 1 27
0 20 7 25
0 24 32 26
0 26 1 12
1 0 34 12
1 2 17 5
1 3 167 1
1 4 4 23
1 5 277 1
1 6 2 21
1 7 3 2
1 8 50 16
1 9 310 1
1 13 75 5
1 16 77 1
1 17 180 1
1 18 1 26
1 19 73 1
1 20 2 9
1 24 59 1
2 0 3 16
2 1 45 1
2 3 91 22
2 4 43 26
2 5 1 18
2 7 25 1
2 8 26 1
2 10 21 1
2 11 79 1
2 12 96 1
2 17 156 1
2 18 1 15
2 20 68 2
2 25 26 2
3 0 17 17
3 1 127 1
3 2 8 17
3 5 240 1
3 7 5 1
3 8 166 22
3 9 4 14
3 10 83 1
3 11 5 20
3 15 53 1
3 16 42 1
3 20 80 1
3 22 25 19
3 24 94 7
3 25 1 27
3 26 1 19
3 27 3 19
4 0 228 1
4 1 5 10
4 2 3 11
4 3 2 11
4 5 3 18
4 6 127 16
4 8 114 1
4 9 197 1
4 10 18 17
4 14 100 1
4 16 19 3
4 17 1 10
4 18 2 23
4 19 115 1
4 22 1 11
4 24 17 4
4 26 1 9
4 27 1 17
5 0 27 1
5 1 247 1
5 3 110 1
5 4 311 1
5 6 34 13
5 7 29 1
5 8 309 1
5 9 106 3
5 10 153 1
5 16 90 1
5 17 126 1
5 18 8 25
5 20 5 18
5 24 13 12
6 1 201 1
6 2 275 1
6 3 8 3
6 4 31 11
6 5 12 4
6 7 1 4
6 8 234 23
6 9 163 22
6 10 253 1
6 11 195 1
6 12 1 6
6 13 2 1
6 14 116 12
6 16 1 18
6 18 18 1
6 22 50 2
6 23 1 12
7 0 16 22
7 1 53 1
7 2 1 29
7 3 48 1
7 4 16 16
7 6 18 17
7 8 8 19
7 9 8 4
7 10 218 1
7 11 7 5
7 12 72 1
7 13 145 5
7 14 4 24
7 15 1 26
7 16 15 3
7 17 4 4
7 19 3 3
7 20 159 1
7 21 1 26
7 23 3 9
7 25 240 1
7 27 66 24
8 0 20 23
8 1 90 1
8 2 122 1
8 3 49 15
8 4 58 1
8 5 292 1
8 6 73 9
8 7 5 7
8 9 2 17
8 10 180 1
8 11 231 21
8 12 1 21
8 13 130 2
8 14 1 17
8 15 1 4
8 16 59 17
8 17 253 2
8 18 2 23
8 22 90 3
8 24 121 1
8 27 1 4
9 0 132 2
9 4 34 21
9 5 98 1
9 6 191 11
9 7 207 1
9 8 241 1
9 10 26 1
9 11 207 1
9 12 1 13
9 13 6 16
9 14 75 12
9 15 6 8
9 17 97 1
9 19 18 9
9 20 1 1
9 23 3 21
9 25 99 2
10 0 90 2
10 1 7 7
10 2 44 29
10 3 82 1
10 4 1 23
10 5 4 17
10 8 72 1
10 9 5 22
10 11 25 5
10 12 70 6
10 13 1 21
10 14 74 3
10 15 206 13
10 18 1 29
10 22 2 19
10 25 1 11
10 26 1 3
11 0 5 4
11 1 129 1
11 2 193 15
11 5 18 23
11 6 3 25
11 7 170 18
11 8 19 18
11 9 192 1
11 10 39 1
11 13 7 1
11 14 157 25
11 15 105 1
11 18 1 18
11 21 3 7
11 23 1 26
11 24 273 1
11 25 119 1
11 27 50 1
12 4 2 16
12 6 7 2
12 7 22 1
12 16 1 19
12 20 14 26
12 21 2 28
12 23 1 22
12 24 24 2
12 26 8 15
13 12 1 28
13 14 1 24
13 15 7 7
13 20 1 12
13 21 6 1
14 3 42 10
14 7 205 1
14 8 279 1
14 11 72 1
14 15 1 26
15 1 114 20
15 7 1 11
15 8 161 26
15 10 64 1
15 11 7 2
15 23 22 3
16 0 36 1
16 1 84 3
16 2 1 20
16 3 42 24
16 5 228 6
16 7 32 7
16 8 97 1
16 9 104 5
16 11 9 7
16 12 1 9
16 17 25 2
16 20 37 1
16 24 165 1
17 0 318 5
17 1 14 1
17 2 56 1
17 4 64 28
17 6 1 2
17 11 27 2
17 13 1 11
17 15 3 19
17 16 22 26
17 22 1 6
17 27 43 2
18 0 63 1
18 4 3 19
18 6 2 7
18 7 72 2
18 9 125 4
18 10 181 6
18 11 8 1
18 15 25 8
18 16 48 22
18 17 40 2
18 23 3 5
19 0 6 16
19 3 8 1
19 6 2 8
19 15 1 27
19 17 4 10
19 20 128 1
19 23 8 9
20 0 237 1
20 1 33 4
20 8 209 4
20 10 151 15
20 11 4 24
20 13 1 2
20 14 15 2
20 15 55 1
20 19 168 1
20 24 38 7
20 26 2 7
21 0 3 2
21 6 9 22
21 8 20 12
21 9 31 8
22 0 64 1
22 4 59 6
22 5 18 7
22 6 2 12
22 10 1 22
22 12 1 26
22 17 7 2
22 18 31 17
22 23 6 2
22 24 22 8
23 7 105 1
23 8 32 27
23 10 2 1
23 11 229 1
24 0 148 1
24 1 44 1
24 3 196 1
24 5 51 2
24 8 6 6
24 9 1 26
24 10 1 1
24 11 59 1
24 12 21 12
24 15 4 26
24 16 50 22
24 18 1 7
24 20 72 2
25 6 1 22
25 7 214 1
25 9 57 1
25 10 160 2
25 19 2 24
25 20 1 15
26 1 53 23
26 3 1 29
26 5 1 5
26 7 106 4
26 11 4 10
26 12 1 13
26 15 3 3
26 27 6 26
27 4 1 3
27 6 1 8
27 8 58 3
27 20 3 16
27 23 17 5
27 26 85 1
