0 1 26 13
0 3 17 25
0 4 22 2
0 5 18 1
0 6 170 17
0 7 105 1
0 8 35 1
0 9 1 20
0 11 2 14
0 12 77 1
0 16 18 3
0 19 171 1
0 24 18 9
0 25 44 1
1 0 20 18
1 2 5 5
1 3 19 11
1 4 351 1
1 5 17 20
1 6 4 20
1 7 2 2
1 8 40 27
1 10 311 1
1 11 197 1
1 15 108 7
1 16 36 9
1 17 2 29
1 20 15 1
1 24 18 4
1 25 1 23
2 0 141 1
2 1 42 1
2 3 148 1
2 4 134 1
2 6 1 11
2 8 27 1
2 10 1 10
2 17 1 16
2 18 4 4
3 0 19 21
3 1 18 25
3 2 5 8
3 4 17 25
3 5 18 12
3 6 1 25
3 7 3 7
3 8 16 25
3 9 33 2
3 11 357 2
3 16 18 14
3 18 44 2
3 20 1 6
3 24 18 13
3 25 22 2
4 0 1 20
4 1 353 1
4 2 38 1
4 3 107 1
4 5 2 5
4 6 342 1
4 7 222 2
4 8 1 9
4 10 135 1
4 11 130 3
4 14 1 20
4 15 95 3
4 18 1 20
4 26 1 15
5 0 18 8
5 1 18 6
5 3 18 9
5 4 268 1
5 6 14 23
5 8 15 15
5 9 61 1
5 10 2 12
5 12 201 2
5 16 18 2
5 24 18 24
6 0 1 5
6 1 199 1
6 4 156 1
6 5 53 1
6 7 52 1
6 8 118 1
6 9 53 1
6 10 19 1
6 12 85 1
6 13 1 3
6 14 4 1
6 17 266 1
6 18 205 1
6 20 66 1
6 22 102 1
6 24 77 1
6 25 40 2
7 2 388 2
7 3 2 17
7 4 49 1
7 6 207 1
7 8 355 1
7 9 141 1
7 10 2 8
7 11 95 1
7 12 199 2
7 14 36 1
7 20 1 6
7 23 166 1
7 24 1 11
7 25 1 7
8 0 19 26
8 1 20 10
8 2 401 1
8 3 97 3
8 4 1 1
8 5 14 7
8 6 191 1
8 7 13 15
8 10 165 1
8 11 123 1
8 14 246 2
8 15 65 2
8 16 18 8
8 18 1 3
8 21 1 2
8 24 363 29
8 25 1 25
9 1 260 1
9 3 40 1
9 4 6 1
9 5 3 10
9 6 408 1
9 7 1 10
9 8 163 5
9 10 3 24
9 11 1 20
9 12 229 1
9 13 19 2
9 15 119 6
9 18 148 3
9 20 1 3
9 21 1 24
10 0 1 18
10 2 27 1
10 3 1 23
10 5 293 1
10 6 165 1
10 7 307 1
10 8 205 1
10 9 5 23
10 11 380 1
10 12 1 17
10 13 296 1
10 14 290 1
10 15 10 1
10 18 5 1
10 24 1 22
10 25 35 1
11 6 84 1
11 7 8 28
11 8 316 1
11 9 1 13
11 10 3 18
11 12 97 1
11 13 1 8
11 14 3 2
11 15 385 1
11 20 1 2
11 23 2 19
11 24 25 2
11 25 27 1
12 4 60 2
12 6 183 1
12 7 155 2
12 8 106 2
12 9 2 12
12 13 1 22
12 14 2 13
12 23 1 21
12 24 66 4
13 0 18 10
13 3 23 3
13 6 1 15
13 8 1 1
13 10 1 2
13 11 55 1
13 12 156 1
13 14 2 2
13 20 3 1
14 5 58 5
14 7 1 22
14 8 1 1
14 9 180 1
14 10 71 1
14 11 2 16
14 13 16 1
14 15 1 10
14 22 14 1
14 24 28 4
15 3 44 1
15 4 34 6
15 7 127 1
15 8 1 24
15 10 1 22
15 12 71 1
15 14 64 1
15 20 1 7
16 0 35 25
16 1 18 22
16 2 2 4
16 3 18 6
16 5 36 18
16 8 18 17
16 17 1 16
16 18 1 25
16 24 18 20
16 25 6 16
17 0 2 23
17 1 5 5
17 4 7 3
17 6 284 1
17 7 200 2
17 8 189 2
17 16 2 14
17 18 164 2
17 24 84 24
18 1 77 1
18 5 1 20
18 8 202 1
18 10 1 21
18 16 30 2
18 17 207 5
19 0 252 1
19 1 1 1
19 20 372 1
19 22 3 16
19 25 6 22
20 0 1 20
20 1 151 17
20 2 152 2
20 3 33 1
20 6 43 2
20 7 275 2
20 10 1 1
20 14 56 9
20 19 355 1
21 4 73 1
21 9 81 8
21 24 24 7
21 25 2 18
22 3 2 1
22 9 56 5
23 0 40 2
23 9 1 9
23 10 57 1
23 11 1 2
23 22 1 27
23 24 1 18
24 0 18 13
24 1 18 5
24 3 18 9
24 5 18 29
24 7 261 1
24 8 135 4
24 11 1 13
24 16 18 18
24 25 47 1
25 6 46 1
25 7 1 21
25 8 81 2
25 11 327 1
25 27 1 20
26 8 97 4
26 20 48 1
26 24 1 28
26 27 119 2
27 7 10 4
27 11 125 2
