0 1 233 2
0 2 1 2
0 3 291 1
0 4 4 1
0 5 204 4
0 6 3 7
0 7 56 1
0 8 254 1
0 9 2 6
0 10 2 18
0 16 272 1
0 19 100 1
0 20 1 14
0 23 66 9
0 24 328 1
0 25 36 2
0 27 48 5
1 0 269 1
1 2 3 27
1 3 49 1
1 4 317 1
1 5 36 1
1 6 30 1
1 7 9 22
1 8 275 2
1 9 4 11
1 11 166 2
1 12 102 1
1 16 243 1
1 17 198 1
1 19 1 29
1 20 6 1
1 23 5 1
1 24 187 1
1 25 2 4
2 0 84 1
2 1 166 1
2 4 92 1
2 6 289 16
2 7 1 5
2 8 1 13
2 9 2 4
2 10 2 21
2 12 2 20
2 16 17 4
2 17 1 11
2 20 3 15
2 25 38 7
3 0 142 1
3 1 2 25
3 2 17 4
3 5 22 17
3 7 11 3
3 8 219 1
3 9 21 3
3 10 2 13
3 11 325 1
3 12 1 10
3 13 1 24
3 16 216 1
3 17 2 22
3 20 3 18
3 21 20 22
3 24 275 1
3 25 15 1
4 0 6 29
4 1 226 1
4 5 1 18
4 6 209 1
4 7 192 2
4 8 1 24
4 9 1 13
4 10 95 1
4 12 63 2
4 16 2 24
4 18 3 12
4 20 3 23
4 23 18 1
4 24 3 29
4 25 53 1
4 26 1 17
5 0 374 1
5 1 43 26
5 2 71 24
5 3 370 1
5 4 110 1
5 6 80 21
5 8 216 1
5 9 2 29
5 10 1 27
5 12 184 1
5 15 1 5
5 16 197 1
5 18 24 2
5 24 292 1
6 0 3 19
6 1 56 1
6 2 6 5
6 4 404 1
6 5 33 29
6 7 8 1
6 8 15 25
6 11 1 4
6 12 53 1
6 13 3 10
6 15 1 5
6 17 232 1
6 18 190 1
6 20 52 1
6 21 1 11
6 24 66 2
7 0 1 15
7 2 355 1
7 3 2 23
7 6 187 1
7 8 181 18
7 9 106 2
7 10 12 24
7 11 71 1
7 12 190 3
7 15 362 14
7 18 139 15
7 24 54 6
7 25 2 9
7 26 1 26
8 0 331 1
8 1 96 1
8 2 183 1
8 3 258 1
8 4 1 11
8 5 189 1
8 6 120 25
8 9 115 2
8 10 166 1
8 11 56 1
8 13 4 6
8 14 202 1
8 15 44 1
8 16 241 1
8 17 5 5
8 23 84 1
8 26 29 2
9 0 1 20
9 1 216 1
9 2 3 25
9 3 27 3
9 5 310 1
9 6 236 1
9 7 1 13
9 8 3 15
9 10 368 4
9 11 2 5
9 12 130 1
9 14 3 29
9 25 1 29
10 0 2 2
10 1 105 1
10 5 225 1
10 6 58 1
10 7 191 1
10 8 7 1
10 9 11 23
10 11 63 1
10 12 7 27
10 14 128 1
10 21 79 4
10 24 1 28
10 25 17 1
10 27 3 13
11 2 32 29
11 4 252 10
11 6 47 1
11 7 12 1
11 8 223 1
11 9 4 2
11 10 15 11
11 12 79 1
11 13 2 1
11 14 1 27
11 15 136 1
11 16 1 12
11 22 111 1
11 23 3 18
11 24 41 8
11 26 1 19
11 27 250 4
12 6 144 2
12 7 141 2
12 8 79 1
12 9 5 22
12 10 337 1
12 21 31 1
13 6 45 24
13 8 190 6
13 10 2 20
13 11 31 1
13 12 112 1
13 24 22 3
14 0 4 1
14 2 1 15
14 4 1 15
14 5 55 1
14 6 1 17
14 7 1 21
14 8 4 26
14 9 164 2
14 10 397 1
14 11 3 7
14 15 1 17
14 20 2 25
15 1 78 23
15 7 64 1
15 8 1 16
15 9 84 1
15 10 3 8
15 11 9 3
15 13 2 25
15 14 17 1
15 16 5 15
15 18 1 4
15 19 2 24
16 0 215 1
16 1 272 1
16 3 77 1
16 4 93 1
16 5 62 15
16 7 98 3
16 8 55 1
16 11 10 16
16 17 14 8
16 18 1 11
16 20 75 6
16 24 172 1
17 0 8 9
17 1 3 28
17 2 3 3
17 3 119 1
17 5 154 3
17 7 182 1
17 8 159 1
17 10 5 18
17 12 3 9
17 16 5 6
17 18 145 1
17 19 93 2
17 23 1 24
18 0 159 2
18 1 52 1
18 4 367 1
18 5 3 29
18 8 190 1
18 10 1 28
18 11 62 1
18 13 25 20
18 16 4 1
18 22 1 25
19 0 185 1
19 1 1 6
19 6 81 1
19 10 1 23
19 11 81 23
19 17 22 11
19 18 1 16
19 20 219 1
19 22 1 8
20 0 2 23
20 1 1 29
20 5 100 4
20 6 31 1
20 7 258 2
20 10 75 26
20 11 2 15
20 19 199 1
20 25 20 6
20 27 1 28
22 8 139 1
22 11 121 2
22 12 51 1
23 5 1 28
23 6 1 24
23 13 1 6
23 14 8 27
23 18 4 26
23 21 4 2
24 0 263 1
24 1 326 1
24 3 293 1
24 4 1 12
24 5 307 1
24 7 239 2
24 8 177 1
24 9 6 2
24 11 1 4
24 12 1 14
24 15 1 7
24 16 232 1
24 17 77 7
24 20 84 7
24 22 1 12
24 25 43 1
25 1 17 3
25 7 3 15
25 11 132 1
25 12 1 13
25 24 49 1
25 27 2 4
26 1 1 13
26 7 142 8
26 9 1 22
26 11 102 1
26 20 46 1
26 27 93 2
27 0 57 18
27 1 1 9
27 2 1 23
27 4 1 1
27 6 2 1
27 7 1 24
27 11 94 1
