0 1 140 1
0 2 10 6
0 3 40 1
0 4 3 28
0 5 40 3
0 6 153 1
0 7 264 8
0 8 295 12
0 13 1 6
0 15 8 29
0 16 92 1
0 17 3 11
0 19 169 1
0 20 298 1
0 24 111 1
1 0 127 9
1 2 86 1
1 3 2 16
1 4 363 1
1 5 73 2
1 6 3 15
1 7 373 1
1 8 136 1
1 9 270 6
1 10 4 1
1 11 1 7
1 14 12 27
1 16 284 1
1 18 3 1
1 19 17 1
1 20 1 26
1 23 1 14
1 24 106 1
2 1 65 4
2 3 7 25
2 4 2 23
2 6 8 26
2 7 161 1
2 8 27 18
2 9 7 5
2 11 13 2
2 13 1 21
2 17 73 1
3 0 354 1
3 1 97 1
3 2 79 1
3 4 149 1
3 5 34 1
3 7 7 8
3 8 191 1
3 9 2 1
3 10 13 1
3 11 20 9
3 14 1 25
3 16 43 1
3 23 1 9
3 24 146 1
3 25 5 7
4 0 111 1
4 1 259 1
4 3 19 27
4 5 13 1
4 6 56 1
4 8 3 1
4 9 214 1
4 13 2 26
4 18 1 26
4 22 3 25
4 24 2 16
5 0 49 1
5 1 237 1
5 3 118 1
5 4 13 1
5 6 20 2
5 7 1 17
5 8 11 15
5 9 185 1
5 10 149 1
5 12 1 29
5 14 5 8
5 15 34 3
5 16 6 18
5 20 9 22
5 24 109 1
6 0 263 1
6 1 175 1
6 2 93 1
6 3 1 11
6 4 2 29
6 5 106 1
6 7 280 1
6 8 18 2
6 10 278 1
6 11 71 1
6 12 1 4
6 13 121 5
6 15 78 25
6 19 55 2
6 23 1 26
6 25 1 12
7 0 336 1
7 2 5 17
7 3 11 16
7 4 1 4
7 6 2 11
7 8 69 1
7 9 36 2
7 10 45 1
7 11 189 13
7 14 6 9
7 15 3 28
7 17 3 29
7 19 141 1
7 20 85 1
7 25 95 1
7 26 2 29
8 0 400 1
8 1 22 9
8 3 105 1
8 5 47 1
8 6 166 9
8 7 137 11
8 9 4 14
8 10 4 19
8 12 1 16
8 13 70 2
8 14 6 8
8 15 1 22
8 16 23 5
8 17 180 2
8 18 1 22
8 19 79 1
8 22 59 4
8 24 2 6
8 25 27 1
9 1 5 23
9 2 58 2
9 4 322 1
9 5 7 27
9 6 222 1
9 7 114 1
9 8 24 1
9 10 130 7
9 11 192 1
9 12 98 1
9 14 4 2
9 17 54 1
9 24 10 1
9 27 9 19
10 1 8 23
10 2 217 1
10 4 1 17
10 5 3 29
10 6 342 1
10 7 1 8
10 8 15 5
10 9 2 27
10 11 1 23
10 12 48 1
10 13 8 14
10 14 70 1
10 17 57 3
10 19 1 25
10 20 5 3
10 22 2 8
10 23 1 1
10 25 5 3
10 27 143 1
11 1 55 1
11 2 63 2
11 3 48 9
11 4 114 1
11 5 57 27
11 6 134 10
11 7 89 21
11 8 2 24
11 9 82 2
11 10 1 4
11 12 1 21
11 14 100 1
11 15 5 24
11 16 1 25
11 17 79 1
11 18 28 18
11 22 2 8
11 23 219 1
11 24 67 1
11 25 1 3
11 26 3 2
12 2 1 9
12 4 1 8
12 6 1 18
12 9 2 6
12 10 1 27
12 11 1 15
12 13 4 12
12 17 2 21
12 18 67 1
12 22 1 2
12 23 1 18
13 0 1 16
13 2 2 15
13 7 1 13
13 10 2 19
13 11 75 16
13 12 1 17
13 16 2 11
13 20 1 20
13 22 6 14
14 4 4 21
14 6 166 3
14 7 116 1
14 8 165 1
14 9 1 7
14 10 213 1
14 12 108 3
14 15 11 1
14 17 3 18
14 22 2 27
14 25 4 1
15 0 34 1
15 1 109 1
15 2 3 17
15 3 6 1
15 4 1 27
15 7 315 1
15 8 156 3
15 11 4 6
15 14 2 7
15 26 14 3
16 0 57 1
16 1 132 1
16 2 4 23
16 3 115 1
16 4 1 22
16 5 32 1
16 7 16 2
16 8 29 1
16 9 88 1
16 12 70 19
16 17 1 27
16 18 24 14
16 19 1 9
16 21 25 1
16 24 6 8
17 0 241 1
17 4 1 4
17 6 1 10
17 9 21 4
17 11 1 6
17 14 15 4
17 16 38 2
17 18 1 9
17 22 1 17
17 24 51 4
18 1 30 12
18 4 30 22
18 9 82 1
18 10 176 1
18 15 19 21
18 16 204 1
19 1 35 2
19 4 1 12
19 5 4 10
19 7 1 27
19 11 114 2
19 16 32 28
19 20 4 1
19 24 1 13
20 0 114 1
20 1 205 2
20 3 5 11
20 5 25 4
20 6 23 29
20 8 240 1
20 10 156 19
20 12 46 29
20 16 74 8
20 17 1 13
20 19 1 2
20 23 47 20
20 26 13 24
21 6 4 7
21 10 79 1
21 11 94 1
21 12 16 2
22 0 1 15
22 5 2 8
22 7 62 3
22 12 5 29
23 2 2 27
23 7 51 2
23 8 1 13
23 11 141 2
23 12 28 3
24 0 108 1
24 1 97 1
24 2 2 19
24 3 38 1
24 5 48 1
24 7 1 2
24 8 109 1
24 9 9 3
24 12 78 4
24 14 39 4
24 15 8 9
24 16 86 1
24 17 35 3
24 20 62 4
24 26 64 1
25 1 6 4
25 5 3 1
25 6 1 19
25 7 70 1
25 11 33 15
25 12 67 1
25 20 2 14
26 0 1 10
26 4 1 22
26 7 82 1
26 12 55 21
26 13 6 23
26 24 17 4
26 27 3 2
27 4 7 27
27 7 2 8
27 8 34 1
27 9 3 18
27 11 7 22
27 15 10 1
27 17 1 10
27 24 1 1
27 25 2 20
