0 1 15 21
0 2 20 19
0 3 5 23
0 5 49 27
0 6 87 1
0 7 5 5
0 8 63 5
0 10 177 1
0 11 205 3
0 14 2 18
0 15 12 9
0 16 25 27
0 17 172 20
0 18 1 19
0 19 71 1
0 20 7 1
0 23 9 10
0 24 115 2
0 25 1 28
1 0 90 1
1 2 2 14
1 3 76 18
1 4 164 26
1 5 2 27
1 6 5 27
1 7 342 6
1 8 122 7
1 9 217 1
1 10 25 4
1 11 1 4
1 13 48 4
1 16 51 3
1 17 7 13
1 19 3 1
1 20 1 29
1 24 40 14
2 0 78 2
2 1 270 14
2 3 55 3
2 6 2 25
2 7 69 1
2 8 21 4
2 10 11 14
2 17 36 3
2 19 4 22
2 20 6 2
2 22 1 17
2 24 23 3
2 25 12 1
2 27 29 5
3 0 31 20
3 1 4 21
3 2 18 1
3 4 196 1
3 5 2 13
3 6 174 1
3 7 3 3
3 8 2 16
3 9 44 20
3 11 3 25
3 13 20 25
3 14 1 13
3 15 27 2
3 16 50 24
3 24 3 19
4 0 52 1
4 1 376 1
4 3 2 27
4 5 36 1
4 6 228 1
4 7 1 27
4 9 102 1
4 10 157 17
4 13 4 16
4 14 57 2
4 17 57 4
4 18 32 20
4 24 50 27
4 27 1 6
5 0 71 16
5 1 2 13
5 3 63 15
5 4 1 6
5 6 18 12
5 7 7 11
5 8 2 4
5 9 8 1
5 10 64 1
5 12 12 10
5 16 41 25
5 18 1 4
5 20 2 12
5 24 87 20
6 0 237 1
6 1 17 1
6 2 22 1
6 3 11 29
6 4 51 18
6 5 3 24
6 7 164 1
6 8 12 14
6 9 34 6
6 10 104 1
6 13 108 3
6 15 1 26
6 16 28 21
6 17 2 5
6 23 13 28
6 25 1 7
6 27 4 15
7 0 20 1
7 2 144 18
7 3 11 23
7 4 1 25
7 5 233 1
7 6 1 7
7 8 96 1
7 9 1 17
7 10 4 3
7 11 2 4
7 15 3 11
7 20 53 1
7 24 157 1
7 25 35 2
7 27 133 17
8 0 3 4
8 1 179 18
8 2 4 15
8 3 3 26
8 4 5 28
8 5 7 18
8 6 2 25
8 7 10 25
8 9 43 6
8 10 32 23
8 11 23 1
8 12 10 7
8 14 1 1
8 16 3 10
8 17 140 1
8 18 2 25
8 19 62 3
8 20 65 1
8 22 44 3
8 24 21 22
8 25 10 3
9 0 51 1
9 1 2 8
9 2 34 3
9 4 204 1
9 5 6 7
9 6 120 1
9 7 71 1
9 8 1 24
9 10 229 1
9 11 164 1
9 12 322 1
9 13 1 25
9 14 118 1
10 0 181 6
10 1 11 25
10 2 193 2
10 4 2 19
10 5 24 10
10 6 255 20
10 7 6 29
10 8 7 12
10 9 221 1
10 12 221 1
10 13 26 16
10 15 230 1
10 19 34 22
10 20 4 18
10 22 1 27
10 23 5 24
10 24 98 2
11 0 14 17
11 2 46 1
11 3 9 7
11 6 1 27
11 7 139 1
11 8 1 2
11 9 39 1
11 10 6 21
11 12 2 5
11 13 101 1
11 14 35 1
11 15 4 11
11 17 60 4
11 19 10 3
11 22 5 6
11 23 174 1
11 25 12 15
12 0 1 21
12 5 152 1
12 8 69 9
12 9 19 27
12 11 1 22
12 13 4 7
12 15 3 5
12 16 1 27
12 18 56 1
12 21 30 23
13 0 3 6
13 2 7 2
13 7 2 2
13 9 2 10
13 10 1 19
13 12 42 21
13 14 39 4
13 16 1 29
14 4 2 12
14 7 71 2
14 8 100 1
14 9 1 14
14 10 124 1
14 11 5 24
14 13 48 23
14 17 1 6
14 19 3 4
14 21 8 20
14 22 1 1
14 23 1 21
14 24 4 17
15 0 23 2
15 1 101 4
15 4 1 1
15 6 1 21
15 7 286 1
15 8 4 1
15 9 2 22
15 10 1 27
15 11 62 1
15 14 4 1
15 17 7 1
15 20 3 28
15 21 5 6
15 24 42 5
15 27 3 18
16 0 3 24
16 1 61 21
16 3 51 26
16 4 27 6
16 5 211 19
16 8 99 27
16 9 78 1
16 17 6 24
16 18 3 10
16 19 4 17
16 24 2 5
17 0 187 1
17 1 5 7
17 3 3 5
17 4 33 18
17 6 4 8
17 8 8 23
17 9 14 2
17 21 9 2
17 22 3 13
18 1 89 28
18 2 2 8
18 4 1 6
18 6 20 1
18 7 32 4
18 9 60 1
18 15 17 1
18 16 120 1
18 23 1 14
18 24 12 20
19 0 269 1
19 3 21 2
19 6 3 25
19 9 11 2
19 12 1 1
19 14 1 3
19 20 9 25
20 1 177 3
20 4 32 26
20 6 4 28
20 9 112 2
20 10 156 4
20 11 1 24
20 15 32 1
20 17 6 28
20 18 3 7
20 19 3 26
20 25 3 8
21 1 2 11
21 9 11 3
21 10 70 8
21 16 1 22
21 18 32 27
22 9 1 15
22 10 1 19
22 12 2 11
22 14 1 13
23 2 1 11
23 3 9 19
23 4 1 1
23 7 28 2
23 8 2 19
23 11 90 2
23 12 19 1
23 22 3 24
23 24 1 15
24 0 17 6
24 1 46 4
24 3 32 16
24 5 143 25
24 7 15 20
24 8 107 12
24 9 13 6
24 11 3 25
24 12 1 13
24 15 35 2
24 16 21 5
24 18 1 20
24 19 5 18
24 23 15 12
25 1 20 4
25 3 35 5
25 6 1 19
25 8 152 3
25 9 21 2
25 11 160 1
25 12 61 8
25 14 6 22
25 16 11 3
25 17 53 1
25 20 1 11
25 26 3 2
26 0 1 15
26 1 1 17
26 2 8 3
26 11 1 24
26 15 1 28
26 23 3 21
26 27 93 1
27 0 4 4
27 7 13 20
27 8 23 2
27 10 11 2
27 11 81 16
27 17 2 4
