0 1 80 3
0 2 1 14
0 3 97 3
0 4 3 1
0 5 113 1
0 6 65 2
0 7 1 9
0 8 220 1
0 10 165 1
0 11 190 1
0 16 65 23
0 17 171 17
0 18 1 16
0 19 101 1
0 20 261 1
0 24 60 4
0 26 69 16
1 0 75 17
1 2 4 19
1 3 183 1
1 4 228 12
1 5 49 1
1 6 1 3
1 7 326 2
1 8 29 25
1 9 194 1
1 10 18 3
1 11 8 17
1 12 1 25
1 13 45 2
1 16 128 1
1 17 10 4
1 21 72 24
1 22 27 10
1 23 1 9
1 24 61 1
1 25 2 26
1 27 79 2
2 0 176 1
2 1 1 24
2 3 151 8
2 4 10 4
2 6 4 7
2 7 43 1
2 8 22 19
2 10 2 7
2 12 66 6
2 14 21 1
2 18 1 22
2 20 3 2
3 0 55 1
3 1 65 1
3 4 184 1
3 5 33 1
3 6 152 1
3 7 2 29
3 8 141 1
3 11 6 10
3 13 20 11
3 14 42 18
3 16 52 1
3 17 169 1
3 19 1 2
3 23 24 13
3 24 23 1
3 25 5 16
4 0 35 1
4 1 300 1
4 5 328 1
4 6 212 1
4 7 1 13
4 8 2 25
4 9 68 1
4 10 3 9
4 11 2 2
4 12 1 25
4 13 7 7
4 14 51 1
4 17 1 2
4 18 1 6
4 19 66 2
4 20 1 14
5 0 102 1
5 1 72 1
5 3 31 1
5 4 5 26
5 6 50 1
5 7 8 16
5 8 11 7
5 9 1 7
5 10 39 2
5 11 1 29
5 16 23 1
5 22 15 1
5 24 124 1
6 0 32 1
6 2 7 2
6 3 1 6
6 4 77 1
6 5 17 24
6 7 205 1
6 8 77 28
6 9 12 18
6 10 56 1
6 11 15 3
6 12 2 7
6 17 1 10
6 25 2 8
7 0 17 1
7 2 1 15
7 3 7 18
7 4 186 13
7 5 213 1
7 6 7 6
7 8 53 1
7 9 7 24
7 11 284 1
7 13 101 1
7 14 12 20
7 15 2 16
7 18 128 1
7 19 118 1
7 20 42 1
7 22 52 5
7 24 138 1
7 25 20 1
7 27 143 11
8 0 424 1
8 1 9 14
8 2 7 11
8 3 149 3
8 4 1 2
8 5 160 1
8 6 18 4
8 7 8 3
8 9 2 5
8 10 74 21
8 11 420 1
8 12 6 29
8 13 33 3
8 14 3 18
8 15 6 28
8 16 119 1
8 17 124 1
8 18 2 26
8 19 56 4
8 21 13 15
8 24 9 18
8 26 2 12
8 27 1 16
9 0 43 1
9 1 1 8
9 2 26 3
9 3 2 1
9 4 161 1
9 5 12 1
9 6 64 1
9 7 56 2
9 8 3 29
9 10 327 1
9 12 272 1
9 13 2 17
9 15 3 6
9 17 28 3
9 21 83 3
9 27 1 16
10 1 13 19
10 2 74 1
10 6 242 1
10 7 12 15
10 8 184 2
10 9 119 1
10 11 329 1
10 12 28 2
10 13 2 29
10 14 2 20
10 15 204 1
10 17 31 2
10 18 1 1
10 20 1 20
10 25 4 1
11 0 123 13
11 2 160 1
11 3 4 2
11 4 77 2
11 6 3 7
11 7 19 1
11 8 3 20
11 9 27 1
11 10 3 4
11 12 1 28
11 14 27 1
11 15 11 15
11 16 98 11
11 17 54 2
11 19 3 25
11 21 30 16
11 22 4 11
11 23 155 1
11 25 3 21
11 26 153 1
12 0 1 23
12 3 49 6
12 4 1 26
12 5 137 1
12 6 1 8
12 8 2 22
12 9 20 13
12 10 4 6
12 11 2 24
12 13 2 18
12 17 11 18
12 19 2 16
12 23 6 17
13 0 2 20
13 1 28 3
13 8 15 1
13 10 7 8
13 11 3 11
13 12 64 3
13 14 24 2
13 20 1 5
14 1 4 1
14 2 25 18
14 6 125 1
14 7 56 1
14 8 77 1
14 9 15 26
14 10 62 1
14 11 5 16
14 12 122 1
14 13 15 1
14 17 1 21
14 19 7 29
14 22 4 19
15 0 20 1
15 1 97 5
15 6 1 21
15 7 256 6
15 8 127 1
15 9 1 15
15 10 3 29
15 11 95 1
15 12 1 16
15 14 4 19
15 17 6 1
15 18 35 23
15 24 41 1
16 0 311 1
16 1 43 1
16 2 1 4
16 3 14 1
16 5 128 1
16 6 1 22
16 8 115 1
16 15 14 6
16 17 2 18
16 18 15 25
16 24 64 1
17 0 166 1
17 1 4 14
17 3 1 12
17 4 26 21
17 6 3 22
17 8 23 1
17 9 157 1
17 11 8 21
17 13 35 4
17 15 84 2
17 18 1 28
17 20 8 26
17 22 3 29
17 24 44 1
18 1 3 14
18 4 1 1
18 6 146 1
18 10 163 1
18 12 2 5
18 14 52 29
18 16 90 1
19 0 241 1
19 1 105 1
19 3 17 2
19 6 4 22
19 7 9 14
19 8 2 25
19 16 1 26
19 20 12 25
19 27 14 2
20 0 43 1
20 1 166 1
20 2 3 25
20 3 22 22
20 5 15 1
20 6 1 9
20 10 1 11
20 12 1 4
20 15 29 2
20 17 1 19
20 18 2 13
20 19 9 20
21 6 5 8
21 10 67 1
21 17 1 4
21 18 3 6
21 22 7 1
21 26 1 16
22 1 2 5
22 10 2 20
22 11 3 26
22 12 9 5
22 14 3 26
22 21 11 12
22 27 1 15
23 1 78 2
23 3 8 3
23 4 1 7
23 7 21 2
23 8 1 1
23 10 1 24
23 16 26 1
23 17 23 3
23 22 2 2
23 27 1 16
24 0 233 1
24 1 256 3
24 3 149 1
24 4 1 7
24 5 188 1
24 7 2 22
24 8 90 1
24 9 2 17
24 11 12 15
24 15 33 6
24 16 96 1
24 20 53 8
24 26 57 2
25 2 2 7
25 5 4 27
25 7 8 2
25 10 40 1
25 11 92 1
25 15 28 1
25 27 1 5
26 7 63 5
26 9 61 19
26 11 1 18
26 27 77 1
27 0 84 3
27 11 1 2
27 16 8 22
27 17 2 17
27 20 3 6
27 25 1 15
27 26 1 4
