0 1 18 20
0 2 30 29
0 3 293 1
0 4 350 1
0 5 34 1
0 6 48 1
0 8 71 1
0 10 154 2
0 11 175 1
0 14 1 18
0 16 8 26
0 17 47 12
0 19 44 1
0 20 243 1
0 21 12 1
0 22 1 24
0 24 62 1
0 25 5 21
1 0 110 22
1 2 74 27
1 3 42 1
1 4 96 1
1 5 22 1
1 7 306 1
1 8 22 1
1 9 173 1
1 10 1 20
1 11 6 17
1 12 14 7
1 14 65 2
1 16 216 1
1 17 2 2
1 18 41 8
1 22 26 1
1 23 1 27
1 24 40 1
2 0 161 1
2 1 9 1
2 3 167 3
2 6 1 23
2 7 24 1
2 8 1 26
2 10 2 13
2 13 1 9
2 14 19 1
2 17 17 1
2 18 1 12
2 20 1 3
3 0 207 1
3 1 9 1
3 2 7 14
3 4 173 2
3 5 48 1
3 6 132 1
3 7 4 24
3 8 50 1
3 10 1 1
3 11 1 18
3 14 1 9
3 16 24 1
3 17 160 3
3 18 1 24
3 22 26 1
3 24 104 1
4 0 22 2
4 1 216 1
4 2 239 1
4 3 2 25
4 5 264 1
4 6 164 1
4 7 1 21
4 8 2 10
4 9 43 1
4 10 4 19
4 11 4 17
4 16 1 16
4 18 139 24
4 19 61 1
4 22 1 15
4 23 2 4
4 27 21 12
5 0 49 1
5 1 10 4
5 3 10 1
5 4 6 5
5 6 6 16
5 7 1 27
5 8 12 22
5 9 7 26
5 10 22 2
5 12 1 27
5 16 15 1
5 24 50 1
5 25 2 5
6 0 220 1
6 1 1 7
6 2 1 1
6 3 3 3
6 4 97 1
6 5 31 20
6 7 184 1
6 8 388 1
6 9 34 28
6 10 26 1
6 11 8 1
6 12 1 27
6 15 2 3
6 17 2 19
6 19 31 1
6 20 1 22
6 22 17 2
7 0 9 1
7 1 1 22
7 2 50 9
7 3 7 14
7 4 15 24
7 5 194 1
7 8 155 1
7 9 3 27
7 10 1 14
7 11 196 3
7 12 14 1
7 13 93 1
7 15 1 20
7 17 24 3
7 18 124 1
7 21 6 10
7 22 47 5
7 23 1 2
7 24 122 1
7 25 9 2
7 27 8 22
8 0 69 1
8 1 181 1
8 2 22 13
8 3 310 1
8 4 2 13
8 5 238 1
8 6 39 11
8 7 41 1
8 9 1 23
8 10 7 4
8 11 97 1
8 13 26 3
8 14 6 27
8 16 52 1
8 17 111 1
8 19 51 2
8 22 34 2
8 27 2 17
9 1 4 28
9 2 20 3
9 4 125 1
9 5 32 1
9 6 81 1
9 7 45 1
9 8 1 16
9 10 83 1
9 11 147 1
9 12 227 1
9 13 5 20
9 14 91 2
9 15 1 6
9 19 2 7
9 21 81 12
9 22 1 25
10 0 85 2
10 1 13 22
10 2 174 1
10 4 1 18
10 6 181 1
10 7 38 4
10 8 9 3
10 9 284 1
10 11 320 1
10 12 9 1
10 13 1 7
10 14 2 10
10 15 179 1
10 17 26 1
10 20 1 12
10 23 163 2
10 25 8 7
11 1 13 1
11 2 29 1
11 3 1 6
11 6 4 26
11 7 2 10
11 8 2 23
11 9 17 2
11 10 3 15
11 12 10 18
11 13 73 1
11 14 35 1
11 15 3 1
11 16 2 12
11 17 48 1
11 20 216 1
11 21 2 20
11 22 9 2
11 23 138 1
11 25 3 2
12 4 11 16
12 5 124 1
12 6 3 18
12 8 3 18
12 9 103 19
12 10 1 25
12 13 2 10
12 14 11 1
12 15 1 5
12 16 2 16
12 20 103 7
12 21 1 6
12 22 2 28
12 25 20 3
13 6 117 3
13 7 1 26
13 8 10 5
13 9 1 18
13 10 1 2
13 11 186 9
13 12 138 2
13 14 22 1
14 0 1 1
14 4 7 18
14 5 1 25
14 6 114 1
14 7 44 1
14 8 59 1
14 9 24 29
14 10 23 1
14 11 12 1
14 13 45 2
14 18 6 23
15 0 16 3
15 7 233 5
15 8 117 1
15 10 3 15
15 11 239 1
15 14 45 1
15 24 39 1
15 27 9 14
16 0 105 22
16 1 9 6
16 3 58 1
16 5 59 1
16 6 1 28
16 7 6 7
16 8 22 5
16 14 10 11
16 17 2 12
16 18 1 12
16 21 23 2
16 24 50 1
17 0 147 1
17 1 3 15
17 3 1 20
17 6 4 10
17 8 1 21
17 10 229 1
17 18 12 29
17 20 3 17
17 25 1 11
18 0 10 6
18 1 3 22
18 2 6 18
18 4 57 2
18 9 45 2
18 10 159 1
18 15 14 8
18 16 66 1
18 22 1 21
19 0 212 1
19 1 97 1
19 6 5 1
19 7 1 17
19 10 1 26
19 11 122 1
19 18 44 4
19 20 12 24
20 1 156 1
20 2 1 14
20 3 22 1
20 4 1 13
20 6 40 27
20 15 26 9
20 17 1 26
20 19 4 23
21 0 6 18
21 1 1 7
21 8 1 15
21 10 64 3
21 17 1 23
21 22 6 7
22 1 5 3
22 4 38 2
22 8 9 4
22 10 74 13
22 11 1 28
22 13 5 1
23 6 4 29
23 7 16 2
23 10 44 22
23 11 58 1
23 19 1 13
23 21 1 12
23 26 8 26
24 0 46 1
24 1 18 1
24 2 7 18
24 3 37 1
24 4 1 29
24 5 24 1
24 7 3 15
24 8 8 2
24 11 2 11
24 14 30 2
24 15 31 21
24 16 56 1
24 17 25 3
24 18 1 22
24 22 1 5
24 25 1 9
24 26 54 1
24 27 29 12
25 1 1 2
25 6 1 10
25 7 2 4
25 8 134 1
25 10 31 1
25 11 45 1
25 20 5 17
25 24 1 27
26 0 1 2
26 4 3 13
26 5 1 5
26 6 55 2
26 14 9 4
26 15 9 25
26 18 10 3
26 22 4 9
26 27 62 1
27 6 29 13
27 8 16 7
27 11 2 13
27 12 1 9
27 16 8 27
27 20 2 14
27 26 3 13
