0 1 32 26
0 2 7 4
0 3 12 22
0 4 11 1
0 5 10 24
0 6 35 1
0 8 10 8
0 10 144 1
0 11 161 1
0 13 1 9
0 16 19 2
0 17 21 1
0 19 74 1
0 20 225 1
0 23 5 6
0 24 17 18
1 0 6 14
1 2 5 20
1 3 10 9
1 4 24 1
1 5 11 3
1 6 64 14
1 7 286 1
1 8 11 12
1 9 154 1
1 10 2 16
1 12 20 7
1 14 4 28
1 16 10 23
1 17 4 8
1 20 1 11
1 23 2 1
1 24 22 23
2 0 65 1
2 1 87 1
2 3 142 28
2 4 1 22
2 6 40 28
2 7 11 2
2 10 1 6
2 12 60 2
2 16 1 20
2 24 19 1
2 25 8 1
3 0 7 27
3 1 20 9
3 2 4 7
3 4 162 2
3 5 9 10
3 6 114 1
3 7 2 16
3 8 9 22
3 9 1 12
3 10 1 6
3 11 2 20
3 15 18 1
3 16 15 15
3 17 152 2
3 19 40 19
3 20 1 26
3 21 22 13
3 24 10 13
3 25 9 13
4 1 148 1
4 2 228 1
4 5 198 1
4 6 126 1
4 7 16 21
4 8 3 22
4 9 24 2
4 10 8 19
4 12 4 18
4 14 42 4
4 18 12 13
4 19 56 3
4 27 1 19
5 0 14 6
5 1 9 24
5 3 17 6
5 4 3 11
5 6 326 26
5 7 5 17
5 8 13 19
5 9 6 4
5 11 1 15
5 12 1 25
5 16 10 28
5 17 36 1
5 20 2 19
5 21 5 23
5 24 15 9
6 0 209 1
6 1 3 24
6 3 1 16
6 4 87 1
6 5 47 11
6 7 91 1
6 8 54 16
6 9 4 12
6 10 8 1
6 12 28 29
6 13 93 1
6 16 8 6
6 17 1 22
6 18 1 27
6 19 27 1
6 27 100 23
7 0 3 1
7 1 11 24
7 2 74 29
7 3 2 16
7 4 1 4
7 5 177 1
7 6 264 22
7 8 105 1
7 9 9 10
7 11 148 1
7 14 1 20
7 15 4 14
7 17 39 3
7 19 106 2
7 20 27 1
7 23 1 19
7 24 107 1
7 26 1 14
8 0 12 26
8 1 12 9
8 2 8 9
8 3 9 12
8 4 32 18
8 5 111 23
8 6 185 16
8 7 141 1
8 9 221 15
8 10 6 22
8 11 419 1
8 12 1 18
8 13 20 3
8 15 2 20
8 16 10 15
8 20 53 1
8 21 12 2
8 22 30 4
8 24 10 29
8 27 16 13
9 0 30 1
9 1 1 3
9 4 94 1
9 5 403 1
9 6 18 1
9 7 35 3
9 8 4 11
9 10 221 1
9 11 23 22
9 12 186 1
9 13 5 13
9 14 80 1
9 18 4 13
9 23 55 28
9 26 48 1
9 27 1 18
10 1 1 20
10 2 152 1
10 4 1 13
10 6 131 1
10 7 1 23
10 8 15 6
10 9 87 23
10 11 285 1
10 12 187 1
10 13 1 9
10 14 3 5
10 15 157 1
10 16 132 5
10 17 22 1
10 18 1 25
10 22 1 28
10 23 163 22
10 25 129 3
10 26 1 19
11 2 144 1
11 3 1 1
11 5 12 27
11 7 11 10
11 8 2 27
11 9 10 1
11 10 77 19
11 13 62 1
11 14 6 1
11 15 13 17
11 17 44 1
11 20 211 1
11 21 45 3
11 23 122 1
11 24 1 21
11 25 6 14
11 26 145 4
12 3 43 2
12 4 1 6
12 5 111 1
12 6 45 25
12 9 122 4
12 10 3 28
12 11 44 21
12 13 4 10
12 14 6 2
12 15 1 29
12 17 1 8
12 19 31 10
12 20 103 17
13 10 14 20
13 11 1 15
13 12 127 1
13 14 13 1
13 16 1 29
13 17 13 3
14 7 34 1
14 8 44 2
14 9 1 5
14 10 4 1
14 11 1 5
14 13 42 2
14 15 2 8
14 17 1 1
14 18 1 17
14 20 10 22
14 22 4 14
14 23 15 14
14 27 8 2
15 2 1 16
15 3 1 10
15 5 23 3
15 6 1 22
15 7 210 1
15 8 107 2
15 9 1 25
15 11 162 1
15 12 24 29
15 13 1 19
15 14 12 1
15 16 21 24
15 20 2 17
15 24 37 2
16 0 10 29
16 1 9 28
16 2 1 22
16 3 9 18
16 4 2 11
16 5 10 1
16 6 5 11
16 8 9 6
16 9 67 1
16 17 2 22
16 18 58 5
16 19 14 22
16 23 1 6
16 24 10 2
16 27 12 8
17 0 131 1
17 1 2 12
17 2 1 15
17 3 3 6
17 6 1 3
17 10 7 13
17 13 40 12
17 15 1 19
17 18 2 18
17 20 1 26
17 24 40 2
17 26 2 21
18 1 5 25
18 6 130 1
18 7 22 1
18 10 155 1
18 12 3 22
18 16 46 1
18 20 16 1
18 25 1 11
18 27 25 1
19 0 184 1
19 1 89 1
19 4 6 7
19 7 47 22
19 8 4 27
19 14 1 5
19 16 2 3
19 18 44 1
19 20 19 20
20 0 20 2
20 1 146 2
20 5 11 1
20 6 2 14
20 7 1 4
20 10 37 4
20 13 8 1
20 14 1 6
20 16 63 4
20 19 6 26
21 0 1 8
21 6 6 15
21 8 1 29
21 11 80 3
21 16 1 7
21 19 1 10
21 26 3 13
22 6 19 2
22 10 1 26
22 12 39 4
22 14 12 12
23 1 75 3
23 7 11 1
23 10 1 26
23 11 46 1
23 22 3 2
24 0 11 1
24 1 10 28
24 2 11 4
24 3 10 1
24 5 18 17
24 7 1 27
24 8 10 23
24 11 21 22
24 16 10 19
24 20 49 4
24 25 1 24
25 5 1 3
25 8 126 1
25 10 23 2
25 11 16 1
25 18 1 26
25 20 1 20
25 23 5 8
26 4 3 29
26 6 54 1
26 7 55 2
26 12 53 11
26 25 2 18
26 27 49 1
27 2 1 13
27 6 5 24
27 7 107 1
27 8 14 4
27 10 5 1
27 16 1 19
27 25 1 13
