0 1 23 1
0 2 2 13
0 3 35 13
0 4 340 2
0 5 18 7
0 8 35 20
0 10 133 1
0 11 146 2
0 12 2 20
0 16 18 21
0 18 1 14
0 19 15 1
0 20 206 1
0 24 33 17
0 25 1 3
1 0 15 21
1 2 21 16
1 3 23 20
1 4 166 1
1 5 35 25
1 6 52 1
1 7 264 1
1 8 21 28
1 9 134 1
1 10 3 2
1 11 2 13
1 12 1 12
1 14 2 28
1 15 49 1
1 16 46 13
1 17 5 7
1 18 169 6
1 24 52 14
1 25 1 19
2 0 135 18
2 1 361 1
2 3 37 1
2 6 1 1
2 7 3 1
2 8 263 1
2 9 2 18
2 10 6 16
2 14 14 5
2 15 1 10
2 16 4 27
2 21 2 2
3 0 86 8
3 1 20 17
3 2 5 8
3 4 151 1
3 5 44 3
3 6 96 1
3 7 2 21
3 8 174 28
3 9 3 28
3 10 1 2
3 11 2 8
3 12 67 2
3 16 18 19
3 17 143 3
3 18 2 20
3 20 3 22
3 23 5 23
3 24 18 15
3 25 21 7
4 1 87 1
4 2 214 1
4 5 133 1
4 6 97 1
4 7 17 12
4 8 19 16
4 9 10 1
4 11 6 17
4 14 38 2
4 15 3 4
4 16 3 5
4 17 257 1
4 18 141 9
4 19 51 2
4 23 2 4
4 24 1 17
5 0 51 1
5 1 93 25
5 3 62 13
5 4 3 13
5 6 93 12
5 7 6 21
5 8 109 17
5 9 6 18
5 11 4 20
5 12 15 1
5 16 21 29
5 18 1 26
5 23 14 14
5 24 18 21
6 0 6 1
6 1 14 12
6 3 4 16
6 4 395 1
6 5 251 16
6 7 58 1
6 8 181 1
6 9 42 22
6 12 1 8
6 14 181 4
6 15 63 23
6 16 67 18
6 17 1 13
6 20 1 27
7 0 18 1
7 1 15 28
7 2 1 7
7 3 28 26
7 4 11 9
7 5 158 1
7 8 49 1
7 9 2 25
7 11 295 1
7 13 78 2
7 14 9 2
7 15 1 1
7 19 100 2
7 23 19 6
7 24 92 1
8 0 17 15
8 1 64 15
8 2 56 17
8 3 319 17
8 4 2 6
8 5 21 18
8 6 80 3
8 7 81 1
8 9 1 16
8 10 8 12
8 11 82 3
8 12 7 19
8 15 4 26
8 16 83 20
8 17 88 2
8 18 2 28
8 20 140 1
8 22 26 1
8 23 1 20
8 24 112 5
8 27 2 11
9 0 24 1
9 2 11 1
9 3 7 29
9 4 66 1
9 5 329 1
9 6 14 1
9 7 27 1
9 8 11 21
9 10 177 1
9 11 124 12
9 12 145 1
9 14 68 1
9 22 7 23
9 25 64 2
9 27 1 2
10 0 80 1
10 1 1 27
10 2 47 1
10 3 1 5
10 4 1 23
10 5 2 1
10 6 85 1
10 7 23 27
10 8 11 1
10 9 259 1
10 11 255 1
10 12 172 1
10 14 3 10
10 15 133 1
10 18 90 21
10 24 170 2
10 27 114 1
11 2 13 24
11 3 1 5
11 4 55 1
11 5 1 27
11 6 1 16
11 7 75 3
11 10 9 21
11 13 50 2
11 14 19 1
11 15 27 2
11 21 1 25
11 23 106 1
11 24 2 9
11 25 3 24
11 27 1 28
12 0 16 23
12 1 1 7
12 3 40 4
12 4 118 14
12 6 3 26
12 8 1 7
12 9 9 9
12 10 12 16
12 11 45 29
12 13 6 25
12 15 1 23
12 16 57 17
12 18 42 1
12 23 7 6
13 0 4 4
13 1 20 7
13 7 5 3
13 8 3 5
13 10 7 6
13 12 47 1
13 14 8 1
13 18 30 16
13 20 1 6
14 1 112 1
14 4 2 13
14 5 2 14
14 6 93 1
14 11 31 11
14 12 94 3
14 13 32 1
14 15 1 28
14 22 4 7
14 23 2 21
14 26 10 1
15 1 87 3
15 3 1 5
15 7 182 1
15 9 5 19
15 10 1 20
15 11 60 1
15 12 11 21
15 14 12 1
15 19 1 15
16 0 18 24
16 1 17 10
16 3 18 17
16 4 10 19
16 5 24 10
16 6 2 23
16 8 18 25
16 9 64 2
16 11 1 23
16 15 1 19
16 17 2 19
16 18 2 26
16 24 20 10
17 1 5 2
17 2 1 26
17 3 1 27
17 6 28 10
17 8 33 23
17 9 148 4
17 11 1 3
17 16 2 28
17 18 11 2
17 21 6 8
17 26 2 29
18 0 5 3
18 1 1 12
18 6 3 1
18 9 33 3
18 10 150 5
18 12 1 24
18 15 13 6
18 16 29 1
18 17 1 10
18 20 14 4
18 22 2 1
19 0 154 1
19 1 78 1
19 3 9 2
19 7 1 24
19 9 6 1
19 10 1 10
19 12 1 29
19 14 1 29
19 15 2 3
19 18 43 2
19 20 10 16
20 1 136 1
20 2 1 26
20 3 224 1
20 8 199 1
20 13 4 22
20 15 22 4
20 17 2 9
20 18 1 15
20 19 6 14
20 26 1 19
21 6 8 25
21 17 5 23
21 25 1 23
21 26 5 12
22 3 5 17
22 7 29 2
22 10 3 1
22 16 1 26
22 21 8 2
23 9 67 12
23 11 34 2
23 21 2 10
23 24 4 10
24 0 164 1
24 1 18 24
24 2 1 25
24 3 18 21
24 4 10 2
24 5 20 25
24 6 7 11
24 7 10 11
24 8 18 19
24 11 6 2
24 12 1 1
24 16 41 8
24 26 47 3
25 6 18 17
25 8 117 3
25 9 10 2
25 10 16 2
25 11 1 1
25 20 1 29
26 0 10 9
26 1 2 9
26 6 52 4
26 7 51 1
26 10 62 3
26 11 1 23
26 12 52 11
26 27 36 1
27 2 4 19
27 5 1 18
27 8 11 7
27 10 1 1
27 11 2 6
27 20 10 17
27 25 1 20
27 26 1 11
