0 1 390 20
0 2 1 9
0 3 44 1
0 4 304 1
0 5 11 9
0 6 5 1
0 8 95 1
0 10 110 2
0 11 115 1
0 14 1 20
0 15 1 8
0 16 54 1
0 17 289 1
0 19 24 1
0 20 162 1
0 24 199 1
1 0 37 3
1 2 73 1
1 3 330 1
1 4 65 1
1 5 333 1
1 6 231 20
1 7 214 1
1 8 61 13
1 10 58 26
1 11 1 25
1 15 41 1
1 16 414 1
1 17 23 15
1 19 2 24
1 20 1 11
1 22 18 9
1 24 96 1
2 0 22 1
2 1 305 1
2 3 29 1
2 4 245 1
2 5 52 3
2 8 6 7
2 10 2 21
2 11 1 20
2 12 49 1
2 13 1 28
2 16 1 24
2 22 1 3
3 0 141 12
3 1 348 1
3 2 9 3
3 4 124 1
3 5 3 24
3 7 175 1
3 8 57 5
3 10 1 3
3 11 76 8
3 14 8 11
3 16 152 1
3 18 8 21
3 19 50 15
3 20 1 23
3 24 154 1
3 25 1 14
3 26 1 9
3 27 39 1
4 2 179 1
4 5 28 1
4 6 103 1
4 7 23 24
4 8 2 5
4 10 1 26
4 12 78 10
4 13 2 22
4 14 29 2
4 16 4 1
4 17 247 1
4 18 54 26
5 0 70 1
5 1 236 1
5 3 8 8
5 4 8 8
5 6 160 1
5 7 5 7
5 8 178 1
5 9 5 23
5 11 6 19
5 12 82 29
5 16 12 5
5 24 15 19
6 0 147 1
6 1 6 24
6 2 2 11
6 3 4 11
6 4 60 1
6 5 100 20
6 7 17 1
6 8 39 1
6 9 2 12
6 10 1 4
6 14 14 2
6 17 1 6
6 18 7 24
6 21 29 14
6 22 9 4
6 24 2 22
6 25 1 17
7 1 1 27
7 2 54 2
7 3 15 17
7 4 2 19
7 5 118 1
7 6 102 1
7 9 1 3
7 10 8 25
7 11 53 1
7 13 62 2
7 14 28 1
7 15 1 24
7 20 9 2
7 22 29 1
7 23 30 24
7 24 61 1
7 25 2 28
7 27 1 11
8 0 35 2
8 1 48 7
8 2 2 16
8 3 183 1
8 4 8 15
8 5 109 1
8 6 127 1
8 7 321 1
8 9 4 20
8 10 20 27
8 11 48 1
8 13 6 1
8 14 20 15
8 16 73 1
8 17 64 2
8 19 32 2
8 20 132 1
8 24 39 1
8 26 1 15
9 1 2 16
9 2 3 2
9 3 1 18
9 4 20 2
9 5 72 1
9 6 1 11
9 8 33 2
9 10 32 1
9 11 97 1
9 12 67 1
9 14 45 1
9 17 8 1
9 27 33 20
10 1 1 4
10 2 13 1
10 3 2 10
10 5 301 1
10 6 17 1
10 7 82 25
10 8 155 1
10 9 217 1
10 11 206 1
10 13 174 26
10 14 109 9
10 15 85 1
10 17 9 6
10 18 1 29
10 19 72 13
10 22 9 2
10 24 154 1
10 26 2 28
10 27 104 2
11 2 6 1
11 3 16 15
11 4 40 1
11 7 59 18
11 8 144 1
11 10 2 20
11 15 241 8
11 17 29 2
11 18 1 28
11 22 1 26
11 23 73 1
11 24 7 8
11 25 245 1
11 26 130 2
11 27 3 9
12 1 2 8
12 5 69 1
12 6 1 26
12 8 173 15
12 9 205 16
12 10 22 9
12 11 146 28
12 15 1 27
12 18 35 1
12 20 1 10
12 21 1 17
12 23 87 28
12 26 1 10
13 1 15 2
13 5 2 7
13 6 98 3
13 7 13 5
13 10 1 6
13 12 33 9
13 15 2 29
13 16 1 3
13 18 29 2
13 26 2 18
14 0 1 23
14 1 103 4
14 3 10 1
14 6 70 2
14 9 1 7
14 10 19 22
14 11 9 5
14 12 74 1
14 15 1 6
14 17 1 5
14 20 1 12
14 21 24 1
14 22 3 1
14 27 5 11
15 0 7 1
15 1 79 2
15 3 1 18
15 6 1 24
15 7 117 1
15 8 74 2
15 9 8 6
15 10 23 19
15 11 35 1
15 12 1 27
15 16 1 24
15 26 6 5
16 0 164 1
16 1 66 1
16 3 34 1
16 4 1 22
16 5 78 1
16 6 1 6
16 8 80 17
16 10 10 18
16 17 39 5
16 18 1 12
16 19 1 25
16 23 1 7
16 24 12 23
17 0 79 1
17 1 16 16
17 2 7 28
17 3 4 18
17 5 8 10
17 6 14 29
17 7 1 13
17 8 1 3
17 9 134 1
17 12 147 2
17 13 1 13
17 15 3 14
17 16 17 23
17 18 1 7
17 27 23 1
18 0 2 3
18 2 18 26
18 3 32 1
18 4 58 1
18 6 111 2
18 7 13 2
18 8 1 5
18 10 140 3
18 22 1 13
19 0 89 1
19 1 56 1
19 2 1 24
19 4 5 15
19 6 1 25
19 11 110 3
19 20 5 16
20 0 1 3
20 1 114 2
20 2 5 3
20 3 205 1
20 6 4 14
20 8 179 2
20 9 91 7
20 13 8 29
20 15 18 1
20 18 4 15
20 19 12 13
20 27 71 1
21 10 53 1
21 17 5 27
22 0 59 1
22 1 1 10
22 4 31 3
22 7 21 2
22 9 2 28
22 11 24 29
22 12 40 4
22 14 2 7
22 15 7 1
23 3 3 4
23 8 1 21
23 9 67 10
23 14 4 4
23 24 5 6
24 0 219 1
24 1 30 1
24 2 21 11
24 3 128 1
24 5 148 1
24 7 1 13
24 8 200 1
24 11 3 13
24 14 23 4
24 16 95 1
24 23 1 20
24 26 39 1
24 27 23 8
25 1 11 8
25 3 17 5
25 7 2 15
25 8 98 1
25 10 5 5
25 11 2 6
25 19 7 26
25 20 1 5
25 24 1 11
25 27 3 2
26 1 1 27
26 7 42 3
26 9 59 3
26 10 55 1
26 11 5 6
26 15 17 17
26 20 9 20
26 22 3 6
26 27 12 1
27 4 1 6
27 6 1 5
27 11 6 8
27 16 1 23
27 20 30 25
27 24 35 8
27 26 1 1
