0 1 143 1
0 2 3 23
0 3 24 1
0 4 302 1
0 5 38 1
0 6 4 2
0 7 403 2
0 8 58 1
0 10 109 2
0 11 114 1
0 15 2 15
0 16 301 1
0 17 288 1
0 19 22 1
0 20 160 1
0 21 9 1
0 24 143 6
1 0 1 8
1 2 3 13
1 3 290 1
1 4 6 1
1 5 125 1
1 6 212 22
1 7 212 1
1 8 157 1
1 9 92 1
1 10 1 15
1 11 10 4
1 12 12 13
1 15 40 5
1 16 13 19
1 17 3 26
1 18 163 2
1 19 2 22
1 20 4 3
1 24 17 2
2 0 20 1
2 1 294 1
2 3 24 1
2 4 253 1
2 6 168 28
2 8 190 14
2 9 1 6
2 10 17 11
2 12 48 4
2 13 1 6
2 16 2 6
3 0 87 1
3 1 330 1
3 2 1 9
3 4 123 1
3 5 299 1
3 6 57 1
3 7 110 8
3 8 44 1
3 9 15 4
3 10 2 23
3 11 1 10
3 15 9 9
3 16 116 1
3 17 122 1
3 18 1 8
3 19 1 9
3 24 132 1
3 25 1 11
4 1 6 1
4 5 25 1
4 6 99 1
4 7 10 24
4 8 3 6
4 10 2 27
4 11 1 1
4 12 3 20
4 14 29 1
4 17 245 1
4 18 1 9
4 20 2 3
4 23 1 21
4 24 53 12
4 27 19 22
5 0 34 1
5 1 231 1
5 3 17 2
5 4 5 6
5 6 86 1
5 7 1 4
5 8 25 16
5 9 10 29
5 11 1 23
5 12 2 15
5 16 265 1
5 17 18 4
5 18 1 20
5 21 11 17
5 23 5 12
5 24 72 1
6 0 144 1
6 1 3 9
6 2 1 16
6 4 54 1
6 5 288 27
6 7 13 1
6 8 47 1
6 9 2 9
6 10 4 4
6 12 35 1
6 13 75 3
6 14 13 1
6 16 1 28
6 17 18 20
6 18 2 6
6 24 7 22
6 26 76 1
7 0 247 1
7 1 1 17
7 2 54 1
7 3 2 28
7 4 232 4
7 5 116 1
7 6 99 1
7 9 5 17
7 10 5 17
7 11 41 10
7 13 61 2
7 14 27 12
7 17 3 8
7 18 106 1
7 19 86 2
7 20 8 3
7 22 29 2
7 23 18 4
7 27 1 15
8 0 24 1
8 1 303 1
8 2 307 8
8 3 143 1
8 4 5 7
8 5 82 1
8 6 27 1
8 7 311 1
8 9 98 13
8 10 240 21
8 11 45 1
8 14 1 6
8 15 25 24
8 16 205 1
8 17 63 2
8 18 1 23
8 19 32 2
8 24 9 8
8 27 3 12
9 0 13 1
9 1 12 14
9 2 3 2
9 3 1 29
9 4 19 1
9 5 64 1
9 6 1 10
9 8 44 12
9 10 28 1
9 11 95 2
9 12 64 1
9 17 7 8
9 18 1 11
9 21 75 4
9 25 55 1
9 26 43 9
9 27 1 23
10 0 159 1
10 2 127 1
10 3 1 9
10 5 299 1
10 6 15 1
10 7 1 20
10 8 142 1
10 9 208 1
10 11 200 1
10 12 131 1
10 13 2 5
10 14 30 13
10 15 83 1
10 18 1 7
10 20 3 12
10 22 8 5
10 23 11 5
10 24 153 1
10 27 103 1
11 2 5 1
11 3 1 5
11 4 39 3
11 7 82 24
11 8 143 1
11 10 35 28
11 12 19 26
11 13 28 2
11 15 267 1
11 17 29 1
11 20 192 2
11 21 1 10
11 22 1 11
11 23 71 1
11 24 1 23
11 25 8 2
11 26 129 3
11 27 1 9
12 2 1 16
12 3 34 3
12 4 1 22
12 5 68 1
12 8 1 20
12 9 1 13
12 10 2 20
12 11 4 21
12 13 3 14
12 18 34 4
12 22 123 1
12 25 13 1
13 1 15 2
13 2 11 26
13 7 1 6
13 10 2 19
13 12 100 1
13 17 9 2
13 18 28 22
14 0 2 8
14 3 10 3
14 6 69 1
14 7 8 3
14 8 8 2
14 9 138 28
14 10 3 18
14 11 6 22
14 12 73 1
14 13 3 1
14 15 2 20
14 17 1 29
14 20 69 8
15 1 79 1
15 3 3 16
15 4 1 15
15 6 2 15
15 7 114 1
15 8 73 2
15 9 1 23
15 10 5 10
15 11 30 1
15 12 27 5
15 14 11 2
15 18 35 17
15 23 1 22
16 0 128 1
16 1 7 28
16 2 1 18
16 3 194 1
16 4 1 20
16 5 53 1
16 8 95 1
16 10 1 4
16 14 1 20
16 17 5 9
16 18 2 20
16 19 1 3
16 24 78 1
17 0 77 1
17 1 80 5
17 2 2 18
17 3 5 1
17 6 1 28
17 8 7 11
17 12 146 23
17 13 1 7
17 16 3 7
17 20 1 6
17 21 5 1
17 22 2 4
18 1 6 12
18 4 56 2
18 5 1 4
18 6 110 2
18 7 12 8
18 9 22 1
18 16 4 1
18 17 1 18
18 22 20 7
19 0 87 1
19 3 4 2
19 4 2 12
19 7 11 3
19 16 1 4
19 20 45 21
19 24 9 16
20 1 113 2
20 2 41 4
20 3 204 1
20 6 1 9
20 8 178 2
20 12 56 29
20 13 11 23
20 15 17 5
20 17 15 17
20 19 2 22
20 25 1 20
21 0 1 24
21 4 12 16
21 8 1 27
21 23 1 1
21 26 9 7
22 0 58 17
22 2 3 17
22 7 20 6
22 8 2 2
22 10 1 10
22 11 1 11
22 15 6 26
22 19 2 29
23 0 1 8
23 1 69 1
23 6 1 9
23 7 1 11
23 8 1 26
23 9 10 5
23 10 1 22
23 11 13 1
23 27 1 15
24 0 183 1
24 1 115 1
24 2 1 8
24 3 142 1
24 5 120 5
24 7 5 4
24 8 164 1
24 10 50 1
24 11 5 13
24 13 13 2
24 16 131 1
24 25 4 25
24 26 39 3
25 6 3 18
25 7 5 27
25 8 97 2
25 11 3 7
25 12 49 8
25 18 22 9
25 20 1 20
25 23 1 29
25 27 3 16
26 5 14 19
26 6 48 4
26 15 2 24
27 3 1 23
27 11 1 3
27 12 1 1
27 20 3 19
27 26 3 3
