0 1 363 1
0 2 96 6
0 3 256 1
0 4 282 1
0 5 31 1
0 6 1 1
0 8 85 1
0 11 99 2
0 15 1 5
0 16 7 3
0 17 281 1
0 19 9 1
0 20 139 1
0 22 1 27
0 24 43 1
0 25 2 22
1 0 18 8
1 2 128 25
1 3 62 8
1 4 27 1
1 5 7 12
1 6 209 10
1 7 188 1
1 8 55 1
1 9 74 1
1 10 3 6
1 11 1 28
1 12 1 5
1 15 36 1
1 16 113 1
1 17 21 21
1 19 5 10
1 23 1 10
1 24 30 1
2 0 95 1
2 1 185 1
2 4 246 1
2 7 2 26
2 8 156 1
2 10 2 1
2 11 15 6
2 16 1 11
2 18 1 10
2 20 1 29
2 27 26 1
3 0 2 4
3 1 104 1
3 2 1 24
3 4 110 1
3 5 69 1
3 6 42 2
3 7 169 1
3 8 2 16
3 10 1 11
3 11 247 4
3 12 57 1
3 16 5 21
3 17 112 1
3 24 26 1
4 2 159 1
4 5 3 1
4 6 57 1
4 7 24 28
4 8 3 18
4 10 22 27
4 11 2 19
4 13 2 25
4 14 25 1
4 17 32 1
4 20 2 24
4 25 1 17
4 27 19 11
5 0 38 1
5 1 25 1
5 2 1 9
5 3 25 1
5 4 19 28
5 6 7 4
5 7 2 12
5 8 179 27
5 9 5 22
5 16 53 1
5 18 36 6
5 20 6 3
5 21 3 11
5 23 14 6
5 24 22 1
6 0 122 1
6 1 10 10
6 2 10 12
6 3 5 14
6 4 343 1
6 5 113 1
6 7 95 1
6 8 2 1
6 9 1 10
6 10 9 9
6 11 2 8
6 12 2 24
6 17 16 9
6 18 7 23
6 24 12 24
6 25 1 16
6 26 74 13
7 0 219 1
7 1 6 22
7 2 256 1
7 3 88 2
7 4 1 11
7 5 97 1
7 6 88 1
7 8 1 29
7 9 1 7
7 10 8 20
7 11 8 1
7 12 1 8
7 14 25 1
7 15 1 3
7 18 101 1
7 23 30 2
7 24 47 1
7 25 2 2
8 0 157 1
8 1 300 1
8 2 341 3
8 3 61 1
8 4 4 26
8 5 387 1
8 6 391 1
8 7 26 1
8 9 1 12
8 10 231 1
8 11 10 1
8 15 3 4
8 16 11 1
8 17 53 1
8 19 28 2
8 20 24 3
8 24 41 1
9 0 9 1
9 1 2 3
9 3 3 21
9 4 6 2
9 5 7 1
9 6 6 22
9 8 2 8
9 10 2 1
9 11 90 2
9 12 36 1
9 13 1 8
9 18 4 22
9 21 73 3
10 0 225 1
10 1 2 12
10 2 113 1
10 3 1 27
10 5 24 1
10 6 2 1
10 7 1 4
10 8 181 1
10 9 119 1
10 11 191 1
10 12 112 1
10 14 3 10
10 15 62 1
10 18 28 13
10 20 8 16
11 2 2 1
11 3 13 9
11 7 385 6
11 8 390 1
11 10 2 11
11 15 242 1
11 17 24 5
11 21 2 6
11 23 57 1
11 24 11 9
11 25 2 25
11 26 124 1
11 27 3 26
12 1 1 8
12 4 1 6
12 5 55 1
12 6 2 24
12 9 210 2
12 10 2 1
12 16 65 6
12 17 43 5
12 21 12 28
13 6 92 2
13 7 1 7
13 10 4 22
13 12 19 1
13 15 1 28
13 16 1 12
13 18 28 1
13 24 3 5
14 1 98 1
14 3 8 13
14 5 7 24
14 7 4 1
14 8 3 1
14 9 1 22
14 10 15 6
14 11 8 7
14 13 3 1
14 15 10 19
14 17 2 4
14 23 1 17
14 25 1 3
15 0 5 1
15 3 10 5
15 6 1 23
15 7 86 1
15 8 63 2
15 10 10 29
15 12 1 8
15 14 1 5
15 16 1 15
15 17 1 4
15 18 5 15
15 23 4 24
15 26 6 2
16 0 164 1
16 1 20 5
16 3 74 1
16 5 67 1
16 8 12 23
16 17 7 2
16 18 1 19
16 24 27 1
16 26 19 24
17 0 62 1
17 1 13 27
17 3 1 12
17 4 39 2
17 6 3 15
17 9 125 1
17 13 3 12
17 16 15 29
17 18 1 1
17 20 117 23
17 26 4 16
18 1 1 4
18 2 1 9
18 4 338 1
18 5 3 2
18 12 1 24
18 24 1 22
18 26 1 15
19 0 60 1
19 2 1 10
19 7 1 17
19 8 19 15
19 10 1 17
19 12 1 4
19 17 118 18
19 20 1 11
19 23 7 11
19 24 9 22
20 1 103 1
20 6 1 27
20 8 169 1
20 9 88 1
20 10 12 4
20 13 4 26
20 15 15 5
20 16 55 1
20 19 4 24
20 25 3 8
20 26 2 5
20 27 70 24
21 0 1 1
21 8 1 21
21 22 14 2
22 0 57 3
22 10 1 16
22 11 1 17
22 12 1 20
22 14 22 12
22 23 4 8
23 8 45 21
23 9 10 16
23 10 12 28
23 13 1 4
23 21 2 13
23 22 1 11
23 24 1 29
23 27 1 1
24 0 24 1
24 1 21 1
24 2 1 5
24 3 14 3
24 4 1 12
24 5 31 1
24 6 1 10
24 7 1 21
24 8 30 1
24 10 149 15
24 11 12 4
24 16 45 1
24 18 3 17
24 23 1 28
25 0 96 5
25 1 1 22
25 2 3 25
25 5 7 1
25 6 8 2
25 7 4 22
25 9 3 4
25 11 7 5
25 17 37 6
25 27 23 6
26 4 17 17
26 8 7 1
26 25 3 5
27 2 30 4
27 6 1 27
27 10 93 4
27 11 1 7
27 16 2 5
27 17 47 3
27 26 1 10
