0 1 14 1
0 3 10 23
0 4 264 1
0 5 10 20
0 7 377 1
0 8 70 1
0 9 21 4
0 10 90 2
0 11 88 1
0 12 2 6
0 16 10 6
0 19 2 2
0 20 123 1
0 24 36 13
0 26 66 4
1 0 12 6
1 2 2 19
1 3 10 21
1 5 8 24
1 6 72 1
1 7 168 1
1 8 15 27
1 9 60 1
1 10 1 27
1 11 1 13
1 12 3 16
1 13 25 2
1 16 15 8
1 17 5 9
1 18 59 1
1 19 7 20
1 20 49 2
1 23 14 21
1 24 10 17
2 0 83 1
2 1 105 1
2 3 3 14
2 4 237 1
2 5 39 4
2 8 143 1
2 10 21 23
2 16 4 4
2 20 1 7
3 0 10 27
3 1 96 22
3 2 5 9
3 4 99 1
3 5 16 24
3 6 31 2
3 7 129 1
3 8 16 19
3 10 2 15
3 11 13 1
3 15 6 1
3 16 10 4
3 17 103 2
3 20 10 14
3 24 18 27
4 1 2 13
4 2 144 1
4 3 1 10
4 6 9 2
4 7 55 10
4 8 5 14
4 9 2 13
4 12 4 10
4 13 1 9
4 16 200 4
4 17 234 1
4 23 5 11
4 24 1 10
4 27 1 15
5 0 10 26
5 1 10 29
5 2 3 5
5 3 11 2
5 4 1 22
5 6 5 17
5 7 62 5
5 8 13 2
5 9 9 28
5 10 1 20
5 11 6 29
5 12 2 29
5 16 10 22
5 20 1 29
5 24 10 10
6 0 104 1
6 1 4 3
6 2 1 3
6 3 2 26
6 4 311 1
6 5 277 1
6 7 68 1
6 8 13 24
6 9 1 17
6 10 2 18
6 11 1 18
6 12 18 5
6 14 4 1
6 16 4 7
6 17 3 27
6 18 1 23
6 19 9 6
6 20 1 3
6 22 6 1
6 23 1 6
6 27 5 24
7 0 196 1
7 1 46 10
7 2 315 2
7 3 1 22
7 4 47 25
7 5 82 1
7 6 396 1
7 8 9 16
7 9 147 5
7 10 2 8
7 11 1 28
7 13 48 2
7 14 1 13
7 15 364 1
7 18 97 2
7 19 74 1
7 23 5 2
7 24 37 1
7 25 1 26
8 0 38 1
8 1 11 26
8 2 16 1
8 3 8 11
8 4 2 12
8 5 15 11
8 6 125 1
8 7 186 1
8 9 98 10
8 10 344 14
8 11 341 1
8 15 3 10
8 16 10 9
8 17 45 1
8 18 207 5
8 19 24 3
8 20 125 1
8 21 91 3
8 22 12 1
8 23 1 17
8 24 10 18
8 27 1 21
9 1 4 10
9 3 2 1
9 5 1 12
9 6 2 17
9 8 15 20
9 10 2 17
9 11 77 1
9 12 19 1
9 14 26 1
9 18 1 25
9 20 125 4
9 23 51 3
9 25 48 1
9 26 41 1
9 27 3 14
10 0 217 1
10 1 1 21
10 2 95 1
10 3 1 27
10 5 282 1
10 7 4 24
10 8 132 1
10 9 62 1
10 11 136 1
10 12 97 1
10 13 1 24
10 14 15 12
10 15 47 1
10 18 1 29
10 19 1 5
10 20 34 15
10 23 162 2
10 24 138 1
10 25 205 2
10 26 2 6
11 0 180 29
11 2 88 2
11 3 31 7
11 4 28 4
11 6 267 2
11 7 56 1
11 8 382 1
11 10 39 27
11 13 14 2
11 15 152 1
11 18 1 23
11 19 1 24
11 21 1 16
11 22 2 12
11 23 46 1
11 24 2 15
11 25 34 1
11 27 2 23
12 2 85 16
12 3 29 1
12 4 1 7
12 5 45 2
12 6 1 15
12 7 2 6
12 8 1 20
12 9 5 1
12 10 1 19
12 11 1 15
12 13 1 24
12 18 29 1
12 21 11 14
13 0 1 29
13 2 13 16
13 7 2 4
13 10 46 8
13 12 86 1
13 15 3 4
13 20 2 15
14 0 1 18
14 1 95 1
14 6 51 1
14 10 3 10
14 11 8 29
14 12 55 1
14 21 1 1
14 25 1 8
15 7 65 1
15 10 1 29
15 11 1 1
15 13 1 11
16 0 10 27
16 1 10 25
16 3 10 8
16 4 8 19
16 5 51 15
16 6 1 24
16 8 10 18
16 13 2 10
16 15 4 12
16 17 26 24
16 24 10 17
17 0 51 1
17 1 3 27
17 2 6 7
17 3 2 23
17 4 280 1
17 5 1 3
17 6 8 22
17 8 11 1
17 9 119 2
17 14 1 10
17 15 84 5
17 16 8 23
17 18 2 20
17 21 4 4
18 1 226 6
18 2 18 22
18 4 326 1
18 5 1 21
18 6 92 1
18 9 13 3
18 10 130 4
18 22 1 16
18 25 5 15
18 26 2 28
19 0 41 1
19 6 1 1
19 8 13 5
19 15 2 12
19 17 118 1
19 20 1 15
19 26 14 11
20 1 94 2
20 2 6 23
20 3 179 2
20 4 1 4
20 8 160 3
20 10 155 21
20 12 1 25
20 15 14 4
20 17 1 29
20 25 11 29
21 0 6 28
21 4 10 2
21 8 1 8
21 17 3 6
22 0 57 2
22 4 27 2
22 6 2 1
22 9 1 5
22 11 3 20
22 14 1 25
22 15 6 1
22 23 14 1
23 9 2 8
23 10 101 24
23 12 2 1
23 25 13 3
24 0 10 13
24 1 10 22
24 3 10 26
24 4 12 3
24 5 10 23
24 8 38 3
24 11 6 1
24 16 24 22
24 23 1 23
24 25 2 16
24 26 32 1
24 27 20 13
25 2 2 15
25 3 13 1
25 4 2 29
25 7 1 26
25 8 80 1
25 11 24 28
25 14 38 9
25 15 7 4
25 24 3 3
25 26 1 28
25 27 2 17
26 3 26 22
26 6 44 7
26 7 35 2
26 15 1 13
26 25 1 24
26 27 1 4
27 3 1 5
27 4 1 4
27 6 42 13
27 7 61 3
27 12 4 2
27 26 23 19
