0 1 60 28
0 2 1 28
0 3 36 22
0 4 242 1
0 5 18 11
0 7 362 2
0 8 17 29
0 10 80 1
0 11 75 1
0 12 5 7
0 13 1 3
0 15 2 3
0 16 57 10
0 17 257 1
0 20 104 1
0 24 85 25
1 0 105 26
1 2 124 1
1 3 26 28
1 5 24 6
1 6 21 1
1 7 146 1
1 8 77 10
1 9 46 1
1 10 1 15
1 12 6 20
1 14 1 24
1 16 42 1
1 17 118 1
1 18 153 27
1 20 48 16
1 23 14 29
1 24 18 14
1 25 114 6
1 27 64 6
2 0 62 1
2 1 37 1
2 3 4 13
2 7 8 11
2 8 290 1
2 10 1 11
2 11 16 26
2 12 39 1
2 17 1 18
2 20 2 5
2 24 11 1
3 0 37 5
3 1 20 15
3 2 283 1
3 4 87 2
3 5 40 9
3 6 20 1
3 7 269 25
3 8 38 17
3 9 1 19
3 10 1 11
3 16 18 9
3 17 93 1
3 19 1 29
3 20 4 22
3 23 35 7
3 24 19 3
3 25 6 7
4 0 4 20
4 1 4 4
4 2 126 1
4 3 38 25
4 5 1 7
4 6 21 1
4 7 4 27
4 8 1 4
4 9 8 3
4 10 2 21
4 14 18 3
4 17 220 1
4 19 28 2
4 23 1 17
4 24 66 27
4 27 28 20
5 0 40 7
5 1 66 13
5 2 2 9
5 3 76 5
5 4 6 3
5 6 40 6
5 7 1 11
5 8 131 22
5 9 120 1
5 10 1 24
5 12 2 18
5 16 36 12
5 20 8 8
5 23 19 20
5 24 95 5
6 1 8 3
6 2 2 6
6 3 1 3
6 4 256 1
6 5 60 1
6 7 42 1
6 8 53 14
6 10 6 7
6 11 1 7
6 13 59 2
6 14 166 2
6 15 53 5
6 16 3 6
6 17 5 6
6 20 5 2
6 21 2 8
6 25 17 4
7 0 170 1
7 1 28 6
7 2 32 1
7 3 27 11
7 4 1 13
7 5 66 1
7 6 376 1
7 8 10 22
7 9 24 2
7 10 1 9
7 11 5 6
7 13 41 4
7 14 16 1
7 18 92 5
7 19 68 1
7 21 3 20
7 22 18 5
7 24 27 1
7 25 2 1
8 0 33 4
8 1 37 8
8 2 183 1
8 3 17 28
8 4 2 7
8 5 131 27
8 6 10 28
8 7 120 1
8 10 286 1
8 11 302 1
8 12 149 5
8 14 102 1
8 16 53 9
8 17 36 1
8 18 4 1
8 19 21 2
8 20 135 2
8 21 89 11
8 23 1 10
8 24 56 18
8 26 1 12
8 27 1 24
9 0 3 1
9 1 4 24
9 3 1 2
9 5 5 15
9 6 3 3
9 8 2 2
9 10 2 6
9 11 62 1
9 12 5 2
9 13 1 9
9 14 18 2
9 18 1 25
9 21 69 6
9 22 10 11
9 23 73 3
9 27 1 17
10 1 2 21
10 2 74 1
10 3 4 17
10 4 343 1
10 5 257 1
10 7 265 6
10 8 310 1
10 9 18 1
10 11 96 7
10 12 80 1
10 13 1 8
10 14 3 25
10 15 31 1
10 17 2 10
10 18 29 22
10 22 178 4
10 23 6 28
10 25 233 1
10 27 89 2
11 0 127 2
11 3 18 28
11 5 17 1
11 6 5 1
11 7 418 26
11 8 355 1
11 9 2 5
11 10 3 21
11 12 2 12
11 13 8 2
11 14 1 2
11 15 149 1
11 17 18 1
11 21 1 20
11 23 34 2
11 24 2 20
11 25 8 14
11 26 113 1
11 27 1 14
12 0 135 27
12 3 26 3
12 8 1 17
12 10 1 6
12 11 160 5
12 17 1 10
12 18 26 2
12 20 1 18
12 21 85 4
12 25 8 6
12 27 57 19
13 7 1 5
13 10 2 26
13 12 1 19
13 14 1 14
13 16 1 10
13 27 1 9
14 4 133 1
14 9 2 16
14 10 7 2
14 11 34 27
14 15 33 14
14 18 2 6
14 23 1 1
15 1 68 2
15 7 43 1
15 8 46 2
15 10 1 23
15 11 7 11
15 12 3 21
15 14 2 16
15 18 5 20
16 0 18 15
16 1 43 17
16 3 18 10
16 5 51 3
16 6 2 23
16 8 36 21
16 11 7 6
16 13 28 24
16 23 4 1
16 24 19 11
17 1 2 3
17 4 25 1
17 5 1 8
17 6 7 12
17 7 3 22
17 8 1 22
17 9 112 2
17 10 209 4
17 11 12 20
17 16 1 17
17 18 15 28
17 20 1 6
18 1 4 11
18 2 2 6
18 4 29 1
18 5 1 2
18 6 82 2
18 7 6 4
18 10 125 3
18 11 1 11
18 12 16 24
18 22 1 29
18 23 2 15
19 1 29 1
19 4 5 24
19 7 1 29
19 8 4 16
19 11 99 3
19 12 3 7
19 18 37 4
20 0 2 20
20 1 85 1
20 3 165 1
20 6 95 3
20 7 3 5
20 9 81 2
20 10 155 22
20 17 75 5
20 19 20 6
20 22 2 6
21 6 20 14
21 12 2 5
21 20 29 19
21 22 11 13
22 0 56 1
22 6 19 18
22 7 11 7
22 10 1 13
22 11 1 23
23 1 64 1
23 3 2 1
23 10 1 10
23 16 23 3
23 20 47 2
23 21 3 15
23 25 13 19
24 0 35 14
24 1 24 7
24 3 42 17
24 4 20 6
24 5 18 26
24 7 2 25
24 8 29 4
24 10 147 2
24 11 6 15
24 15 5 1
24 16 19 19
24 17 14 3
24 18 4 11
24 23 1 27
25 1 1 27
25 3 10 6
25 6 8 22
25 7 1 18
25 8 72 1
25 11 23 23
25 15 5 1
25 18 2 13
25 27 5 11
26 0 2 1
26 3 1 8
26 5 17 8
26 7 31 2
26 17 2 14
26 20 7 1
27 0 75 2
27 3 46 29
27 6 2 18
27 7 60 1
27 11 1 23
27 18 1 11
27 26 2 1
