0 1 144 1
0 3 135 2
0 4 207 1
0 5 33 1
0 7 1 20
0 8 34 2
0 10 66 1
0 16 38 1
0 17 232 1
0 18 1 15
0 19 1 23
0 22 10 1
0 24 45 1
0 25 5 3
1 0 1 11
1 2 282 4
1 3 26 8
1 4 5 13
1 5 208 11
1 6 112 1
1 8 143 1
1 9 27 1
1 10 1 5
1 11 1 24
1 12 1 15
1 15 25 1
1 16 166 12
1 17 145 12
1 18 150 1
1 19 1 21
1 23 2 12
1 24 2 5
2 0 33 2
2 3 28 2
2 4 202 1
2 6 166 13
2 7 2 8
2 8 153 1
2 9 1 20
2 10 1 27
2 11 3 26
2 12 33 5
2 15 5 11
2 17 1 12
2 19 3 20
2 20 4 12
2 22 2 27
3 0 21 18
3 1 260 1
3 2 127 1
3 5 79 1
3 7 237 1
3 8 130 10
3 9 1 1
3 10 1 8
3 12 46 6
3 16 6 2
3 17 78 2
3 20 44 16
3 24 46 4
3 25 19 19
3 27 34 4
4 0 1 22
4 1 25 25
4 2 98 1
4 5 5 26
4 6 2 1
4 7 114 23
4 8 6 10
4 9 6 23
4 12 3 24
4 16 185 1
5 0 121 1
5 1 63 29
5 2 10 5
5 3 95 1
5 6 112 20
5 7 10 8
5 8 82 1
5 9 89 1
5 10 1 1
5 11 42 14
5 16 54 14
5 18 65 7
5 21 4 9
5 24 28 1
6 0 57 1
6 1 3 6
6 2 1 19
6 3 6 18
6 4 172 1
6 5 11 19
6 7 13 2
6 8 22 10
6 9 228 1
6 10 23 28
6 14 152 1
6 16 4 17
6 17 8 6
6 18 5 9
6 19 4 2
6 21 31 13
6 22 2 14
6 24 19 5
6 25 1 7
6 26 70 4
7 0 130 1
7 1 1 7
7 2 282 1
7 3 17 2
7 4 4 8
7 5 44 1
7 6 43 1
7 8 5 20
7 9 14 20
7 10 16 14
7 11 114 26
7 14 10 2
7 15 345 1
7 17 205 28
7 19 59 2
7 22 13 4
7 24 14 1
7 25 7 16
7 27 191 4
8 0 162 1
8 1 225 1
8 2 275 1
8 3 22 28
8 4 25 16
8 5 26 10
8 6 128 1
8 7 33 1
8 9 96 1
8 10 190 1
8 11 241 1
8 16 43 7
8 18 202 5
8 19 15 5
8 20 120 2
8 24 20 19
9 3 85 19
9 5 37 27
9 6 4 2
9 8 4 9
9 10 21 22
9 11 42 2
9 15 2 29
9 16 1 8
9 22 1 12
9 23 70 3
9 27 4 4
10 0 194 1
10 1 1 14
10 2 45 1
10 3 2 9
10 4 333 1
10 5 217 1
10 6 3 26
10 7 1 13
10 8 254 1
10 9 1 8
10 11 33 1
10 12 56 1
10 13 101 3
10 14 7 16
10 20 1 3
10 24 115 2
10 26 1 7
11 0 124 1
11 1 2 26
11 2 55 1
11 7 4 21
11 8 318 1
11 9 1 25
11 10 1 18
11 14 1 14
11 15 68 1
11 16 27 2
11 17 13 1
11 18 1 12
11 20 161 2
11 24 5 26
11 25 151 1
11 27 7 25
12 2 83 23
12 4 3 25
12 6 4 18
12 7 1 22
12 8 3 28
12 9 367 1
12 10 2 4
12 11 1 29
12 15 1 26
12 16 1 8
12 17 2 23
12 18 21 4
12 19 4 28
12 22 108 1
12 25 7 1
12 26 5 19
13 0 1 7
13 7 3 18
13 8 1 13
13 10 54 26
13 14 3 22
13 16 1 15
13 25 2 20
14 1 82 2
14 2 37 1
14 6 29 2
14 9 1 2
14 10 15 9
14 11 1 21
14 12 34 1
14 13 3 17
14 15 25 24
14 20 2 2
14 23 18 3
14 24 1 23
15 1 61 1
15 6 5 12
15 7 17 2
15 8 33 2
15 9 1 9
15 10 1 27
15 11 38 23
15 12 7 2
15 14 3 15
16 0 6 1
16 1 21 5
16 2 54 23
16 3 29 3
16 4 1 26
16 5 209 1
16 8 76 1
16 10 8 3
16 11 1 24
16 17 6 19
16 18 278 1
16 24 194 1
17 0 23 1
17 1 18 6
17 2 8 8
17 5 3 6
17 6 1 8
17 8 3 18
17 9 101 1
17 10 200 2
17 11 4 2
17 15 1 24
17 16 2 26
17 18 1 14
17 19 6 16
17 20 5 13
17 22 1 3
18 2 1 7
18 3 20 3
18 4 266 8
18 5 2 16
18 6 68 1
18 7 4 2
18 8 1 13
18 12 1 23
18 16 5 19
18 19 41 1
18 26 3 13
19 0 4 2
19 10 2 11
19 12 2 4
19 14 1 8
19 15 3 22
19 16 40 19
19 20 291 1
19 24 5 19
20 1 70 1
20 2 9 3
20 3 141 2
20 4 186 1
20 5 1 1
20 7 1 16
20 8 135 2
20 9 75 2
20 10 153 1
20 11 229 1
20 17 1 19
20 19 68 1
20 26 1 29
21 5 25 5
21 8 2 18
21 12 1 5
21 15 14 6
21 19 1 16
21 20 28 7
21 25 1 6
21 26 1 19
22 7 7 10
22 10 17 19
22 11 1 8
22 20 41 2
23 0 1 5
23 1 61 2
23 10 1 7
23 15 3 5
23 18 1 12
24 0 26 3
24 1 51 1
24 2 2 17
24 3 100 1
24 4 2 19
24 5 104 1
24 7 5 18
24 8 175 1
24 10 142 1
24 11 1 6
24 14 14 2
24 15 1 2
24 16 41 1
24 18 5 2
24 21 4 28
25 1 28 7
25 4 1 23
25 6 1 15
25 7 4 28
25 8 59 1
25 11 7 27
25 14 34 9
25 16 5 1
26 0 2 14
26 1 1 10
26 6 40 1
26 9 56 4
26 11 1 18
26 14 4 4
26 24 1 13
27 1 61 1
27 7 54 2
27 12 1 3
27 14 1 18
27 16 1 25
27 20 1 11
27 26 31 11
