0 1 247 15
0 3 149 4
0 4 185 1
0 5 177 1
0 6 1 22
0 8 126 1
0 10 57 1
0 13 1 26
0 14 61 6
0 16 70 6
0 17 216 1
0 19 1 17
0 20 61 2
0 24 136 1
1 0 94 1
1 2 176 1
1 3 152 11
1 4 17 11
1 5 89 1
1 6 65 1
1 7 94 1
1 8 238 1
1 9 17 3
1 10 1 16
1 11 4 2
1 13 16 7
1 16 237 1
1 17 4 6
1 18 48 1
1 19 1 15
1 20 146 14
1 24 103 1
2 1 2 13
2 3 3 28
2 4 186 1
2 5 18 4
2 6 158 1
2 7 4 13
2 8 85 1
2 9 1 18
2 10 1 13
2 11 1 26
2 12 30 2
2 13 3 3
2 15 1 16
2 16 1 15
2 19 3 8
2 20 1 5
3 0 34 12
3 1 258 1
3 2 47 1
3 4 58 2
3 5 87 6
3 7 184 1
3 8 25 1
3 10 1 20
3 11 241 3
3 12 43 2
3 14 6 12
3 16 184 1
3 17 69 2
3 18 1 22
3 20 51 12
3 24 74 1
3 25 31 7
3 26 1 7
4 0 5 4
4 1 4 20
4 2 82 1
4 5 37 25
4 8 26 2
4 9 6 8
4 10 4 25
4 14 11 1
4 16 178 1
4 17 7 1
4 18 152 1
4 19 19 1
4 23 1 16
4 25 1 3
4 27 48 6
5 0 64 2
5 1 139 1
5 3 31 1
5 4 187 1
5 6 124 8
5 7 1 2
5 8 135 1
5 9 316 1
5 10 1 3
5 16 118 1
5 20 3 4
5 24 157 1
6 0 42 2
6 1 3 12
6 2 16 1
6 3 1 9
6 4 126 1
6 5 31 27
6 7 3 3
6 8 57 13
6 9 404 9
6 10 2 29
6 12 34 1
6 14 143 2
6 15 47 1
6 17 1 21
6 18 1 9
6 21 9 18
6 25 1 22
7 0 108 1
7 1 11 15
7 2 281 1
7 3 358 1
7 4 6 26
7 5 32 1
7 6 321 1
7 8 10 5
7 9 172 19
7 10 1 18
7 11 12 9
7 13 27 1
7 14 200 1
7 15 328 1
7 16 1 8
7 18 81 1
7 19 53 1
7 21 1 26
7 25 23 11
8 0 215 1
8 1 87 6
8 2 83 1
8 3 247 1
8 4 109 11
8 5 276 4
8 6 34 3
8 7 6 1
8 9 81 1
8 10 80 1
8 11 204 1
8 12 274 2
8 14 184 18
8 16 161 1
8 17 18 1
8 19 13 1
8 20 111 1
8 24 165 1
8 25 1 8
9 1 2 29
9 2 1 27
9 5 7 11
9 6 12 16
9 8 2 5
9 10 26 22
9 11 32 1
9 14 5 1
9 18 6 1
9 20 117 2
9 22 1 9
9 25 34 3
10 0 184 2
10 2 31 1
10 3 12 19
10 5 189 1
10 6 1 19
10 7 4 5
10 8 135 1
10 9 4 5
10 11 80 1
10 13 1 1
10 14 73 19
10 15 5 2
10 18 3 26
10 19 5 26
10 20 7 12
10 24 107 1
11 3 2 16
11 4 12 3
11 5 15 1
11 6 115 1
11 7 105 29
11 8 97 1
11 9 5 26
11 12 3 26
11 14 2 25
11 15 28 1
11 20 154 3
11 22 71 24
11 23 12 1
11 24 2 27
11 25 342 1
11 26 99 1
12 0 134 2
12 1 9 18
12 2 18 12
12 3 19 6
12 7 2 16
12 8 2 14
12 9 67 1
12 10 1 14
12 11 1 13
12 13 195 2
12 14 2 26
12 15 1 6
12 17 8 12
12 22 104 1
12 25 5 9
13 5 7 19
13 7 1 7
13 8 1 14
13 10 1 27
13 11 210 1
13 12 37 2
13 14 3 14
13 16 1 11
13 25 2 10
13 26 2 19
14 0 1 4
14 2 35 1
14 6 22 3
14 8 2 14
14 10 3 4
14 11 1 20
14 13 1 1
14 15 3 1
14 21 24 25
14 22 17 3
14 24 2 23
15 5 10 12
15 8 26 1
15 9 1 17
15 10 4 8
15 11 36 28
15 14 1 15
15 23 3 15
16 0 165 1
16 1 28 1
16 3 67 1
16 4 12 15
16 5 127 1
16 6 13 26
16 8 58 1
16 9 39 1
16 11 1 15
16 15 19 28
16 18 14 1
16 20 5 1
16 24 80 7
16 25 1 8
16 27 8 5
17 1 3 17
17 2 1 17
17 3 1 24
17 4 259 1
17 6 47 26
17 8 1 20
17 13 4 8
17 16 5 23
17 18 2 23
17 22 1 16
18 1 3 23
18 4 244 1
18 5 7 2
18 6 59 1
18 9 3 1
18 14 47 3
18 16 1 14
18 17 2 19
18 19 39 1
18 23 1 24
18 25 21 18
19 1 12 1
19 7 1 9
19 8 1 27
19 10 1 17
19 14 1 1
19 20 74 1
20 0 3 8
20 1 61 3
20 4 184 2
20 8 126 2
20 10 35 3
20 13 2 4
20 19 63 1
21 1 3 19
21 8 1 3
21 11 59 2
21 12 2 4
21 17 10 3
21 18 33 29
21 22 8 1
22 7 5 9
22 9 2 15
22 23 14 7
23 0 3 22
23 7 1 11
23 10 101 24
23 17 11 1
23 18 2 17
23 24 3 14
24 0 95 1
24 1 78 1
24 3 67 1
24 5 16 25
24 7 1 2
24 8 241 1
24 9 1 4
24 16 83 1
24 22 1 23
24 25 1 9
25 2 1 26
25 3 5 7
25 4 1 13
25 6 1 21
25 7 1 5
25 8 51 1
25 11 3 12
25 20 1 23
25 26 1 28
25 27 1 25
26 11 20 2
26 13 2 8
26 15 1 8
26 19 10 20
26 25 1 4
26 27 1 18
27 1 59 1
27 4 1 27
27 7 53 2
27 11 27 9
27 20 1 20
27 24 29 1
27 25 61 1
27 26 2 4
