0 1 387 1
0 2 5 1
0 3 305 1
0 4 184 1
0 5 159 1
0 7 308 1
0 8 107 2
0 10 57 1
0 11 46 1
0 16 159 1
0 17 215 2
0 19 1 17
0 22 41 16
0 24 118 1
0 25 4 26
0 26 62 16
1 0 81 1
1 2 171 1
1 3 213 1
1 4 16 23
1 5 69 1
1 6 62 1
1 7 93 1
1 8 222 1
1 10 126 8
1 11 1 28
1 15 21 1
1 16 218 1
1 17 204 28
1 18 47 12
1 19 13 23
1 23 12 13
1 24 84 1
2 0 19 1
2 1 2 13
2 3 45 20
2 4 186 1
2 6 157 1
2 7 1 22
2 8 82 1
2 9 14 2
2 11 8 6
2 17 1 28
2 19 1 16
2 20 1 26
3 0 139 1
3 1 240 1
3 2 44 1
3 5 171 1
3 7 181 1
3 8 6 5
3 10 1 28
3 16 165 1
3 18 1 27
3 20 12 8
3 24 56 1
4 0 2 4
4 1 3 3
4 2 81 1
4 5 3 25
4 7 4 15
4 8 5 19
4 9 2 12
4 10 26 16
4 12 1 26
4 13 30 12
4 14 11 1
4 16 178 1
4 17 7 1
4 18 151 1
4 19 18 6
4 23 7 29
4 25 1 22
4 27 4 10
5 0 35 3
5 1 121 1
5 3 13 1
5 4 186 1
5 6 13 3
5 7 1 3
5 8 117 5
5 9 320 1
5 10 28 10
5 11 25 18
5 12 1 28
5 14 3 4
5 15 14 1
5 16 100 1
5 18 4 24
5 24 139 1
5 26 8 24
6 1 3 6
6 2 21 24
6 4 124 1
6 5 16 9
6 8 38 12
6 9 20 2
6 10 37 17
6 11 1 11
6 12 34 3
6 13 46 1
6 15 47 3
6 16 2 17
6 20 7 22
6 22 1 16
6 23 100 22
6 25 17 22
7 0 107 1
7 1 1 20
7 2 279 1
7 3 354 1
7 5 31 2
7 6 319 1
7 8 5 1
7 9 25 12
7 10 27 1
7 11 44 6
7 13 26 1
7 14 199 1
7 15 327 1
7 17 1 11
7 18 81 1
7 19 53 2
7 23 2 20
7 25 1 22
8 0 219 1
8 1 63 1
8 2 79 1
8 3 228 1
8 4 2 5
8 5 59 1
8 6 37 1
8 7 5 1
8 9 80 1
8 10 72 1
8 11 203 1
8 14 13 6
8 15 187 11
8 16 142 1
8 17 18 1
8 18 198 1
8 19 12 2
8 20 110 2
8 21 86 3
8 23 2 13
8 24 166 1
9 4 1 19
9 5 12 16
9 6 8 20
9 8 2 16
9 10 5 28
9 11 31 2
9 12 1 17
9 13 112 18
9 14 4 4
9 16 1 26
9 18 7 16
9 21 64 1
9 26 35 6
9 27 6 4
10 2 30 1
10 3 3 17
10 4 321 2
10 5 187 1
10 6 5 8
10 7 1 4
10 8 130 1
10 9 7 21
10 11 78 1
10 12 43 2
10 14 10 13
10 18 1 18
10 20 5 20
10 22 166 1
10 23 4 1
10 24 106 1
10 25 220 1
10 26 1 19
10 27 76 1
11 2 43 2
11 3 23 25
11 5 14 14
11 6 115 1
11 7 61 1
11 8 96 1
11 9 3 4
11 14 18 25
11 15 26 1
11 16 97 9
11 19 4 23
11 22 3 15
11 23 11 4
11 24 49 14
11 25 339 1
11 26 98 1
11 27 1 15
12 5 13 2
12 6 35 9
12 7 3 3
12 8 42 4
12 9 66 1
12 10 3 22
12 20 106 16
12 21 1 11
12 22 103 2
12 26 5 12
13 6 69 1
13 7 3 20
13 8 1 18
13 9 105 1
13 11 209 2
13 14 1 6
13 15 1 6
13 16 1 2
13 22 3 19
13 24 1 3
14 0 11 24
14 2 35 1
14 3 3 4
14 9 12 12
14 10 64 27
14 11 2 20
14 13 2 13
14 15 2 1
14 25 3 18
15 1 57 5
15 4 23 11
15 6 1 26
15 7 7 1
15 8 26 1
15 10 2 12
15 11 5 14
15 12 4 27
15 13 11 1
15 14 3 12
15 22 1 21
16 0 147 1
16 1 9 15
16 2 1 19
16 3 48 1
16 4 5 8
16 5 109 1
16 8 40 1
16 9 39 1
16 11 38 18
16 18 13 1
16 20 4 22
16 24 120 1
17 0 15 1
17 1 351 4
17 3 3 4
17 4 258 1
17 5 2 23
17 6 1 5
17 7 1 18
17 8 3 8
17 9 93 3
17 10 194 1
17 11 1 29
17 16 5 6
17 18 38 15
17 22 1 7
18 0 1 11
18 2 11 15
18 4 242 1
18 6 59 1
18 9 3 4
18 10 111 2
18 11 8 17
18 16 4 16
18 17 1 17
18 19 39 11
18 23 4 25
18 25 7 23
19 1 12 1
19 6 1 4
19 8 101 23
19 10 2 27
19 14 1 28
19 20 72 1
19 26 1 10
20 0 1 11
20 2 1 29
20 3 126 1
20 6 97 23
20 7 15 29
20 18 2 11
20 19 60 1
20 21 3 26
21 0 12 2
21 6 28 5
21 10 38 3
21 12 1 2
21 15 1 19
21 22 8 10
21 23 2 23
21 25 10 28
21 26 14 10
22 1 3 24
22 3 1 18
22 9 2 17
22 11 1 8
22 14 1 1
22 16 3 22
23 10 1 25
23 17 10 18
23 24 52 17
24 0 76 1
24 1 60 1
24 3 49 1
24 5 113 1
24 8 223 1
24 9 9 19
24 10 136 1
24 11 44 10
24 16 81 1
24 20 32 1
24 22 1 5
24 25 18 11
25 1 29 5
25 5 26 4
25 6 2 4
25 7 30 20
25 8 51 1
25 11 4 11
25 14 33 1
25 15 1 4
25 18 22 1
25 19 1 22
26 4 18 11
26 5 5 1
26 11 1 10
26 16 12 2
26 20 6 1
26 24 2 16
27 1 58 8
27 6 3 15
27 10 71 1
27 12 4 13
27 23 6 6
27 24 29 1
27 25 60 2
