0 1 303 1
0 2 106 1
0 3 266 4
0 4 181 1
0 5 123 7
0 6 1 17
0 7 306 1
0 8 89 2
0 9 190 3
0 11 45 2
0 16 13 16
0 17 214 1
0 18 19 5
0 19 2 16
0 20 59 1
0 24 82 1
0 27 1 8
1 0 64 1
1 2 161 1
1 3 173 1
1 4 2 1
1 5 31 1
1 6 55 20
1 7 91 1
1 8 215 1
1 9 16 1
1 10 1 15
1 11 98 19
1 12 7 8
1 14 80 5
1 15 21 3
1 16 130 14
1 17 2 4
1 18 140 2
1 19 5 4
1 24 67 9
1 26 1 20
2 0 18 1
2 1 3 28
2 3 13 2
2 4 184 1
2 6 155 1
2 7 5 16
2 8 76 1
2 9 31 29
2 10 1 28
2 11 6 27
2 12 30 1
2 13 3 8
2 15 1 19
2 20 1 20
2 24 7 3
3 0 108 4
3 1 205 1
3 2 38 1
3 4 57 1
3 5 135 1
3 6 2 4
3 7 174 1
3 8 260 1
3 9 1 27
3 10 1 22
3 11 240 1
3 12 43 1
3 16 129 1
3 17 68 2
3 18 2 28
3 20 1 22
3 24 20 9
4 0 11 14
4 1 3 14
4 2 80 1
4 3 183 1
4 5 3 27
4 7 115 26
4 8 3 6
4 9 9 7
4 16 177 2
4 17 5 1
4 18 149 1
4 23 1 7
4 25 2 22
5 0 32 3
5 1 88 1
5 3 8 2
5 4 213 1
5 6 43 13
5 8 225 1
5 9 307 1
5 10 3 21
5 11 6 11
5 16 64 1
5 17 1 5
5 20 1 24
5 22 8 1
5 23 2 2
5 24 103 1
5 25 2 7
5 27 5 4
6 0 40 2
6 1 9 1
6 2 2 27
6 4 120 1
6 5 17 16
6 7 2 2
6 8 40 4
6 9 18 1
6 10 6 8
6 16 1 1
6 17 99 7
6 18 2 21
6 20 1 3
6 21 1 17
6 24 1 20
7 0 105 1
7 1 114 18
7 2 276 1
7 3 347 1
7 4 8 14
7 5 30 2
7 6 10 26
7 8 124 5
7 9 1 15
7 10 2 10
7 11 12 23
7 14 198 1
7 15 325 1
7 17 53 14
7 19 52 3
7 21 1 17
7 22 10 1
7 23 2 29
7 25 3 9
7 26 7 1
8 0 204 1
8 1 28 15
8 2 71 1
8 3 189 1
8 4 1 22
8 5 15 8
8 6 26 1
8 7 4 1
8 9 392 1
8 10 55 1
8 11 199 1
8 12 273 4
8 16 123 1
8 19 12 1
8 20 109 1
8 23 19 23
8 24 131 1
8 26 1 18
9 1 5 1
9 2 1 15
9 4 3 4
9 5 6 9
9 6 5 8
9 7 1 8
9 8 14 29
9 10 8 23
9 11 30 1
9 12 1 27
9 15 1 13
9 18 1 3
9 21 63 6
9 23 67 10
9 25 34 2
9 27 3 9
10 3 1 2
10 4 320 1
10 5 184 1
10 6 3 11
10 8 120 1
10 9 4 27
10 11 74 1
10 12 42 1
10 14 1 27
10 15 5 1
10 18 8 17
10 20 1 14
10 24 105 2
11 1 1 4
11 2 42 1
11 3 2 13
11 4 12 1
11 6 113 1
11 7 100 12
11 8 92 1
11 10 44 26
11 12 1 6
11 14 2 22
11 15 22 1
11 19 34 14
11 20 153 1
11 21 7 11
11 22 1 21
11 24 2 9
11 25 334 1
11 26 98 1
12 2 83 22
12 4 90 23
12 5 13 1
12 6 4 21
12 8 1 10
12 9 63 27
12 10 18 21
12 11 1 10
12 16 1 8
12 17 65 15
12 18 19 1
12 22 103 2
13 7 27 20
13 8 1 3
13 9 104 3
13 11 208 1
13 12 35 2
13 14 5 6
13 15 14 9
13 16 15 11
13 26 1 3
13 27 16 23
14 0 3 15
14 2 34 1
14 4 1 3
14 5 2 19
14 6 21 2
14 9 22 21
14 10 6 27
14 11 166 12
14 12 26 2
14 13 3 24
14 17 1 24
14 22 16 3
14 24 21 20
14 25 1 29
15 3 5 27
15 4 1 7
15 6 2 19
15 8 25 1
15 9 1 21
15 10 1 2
15 11 43 26
15 13 11 16
15 14 3 7
15 23 7 13
15 24 15 1
15 25 14 2
15 26 3 1
16 0 151 1
16 1 12 1
16 2 54 17
16 3 54 1
16 4 22 29
16 5 73 1
16 8 12 5
16 10 1 1
16 11 1 5
16 13 2 18
16 15 2 10
16 18 12 1
16 23 1 1
16 24 84 1
17 1 2 22
17 2 9 14
17 3 1 28
17 4 257 2
17 7 1 17
17 8 61 20
17 16 112 17
17 18 1 23
17 20 28 21
17 24 25 1
17 25 21 10
18 2 5 3
18 3 18 2
18 4 5 21
18 5 5 10
18 8 1 29
18 10 111 1
18 11 1 2
18 12 3 7
18 14 47 16
18 17 4 20
19 4 1 1
19 8 3 16
19 11 89 1
19 12 1 12
19 18 33 15
19 20 66 5
19 24 10 1
20 0 1 26
20 1 60 2
20 3 124 2
20 7 1 20
20 8 125 1
20 9 72 1
20 10 34 2
20 12 2 2
20 17 2 9
20 19 23 27
20 21 1 15
21 0 12 17
21 6 2 18
21 8 1 15
21 11 58 5
21 12 1 17
21 16 2 18
21 17 10 14
21 19 2 21
21 24 2 2
22 0 52 8
22 9 9 13
22 10 1 12
22 11 16 6
22 23 4 1
23 1 58 10
23 8 85 6
23 10 2 2
23 11 2 25
23 13 1 6
23 16 22 1
23 21 5 26
23 22 8 15
24 0 41 1
24 1 24 1
24 2 24 16
24 3 13 4
24 5 77 1
24 8 187 1
24 11 28 17
24 12 72 5
24 14 13 1
24 15 19 1
24 16 56 1
24 18 36 20
24 25 1 1
24 26 19 1
24 27 15 8
25 0 83 1
25 2 2 22
25 4 1 18
25 7 12 14
25 10 1 21
25 11 3 1
25 17 29 1
25 18 4 15
25 27 1 21
26 0 1 25
26 1 75 20
26 5 5 2
26 6 38 3
26 10 38 7
26 16 12 7
26 27 1 9
27 12 9 8
27 14 1 18
27 18 8 5
27 20 49 2
27 25 60 1
27 26 1 28
