0 1 14 4
0 2 20 11
0 3 447 5
0 4 313 1
0 5 36 2
0 6 271 1
0 8 19 17
0 11 298 1
0 12 1 8
0 14 2 1
0 15 84 1
0 16 18 1
0 17 2 24
0 18 28 1
0 19 1 11
0 20 6 2
0 22 1 19
0 23 1 21
0 24 25 2
1 0 445 5
1 2 9 13
1 3 17 29
1 4 301 1
1 5 36 4
1 6 202 1
1 7 112 1
1 8 17 10
1 9 1 22
1 10 3 2
1 12 191 2
1 14 1 24
1 16 18 4
1 17 334 1
1 19 155 1
1 20 176 1
1 21 5 14
1 24 18 15
2 0 2 11
2 1 50 11
2 3 102 1
2 4 3 21
2 5 68 1
2 6 4 14
2 7 2 14
2 8 22 1
2 10 1 21
2 11 28 2
2 12 86 5
2 16 1 13
2 18 3 5
2 23 5 17
3 0 17 19
3 1 45 27
3 5 47 29
3 7 2 6
3 8 17 1
3 11 1 16
3 14 35 6
3 15 5 25
3 16 24 14
3 17 1 5
3 20 10 10
3 24 36 24
4 1 1 5
4 2 1 11
4 6 32 8
4 8 69 1
4 9 32 17
4 10 216 1
4 14 5 24
4 15 2 28
4 16 1 4
4 17 9 16
4 18 132 1
4 19 5 20
4 22 1 19
4 25 73 9
4 26 1 1
5 0 18 27
5 1 16 23
5 2 12 1
5 3 57 28
5 4 139 1
5 6 38 1
5 7 1 29
5 8 21 21
5 9 4 26
5 10 358 2
5 12 1 15
5 16 41 4
5 17 23 2
5 20 56 2
5 22 1 5
5 24 18 15
6 0 1 9
6 1 13 20
6 3 63 1
6 4 3 12
6 5 312 1
6 7 33 1
6 8 16 1
6 9 1 7
6 10 240 1
6 11 130 1
6 12 232 1
6 13 12 1
6 14 1 5
6 17 161 2
6 19 40 1
6 23 1 16
6 25 1 8
7 1 18 14
7 2 15 22
7 3 301 11
7 5 1 18
7 6 2 17
7 8 135 1
7 9 215 1
7 11 121 1
7 12 89 1
7 14 242 1
7 15 1 26
7 20 15 24
7 22 2 5
7 24 6 13
7 25 289 1
7 26 9 5
8 0 44 25
8 1 292 26
8 2 84 1
8 3 38 11
8 5 22 18
8 6 131 1
8 7 391 4
8 9 214 1
8 10 72 27
8 11 13 25
8 14 3 6
8 15 198 1
8 16 33 5
8 17 2 7
8 18 175 3
8 20 253 1
8 22 96 23
8 24 79 29
8 25 140 2
8 26 1 6
9 0 5 2
9 2 44 13
9 5 7 1
9 6 408 1
9 7 2 2
9 8 1 10
9 10 148 1
9 11 3 11
9 12 256 1
9 15 1 14
9 18 79 2
9 19 30 3
9 20 2 13
9 25 1 3
10 0 1 5
10 1 167 1
10 2 2 9
10 3 265 24
10 4 2 18
10 6 124 1
10 7 9 9
10 8 101 3
10 9 13 9
10 11 190 1
10 12 2 19
10 13 18 1
10 14 18 11
10 15 2 22
10 16 38 8
10 19 30 1
10 20 148 1
10 22 3 29
10 23 6 5
10 24 20 1
10 25 1 23
10 27 2 14
11 0 7 2
11 2 1 6
11 3 1 5
11 7 48 26
11 8 4 5
11 9 120 8
11 10 2 9
11 12 1 22
11 14 345 1
11 15 4 17
11 17 115 1
11 19 3 28
11 24 335 1
11 25 224 1
11 27 235 4
12 0 50 3
12 5 188 2
12 6 2 11
12 10 1 27
12 14 2 29
12 17 91 2
12 18 1 20
12 23 4 6
13 2 1 18
13 6 1 11
13 7 47 3
13 10 100 1
13 11 65 2
13 12 4 25
13 17 2 8
14 0 2 15
14 7 1 4
14 8 198 1
14 9 1 20
14 10 124 1
14 11 17 14
14 12 152 2
14 15 42 1
14 16 3 26
14 18 35 17
14 23 13 1
14 26 24 2
15 1 110 2
15 6 104 2
15 7 322 1
15 8 6 24
15 9 3 14
15 10 269 1
15 11 14 1
15 12 2 8
15 14 77 1
15 20 46 1
15 22 1 17
15 24 38 3
16 0 39 6
16 1 29 4
16 2 1 1
16 3 44 20
16 5 18 12
16 6 121 6
16 8 19 4
16 10 79 1
16 13 1 15
16 17 2 12
16 18 17 15
16 22 9 13
16 23 18 8
16 24 30 23
17 0 156 1
17 1 3 22
17 2 2 24
17 4 148 1
17 6 280 1
17 7 14 4
17 8 1 26
17 11 2 7
17 12 3 26
17 14 61 12
17 16 21 1
17 22 6 9
17 25 1 11
17 27 4 23
18 0 1 6
18 4 1 23
18 6 2 21
18 9 3 3
18 12 4 17
18 16 2 28
18 17 135 1
18 19 1 13
19 1 45 1
19 7 1 9
19 10 115 23
19 12 7 5
19 18 1 15
19 20 3 3
20 0 196 1
20 1 4 4
20 2 58 2
20 3 8 4
20 4 1 26
20 8 1 3
20 10 163 4
20 13 2 28
20 19 40 19
21 10 1 10
21 11 3 2
21 23 19 7
22 2 1 19
22 3 27 20
22 7 48 1
22 8 7 23
22 9 1 29
22 10 132 2
22 16 20 2
22 17 23 3
22 23 1 14
23 1 1 1
23 9 45 19
23 10 1 20
23 12 1 29
23 14 1 10
23 15 19 4
23 19 1 6
23 20 1 8
23 24 1 1
24 0 17 1
24 1 18 26
24 2 28 14
24 3 18 19
24 5 18 28
24 7 109 25
24 8 19 13
24 10 1 11
24 11 2 12
24 13 1 13
24 15 37 8
24 16 20 24
24 27 1 15
25 3 38 29
25 6 121 2
25 7 79 1
25 8 3 7
25 11 107 1
25 12 54 4
25 14 12 2
25 26 4 11
26 2 16 17
26 6 1 14
26 7 1 23
26 8 1 26
26 11 161 5
26 17 1 1
26 22 1 1
26 23 25 2
27 1 1 24
27 3 3 16
27 9 1 11
27 10 1 11
27 11 1 25
27 20 34 4
