0 1 12 10
0 2 2 23
0 3 112 7
0 4 303 1
0 5 47 17
0 6 260 1
0 8 389 10
0 9 2 22
0 11 294 1
0 12 1 25
0 15 82 4
0 16 57 17
0 17 16 1
0 19 1 1
0 20 3 6
0 22 1 27
0 24 33 2
0 27 4 10
1 0 113 28
1 3 181 24
1 4 393 1
1 5 47 21
1 6 282 1
1 7 101 1
1 8 51 11
1 14 14 21
1 16 30 2
1 17 306 20
1 18 34 2
1 19 150 1
1 20 171 1
1 22 7 4
1 23 8 6
1 24 34 17
1 27 1 11
2 0 1 1
2 3 56 1
2 4 1 8
2 5 64 2
2 6 1 29
2 7 1 14
2 8 7 1
2 10 1 15
2 11 23 2
2 17 16 1
2 18 3 11
2 20 147 6
2 21 1 11
2 22 16 6
2 23 1 8
2 24 36 8
3 0 26 23
3 1 16 11
3 2 2 16
3 4 3 11
3 5 42 5
3 6 28 29
3 7 18 27
3 8 96 7
3 11 323 9
3 14 34 4
3 15 1 14
3 16 54 13
3 18 1 27
3 19 2 15
3 20 10 5
3 21 4 2
3 22 1 26
3 23 1 2
3 24 16 14
3 25 19 1
3 26 13 3
4 0 8 23
4 1 24 16
4 2 4 15
4 3 201 4
4 6 20 1
4 7 3 15
4 8 55 1
4 9 51 10
4 10 206 1
4 12 1 1
4 13 11 2
4 15 2 13
4 17 1 17
4 18 114 1
4 19 2 6
4 20 1 9
4 23 4 23
4 24 2 3
4 27 1 25
5 0 72 14
5 1 53 8
5 3 47 29
5 4 106 1
5 6 36 1
5 7 1 6
5 8 95 12
5 9 29 10
5 10 349 1
5 14 48 5
5 16 15 4
5 17 21 1
5 18 35 1
5 20 9 5
5 22 1 2
5 24 63 29
5 25 3 9
6 1 18 11
6 2 25 1
6 3 54 1
6 4 136 18
6 5 132 1
6 7 22 1
6 8 19 16
6 9 2 13
6 10 248 1
6 11 119 1
6 12 224 1
6 13 10 4
6 14 1 17
6 15 129 2
6 17 152 1
6 21 1 25
6 25 1 9
6 26 1 11
7 0 4 4
7 1 2 25
7 2 1 18
7 3 296 1
7 4 33 1
7 5 273 1
7 6 2 20
7 8 88 1
7 10 317 1
7 11 20 1
7 14 238 1
7 19 151 5
7 25 280 1
7 27 50 4
8 0 110 16
8 1 18 6
8 2 32 1
8 3 32 2
8 5 63 3
8 6 13 5
8 7 3 17
8 9 242 1
8 10 7 18
8 11 24 16
8 12 1 3
8 14 1 29
8 15 194 3
8 16 66 15
8 17 33 10
8 18 172 1
8 19 111 1
8 20 251 1
8 24 16 16
8 25 135 1
8 26 1 25
9 0 1 28
9 1 6 19
9 2 1 13
9 3 56 4
9 4 1 11
9 5 51 1
9 6 177 1
9 10 20 6
9 11 1 22
9 12 244 1
9 13 94 1
9 14 1 1
9 16 5 20
9 17 14 5
9 18 75 1
10 0 1 1
10 1 157 1
10 2 2 4
10 6 91 1
10 7 3 29
10 8 3 3
10 9 5 1
10 11 159 1
10 12 1 29
10 13 13 2
10 14 4 8
10 15 1 20
10 20 145 2
10 25 1 24
10 27 1 9
11 1 1 3
11 2 1 25
11 3 4 8
11 4 5 2
11 7 12 17
11 8 1 28
11 9 3 18
11 10 26 5
11 12 1 11
11 13 98 1
11 14 333 1
11 15 4 27
11 16 5 13
11 19 3 28
11 20 212 4
11 21 1 21
11 23 5 17
11 24 319 1
11 25 185 1
11 27 232 1
12 0 48 2
12 1 34 1
12 2 87 1
12 3 89 1
12 5 183 1
12 6 21 26
12 7 77 2
12 8 1 27
12 10 12 17
12 13 1 25
12 15 20 4
12 17 89 1
12 21 109 10
12 22 2 2
12 24 1 19
13 4 1 14
13 7 44 1
13 8 4 4
13 10 89 1
13 12 2 25
13 15 1 2
13 16 23 20
13 19 1 29
13 23 9 1
13 24 21 25
13 25 18 24
13 26 1 5
14 1 6 14
14 3 17 6
14 4 1 6
14 5 5 1
14 6 17 1
14 7 2 11
14 8 186 1
14 10 95 1
14 13 71 1
14 15 31 1
14 21 13 4
15 6 101 4
15 7 310 1
15 9 92 13
15 10 259 1
15 11 67 1
15 12 1 22
15 13 12 1
15 14 64 1
15 19 1 8
15 24 37 3
15 25 4 7
16 0 31 18
16 1 82 8
16 3 49 10
16 5 61 27
16 8 32 13
16 9 1 7
16 12 88 5
16 17 7 27
16 18 2 13
16 24 15 29
17 0 146 1
17 1 2 25
17 4 139 1
17 6 273 2
17 10 1 12
17 12 1 27
17 14 61 11
17 16 21 8
18 3 83 1
18 4 4 19
18 9 1 7
18 12 81 5
18 16 6 9
18 20 1 8
18 24 1 16
19 0 26 3
19 4 1 28
19 6 97 1
19 7 4 27
19 9 1 21
19 11 130 1
19 16 1 8
19 18 46 23
19 20 40 13
20 0 185 1
20 2 53 1
20 3 93 16
20 5 13 2
20 10 160 2
20 12 3 14
20 19 2 19
20 21 1 6
21 6 67 16
21 7 33 7
21 8 4 5
21 9 1 12
21 12 1 24
21 15 1 25
21 18 1 8
21 26 10 23
22 1 1 1
22 8 2 21
22 11 157 2
22 12 39 2
22 14 27 3
22 19 2 19
22 26 1 21
23 4 1 22
23 6 25 4
23 7 136 3
23 9 4 13
23 11 30 1
23 12 26 5
23 13 2 3
23 17 64 3
23 20 1 23
23 21 1 6
23 24 4 26
23 26 26 3
24 0 16 4
24 1 15 23
24 3 16 26
24 4 55 6
24 5 15 22
24 7 13 12
24 8 16 10
24 9 3 28
24 10 2 24
24 11 2 25
24 14 1 20
24 16 16 8
24 17 8 1
24 22 24 3
24 23 14 1
24 26 52 1
25 3 1 15
25 7 68 1
25 8 10 7
25 10 1 29
25 11 78 1
25 22 11 1
25 27 1 7
26 2 2 19
26 4 1 22
26 7 2 8
26 8 110 12
26 17 58 14
26 18 7 20
26 20 2 5
26 25 1 13
27 3 1 26
27 7 1 26
27 10 2 13
27 13 1 7
27 20 33 4
27 24 9 9
27 26 4 1
