0 1 6 9
0 2 70 5
0 3 2 2
0 4 229 1
0 5 6 3
0 6 180 1
0 7 10 25
0 8 7 23
0 9 2 27
0 11 258 1
0 12 112 2
0 13 1 26
0 16 4 28
0 17 25 2
0 18 12 4
0 19 67 1
0 22 1 23
0 24 5 15
1 0 5 24
1 2 263 1
1 3 3 16
1 4 161 1
1 5 4 4
1 6 154 1
1 8 5 25
1 9 1 4
1 11 7 7
1 12 171 1
1 13 68 4
1 16 5 17
1 17 208 1
1 19 112 1
1 20 135 2
1 21 2 11
1 24 5 10
2 0 204 1
2 1 127 1
2 3 4 5
2 4 18 27
2 5 41 1
2 6 6 9
2 7 1 3
2 8 3 10
2 10 197 5
2 14 25 2
2 19 22 21
2 20 13 29
2 23 1 27
3 0 2 10
3 1 4 8
3 2 48 18
3 4 1 8
3 5 5 19
3 6 2 26
3 7 413 17
3 8 6 15
3 10 4 23
3 16 5 19
3 20 1 17
3 24 5 24
4 0 352 1
4 1 358 1
4 2 112 15
4 5 3 19
4 6 259 1
4 7 7 26
4 8 317 1
4 9 1 24
4 10 141 1
4 11 103 1
4 12 1 17
4 15 3 27
4 17 9 9
4 18 24 1
4 20 2 13
4 23 3 11
4 26 1 14
4 27 1 24
5 0 5 28
5 1 5 12
5 3 7 7
5 6 17 23
5 7 25 6
5 8 9 7
5 9 5 20
5 10 264 1
5 11 1 9
5 12 12 5
5 16 8 1
5 17 6 3
5 18 16 3
5 20 1 24
5 22 2 22
5 23 17 16
5 24 13 5
5 25 1 19
6 0 1 19
6 1 36 29
6 2 1 3
6 3 12 3
6 4 2 28
6 5 16 5
6 7 1 26
6 8 251 25
6 8 415 3
6 9 8 8
6 10 254 1
6 11 55 2
6 14 2 26
6 15 113 2
6 16 3 6
6 17 95 1
6 20 36 2
6 21 1 9
6 23 1 7
7 0 54 2
7 1 3 9
7 2 47 10
7 3 113 1
7 5 224 2
7 6 6 21
7 9 153 2
7 10 55 1
7 11 19 18
7 12 62 1
7 13 1 9
7 14 200 1
7 20 1 10
7 23 1 17
7 25 205 1
8 0 4 25
8 1 8 11
8 2 25 1
8 3 3 27
8 4 2 25
8 5 9 28
8 6 109 12
8 7 434 1
8 9 295 1
8 10 257 6
8 11 83 14
8 12 1 24
8 13 1 21
8 14 4 24
8 15 168 1
8 16 5 24
8 17 16 11
8 18 146 1
8 19 94 4
8 22 11 19
8 23 60 5
8 24 5 18
8 25 104 1
8 26 1 13
9 0 8 10
9 1 1 26
9 2 1 8
9 4 4 4
9 5 160 1
9 6 25 1
9 7 13 17
9 8 1 2
9 10 332 1
9 11 1 29
9 12 102 1
9 13 77 1
9 15 121 1
9 17 4 2
9 25 1 12
10 1 92 2
10 2 14 14
10 4 1 24
10 5 4 8
10 6 241 1
10 7 2 7
10 8 248 1
10 9 9 9
10 11 20 1
10 12 1 1
10 14 3 27
10 15 41 9
10 19 19 4
10 20 123 3
10 22 1 20
10 23 4 21
10 25 2 19
11 1 4 23
11 2 3 20
11 3 1 27
11 5 1 2
11 7 5 15
11 8 12 26
11 10 3 1
11 12 1 10
11 14 233 1
11 15 189 1
11 16 2 19
11 18 1 28
11 20 192 4
11 21 1 19
11 22 1 27
11 23 3 24
11 24 200 1
11 25 20 1
12 4 1 1
12 5 145 1
12 6 23 1
12 7 55 2
12 8 7 29
12 9 8 8
12 10 2 12
12 11 1 28
12 13 2 14
12 14 2 24
12 15 8 5
12 17 75 2
12 22 1 11
12 23 9 9
13 2 1 18
13 3 1 22
13 6 3 20
13 7 22 2
13 9 3 8
13 10 29 1
13 11 23 2
13 12 1 13
13 15 5 27
13 16 1 29
13 17 1 14
13 18 1 19
14 0 1 29
14 3 10 9
14 6 2 1
14 7 1 27
14 8 112 1
14 9 3 16
14 10 109 1
14 11 31 1
14 13 22 1
14 16 2 9
15 7 213 1
15 10 181 1
15 11 308 1
15 12 4 22
15 18 1 26
15 20 35 1
15 26 26 15
15 27 5 27
16 0 5 16
16 1 4 4
16 3 5 16
16 5 5 1
16 8 5 28
16 9 7 27
16 17 21 13
16 18 1 7
16 24 5 12
16 25 1 9
17 0 85 2
17 1 121 1
17 3 127 1
17 4 83 1
17 5 110 1
17 6 223 1
17 8 2 20
17 10 4 23
17 12 1 23
17 16 19 1
17 19 49 2
17 21 54 21
18 0 147 27
18 1 2 14
18 5 1 4
18 8 3 23
18 10 1 19
18 12 1 4
18 14 7 10
18 16 1 15
18 24 1 7
19 0 246 1
19 4 19 11
19 20 20 7
20 0 114 1
20 2 26 4
20 3 21 17
20 7 275 1
20 9 2 20
20 16 1 5
20 19 134 1
20 21 1 26
20 27 61 18
21 4 22 28
21 5 1 18
21 8 30 19
21 10 2 19
22 8 1 17
22 9 1 9
22 10 98 2
22 12 20 1
23 1 1 27
23 6 17 1
23 7 105 1
23 10 1 27
23 12 1 27
23 14 2 26
23 22 21 1
23 24 16 28
24 0 5 28
24 1 5 13
24 3 5 5
24 5 7 16
24 7 4 13
24 8 7 26
24 11 353 1
24 14 2 26
24 16 10 26
24 18 42 23
25 0 91 3
25 6 104 1
25 7 14 1
25 8 1 12
25 10 31 3
25 11 1 25
25 12 1 11
25 19 1 15
25 27 1 8
26 2 1 20
26 4 1 26
26 20 1 25
26 25 2 15
26 27 2 21
27 3 11 14
27 6 2 17
27 8 92 5
27 9 69 11
27 11 41 13
27 25 1 4
27 26 94 1
