0 1 10 18
0 2 2 14
0 3 21 1
0 4 162 1
0 5 47 8
0 6 115 1
0 7 14 7
0 8 426 1
0 10 239 3
0 11 220 2
0 16 88 1
0 17 1 29
0 18 5 1
0 19 35 2
0 20 4 16
0 23 13 28
0 24 8 21
0 25 3 15
1 0 156 1
1 2 16 1
1 3 243 1
1 4 16 1
1 5 37 1
1 6 126 1
1 8 15 22
1 9 10 6
1 11 49 1
1 14 28 20
1 15 99 3
1 16 220 2
1 17 77 1
1 19 79 2
1 20 105 1
1 24 30 21
1 27 1 5
2 0 132 1
2 1 101 1
2 3 74 6
2 4 3 18
2 6 2 1
2 7 242 19
2 8 5 14
2 14 2 21
3 0 232 1
3 1 395 1
3 2 125 3
3 4 2 29
3 5 82 28
3 7 321 6
3 8 143 2
3 10 7 18
3 11 332 1
3 12 86 6
3 15 1 4
3 16 22 23
3 17 1 14
3 18 6 13
3 19 16 16
3 23 2 11
3 24 254 1
3 25 4 10
4 0 307 2
4 1 128 1
4 2 43 7
4 5 6 21
4 6 109 1
4 8 218 1
4 9 1 5
4 12 1 1
4 17 4 8
4 19 13 22
4 20 132 29
4 27 2 3
5 0 263 1
5 1 221 1
5 3 119 1
5 4 9 13
5 6 148 1
5 7 1 17
5 8 421 18
5 9 39 1
5 10 176 1
5 12 32 4
5 16 67 1
5 20 1 15
5 24 99 10
6 0 4 2
6 1 270 17
6 2 1 12
6 4 1 8
6 5 434 16
6 7 7 16
6 8 128 1
6 9 12 11
6 10 95 1
6 11 19 2
6 14 4 13
6 16 3 5
6 19 13 2
6 21 7 29
6 22 1 27
6 23 7 9
6 27 93 1
7 0 35 1
7 1 1 4
7 2 349 1
7 3 53 1
7 4 1 1
7 5 172 1
7 6 32 20
7 8 3 22
7 9 110 1
7 10 346 1
7 11 12 17
7 12 45 4
7 13 1 9
7 14 160 1
7 15 256 1
7 18 19 2
7 19 122 1
7 20 13 1
7 22 139 9
7 23 3 5
7 24 240 1
7 25 135 1
7 27 1 2
8 0 127 1
8 1 29 7
8 2 2 27
8 3 42 12
8 3 438 1
8 4 10 4
8 5 238 18
8 6 5 27
8 7 208 1
8 9 166 1
8 10 234 1
8 11 6 24
8 13 1 15
8 14 8 6
8 16 49 1
8 17 1 11
8 18 122 1
8 19 79 4
8 24 208 1
8 27 117 14
9 1 2 11
9 2 110 23
9 4 29 16
9 5 1 16
9 6 58 1
9 7 7 25
9 8 2 20
9 10 185 1
9 12 132 1
9 13 61 2
9 14 136 2
9 15 114 4
9 16 103 22
9 27 5 17
10 0 239 29
10 2 4 15
10 3 259 1
10 4 1 5
10 5 4 5
10 6 87 1
10 7 11 4
10 8 131 1
10 9 1 1
10 11 1 5
10 12 9 25
10 13 2 14
10 14 5 25
10 20 105 2
10 25 1 10
11 1 1 6
11 2 1 29
11 3 7 16
11 6 366 1
11 7 105 1
11 8 1 4
11 9 41 5
11 10 201 1
11 12 3 25
11 14 139 1
11 15 153 1
11 16 2 10
11 17 71 1
11 19 2 5
11 21 1 23
11 22 1 15
11 23 35 17
11 24 101 1
11 25 1 7
11 26 4 21
11 27 168 1
12 0 24 3
12 3 73 1
12 5 107 1
12 9 12 12
12 10 1 6
12 11 8 24
12 13 10 13
12 17 64 4
12 18 1 1
12 21 3 1
12 22 50 6
13 0 1 16
13 1 13 8
13 3 2 14
13 4 1 1
13 6 16 5
13 8 184 1
13 11 5 2
13 12 1 6
13 14 5 1
13 21 13 9
13 23 3 2
14 1 1 4
14 7 3 20
14 8 57 1
14 9 1 9
14 10 3 1
14 11 2 1
14 12 96 1
14 15 1 13
14 19 10 24
14 21 2 27
14 26 20 3
15 0 2 27
15 3 26 5
15 6 63 2
15 7 124 1
15 10 112 1
15 11 44 1
15 14 1 27
15 19 8 25
15 20 29 1
15 24 21 2
16 0 1 24
16 1 314 5
16 3 106 9
16 5 37 1
16 6 91 1
16 8 205 1
16 9 1 14
16 11 33 2
16 12 81 13
16 17 2 27
16 18 12 20
16 24 48 15
16 25 16 10
17 0 44 2
17 1 7 13
17 2 23 9
17 3 98 1
17 4 45 1
17 6 175 2
17 8 2 20
17 11 2 3
17 12 1 29
17 13 1 20
17 16 285 1
17 19 37 3
17 24 78 6
17 25 24 18
17 26 1 23
17 27 2 11
18 1 1 16
18 4 54 1
18 5 1 29
18 6 15 26
18 8 5 21
18 9 25 4
18 10 1 24
18 16 1 28
18 17 72 2
19 0 164 1
19 1 1 7
19 2 1 20
19 4 3 23
19 17 1 21
19 18 3 9
19 20 263 19
19 26 10 12
20 0 63 1
20 2 10 4
20 3 5 11
20 6 129 2
20 8 3 11
20 10 122 4
20 11 188 3
20 14 72 5
20 15 15 3
20 19 79 1
20 21 6 17
20 25 15 3
21 1 1 16
21 7 21 1
21 8 31 10
21 9 84 3
21 11 1 19
21 12 21 21
21 14 15 22
21 22 1 26
22 1 2 29
22 7 18 5
22 8 82 19
22 10 73 1
22 11 116 2
22 12 8 4
22 14 11 6
23 0 41 5
23 8 1 2
23 9 1 28
23 10 1 24
24 0 19 16
24 1 118 1
24 2 4 29
24 3 66 11
24 5 32 1
24 7 28 21
24 8 27 10
24 11 300 1
24 13 16 12
24 16 62 1
24 17 2 2
24 20 1 17
24 21 1 6
24 25 26 1
24 26 28 1
25 0 82 1
25 3 51 1
25 4 2 21
25 5 1 28
25 6 89 1
25 8 1 28
25 11 3 14
25 12 9 2
25 19 1 12
25 21 2 15
25 24 40 1
25 27 7 21
26 2 19 23
26 6 1 15
26 7 1 16
26 12 2 1
26 23 1 24
26 24 27 1
26 25 4 25
26 27 1 22
27 8 80 3
27 11 223 11
27 26 54 1
