0 1 59 1
0 3 97 14
0 4 157 1
0 5 188 1
0 6 111 1
0 7 5 28
0 8 16 1
0 9 4 6
0 10 238 11
0 15 56 1
0 16 28 1
0 17 1 11
0 19 58 1
0 20 2 20
0 22 3 8
0 24 169 6
1 0 329 2
1 2 71 1
1 3 100 1
1 4 12 1
1 5 57 1
1 6 113 1
1 7 8 1
1 8 101 1
1 9 3 7
1 10 5 23
1 11 3 25
1 12 151 1
1 16 342 1
1 17 70 1
1 19 77 2
1 20 104 1
1 24 41 22
1 25 1 15
2 0 127 1
2 1 86 1
2 3 5 18
2 6 1 7
2 7 1 27
2 8 28 21
2 14 1 2
3 0 195 1
3 1 55 1
3 2 118 1
3 4 14 16
3 5 39 1
3 6 1 22
3 7 48 1
3 8 103 1
3 9 15 4
3 10 2 5
3 15 1 13
3 16 38 1
3 18 79 15
3 19 2 22
3 23 1 24
3 24 197 1
4 0 304 1
4 1 321 1
4 5 9 12
4 6 101 1
4 8 212 1
4 9 4 15
4 10 89 1
4 14 1 21
4 17 11 16
5 0 76 1
5 1 174 1
5 3 62 9
5 4 3 18
5 6 146 1
5 7 3 26
5 9 77 1
5 10 171 1
5 12 31 3
5 15 20 2
5 16 42 1
5 20 1 28
5 24 106 1
6 1 126 18
6 2 2 23
6 4 1 18
6 5 59 6
6 7 17 11
6 8 445 1
6 9 4 9
6 10 87 1
6 11 17 2
6 14 1 19
6 16 130 26
6 17 52 1
6 18 208 2
6 21 1 26
6 25 3 16
7 0 32 1
7 1 3 21
7 2 345 1
7 3 45 1
7 5 169 1
7 8 5 3
7 9 107 2
7 10 340 1
7 11 48 15
7 12 44 1
7 13 1 6
7 14 157 1
7 15 27 1
7 19 121 1
7 20 1 24
7 23 1 21
7 25 131 1
7 27 2 22
8 0 8 12
8 1 374 1
8 2 5 7
8 3 377 1
8 4 12 9
8 5 91 1
8 6 185 11
8 7 197 1
8 9 159 1
8 10 169 24
8 11 2 20
8 12 1 27
8 14 16 21
8 15 138 1
8 16 112 16
8 17 3 7
8 19 79 1
8 24 1 2
8 25 76 1
8 26 7 26
9 1 1 21
9 4 2 5
9 5 2 25
9 6 50 1
9 8 9 1
9 10 168 1
9 12 124 1
9 13 60 3
9 14 134 2
9 15 114 2
9 16 1 17
9 21 3 23
9 22 73 4
9 23 1 26
9 27 1 2
10 0 4 21
10 1 46 1
10 2 1 19
10 3 257 2
10 4 2 12
10 5 1 29
10 6 79 1
10 7 218 7
10 8 98 1
10 9 66 4
10 12 21 13
10 13 3 12
10 14 144 20
10 25 3 14
11 1 2 27
11 2 1 14
11 3 7 12
11 7 221 1
11 8 3 6
11 9 1 2
11 10 192 23
11 12 1 26
11 13 23 3
11 14 133 1
11 15 287 1
11 17 70 4
11 20 172 1
11 23 4 17
11 24 95 1
11 25 5 3
11 26 1 3
12 5 104 1
12 6 267 2
12 9 31 15
12 10 27 11
12 11 7 17
12 13 2 5
12 14 1 28
12 17 63 6
12 20 2 8
12 21 2 18
13 1 4 16
13 2 1 4
13 6 1 22
13 7 9 4
13 11 5 1
13 12 4 6
13 14 2 29
13 15 1 26
13 17 5 15
13 24 23 6
13 25 17 6
13 27 1 16
14 1 1 24
14 3 5 5
14 7 16 2
14 8 54 1
14 9 3 4
14 10 1 2
14 11 11 1
14 15 7 4
14 24 19 2
14 25 1 23
14 26 19 7
15 5 2 8
15 6 62 1
15 7 119 1
15 8 51 9
15 9 1 3
15 10 107 1
15 11 35 1
15 14 1 6
15 23 4 1
15 26 25 29
15 27 2 11
16 0 253 19
16 1 84 14
16 3 299 1
16 5 22 19
16 6 90 1
16 8 171 1
16 9 7 13
16 10 56 2
16 17 49 7
16 24 181 1
17 0 42 2
17 1 32 10
17 2 185 5
17 3 97 1
17 4 43 1
17 5 86 2
17 6 172 1
17 9 198 3
17 10 5 11
17 11 1 4
17 14 1 21
17 16 279 1
17 18 5 6
17 20 9 19
18 1 1 9
18 4 50 1
18 5 1 5
18 6 8 14
18 8 1 18
18 9 27 13
18 10 4 14
18 11 1 1
18 12 3 3
18 13 20 11
18 16 1 25
18 19 30 4
18 23 1 12
18 24 2 16
19 0 158 1
19 2 6 9
19 9 1 21
19 16 39 4
19 17 1 25
19 20 34 8
19 25 1 28
19 27 6 23
20 0 60 1
20 2 10 1
20 4 174 2
20 7 254 1
20 8 2 19
20 10 121 1
20 11 187 1
20 12 1 7
20 13 4 17
20 17 3 1
20 19 67 1
20 23 6 2
20 24 13 3
20 27 58 7
21 2 8 6
21 4 1 9
21 23 17 7
21 24 1 16
22 1 3 15
22 9 1 11
22 10 72 1
22 12 8 1
22 20 17 1
22 21 18 3
22 26 14 15
23 2 20 16
23 7 77 2
23 8 1 15
23 9 22 29
23 10 1 15
23 12 2 16
23 20 5 17
23 22 9 2
24 0 12 15
24 1 18 29
24 3 39 1
24 5 139 17
24 7 35 15
24 8 70 1
24 9 1 20
24 11 294 1
24 12 1 7
24 15 20 1
24 16 125 1
24 18 1 26
24 20 2 4
24 21 1 4
24 26 27 2
25 11 6 10
25 12 58 20
25 26 1 15
25 27 1 2
26 11 133 2
26 15 2 16
26 22 17 19
27 3 13 10
27 10 4 12
27 20 24 4
27 26 51 1
