0 1 126 21
0 2 1 21
0 3 371 2
0 4 155 1
0 5 163 7
0 6 109 1
0 7 4 29
0 8 388 1
0 10 18 25
0 11 217 1
0 13 1 28
0 16 74 24
0 17 1 13
0 19 56 3
0 20 2 3
0 24 54 1
1 0 310 1
1 2 5 11
1 3 63 1
1 4 10 1
1 5 22 1
1 6 107 1
1 8 7 5
1 9 11 29
1 10 1 9
1 11 16 9
1 12 150 2
1 13 59 2
1 16 310 1
1 17 67 1
1 19 76 1
1 20 103 1
1 21 1 4
1 24 77 24
1 25 1 1
2 0 125 1
2 1 79 1
2 3 97 29
2 4 6 17
2 5 21 4
2 6 5 10
2 7 19 2
2 8 9 7
2 12 64 3
2 14 31 28
2 15 8 19
2 16 62 23
2 18 5 3
2 20 8 6
2 22 13 15
2 27 7 1
3 0 158 1
3 1 19 1
3 2 12 1
3 4 1 10
3 5 225 1
3 7 318 1
3 8 16 1
3 10 1 19
3 11 327 1
3 12 86 3
3 15 8 22
3 16 352 1
3 17 3 12
3 19 2 2
3 21 2 2
3 22 3 17
3 23 6 27
3 24 32 21
3 27 1 15
4 0 302 1
4 1 313 1
4 2 75 24
4 5 3 12
4 6 97 1
4 8 209 1
4 10 87 1
4 11 76 3
4 14 9 16
4 17 14 22
4 24 1 20
5 0 213 1
5 1 147 1
5 2 1 12
5 3 137 1
5 4 27 9
5 6 127 1
5 7 213 13
5 8 308 1
5 9 71 1
5 10 168 1
5 11 1 21
5 15 20 2
5 16 9 22
5 24 101 1
6 0 1 4
6 1 3 21
6 2 3 28
6 4 1 13
6 7 2 17
6 8 403 1
6 9 29 17
6 10 83 1
6 11 17 1
6 12 115 1
6 14 11 19
6 15 96 1
6 17 51 2
6 18 207 3
6 20 21 6
6 25 2 3
6 27 92 11
7 0 30 6
7 1 2 7
7 2 343 1
7 3 41 1
7 5 167 1
7 6 92 28
7 8 3 28
7 9 106 1
7 10 337 1
7 11 92 11
7 14 156 1
7 15 25 1
7 19 120 3
7 20 3 12
7 21 1 25
7 25 129 1
7 27 87 22
8 0 44 8
8 1 385 8
8 2 6 15
8 3 341 1
8 4 1 11
8 5 45 1
8 6 51 1
8 7 190 15
8 9 155 1
8 10 325 1
8 11 2 21
8 12 11 19
8 13 6 4
8 14 9 18
8 15 137 1
8 16 47 29
8 17 1 14
8 20 209 1
8 21 67 6
8 22 1 11
8 24 106 8
8 25 76 1
8 26 1 26
8 27 1 12
9 0 1 4
9 1 2 22
9 2 6 14
9 4 12 19
9 5 2 27
9 6 46 1
9 7 279 2
9 8 2 6
9 10 160 1
9 12 120 1
9 14 133 1
9 15 113 1
9 20 133 8
9 24 1 6
9 25 1 10
9 27 1 3
10 0 19 21
10 1 45 2
10 2 7 21
10 3 256 1
10 4 28 2
10 5 20 27
10 6 75 1
10 7 99 22
10 8 81 1
10 9 13 25
10 11 3 17
10 12 1 25
10 13 4 3
10 14 150 28
10 17 216 2
10 22 182 3
10 23 1 3
10 25 22 21
11 1 32 25
11 2 4 20
11 3 26 23
11 4 1 15
11 6 3 1
11 7 318 1
11 8 6 4
11 9 4 8
11 10 369 1
11 12 42 10
11 14 130 1
11 15 277 1
11 19 1 4
11 20 171 1
11 22 1 5
11 23 1 5
11 24 93 1
11 25 2 7
11 27 165 1
12 1 5 7
12 2 66 1
12 6 266 7
12 8 2 3
12 9 2 12
12 10 2 12
12 11 1 25
12 13 1 16
12 14 2 8
12 22 52 5
12 23 1 3
13 9 6 7
13 12 45 17
13 14 16 4
13 16 24 14
13 18 2 26
13 19 2 5
13 27 3 19
14 1 1 10
14 7 26 11
14 8 52 1
14 9 2 3
14 10 1 1
14 11 8 1
14 12 94 1
14 15 11 10
14 21 15 16
14 22 1 5
14 24 19 2
15 0 1 16
15 3 26 1
15 4 78 1
15 6 61 2
15 7 116 1
15 8 1 4
15 10 105 1
15 11 30 1
15 14 5 4
16 0 127 1
16 1 302 1
16 3 267 1
16 5 121 1
16 6 89 1
16 8 139 1
16 10 56 2
16 14 41 21
16 17 14 25
16 20 60 6
16 22 1 18
16 23 1 15
16 24 165 1
16 26 1 1
17 0 41 1
17 1 9 11
17 5 86 1
17 6 171 1
17 8 47 27
17 13 6 20
17 16 277 1
17 18 2 21
17 19 36 4
17 22 2 17
17 24 77 13
18 1 11 18
18 2 3 24
18 4 48 9
18 6 1 4
18 7 108 1
18 8 1 21
18 9 1 15
18 10 129 11
18 12 1 2
18 14 4 8
18 15 39 7
18 16 1 21
18 17 70 1
18 19 1 6
18 21 7 3
19 0 155 1
19 3 23 1
19 4 1 24
19 6 64 1
19 7 1 24
19 13 6 5
19 20 8 1
19 26 1 27
20 4 174 5
20 6 127 3
20 7 253 1
20 8 2 2
20 11 186 3
20 13 1 28
20 19 62 1
20 23 6 1
21 3 1 13
21 4 9 22
21 5 1 3
21 9 83 1
21 10 2 2
21 11 94 7
21 12 1 5
21 22 2 21
21 25 1 14
22 7 17 5
22 9 1 16
22 10 71 2
22 11 114 1
22 14 11 1
22 17 15 2
22 19 1 15
22 23 8 23
23 0 41 3
23 7 77 1
23 12 1 9
23 22 9 1
24 0 141 1
24 1 45 21
24 3 70 1
24 4 40 2
24 5 64 1
24 6 1 27
24 8 255 7
24 9 2 5
24 10 187 4
24 11 291 1
24 14 1 7
24 16 93 1
24 20 3 22
24 21 1 15
24 26 27 1
25 9 2 1
25 10 2 3
25 11 3 13
25 20 77 1
26 4 1 22
26 6 1 2
26 7 1 17
26 10 1 16
26 11 133 1
26 14 26 10
26 25 3 22
26 27 3 16
27 0 1 21
27 1 5 13
27 11 10 2
27 22 6 15
27 24 1 22
27 25 7 13
27 26 50 1
