0 1 247 4
0 3 7 25
0 4 75 1
0 5 62 18
0 7 11 28
0 8 22 3
0 11 161 2
0 12 139 3
0 14 1 19
0 16 36 26
0 17 1 3
0 19 162 1
0 20 40 18
0 24 8 9
1 0 411 5
1 2 3 19
1 3 61 11
1 4 7 5
1 5 47 20
1 8 57 21
1 9 2 7
1 10 1 16
1 12 123 1
1 14 1 14
1 16 21 28
1 19 38 1
1 20 66 2
1 24 8 18
2 0 41 1
2 1 6 14
2 3 146 1
2 4 1 18
2 5 5 1
2 6 2 12
2 7 96 1
2 8 1 18
2 14 1 29
2 18 3 2
2 20 3 1
2 21 2 8
2 22 12 1
2 23 1 3
3 0 7 24
3 1 147 6
3 2 9 1
3 4 2 21
3 5 38 8
3 7 96 1
3 8 10 25
3 9 140 1
3 11 247 1
3 12 76 1
3 15 49 3
3 16 8 21
3 17 10 4
3 20 219 3
3 24 8 22
3 27 3 2
4 0 222 1
4 1 133 1
4 3 181 1
4 5 14 5
4 6 1 4
4 7 12 1
4 8 92 1
4 9 46 1
4 10 36 1
4 11 48 1
4 12 223 1
4 14 10 24
4 17 125 10
4 18 9 19
4 21 1 13
4 23 1 28
4 25 45 1
4 27 3 13
5 0 289 1
5 1 25 6
5 3 8 18
5 4 6 19
5 7 1 4
5 8 20 9
5 9 160 1
5 10 63 1
5 11 2 11
5 12 12 1
5 13 1 28
5 16 89 20
5 19 26 12
5 20 81 9
5 21 1 17
5 24 8 18
5 25 1 3
5 26 1 3
6 0 1 3
6 2 35 17
6 3 3 29
6 4 344 1
6 5 74 1
6 7 34 24
6 8 2 29
6 9 259 26
6 12 59 1
6 14 9 8
6 17 15 1
6 20 8 5
6 22 1 29
6 23 38 1
6 24 108 7
6 25 81 18
6 26 2 8
7 0 1 4
7 1 1 26
7 2 242 1
7 3 2 5
7 5 96 2
7 6 385 1
7 8 38 5
7 10 240 1
7 11 308 1
7 14 99 1
7 15 168 1
7 18 9 1
7 20 1 21
7 22 130 4
7 24 193 1
7 27 1 22
8 0 7 25
8 1 44 9
8 2 87 18
8 3 7 29
8 4 4 23
8 5 33 14
8 6 113 1
8 7 303 1
8 9 32 1
8 10 215 1
8 12 8 22
8 13 1 17
8 15 97 1
8 16 7 9
8 17 2 4
8 18 89 1
8 19 58 1
8 21 60 1
8 22 1 10
8 24 8 17
8 25 44 1
8 26 1 25
9 0 28 15
9 1 2 19
9 3 5 7
9 4 9 3
9 5 101 29
9 6 1 6
9 7 257 1
9 8 2 2
9 11 335 4
9 12 25 1
9 13 39 2
9 14 88 2
9 25 1 15
9 27 2 3
10 2 4 20
10 3 209 1
10 4 5 21
10 5 9 17
10 7 2 8
10 8 32 1
10 9 142 11
10 11 2 21
10 13 1 26
10 14 217 1
10 15 201 1
10 20 79 4
10 27 136 23
11 0 1 1
11 1 4 7
11 2 173 22
11 4 2 11
11 7 105 1
11 8 1 22
11 10 97 1
11 13 2 2
11 15 46 1
11 17 49 1
11 19 1 5
11 20 142 2
11 23 2 7
11 24 11 1
11 25 39 15
11 27 115 1
12 2 53 5
12 4 1 27
12 6 232 2
12 8 2 15
12 9 20 18
12 10 5 2
12 13 2 9
12 20 1 20
12 22 39 19
12 23 9 15
13 1 1 19
13 3 1 12
13 6 31 19
13 8 156 2
13 12 59 8
13 27 4 5
14 1 12 3
14 6 3 20
14 7 3 24
14 8 8 1
14 9 1 15
14 10 7 3
14 11 185 1
14 12 58 1
14 13 2 27
14 15 1 12
14 18 20 3
14 25 9 11
15 0 4 21
15 6 39 4
15 7 27 1
15 10 33 1
15 11 12 17
15 13 1 12
15 14 19 6
15 17 6 1
15 20 19 11
15 24 11 1
15 25 3 2
16 0 55 21
16 1 19 28
16 3 156 13
16 5 20 12
16 6 71 2
16 8 163 25
16 9 1 27
16 17 1 7
16 18 3 19
16 20 53 6
16 24 61 15
17 0 8 1
17 1 1 29
17 2 3 1
17 3 59 1
17 4 9 2
17 6 109 1
17 7 1 22
17 10 1 24
17 12 3 18
17 13 1 3
17 16 154 1
17 20 3 25
17 21 55 7
17 26 58 16
17 27 7 5
18 1 36 22
18 3 61 1
18 4 253 1
18 6 2 22
18 7 90 2
18 9 1 17
18 10 1 7
18 16 1 19
18 27 1 12
19 0 49 1
19 1 1 18
19 3 10 8
19 4 26 24
19 16 3 13
19 20 48 1
20 0 14 1
20 1 1 2
20 7 216 2
20 15 8 8
20 17 3 14
20 19 80 1
20 21 1 9
20 24 7 13
20 26 53 28
21 2 7 13
21 5 1 6
21 8 3 4
21 9 79 6
21 12 1 23
21 22 1 21
21 24 1 20
22 3 23 8
22 8 9 6
22 10 41 3
22 19 1 17
22 23 6 5
22 24 9 8
23 0 33 1
23 1 1 23
23 3 1 27
23 7 45 2
23 9 1 8
23 11 1 19
23 15 1 10
23 17 54 14
23 20 54 8
23 24 47 2
24 0 62 8
24 1 49 15
24 2 32 22
24 3 57 18
24 5 70 15
24 6 1 5
24 8 42 6
24 9 87 21
24 11 165 1
24 16 24 8
24 26 13 4
25 0 67 4
25 5 1 27
25 8 2 29
25 10 67 6
25 11 3 13
25 14 22 14
25 17 1 19
25 19 10 24
25 23 1 29
25 24 30 1
25 27 43 13
26 10 3 3
26 12 42 16
26 25 1 16
26 27 16 18
27 3 21 16
27 9 8 18
27 10 1 28
27 11 224 2
