0 1 5 8
0 3 41 1
0 4 69 1
0 5 28 1
0 6 36 2
0 7 26 27
0 8 75 22
0 10 15 1
0 11 157 1
0 15 40 1
0 16 43 29
0 17 27 24
0 19 152 1
0 20 3 15
0 22 1 17
0 23 1 15
0 24 1 12
1 0 434 1
1 2 7 21
1 3 38 15
1 4 2 24
1 5 38 7
1 8 76 29
1 9 4 3
1 10 1 16
1 11 2 2
1 12 120 1
1 15 85 1
1 16 1 8
1 19 35 2
1 21 47 4
1 24 51 21
2 0 36 1
2 1 3 14
2 3 112 1
2 6 11 17
2 7 13 1
2 8 61 21
2 11 1 20
2 12 50 3
2 15 1 8
2 16 6 6
2 17 4 26
2 18 1 5
2 19 34 23
2 25 32 14
3 0 28 28
3 1 145 21
3 2 2 1
3 4 1 10
3 7 79 1
3 8 104 23
3 9 139 3
3 10 15 3
3 11 239 1
3 15 9 9
3 16 34 29
3 18 88 1
3 19 19 8
3 20 228 2
3 23 19 25
3 24 136 7
4 0 215 1
4 1 113 1
4 3 177 1
4 5 172 26
4 7 9 3
4 8 84 1
4 9 39 1
4 10 32 2
4 12 221 3
4 14 2 10
4 15 1 26
4 17 1 9
4 18 3 1
4 20 2 9
4 22 76 5
5 0 44 1
5 1 13 23
5 3 1 19
5 4 75 15
5 6 2 28
5 7 33 24
5 8 275 1
5 9 124 1
5 10 56 1
5 12 8 2
5 16 19 2
5 23 6 3
5 24 35 1
6 0 93 5
6 1 443 2
6 2 35 29
6 3 5 27
6 4 243 24
6 5 23 1
6 7 4 3
6 8 14 16
6 9 8 9
6 12 55 1
6 14 2 13
6 16 21 23
6 20 8 1
6 23 13 25
6 24 107 2
6 27 85 1
7 0 298 1
7 1 1 2
7 2 231 1
7 3 7 17
7 6 65 1
7 8 24 10
7 9 52 1
7 10 229 1
7 11 54 24
7 13 2 10
7 15 158 1
7 16 1 3
7 21 85 11
7 22 129 5
7 24 189 1
7 25 43 1
7 27 1 18
8 0 78 1
8 1 34 1
8 2 13 18
8 4 2 9
8 5 56 1
8 6 108 1
8 7 269 23
8 9 26 1
8 10 18 9
8 11 2 16
8 12 1 25
8 13 7 6
8 14 1 19
8 15 94 1
8 19 57 1
8 20 173 1
8 24 1 2
8 26 2 13
9 1 1 14
9 2 1 3
9 3 5 2
9 4 3 5
9 5 43 10
9 6 4 14
9 7 253 2
9 8 4 10
9 10 1 15
9 12 18 1
9 17 1 19
9 18 12 2
9 20 2 1
9 22 63 1
9 25 28 17
10 1 7 3
10 2 1 19
10 3 204 1
10 4 20 3
10 5 2 22
10 7 64 7
10 8 14 1
10 9 239 1
10 11 2 21
10 13 1 12
10 14 198 29
10 15 28 3
10 20 77 2
10 22 164 2
10 24 2 1
10 26 107 1
11 0 1 5
11 1 4 24
11 6 301 1
11 7 172 3
11 8 11 9
11 10 76 1
11 12 46 19
11 14 27 1
11 15 29 1
11 23 3 18
11 24 7 1
11 25 14 29
11 26 1 25
11 27 110 2
12 3 60 1
12 8 2 29
12 9 2 20
12 10 19 25
12 13 3 20
12 20 1 11
12 21 112 2
12 22 55 8
12 23 1 19
13 5 2 2
13 8 153 1
13 18 1 12
13 20 6 1
13 22 1 21
13 27 1 15
14 1 3 17
14 2 4 17
14 5 1 4
14 6 1 4
14 7 1 13
14 9 49 27
14 10 6 7
14 11 174 1
14 12 55 1
14 13 1 27
14 15 1 26
14 17 1 15
14 21 1 11
14 22 2 1
14 25 11 6
14 26 17 3
15 0 1 15
15 5 3 7
15 6 38 1
15 7 22 1
15 10 28 1
15 11 14 9
15 14 2 14
15 22 2 6
16 0 31 20
16 3 55 1
16 5 27 5
16 6 69 2
16 7 1 24
16 8 1 1
16 11 23 4
16 12 76 3
16 17 2 6
16 24 115 17
17 1 39 22
17 3 56 3
17 4 8 1
17 5 55 3
17 6 104 1
17 7 3 8
17 8 32 14
17 10 3 26
17 16 144 1
17 18 9 4
17 19 21 2
17 20 7 20
17 21 55 4
17 26 3 14
18 1 13 13
18 2 1 17
18 3 60 1
18 4 241 1
18 5 1 26
18 9 1 28
18 10 154 29
18 11 3 17
18 12 2 1
18 16 81 21
18 23 4 28
19 0 42 1
19 1 2 19
19 4 10 24
19 6 44 1
19 11 98 3
19 18 1 1
19 20 26 1
19 27 2 2
20 0 11 2
20 1 2 21
20 6 100 4
20 8 1 10
20 9 2 7
20 10 95 1
20 12 1 20
20 13 1 24
20 16 1 23
20 17 1 19
20 19 64 1
21 8 35 14
21 9 79 5
21 10 7 29
21 22 2 22
22 11 83 1
22 13 1 29
22 14 3 3
22 21 13 15
23 1 2 9
23 7 43 1
23 10 1 2
23 15 1 11
24 0 5 23
24 1 149 1
24 3 22 1
24 5 1 6
24 6 4 16
24 8 37 7
24 10 161 1
24 11 154 1
24 13 22 24
24 16 2 19
24 20 9 10
24 23 1 8
24 26 12 7
25 6 66 2
25 7 2 28
25 10 66 2
25 11 16 15
25 26 1 4
26 10 1 21
26 11 110 3
26 15 1 25
26 25 7 7
26 27 18 19
27 0 1 4
27 7 176 1
27 8 62 1
27 10 51 23
27 13 2 26
27 14 1 10
27 15 16 4
27 24 6 20
27 25 1 1
