0 1 111 25
0 3 162 7
0 4 65 1
0 5 17 8
0 6 33 1
0 7 2 2
0 8 23 1
0 10 13 2
0 11 153 2
0 15 39 1
0 16 106 2
0 19 146 2
0 20 1 20
0 24 82 3
1 0 1 1
1 2 7 21
1 3 37 12
1 4 3 18
1 5 123 10
1 8 115 10
1 9 1 6
1 10 3 22
1 11 1 2
1 14 10 19
1 16 27 1
1 20 61 1
1 24 12 8
1 25 5 18
2 0 32 1
2 1 10 8
2 3 88 1
2 6 20 11
2 7 228 1
2 8 1 23
2 10 13 1
2 11 3 24
2 12 49 3
2 18 1 18
2 20 2 1
3 0 34 3
3 1 31 1
3 4 21 25
3 5 81 1
3 6 18 22
3 7 67 1
3 8 8 1
3 9 139 1
3 10 6 2
3 11 233 1
3 16 104 1
3 17 1 18
3 19 1 6
3 24 28 14
4 0 209 1
4 1 99 1
4 3 175 1
4 5 3 20
4 8 78 1
4 9 382 1
4 10 30 2
4 12 220 1
4 14 1 25
4 15 13 29
4 17 7 4
4 18 1 20
4 19 13 13
4 22 76 4
4 26 1 29
5 0 14 1
5 1 14 26
5 2 2 21
5 3 137 5
5 4 84 28
5 6 5 13
5 7 227 24
5 8 24 10
5 9 100 1
5 10 51 1
5 11 3 20
5 13 1 1
5 14 18 5
5 16 7 14
5 17 1 10
5 19 26 5
5 24 31 1
6 0 96 21
6 1 5 11
6 2 3 14
6 3 2 11
6 4 338 1
6 5 5 8
6 7 2 24
6 8 8 5
6 12 52 1
6 15 70 1
6 17 11 2
6 20 7 2
6 21 14 3
6 22 53 12
6 27 84 2
7 0 293 1
7 1 1 9
7 2 224 1
7 3 2 5
7 4 1 3
7 6 56 1
7 8 28 3
7 10 222 1
7 11 315 10
7 11 225 1
7 13 2 16
7 14 91 1
7 15 151 1
7 18 8 1
7 20 1 28
7 21 1 11
7 22 129 2
7 24 185 2
7 25 39 2
8 0 108 1
8 1 8 1
8 2 4 6
8 3 195 1
8 4 2 28
8 5 293 1
8 6 144 15
8 7 83 1
8 9 21 1
8 10 14 1
8 11 422 10
8 12 1 26
8 13 4 27
8 15 91 2
8 16 8 26
8 17 1 2
8 18 84 2
8 19 56 1
8 24 205 1
8 25 40 3
8 27 2 11
9 1 1 7
9 2 1 21
9 4 4 29
9 5 5 7
9 6 7 13
9 7 250 2
9 8 8 2
9 10 3 27
9 11 334 5
9 12 1 1
9 13 36 4
9 15 93 1
9 27 6 22
10 2 1 5
10 4 2 25
10 5 3 21
10 6 1 12
10 7 2 14
10 8 5 1
10 9 134 1
10 11 12 25
10 12 1 23
10 13 9 8
10 14 230 1
10 15 199 15
10 17 192 2
10 19 4 5
10 21 5 3
10 22 163 2
10 24 1 2
11 0 2 25
11 1 2 18
11 3 5 6
11 5 184 2
11 6 296 1
11 7 146 1
11 8 42 25
11 9 3 23
11 10 60 1
11 12 3 5
11 14 23 1
11 15 19 1
11 16 2 11
11 17 46 1
11 18 6 7
11 20 138 1
11 23 1 22
11 24 5 1
11 25 26 25
11 27 107 1
12 0 11 1
12 2 51 4
12 4 1 7
12 5 47 2
12 6 224 1
12 7 18 1
12 9 12 13
12 10 1 28
12 11 5 6
12 13 7 2
12 20 4 13
12 21 111 1
12 22 1 7
12 23 39 2
12 24 74 8
13 3 2 18
13 6 1 3
13 8 151 2
13 12 60 4
13 14 13 21
13 27 1 20
14 7 164 16
14 9 1 15
14 10 10 14
14 11 167 1
14 13 1 14
14 15 1 15
14 22 30 25
14 26 17 1
15 0 2 26
15 1 73 1
15 4 65 3
15 7 19 1
15 9 121 5
15 10 25 2
15 11 8 11
15 13 1 25
15 14 16 10
15 22 1 14
15 27 2 23
16 0 131 1
16 1 11 1
16 3 74 14
16 5 99 17
16 6 68 4
16 8 179 12
16 11 22 2
16 12 75 7
16 17 119 25
16 18 10 2
16 22 12 10
16 24 30 1
16 27 24 2
17 1 1 25
17 2 194 1
17 3 54 2
17 4 6 4
17 6 100 2
17 10 1 17
17 11 4 15
17 16 136 1
17 20 1 2
17 25 6 12
17 26 1 9
18 1 1 9
18 4 233 1
18 5 3 22
18 6 4 27
18 7 88 2
18 9 1 10
18 13 17 2
18 16 3 5
18 17 36 3
18 27 1 4
19 0 37 1
19 1 1 18
19 6 42 5
19 8 10 1
19 9 1 25
19 10 115 9
19 16 39 29
19 20 189 1
20 0 10 1
20 3 11 4
20 6 99 2
20 7 210 2
20 8 1 24
20 10 93 2
20 11 155 2
20 15 8 2
20 16 1 6
20 19 54 1
21 4 1 26
21 5 2 3
21 7 14 6
21 9 79 1
21 12 30 17
21 22 1 23
22 3 23 2
22 10 37 1
22 15 1 21
22 16 15 17
22 20 12 11
22 23 10 14
22 24 9 2
22 26 1 9
23 0 32 1
23 1 1 28
23 4 77 7
23 6 4 2
23 10 1 21
23 11 7 27
23 14 1 7
23 15 2 28
23 25 4 8
24 0 100 3
24 1 8 25
24 3 35 11
24 5 5 10
24 8 61 1
24 11 146 1
24 12 11 20
24 16 37 1
24 18 43 1
24 21 1 6
25 5 3 21
25 7 1 22
25 8 28 25
25 9 92 1
25 10 66 1
25 11 34 16
25 15 1 21
25 17 1 2
25 24 29 1
26 6 1 17
26 8 106 4
26 15 2 8
26 21 17 9
26 24 11 2
26 27 24 7
27 1 3 18
27 3 2 27
27 4 22 3
27 6 1 24
27 9 72 22
27 10 1 28
27 11 221 1
27 22 7 4
27 26 4 1
