0 1 73 18
0 2 11 2
0 3 119 1
0 4 57 1
0 5 104 13
0 6 27 1
0 7 8 24
0 8 274 1
0 9 207 2
0 10 4 1
0 11 146 2
0 12 1 11
0 13 22 11
0 14 2 4
0 16 31 12
0 17 295 3
0 19 133 1
0 20 4 15
0 23 1 20
0 24 58 1
1 0 19 25
1 2 18 21
1 3 24 1
1 4 25 15
1 5 109 1
1 6 1 16
1 8 104 24
1 9 2 29
1 10 9 14
1 12 115 2
1 14 1 9
1 15 82 4
1 16 12 20
1 17 1 11
1 19 29 2
1 21 1 12
1 24 104 1
1 25 1 28
2 0 25 1
2 1 4 29
2 3 11 22
2 4 164 20
2 6 1 9
2 7 79 1
2 10 286 1
2 11 3 1
2 12 48 1
2 14 31 29
2 17 2 22
2 18 4 9
2 21 9 17
2 22 11 22
2 24 23 3
3 0 23 25
3 1 51 1
3 2 1 21
3 4 20 13
3 5 44 1
3 7 47 1
3 8 57 1
3 9 137 2
3 10 6 22
3 11 221 1
3 16 128 2
3 17 6 23
3 19 16 2
3 24 71 14
3 27 2 10
4 0 199 1
4 1 74 1
4 6 1 26
4 7 273 1
4 8 67 1
4 9 370 1
4 14 4 15
4 16 184 1
4 17 136 23
4 18 6 22
4 19 1 16
4 20 5 13
4 23 4 15
4 24 87 19
4 26 1 25
5 0 30 18
5 1 8 2
5 2 7 11
5 3 129 1
5 4 88 1
5 6 9 8
5 7 2 1
5 8 281 1
5 9 58 1
5 10 42 1
5 11 1 4
5 16 69 15
5 17 2 23
5 24 173 1
6 0 1 20
6 1 9 10
6 2 1 17
6 3 1 10
6 4 326 1
6 5 3 1
6 7 41 24
6 8 32 11
6 9 364 4
6 12 46 2
6 14 1 16
6 17 8 1
6 19 2 2
6 21 1 15
6 22 5 9
6 23 1 29
6 25 9 6
7 0 281 1
7 1 20 18
7 2 209 1
7 3 2 9
7 5 79 1
7 6 373 1
7 8 9 22
7 10 206 1
7 11 310 1
7 13 5 23
7 15 137 1
7 19 92 1
7 20 6 8
7 24 178 1
7 25 32 1
7 27 138 20
8 0 39 6
8 1 21 1
8 2 73 17
8 3 92 1
8 4 19 14
8 5 14 26
8 6 61 1
8 7 36 1
8 9 14 1
8 10 125 1
8 11 422 13
8 12 11 5
8 14 1 16
8 15 86 2
8 16 303 1
8 17 2 21
8 18 80 3
8 19 53 4
8 20 166 1
8 24 2 28
8 27 1 29
9 1 1 25
9 4 2 5
9 5 302 27
9 6 5 9
9 8 2 28
9 10 4 7
9 11 332 1
9 12 11 1
9 13 34 3
9 14 76 2
9 15 90 2
9 17 1 21
9 20 132 1
10 1 4 1
10 3 194 1
10 4 4 2
10 5 4 13
10 6 1 11
10 7 2 21
10 9 89 3
10 11 35 9
10 13 2 2
10 14 199 1
10 16 10 4
10 17 189 1
10 20 73 1
10 22 160 3
10 25 1 20
11 1 2 26
11 2 172 13
11 4 3 16
11 5 12 2
11 6 287 1
11 7 86 1
11 8 25 11
11 9 293 19
11 10 237 1
11 12 31 26
11 14 16 2
11 15 7 1
11 17 43 1
11 18 1 10
11 20 134 1
11 22 174 2
11 23 110 24
11 24 2 2
11 25 10 27
11 26 166 27
11 27 101 2
12 0 10 4
12 3 58 1
12 6 217 1
12 7 16 6
12 8 2 27
12 9 1 24
12 10 1 21
12 11 1 20
12 13 67 19
12 17 45 3
12 18 117 25
12 20 1 16
12 22 1 11
12 27 58 1
13 3 1 9
13 5 3 19
13 6 8 13
13 8 147 3
13 9 3 25
13 10 3 26
13 12 1 17
13 14 40 2
13 18 1 5
13 21 14 28
13 27 1 22
14 0 14 27
14 1 2 18
14 4 123 8
14 8 2 5
14 10 43 7
14 11 152 1
14 12 48 3
14 13 1 28
14 17 1 12
15 0 2 8
15 1 71 1
15 3 12 1
15 7 13 1
15 9 1 4
15 10 19 2
15 11 5 2
15 12 107 3
15 14 18 20
15 20 17 7
16 0 7 28
16 1 3 26
16 3 65 6
16 4 175 1
16 5 253 1
16 6 66 2
16 8 62 1
16 11 21 9
16 17 2 24
16 18 251 1
16 22 13 25
16 24 14 1
17 1 1 19
17 2 191 1
17 3 50 1
17 4 4 1
17 5 50 1
17 6 93 2
17 7 2 17
17 8 4 2
17 9 179 3
17 10 1 12
17 11 6 12
17 13 1 19
17 14 1 17
17 16 122 1
17 18 6 26
17 19 19 4
17 20 1 4
17 25 1 22
17 26 4 14
18 0 150 27
18 1 38 9
18 4 216 1
18 6 41 8
18 7 86 1
18 9 2 6
18 10 8 4
18 11 1 21
18 16 2 1
18 19 40 17
18 25 1 7
19 0 29 1
19 4 74 18
19 6 40 1
19 8 9 1
19 9 1 6
19 10 115 1
19 15 4 25
19 18 49 18
19 20 10 17
19 27 6 16
20 1 4 5
20 4 158 4
20 6 96 2
20 7 205 1
20 8 6 19
20 9 1 1
20 10 90 1
20 12 1 7
20 17 4 6
20 18 88 6
20 19 35 1
20 27 52 3
21 0 1 11
21 11 1 28
21 12 29 17
21 16 1 18
21 22 4 28
21 25 2 11
22 1 1 13
22 10 34 3
22 11 77 1
22 18 6 17
22 21 12 7
23 0 31 1
23 1 1 18
23 7 38 1
23 8 134 7
23 9 28 23
23 10 2 22
23 14 1 21
23 20 1 21
24 0 139 6
24 1 52 29
24 2 32 3
24 3 191 5
24 4 29 2
24 5 17 1
24 6 1 8
24 8 24 2
24 11 130 1
24 12 10 28
24 14 1 4
24 16 97 23
24 22 5 4
24 26 10 4
25 1 1 20
25 4 2 24
25 6 63 1
25 7 1 14
25 8 81 19
25 11 22 14
25 19 1 28
25 27 58 3
26 0 29 2
26 7 1 2
26 11 106 3
26 27 14 1
27 0 1 16
27 7 172 1
27 8 59 1
27 25 7 29
