0 1 258 1
0 2 4 1
0 3 37 1
0 5 34 1
0 6 12 1
0 7 1 12
0 8 122 1
0 9 199 4
0 11 123 1
0 16 19 1
0 19 89 1
0 20 4 26
0 23 76 11
0 24 19 1
0 26 1 16
1 0 95 1
1 2 16 14
1 3 13 1
1 4 7 17
1 5 43 1
1 6 5 11
1 7 1 26
1 8 91 1
1 9 20 13
1 10 3 3
1 11 1 7
1 12 103 1
1 16 63 1
1 17 1 1
1 18 1 1
1 19 18 1
1 24 45 15
1 25 1 23
1 27 8 16
2 0 7 3
2 1 13 28
2 3 2 1
2 7 215 1
2 8 277 1
2 9 5 1
2 11 5 29
2 17 1 23
2 18 1 28
2 20 140 1
2 25 1 7
3 0 35 1
3 1 113 1
3 2 13 19
3 4 23 24
3 5 77 1
3 6 15 1
3 7 4 1
3 8 34 1
3 10 9 4
3 11 180 1
3 14 8 3
3 16 32 1
3 17 2 9
3 19 1 11
3 20 205 2
3 24 35 1
4 0 162 1
4 1 14 1
4 2 227 1
4 5 320 1
4 6 1 9
4 9 359 1
4 10 13 1
4 11 31 3
4 12 203 1
4 14 4 25
4 16 172 3
4 17 25 12
4 18 24 9
4 19 14 6
4 20 8 14
4 23 5 25
4 27 1 20
5 0 82 1
5 1 81 1
5 2 3 3
5 3 1 2
5 4 2 9
5 6 48 26
5 7 30 1
5 8 126 11
5 11 27 13
5 12 138 1
5 13 1 3
5 16 15 1
5 18 2 13
5 22 8 19
5 24 39 1
5 26 1 25
6 0 2 18
6 1 28 1
6 2 4 26
6 3 2 25
6 4 301 1
6 5 14 12
6 7 72 5
6 8 163 20
6 9 18 1
6 10 9 26
6 12 29 1
6 13 2 1
6 15 57 1
6 18 185 1
6 21 1 29
6 22 2 7
6 26 2 3
6 27 79 6
7 0 239 1
7 1 1 7
7 2 158 1
7 3 3 29
7 5 54 1
7 6 315 1
7 8 13 26
7 9 29 2
7 10 155 1
7 11 278 1
7 13 2 4
7 14 63 1
7 15 92 1
7 17 1 1
7 19 82 1
7 24 154 1
7 25 13 1
7 27 1 8
8 0 8 27
8 1 251 1
8 2 3 10
8 3 21 1
8 4 1 26
8 5 93 1
8 7 161 1
8 10 12 1
8 12 5 21
8 13 2 26
8 15 70 1
8 16 42 1
8 17 1 25
8 18 68 2
8 21 54 2
8 23 21 1
8 24 61 1
8 25 27 1
9 1 2 26
9 2 1 19
9 3 1 1
9 4 1 17
9 5 2 6
9 6 4 15
9 7 224 1
9 8 1 23
9 10 11 20
9 11 318 1
9 13 26 1
9 14 58 2
9 17 1 12
9 24 6 10
9 27 7 25
10 0 28 2
10 3 169 1
10 4 40 4
10 5 1 19
10 6 1 11
10 7 3 1
10 8 3 12
10 9 166 4
10 11 3 20
10 13 1 16
10 14 127 1
10 15 98 1
10 16 8 2
10 18 1 10
10 25 1 15
10 26 102 3
11 0 9 9
11 5 179 1
11 6 255 1
11 7 1 1
11 9 29 12
11 10 172 1
11 15 1 9
11 20 121 1
11 23 2 15
11 25 9 19
11 27 81 1
12 2 44 6
12 5 26 1
12 6 193 1
12 8 9 19
12 9 1 2
12 10 1 26
12 13 6 2
12 18 118 10
12 21 102 2
12 22 49 8
12 25 1 22
12 26 1 28
13 2 2 11
13 4 94 10
13 8 133 1
13 10 3 12
13 11 2 26
13 12 1 16
13 18 1 6
13 19 3 9
13 22 1 10
13 25 14 11
14 2 2 5
14 6 13 7
14 7 33 17
14 9 34 22
14 10 6 8
14 11 103 1
14 12 35 1
14 13 3 5
14 18 17 7
15 0 1 29
15 1 65 1
15 3 9 1
15 6 26 3
15 10 5 2
15 11 6 1
15 13 1 12
16 0 83 1
16 1 29 1
16 3 56 1
16 4 162 2
16 5 5 1
16 6 59 1
16 8 83 1
16 10 37 1
16 17 1 27
16 18 221 1
16 19 2 27
16 20 48 3
16 24 2 2
17 1 153 29
17 3 37 2
17 6 71 1
17 8 3 13
17 11 2 18
17 16 78 1
17 18 3 12
17 25 2 6
17 27 3 11
18 1 2 22
18 4 160 1
18 9 1 10
18 10 6 20
18 16 12 14
18 17 23 2
18 19 1 1
18 21 4 4
19 0 7 2
19 2 1 12
19 4 12 27
19 7 3 26
19 9 12 20
19 11 89 1
19 15 1 29
19 17 103 16
19 20 70 1
20 1 2 14
20 3 226 1
20 6 85 3
20 7 187 1
20 8 2 26
20 9 1 20
20 10 81 1
20 11 139 1
20 15 5 6
20 16 15 29
20 17 1 4
20 19 1 1
20 21 2 13
20 23 1 13
20 24 5 3
20 26 53 4
21 0 1 6
21 9 76 1
21 10 11 21
21 12 59 11
21 14 17 20
21 16 1 8
21 22 2 11
22 1 1 10
22 3 22 3
22 5 9 1
22 6 1 14
22 9 82 2
22 10 24 3
22 11 65 2
22 15 1 8
22 17 9 3
22 21 11 1
23 1 1 9
23 3 9 11
23 10 1 1
23 11 1 21
23 12 1 2
23 13 1 19
23 15 1 26
24 0 35 1
24 1 68 1
24 3 5 18
24 5 18 1
24 6 21 6
24 8 26 1
24 10 143 1
24 11 82 1
24 15 5 4
24 16 22 1
24 19 16 10
24 23 2 17
24 25 9 2
25 3 50 14
25 5 32 21
25 6 54 2
25 7 3 8
25 9 85 6
25 11 2 24
25 13 2 11
25 26 1 18
25 27 45 1
26 2 21 24
26 3 2 22
26 7 2 28
26 11 97 1
26 13 1 6
26 15 2 28
26 24 6 4
26 25 1 11
26 27 1 6
27 0 1 9
27 3 9 22
27 7 165 1
27 10 3 24
27 11 209 1
27 12 1 21
27 14 3 2
27 24 7 10
