0 1 115 22
0 2 236 1
0 3 1 20
0 4 30 1
0 5 15 18
0 6 9 1
0 7 3 20
0 9 198 2
0 11 119 2
0 16 2 28
0 19 83 1
0 20 4 12
1 0 66 1
1 2 5 20
1 4 3 1
1 5 17 15
1 6 3 3
1 7 2 22
1 8 2 28
1 9 2 4
1 10 44 20
1 11 4 4
1 14 1 2
1 16 97 27
1 17 3 24
1 18 1 1
1 24 16 9
2 0 5 2
2 1 5 5
2 4 165 13
2 6 300 27
2 7 206 1
2 8 42 1
2 9 2 14
2 10 272 1
2 11 3 16
2 12 41 3
2 14 4 10
2 18 1 6
2 20 138 3
2 23 1 2
3 0 2 27
3 1 85 1
3 2 11 6
3 4 3 10
3 5 62 29
3 6 15 1
3 7 1 1
3 8 2 7
3 9 129 4
3 10 33 19
3 11 172 1
3 12 68 1
3 18 86 5
3 20 202 1
4 0 156 1
4 1 8 2
4 2 19 1
4 3 148 2
4 5 309 1
4 6 3 4
4 8 30 1
4 9 350 1
4 10 11 1
4 14 6 26
4 15 14 10
4 17 3 17
4 18 27 17
4 19 30 21
4 20 1 18
4 21 1 24
4 23 59 13
5 1 1 2
5 4 2 19
5 6 18 20
5 7 225 2
5 8 139 1
5 9 1 19
5 10 13 2
5 11 4 17
5 12 135 1
5 13 1 6
5 19 24 3
6 0 2 16
6 1 15 1
6 2 2 17
6 4 289 1
6 5 25 23
6 7 31 4
6 8 22 22
6 9 7 19
6 10 1 3
6 12 27 1
6 17 1 3
6 22 2 7
6 25 1 17
6 27 79 1
7 0 232 1
7 1 59 4
7 2 149 1
7 3 22 28
7 4 2 19
7 5 50 1
7 6 303 1
7 8 3 28
7 10 147 1
7 11 61 27
7 13 1 12
7 14 60 1
7 15 84 1
7 20 264 5
7 21 85 8
7 23 185 1
7 24 149 2
7 25 11 1
8 0 20 26
8 1 38 11
8 2 3 28
8 3 11 27
8 4 14 9
8 5 52 1
8 6 2 5
8 7 139 1
8 10 4 1
8 11 113 5
8 12 23 4
8 13 7 15
8 15 68 1
8 16 23 18
8 19 44 2
8 20 148 1
9 1 2 12
9 2 1 7
9 4 1 3
9 5 10 4
9 6 12 11
9 7 220 1
9 8 3 21
9 10 10 9
9 11 315 1
9 13 25 3
9 15 79 1
9 23 1 25
9 25 1 6
9 27 1 2
10 2 1 10
10 3 164 1
10 4 1 13
10 5 33 7
10 6 4 12
10 7 10 7
10 8 4 27
10 9 150 1
10 11 3 3
10 12 1 15
10 13 1 12
10 14 107 1
10 15 94 1
10 16 7 3
10 20 62 4
10 24 1 27
10 25 1 14
11 0 1 6
11 2 23 1
11 5 176 1
11 6 249 1
11 8 103 28
11 9 1 29
11 10 17 1
11 15 6 8
11 18 1 9
11 19 3 2
11 20 119 2
11 22 171 2
11 23 1 18
11 25 23 10
11 27 78 1
12 2 43 1
12 6 188 1
12 8 1 3
12 9 176 10
12 11 2 2
12 17 39 2
12 22 1 3
12 24 71 11
13 9 6 12
13 10 2 18
13 11 3 22
13 14 9 1
13 15 8 2
13 17 1 26
13 18 1 5
13 19 1 29
14 1 8 1
14 2 4 2
14 6 1 22
14 7 166 3
14 9 1 23
14 10 30 16
14 11 95 1
14 12 33 2
14 13 17 24
14 15 15 1
14 24 8 2
15 0 1 18
15 1 63 2
15 2 27 5
15 5 1 26
15 8 52 4
15 10 4 1
15 11 74 29
15 13 1 16
16 0 64 5
16 3 59 3
16 4 160 1
16 6 57 3
16 17 2 3
16 18 215 1
17 2 170 1
17 3 35 3
17 6 67 1
17 8 1 18
17 9 170 1
17 16 71 1
17 18 15 8
17 19 14 1
17 20 2 17
17 25 2 2
18 1 6 24
18 2 1 24
18 3 52 7
18 4 150 1
18 9 7 29
18 11 1 20
18 16 65 29
18 23 4 29
18 27 2 16
19 0 5 1
19 5 1 3
19 8 5 1
19 10 112 1
19 11 88 5
19 20 60 1
19 24 3 13
19 27 9 13
20 1 17 4
20 4 151 1
20 7 184 1
20 8 7 29
20 11 137 1
20 13 1 10
20 15 5 2
20 16 1 2
20 21 1 20
20 26 1 9
21 0 1 1
21 4 1 12
21 5 1 21
21 8 1 18
21 12 57 17
21 20 17 2
21 22 1 25
21 23 13 3
21 24 3 10
21 25 2 5
21 26 6 5
22 3 22 2
22 9 81 5
22 11 63 3
22 13 1 4
22 15 1 4
22 18 5 11
23 0 27 3
23 1 59 23
23 2 21 16
23 7 25 3
23 8 130 5
23 11 3 1
23 13 1 1
23 15 1 26
23 20 1 11
23 22 1 18
24 6 21 19
24 11 74 1
24 15 4 10
24 18 42 22
24 23 4 28
25 0 57 1
25 1 1 16
25 5 1 4
25 7 2 20
25 9 84 1
25 10 60 1
25 11 109 27
25 22 6 2
25 27 43 1
26 2 1 26
26 10 2 19
26 12 43 10
26 13 1 20
26 23 24 5
26 27 1 26
27 3 1 22
27 10 2 5
27 11 206 1
27 14 4 26
27 15 12 9
27 18 36 15
