0 1 164 7
0 2 207 1
0 3 20 24
0 4 16 1
0 5 18 15
0 7 3 23
0 8 17 28
0 9 190 2
0 10 232 1
0 11 101 2
0 15 25 1
0 16 20 27
0 17 283 1
0 19 50 1
0 20 11 21
0 23 1 22
0 24 19 29
1 0 23 26
1 2 29 2
1 3 19 2
1 4 8 2
1 5 173 17
1 6 6 28
1 7 2 6
1 8 173 16
1 9 1 16
1 10 1 8
1 11 221 6
1 12 91 1
1 13 35 3
1 14 8 17
1 16 29 9
1 17 3 19
1 20 32 3
1 24 58 4
2 1 5 8
2 3 4 23
2 4 29 1
2 7 192 1
2 8 22 1
2 9 1 8
2 10 250 1
2 11 9 14
2 12 37 2
2 20 128 2
2 22 9 2
3 0 53 26
3 1 33 7
3 2 51 22
3 4 1 25
3 5 58 9
3 6 208 5
3 8 63 7
3 9 123 2
3 10 4 15
3 11 138 1
3 16 18 25
3 24 37 6
4 0 127 1
4 1 1 10
4 2 219 1
4 3 132 2
4 5 259 1
4 6 2 28
4 8 12 1
4 9 305 1
4 11 23 2
4 12 189 1
4 15 2 16
4 17 1 19
4 18 19 21
4 21 3 13
4 25 34 1
5 0 44 12
5 1 29 11
5 2 10 26
5 3 18 2
5 4 1 2
5 6 38 9
5 8 39 28
5 9 14 14
5 10 2 4
5 11 7 24
5 14 10 1
5 16 37 12
5 19 22 9
5 21 2 11
5 23 1 14
5 24 108 6
6 0 2 25
6 1 167 1
6 2 3 4
6 4 166 1
6 5 118 3
6 7 2 20
6 8 67 4
6 9 8 1
6 10 2 15
6 11 3 1
6 13 1 4
6 14 9 11
6 21 15 27
6 23 1 11
6 25 1 28
7 0 197 1
7 1 1 22
7 2 109 1
7 3 25 24
7 5 33 2
7 6 274 1
7 8 6 23
7 10 109 1
7 11 321 1
7 13 1 12
7 14 44 1
7 15 53 1
7 19 72 1
7 21 1 23
7 22 116 1
7 27 144 1
8 0 18 9
8 1 246 29
8 2 7 26
8 3 66 6
8 4 1 4
8 5 51 24
8 6 15 4
8 7 56 1
8 9 1 5
8 10 3 22
8 11 6 1
8 12 3 3
8 13 3 28
8 16 18 28
8 18 56 3
8 19 38 1
8 20 135 1
8 21 50 2
8 23 16 1
8 24 64 18
8 26 2 20
9 0 2 1
9 4 5 27
9 5 81 1
9 6 4 27
9 8 2 14
9 10 4 7
9 11 300 1
9 12 1 10
9 13 20 1
9 14 41 1
9 15 71 3
9 16 117 6
9 17 3 28
9 18 2 1
9 19 3 6
9 25 1 4
9 27 1 4
10 1 1 2
10 2 13 28
10 3 143 1
10 4 1 14
10 5 45 28
10 6 8 26
10 7 13 26
10 8 63 5
10 9 31 29
10 11 3 2
10 12 15 1
10 13 2 10
10 14 83 1
10 15 172 1
10 17 168 1
10 22 139 1
10 23 145 1
10 25 8 28
10 27 1 1
11 0 35 14
11 2 10 1
11 4 1 25
11 5 166 3
11 6 221 1
11 7 11 16
11 8 103 14
11 10 113 1
11 13 1 13
11 15 4 11
11 20 109 1
11 22 166 3
11 23 87 20
11 24 1 8
11 25 3 19
11 26 165 1
11 27 62 2
12 4 1 13
12 6 167 1
12 8 17 24
12 9 1 4
12 11 3 8
12 13 9 6
12 17 34 6
13 0 1 4
13 1 15 14
13 4 93 1
13 6 29 28
13 8 118 1
13 9 1 26
13 10 1 16
13 12 1 2
13 14 4 1
13 15 5 1
13 18 1 8
13 27 1 7
14 4 114 3
14 6 1 3
14 10 56 21
14 11 61 1
14 12 24 1
14 13 19 6
14 15 16 1
14 22 2 1
14 25 12 14
15 4 54 2
15 6 19 2
15 7 1 26
15 8 154 1
15 11 119 1
15 14 57 1
15 18 39 21
15 20 12 1
15 25 24 2
16 0 23 5
16 1 35 20
16 2 1 23
16 3 18 29
16 4 149 1
16 5 18 24
16 6 51 1
16 8 23 11
16 10 32 3
16 11 15 5
16 12 70 1
16 14 42 19
16 18 182 1
16 23 23 29
16 24 50 13
17 1 2 6
17 2 154 1
17 3 26 1
17 5 30 3
17 6 50 2
17 9 162 2
17 10 1 1
17 16 41 1
17 19 10 7
17 25 2 6
18 1 30 2
18 2 12 14
18 4 107 1
18 5 1 23
18 6 1 20
18 9 127 6
18 10 8 10
18 12 9 29
18 13 14 4
18 19 2 11
18 20 1 28
18 21 3 5
18 25 30 6
19 1 8 12
19 3 2 4
19 11 83 3
19 14 16 12
19 20 16 1
20 7 168 1
20 10 71 2
20 11 127 2
20 13 4 26
20 15 3 1
20 19 1 25
20 26 1 9
21 1 8 29
21 10 3 8
21 11 1 1
22 1 6 17
22 5 8 2
22 8 2 26
22 10 16 2
22 19 1 21
22 21 9 2
22 24 4 4
23 9 3 9
23 10 1 20
23 11 28 29
23 15 8 19
23 21 17 16
23 22 1 10
24 0 18 14
24 1 97 26
24 3 29 9
24 5 18 29
24 7 52 13
24 8 67 4
24 11 42 1
24 16 26 15
24 20 1 27
24 21 1 26
24 23 7 28
24 25 6 12
25 0 52 1
25 2 1 28
25 6 46 2
25 7 7 25
25 8 1 3
25 10 150 2
25 11 1 6
25 14 5 23
25 16 24 12
25 17 2 7
25 18 21 7
25 22 5 4
25 23 1 6
25 27 32 3
26 11 87 2
26 15 1 29
26 16 16 3
26 18 2 26
26 20 37 28
26 27 14 25
27 4 17 1
27 6 1 25
27 10 1 3
27 19 1 22
27 21 11 13
27 25 56 9
27 26 1 6
