0 1 16 11
0 2 201 1
0 3 46 23
0 4 13 2
0 5 17 25
0 7 4 24
0 8 17 21
0 10 229 2
0 11 97 2
0 15 24 7
0 16 17 5
0 17 280 1
0 19 44 1
0 20 1 19
0 23 1 10
0 24 71 29
0 25 99 1
0 27 1 9
1 0 66 6
1 2 4 16
1 3 72 12
1 4 57 18
1 5 77 5
1 6 14 28
1 7 6 17
1 8 19 27
1 9 1 23
1 10 3 28
1 11 221 26
1 12 89 1
1 16 90 2
1 17 9 14
1 20 31 1
1 24 35 4
2 1 5 7
2 3 9 21
2 7 183 1
2 8 120 1
2 9 1 13
2 10 244 1
2 11 1 15
2 15 1 1
2 17 8 23
2 25 30 26
3 0 37 5
3 1 38 10
3 2 35 15
3 4 1 8
3 5 17 6
3 7 1 16
3 8 18 2
3 10 3 14
3 11 131 1
3 16 17 10
3 17 9 8
3 20 182 1
3 22 2 6
3 24 54 21
4 0 121 1
4 2 215 1
4 3 129 1
4 5 155 1
4 6 12 14
4 8 10 1
4 9 295 1
4 12 187 1
4 14 1 8
4 16 157 2
4 17 2 19
4 18 2 14
4 23 6 11
4 27 1 14
5 0 17 25
5 1 28 3
5 2 2 28
5 3 17 18
5 4 8 13
5 6 151 25
5 7 218 2
5 8 159 15
5 9 5 14
5 11 1 16
5 12 114 1
5 16 57 20
5 17 1 3
5 24 126 28
6 0 2 29
6 1 422 1
6 2 40 7
6 3 1 14
6 4 262 1
6 5 246 10
6 7 7 12
6 8 133 24
6 9 417 1
6 10 20 16
6 13 1 9
6 18 171 1
6 24 93 1
6 25 1 11
7 0 189 1
7 1 6 15
7 2 101 1
7 3 3 20
7 4 8 27
7 5 30 1
7 6 261 1
7 8 251 26
7 10 101 1
7 11 249 1
7 13 22 13
7 14 41 1
7 15 47 1
7 20 1 9
7 23 178 1
7 24 124 2
8 0 44 8
8 1 270 3
8 2 21 6
8 3 112 20
8 4 65 21
8 5 32 1
8 6 60 13
8 7 43 1
8 9 2 28
8 10 8 26
8 11 2 1
8 13 13 29
8 15 52 3
8 16 49 19
8 18 54 2
8 20 133 1
8 24 25 2
8 25 16 2
9 1 65 20
9 4 2 16
9 5 56 1
9 6 8 25
9 7 197 2
9 8 1 4
9 10 5 18
9 11 296 1
9 13 18 2
9 15 70 1
9 16 117 11
9 19 3 9
9 20 126 7
9 22 52 3
9 23 1 7
9 25 39 20
9 27 1 22
10 1 1 25
10 4 2 6
10 5 209 8
10 6 7 20
10 8 33 12
10 9 209 1
10 11 33 16
10 12 311 3
10 13 4 13
10 14 64 1
10 15 85 1
10 17 166 1
10 18 2 9
10 20 53 4
10 22 137 1
10 24 9 12
10 25 6 8
10 26 97 3
11 0 1 15
11 2 8 2
11 3 305 1
11 6 215 1
11 7 17 7
11 10 100 1
11 13 1 21
11 14 1 23
11 15 9 24
11 18 2 18
11 23 1 17
11 25 13 27
11 27 59 1
12 7 6 2
12 8 3 13
12 9 2 11
12 11 2 9
12 13 11 21
12 17 33 5
12 20 5 19
12 21 93 4
12 22 1 5
13 1 32 27
13 2 1 1
13 3 2 14
13 4 93 4
13 5 5 24
13 9 14 4
13 10 19 16
13 11 2 25
13 17 2 24
13 18 5 5
13 20 3 6
14 1 4 7
14 2 8 29
14 8 1 24
14 9 92 27
14 10 6 8
14 11 55 1
14 13 32 1
14 15 9 2
14 23 1 29
14 24 5 1
14 27 3 25
15 1 57 2
15 8 152 4
15 11 42 11
15 21 5 11
15 24 2 9
15 25 23 1
16 0 57 15
16 1 78 14
16 3 17 23
16 4 147 1
16 5 75 26
16 7 1 11
16 8 17 18
16 17 14 15
16 18 174 1
16 22 1 25
16 24 40 2
16 25 1 13
17 1 1 5
17 2 151 1
17 3 24 1
17 5 29 1
17 6 47 2
17 8 23 25
17 9 160 1
17 10 6 27
17 11 2 14
17 12 1 1
17 14 78 16
17 16 36 1
17 18 1 8
17 20 1 7
17 25 2 27
18 0 146 1
18 1 6 24
18 2 11 16
18 3 48 1
18 4 99 1
18 5 1 10
18 6 53 26
18 9 130 13
18 12 1 18
18 16 1 13
18 22 3 1
18 24 1 1
18 25 31 29
19 10 109 1
19 16 4 7
19 17 16 23
19 20 9 1
19 27 9 17
20 2 1 20
20 3 220 1
20 4 144 1
20 6 73 2
20 7 165 1
20 8 1 24
20 10 69 2
20 12 1 27
20 14 59 5
20 17 1 24
20 19 4 16
21 1 1 20
21 4 2 26
21 5 6 15
21 8 1 11
21 11 99 27
21 12 65 22
22 1 1 19
22 3 21 3
22 11 52 1
22 23 2 4
22 25 3 8
23 7 16 2
23 10 77 16
23 11 29 1
23 12 1 23
23 22 2 14
24 0 75 20
24 1 43 21
24 3 17 13
24 5 17 28
24 6 2 29
24 7 204 1
24 8 37 21
24 10 127 3
24 11 36 1
24 12 1 11
24 16 35 17
24 20 2 2
24 26 3 2
25 0 51 1
25 4 1 24
25 7 2 14
25 10 148 1
25 11 54 29
25 12 1 23
25 15 1 15
25 22 5 1
25 23 3 22
25 24 18 7
25 27 30 1
26 7 18 7
26 9 53 9
27 3 1 9
27 4 16 1
27 11 190 2
27 12 3 10
27 15 10 8
27 24 24 3
27 26 2 14
