0 1 27 5
0 2 182 1
0 3 7 23
0 4 7 3
0 5 62 19
0 7 4 23
0 8 32 1
0 13 23 21
0 16 88 10
0 19 29 1
0 20 1 7
0 24 39 17
1 0 34 3
1 2 12 26
1 3 83 14
1 4 4 29
1 5 8 15
1 6 14 23
1 7 7 20
1 8 6 27
1 9 3 20
1 10 4 2
1 12 83 1
1 13 32 5
1 14 21 17
1 16 168 24
1 17 9 23
1 19 4 7
1 20 25 2
1 24 3 4
1 25 2 25
2 0 1 22
2 1 279 11
2 3 13 11
2 6 8 1
2 7 171 1
2 8 88 1
2 10 226 1
2 11 1 12
2 12 33 5
2 14 5 7
2 16 1 23
2 17 1 20
2 19 2 8
2 20 119 2
2 25 1 1
3 0 6 5
3 1 26 15
3 2 78 7
3 4 1 26
3 5 4 9
3 6 195 8
3 7 4 21
3 8 25 12
3 10 3 12
3 11 111 1
3 12 61 6
3 16 52 23
3 17 1 10
3 24 4 14
4 0 104 1
4 1 4 10
4 2 207 1
4 3 119 2
4 5 115 1
4 6 4 21
4 8 3 4
4 9 266 1
4 12 179 1
4 15 79 6
4 16 151 1
4 17 2 28
4 18 3 19
4 19 50 1
4 25 31 2
4 26 54 25
5 0 4 7
5 1 5 11
5 2 1 22
5 3 4 5
5 4 100 18
5 6 446 1
5 7 28 1
5 9 5 5
5 11 1 11
5 12 103 2
5 16 11 18
5 20 2 11
5 21 6 22
5 22 1 21
5 23 17 10
5 24 55 1
5 26 2 8
6 0 2 11
6 1 128 1
6 2 2 27
6 3 24 10
6 4 125 1
6 5 347 11
6 7 12 8
6 8 8 23
6 9 122 1
6 10 7 13
6 11 2 1
6 13 2 23
6 14 7 19
6 22 1 16
6 24 90 1
6 27 73 2
7 0 169 1
7 1 1 14
7 2 80 1
7 3 28 9
7 4 12 13
7 6 226 1
7 8 22 6
7 9 10 1
7 10 81 1
7 11 134 21
7 13 2 17
7 15 32 1
7 19 65 2
7 21 1 4
7 22 112 2
7 23 173 4
7 24 112 1
7 27 147 1
8 0 38 12
8 1 18 21
8 3 27 27
8 4 4 14
8 5 15 20
8 6 38 20
8 7 14 1
8 10 9 26
8 11 405 1
8 12 1 10
8 13 1 18
8 15 45 1
8 16 10 2
8 17 49 22
8 24 68 13
8 25 13 1
8 26 80 26
9 0 175 16
9 1 1 26
9 2 7 5
9 5 149 1
9 6 4 16
9 7 186 1
9 8 1 28
9 10 5 22
9 12 2 27
9 13 15 1
9 14 31 2
9 17 2 17
9 20 125 1
9 24 1 27
9 25 1 22
10 0 22 2
10 3 126 1
10 6 2 27
10 7 64 1
10 8 8 1
10 9 135 1
10 11 48 22
10 12 24 14
10 13 3 12
10 14 107 1
10 15 161 1
10 17 160 2
10 22 130 2
10 24 1 28
10 25 8 11
10 26 95 8
11 0 31 25
11 3 295 2
11 4 17 20
11 6 198 1
11 7 10 15
11 8 91 1
11 9 2 1
11 10 68 1
11 12 6 12
11 15 4 21
11 17 24 5
11 18 1 9
11 20 100 3
11 23 4 29
11 24 2 18
11 25 13 14
11 27 50 2
12 2 35 2
12 4 10 18
12 5 7 2
12 6 149 1
12 8 25 5
12 13 109 11
12 14 7 4
12 20 1 14
12 21 89 2
12 22 5 19
12 25 2 22
13 0 39 11
13 1 5 24
13 2 1 15
13 5 2 15
13 6 10 1
13 8 108 1
13 9 43 25
13 10 23 1
13 11 3 5
13 12 213 1
13 14 24 2
13 19 3 29
13 21 1 2
14 1 8 27
14 4 110 1
14 6 1 9
14 7 29 1
14 8 1 4
14 9 16 6
14 10 6 10
14 11 38 1
14 13 17 29
14 15 26 1
14 23 4 21
14 24 4 3
15 2 24 6
15 4 51 1
15 5 5 11
15 11 3 1
15 12 91 2
15 13 2 22
15 14 1 1
15 25 21 1
15 27 9 10
16 0 71 16
16 1 4 20
16 2 1 28
16 3 10 20
16 4 140 1
16 5 117 24
16 6 47 1
16 8 4 10
16 17 1 27
16 18 153 1
16 20 42 10
16 21 28 4
16 24 22 23
17 0 1 8
17 2 140 2
17 3 19 2
17 5 24 3
17 6 38 1
17 9 156 1
17 14 7 4
17 15 1 11
17 16 22 2
17 18 39 25
17 20 1 29
17 25 2 8
17 26 1 20
18 3 46 1
18 4 76 1
18 5 6 12
18 7 66 2
18 9 22 18
18 16 6 2
18 17 11 1
18 19 1 22
19 4 113 13
19 6 22 5
19 7 5 1
19 27 9 19
20 1 2 2
20 2 1 6
20 6 68 1
20 7 155 1
20 8 45 25
20 9 8 12
20 11 118 3
20 14 58 6
20 19 5 12
20 25 3 3
20 27 46 2
21 3 1 6
21 6 2 6
21 10 2 8
21 11 7 6
21 24 6 23
21 25 1 6
22 6 1 24
22 11 46 1
22 15 2 11
22 20 9 1
23 1 7 15
23 3 2 20
23 10 1 24
23 11 1 21
23 12 1 26
23 15 2 8
23 17 48 10
23 25 3 29
24 0 48 29
24 1 123 27
24 3 69 12
24 5 4 18
24 6 8 26
24 8 4 5
24 10 120 2
24 11 22 1
24 12 13 22
24 16 170 25
25 3 48 2
25 4 3 26
25 7 65 27
25 8 100 4
25 9 76 3
25 13 3 29
25 14 5 10
25 27 24 2
26 0 23 3
26 10 103 12
26 11 81 1
26 15 1 29
26 18 13 25
26 20 1 13
26 25 41 10
27 3 3 5
27 6 3 26
27 8 42 1
27 11 181 1
27 13 16 8
27 19 2 4
27 25 56 4
27 26 1 25
