0 2 159 1
0 3 207 1
0 4 2 3
0 5 419 1
0 7 231 29
0 8 87 1
0 9 177 2
0 11 75 1
0 15 19 4
0 16 14 12
0 17 1 2
0 18 1 2
0 19 14 1
0 20 1 10
0 22 1 24
0 24 37 12
0 26 3 1
1 0 180 1
1 2 20 27
1 3 25 23
1 4 48 18
1 5 62 1
1 6 8 3
1 7 8 21
1 8 94 1
1 9 4 6
1 10 3 2
1 12 76 2
1 13 30 2
1 14 9 29
1 15 62 4
1 16 50 1
1 17 13 18
1 18 2 6
1 24 299 1
1 25 2 10
2 1 5 10
2 3 30 14
2 4 24 2
2 5 1 5
2 6 310 1
2 7 158 1
2 8 92 15
2 9 9 11
2 10 203 1
2 11 1 29
2 12 30 4
2 14 4 15
2 15 2 10
2 17 1 21
2 22 9 1
2 24 16 10
3 0 126 12
3 1 53 5
3 2 4 20
3 4 1 2
3 5 29 23
3 6 184 1
3 7 3 3
3 8 44 17
3 9 112 1
3 10 1 16
3 11 89 1
3 12 59 1
3 16 47 1
3 17 18 8
3 20 157 1
3 24 35 2
4 1 6 26
4 2 193 1
4 5 50 1
4 6 44 15
4 7 227 1
4 9 231 1
4 12 170 1
4 14 2 14
4 16 143 1
4 17 32 8
4 18 68 4
4 24 1 15
5 0 98 15
5 1 137 15
5 2 3 18
5 3 230 4
5 4 420 1
5 6 296 1
5 8 114 1
5 9 14 22
5 10 1 1
5 11 11 2
5 14 6 2
5 16 57 1
5 18 1 22
5 19 20 7
5 24 63 1
5 25 37 9
6 0 7 11
6 1 388 1
6 2 2 24
6 4 97 1
6 5 2 18
6 7 66 20
6 8 107 2
6 9 96 1
6 10 3 26
6 11 1 6
6 12 4 2
6 14 1 16
6 21 1 14
6 23 1 11
6 26 82 15
6 27 71 1
7 0 145 1
7 2 57 1
7 3 49 26
7 4 4 12
7 5 13 1
7 6 186 1
7 8 12 9
7 9 6 1
7 10 59 1
7 11 7 3
7 12 5 1
7 13 1 24
7 15 17 2
7 16 7 28
7 17 1 29
7 19 60 1
7 22 108 2
7 23 168 1
7 24 97 1
7 25 1 28
7 26 1 28
8 0 144 1
8 1 1 17
8 2 19 1
8 3 165 15
8 4 1 10
8 5 58 1
8 6 59 29
8 9 3 10
8 10 28 26
8 11 386 5
8 12 7 14
8 13 18 5
8 15 38 1
8 16 158 1
8 18 43 1
8 22 17 1
8 24 59 27
8 26 1 4
9 1 2 13
9 5 16 1
9 6 24 9
9 7 172 1
9 8 193 8
9 10 81 17
9 11 272 1
9 12 2 6
9 14 23 1
9 15 59 3
9 16 116 1
9 24 5 6
9 26 3 2
10 0 231 3
10 2 42 3
10 3 111 1
10 4 2 25
10 5 41 28
10 6 6 26
10 7 5 5
10 8 16 27
10 9 85 1
10 11 15 2
10 12 308 1
10 13 22 3
10 14 60 1
10 15 67 24
10 17 153 1
10 24 1 23
10 25 2 3
11 0 2 24
11 2 42 1
11 4 25 23
11 5 152 1
11 6 178 1
11 7 11 25
11 8 89 12
11 9 293 1
11 10 37 1
11 14 1 13
11 15 40 28
11 16 2 29
11 17 21 2
11 18 50 16
11 19 4 8
11 20 93 1
11 22 157 4
11 24 1 1
11 25 3 13
12 3 42 3
12 4 5 20
12 5 3 1
12 6 134 1
12 8 76 25
12 9 1 15
12 13 88 22
12 20 1 25
12 21 84 2
12 23 1 26
13 9 1 19
13 10 3 23
13 11 1 5
13 12 205 2
13 14 14 1
13 15 7 2
13 19 1 26
14 0 14 22
14 2 5 28
14 6 1 27
14 8 1 17
14 9 38 27
14 10 14 6
14 11 22 1
14 12 12 1
14 13 33 4
14 15 25 12
14 18 13 3
15 0 6 14
15 2 23 1
15 4 48 1
15 7 2 28
15 8 49 13
15 9 100 1
15 11 2 5
15 12 87 2
15 14 5 1
15 22 3 22
15 23 1 27
15 25 18 1
16 0 284 1
16 1 30 26
16 2 5 19
16 3 244 1
16 4 131 2
16 5 75 1
16 7 3 7
16 8 84 1
16 10 27 3
16 17 20 7
16 18 128 1
16 20 41 2
16 22 14 7
16 23 1 22
16 24 24 1
16 27 21 10
17 0 1 6
17 1 364 1
17 6 29 1
17 7 12 20
17 8 10 8
17 9 150 1
17 11 1 17
17 13 3 28
17 16 10 2
17 18 2 23
17 26 63 18
17 27 8 18
18 2 3 10
18 3 43 2
18 4 52 1
18 5 12 7
18 6 1 4
18 7 62 1
18 10 19 19
18 16 211 2
18 24 9 8
19 1 4 1
19 16 43 20
19 20 1 6
20 1 4 10
20 2 2 7
20 3 203 2
20 4 135 1
20 7 144 1
20 8 12 9
20 9 1 5
20 10 59 1
20 12 4 17
20 14 56 2
20 15 1 27
20 16 1 9
20 17 1 18
20 18 79 11
20 19 5 29
21 3 12 26
21 4 2 27
22 3 19 9
22 19 1 8
23 1 1 28
23 3 2 14
23 10 1 7
23 11 40 4
23 22 1 3
23 24 19 3
24 0 47 22
24 1 6 11
24 3 201 1
24 5 20 16
24 7 45 2
24 8 131 2
24 9 89 10
24 10 112 2
24 11 9 2
24 16 50 1
24 19 2 1
24 23 2 16
25 6 37 1
25 7 3 24
25 8 1 3
25 10 139 1
25 11 137 1
25 15 1 6
25 16 23 16
25 17 3 6
25 26 1 20
25 27 17 2
26 0 21 16
26 1 56 1
26 3 1 10
26 7 2 3
26 9 51 14
26 10 10 8
26 11 75 3
26 16 15 1
26 23 22 3
26 25 3 27
26 27 98 1
27 0 2 5
27 1 52 8
27 7 143 1
27 10 13 8
27 11 170 1
27 13 15 15
27 14 4 11
27 19 1 10
27 26 2 4
