0 1 81 23
0 2 108 1
0 3 13 8
0 5 10 8
0 7 10 28
0 8 5 19
0 9 162 1
0 10 196 2
0 11 51 1
0 14 2 17
0 16 6 25
0 17 241 1
0 18 2 4
0 24 19 13
1 0 10 6
1 2 1 1
1 3 10 22
1 4 160 1
1 5 6 26
1 6 93 27
1 7 2 11
1 8 8 13
1 9 171 5
1 10 1 1
1 11 225 2
1 12 62 1
1 14 1 2
1 15 54 3
1 16 10 9
1 17 5 10
1 18 3 25
1 21 59 16
1 24 6 15
2 0 4 22
2 1 8 1
2 3 6 20
2 5 1 3
2 6 262 1
2 7 96 1
2 8 167 1
2 9 5 27
2 10 153 1
2 11 3 24
2 17 1 14
2 19 1 3
2 20 92 3
2 22 7 15
2 24 14 2
3 0 9 3
3 1 7 10
3 2 66 1
3 4 1 6
3 5 6 7
3 6 150 1
3 7 3 11
3 8 6 4
3 9 100 3
3 10 2 21
3 12 52 1
3 16 6 29
3 17 1 12
3 18 80 4
3 19 1 11
3 20 126 1
3 24 8 20
4 1 28 25
4 2 166 1
4 3 82 1
4 5 15 1
4 6 58 4
4 9 155 1
4 12 148 1
4 16 124 1
4 18 5 14
4 19 71 6
4 22 68 3
4 27 1 26
5 0 6 10
5 1 8 16
5 2 4 27
5 3 6 16
5 4 413 1
5 6 16 6
5 7 11 1
5 8 6 18
5 9 152 29
5 12 64 2
5 14 3 1
5 16 6 20
5 17 1 11
5 18 4 21
5 24 8 8
6 1 262 3
6 2 5 10
6 3 13 29
6 4 203 1
6 5 41 7
6 7 2 20
6 8 121 3
6 9 270 1
6 10 55 8
6 11 17 14
6 13 1 16
6 14 1 7
6 18 137 1
6 21 4 7
6 22 3 13
7 0 96 1
7 1 2 3
7 2 19 1
7 3 33 18
7 5 2 1
7 6 106 1
7 8 7 1
7 10 23 1
7 11 11 1
7 12 1 11
7 14 9 3
7 19 48 1
7 20 7 6
7 23 154 1
7 24 68 1
7 27 2 29
8 0 10 13
8 1 169 29
8 2 182 1
8 3 7 14
8 5 7 23
8 6 104 28
8 7 9 12
8 9 2 6
8 10 30 9
8 11 92 1
8 16 6 24
8 21 42 1
8 22 123 6
8 24 6 25
8 27 121 29
9 5 155 1
9 6 242 8
9 7 141 1
9 8 116 1
9 10 9 19
9 11 239 1
9 12 1 20
9 14 9 2
9 21 78 6
9 24 2 6
10 0 10 2
10 4 5 12
10 5 1 22
10 6 3 28
10 7 61 1
10 8 8 18
10 9 4 1
10 11 2 9
10 12 322 2
10 13 60 17
10 14 2 2
10 15 57 1
10 17 137 1
10 18 1 12
10 20 34 1
10 25 1 11
10 26 88 1
11 1 219 2
11 2 11 2
11 3 280 1
11 4 2 8
11 5 132 1
11 6 135 1
11 7 35 19
11 8 357 1
11 9 38 2
11 10 1 2
11 12 1 26
11 13 1 28
11 14 5 13
11 15 97 12
11 16 119 25
11 17 14 1
11 18 1 6
11 20 77 2
11 22 146 3
11 24 10 26
11 25 32 1
11 26 159 2
11 27 23 1
12 2 26 1
12 6 102 1
12 8 1 5
12 9 49 1
12 10 341 3
12 11 2 28
12 13 2 1
12 14 156 4
12 19 46 5
12 23 2 10
12 26 1 9
13 1 1 18
13 4 91 2
13 6 2 24
13 7 3 12
13 9 1 16
13 10 2 27
13 11 5 15
13 12 181 1
13 18 1 2
14 5 4 25
14 7 14 2
14 9 104 15
14 10 206 16
14 11 1 1
14 13 56 1
14 22 23 9
14 23 2 26
14 24 1 18
14 25 1 12
15 0 2 11
15 7 9 14
15 8 137 1
15 10 6 6
15 11 313 1
15 14 8 1
15 20 6 1
15 22 9 12
15 25 11 8
15 27 13 21
16 0 5 26
16 1 6 26
16 3 6 22
16 4 112 2
16 5 6 13
16 7 1 10
16 8 6 10
16 9 95 22
16 18 76 1
16 19 1 4
16 23 1 1
16 24 6 14
17 0 7 11
17 1 149 1
17 2 100 1
17 3 6 1
17 4 1 16
17 5 11 3
17 6 13 1
17 8 1 4
17 9 136 1
17 18 2 15
17 20 2 12
17 24 62 3
18 0 134 4
18 1 1 1
18 3 37 1
18 4 14 1
18 6 1 7
18 11 1 3
18 13 10 5
18 16 53 1
18 17 2 1
18 23 26 26
18 27 1 25
19 0 1 21
19 1 1 8
19 5 1 29
19 6 12 7
19 9 1 11
19 20 4 21
20 0 1 24
20 1 86 8
20 2 6 7
20 6 50 3
20 7 119 1
20 8 4 27
20 10 48 3
20 11 95 1
20 13 36 17
20 18 75 10
20 19 15 24
20 22 1 2
20 26 1 5
21 1 14 1
21 4 4 4
21 5 2 28
21 8 1 11
21 9 64 1
21 18 1 12
21 22 1 25
22 1 1 22
22 8 10 11
22 12 1 8
22 15 3 13
23 1 9 14
23 3 2 4
23 4 71 8
23 7 3 1
23 9 82 7
23 10 1 7
23 11 52 21
23 12 1 1
23 15 2 3
23 18 12 1
23 20 2 8
23 24 11 1
23 25 4 12
24 0 15 29
24 1 6 6
24 3 6 23
24 5 6 9
24 6 1 18
24 8 6 28
24 12 1 2
24 16 6 8
25 4 1 2
25 5 5 15
25 6 27 1
25 7 34 24
25 8 1 9
25 11 210 1
25 12 14 13
25 16 22 2
25 17 4 9
25 18 17 25
25 20 52 2
25 27 6 1
26 10 110 15
26 18 13 18
26 21 17 14
26 27 83 2
27 0 4 18
27 1 1 2
27 7 128 2
27 11 144 1
27 26 4 6
