0 1 275 1
0 2 2 2
0 3 246 1
0 4 350 1
0 5 177 1
0 6 317 2
0 8 228 1
0 9 2 24
0 10 6 27
0 13 1 17
0 14 4 8
0 16 7 1
0 17 14 13
0 19 17 11
0 24 241 1
1 0 57 1
1 2 15 22
1 3 299 1
1 4 266 1
1 5 101 1
1 7 166 1
1 8 221 1
1 11 4 13
1 16 306 1
1 17 387 1
1 18 63 1
1 19 175 2
1 24 72 1
1 25 1 16
2 1 79 2
2 3 341 1
2 4 25 25
2 5 81 1
2 6 1 20
2 7 1 17
2 8 174 1
2 9 31 3
2 10 1 29
2 11 55 2
2 14 1 9
2 17 44 1
2 20 1 19
3 0 185 1
3 1 226 23
3 2 119 1
3 5 16 24
3 6 1 1
3 7 6 1
3 8 263 1
3 9 121 19
3 11 2 25
3 16 273 1
3 19 2 24
3 20 2 6
3 21 5 1
3 24 286 1
3 25 27 2
4 0 2 5
4 1 3 10
4 2 1 5
4 5 53 1
4 6 275 1
4 8 100 1
4 9 1 2
4 10 259 2
4 11 160 1
4 14 1 25
4 17 3 10
4 18 219 1
4 19 2 4
4 20 1 22
4 23 1 16
5 0 319 1
5 1 81 1
5 2 24 2
5 3 322 1
5 4 310 1
5 6 106 5
5 7 1 16
5 8 320 1
5 9 22 1
5 10 2 1
5 16 358 1
5 17 37 3
5 20 1 3
5 24 291 1
6 2 94 1
6 3 106 1
6 4 4 5
6 5 40 11
6 7 103 1
6 8 60 1
6 9 36 1
6 10 181 13
6 10 295 1
6 11 182 1
6 16 1 19
6 17 202 1
6 18 4 14
6 19 52 2
6 22 1 26
6 23 1 8
6 26 76 2
7 0 1 11
7 1 3 27
7 2 1 29
7 3 334 2
7 4 62 2
7 5 297 1
7 6 6 22
7 8 251 1
7 9 248 1
7 11 281 1
7 15 1 1
7 17 41 2
7 18 56 2
7 20 2 17
7 23 1 6
7 24 1 29
7 25 319 1
7 27 1 29
8 0 242 1
8 1 282 1
8 2 350 1
8 3 377 19
8 5 327 1
8 6 100 7
8 7 5 1
8 9 233 1
8 10 8 7
8 11 1 12
8 14 3 18
8 16 49 25
8 18 190 2
8 22 1 3
8 24 324 1
9 0 1 4
9 1 1 22
9 2 3 22
9 4 17 2
9 5 373 11
9 6 247 21
9 10 1 4
9 11 215 13
9 16 1 20
9 21 70 19
10 1 215 1
10 2 2 23
10 3 4 18
10 4 2 16
10 6 200 1
10 7 10 18
10 8 65 10
10 9 3 29
10 11 305 1
10 12 8 21
10 13 52 1
10 14 2 13
10 15 11 9
10 18 11 2
10 19 38 2
10 20 162 1
10 22 5 26
10 23 3 15
10 27 2 10
11 0 21 3
11 1 1 10
11 3 1 5
11 4 15 1
11 6 5 4
11 7 6 29
11 8 9 23
11 9 97 21
11 10 2 25
11 12 1 11
11 13 137 1
11 14 379 2
11 15 27 6
11 17 130 1
11 18 1 11
11 24 387 1
11 25 315 1
11 26 5 1
11 27 246 1
12 0 60 4
12 6 2 15
12 9 31 1
12 10 6 7
12 15 33 5
12 17 100 4
12 20 1 29
12 23 1 9
13 1 1 17
13 4 1 28
13 7 65 1
13 8 185 26
13 10 153 1
13 11 96 1
13 12 1 7
13 14 31 1
13 17 1 1
13 26 14 29
14 4 1 17
14 7 5 27
14 8 244 1
14 10 310 1
14 11 3 20
14 12 163 1
14 15 96 1
14 16 5 9
14 17 61 3
14 18 39 1
14 22 1 7
15 3 52 1
15 8 2 5
15 10 304 1
15 11 3 5
15 14 119 1
15 23 38 2
16 0 1 27
16 1 348 1
16 3 204 1
16 5 11 6
16 6 131 1
16 8 7 29
16 18 4 8
16 24 257 1
16 26 26 20
17 0 199 1
17 3 182 1
17 4 189 2
17 5 151 3
17 6 305 2
17 7 26 1
17 8 2 27
17 9 1 6
17 10 4 16
17 11 3 16
17 16 5 13
17 19 77 1
18 0 2 18
18 4 7 13
18 10 1 4
18 17 155 1
19 1 70 1
19 3 57 1
19 8 69 4
19 11 134 4
19 17 70 6
19 20 6 18
20 3 1 4
20 4 1 2
20 6 181 1
20 10 175 4
20 15 37 1
20 19 6 9
20 21 1 24
20 26 45 19
21 6 1 23
21 7 39 7
21 9 1 21
21 11 2 15
21 16 2 20
22 1 30 20
22 7 59 4
22 8 1 10
22 9 1 13
22 10 150 1
22 12 58 3
22 13 8 2
22 17 26 3
22 27 13 1
23 1 2 21
23 7 159 3
23 9 2 10
23 11 69 1
23 12 2 13
23 18 24 28
23 21 16 15
24 0 295 1
24 1 252 1
24 3 255 1
24 5 217 1
24 7 98 1
24 8 304 1
24 9 1 14
24 11 11 2
24 12 1 2
24 16 262 1
24 23 28 1
25 3 1 2
25 4 1 16
25 5 15 8
25 7 134 1
25 8 2 21
25 9 2 5
25 11 267 1
25 12 1 18
25 22 12 8
25 27 4 3
26 0 49 13
26 2 1 17
26 6 29 10
26 8 1 16
26 10 2 13
26 11 167 1
26 14 24 19
26 25 1 22
26 27 4 1
27 7 163 27
27 9 1 16
27 10 1 29
27 11 171 19
27 26 108 13
