0 1 41 3
0 2 59 1
0 3 52 4
0 4 1 7
0 5 1 16
0 6 1 22
0 7 301 28
0 8 1 2
0 9 144 1
0 10 174 1
0 12 147 19
0 16 261 21
0 17 204 2
0 18 1 27
0 19 6 26
0 20 1 5
0 22 2 28
0 24 2 4
0 25 82 6
0 27 2 23
1 0 7 26
1 2 189 1
1 3 217 15
1 4 271 26
1 5 106 4
1 6 3 11
1 7 11 24
1 8 381 11
1 9 1 3
1 10 100 22
1 11 51 25
1 16 1 9
1 17 3 19
1 18 2 6
1 20 3 5
1 24 365 18
1 27 12 1
2 0 6 28
2 1 22 1
2 3 114 1
2 4 20 4
2 5 1 14
2 6 196 1
2 7 43 1
2 8 41 1
2 9 1 27
2 10 101 1
2 11 9 17
2 14 9 3
2 17 2 26
2 25 24 1
2 26 1 2
3 0 78 10
3 1 3 7
3 2 92 1
3 4 9 27
3 5 49 28
3 6 108 2
3 7 8 20
3 8 1 11
3 9 86 1
3 16 1 15
3 17 3 28
3 18 76 2
3 19 35 9
3 20 92 1
3 24 2 5
3 27 1 15
4 1 8 6
4 2 130 1
4 3 57 1
4 5 34 1
4 6 4 22
4 7 173 1
4 8 5 19
4 9 83 1
4 10 2 14
4 12 124 1
4 16 103 2
4 18 1 25
4 19 116 2
4 23 2 23
5 0 1 10
5 1 3 1
5 3 2 28
5 4 277 1
5 6 2 8
5 8 4 3
5 9 150 1
5 10 2 17
5 11 5 14
5 16 19 3
5 17 2 18
5 24 1 6
6 0 1 7
6 1 119 1
6 2 15 16
6 3 2 1
6 4 105 1
6 5 90 1
6 7 35 14
6 8 171 1
6 9 103 1
6 10 13 10
6 11 38 13
6 12 1 29
6 14 145 25
6 15 17 2
6 17 4 1
6 18 115 3
6 25 1 29
6 26 1 1
7 0 52 1
7 1 242 1
7 3 1 28
7 4 1 3
7 6 42 1
7 8 199 1
7 11 13 5
7 14 1 3
7 16 1 7
7 17 7 16
7 22 88 3
7 23 137 2
7 24 40 1
7 25 6 13
7 27 3 21
8 0 2 28
8 1 14 17
8 2 121 1
8 3 98 17
8 4 1 21
8 5 5 26
8 6 362 1
8 7 33 13
8 9 22 13
8 10 16 20
8 11 331 1
8 16 44 16
8 18 19 1
8 20 76 1
8 24 16 2
8 26 1 15
9 0 34 3
9 4 17 18
9 5 1 1
9 6 7 5
9 8 205 2
9 10 5 20
9 11 201 1
9 12 19 20
9 13 2 1
9 22 35 5
9 23 1 17
9 26 1 1
9 27 1 21
10 1 12 25
10 2 14 1
10 3 50 1
10 4 336 7
10 5 67 1
10 6 154 4
10 7 406 1
10 8 29 17
10 9 6 16
10 11 1 20
10 12 293 1
10 14 1 12
10 15 84 1
10 17 120 3
10 18 1 29
10 22 87 2
10 25 1 21
10 26 81 1
11 0 1 9
11 2 34 1
11 3 227 1
11 4 2 15
11 5 109 2
11 6 92 1
11 7 436 17
11 8 336 10
11 9 28 1
11 10 2 7
11 13 16 19
11 14 2 18
11 15 249 24
11 16 2 26
11 17 8 1
11 20 61 2
11 24 3 25
11 25 124 1
11 26 151 6
12 2 20 1
12 4 1 29
12 6 69 2
12 8 21 22
12 9 366 1
12 10 338 12
12 11 1 25
12 13 172 1
12 17 16 8
12 22 52 1
12 23 14 17
12 24 61 1
13 5 1 8
13 6 3 23
13 10 21 5
13 11 4 28
13 12 145 1
13 14 3 26
13 16 3 16
13 25 9 2
14 4 89 1
14 7 190 1
14 8 5 2
14 10 69 6
14 11 1 20
14 13 36 1
14 19 5 20
14 20 1 22
14 23 1 25
15 0 9 23
15 2 17 2
15 6 2 1
15 7 3 16
15 8 162 1
15 9 77 2
15 10 2 28
15 11 272 1
16 0 39 23
16 1 2 25
16 3 42 3
16 4 92 1
16 5 2 17
16 8 1 29
16 12 58 8
16 17 23 1
16 18 32 1
16 23 25 17
16 24 78 11
16 25 1 7
17 0 1 27
17 1 299 1
17 2 71 2
17 4 3 5
17 7 20 5
17 8 1 25
17 10 25 8
17 11 1 21
17 13 1 5
18 1 2 1
18 2 18 15
18 3 31 1
18 5 1 15
18 6 8 6
18 7 43 2
18 8 168 3
18 9 136 25
18 16 14 1
19 0 2 12
19 1 8 10
19 11 57 2
19 20 4 29
20 0 6 1
20 2 7 16
20 4 113 3
20 7 93 2
20 9 1 8
20 10 37 3
20 14 48 11
20 16 22 22
20 17 2 19
20 19 72 13
21 4 45 23
21 22 7 3
21 24 15 19
21 26 4 21
22 3 17 2
22 5 4 10
22 6 8 13
22 9 76 9
22 12 2 26
22 14 2 2
22 23 1 6
23 8 106 1
23 9 84 9
23 11 3 5
24 0 1 6
24 1 38 7
24 2 36 4
24 3 29 29
24 5 2 7
24 8 80 26
24 10 74 2
24 11 1 4
24 16 2 21
24 18 39 22
24 20 1 10
24 21 2 17
24 23 17 24
25 0 29 5
25 1 2 20
25 3 41 9
25 4 10 17
25 7 1 28
25 8 1 19
25 9 57 1
25 11 139 1
25 14 40 7
25 15 1 13
25 17 9 11
26 5 1 23
26 11 50 4
26 14 26 6
26 15 1 5
26 17 61 17
26 27 57 1
27 0 25 25
27 6 4 6
27 10 1 26
27 11 115 2
27 15 4 1
27 25 45 1
27 26 1 1
