0 1 314 1
0 2 46 1
0 3 115 1
0 4 1 1
0 5 99 18
0 6 1 10
0 7 1 19
0 8 349 1
0 10 167 1
0 13 2 21
0 16 86 1
0 17 192 1
0 19 5 29
0 20 1 13
0 23 79 14
0 24 11 17
0 27 1 18
1 0 213 1
1 2 164 1
1 3 207 1
1 4 2 4
1 5 97 1
1 6 22 28
1 7 9 4
1 8 325 1
1 9 2 15
1 10 5 17
1 16 70 1
1 17 2 5
1 20 1 3
1 22 2 5
1 24 65 1
2 0 11 19
2 1 8 24
2 3 225 1
2 4 11 1
2 6 174 1
2 7 30 1
2 8 15 1
2 9 1 29
2 10 86 1
2 11 1 19
2 15 2 24
2 16 2 2
2 17 11 6
2 20 66 1
3 0 388 1
3 1 48 1
3 2 47 1
3 4 6 24
3 5 120 1
3 7 4 19
3 8 397 1
3 9 82 2
3 10 1 11
3 16 75 1
3 17 7 4
3 18 74 8
3 20 82 1
3 22 1 24
3 24 7 16
3 25 1 1
3 27 1 16
4 1 4 17
4 2 117 2
4 5 14 1
4 6 2 13
4 7 164 1
4 8 4 2
4 9 64 1
4 14 58 4
4 16 97 1
4 18 1 8
4 21 6 23
4 27 3 19
5 0 36 1
5 3 8 19
5 4 227 1
5 6 10 7
5 8 3 24
5 9 18 2
5 10 14 22
5 11 3 28
5 12 32 1
5 16 31 1
5 17 4 3
5 18 10 25
5 19 14 8
5 21 1 13
5 24 104 1
5 26 4 9
6 0 1 20
6 1 79 1
6 3 1 28
6 4 76 1
6 5 4 1
6 7 1 13
6 8 97 1
6 9 64 1
6 10 36 6
6 11 3 20
6 12 1 5
6 13 1 9
6 14 13 1
6 16 148 1
6 17 5 1
6 18 109 1
6 20 1 2
7 0 40 2
7 6 27 1
7 8 142 1
7 11 24 7
7 15 4 6
7 16 1 28
7 17 7 25
7 20 5 1
7 23 131 2
7 24 32 2
7 25 4 17
8 0 145 9
8 1 116 2
8 2 229 1
8 3 186 10
8 5 59 25
8 6 314 1
8 7 8 29
8 9 6 17
8 10 171 11
8 11 310 1
8 12 1 6
8 13 1 2
8 14 247 1
8 16 111 8
8 17 111 2
8 18 16 1
8 20 69 1
8 21 35 1
8 22 132 4
8 24 66 1
8 26 1 4
8 27 118 4
9 0 32 1
9 2 143 1
9 4 362 16
9 5 1 25
9 6 117 4
9 8 98 1
9 10 11 5
9 11 188 1
9 12 12 25
9 17 29 5
9 22 34 1
9 25 2 20
10 0 210 2
10 1 7 26
10 2 5 1
10 3 42 1
10 4 352 4
10 5 63 1
10 6 5 1
10 7 389 1
10 8 2 1
10 9 2 11
10 11 6 9
10 12 282 1
10 14 8 28
10 15 21 1
10 17 115 1
10 18 1 4
10 20 22 2
10 22 81 3
10 23 8 1
10 24 1 4
10 25 4 13
11 0 85 9
11 2 26 26
11 3 209 1
11 4 3 27
11 5 102 1
11 6 80 1
11 7 6 22
11 8 327 1
11 9 19 1
11 10 1 21
11 12 17 1
11 14 1 7
11 15 5 12
11 18 4 22
11 19 6 26
11 20 57 1
11 22 127 1
11 24 1 19
11 25 335 6
11 27 5 1
12 4 1 2
12 6 60 1
12 9 14 1
12 10 336 2
12 11 82 22
12 13 161 1
12 18 116 11
12 19 42 2
12 21 57 1
12 22 50 5
12 23 69 11
12 25 1 29
13 1 21 4
13 6 4 28
13 7 1 24
13 8 52 2
13 10 1 15
13 11 1 22
13 12 132 1
13 14 1 28
13 17 1 22
14 1 121 14
14 4 86 3
14 5 12 25
14 6 2 12
14 7 182 1
14 8 18 18
14 10 108 14
14 13 28 1
14 15 1 24
14 17 81 13
15 1 31 3
15 2 16 1
15 7 2 23
15 8 155 2
15 9 73 1
15 10 6 13
15 11 218 1
15 12 63 3
15 13 7 11
15 20 2 21
15 23 1 18
16 0 19 24
16 1 200 1
16 3 104 1
16 4 85 2
16 5 84 1
16 6 23 6
16 8 60 1
16 17 329 1
16 18 21 1
16 24 119 2
16 27 18 15
17 0 1 11
17 1 273 1
17 2 63 1
17 4 2 9
17 11 134 7
17 21 58 4
17 24 57 6
18 0 120 1
18 1 2 17
18 2 19 19
18 5 1 6
18 6 1 29
18 8 163 2
18 10 19 16
18 11 2 8
18 16 177 1
18 20 100 3
18 22 1 20
19 0 2 1
19 1 18 28
19 2 1 3
19 7 147 1
19 15 4 20
19 20 6 8
19 25 16 7
19 26 1 9
20 0 14 16
20 1 1 12
20 3 134 1
20 6 35 2
20 7 85 1
20 8 1 1
20 9 1 17
20 11 73 1
20 13 2 7
20 14 47 4
20 17 6 2
20 19 22 12
21 1 1 9
21 2 4 5
21 3 13 15
21 9 58 2
21 11 99 1
21 12 3 19
21 13 1 20
21 16 1 19
21 22 19 27
22 4 1 9
22 6 1 10
22 14 1 15
22 15 1 18
22 17 3 3
22 26 16 2
23 10 1 22
23 11 1 25
23 12 1 26
23 17 41 2
23 18 10 8
24 0 109 1
24 1 64 1
24 3 135 1
24 5 112 15
24 7 165 1
24 8 124 1
24 9 77 7
24 11 2 18
24 12 31 14
24 16 104 7
24 20 1 17
24 21 13 14
25 4 32 14
25 6 16 4
25 7 1 25
25 8 1 16
25 11 240 1
25 12 63 1
25 22 2 2
25 24 4 4
26 1 49 2
26 9 45 4
26 11 46 1
26 15 1 5
26 27 47 1
27 3 7 17
27 6 1 21
27 7 107 1
27 10 3 7
27 11 106 1
27 13 14 17
27 14 2 19
27 16 11 2
27 20 6 6
27 25 39 21
27 26 1 26
