0 1 185 1
0 2 41 1
0 3 318 15
0 5 36 1
0 6 7 28
0 7 2 21
0 8 254 1
0 9 135 1
0 10 164 2
0 13 1 20
0 14 3 10
0 16 245 1
0 17 187 1
0 18 2 20
0 20 2 17
0 22 2 5
0 24 197 1
1 0 12 17
1 2 217 1
1 3 142 1
1 4 188 12
1 5 230 1
1 6 4 16
1 7 7 6
1 8 433 1
1 13 17 1
1 16 15 1
1 17 7 16
1 18 1 8
1 21 60 16
1 24 36 1
2 0 3 4
2 1 110 1
2 3 212 1
2 4 6 1
2 6 165 1
2 7 25 1
2 8 8 1
2 10 80 1
2 11 4 19
2 12 15 7
2 17 13 18
2 19 32 1
2 24 10 4
3 0 346 1
3 1 245 1
3 2 27 1
3 4 190 10
3 5 63 1
3 6 91 1
3 7 80 21
3 8 330 1
3 16 126 1
3 17 5 16
3 19 3 1
3 22 3 25
3 24 88 9
4 0 12 1
4 1 4 22
4 2 112 1
4 3 47 1
4 5 8 1
4 6 3 17
4 7 160 2
4 8 1 4
4 9 57 1
4 10 2 12
4 14 1 9
4 16 94 1
4 18 3 9
4 24 1 1
5 0 43 23
5 1 2 5
5 3 213 1
5 4 208 1
5 6 20 1
5 7 156 1
5 8 34 27
5 9 15 1
5 10 3 22
5 11 1 11
5 12 29 2
5 13 1 9
5 15 2 2
5 16 27 3
5 17 1 12
5 18 1 4
5 21 1 19
5 24 297 1
6 1 65 1
6 3 96 17
6 4 66 1
6 8 34 3
6 9 50 1
6 10 38 20
6 11 5 12
6 12 1 12
6 13 1 9
6 17 3 14
6 25 1 20
6 26 80 2
6 27 57 1
7 0 36 1
7 4 3 13
7 5 2 28
7 8 118 1
7 11 27 25
7 13 37 24
7 15 4 26
7 16 1 23
7 20 270 2
7 23 129 2
7 24 30 1
7 25 1 9
7 26 4 19
7 27 5 6
8 0 139 1
8 1 73 5
8 2 203 1
8 3 123 1
8 4 3 8
8 5 176 1
8 6 147 2
8 7 94 15
8 9 4 4
8 10 30 27
8 11 48 1
8 12 1 11
8 14 242 2
8 16 23 1
8 18 14 1
8 19 11 3
8 24 4 2
9 1 2 27
9 3 1 23
9 4 35 2
9 5 2 4
9 6 20 23
9 7 95 1
9 8 92 1
9 10 2 17
9 11 183 1
9 12 6 29
9 15 29 4
9 17 10 20
9 20 108 1
9 23 2 20
9 27 1 10
10 0 208 1
10 1 2 13
10 2 92 1
10 3 38 2
10 5 201 1
10 6 8 3
10 7 381 1
10 8 1 24
10 9 8 8
10 11 66 22
10 12 278 1
10 13 150 11
10 14 3 20
10 15 14 1
10 18 13 19
10 23 6 3
10 25 2 22
10 26 79 1
11 0 1 14
11 2 142 1
11 3 201 1
11 4 1 18
11 5 99 2
11 6 75 1
11 7 6 8
11 8 317 1
11 9 15 8
11 10 10 11
11 12 1 14
11 14 2 20
11 19 106 11
11 20 55 1
11 22 125 2
11 23 113 1
11 24 5 22
11 25 332 1
11 26 148 1
11 27 4 6
12 1 2 2
12 4 1 13
12 5 1 8
12 6 56 1
12 8 1 12
12 9 342 1
12 13 156 1
12 14 137 1
12 15 1 27
12 20 2 12
12 22 72 14
12 26 2 20
12 27 49 1
13 4 88 1
13 7 5 12
13 10 5 29
13 12 127 1
13 14 1 21
13 18 6 23
14 0 13 4
14 6 1 29
14 7 179 1
14 8 4 28
14 10 48 1
14 11 3 24
14 13 24 1
14 15 1 26
14 17 15 27
14 20 3 29
14 22 16 1
14 23 4 28
14 25 25 6
15 0 43 15
15 1 30 2
15 7 17 15
15 8 152 3
15 9 71 1
15 10 60 19
15 11 219 1
15 12 62 1
16 0 118 1
16 1 127 1
16 2 4 17
16 3 76 1
16 4 83 1
16 5 154 1
16 6 22 6
16 7 12 25
16 9 13 25
16 14 41 11
16 17 323 1
16 19 1 2
16 20 31 1
16 24 30 11
17 0 6 19
17 1 258 1
17 2 59 2
17 4 1 3
17 7 1 9
17 8 1 25
17 11 6 15
17 16 1 14
17 18 1 16
17 21 58 1
17 23 2 7
17 24 57 1
18 1 2 11
18 2 11 8
18 5 1 29
18 8 161 3
18 11 2 2
18 16 170 1
18 19 1 2
18 20 100 1
19 0 6 28
19 2 6 17
19 3 1 28
19 6 5 2
19 7 146 1
19 11 53 1
19 20 66 20
19 27 12 24
20 0 4 13
20 1 2 27
20 2 2 8
20 3 129 1
20 4 108 1
20 6 34 1
20 7 82 2
20 9 3 25
20 10 32 3
20 17 1 20
20 18 69 2
20 19 10 22
21 8 1 28
21 10 4 5
21 12 54 7
21 23 6 1
21 24 1 9
21 25 1 23
21 26 4 2
22 6 7 13
22 8 1 20
22 11 12 1
22 21 2 1
23 9 84 1
23 10 5 5
23 11 11 16
23 15 5 23
23 24 1 2
24 0 25 16
24 1 35 24
24 3 38 1
24 5 170 1
24 6 1 9
24 7 161 1
24 8 83 1
24 11 1 1
24 15 1 20
24 16 9 25
24 20 1 26
24 21 6 10
24 23 17 24
25 5 1 9
25 6 15 3
25 7 2 1
25 8 1 12
25 9 53 1
25 10 23 1
25 11 221 1
25 14 39 4
25 15 2 20
25 16 20 1
25 20 45 1
25 23 8 27
26 6 12 28
26 7 1 15
26 15 3 26
26 16 13 1
26 18 13 24
26 23 17 20
26 27 43 1
27 1 76 20
27 2 1 22
27 6 4 26
27 7 104 1
27 9 74 4
27 10 1 29
27 11 102 1
27 19 1 28
27 20 6 2
27 26 1 13
