0 1 2 16
0 3 340 1
0 4 1 28
0 5 23 1
0 6 3 8
0 8 246 1
0 9 124 2
0 10 151 1
0 11 13 3
0 14 3 2
0 15 4 1
0 16 26 1
0 17 165 1
0 18 4 5
0 19 11 5
0 20 90 2
0 21 1 1
0 23 79 1
0 24 44 1
0 26 1 21
1 0 169 1
1 2 116 1
1 3 16 1
1 4 274 1
1 5 81 1
1 6 2 17
1 7 1 14
1 8 84 1
1 14 5 17
1 16 21 1
1 17 6 4
1 18 12 18
1 23 1 2
1 24 98 1
2 0 13 14
2 1 216 1
2 3 20 1
2 4 154 1
2 6 126 1
2 10 55 2
2 11 7 22
2 12 12 4
2 15 30 29
2 16 1 3
2 19 30 6
2 20 53 1
3 0 306 1
3 1 10 18
3 4 6 19
3 5 43 1
3 6 69 1
3 7 3 11
3 8 172 1
3 10 2 2
3 16 20 1
3 17 1 23
3 20 60 1
3 22 4 9
3 24 27 1
3 25 1 19
4 0 3 1
4 1 3 1
4 2 90 1
4 6 2 13
4 7 143 2
4 8 1 3
4 9 29 1
4 10 1 20
4 12 100 2
4 16 83 1
4 17 268 3
4 18 8 25
4 19 1 5
4 21 4 23
4 25 14 7
4 26 55 3
4 27 44 27
5 0 27 1
5 1 170 1
5 3 41 1
5 4 125 1
5 6 18 23
5 7 133 1
5 8 30 1
5 9 241 1
5 10 22 8
5 12 18 1
5 16 31 1
5 21 3 6
5 24 50 1
5 25 37 24
6 1 19 1
6 2 12 2
6 3 1 12
6 4 28 1
6 5 12 15
6 7 19 5
6 8 3 10
6 9 9 1
6 10 2 5
6 11 2 4
6 13 1 26
6 17 11 3
6 18 94 1
6 19 3 3
6 20 2 28
6 21 1 16
6 26 79 2
7 0 20 1
7 1 6 1
7 2 1 14
7 3 5 11
7 4 3 4
7 5 1 9
7 6 5 1
7 8 103 1
7 9 1 7
7 11 80 11
7 15 1 4
7 16 1 12
7 17 13 4
7 22 77 2
7 23 118 2
7 24 18 3
7 25 16 25
8 1 78 1
8 2 160 1
8 3 59 1
8 5 7 1
8 6 301 1
8 7 52 18
8 9 29 14
8 10 270 6
8 10 184 29
8 11 296 1
8 12 1 25
8 14 219 1
8 16 30 1
8 18 10 1
8 19 8 4
8 20 57 1
8 21 32 3
8 22 127 4
8 24 147 11
8 25 1 23
9 1 73 1
9 2 134 1
9 4 346 1
9 5 26 18
9 6 402 22
9 7 78 1
9 8 147 1
9 10 35 1
9 11 160 1
9 12 2 10
9 15 23 2
9 18 3 9
9 20 105 1
9 21 70 1
10 0 196 1
10 1 13 20
10 2 87 1
10 3 25 2
10 5 181 1
10 6 13 19
10 7 12 1
10 8 20 4
10 9 5 29
10 12 257 1
10 13 1 6
10 14 6 11
10 15 61 1
10 17 103 1
10 18 1 10
10 20 16 5
10 23 124 2
11 0 1 23
11 2 125 1
11 3 168 1
11 5 86 2
11 6 55 1
11 7 246 28
11 7 226 1
11 8 71 1
11 9 1 2
11 10 2 15
11 12 19 5
11 14 2 7
11 15 221 1
11 20 46 2
11 22 116 2
11 24 11 29
11 25 298 1
12 3 24 1
12 5 2 2
12 6 41 1
12 9 304 1
12 11 4 24
12 13 134 1
12 14 127 1
12 15 1 25
12 18 114 11
12 19 40 8
12 23 14 17
12 24 57 3
13 5 1 3
13 6 1 2
13 7 1 9
13 8 40 1
13 10 4 24
13 11 1 7
13 12 103 2
13 17 1 18
13 21 14 2
14 6 4 29
14 7 161 1
14 8 1 22
14 10 80 1
14 11 1 17
14 13 10 1
14 15 13 5
14 17 15 15
14 22 12 2
14 25 5 15
15 1 26 5
15 7 1 11
15 8 140 2
15 9 63 1
15 10 3 16
15 11 147 1
15 12 55 4
15 14 1 22
16 0 60 1
16 1 32 1
16 2 3 22
16 3 62 1
16 4 71 2
16 5 49 1
16 8 155 1
16 17 295 1
16 23 25 27
16 24 49 1
17 0 2 15
17 1 57 1
17 2 45 1
17 4 1 27
17 7 3 9
17 9 104 1
17 10 2 21
17 15 4 4
17 16 9 1
17 18 39 23
17 24 54 5
17 25 45 26
18 0 112 1
18 1 1 5
18 2 12 2
18 3 25 1
18 4 2 23
18 6 5 23
18 8 152 2
18 11 5 25
18 16 147 1
18 22 1 24
18 23 1 21
18 26 32 14
19 0 3 19
19 4 131 14
19 6 3 1
19 17 15 2
19 20 2 18
20 1 2 13
20 2 19 20
20 3 110 1
20 4 101 2
20 5 1 3
20 6 28 1
20 9 23 13
20 17 4 7
20 19 234 2
21 1 1 13
21 8 1 10
21 12 53 1
21 18 1 2
21 24 1 1
22 1 1 14
22 4 1 28
22 6 12 14
22 11 8 1
22 12 4 9
22 20 4 1
23 11 9 2
23 12 1 16
23 13 8 4
23 15 27 1
23 19 8 27
23 25 6 27
23 26 12 7
24 0 35 1
24 1 31 1
24 3 61 1
24 5 23 1
24 6 3 23
24 7 146 2
24 8 98 1
24 10 55 3
24 11 1 28
24 12 2 18
24 16 32 1
25 5 5 28
25 6 11 6
25 7 2 27
25 8 1 22
25 9 48 1
25 10 16 1
25 11 182 1
25 15 8 11
25 16 19 4
25 20 42 3
25 23 8 1
26 1 46 15
26 3 2 13
26 11 38 1
26 18 4 22
26 20 2 16
27 0 2 28
27 3 32 27
27 5 2 6
27 6 1 1
27 7 95 1
27 8 17 1
27 10 1 14
27 11 86 2
27 14 9 24
27 15 2 15
27 16 10 2
27 19 4 21
27 25 6 2
27 26 31 9
