0 1 160 1
0 2 20 2
0 3 328 1
0 5 8 12
0 6 30 16
0 8 231 1
0 9 123 3
0 10 150 1
0 14 3 10
0 16 3 29
0 17 163 1
0 18 1 29
0 19 1 4
0 20 95 10
0 23 78 3
0 24 39 1
0 27 2 9
1 0 165 1
1 2 106 1
1 3 6 1
1 4 271 1
1 5 69 1
1 6 1 13
1 7 17 29
1 8 71 1
1 10 102 24
1 11 2 10
1 12 33 2
1 15 36 1
1 16 19 1
1 17 8 24
1 19 1 1
1 21 1 24
1 23 1 25
1 24 97 1
2 0 6 19
2 1 206 1
2 3 11 15
2 4 152 2
2 6 123 1
2 8 3 14
2 10 54 1
2 20 52 2
3 0 293 1
3 1 79 1
3 4 4 4
3 5 28 1
3 6 67 2
3 7 138 23
3 8 93 1
3 9 71 3
3 10 2 29
3 12 39 1
3 16 6 1
3 17 3 9
3 18 71 3
3 19 28 1
3 20 59 1
3 24 19 1
3 27 1 19
4 0 3 2
4 1 3 10
4 2 89 1
4 3 34 1
4 6 19 8
4 7 142 2
4 8 3 10
4 9 28 1
4 10 8 14
4 12 99 1
4 16 82 1
5 0 12 1
5 1 158 1
5 3 27 1
5 4 119 1
5 6 18 12
5 7 131 1
5 8 24 1
5 9 229 1
5 10 5 21
5 16 17 1
5 17 14 3
5 19 13 1
5 20 1 8
5 21 1 5
5 24 37 1
5 26 4 8
6 0 53 4
6 1 16 1
6 2 11 1
6 3 106 8
6 4 26 1
6 5 18 25
6 8 4 11
6 9 7 1
6 10 13 2
6 11 1 9
6 12 3 8
6 13 1 10
6 17 4 17
6 18 93 1
6 22 6 11
6 26 78 12
7 1 148 1
7 3 19 2
7 4 1 1
7 5 3 16
7 6 4 1
7 8 94 1
7 11 70 10
7 13 1 25
7 14 1 1
7 15 10 25
7 17 7 22
7 19 24 2
7 22 77 2
7 23 117 1
7 25 1 4
8 0 5 27
8 1 61 1
8 2 152 1
8 3 50 1
8 4 155 22
8 5 2 1
8 6 260 1
8 7 10 6
8 9 31 5
8 10 3 7
8 11 292 1
8 12 1 23
8 16 28 1
8 17 188 4
8 20 56 1
8 24 5 1
9 1 72 1
9 3 1 14
9 4 343 1
9 5 5 21
9 6 15 1
9 8 143 1
9 10 32 1
9 12 32 10
9 15 23 2
9 16 106 1
9 18 1 14
10 0 195 1
10 1 14 6
10 2 85 1
10 3 25 1
10 5 179 1
10 6 7 14
10 7 10 1
10 8 4 1
10 9 4 13
10 11 17 2
10 12 255 1
10 13 1 22
10 14 3 11
10 15 59 1
10 18 20 7
10 23 124 1
10 25 10 23
10 26 74 4
11 0 2 21
11 1 279 1
11 3 166 1
11 5 86 1
11 6 53 2
11 7 217 1
11 8 68 22
11 10 2 6
11 13 41 19
11 14 2 15
11 15 217 2
11 18 8 18
11 19 1 29
11 20 46 1
11 22 116 1
11 24 6 8
11 25 291 1
12 1 1 21
12 4 55 8
12 5 2 26
12 6 40 2
12 8 1 29
12 9 300 1
12 10 323 1
12 13 132 1
12 14 126 3
12 21 48 1
12 25 1 10
13 6 70 5
13 7 3 24
13 9 64 7
13 10 14 19
13 12 102 1
13 14 1 8
13 19 1 22
13 21 14 1
14 1 10 2
14 3 2 7
14 6 2 12
14 7 159 1
14 8 1 23
14 9 161 7
14 10 81 1
14 11 1 8
14 15 5 20
14 20 3 29
14 22 12 7
15 7 4 5
15 8 139 1
15 10 1 26
15 11 136 1
15 13 7 3
15 14 1 16
15 23 1 2
15 25 2 1
15 27 30 17
16 0 46 1
16 1 18 1
16 3 52 1
16 4 70 3
16 5 36 1
16 6 18 3
16 7 5 11
16 8 141 1
16 10 13 2
16 15 1 20
16 17 292 1
16 18 4 1
16 22 15 26
16 24 35 1
17 1 52 1
17 4 1 12
17 8 2 24
17 11 49 14
17 14 8 1
17 16 4 8
17 18 2 11
18 1 2 27
18 2 12 4
18 3 24 5
18 4 2 28
18 5 1 13
18 6 3 12
18 8 151 3
18 10 19 4
18 16 144 1
18 19 1 26
18 22 1 23
18 23 27 28
18 24 16 22
19 0 1 14
19 7 140 2
19 8 2 11
19 9 50 14
19 17 15 1
19 20 40 19
19 24 1 3
19 26 12 18
19 27 1 15
20 0 6 23
20 1 2 29
20 2 1 8
20 3 108 1
20 4 101 1
20 7 68 1
20 8 1 18
20 9 1 22
20 11 61 1
20 12 8 7
20 17 2 23
20 19 319 16
21 10 75 26
21 18 2 29
21 20 11 1
22 7 1 1
22 11 8 1
22 13 7 4
22 14 2 9
22 18 2 1
22 20 3 26
22 23 1 25
23 1 2 8
23 8 96 2
23 9 83 1
23 10 1 16
23 11 10 23
23 12 1 5
23 15 6 29
23 16 3 28
23 20 60 19
23 27 5 10
24 0 21 1
24 1 17 23
24 2 34 4
24 3 47 1
24 5 20 1
24 7 145 1
24 8 84 1
24 11 1 5
24 16 19 1
24 17 2 9
24 27 16 1
25 1 3 3
25 4 1 2
25 5 33 14
25 7 4 13
25 11 176 1
25 13 1 7
25 14 37 2
25 22 2 3
25 23 1 3
26 2 4 27
26 4 60 29
26 5 1 26
26 6 13 25
26 8 85 2
26 9 43 3
27 6 82 9
27 10 1 3
27 11 85 1
27 16 10 10
27 25 6 1
27 26 7 24
