0 1 29 20
0 2 3 2
0 3 69 20
0 4 2 12
0 5 42 6
0 6 2 2
0 7 2 15
0 8 63 18
0 9 107 2
0 10 131 1
0 14 12 2
0 16 18 21
0 17 131 1
0 19 16 23
0 20 77 7
0 22 26 29
0 24 26 19
0 25 68 4
0 26 3 27
1 0 21 14
1 2 67 1
1 3 346 18
1 4 198 1
1 5 19 13
1 7 6 8
1 8 17 18
1 11 2 18
1 16 17 11
1 17 20 4
1 18 3 1
1 19 1 28
1 22 1 11
1 24 17 16
1 25 2 18
2 0 2 7
2 1 62 6
2 3 4 1
2 4 120 1
2 5 1 11
2 6 72 1
2 8 3 5
2 10 25 1
2 11 2 3
2 15 1 11
2 19 27 1
2 20 38 1
2 22 4 7
2 26 1 27
3 0 241 11
3 1 20 4
3 2 7 1
3 4 1 11
3 5 17 29
3 6 40 1
3 7 7 13
3 8 15 8
3 9 59 4
3 10 3 18
3 12 33 3
3 13 1 8
3 15 22 1
3 16 17 21
3 20 36 2
3 24 32 17
4 1 158 15
4 2 59 1
4 5 8 9
4 6 1 7
4 7 118 1
4 8 7 21
4 9 4 3
4 10 3 29
4 12 80 2
4 13 3 23
4 16 66 1
4 17 19 2
4 18 12 16
4 19 1 27
4 26 55 14
5 0 17 18
5 1 18 4
5 3 17 29
5 4 32 1
5 6 38 2
5 7 98 1
5 8 22 12
5 9 26 1
5 10 4 4
5 11 2 14
5 12 6 3
5 16 46 24
5 18 15 7
5 24 228 16
6 1 1 4
6 2 269 1
6 3 3 21
6 4 1 1
6 5 104 6
6 7 81 1
6 8 18 22
6 9 1 12
6 10 5 22
6 11 74 15
6 14 149 6
6 15 5 1
6 16 139 7
6 17 1 16
6 18 75 1
6 21 1 9
6 23 89 22
6 24 50 2
7 0 4 1
7 1 221 1
7 2 1 6
7 3 269 1
7 4 2 5
7 8 376 1
7 9 3 17
7 11 68 10
7 13 2 2
7 15 6 4
7 17 1 5
7 20 253 1
7 22 68 2
7 23 101 3
7 24 6 1
7 25 1 20
7 26 1 26
7 27 186 2
8 0 35 10
8 1 17 1
8 2 45 1
8 3 44 17
8 5 21 2
8 6 12 1
8 7 35 17
8 9 2 27
8 10 314 1
8 11 225 1
8 12 4 3
8 14 181 1
8 16 17 14
8 18 4 5
8 20 42 1
8 24 193 22
9 1 146 1
9 4 328 1
9 5 13 25
9 6 352 1
9 7 54 2
9 8 112 1
9 10 240 1
9 11 126 1
9 12 2 12
9 15 15 1
9 20 98 5
9 21 66 2
9 22 24 1
9 23 1 4
9 24 10 18
9 27 1 18
10 0 177 2
10 2 52 1
10 3 11 1
10 5 155 1
10 6 6 28
10 7 321 1
10 8 94 26
10 9 52 11
10 11 4 19
10 12 222 1
10 14 3 9
10 15 34 1
10 17 88 2
10 18 1 29
10 22 53 2
10 23 110 1
10 24 1 24
10 25 1 22
10 27 129 4
11 2 13 2
11 3 119 1
11 6 29 2
11 7 108 1
11 8 36 1
11 10 5 6
11 12 187 11
11 13 2 5
11 14 1 22
11 15 182 1
11 17 1 3
11 22 102 1
11 23 242 1
11 24 8 7
11 25 198 1
11 26 133 3
12 1 1 14
12 4 1 2
12 6 22 1
12 9 221 1
12 10 303 1
12 13 98 1
12 14 111 1
12 15 6 13
12 16 1 5
12 17 8 3
12 18 111 2
12 21 38 1
12 22 46 13
12 25 11 4
13 1 58 6
13 2 2 18
13 9 1 20
13 10 1 29
13 11 1 2
13 12 68 1
13 14 7 14
13 24 12 16
13 27 11 7
14 3 1 18
14 5 1 5
14 7 133 1
14 8 33 29
14 9 18 4
14 10 267 7
14 11 6 19
14 15 1 3
14 23 2 10
15 2 11 2
15 7 3 3
15 8 120 1
15 10 13 10
15 11 29 1
15 13 2 10
15 14 3 17
15 22 14 5
16 0 70 15
16 1 18 10
16 2 72 12
16 3 58 27
16 5 41 12
16 8 35 3
16 9 7 28
16 10 9 13
16 12 50 11
16 17 242 1
16 19 2 6
16 24 18 15
17 0 23 3
17 1 177 1
17 2 26 2
17 4 4 5
17 6 1 7
17 8 158 6
17 10 203 10
17 13 1 4
17 16 13 28
17 18 84 13
17 23 1 7
17 25 2 8
17 27 1 2
18 0 102 1
18 1 2 15
18 4 10 19
18 6 1 22
18 8 137 3
18 11 3 15
18 15 40 20
18 16 96 1
18 25 34 8
19 0 21 29
19 1 10 17
19 3 1 2
19 5 1 18
19 12 1 13
19 20 1 16
19 27 12 2
20 0 3 16
20 2 1 19
20 3 81 1
20 6 19 1
20 7 50 1
20 8 1 25
20 10 19 4
20 12 2 2
20 19 2 1
20 22 2 4
21 3 1 21
21 9 49 2
21 10 1 11
21 11 5 29
21 12 49 1
21 17 4 1
22 1 10 17
22 4 1 28
22 5 2 16
22 6 1 6
22 12 4 2
22 14 1 25
22 20 3 3
23 1 2 2
23 4 64 1
23 7 1 9
23 11 113 28
23 14 12 1
23 17 36 11
23 20 61 8
23 25 4 20
23 26 10 11
24 0 18 23
24 1 40 29
24 3 32 26
24 4 6 1
24 5 17 8
24 7 123 1
24 8 18 25
24 9 67 6
24 11 2 16
24 16 18 18
24 21 16 28
24 23 9 22
25 1 18 17
25 3 33 2
25 6 6 8
25 7 185 8
25 8 2 2
25 10 93 1
25 11 76 1
25 14 34 3
25 15 2 4
25 17 1 11
25 26 29 4
25 27 3 28
26 3 1 28
26 4 1 14
26 5 1 16
26 8 81 1
26 9 40 12
26 16 11 17
26 20 1 19
26 27 9 1
27 0 1 25
27 5 2 25
27 10 2 28
27 19 1 14
