0 1 17 24
0 2 6 10
0 3 7 17
0 4 1 15
0 5 10 1
0 6 39 13
0 7 6 1
0 8 9 23
0 9 72 1
0 10 89 1
0 12 132 2
0 13 4 14
0 16 11 20
0 17 67 1
0 19 1 23
0 23 73 1
0 24 9 26
1 0 333 4
1 2 9 29
1 3 9 20
1 4 100 1
1 5 11 4
1 6 322 23
1 7 1 24
1 8 8 23
1 10 285 18
1 11 286 3
1 13 4 7
1 16 9 26
1 17 446 2
1 18 51 14
1 19 33 19
1 20 1 18
1 22 1 28
1 24 10 4
2 0 5 6
2 1 10 19
2 3 4 24
2 5 7 8
2 7 1 12
2 8 4 27
2 9 1 20
2 11 4 4
2 23 15 9
2 25 11 11
2 26 2 24
3 0 9 18
3 1 11 7
3 2 83 14
3 5 10 20
3 6 3 2
3 7 103 1
3 8 7 26
3 11 4 21
3 16 10 9
3 19 21 14
3 20 5 1
3 24 14 16
3 25 7 5
3 27 27 3
4 2 12 1
4 5 69 28
4 6 59 1
4 8 6 27
4 9 3 16
4 10 22 24
4 13 1 12
4 14 1 16
4 17 2 1
4 18 353 1
4 19 1 14
4 22 51 8
5 0 10 29
5 1 11 6
5 3 9 21
5 4 5 19
5 6 317 1
5 7 36 2
5 8 11 5
5 9 2 28
5 10 1 4
5 16 10 17
5 18 1 3
5 19 7 3
5 22 1 27
5 24 17 4
6 0 185 1
6 1 3 29
6 2 169 1
6 4 1 22
6 5 93 28
6 7 122 1
6 8 77 13
6 9 15 19
6 10 332 1
6 12 4 16
6 13 39 11
6 14 29 2
6 17 1 23
6 20 2 11
6 25 134 8
7 1 90 1
7 2 50 15
7 3 161 1
7 4 3 28
7 5 30 18
7 6 3 2
7 8 54 1
7 9 1 18
7 10 2 17
7 11 3 10
7 12 1 17
7 14 5 6
7 15 2 27
7 17 1 23
7 23 66 1
7 25 5 26
8 0 85 17
8 1 16 1
8 2 2 26
8 3 11 24
8 4 168 1
8 5 41 18
8 6 21 24
8 7 7 29
8 9 29 17
8 10 381 1
8 11 87 1
8 12 8 9
8 13 2 21
8 14 98 1
8 16 24 1
8 17 162 1
8 21 21 3
8 22 105 2
8 24 9 4
9 0 136 2
9 1 148 1
9 3 1 16
9 4 208 1
9 5 2 1
9 6 174 1
9 8 151 1
9 10 108 1
9 11 62 1
9 16 91 5
9 18 5 28
9 20 85 2
9 22 15 1
10 1 75 5
10 2 67 1
10 5 112 1
10 6 232 1
10 7 190 1
10 8 13 1
10 9 32 7
10 11 331 1
10 12 145 1
10 13 269 1
10 14 36 5
10 17 59 3
10 21 1 26
10 23 79 3
10 24 2 2
10 25 2 11
11 0 6 17
11 2 65 1
11 3 35 2
11 4 1 12
11 5 33 3
11 7 134 1
11 8 160 1
11 9 169 1
11 10 72 11
11 14 49 16
11 15 56 1
11 18 2 9
11 19 115 4
11 20 15 1
11 22 71 3
11 23 195 1
11 24 1 12
11 25 10 1
11 26 112 1
11 27 1 23
12 0 1 9
12 1 1 18
12 5 2 15
12 7 2 23
12 8 238 29
12 9 66 1
12 10 238 1
12 11 2 20
12 13 31 1
12 15 2 19
12 16 1 14
12 21 19 1
12 22 90 2
12 23 12 1
12 25 14 6
13 1 1 12
13 4 71 3
13 8 6 2
13 9 10 10
13 12 13 1
13 23 1 3
14 1 114 1
14 3 1 19
14 4 51 2
14 6 133 22
14 7 75 1
14 8 10 25
14 9 141 1
14 10 70 1
14 11 4 11
14 12 1 19
15 1 9 2
15 4 13 7
15 7 4 29
15 8 78 2
15 9 29 4
15 10 1 15
15 11 5 1
15 18 29 8
15 19 13 23
15 24 3 21
16 0 12 7
16 1 10 1
16 2 69 12
16 3 10 29
16 4 26 2
16 5 14 4
16 8 9 22
16 10 4 9
16 17 114 1
16 18 7 16
16 23 25 10
16 24 19 1
17 0 1 29
17 1 27 1
17 3 1 15
17 4 1 7
17 6 9 1
17 9 61 4
17 11 1 3
17 13 11 18
17 15 3 21
17 16 1 17
17 18 2 13
17 23 3 26
17 25 3 28
18 0 79 1
18 4 6 10
18 5 1 19
18 6 2 17
18 8 105 1
18 10 147 1
18 16 17 1
18 19 2 28
18 23 27 10
19 0 59 15
19 8 10 11
19 10 68 3
19 11 25 4
19 15 4 27
19 16 45 9
19 18 35 14
19 20 136 1
19 27 13 15
20 0 90 15
20 2 11 21
20 4 69 1
20 5 2 13
20 8 3 4
20 11 26 1
20 18 53 5
20 19 46 1
21 10 1 13
21 12 38 5
21 20 8 4
21 23 1 4
21 24 19 12
21 25 1 23
22 10 3 14
22 12 1 15
22 14 4 10
22 23 7 29
23 1 1 16
23 7 3 22
23 8 69 3
23 22 7 5
24 0 10 5
24 1 22 23
24 2 27 5
24 3 10 23
24 5 9 13
24 6 1 27
24 7 63 2
24 8 10 25
24 9 54 4
24 10 16 3
24 11 1 25
24 16 10 9
24 23 12 1
25 0 7 2
25 1 3 17
25 3 23 1
25 4 2 23
25 9 25 2
25 11 1 12
25 15 8 21
25 23 1 29
25 26 24 26
26 3 1 11
26 16 10 1
26 24 2 22
26 25 44 5
26 27 1 20
27 7 50 1
27 10 3 12
27 11 23 3
27 13 11 27
27 24 39 15
