0 1 26 18
0 2 2 7
0 3 12 23
0 4 1 9
0 5 22 14
0 6 73 21
0 7 6 1
0 8 16 14
0 9 72 1
0 10 88 1
0 14 1 13
0 16 11 6
0 17 66 1
0 19 1 3
0 21 1 8
0 23 72 9
0 24 28 19
1 0 8 12
1 2 10 21
1 3 16 16
1 4 96 1
1 5 12 5
1 6 68 1
1 7 1 29
1 8 10 27
1 9 296 1
1 10 7 5
1 12 8 1
1 16 11 18
1 18 1 10
1 22 1 23
1 24 12 22
1 25 1 13
1 26 1 6
2 0 7 27
2 1 3 5
2 3 67 18
2 4 52 1
2 6 3 2
2 7 1 4
2 8 116 3
2 11 1 2
2 13 1 14
2 20 13 1
3 0 8 4
3 1 12 19
3 5 17 18
3 7 101 15
3 8 9 25
3 10 3 6
3 11 1 18
3 12 22 7
3 16 10 22
3 20 4 3
3 24 11 19
3 25 3 28
3 27 1 10
4 0 1 16
4 1 192 1
4 2 12 1
4 5 26 4
4 6 58 21
4 7 69 2
4 8 8 19
4 9 1 26
4 10 3 11
4 13 1 27
4 17 2 1
4 18 352 1
4 20 14 3
5 0 16 17
5 1 269 23
5 2 4 4
5 3 11 3
5 4 6 9
5 6 301 1
5 8 316 10
5 9 5 6
5 10 2 16
5 11 138 13
5 16 10 9
5 17 2 6
5 18 9 18
5 24 11 19
6 0 184 2
6 1 6 12
6 2 168 1
6 3 1 3
6 4 4 10
6 5 369 1
6 7 120 1
6 8 108 26
6 9 4 1
6 10 331 2
6 11 1 25
6 12 1 4
6 17 1 28
6 20 1 14
6 21 3 12
7 1 89 1
7 2 1 3
7 3 158 1
7 5 1 15
7 6 1 9
7 8 52 1
7 9 1 27
7 10 14 16
7 11 125 1
7 12 1 23
7 13 1 23
7 14 11 25
7 15 1 14
7 17 4 5
7 18 1 28
7 20 213 2
7 23 66 1
7 25 1 3
7 27 173 2
8 0 11 3
8 1 27 11
8 2 15 18
8 3 175 27
8 4 167 1
8 5 11 13
8 6 61 8
8 7 83 17
8 9 1 28
8 10 373 1
8 11 86 1
8 14 97 1
8 16 38 7
8 17 162 1
8 24 13 8
8 25 4 9
9 1 147 1
9 2 89 1
9 3 13 13
9 4 206 1
9 5 1 16
9 6 170 1
9 8 149 1
9 10 103 1
9 11 61 1
9 14 1 24
9 15 3 1
9 17 46 28
9 18 3 16
9 22 14 8
9 23 1 15
9 24 2 19
10 0 134 2
10 1 1 11
10 2 66 1
10 4 310 1
10 5 111 1
10 6 231 1
10 7 188 1
10 8 5 25
10 9 3 13
10 11 328 1
10 12 144 1
10 13 269 1
10 14 16 10
10 18 39 26
10 21 1 1
10 22 25 3
10 24 94 1
10 26 56 2
10 27 112 2
11 0 12 20
11 1 217 1
11 2 65 1
11 4 4 19
11 7 126 1
11 8 159 1
11 9 168 1
11 10 9 19
11 13 4 23
11 14 1 11
11 15 114 1
11 19 1 20
11 20 15 3
11 23 194 1
11 24 6 7
11 25 9 1
11 26 111 3
12 1 3 10
12 2 3 3
12 4 1 11
12 5 1 17
12 6 1 1
12 7 6 25
12 8 4 8
12 9 64 1
12 10 237 1
12 13 30 1
12 14 72 2
12 15 6 20
12 18 103 2
12 20 2 10
12 21 19 1
12 23 11 18
12 24 45 6
12 27 40 3
13 1 28 15
13 3 32 6
13 5 1 2
13 7 8 20
13 11 2 29
13 12 12 1
13 15 2 4
13 17 2 25
13 18 1 6
14 1 113 4
14 2 1 2
14 3 4 16
14 7 74 1
14 8 12 1
14 9 140 2
14 10 68 1
14 11 8 2
14 12 5 16
14 13 1 24
14 15 3 13
14 20 2 20
15 0 74 12
15 5 35 10
15 7 3 15
15 11 8 25
15 12 27 1
15 13 2 13
15 14 15 9
16 0 11 2
16 1 21 16
16 3 10 26
16 5 20 29
16 8 11 10
16 9 6 3
16 12 42 10
16 17 112 1
16 18 10 14
16 24 39 15
16 26 31 22
17 0 1 7
17 1 26 1
17 2 2 6
17 5 1 19
17 6 9 25
17 7 3 2
17 8 7 20
17 12 140 5
17 15 2 14
17 16 2 29
17 18 63 23
18 0 78 3
18 1 1 27
18 2 2 22
18 3 11 4
18 4 10 5
18 5 39 25
18 8 104 2
18 10 147 2
18 16 17 1
18 17 2 9
19 0 1 2
19 1 4 16
19 3 1 26
19 4 118 4
19 5 7 9
19 8 1 1
19 17 8 1
19 20 134 1
19 26 13 6
20 2 2 1
20 4 68 3
20 7 19 1
20 11 25 4
20 15 1 7
20 16 2 11
20 19 42 1
20 22 2 15
21 4 2 18
21 5 8 22
21 9 38 8
21 17 2 10
21 18 1 29
21 24 1 5
21 26 2 27
22 4 1 7
22 5 1 2
22 7 3 4
22 12 1 21
22 15 3 29
23 7 2 1
23 10 3 12
23 11 1 7
23 12 4 25
23 14 8 17
23 19 8 24
23 24 2 21
23 27 3 9
24 0 24 26
24 1 11 2
24 3 11 11
24 5 11 16
24 8 11 12
24 11 11 27
24 15 2 24
24 16 10 20
24 20 17 28
24 21 17 6
24 23 11 2
24 27 8 1
25 1 1 24
25 3 23 1
25 7 263 1
25 8 188 6
25 11 1 27
25 14 26 2
25 16 14 21
25 17 21 14
25 27 1 24
26 0 7 8
26 1 38 3
26 5 1 7
26 7 1 19
26 10 112 1
26 11 13 1
26 16 10 6
27 3 1 6
27 7 50 1
27 12 1 27
27 17 1 23
27 18 33 11
27 26 11 5
