0 1 53 29
0 2 7 14
0 3 27 22
0 4 1 14
0 5 24 18
0 6 1 19
0 7 2 1
0 8 35 2
0 10 79 2
0 16 75 4
0 17 53 1
0 18 1 22
0 19 9 7
0 24 18 23
0 25 49 6
0 26 1 17
0 27 4 6
1 0 27 9
1 2 33 8
1 3 39 6
1 4 73 1
1 5 169 29
1 6 113 1
1 7 1 11
1 8 17 20
1 9 283 1
1 10 318 10
1 11 278 1
1 15 14 6
1 16 23 8
1 17 129 1
1 22 6 10
1 23 9 25
1 24 30 17
1 26 1 1
2 0 1 12
2 1 4 20
2 3 83 17
2 4 39 1
2 7 5 18
2 8 4 4
2 9 1 29
2 17 4 4
2 18 62 5
2 23 5 28
3 0 69 19
3 1 19 22
3 2 189 14
3 4 217 1
3 5 17 26
3 7 96 1
3 8 16 14
3 10 110 13
3 11 35 28
3 16 68 5
3 20 1 3
3 22 16 22
3 24 69 18
4 1 11 1
4 5 3 6
4 6 418 21
4 7 59 2
4 8 10 24
4 9 1 14
4 10 1 16
4 12 35 1
4 14 129 7
4 15 96 8
4 17 269 1
4 18 333 1
4 20 10 2
4 22 50 2
4 26 57 17
5 0 25 25
5 1 60 27
5 2 3 3
5 3 38 25
5 4 2 12
5 6 6 13
5 7 25 2
5 8 75 6
5 9 4 21
5 10 3 9
5 11 1 14
5 12 1 16
5 16 35 12
5 18 2 10
5 22 1 20
5 24 18 28
6 1 4 3
6 2 138 1
6 4 4 23
6 5 83 1
6 7 117 7
6 8 291 27
6 8 330 1
6 9 4 10
6 10 308 1
6 11 1 28
6 14 11 1
6 17 3 22
7 1 87 1
7 2 2 5
7 3 108 1
7 5 18 5
7 6 6 4
7 8 16 1
7 9 8 18
7 10 2 2
7 11 154 6
7 13 3 22
7 14 4 18
7 15 2 27
7 16 1 10
7 17 48 29
7 20 203 2
7 22 44 1
7 23 58 1
7 24 1 18
7 25 15 15
7 26 15 8
7 27 168 1
8 0 18 1
8 1 101 18
8 2 14 17
8 3 18 3
8 4 233 1
8 5 70 21
8 6 18 17
8 7 1 6
8 9 4 2
8 10 60 1
8 11 61 1
8 13 2 12
8 14 79 1
8 16 164 24
8 17 89 1
8 20 13 1
8 22 100 2
8 24 191 4
8 25 2 9
9 1 132 5
9 2 81 1
9 3 4 6
9 4 172 1
9 5 335 1
9 6 12 1
9 8 122 1
9 10 57 1
9 11 48 2
9 12 2 8
9 15 1 1
9 18 1 22
9 21 55 2
9 22 12 3
9 23 5 13
9 24 5 19
10 1 1 12
10 2 59 3
10 3 2 14
10 4 297 1
10 5 4 1
10 6 61 1
10 7 158 1
10 8 175 3
10 9 2 10
10 11 179 1
10 13 255 1
10 14 5 1
10 23 72 1
10 24 1 10
10 26 54 1
10 27 107 5
11 0 12 26
11 2 53 2
11 5 27 1
11 7 42 1
11 8 128 1
11 9 151 1
11 10 56 19
11 14 1 13
11 15 48 1
11 19 1 24
11 22 64 2
11 23 180 1
11 24 1 21
11 27 2 29
12 0 1 23
12 3 8 10
12 5 1 15
12 7 1 2
12 9 39 1
12 10 219 1
12 14 64 1
12 15 6 18
12 19 32 1
12 20 2 12
12 22 84 2
12 24 44 1
13 1 1 26
13 5 1 21
13 7 16 8
13 8 3 2
13 10 103 1
13 12 5 3
13 14 24 1
13 18 7 12
13 21 11 2
13 23 1 5
13 25 3 3
14 3 4 17
14 8 3 18
14 9 135 1
14 10 31 1
14 11 1 24
14 13 11 13
14 15 9 12
14 20 2 23
14 23 1 22
15 1 7 6
15 4 11 9
15 7 7 16
15 8 69 1
15 10 10 19
15 11 6 4
15 12 23 2
15 17 1 16
15 18 28 3
15 23 20 1
15 24 6 12
16 0 27 11
16 1 18 16
16 3 42 18
16 4 20 1
16 5 30 26
16 7 1 16
16 8 34 17
16 13 1 7
16 14 37 13
16 17 86 1
16 18 1 14
16 19 1 29
16 24 28 19
17 1 9 1
17 3 2 23
17 4 94 13
17 6 1 13
17 7 1 11
17 8 7 1
17 9 55 2
17 14 85 1
17 15 3 29
17 16 3 3
17 18 2 18
17 20 1 17
17 22 1 27
17 25 1 11
18 0 73 2
18 4 5 5
18 8 97 1
18 11 1 27
18 16 7 2
18 17 1 10
18 27 1 7
19 0 8 19
19 1 1 3
19 3 1 25
19 5 1 28
19 7 103 2
19 9 53 10
19 10 65 1
19 20 36 1
20 0 3 11
20 2 12 6
20 4 63 1
20 5 1 21
20 6 4 6
20 7 14 1
20 8 5 12
20 14 31 1
20 17 11 25
20 19 189 1
21 6 77 7
21 8 3 2
21 11 91 28
21 12 34 1
22 4 2 26
22 8 3 8
22 10 1 14
22 14 1 14
22 27 2 9
23 1 1 17
23 7 3 7
23 11 1 6
23 12 32 2
23 16 1 2
23 25 16 4
24 0 50 17
24 1 21 17
24 3 18 14
24 5 21 18
24 6 14 10
24 7 51 1
24 8 22 15
24 10 12 1
24 11 3 12
24 16 58 1
24 21 7 4
25 4 4 26
25 8 185 4
25 10 41 2
25 11 5 14
25 13 17 14
25 14 24 2
25 15 8 23
25 19 1 1
25 20 26 4
25 27 2 2
26 0 6 14
26 2 25 1
26 9 33 8
26 24 1 23
26 25 42 3
27 0 39 19
27 1 1 15
27 4 1 21
27 7 43 4
27 9 63 1
27 11 16 3
27 21 8 21
27 26 119 1
