0 1 36 17
0 2 1 29
0 3 326 13
0 4 1 14
0 5 14 17
0 6 1 18
0 7 370 1
0 8 163 8
0 9 61 1
0 10 76 1
0 12 128 1
0 13 2 16
0 14 1 1
0 16 74 24
0 17 49 1
0 19 12 28
0 24 15 7
0 26 15 15
1 0 12 6
1 2 10 21
1 3 32 28
1 4 47 1
1 5 109 23
1 6 91 1
1 7 2 20
1 8 40 10
1 9 278 1
1 12 5 1
1 13 2 7
1 16 85 28
1 17 124 5
1 18 5 24
1 19 1 7
1 22 1 24
1 23 1 6
1 24 31 13
2 0 7 5
2 1 22 24
2 3 36 24
2 4 35 1
2 5 32 13
2 7 1 26
2 8 4 7
2 11 31 2
2 15 27 13
2 17 1 29
2 18 61 1
2 20 7 2
2 26 1 23
3 0 12 10
3 1 78 16
3 2 83 12
3 4 215 3
3 5 84 14
3 7 298 1
3 8 13 20
3 11 6 28
3 15 8 5
3 16 51 23
3 19 19 2
3 24 43 14
3 25 2 1
3 27 1 23
4 0 13 1
4 1 188 1
4 5 72 28
4 6 6 1
4 7 56 1
4 8 2 18
4 9 1 25
4 10 7 23
4 13 1 1
4 14 130 3
4 16 26 1
4 17 265 1
4 18 324 1
4 19 7 1
4 22 49 6
4 25 4 2
5 0 15 11
5 1 59 5
5 3 15 13
5 4 14 15
5 6 24 1
5 8 34 28
5 9 22 24
5 10 1 29
5 11 2 26
5 16 33 26
5 17 41 6
5 18 1 4
5 20 9 26
5 24 15 29
5 26 5 3
6 0 135 1
6 1 16 19
6 2 128 1
6 4 5 12
6 5 77 1
6 7 385 1
6 8 83 1
6 9 8 17
6 10 324 6
6 11 1 10
6 16 121 1
6 17 1 11
6 18 31 3
6 20 6 12
6 21 1 15
6 22 99 24
6 23 2 12
6 24 29 1
7 0 3 9
7 1 79 1
7 2 1 23
7 3 86 1
7 4 3 27
7 5 1 2
7 6 18 1
7 8 8 1
7 9 1 22
7 10 1 21
7 11 137 1
7 12 1 12
7 14 1 3
7 15 1 28
7 17 1 13
7 23 55 2
7 24 1 8
7 25 21 1
7 26 3 14
7 27 167 1
8 0 77 6
8 1 15 23
8 2 3 2
8 3 234 23
8 4 142 26
8 5 13 29
8 6 246 17
8 9 2 1
8 10 122 1
8 11 54 1
8 12 1 24
8 14 73 2
8 15 2 19
8 16 45 29
8 17 86 1
8 20 11 4
8 21 18 7
8 24 63 29
8 25 4 14
9 1 129 1
9 4 160 1
9 5 4 1
9 6 138 1
9 8 110 1
9 10 50 1
9 11 44 2
9 14 2 9
9 18 5 28
9 22 12 3
9 23 3 19
9 24 1 29
10 0 121 2
10 1 1 3
10 2 54 1
10 3 1 12
10 4 292 1
10 5 80 1
10 6 218 16
10 7 148 1
10 8 150 1
10 9 1 25
10 11 159 1
10 13 250 1
10 14 1 14
10 16 1 2
10 22 18 3
10 23 69 3
10 25 212 4
11 1 201 1
11 2 49 2
11 4 17 7
11 5 24 3
11 7 19 1
11 8 117 1
11 9 145 1
11 10 3 8
11 12 13 3
11 14 2 26
11 15 31 1
11 16 2 2
11 20 11 1
11 22 62 1
11 23 175 1
11 26 104 1
12 1 1 21
12 2 2 1
12 4 1 13
12 5 2 28
12 9 31 1
12 10 213 1
12 11 1 12
12 15 3 15
12 22 82 3
12 23 11 2
12 25 1 11
13 2 2 15
13 5 1 18
13 11 23 20
13 12 4 1
13 15 2 14
14 1 110 2
14 4 45 4
14 6 1 16
14 8 1 14
14 9 131 2
14 10 21 1
14 11 30 24
14 12 1 20
14 13 1 21
14 15 44 1
14 19 2 20
15 0 1 4
15 3 6 15
15 8 65 1
15 10 1 19
15 11 31 2
15 12 21 4
15 13 20 10
15 14 42 20
15 17 2 4
15 27 1 2
16 0 63 16
16 1 15 15
16 3 27 21
16 4 18 2
16 5 16 5
16 8 60 20
16 9 103 21
16 13 1 26
16 17 78 1
16 18 4 13
16 24 30 26
17 0 1 10
17 1 5 2
17 4 1 21
17 5 1 29
17 6 9 10
17 7 1 29
17 8 5 22
17 11 2 17
17 13 21 23
17 15 25 2
17 16 2 8
17 19 1 27
17 20 2 19
17 23 1 14
17 24 42 1
17 25 3 24
18 1 2 20
18 4 61 12
18 8 94 2
18 9 125 1
18 11 102 20
18 15 38 6
18 16 5 1
18 17 7 28
18 19 2 6
18 24 4 14
18 25 1 17
18 27 1 27
19 0 90 24
19 1 3 7
19 5 1 14
19 7 101 2
19 8 3 24
19 9 1 27
19 17 87 1
19 20 195 1
20 0 93 13
20 4 62 1
20 5 2 14
20 7 12 1
20 10 4 2
20 11 19 4
20 12 2 25
20 13 1 18
20 14 30 4
20 17 2 23
20 19 5 21
20 22 6 9
20 23 1 28
20 27 24 3
21 1 1 3
21 4 3 21
21 5 13 25
21 6 77 5
21 25 6 6
21 26 2 1
22 1 78 22
22 6 2 13
22 7 12 10
22 10 7 27
22 12 1 1
22 15 5 6
22 23 2 8
23 7 3 13
23 9 73 1
23 11 116 24
23 15 20 1
23 21 5 1
24 0 15 11
24 1 15 24
24 3 29 13
24 5 83 23
24 8 64 3
24 11 39 8
24 12 1 6
24 16 15 23
24 20 32 11
24 22 2 27
25 1 1 10
25 2 1 7
25 3 19 1
25 7 260 1
25 10 38 3
25 11 12 29
25 14 23 4
25 26 23 17
26 4 69 5
26 13 2 2
26 24 1 20
26 25 42 3
27 5 1 18
27 7 41 3
27 9 62 2
27 10 24 23
27 11 14 1
27 12 1 12
27 18 33 8
27 26 117 1
