0 1 36 16
0 2 8 22
0 3 25 9
0 4 1 9
0 5 60 16
0 6 3 19
0 7 368 1
0 8 53 24
0 10 75 2
0 11 1 5
0 14 1 6
0 16 51 3
0 17 48 1
0 19 2 9
0 20 11 20
0 24 45 2
1 0 38 21
1 2 10 7
1 3 31 3
1 4 40 1
1 5 34 27
1 6 84 1
1 7 6 1
1 8 29 17
1 9 276 2
1 10 23 6
1 11 275 1
1 16 13 29
1 17 2 1
1 18 1 2
1 19 3 1
1 24 14 4
2 0 3 4
2 1 5 29
2 3 3 29
2 4 34 1
2 7 4 22
2 8 159 7
2 9 4 22
2 11 96 29
2 13 1 27
2 17 46 1
2 20 7 2
2 21 15 9
3 0 11 19
3 1 53 3
3 2 65 1
3 5 14 25
3 7 292 8
3 8 164 19
3 10 154 28
3 11 5 7
3 16 113 22
3 18 52 1
3 19 19 1
3 23 33 16
3 24 14 16
4 1 185 1
4 5 3 25
4 6 69 1
4 7 55 1
4 8 2 4
4 9 1 22
4 16 25 1
4 17 263 1
4 18 321 7
4 19 6 22
4 20 146 5
4 25 3 6
4 27 26 28
5 0 30 21
5 1 13 8
5 3 108 27
5 4 3 18
5 6 14 1
5 8 13 10
5 9 12 26
5 10 4 12
5 11 1 24
5 14 1 17
5 16 28 12
5 18 1 9
5 20 93 13
5 24 28 25
6 0 133 2
6 1 34 7
6 2 125 1
6 4 4 23
6 5 47 1
6 7 381 1
6 8 58 1
6 9 86 26
6 10 6 1
6 11 1 29
6 12 12 4
6 13 67 23
6 14 26 1
6 17 1 16
6 19 4 11
7 0 3 11
7 1 77 1
7 2 1 21
7 3 80 1
7 4 12 23
7 5 4 9
7 6 22 16
7 8 6 1
7 9 12 22
7 10 9 18
7 11 392 1
7 12 2 20
7 14 8 16
7 15 40 6
7 16 7 20
7 17 4 11
7 20 198 1
7 22 42 2
7 23 54 3
7 24 1 2
7 25 1 8
7 26 39 24
8 0 14 8
8 1 15 19
8 2 7 9
8 3 34 10
8 4 226 1
8 5 29 12
8 6 112 18
8 7 1 7
8 9 64 11
8 10 105 1
8 11 52 1
8 14 72 1
8 15 4 7
8 16 42 28
8 22 98 3
8 24 14 4
8 25 14 28
8 27 102 1
9 1 128 1
9 2 77 1
9 3 1 6
9 4 156 1
9 5 313 22
9 6 131 1
9 7 9 1
9 8 106 1
9 10 41 1
9 11 43 2
9 13 1 28
9 14 1 9
9 15 1 5
9 16 87 1
9 17 1 3
9 23 10 19
10 0 120 1
10 1 2 20
10 2 53 1
10 4 291 1
10 5 77 1
10 6 323 1
10 7 145 1
10 8 139 1
10 9 98 12
10 11 153 1
10 12 119 1
10 14 9 20
10 16 1 8
10 24 1 10
10 27 105 1
11 0 2 6
11 1 200 1
11 2 48 1
11 4 3 25
11 7 13 1
11 8 114 1
11 9 144 1
11 10 13 4
11 13 1 2
11 14 2 21
11 15 27 1
11 16 2 6
11 17 1 16
11 23 174 1
11 26 103 2
11 27 1 3
12 4 1 3
12 5 9 24
12 9 29 1
12 13 15 1
12 18 100 1
12 19 31 1
12 21 13 5
12 23 11 18
13 1 2 11
13 7 1 29
13 10 104 14
13 11 2 28
13 12 3 3
13 14 56 1
13 15 1 4
13 17 1 20
14 0 80 1
14 1 109 5
14 3 1 4
14 6 27 11
14 7 56 2
14 8 2 3
14 9 130 2
14 10 18 1
14 11 2 18
14 12 4 18
14 13 2 15
14 15 43 23
15 0 8 18
15 4 11 2
15 5 34 2
15 7 1 4
15 8 64 1
15 10 9 22
15 11 38 15
15 23 18 22
15 25 1 1
15 27 1 6
16 0 91 9
16 1 14 6
16 3 14 12
16 4 18 2
16 5 96 3
16 7 18 3
16 8 14 9
16 15 1 14
16 17 75 1
16 18 7 18
16 20 16 5
16 23 26 8
16 24 72 3
16 25 29 26
17 0 55 16
17 1 4 2
17 3 3 15
17 4 1 8
17 5 1 2
17 8 155 2
17 9 52 3
17 13 27 4
17 15 25 26
17 16 4 4
17 18 3 12
17 19 3 22
17 20 86 3
17 23 1 11
17 25 64 22
17 27 3 17
18 1 231 20
18 4 17 15
18 5 1 11
18 7 12 1
18 8 93 2
18 9 124 3
18 11 1 7
18 14 1 24
18 16 4 2
18 22 2 1
19 1 20 9
19 7 101 1
19 8 1 11
19 10 63 5
19 11 21 2
19 20 190 1
19 26 13 9
20 0 2 22
20 3 17 1
20 7 11 2
20 9 3 17
20 10 4 6
20 19 167 1
21 12 33 15
21 13 1 16
21 18 2 4
21 24 1 12
22 0 47 8
22 1 1 10
22 2 1 16
22 9 55 1
22 10 6 29
22 14 2 4
22 15 3 11
22 27 2 20
23 5 3 12
23 7 1 10
23 9 72 1
23 12 59 26
23 20 4 19
23 24 7 25
24 0 103 10
24 1 13 14
24 3 27 20
24 5 31 3
24 6 1 25
24 8 50 7
24 10 10 2
24 11 2 8
24 16 14 7
24 22 3 21
24 23 8 1
24 26 3 3
25 2 1 2
25 5 35 3
25 7 259 20
25 8 183 3
25 11 4 18
25 12 67 2
25 27 1 4
26 11 9 1
26 12 51 18
26 13 2 1
26 27 1 16
27 0 2 17
27 2 1 12
27 9 62 2
