0 1 10 29
0 2 1 3
0 3 10 15
0 4 24 11
0 5 63 15
0 6 2 25
0 7 359 1
0 8 4 29
0 9 57 1
0 11 1 28
0 12 126 3
0 14 1 29
0 16 5 16
0 17 42 2
0 18 1 7
0 19 120 24
0 24 23 20
1 0 1 29
1 2 5 28
1 3 119 16
1 4 155 1
1 5 148 18
1 6 96 1
1 7 286 10
1 8 3 10
1 9 269 1
1 10 11 6
1 11 271 1
1 16 5 28
1 17 114 1
1 18 1 29
1 19 1 15
1 24 5 11
1 25 1 2
1 26 1 20
2 1 5 28
2 3 13 14
2 4 29 1
2 5 1 25
2 7 2 28
2 8 22 12
2 9 1 17
2 10 1 26
2 11 1 9
2 12 1 1
2 20 5 7
2 25 9 9
2 26 1 25
3 0 93 16
3 1 87 16
3 2 80 4
3 5 5 14
3 7 283 1
3 8 46 12
3 9 25 3
3 11 3 15
3 16 5 19
3 17 3 2
3 18 50 6
3 19 25 2
3 22 1 2
3 24 5 5
3 25 5 19
4 1 40 1
4 5 8 20
4 6 29 1
4 7 50 2
4 8 2 9
4 9 3 28
4 10 1 9
4 13 3 4
4 15 95 1
4 16 22 2
4 17 257 1
4 18 315 1
4 27 1 5
5 0 36 3
5 1 4 21
5 3 5 19
5 4 3 23
5 7 17 1
5 8 201 19
5 9 6 17
5 10 1 28
5 14 1 1
5 16 98 18
5 17 1 2
5 18 41 27
5 21 24 27
5 24 18 15
5 26 1 23
6 0 125 28
6 1 3 20
6 2 111 1
6 3 1 12
6 4 8 18
6 5 105 1
6 7 361 1
6 8 235 1
6 9 37 27
6 10 299 1
6 11 1 24
6 12 1 22
6 13 4 21
6 16 119 1
6 17 1 5
6 18 28 1
6 20 7 21
6 23 1 26
7 0 3 27
7 1 166 1
7 2 13 19
7 3 50 1
7 5 1 12
7 6 6 6
7 9 4 7
7 10 4 8
7 11 51 21
7 12 1 27
7 13 167 9
7 15 1 9
7 16 46 13
7 17 1 8
7 18 2 15
7 20 193 1
7 21 84 1
7 23 51 1
7 25 2 28
7 27 164 2
8 0 203 23
8 1 38 14
8 2 4 8
8 3 39 25
8 4 212 1
8 5 3 11
8 6 12 27
8 7 326 1
8 9 285 1
8 10 274 1
8 15 1 24
8 16 5 2
8 17 150 1
8 21 17 9
8 22 96 2
8 23 1 21
8 24 5 20
8 25 1 5
9 1 119 1
9 2 73 2
9 4 140 1
9 5 5 5
9 6 100 1
9 7 6 1
9 8 90 1
9 10 84 1
9 11 38 1
9 12 340 2
9 16 86 4
9 17 1 26
9 18 1 28
9 21 53 1
9 22 11 2
9 24 5 25
10 0 115 1
10 1 7 29
10 2 45 1
10 3 1 7
10 4 284 1
10 5 67 1
10 6 307 1
10 7 132 1
10 8 87 1
10 9 5 9
10 11 123 21
10 12 110 1
10 13 241 1
10 14 1 27
10 16 2 19
10 22 16 1
10 24 4 12
11 0 249 18
11 1 194 2
11 2 43 1
11 4 1 4
11 5 21 2
11 8 100 1
11 9 135 2
11 10 58 2
11 13 4 9
11 14 1 12
11 15 10 1
11 19 19 7
11 21 98 2
11 22 57 2
11 24 59 7
11 25 1 5
11 27 1 16
12 4 6 11
12 5 1 6
12 7 2 1
12 9 20 1
12 10 203 1
12 11 1 22
12 13 11 1
12 14 56 1
12 17 1 1
12 20 1 6
12 22 79 2
12 23 10 11
13 4 66 6
13 10 4 1
13 11 4 15
13 12 1 3
13 14 51 17
13 18 10 2
14 0 79 1
14 1 107 3
14 6 1 1
14 8 1 9
14 9 128 1
14 10 8 1
14 11 3 23
14 12 6 7
14 13 1 11
14 15 6 22
14 20 1 28
15 3 2 7
15 6 5 1
15 7 1 11
15 8 60 2
15 9 20 1
15 10 11 9
15 11 5 26
15 14 1 28
15 27 1 1
16 0 5 24
16 1 83 25
16 3 5 7
16 5 71 19
16 6 2 2
16 7 8 23
16 8 79 26
16 13 1 26
16 15 7 3
16 17 64 1
16 18 22 1
16 20 15 2
16 22 1 5
16 24 67 22
17 0 1 21
17 5 2 18
17 6 3 5
17 7 2 2
17 9 49 1
17 11 4 29
17 16 7 3
17 20 2 8
17 24 41 1
17 25 1 27
18 1 1 25
18 2 1 29
18 3 8 1
18 4 65 1
18 5 2 2
18 6 9 14
18 7 10 7
18 9 122 1
18 10 140 17
18 11 2 26
18 12 102 2
18 15 37 7
18 16 1 1
18 17 5 13
18 20 90 3
18 23 33 16
18 24 16 6
19 0 7 8
19 1 1 13
19 2 2 4
19 3 1 6
19 5 1 15
19 8 1 10
19 11 19 6
19 18 33 10
19 20 288 1
20 0 1 15
20 1 8 4
20 3 14 1
20 4 59 1
20 5 2 27
20 7 9 5
20 9 43 10
20 10 3 4
20 13 42 1
20 14 29 2
20 16 1 27
20 17 55 18
20 19 137 1
20 25 1 14
21 1 1 1
21 8 3 5
21 12 45 4
21 16 13 22
21 25 1 23
22 0 47 3
22 1 1 26
22 6 21 29
22 8 1 3
22 11 1 2
22 14 1 25
23 5 1 26
23 7 5 12
23 11 1 22
23 12 30 29
23 13 14 1
23 24 2 22
24 0 108 12
24 1 5 4
24 2 25 7
24 3 5 22
24 5 5 12
24 7 40 1
24 8 5 5
24 9 48 5
24 10 8 2
24 11 5 3
24 16 5 3
24 27 5 17
25 1 17 24
25 3 18 1
25 7 1 1
25 8 181 3
25 9 19 6
25 10 34 1
25 11 2 2
25 12 67 2
25 17 7 24
25 27 6 23
26 3 7 17
26 5 1 5
26 13 2 6
26 15 4 21
26 23 9 23
26 24 3 4
26 25 41 1
26 27 3 4
27 0 40 2
27 1 80 21
27 11 11 1
27 12 1 8
27 14 1 19
