0 1 50 9
0 2 11 22
0 3 115 1
0 4 12 9
0 5 6 7
0 6 2 18
0 7 332 1
0 8 45 21
0 9 47 3
0 10 59 2
0 11 1 25
0 12 121 7
0 13 4 9
0 14 6 29
0 16 71 1
0 17 28 2
0 19 1 24
0 20 132 1
0 24 33 1
0 25 42 1
0 26 16 7
1 0 174 1
1 2 60 17
1 3 4 7
1 4 80 1
1 5 117 1
1 6 15 1
1 7 4 6
1 8 218 1
1 9 247 2
1 11 258 2
1 16 71 1
1 17 85 1
1 18 2 14
1 19 1 14
1 22 2 15
1 24 4 2
1 27 83 3
2 0 1 19
2 1 61 4
2 6 1 18
2 7 2 19
2 8 16 29
2 11 148 7
2 14 25 1
2 19 15 2
3 0 253 1
3 1 16 16
3 2 149 1
3 4 202 2
3 5 89 2
3 7 109 5
3 8 27 12
3 9 19 5
3 10 103 3
3 11 5 26
3 16 151 1
3 19 21 3
3 23 32 10
3 24 10 8
3 25 4 7
4 1 157 1
4 5 38 4
4 6 26 1
4 7 38 2
4 8 2 21
4 9 13 27
4 10 1 14
4 11 5 19
4 12 21 1
4 14 1 2
4 15 92 10
4 16 16 1
4 17 239 1
4 18 280 1
4 21 1 29
4 22 46 1
4 26 57 1
4 27 1 12
5 0 49 1
5 1 131 1
5 2 80 1
5 3 133 1
5 4 16 29
5 6 17 18
5 7 7 2
5 8 61 4
5 9 6 1
5 10 1 25
5 11 140 12
5 12 1 5
5 16 308 4
5 18 41 23
5 20 100 1
5 21 24 11
5 24 188 1
5 26 12 27
6 0 152 3
6 1 4 22
6 2 76 1
6 3 122 13
6 4 34 14
6 5 2 9
6 7 305 1
6 8 292 2
6 9 41 22
6 10 298 1
6 11 6 25
6 12 1 23
6 13 1 10
6 14 23 1
6 24 23 2
6 25 127 1
6 26 68 1
7 0 4 8
7 1 152 1
7 2 2 23
7 3 48 1
7 4 2 16
7 5 6 11
7 6 49 20
7 8 3 5
7 9 2 14
7 10 2 1
7 11 362 1
7 12 4 8
7 14 1 15
7 15 3 11
7 17 1 18
7 20 178 2
7 24 3 15
7 25 2 22
7 26 43 27
7 27 157 1
8 0 107 16
8 1 13 7
8 2 66 9
8 3 43 1
8 4 121 1
8 5 398 1
8 6 11 5
8 7 24 1
8 9 11 4
8 10 162 1
8 11 19 1
8 14 43 1
8 16 44 5
8 17 220 2
8 22 90 2
8 23 2 28
8 24 232 2
8 26 11 9
9 0 117 1
9 1 100 13
9 3 13 14
9 4 99 1
9 5 167 1
9 6 37 1
9 8 52 1
9 10 21 1
9 11 25 1
9 12 6 1
9 14 2 25
9 18 2 29
9 24 1 14
10 1 2 27
10 3 5 2
10 4 264 1
10 5 42 1
10 6 287 1
10 7 96 1
10 8 15 1
10 9 4 15
10 11 102 1
10 13 218 1
10 14 169 1
10 17 39 4
10 18 41 29
10 21 3 13
10 23 56 1
10 24 1 29
10 25 218 2
11 0 20 18
11 2 30 2
11 3 3 1
11 7 7 7
11 8 65 1
11 9 113 1
11 10 2 7
11 12 1 23
11 13 109 29
11 15 1 18
11 16 119 1
11 22 49 1
11 23 146 1
11 24 209 2
11 25 2 23
11 27 3 11
12 1 1 17
12 7 1 17
12 8 46 5
12 9 4 1
12 10 178 1
12 13 3 1
12 15 1 25
12 20 2 6
12 22 71 1
12 26 2 27
13 1 3 7
13 7 3 12
13 9 3 18
13 10 288 1
13 11 4 9
13 15 1 19
13 22 1 23
13 23 2 24
13 26 11 18
14 3 4 8
14 6 17 22
14 8 37 14
14 9 113 1
14 11 22 7
14 12 9 14
14 13 7 17
14 15 14 1
14 20 2 8
14 23 1 16
15 0 3 28
15 1 4 2
15 4 8 1
15 8 48 3
15 9 15 2
15 10 1 11
15 11 10 5
15 12 15 1
15 17 2 14
15 24 1 10
16 0 265 1
16 1 32 1
16 3 152 1
16 4 10 2
16 5 33 2
16 8 227 1
16 12 36 3
16 17 37 1
16 18 1 3
16 24 34 14
16 27 13 6
17 0 123 11
17 3 1 9
17 4 6 13
17 6 1 29
17 7 59 2
17 9 42 1
17 13 1 25
17 16 3 18
17 18 63 23
17 19 2 22
17 25 1 15
18 0 61 1
18 1 1 7
18 2 1 4
18 3 6 1
18 4 2 22
18 6 201 2
18 11 3 4
18 17 4 26
18 20 88 7
19 0 87 2
19 1 151 24
19 8 11 10
19 15 9 20
19 20 219 1
19 27 1 12
20 0 9 11
20 3 6 1
20 4 52 3
20 5 2 11
20 7 5 1
20 9 3 16
20 12 98 29
20 13 1 3
20 14 26 5
20 16 1 9
20 17 15 19
20 18 46 7
20 19 71 1
20 21 1 19
21 3 16 7
21 9 31 1
21 11 90 1
21 12 27 2
21 24 19 14
22 2 1 29
22 4 1 27
22 7 1 14
22 8 117 1
22 10 2 12
22 12 1 24
22 13 1 27
22 16 7 3
22 23 19 2
23 1 1 12
23 6 1 19
23 10 3 1
23 16 8 21
23 18 5 2
23 24 1 18
24 0 78 1
24 1 45 1
24 3 68 21
24 5 4 27
24 8 70 1
24 11 1 17
24 16 78 1
24 17 1 21
24 23 34 16
24 26 5 23
25 0 3 1
25 7 255 1
25 8 174 1
25 10 23 1
25 11 3 1
25 17 1 25
25 27 1 28
26 8 63 1
26 13 6 4
27 0 1 15
27 12 16 24
27 14 1 27
27 17 2 28
27 18 32 18
