0 1 30 5
0 2 14 17
0 3 279 1
0 4 51 9
0 5 283 1
0 6 1 23
0 7 330 1
0 8 218 1
0 10 58 2
0 11 1 1
0 14 2 25
0 16 36 5
0 17 27 1
0 20 131 3
0 21 1 29
0 24 259 1
0 26 4 5
0 27 5 29
1 0 212 1
1 2 11 11
1 3 263 1
1 4 75 1
1 5 33 23
1 6 291 1
1 7 72 13
1 8 50 1
1 9 246 1
1 11 257 2
1 15 9 2
1 16 66 1
1 17 81 1
1 18 2 20
1 19 1 14
1 24 56 1
1 25 5 27
2 1 106 17
2 3 179 1
2 4 15 2
2 5 32 18
2 7 5 22
2 8 82 14
2 10 2 13
2 16 59 2
2 17 208 3
2 18 56 1
2 19 14 7
2 24 1 8
2 27 1 12
3 0 216 1
3 1 228 7
3 2 139 1
3 4 202 1
3 5 71 1
3 7 260 1
3 8 287 1
3 11 1 27
3 16 115 6
3 18 47 1
3 24 164 4
4 0 2 4
4 1 151 1
4 5 102 7
4 6 414 9
4 7 38 1
4 8 4 11
4 9 11 24
4 10 1 13
4 17 238 1
4 18 276 1
4 22 45 5
5 0 323 1
5 1 96 1
5 3 118 1
5 4 42 29
5 6 13 10
5 7 7 1
5 8 258 1
5 9 49 5
5 10 21 29
5 12 1 21
5 14 1 20
5 16 23 1
5 17 4 23
5 18 1 18
5 20 99 12
5 22 2 8
5 24 152 1
6 0 123 11
6 1 3 13
6 2 74 1
6 4 65 20
6 5 3 2
6 7 301 1
6 8 270 1
6 9 4 29
6 10 293 1
6 11 156 24
6 12 7 14
6 13 1 22
6 16 114 1
6 17 3 5
6 18 19 4
6 20 2 10
6 24 22 2
6 26 67 11
6 27 28 8
7 0 7 12
7 1 150 1
7 2 2 19
7 3 44 1
7 4 1 23
7 5 2 20
7 6 2 17
7 8 1 8
7 10 31 20
7 11 338 1
7 12 1 12
7 13 4 26
7 15 6 1
7 16 1 6
7 17 2 22
7 20 177 1
7 21 82 3
7 22 34 1
7 23 40 1
7 24 3 9
7 25 1 18
8 0 271 1
8 1 95 1
8 2 8 20
8 3 8 8
8 4 118 1
8 5 355 1
8 7 21 7
8 9 137 13
8 10 150 1
8 11 18 1
8 12 1 1
8 14 42 1
8 15 1 14
8 16 96 1
8 17 219 1
8 22 90 2
8 24 214 1
8 25 1 6
9 1 110 1
9 2 62 2
9 3 1 24
9 4 96 1
9 5 154 1
9 6 33 1
9 8 50 1
9 10 16 1
9 12 4 1
9 14 1 8
9 17 1 25
10 0 101 2
10 1 8 7
10 2 25 1
10 3 5 2
10 5 40 1
10 6 283 1
10 7 94 1
10 8 12 1
10 9 383 5
10 11 96 1
10 12 87 1
10 13 216 1
10 15 2 21
10 18 3 21
10 19 9 4
10 21 2 8
10 22 10 2
10 23 55 2
10 25 218 1
10 27 96 2
11 1 176 2
11 2 29 1
11 5 13 1
11 7 14 3
11 8 63 1
11 9 112 1
11 10 10 25
11 15 1 27
11 16 118 4
11 18 3 7
11 20 5 5
11 23 145 1
11 24 300 20
11 25 17 26
11 26 92 3
11 27 1 14
12 4 1 2
12 5 47 23
12 10 176 2
12 14 44 1
12 15 1 9
12 16 1 24
12 19 29 1
12 20 1 10
12 21 8 1
13 6 133 1
13 7 1 2
13 10 287 1
13 14 7 2
13 15 1 28
13 16 30 2
13 19 1 14
13 22 2 16
13 23 1 24
13 24 6 5
13 25 2 2
14 5 1 1
14 6 12 13
14 7 36 1
14 8 1 8
14 9 112 2
14 11 1 24
14 13 1 15
14 15 12 1
14 17 87 5
14 20 5 20
14 21 20 10
14 27 1 23
15 1 4 1
15 3 1 14
15 9 15 1
15 10 27 5
15 11 5 26
15 12 14 5
15 14 42 18
15 23 14 2
15 25 1 1
15 27 30 4
16 0 242 2
16 1 99 1
16 2 63 4
16 3 117 1
16 4 10 1
16 5 18 1
16 8 206 1
16 17 35 1
16 18 1 4
16 24 56 4
17 0 1 8
17 1 1 26
17 3 6 24
17 4 48 10
17 6 3 17
17 7 59 5
17 8 152 1
17 9 41 1
17 11 4 25
17 15 10 12
17 16 3 14
17 20 1 27
17 25 1 5
17 26 60 1
17 27 1 29
18 2 1 23
18 4 6 16
18 6 200 19
18 7 8 1
18 9 7 2
18 10 11 1
18 11 6 25
18 17 1 2
18 24 1 15
18 27 1 8
19 0 87 1
19 1 4 18
19 5 1 9
19 7 90 1
19 8 5 25
19 11 16 1
19 20 213 1
20 0 96 12
20 2 1 19
20 3 5 1
20 7 4 1
20 8 1 20
20 10 1 20
20 12 8 17
20 19 66 1
20 24 1 15
20 27 22 5
21 4 4 10
21 8 3 24
21 10 1 9
21 12 27 2
21 16 3 23
22 6 51 3
22 7 2 18
22 9 49 6
22 10 1 3
22 23 18 4
22 24 1 12
22 26 16 8
22 27 2 27
23 3 24 8
23 5 3 4
23 6 5 8
23 7 5 25
23 8 54 3
23 12 30 6
23 15 12 1
23 18 5 1
24 0 44 1
24 1 167 1
24 3 131 3
24 5 41 9
24 6 1 20
24 7 26 1
24 8 49 1
24 11 46 22
24 12 39 21
24 13 12 1
24 16 37 1
24 18 33 2
24 25 1 27
24 26 9 29
25 4 4 24
25 7 253 1
25 8 173 3
25 9 15 7
25 11 4 5
25 14 19 2
25 19 1 14
25 26 13 1
26 1 33 5
26 4 69 4
26 7 132 2
26 8 62 1
26 11 4 10
26 12 3 18
26 27 5 20
27 7 30 1
27 9 58 2
27 11 5 1
27 12 1 19
27 26 96 2
