0 1 136 1
0 2 1 28
0 4 332 1
0 6 294 1
0 8 1 4
0 9 180 2
0 10 2 19
0 11 306 2
0 12 1 22
0 15 88 1
0 16 49 2
0 17 35 23
0 19 16 16
0 20 14 2
0 21 1 9
0 25 1 28
1 0 6 6
1 2 2 23
1 4 351 1
1 6 439 1
1 7 137 1
1 8 102 1
1 9 2 20
1 10 9 2
1 11 10 20
1 15 116 8
1 17 118 1
1 18 50 1
1 19 165 2
1 21 39 4
1 23 11 4
1 26 11 1
1 27 1 5
2 0 286 2
2 1 97 28
2 3 220 1
2 4 4 22
2 7 11 24
2 8 78 1
2 10 1 6
2 11 40 1
2 15 11 13
2 19 19 26
2 20 2 20
3 1 2 2
3 2 21 1
3 6 1 20
3 7 2 15
3 8 9 1
3 9 123 8
3 14 38 2
3 19 1 23
3 20 15 5
4 0 3 12
4 1 5 23
4 2 1 13
4 5 11 1
4 6 37 1
4 7 7 4
4 8 374 1
4 9 28 25
4 10 237 1
4 11 149 1
4 12 1 7
4 14 1 26
4 16 1 5
4 17 3 17
4 18 172 1
4 20 1 5
4 24 1 24
4 25 76 7
5 1 155 1
5 2 17 3
5 3 28 23
5 4 217 1
5 6 308 1
5 7 2 12
5 8 2 16
5 9 2 22
5 10 373 2
5 12 2 1
5 14 52 1
5 17 30 1
5 18 46 1
5 20 50 18
5 24 2 23
6 1 2 19
6 2 60 1
6 4 2 2
6 5 311 15
6 7 62 1
6 8 9 6
6 10 287 1
6 11 154 1
6 12 248 1
6 19 46 1
6 22 1 26
6 24 3 18
6 25 35 13
7 0 2 20
7 1 6 14
7 2 1 8
7 3 240 1
7 6 6 21
7 8 138 1
7 9 231 1
7 11 166 1
7 12 96 2
7 13 1 10
7 15 2 20
7 17 33 2
7 21 1 24
7 22 2 25
7 23 3 15
7 25 306 1
7 27 8 22
8 0 211 27
8 1 1 25
8 2 296 1
8 3 115 8
8 5 3 12
8 6 40 1
8 7 19 17
8 9 219 1
8 10 16 25
8 11 4 18
8 14 3 10
8 15 204 1
8 16 41 4
8 17 18 21
8 18 183 1
8 19 119 1
8 22 2 3
8 25 149 1
8 26 1 2
9 2 4 6
9 4 3 2
9 5 1 14
9 6 234 1
9 10 6 2
9 11 1 27
9 12 260 1
9 13 101 6
9 19 32 1
9 23 1 3
10 0 205 26
10 1 190 1
10 2 10 13
10 3 6 27
10 4 8 10
10 6 154 1
10 7 32 27
10 8 79 4
10 9 5 22
10 11 258 1
10 12 27 2
10 14 3 12
10 15 1 29
10 16 42 2
10 18 7 7
10 20 155 1
10 22 163 4
10 23 129 8
10 24 26 2
11 1 2 20
11 2 1 19
11 3 3 2
11 5 1 16
11 6 7 7
11 7 26 26
11 8 4 26
11 9 1 28
11 10 18 27
11 12 2 17
11 13 120 1
11 14 365 1
11 15 5 4
11 17 122 1
11 22 121 19
11 23 1 5
11 24 363 1
11 25 237 22
11 26 120 17
12 1 44 2
12 4 21 2
12 5 196 3
12 7 89 1
12 10 1 19
12 14 1 9
12 15 28 1
12 18 86 26
12 21 1 1
12 24 1 7
12 27 62 28
13 4 81 14
13 6 1 9
13 7 55 3
13 8 1 15
13 10 124 1
13 11 79 1
13 12 2 14
13 14 14 2
13 15 1 7
14 0 2 25
14 1 1 11
14 4 3 11
14 6 28 2
14 7 8 21
14 8 221 1
14 9 1 24
14 10 295 10
14 11 7 23
14 13 71 2
14 15 68 1
14 17 1 20
14 22 2 21
14 23 15 6
14 24 35 1
15 3 50 1
15 4 97 6
15 6 110 2
15 7 342 1
15 8 4 3
15 10 288 1
15 11 15 28
15 14 101 1
15 16 3 5
15 17 26 1
15 23 34 7
16 0 108 26
16 1 37 14
16 2 1 7
16 8 120 18
16 9 2 15
16 18 4 10
17 0 176 1
17 1 1 3
17 3 173 1
17 4 168 1
17 5 144 3
17 6 293 1
17 8 2 14
17 9 4 24
17 12 1 22
17 16 348 6
17 20 1 2
17 27 1 25
18 4 1 15
18 9 2 17
18 10 2 4
18 14 13 1
18 19 1 14
18 25 16 15
19 0 11 23
19 1 56 2
19 3 53 3
19 8 63 2
19 9 2 24
19 18 1 25
19 20 3 6
19 22 1 1
20 0 219 1
20 1 2 9
20 2 68 2
20 3 8 4
20 5 16 7
20 6 175 1
20 15 33 9
20 19 4 17
20 23 14 7
20 25 33 1
21 6 3 18
21 8 1 18
21 13 1 14
21 20 26 28
22 1 1 18
22 2 1 4
22 8 1 24
22 10 141 2
22 13 6 2
22 14 30 7
22 21 1 16
23 0 58 5
23 1 1 7
23 9 1 13
23 11 51 1
23 12 17 6
23 18 24 9
23 24 3 8
24 1 42 5
24 2 1 26
24 5 2 1
24 7 108 25
24 9 3 10
24 11 325 5
24 12 1 29
24 13 1 8
24 14 1 2
24 17 9 1
24 19 9 3
24 23 21 3
25 0 104 1
25 2 4 13
25 3 2 24
25 5 15 6
25 7 104 1
25 10 135 26
25 11 178 1
25 15 18 4
25 19 1 9
26 6 2 13
26 20 22 6
26 24 56 3
27 1 1 18
27 3 3 7
27 5 1 9
27 22 6 15
27 23 4 3
