0 1 13 16
0 2 3 2
0 3 181 1
0 4 2 9
0 5 111 1
0 6 6 26
0 7 313 1
0 8 46 1
0 9 42 1
0 10 52 2
0 11 2 6
0 16 81 1
0 18 1 4
0 19 1 7
0 24 83 1
1 0 87 1
1 2 70 22
1 3 321 1
1 4 42 1
1 5 125 1
1 6 235 1
1 7 1 23
1 8 59 1
1 9 233 1
1 11 250 1
1 16 91 1
1 17 53 1
1 18 90 12
1 19 18 6
1 20 4 23
1 22 4 8
1 24 74 1
1 26 2 4
2 1 5 7
2 3 42 1
2 7 4 13
2 8 5 13
2 10 2 6
2 18 53 2
2 19 13 10
2 22 1 7
2 25 6 8
3 0 133 1
3 1 201 1
3 2 8 1
3 5 35 2
3 6 2 8
3 7 64 1
3 8 65 1
3 9 16 2
3 10 7 8
3 11 3 10
3 12 13 8
3 16 47 1
3 17 196 2
3 18 44 8
3 19 15 15
3 23 31 8
3 24 132 1
4 0 4 18
4 1 21 1
4 3 1 23
4 5 88 23
4 6 400 1
4 7 32 1
4 8 2 23
4 9 2 22
4 10 1 19
4 11 1 28
4 17 227 1
4 18 252 1
4 19 120 29
5 0 114 1
5 1 36 2
5 2 78 1
5 3 131 1
5 4 4 5
5 6 17 7
5 8 307 11
5 9 6 8
5 10 1 20
5 12 8 27
5 14 5 19
5 16 114 1
5 17 1 2
5 24 18 1
6 0 118 1
6 1 16 3
6 2 56 1
6 3 151 1
6 4 3 18
6 5 10 19
6 7 270 1
6 8 378 1
6 9 97 28
6 10 289 1
6 11 16 6
6 12 3 8
6 14 136 1
6 16 111 1
6 17 1 10
6 19 1 26
7 0 3 18
7 1 134 1
7 2 1 28
7 3 2 1
7 5 1 1
7 6 2 2
7 8 2 9
7 10 7 27
7 11 232 21
7 12 2 19
7 14 1 2
7 15 1 14
7 16 9 19
7 17 1 7
7 20 169 1
7 22 31 2
7 23 35 2
7 24 1 15
7 25 1 19
7 27 152 1
8 0 80 1
8 1 79 1
8 2 8 8
8 3 28 16
8 4 187 1
8 5 153 11
8 6 378 1
8 7 104 1
8 10 69 1
8 13 3 1
8 14 32 2
8 15 8 18
8 16 14 1
8 17 211 2
8 18 1 24
8 22 86 3
8 24 87 1
9 0 110 1
9 1 96 1
9 2 56 1
9 4 75 1
9 5 132 1
9 6 14 1
9 8 33 1
9 10 27 1
9 11 18 1
9 12 49 2
9 13 14 12
9 14 1 4
9 17 1 26
9 22 7 5
9 24 1 24
10 1 83 26
10 4 251 1
10 5 28 1
10 6 258 1
10 7 77 1
10 11 51 1
10 13 202 1
10 14 5 1
10 15 1 15
10 18 1 19
10 23 50 1
10 25 213 3
10 26 45 2
11 1 167 1
11 2 23 1
11 4 4 3
11 6 4 20
11 7 8 21
11 8 47 1
11 9 100 1
11 10 2 2
11 15 2 7
11 18 2 5
11 20 3 8
11 22 43 3
11 23 134 1
11 24 80 2
11 25 2 28
11 27 1 15
12 0 3 14
12 1 1 3
12 5 1 10
12 6 1 17
12 7 1 3
12 8 43 6
12 10 163 1
12 14 38 2
12 16 1 20
12 18 93 1
12 19 28 2
12 20 16 27
12 26 9 7
13 3 31 17
13 4 61 1
13 7 6 23
13 10 282 2
13 11 12 9
13 14 47 2
13 25 1 17
14 0 73 2
14 2 7 23
14 3 1 5
14 5 14 18
14 9 104 2
14 10 1 26
14 11 1 13
14 12 1 19
14 13 9 26
14 15 15 1
15 1 3 1
15 6 10 23
15 7 1 19
15 11 5 25
15 13 18 1
15 14 54 1
15 18 25 7
15 23 7 1
15 24 1 28
15 25 1 13
16 0 111 1
16 1 23 1
16 3 50 1
16 5 180 1
16 7 1 16
16 8 49 22
16 13 1 26
16 14 36 2
16 17 23 1
16 18 1 26
16 19 1 26
16 24 4 1
17 0 2 13
17 1 1 11
17 4 1 10
17 5 1 27
17 6 22 11
17 7 1 5
17 8 2 14
17 10 202 4
17 16 83 1
17 18 1 16
17 19 2 12
17 20 1 2
17 25 1 21
17 27 4 7
18 0 56 4
18 2 1 12
18 3 4 10
18 4 1 18
18 5 2 4
18 8 73 1
18 9 117 1
18 11 1 11
18 12 96 6
18 15 36 6
18 16 1 29
18 17 3 4
18 24 1 25
19 0 76 21
19 2 30 6
19 7 85 1
19 8 5 9
19 11 14 2
19 17 81 1
19 18 30 12
19 20 172 1
20 0 2 9
20 2 1 22
20 8 3 5
20 9 1 9
20 11 9 6
20 13 17 7
20 16 1 14
20 19 37 1
20 22 7 21
20 23 1 29
20 24 1 4
21 1 1 23
21 3 4 10
21 6 73 1
21 12 42 1
21 16 13 27
21 17 1 6
22 1 1 6
22 6 51 19
22 7 1 20
22 8 114 2
22 9 47 3
22 10 1 10
22 12 23 22
23 6 2 28
23 11 13 2
23 16 1 7
23 19 8 28
23 24 1 2
24 0 108 1
24 1 83 1
24 2 22 11
24 3 36 3
24 5 108 1
24 6 1 26
24 8 206 1
24 9 42 1
24 11 2 7
24 15 7 27
24 16 90 1
24 17 1 15
25 0 2 1
25 1 2 20
25 4 1 13
25 5 34 5
25 7 37 1
25 9 13 3
25 11 21 25
25 12 64 1
25 27 11 6
26 3 9 11
26 5 1 20
26 14 20 3
26 20 2 11
26 23 8 4
26 27 1 6
27 0 4 26
27 1 2 12
27 2 2 3
27 9 57 1
27 14 1 3
27 16 6 1
27 19 1 23
27 22 14 21
27 26 87 2
