0 1 293 1
0 2 21 1
0 3 146 1
0 4 1 18
0 5 73 1
0 6 1 9
0 7 310 1
0 8 14 5
0 9 41 1
0 10 51 1
0 11 1 29
0 13 1 3
0 14 2 27
0 16 46 1
0 19 5 16
0 20 73 1
0 24 45 2
0 25 38 5
1 0 37 8
1 2 104 22
1 3 277 1
1 4 37 1
1 5 90 22
1 6 224 1
1 7 4 21
1 8 268 1
1 9 230 1
1 16 52 1
1 17 421 1
1 18 2 26
1 19 12 1
1 20 1 2
1 22 1 6
1 24 35 1
2 1 37 28
2 3 197 1
2 4 9 1
2 5 32 4
2 6 2 9
2 7 3 17
2 8 99 8
2 9 5 21
2 10 1 3
2 13 1 23
2 14 23 1
2 21 16 21
3 0 90 1
3 1 60 1
3 2 106 1
3 4 194 2
3 5 14 2
3 7 53 1
3 8 24 29
3 9 15 3
3 10 251 1
3 11 1 8
3 16 9 2
3 20 1 16
3 24 95 1
3 27 3 27
4 0 1 12
4 1 11 1
4 5 114 9
4 6 393 1
4 7 31 1
4 8 2 11
4 9 1 25
4 10 2 11
4 11 8 4
4 12 15 4
4 16 11 5
4 17 225 1
4 18 247 1
5 0 88 1
5 1 9 20
5 2 77 2
5 3 93 1
5 4 4 13
5 6 28 16
5 8 170 1
5 9 5 7
5 12 3 16
5 14 2 11
5 16 81 1
5 17 1 28
5 18 2 26
5 24 21 1
6 0 115 1
6 1 157 9
6 2 53 1
6 4 62 29
6 5 18 5
6 7 263 1
6 8 318 1
6 9 7 1
6 10 226 1
6 12 4 3
6 13 1 25
6 15 1 2
6 16 110 1
6 20 3 11
6 23 1 28
6 24 20 2
6 25 124 1
6 27 26 5
7 0 1 18
7 1 53 1
7 2 2 22
7 3 18 1
7 5 1 20
7 6 51 6
7 8 2 22
7 9 1 8
7 10 24 5
7 11 243 5
7 13 171 27
7 14 1 28
7 15 1 19
7 20 167 1
7 21 81 1
7 24 10 17
7 25 14 26
8 0 45 1
8 1 46 1
8 2 45 18
8 3 186 1
8 4 182 1
8 5 99 1
8 6 65 3
8 7 97 6
8 9 1 16
8 10 55 1
8 11 8 2
8 14 31 1
8 15 1 11
8 16 11 1
8 17 209 2
8 22 86 1
8 23 1 26
8 24 48 1
8 27 91 2
9 0 108 1
9 1 93 1
9 2 55 3
9 3 1 28
9 4 71 1
9 5 113 1
9 6 10 1
9 8 30 1
9 10 22 1
9 11 16 3
9 12 46 1
9 17 1 12
9 18 1 16
9 19 1 21
9 21 47 4
9 23 1 23
9 25 104 2
10 0 92 2
10 1 1 29
10 2 15 1
10 3 8 2
10 4 248 1
10 5 26 1
10 6 250 1
10 7 73 1
10 9 44 1
10 11 42 7
10 12 73 2
10 13 199 1
10 14 2 1
10 17 34 1
10 18 1 6
10 21 1 1
10 22 7 1
10 23 49 1
10 24 1 13
10 25 212 2
11 0 2 1
11 1 165 1
11 2 22 1
11 4 7 10
11 5 10 1
11 6 1 2
11 7 8 12
11 8 44 1
11 9 98 1
11 10 143 25
11 13 5 8
11 14 74 26
11 15 3 10
11 16 118 3
11 17 1 17
11 22 42 1
11 23 131 1
11 24 78 1
11 25 3 9
11 26 87 3
12 1 1 8
12 5 1 29
12 7 2 15
12 8 238 2
12 10 160 1
12 11 5 17
12 15 9 18
12 16 1 17
12 20 3 1
12 21 5 9
12 23 70 3
13 1 91 21
13 4 60 5
13 7 1 19
13 10 281 1
13 11 24 11
13 14 45 2
13 15 1 4
14 5 1 14
14 7 28 1
14 8 8 10
14 9 102 1
14 10 1 12
14 11 10 14
14 12 1 6
14 13 1 20
14 15 12 1
14 21 19 8
14 23 1 16
14 26 3 6
15 6 3 26
15 8 40 3
15 9 12 1
15 10 113 3
15 11 5 21
15 14 41 2
15 25 1 13
16 0 73 1
16 1 60 1
16 3 80 1
16 4 7 1
16 5 142 1
16 8 37 1
16 17 21 1
16 18 14 17
16 24 12 1
17 0 129 21
17 1 1 17
17 2 1 6
17 4 12 27
17 5 1 20
17 6 1 26
17 7 1 19
17 9 36 2
17 16 3 28
18 4 9 9
18 6 18 25
18 8 72 3
18 9 116 2
18 10 138 5
18 17 1 24
18 20 86 3
18 22 12 1
19 0 60 1
19 1 4 12
19 7 84 1
19 10 54 5
19 11 13 8
19 15 9 14
19 17 80 10
19 20 163 1
19 23 1 28
20 0 1 4
20 1 242 1
20 2 2 22
20 5 1 25
20 16 1 27
20 19 32 1
20 21 1 27
20 23 1 4
20 24 1 2
20 27 21 2
21 10 2 28
21 24 19 15
22 7 5 28
22 8 114 1
22 9 47 4
22 10 1 16
22 11 3 1
22 23 15 12
23 1 1 17
23 3 23 7
23 5 1 16
23 6 6 23
23 8 51 1
23 10 19 20
23 11 13 1
23 12 59 1
23 24 10 7
24 0 70 1
24 1 45 1
24 3 25 16
24 5 70 1
24 6 91 23
24 7 19 1
24 8 169 1
24 11 2 8
24 12 1 20
24 14 29 10
24 15 1 11
24 16 53 1
24 19 16 26
24 20 1 28
24 26 4 13
25 0 1 23
25 1 18 26
25 4 2 5
25 7 35 1
25 9 13 1
25 11 12 21
25 17 8 9
25 24 1 23
25 27 1 12
26 5 2 5
26 8 60 5
26 12 3 14
26 14 20 1
26 24 1 11
26 27 9 4
27 2 3 18
27 5 1 29
27 9 57 1
27 10 33 21
27 14 1 24
