0 1 288 2
0 2 1 28
0 3 75 1
0 4 9 13
0 5 27 1
0 6 1 21
0 7 301 1
0 8 40 1
0 12 117 2
0 14 43 27
0 15 1 14
0 16 9 1
0 17 17 1
0 18 6 29
0 19 2 19
0 22 1 20
0 24 1 23
0 27 14 29
1 0 29 1
1 2 25 24
1 3 200 1
1 4 22 1
1 5 25 1
1 6 203 1
1 8 218 12
1 9 223 1
1 10 20 8
1 11 244 1
1 16 47 1
1 17 407 1
1 23 2 18
1 24 9 1
2 1 4 8
2 3 165 1
2 4 6 1
2 6 1 14
2 7 1 4
2 8 99 13
2 10 1 7
2 11 156 29
2 19 12 3
2 22 1 27
3 0 13 10
3 1 168 1
3 2 77 1
3 4 191 2
3 5 1 1
3 6 1 6
3 7 25 1
3 8 11 1
3 9 14 1
3 10 5 1
3 11 13 4
3 13 1 17
3 14 1 17
3 16 8 1
3 19 17 4
3 24 32 1
3 25 3 10
4 0 3 8
4 1 92 13
4 3 1 6
4 5 3 6
4 6 19 1
4 8 2 6
4 9 1 22
4 12 13 1
4 16 10 2
4 17 219 1
4 18 234 1
4 20 17 1
4 22 43 9
4 23 2 1
5 0 32 1
5 1 225 1
5 3 38 1
5 4 3 3
5 6 18 19
5 7 1 7
5 8 300 1
5 9 6 24
5 12 1 12
5 16 19 1
5 17 5 4
5 18 2 25
5 23 20 1
5 24 46 1
6 0 250 1
6 1 19 16
6 2 45 1
6 3 122 3
6 4 9 19
6 5 14 21
6 7 247 1
6 8 206 1
6 9 3 27
6 10 205 1
6 12 23 13
6 16 108 3
6 17 9 18
6 19 1 20
6 20 2 28
6 21 2 21
6 23 1 4
6 24 19 1
6 27 25 9
7 0 4 21
7 1 44 1
7 2 4 28
7 3 11 1
7 5 1 16
7 6 13 28
7 8 7 12
7 9 2 16
7 10 2 10
7 11 197 1
7 13 4 28
7 15 1 3
7 18 1 3
7 20 163 1
7 22 29 2
7 24 5 14
7 25 1 4
8 0 2 25
8 1 12 1
8 2 4 6
8 3 292 1
8 4 173 1
8 5 144 11
8 6 318 1
8 7 336 1
8 9 139 1
8 10 18 1
8 13 1 1
8 14 26 2
8 16 1 3
8 17 205 1
8 21 13 3
8 23 2 21
8 24 44 1
9 0 105 2
9 1 85 1
9 2 52 1
9 3 15 5
9 4 62 1
9 5 112 1
9 6 4 1
9 8 23 1
9 10 10 1
9 12 39 1
9 13 1 25
9 14 1 6
9 17 75 6
9 21 46 2
9 24 17 11
9 25 103 5
10 1 2 20
10 3 1 10
10 4 242 1
10 5 20 1
10 6 247 1
10 7 65 1
10 8 1 24
10 9 376 1
10 11 36 1
10 12 68 1
10 13 191 1
10 14 116 1
10 15 3 9
10 16 1 7
10 18 1 6
10 27 90 1
11 1 160 2
11 4 1 19
11 6 1 22
11 7 10 29
11 8 36 1
11 9 92 1
11 10 4 14
11 13 5 14
11 15 3 6
11 18 1 28
11 20 2 5
11 21 94 3
11 22 40 2
11 23 125 1
11 24 3 1
11 25 19 16
11 27 5 11
12 1 1 6
12 3 3 14
12 5 73 24
12 10 153 1
12 11 2 2
12 15 2 3
12 22 62 3
12 24 37 1
12 26 1 9
12 27 34 10
13 5 1 13
13 7 22 17
13 10 277 1
13 11 14 27
13 14 40 1
13 15 5 15
13 22 1 4
13 23 1 4
13 24 6 2
14 1 97 1
14 4 32 1
14 6 29 26
14 7 24 2
14 8 2 6
14 9 98 1
14 10 2 19
14 11 20 17
14 12 4 9
14 13 41 22
14 15 5 1
14 21 19 6
14 25 28 1
15 0 3 7
15 3 2 4
15 4 5 12
15 5 31 1
15 7 7 1
15 8 37 3
15 10 164 24
15 11 175 22
15 12 11 1
15 13 17 9
15 14 34 1
15 23 5 4
15 25 1 26
15 26 9 9
16 0 12 1
16 1 51 1
16 3 16 1
16 5 80 1
16 7 26 2
16 8 39 1
16 17 16 1
16 18 3 21
16 22 23 22
16 24 42 1
17 0 8 14
17 1 4 8
17 2 2 5
17 3 1 27
17 4 127 1
17 5 2 24
17 6 22 28
17 7 1 11
17 8 144 10
17 15 1 29
17 16 3 11
17 18 66 21
17 20 1 11
17 22 1 6
17 23 5 15
18 0 53 1
18 1 9 27
18 4 1 8
18 8 69 2
18 9 118 2
18 11 1 16
18 17 1 18
18 24 25 20
18 25 35 18
18 27 2 9
19 3 1 16
19 4 102 1
19 5 11 25
19 7 82 1
19 11 12 3
19 20 141 1
20 0 1 16
20 2 1 20
20 5 15 5
20 9 1 7
20 19 20 1
20 24 1 28
21 11 87 5
21 20 6 1
22 3 7 20
22 4 1 22
22 7 3 10
22 10 27 10
22 23 4 2
23 4 50 5
23 5 1 5
23 6 6 14
23 7 2 13
23 15 7 3
23 20 5 15
23 24 10 14
24 0 8 1
24 1 9 1
24 2 21 4
24 3 14 1
24 5 12 26
24 7 16 1
24 8 22 1
24 11 3 6
24 12 24 28
24 15 2 14
24 16 7 1
24 17 5 21
24 20 1 12
24 23 32 3
24 26 1 20
25 1 1 2
25 3 11 5
25 7 241 1
25 8 166 1
25 9 12 5
25 11 3 28
25 15 3 1
25 18 6 20
25 19 1 23
25 23 2 7
25 26 20 1
25 27 1 21
26 3 9 29
26 4 69 19
26 9 29 1
26 15 8 15
26 20 2 24
26 22 13 3
26 24 4 25
26 27 1 7
27 1 1 7
27 11 1 4
27 17 3 1
27 26 80 1
