0 1 11 1
0 2 2 2
0 3 12 2
0 4 1 14
0 5 149 1
0 6 3 24
0 7 224 1
0 8 21 24
0 9 20 3
0 10 27 1
0 11 5 6
0 12 105 5
0 13 6 6
0 15 1 9
0 16 36 1
0 19 18 15
0 20 115 1
0 24 228 1
0 27 5 20
1 0 183 21
1 2 16 20
1 3 9 1
1 4 2 3
1 5 28 21
1 6 37 1
1 7 2 19
1 8 33 18
1 9 165 1
1 10 339 1
1 11 210 1
1 16 45 1
1 17 304 1
1 19 12 23
1 20 1 25
1 24 12 8
1 26 1 16
2 0 27 1
2 1 171 26
2 3 32 1
2 6 6 9
2 7 54 16
2 8 295 1
2 10 1 15
2 11 2 4
2 16 49 1
2 17 206 1
2 18 42 5
2 21 16 18
2 22 1 1
2 26 3 1
3 0 62 16
3 1 419 1
3 2 2 7
3 4 160 1
3 5 47 1
3 7 83 1
3 8 62 1
3 11 16 10
3 13 6 15
3 16 40 29
3 18 34 7
3 19 22 2
3 20 1 26
3 24 110 14
3 25 5 9
4 0 24 18
4 1 261 1
4 3 2 8
4 5 216 1
4 6 2 21
4 8 377 23
4 9 29 4
4 10 161 3
4 11 2 16
4 17 171 1
4 18 131 1
4 19 117 3
4 21 10 23
4 22 38 3
4 24 81 2
4 27 2 18
5 0 112 1
5 1 12 1
5 2 58 2
5 3 11 1
5 4 27 26
5 6 5 8
5 8 27 1
5 10 47 1
5 12 1 4
5 16 70 1
5 17 1 13
5 18 1 28
5 21 24 2
5 24 222 2
6 0 184 1
6 1 174 3
6 3 133 2
6 4 201 12
6 5 7 10
6 7 124 1
6 8 10 28
6 9 78 29
6 10 100 1
6 11 3 12
6 12 2 20
6 15 4 27
6 17 15 9
6 19 2 22
6 20 1 3
6 24 11 1
6 26 61 5
6 27 19 2
7 0 27 5
7 1 10 21
7 2 18 19
7 3 5 25
7 4 1 28
7 5 3 12
7 6 22 12
7 8 31 6
7 9 1 19
7 10 1 19
7 11 14 1
7 14 1 20
7 15 19 2
7 17 2 5
7 18 4 20
7 20 127 1
7 21 75 4
7 24 22 3
7 25 1 17
7 26 1 2
7 27 128 3
8 0 1 8
8 1 18 3
8 2 123 20
8 3 20 1
8 4 134 1
8 5 52 1
8 6 93 1
8 7 52 24
8 9 127 1
8 10 13 12
8 11 1 26
8 12 19 2
8 13 188 3
8 14 2 4
8 16 152 1
8 17 168 1
8 22 69 2
8 23 1 26
8 24 239 1
8 25 1 4
8 27 78 1
9 0 79 1
9 1 56 1
9 4 8 2
9 6 9 15
9 7 1 14
9 10 13 12
9 12 28 1
9 13 18 3
9 14 4 9
9 18 1 20
9 19 5 6
9 20 58 3
9 27 1 16
10 0 61 1
10 1 4 3
10 3 15 14
10 4 190 1
10 6 107 1
10 7 15 1
10 8 22 22
10 9 300 1
10 11 95 1
10 12 29 2
10 13 129 1
10 14 76 1
10 15 6 20
10 18 2 20
10 21 7 9
10 23 28 2
10 25 184 2
11 1 121 2
11 2 2 3
11 3 1 12
11 6 11 14
11 7 56 15
11 10 5 4
11 14 58 1
11 15 6 29
11 17 3 24
11 19 115 1
11 21 89 6
11 22 23 1
11 23 79 1
11 24 258 1
11 25 3 8
11 26 67 1
12 0 6 28
12 4 6 21
12 5 6 14
12 7 17 18
12 9 1 21
12 10 99 1
12 11 6 22
12 13 2 24
12 14 14 3
12 15 3 4
12 22 44 1
12 24 31 3
13 10 232 1
13 11 15 10
13 12 1 22
13 20 1 8
13 22 5 4
13 23 5 26
13 24 3 19
14 0 64 1
14 1 83 2
14 2 6 1
14 3 4 11
14 4 21 1
14 9 63 1
14 10 3 4
14 12 5 8
14 13 39 2
14 15 7 1
14 20 8 20
14 22 1 8
14 24 1 29
14 27 1 29
15 3 1 9
15 6 5 21
15 7 281 2
15 11 203 18
15 12 3 10
15 13 11 1
15 14 29 1
15 20 2 27
15 23 7 5
15 24 3 26
15 25 1 13
16 0 29 1
16 1 11 1
16 3 7 1
16 5 16 4
16 8 16 21
16 12 28 12
16 14 34 3
16 15 1 8
16 18 45 14
16 24 31 1
16 25 1 17
16 27 11 3
17 0 19 18
17 1 19 5
17 2 1 18
17 3 1 20
17 4 3 3
17 5 15 23
17 6 1 20
17 8 122 1
17 13 23 28
17 16 11 10
17 19 1 29
17 20 2 18
17 23 5 14
17 24 31 2
17 25 1 19
17 26 58 1
18 4 37 25
18 6 13 1
18 8 48 2
18 10 127 1
18 11 8 19
18 12 86 1
18 16 1 22
18 17 1 20
19 0 51 1
19 2 24 10
19 4 88 3
19 5 1 15
19 7 64 1
19 8 7 2
19 9 25 6
19 10 43 1
19 12 1 21
19 15 4 20
19 17 68 2
19 20 10 1
19 21 4 10
19 27 1 9
20 0 1 23
20 2 1 28
20 4 33 1
20 9 1 1
20 13 1 29
20 19 6 11
20 25 1 27
21 1 1 27
21 3 16 26
21 9 20 2
21 12 32 4
21 18 16 18
21 25 7 20
22 4 18 24
22 8 99 3
22 11 1 17
22 12 70 1
22 23 7 3
22 24 1 5
22 26 14 7
22 27 1 25
23 2 10 24
23 6 9 29
23 7 23 14
23 13 11 17
23 14 10 3
23 15 1 1
23 17 22 1
24 0 45 20
24 1 126 23
24 2 17 9
24 3 172 11
24 5 183 27
24 6 27 10
24 8 180 1
24 9 31 1
24 21 7 4
24 26 4 6
25 1 1 25
25 4 74 21
25 7 205 1
25 11 15 27
25 20 14 1
25 26 16 1
26 0 2 6
26 1 27 4
26 3 2 20
26 6 85 15
26 8 51 1
26 20 2 22
26 24 3 13
26 27 58 7
27 17 2 13
27 24 35 1
