0 1 9 1
0 2 2 24
0 3 18 2
0 4 3 6
0 5 144 1
0 6 3 29
0 7 223 1
0 8 157 1
0 10 26 3
0 11 6 12
0 15 1 6
0 16 31 4
0 18 20 15
0 20 115 1
0 21 8 3
0 24 223 24
0 25 27 1
1 0 160 1
1 3 2 14
1 4 1 19
1 5 64 1
1 6 36 1
1 7 1 29
1 8 46 27
1 9 164 1
1 10 339 1
1 11 209 1
1 15 2 8
1 16 40 1
1 17 301 1
1 19 2 17
1 22 1 28
1 24 30 28
1 26 2 14
2 0 27 1
2 1 1 1
2 3 29 1
2 6 10 10
2 7 27 1
2 8 292 1
2 10 2 2
2 13 2 22
2 16 48 3
2 17 205 3
2 22 1 1
2 26 7 11
2 27 2 14
3 0 119 1
3 1 412 1
3 2 3 27
3 4 160 1
3 5 42 1
3 6 1 6
3 7 81 1
3 8 57 26
3 9 5 2
3 10 218 1
3 11 114 3
3 12 7 7
3 16 67 15
3 23 28 8
3 24 10 27
3 27 36 7
4 0 2 4
4 1 257 1
4 2 4 15
4 5 214 1
4 6 299 1
4 7 9 1
4 8 5 13
4 9 14 28
4 10 23 22
4 12 2 9
4 15 83 1
4 17 170 1
4 18 129 1
4 20 134 1
4 21 1 25
4 23 77 3
4 26 65 3
5 0 107 1
5 1 5 15
5 3 5 28
5 4 8 7
5 6 178 1
5 7 1 23
5 8 23 17
5 9 11 1
5 10 47 2
5 13 11 25
5 16 65 24
5 17 10 5
5 18 1 26
5 24 11 25
5 27 2 29
6 0 183 1
6 1 5 18
6 2 3 1
6 4 6 16
6 5 7 19
6 7 123 1
6 8 9 28
6 9 400 3
6 10 97 1
6 12 1 1
6 13 1 6
6 14 120 2
6 15 2 28
6 16 95 3
6 17 109 26
6 24 10 3
7 0 1 22
7 1 101 1
7 2 65 14
7 3 3 29
7 5 2 28
7 6 80 15
7 8 5 6
7 9 33 21
7 10 2 4
7 11 12 1
7 14 1 1
7 15 11 19
7 17 2 25
7 18 1 18
7 20 126 2
7 23 15 2
7 24 1 17
7 25 7 22
7 26 1 5
8 0 139 15
8 1 16 1
8 2 2 21
8 3 13 9
8 4 133 1
8 5 43 1
8 6 76 1
8 7 176 12
8 9 126 1
8 10 3 1
8 15 2 4
8 16 166 1
8 17 167 1
8 18 1 4
8 24 233 1
8 27 77 4
9 0 79 1
9 1 55 1
9 2 31 1
9 6 12 20
9 10 2 26
9 12 26 1
9 13 3 13
9 14 29 9
9 16 69 1
9 17 1 6
9 18 16 16
9 21 38 1
9 25 98 1
10 0 60 3
10 1 1 12
10 3 1 27
10 4 189 1
10 6 104 1
10 7 14 1
10 8 56 26
10 9 295 1
10 11 93 1
10 13 128 1
10 14 73 1
10 15 7 14
10 16 1 17
10 18 5 26
10 19 2 13
10 24 10 20
10 26 35 1
11 0 1 5
11 4 3 4
11 6 3 24
11 7 23 13
11 9 48 2
11 10 3 2
11 13 42 29
11 14 57 1
11 15 5 20
11 19 114 29
11 22 22 5
11 23 78 1
11 24 257 1
11 25 45 22
11 26 67 3
11 27 4 19
12 0 1 22
12 4 1 7
12 5 4 26
12 6 2 8
12 8 261 1
12 9 2 7
12 10 98 1
12 15 2 18
12 18 82 3
12 20 17 14
12 22 43 2
12 23 12 2
12 25 1 23
12 26 2 26
13 5 12 21
13 8 2 4
13 9 111 6
13 10 232 1
13 14 5 1
13 15 2 15
13 18 9 23
13 27 16 17
14 0 63 3
14 2 6 1
14 3 15 27
14 4 20 6
14 6 18 2
14 9 63 1
14 10 3 8
14 11 48 17
14 12 1 8
14 15 6 1
14 19 1 11
14 20 6 6
14 22 1 24
14 24 1 1
15 6 1 23
15 11 2 15
15 13 10 1
15 14 28 1
15 24 3 12
16 0 23 2
16 1 6 26
16 3 1 26
16 5 38 24
16 8 41 1
16 11 1 12
16 15 1 2
16 18 2 27
16 20 8 9
16 21 21 23
16 24 25 1
17 0 2 16
17 1 2 14
17 3 1 26
17 4 3 16
17 6 1 14
17 7 2 25
17 8 121 1
17 9 19 5
17 10 190 2
17 13 1 3
17 15 38 17
17 16 16 13
17 20 129 4
17 25 1 7
17 26 57 12
18 4 5 26
18 6 13 2
18 7 1 6
18 9 98 1
18 10 127 1
18 11 1 18
18 12 86 3
18 13 1 6
18 16 1 10
18 20 81 1
19 0 50 14
19 5 3 26
19 6 8 22
19 7 64 1
19 8 1 17
19 10 43 2
19 16 40 5
19 20 9 2
20 0 3 4
20 4 33 1
20 9 1 9
20 11 1 1
20 14 19 2
20 17 50 19
20 18 37 2
20 19 2 6
20 21 1 27
21 1 36 4
21 10 2 5
21 11 80 4
21 15 6 1
21 16 1 27
21 22 16 1
22 9 37 6
22 10 16 29
22 12 70 18
22 13 5 4
23 8 36 4
23 9 59 5
23 11 116 2
23 14 1 2
23 17 21 13
23 20 61 4
23 24 1 18
24 0 190 25
24 1 97 23
24 3 33 23
24 5 42 28
24 8 175 1
24 9 30 6
24 15 7 21
24 16 107 1
24 17 6 11
24 23 19 3
24 25 1 1
25 1 1 3
25 2 7 17
25 3 6 1
25 7 204 6
25 8 143 3
25 11 2 7
25 17 2 16
25 20 13 3
25 26 16 1
25 27 47 16
26 7 4 4
26 8 51 6
26 10 96 7
26 25 26 3
27 0 1 9
27 1 1 7
27 24 34 18
27 25 1 18
27 26 39 1
