0 1 438 8
0 2 2 3
0 3 139 1
0 4 4 4
0 5 231 1
0 6 45 21
0 7 198 1
0 8 39 1
0 9 15 1
0 11 1 18
0 12 101 3
0 14 1 18
0 15 2 6
0 16 53 22
0 19 142 2
0 20 53 1
0 24 126 1
0 27 1 22
1 0 168 1
1 2 12 1
1 3 226 1
1 4 3 26
1 5 10 1
1 6 10 1
1 8 163 1
1 9 146 1
1 10 11 2
1 11 197 1
1 12 1 6
1 16 60 1
1 17 252 1
1 18 1 4
1 19 4 4
1 20 31 22
1 21 69 3
1 22 17 22
1 23 3 1
1 24 105 1
2 0 236 2
2 1 81 1
2 6 1 17
2 7 1 21
2 8 47 1
2 9 21 27
2 10 1 11
2 11 248 1
2 13 4 28
2 16 46 4
2 17 198 2
2 19 6 10
2 21 1 5
2 27 1 27
3 0 76 8
3 1 287 1
3 2 22 1
3 4 149 1
3 5 33 21
3 6 1 11
3 7 40 1
3 8 204 1
3 10 205 1
3 11 34 23
3 12 6 2
3 13 2 19
3 16 56 1
3 17 181 2
3 19 18 2
3 20 3 19
3 24 68 1
4 0 16 24
4 1 185 1
4 2 1 24
4 3 1 21
4 5 265 1
4 6 248 1
4 7 5 6
4 9 9 6
4 10 1 28
4 13 1 1
4 14 117 4
4 18 100 1
4 20 9 1
4 24 80 1
5 0 1 16
5 1 172 1
5 2 51 2
5 3 214 1
5 4 6 2
5 6 318 28
5 7 4 13
5 8 44 1
5 9 72 1
5 10 17 12
5 12 15 7
5 15 1 29
5 16 51 1
5 17 3 15
5 22 19 10
5 24 204 1
5 25 23 12
6 0 162 1
6 1 239 25
6 3 124 2
6 4 6 19
6 5 175 18
6 7 90 1
6 8 26 29
6 10 161 15
6 12 1 3
6 14 110 12
6 17 1 12
6 19 3 17
6 20 1 29
6 27 17 1
7 0 10 29
7 1 9 1
7 2 3 25
7 3 2 7
7 5 2 20
7 6 2 8
7 8 5 19
7 10 12 11
7 11 2 14
7 12 19 15
7 14 1 28
7 18 2 1
7 19 1 10
7 20 115 2
7 24 2 9
7 25 233 17
7 26 1 13
7 27 121 2
8 0 352 1
8 1 250 1
8 2 2 9
8 3 410 1
8 4 120 1
8 5 23 11
8 6 103 1
8 7 132 1
8 9 3 6
8 10 22 11
8 12 249 1
8 15 2 5
8 16 34 1
8 17 155 1
8 18 5 18
8 21 8 7
8 22 64 2
8 24 208 1
8 27 74 1
9 1 57 1
9 3 2 7
9 4 1 3
9 5 2 19
9 6 21 27
9 7 1 4
9 8 1 3
9 10 3 1
9 12 16 3
9 14 1 16
9 16 65 4
9 17 2 11
9 20 55 1
9 22 1 12
10 0 52 2
10 3 2 14
10 4 172 1
10 5 1 17
10 6 63 1
10 8 8 7
10 9 240 1
10 11 56 1
10 13 108 1
10 14 38 1
10 15 1 4
10 16 1 12
10 18 1 28
10 19 1 21
10 20 3 24
10 24 10 26
10 25 174 1
10 26 32 2
11 3 5 8
11 6 8 6
11 7 31 9
11 12 7 9
11 14 50 1
11 15 10 1
11 17 2 20
11 23 65 1
11 24 245 1
11 25 3 22
11 27 1 22
12 0 9 14
12 4 6 8
12 6 6 26
12 7 1 20
12 8 254 1
12 9 5 11
12 10 82 1
12 13 3 12
12 14 10 1
12 15 11 11
12 17 1 20
12 22 38 1
12 23 11 5
12 25 2 4
13 0 70 17
13 1 91 18
13 10 214 1
13 12 21 14
13 22 1 27
13 23 1 14
13 26 10 16
14 0 61 2
14 1 78 3
14 2 36 24
14 7 2 1
14 9 52 1
14 10 3 13
14 11 1 22
14 12 1 26
14 13 26 1
14 16 4 11
14 21 17 3
15 3 1 6
15 5 25 15
15 6 6 10
15 7 36 1
15 11 13 5
15 14 14 1
15 24 4 9
15 26 6 9
16 0 8 24
16 1 197 1
16 2 52 1
16 3 33 1
16 5 101 1
16 8 67 1
16 12 27 1
16 14 33 10
16 17 1 22
16 18 1 26
16 24 74 1
17 0 2 6
17 1 11 9
17 5 1 19
17 6 1 6
17 7 5 2
17 8 132 1
17 11 206 27
17 12 120 1
17 18 4 5
17 19 1 13
17 20 3 15
17 21 49 25
17 22 1 5
18 0 33 2
18 4 2 12
18 5 103 4
18 11 103 12
18 16 3 19
18 22 2 15
18 24 1 5
19 0 66 1
19 6 1 10
19 8 24 19
19 11 4 6
19 12 1 21
19 18 25 1
20 0 2 21
20 1 228 1
20 2 2 27
20 3 1 22
20 8 12 27
20 9 1 24
20 16 1 20
20 18 35 1
20 19 6 12
21 5 1 2
21 6 65 5
21 8 1 10
21 18 1 12
22 4 1 6
22 8 95 2
23 1 84 1
23 4 43 5
23 6 2 3
23 7 1 4
23 8 32 5
23 11 119 1
23 13 11 3
23 18 3 1
23 25 22 7
24 0 54 1
24 1 2 6
24 3 265 1
24 5 37 1
24 6 121 16
24 8 61 1
24 11 84 2
24 14 22 1
24 16 126 9
24 20 1 28
24 21 7 14
24 23 15 3
25 2 4 27
25 3 4 8
25 4 75 16
25 6 1 1
25 7 190 1
25 8 136 1
25 9 4 3
25 11 3 15
25 24 4 8
26 1 25 4
26 2 25 11
26 5 1 1
26 9 23 1
26 15 11 7
26 16 7 1
26 24 6 23
26 25 24 3
27 11 2 16
27 15 1 19
27 17 1 10
