0 1 8 3
0 2 10 2
0 3 15 9
0 5 12 24
0 6 283 1
0 8 32 23
0 9 1 21
0 15 86 4
0 16 21 10
0 17 1 16
0 18 30 4
0 19 2 27
0 24 12 20
0 25 4 4
1 0 34 6
1 2 1 16
1 3 11 20
1 4 207 1
1 5 11 2
1 6 425 1
1 7 125 1
1 8 9 24
1 11 5 15
1 13 81 3
1 14 1 28
1 16 11 12
1 17 93 1
1 18 44 2
1 19 160 3
1 24 11 28
1 27 1 25
2 0 282 1
2 1 10 7
2 3 162 1
2 6 15 3
2 7 1 8
2 8 48 1
2 10 5 2
2 11 34 2
2 14 14 12
2 15 1 29
2 17 25 2
3 0 11 15
3 1 22 21
3 2 3 1
3 5 12 4
3 6 1 16
3 7 19 15
3 8 11 16
3 9 4 19
3 11 288 17
3 14 37 2
3 15 1 15
3 16 13 7
3 20 6 25
3 23 1 7
3 24 11 8
4 0 3 5
4 1 28 8
4 2 8 12
4 3 3 23
4 5 2 1
4 6 53 1
4 8 80 1
4 9 10 8
4 10 227 1
4 11 144 1
4 15 1 24
4 17 1 29
4 18 153 1
4 19 2 16
4 20 106 15
4 24 1 18
4 25 75 1
5 0 15 9
5 1 10 25
5 2 14 2
5 3 12 13
5 4 179 1
5 6 104 17
5 7 3 17
5 8 14 2
5 9 4 29
5 16 11 15
5 17 27 1
5 18 42 1
5 23 1 20
5 24 14 15
6 1 1 11
6 2 47 1
6 3 73 1
6 4 22 22
6 5 43 1
6 7 47 1
6 8 11 10
6 10 271 1
6 11 142 1
6 12 240 2
6 14 4 29
6 17 171 1
6 20 63 1
6 21 12 29
6 26 1 27
7 0 1 27
7 1 47 5
7 3 4 14
7 4 43 2
7 6 44 19
7 8 83 1
7 9 223 2
7 10 5 1
7 11 64 1
7 13 1 23
7 14 247 1
7 15 3 6
7 17 30 1
7 23 1 9
7 25 298 1
7 26 10 2
8 0 11 26
8 1 21 26
8 2 141 1
8 3 19 4
8 5 19 19
8 6 276 1
8 7 9 27
8 9 263 1
8 10 8 18
8 11 92 3
8 14 1 6
8 16 11 12
8 17 1 13
8 19 116 4
8 23 82 3
8 24 17 16
8 25 145 1
9 0 2 13
9 1 3 21
9 2 3 26
9 5 12 27
9 6 208 1
9 10 25 1
9 12 3 1
9 13 99 4
9 15 1 27
9 18 84 1
9 19 31 1
9 20 2 13
9 24 1 2
9 25 2 16
10 1 179 1
10 2 1 6
10 3 6 16
10 4 1 17
10 5 1 6
10 6 394 1
10 7 60 2
10 8 6 6
10 9 4 1
10 11 225 1
10 12 52 26
10 13 25 1
10 14 5 24
10 15 1 13
10 20 151 3
10 21 27 6
10 23 5 13
10 24 23 2
10 27 1 16
11 0 10 1
11 1 140 20
11 2 2 19
11 3 31 12
11 6 1 11
11 7 28 15
11 8 19 3
11 9 2 27
11 10 1 7
11 12 1 10
11 14 356 1
11 15 107 28
11 17 118 3
11 22 1 20
11 24 350 1
11 25 45 1
11 26 2 11
11 27 239 1
12 0 52 2
12 1 40 4
12 5 193 1
12 8 1 2
12 9 3 1
12 10 10 1
12 18 1 10
12 20 1 6
13 6 1 5
13 7 51 2
13 8 2 3
13 10 113 1
13 12 2 20
13 14 9 1
13 17 1 11
13 19 1 7
14 5 7 3
14 6 24 1
14 7 2 7
14 8 210 1
14 10 287 1
14 12 155 4
14 15 55 1
14 21 13 4
15 5 1 24
15 6 108 1
15 7 333 1
15 9 2 13
15 10 279 2
15 11 1 29
15 14 90 1
15 17 24 5
15 18 1 3
15 25 28 6
16 0 12 23
16 1 11 13
16 3 36 12
16 5 12 19
16 8 12 18
16 9 3 7
16 17 1 1
16 18 6 4
16 21 29 5
16 24 11 22
17 0 166 1
17 1 1 12
17 2 9 4
17 3 169 1
17 4 158 2
17 7 17 1
17 8 4 21
17 10 4 19
17 11 41 24
17 12 1 12
17 13 2 12
17 21 54 15
18 0 1 1
18 4 1 2
18 7 139 3
18 8 7 19
18 10 4 8
18 11 21 29
18 12 2 12
18 13 27 4
18 17 140 2
19 15 3 4
19 17 2 20
19 20 40 20
19 24 9 29
19 25 10 22
20 0 208 1
20 2 63 3
20 6 172 2
20 7 5 1
20 9 1 21
20 10 166 3
20 12 2 15
20 14 79 6
20 16 1 9
20 19 37 18
20 23 14 1
20 24 26 3
21 7 36 3
21 8 2 20
21 12 1 20
22 7 50 3
22 8 2 25
22 11 163 2
22 14 29 4
22 17 23 13
22 19 2 1
22 23 1 15
23 1 30 4
23 7 146 1
23 11 44 1
23 12 1 27
23 20 1 1
23 22 3 8
24 0 96 15
24 1 11 26
24 3 11 16
24 5 12 24
24 7 1 27
24 8 11 9
24 11 2 7
24 16 11 28
24 23 19 1
25 0 103 1
25 1 3 2
25 3 1 25
25 4 1 27
25 7 92 1
25 9 102 24
25 11 143 1
25 13 1 1
25 16 34 1
25 17 1 3
25 27 1 19
26 10 5 7
26 11 163 3
26 20 1 22
26 24 55 1
27 6 40 20
27 7 1 16
27 10 1 14
27 11 1 9
