0 1 146 10
0 2 1 9
0 3 14 13
0 4 321 1
0 5 14 21
0 6 280 1
0 8 16 13
0 11 301 2
0 15 86 3
0 16 14 27
0 17 7 14
0 18 30 1
0 19 17 16
0 20 9 1
0 24 14 22
0 25 4 6
0 27 5 1
1 0 19 9
1 2 7 4
1 3 14 25
1 4 334 1
1 5 15 21
1 6 2 6
1 7 121 1
1 8 14 29
1 10 5 3
1 11 1 20
1 16 29 20
1 17 354 1
1 18 43 1
1 19 159 1
1 20 180 2
1 21 1 3
1 22 8 4
1 24 33 13
1 26 10 5
1 27 2 6
2 1 9 15
2 3 143 1
2 4 1 19
2 5 70 1
2 7 3 11
2 8 39 1
2 10 11 27
2 11 32 2
2 12 88 1
2 15 11 22
2 18 49 28
2 19 1 29
2 20 1 4
3 0 60 6
3 1 33 12
3 5 26 9
3 6 18 18
3 7 2 6
3 8 14 21
3 9 1 3
3 15 3 17
3 16 23 25
3 18 1 18
3 19 1 4
3 20 3 15
3 24 15 1
4 1 2 11
4 3 7 16
4 6 29 1
4 8 367 1
4 9 21 15
4 10 224 1
4 11 142 1
4 16 2 20
4 18 146 1
4 20 4 22
4 24 1 26
4 25 74 7
4 26 1 16
4 27 1 11
5 0 20 6
5 1 24 10
5 2 13 4
5 3 14 3
5 4 166 1
5 6 109 1
5 7 12 25
5 8 67 29
5 9 4 29
5 10 364 1
5 12 1 3
5 14 50 8
5 16 14 9
5 17 26 1
5 24 15 5
5 25 3 8
6 1 13 15
6 2 43 1
6 3 70 1
6 4 3 13
6 5 254 1
6 7 42 1
6 8 13 7
6 10 263 1
6 11 138 1
6 14 2 24
6 15 132 1
6 16 2 2
6 17 168 2
6 19 42 5
6 22 1 29
6 23 31 28
6 25 1 22
7 0 12 27
7 1 1 24
7 2 23 26
7 3 322 1
7 6 2 18
7 8 173 1
7 10 188 1
7 11 100 1
7 13 2 19
7 14 245 3
7 15 1 5
7 19 155 1
7 20 5 29
7 23 3 14
7 24 2 29
7 25 295 1
7 26 10 1
7 27 1 28
8 0 14 3
8 1 46 10
8 2 124 1
8 3 362 29
8 5 28 3
8 6 243 1
8 7 4 18
8 9 257 1
8 10 170 19
8 11 1 13
8 14 6 19
8 16 14 19
8 17 1 4
8 18 178 2
8 19 116 1
8 20 254 4
8 22 6 14
8 24 22 15
8 25 143 3
8 26 3 16
9 0 2 6
9 1 2 28
9 2 1 16
9 3 63 1
9 5 1 1
9 6 197 16
9 7 2 9
9 10 24 1
9 11 2 19
9 12 182 1
9 13 99 1
9 14 182 12
9 18 82 2
9 20 1 24
9 24 1 1
9 26 21 2
10 0 1 23
10 1 175 1
10 2 2 10
10 3 259 5
10 4 1 5
10 5 1 17
10 6 384 1
10 7 65 7
10 8 5 1
10 9 32 15
10 11 214 1
10 12 1 1
10 13 23 2
10 14 3 17
10 15 1 27
10 16 40 2
10 20 150 2
10 22 165 27
10 23 1 8
11 0 9 1
11 1 2 20
11 2 2 14
11 3 3 19
11 5 1 4
11 6 4 7
11 7 21 3
11 8 1 9
11 9 1 16
11 10 8 16
11 12 6 19
11 13 110 2
11 14 353 1
11 15 26 10
11 19 3 3
11 21 1 14
11 22 9 18
11 23 1 15
11 24 346 1
11 25 32 1
11 27 238 1
12 1 39 1
12 3 90 1
12 4 17 2
12 5 191 1
12 6 18 21
12 8 1 25
12 10 48 15
12 14 1 12
12 15 24 2
12 21 4 15
12 22 1 21
12 23 4 9
12 24 1 4
13 1 3 8
13 10 109 1
13 11 70 1
13 12 1 29
13 14 7 1
13 20 18 10
13 25 18 5
13 27 1 18
14 0 71 19
14 5 6 11
14 7 24 11
14 8 206 1
14 10 275 1
14 12 154 5
14 13 76 4
14 15 51 1
14 17 1 20
14 18 36 6
14 21 13 10
14 23 14 1
14 25 1 1
15 2 1 11
15 5 9 10
15 6 107 1
15 7 330 1
15 9 92 21
15 10 276 1
15 11 428 1
15 12 2 17
15 14 86 1
15 18 1 18
15 21 12 12
15 25 1 27
16 0 15 5
16 1 16 12
16 3 18 8
16 5 29 4
16 8 26 2
16 18 7 27
16 20 75 1
16 24 26 22
16 26 1 3
17 0 163 1
17 1 3 10
17 2 11 14
17 3 167 3
17 4 155 2
17 6 285 1
17 7 16 1
17 8 1 13
17 11 5 7
17 16 1 24
18 4 272 27
18 9 2 6
18 10 1 19
18 13 27 7
18 14 12 1
18 16 1 25
18 17 138 1
18 23 1 5
19 0 15 15
19 1 49 1
19 3 50 1
19 4 1 23
19 8 59 2
19 15 3 1
19 18 46 21
19 20 3 25
20 1 4 27
20 2 62 1
20 6 172 1
20 7 287 2
20 10 165 4
20 11 226 1
20 19 3 15
20 21 1 21
20 22 2 29
20 26 45 17
21 0 8 1
21 2 11 2
21 8 1 20
21 10 1 6
21 11 3 19
21 27 10 19
22 1 30 5
22 12 45 1
22 14 29 7
22 21 1 1
23 1 30 29
23 2 1 19
23 3 1 16
23 4 75 8
23 6 28 3
23 7 144 2
23 8 2 29
23 11 41 2
24 0 15 7
24 1 14 4
24 3 29 27
24 5 35 22
24 7 7 22
24 8 15 5
24 9 1 29
24 10 1 3
24 11 11 2
24 16 14 7
24 17 9 2
24 20 1 14
24 23 18 1
25 3 4 3
25 5 1 15
25 6 122 3
25 7 88 1
25 8 16 14
25 10 1 8
25 11 131 1
25 27 3 8
26 0 47 2
26 6 31 18
26 7 3 22
26 10 1 5
26 11 162 5
26 12 1 5
26 16 22 26
26 17 58 20
26 20 22 28
26 25 1 28
27 1 1 13
27 3 1 11
27 4 42 1
27 5 1 1
27 6 1 4
27 7 164 26
27 11 5 17
27 15 29 4
