0 1 354 11
0 2 2 28
0 3 40 27
0 4 325 22
0 5 17 17
0 6 1 14
0 7 122 1
0 8 35 8
0 9 5 1
0 11 15 21
0 12 89 1
0 14 5 27
0 15 3 3
0 16 54 1
0 19 97 1
0 20 81 1
0 22 1 13
0 24 47 19
0 26 6 29
1 0 17 6
1 2 352 1
1 3 16 1
1 4 49 5
1 5 50 8
1 6 2 13
1 8 15 24
1 9 89 1
1 10 1 2
1 11 158 1
1 16 39 9
1 17 107 1
1 19 1 26
1 20 1 5
1 24 29 11
1 27 71 2
2 0 202 1
2 1 386 1
2 3 5 20
2 4 2 11
2 5 30 27
2 6 47 29
2 7 1 11
2 8 221 1
2 10 20 2
2 14 8 3
2 17 166 1
2 18 29 2
2 20 5 18
2 26 8 11
2 27 1 5
3 0 55 6
3 1 115 14
3 2 65 14
3 4 112 1
3 5 26 12
3 6 25 1
3 8 18 23
3 10 158 2
3 11 2 8
3 12 2 10
3 16 17 15
3 19 9 5
3 23 24 2
3 24 16 25
3 25 1 19
4 0 12 29
4 1 24 1
4 2 12 25
4 5 101 1
4 6 99 1
4 8 6 28
4 9 30 23
4 11 1 24
4 17 106 1
4 18 26 2
4 19 104 1
5 0 16 7
5 1 64 9
5 3 38 26
5 4 294 1
5 6 20 1
5 7 5 18
5 8 28 19
5 9 221 1
5 10 296 1
5 11 136 1
5 13 2 8
5 15 1 3
5 16 17 28
5 20 81 4
5 23 15 23
5 24 43 19
5 26 4 24
5 27 5 12
6 0 98 1
6 1 248 9
6 2 5 28
6 3 93 2
6 4 3 13
6 5 154 1
6 7 17 1
6 8 14 28
6 9 67 1
6 10 58 1
6 12 13 4
6 13 6 28
6 14 87 1
6 16 76 3
6 19 1 29
6 25 92 4
6 27 11 1
7 0 1 1
7 1 42 1
7 3 3 28
7 4 1 13
7 6 1 20
7 8 4 5
7 9 3 2
7 10 1 15
7 11 11 3
7 12 1 4
7 13 157 3
7 14 6 28
7 15 5 11
7 16 4 25
7 17 11 2
7 18 3 18
7 19 1 1
7 20 81 1
7 24 3 4
7 26 1 17
8 0 155 23
8 1 18 11
8 2 319 1
8 3 64 7
8 4 61 1
8 5 16 17
8 6 34 26
8 7 146 1
8 9 51 1
8 10 24 21
8 11 24 22
8 13 163 2
8 14 1 18
8 15 2 22
8 16 17 29
8 17 117 1
8 18 2 1
8 19 3 17
8 23 14 16
8 24 34 1
8 25 3 13
9 0 47 1
9 1 58 1
9 2 9 1
9 3 2 29
9 5 46 10
9 6 12 8
9 7 2 14
9 8 14 18
9 10 6 17
9 12 145 1
9 13 1 4
9 14 10 25
9 15 1 9
9 17 3 22
9 19 1 24
9 20 45 1
9 26 1 9
9 27 15 6
10 2 1 4
10 3 85 19
10 4 119 1
10 5 4 7
10 6 81 1
10 8 7 1
10 9 139 1
10 12 2 1
10 13 51 1
10 14 121 1
10 15 2 14
10 18 1 8
10 21 3 26
10 23 10 2
10 25 140 2
10 26 24 6
11 1 73 1
11 3 4 5
11 5 1 28
11 6 6 22
11 7 175 7
11 8 5 15
11 9 10 2
11 10 5 3
11 14 24 1
11 15 323 21
11 17 1 2
11 18 137 23
11 22 6 5
11 23 28 1
11 24 162 1
11 25 4 23
11 27 2 9
12 1 1 18
12 4 220 20
12 5 98 10
12 6 2 23
12 8 226 2
12 9 2 16
12 10 39 1
12 15 11 20
12 16 1 21
12 18 69 2
12 20 18 13
12 22 21 5
12 23 57 3
13 4 39 6
13 7 63 7
13 8 9 20
13 10 152 1
13 12 2 22
13 14 2 23
13 20 1 2
13 22 1 18
13 23 8 2
14 1 63 3
14 6 9 2
14 8 243 1
14 10 3 27
14 11 141 1
14 12 1 1
14 13 13 1
14 15 5 24
14 24 1 17
15 3 1 16
15 6 7 21
15 7 225 1
15 10 165 1
15 11 46 1
15 14 1 19
15 25 17 7
16 0 16 16
16 1 113 23
16 3 51 8
16 5 48 3
16 7 2 21
16 8 32 10
16 12 21 29
16 15 1 4
16 17 1 13
16 18 63 10
16 19 7 28
16 24 35 1
17 1 116 3
17 2 2 10
17 3 1 7
17 4 3 23
17 5 2 26
17 6 4 11
17 8 120 1
17 10 191 3
17 12 111 1
17 14 75 1
17 16 2 1
17 18 19 6
17 23 1 14
17 25 75 16
18 0 21 1
18 1 206 1
18 4 1 13
18 5 87 1
18 8 24 3
18 9 70 1
18 10 107 2
18 12 73 3
18 15 30 17
18 16 6 29
18 17 1 9
18 24 1 2
19 0 42 1
19 1 6 4
19 2 18 1
19 3 1 5
19 10 31 1
19 20 10 14
20 1 207 1
20 4 18 1
20 5 25 26
20 9 1 25
20 18 28 6
20 19 52 8
20 24 5 11
21 1 2 20
21 3 18 18
21 6 59 5
21 14 18 18
21 16 1 6
22 6 1 26
22 7 20 13
22 8 80 2
22 10 1 24
22 11 31 4
22 14 2 12
23 3 14 8
23 4 37 15
23 5 1 27
23 6 2 7
23 7 48 16
23 8 21 2
23 11 94 1
23 18 2 2
23 24 34 13
24 0 93 5
24 1 30 19
24 3 16 29
24 5 16 20
24 8 38 7
24 9 19 2
24 10 1 23
24 11 361 1
24 16 85 11
24 18 27 1
24 23 5 3
24 25 2 18
24 26 1 5
25 1 23 5
25 2 1 12
25 3 1 4
25 7 119 1
25 10 1 27
25 15 24 2
25 20 7 2
25 26 13 3
26 3 12 22
26 7 122 1
26 16 5 21
26 23 2 16
26 27 2 11
27 6 95 1
27 7 1 3
27 9 42 1
27 10 150 1
27 11 1 24
27 12 1 23
27 19 1 9
27 25 1 9
27 26 3 1
