0 1 11 6
0 2 2 2
0 3 28 22
0 4 320 1
0 5 16 29
0 6 279 1
0 8 15 26
0 9 8 16
0 10 238 23
0 12 110 25
0 16 21 17
0 17 1 8
0 18 29 1
0 19 171 28
0 20 8 2
0 24 29 16
0 27 5 6
1 0 35 14
1 2 372 26
1 3 23 9
1 4 331 1
1 5 64 19
1 6 419 1
1 7 120 1
1 8 14 22
1 9 1 13
1 11 1 4
1 14 1 13
1 16 15 18
1 17 351 1
1 18 42 2
1 19 158 1
1 24 20 18
1 27 2 15
2 0 279 1
2 1 19 1
2 3 138 1
2 5 70 2
2 6 3 8
2 7 19 3
2 8 37 1
2 10 1 12
2 12 87 5
2 23 4 8
3 0 28 24
3 1 17 7
3 5 48 9
3 6 1 1
3 7 1 21
3 8 69 10
3 11 2 3
3 15 5 8
3 16 32 2
3 19 2 22
3 20 6 27
3 21 4 1
3 24 43 16
4 0 3 14
4 1 9 13
4 2 1 9
4 6 27 9
4 7 1 29
4 8 366 28
4 9 20 10
4 10 223 1
4 11 142 1
4 12 234 28
4 13 13 1
4 15 1 4
4 16 2 6
4 17 4 23
4 18 145 1
4 19 1 24
4 20 3 24
5 0 97 19
5 1 16 13
5 3 16 18
5 4 163 1
5 6 94 1
5 7 1 29
5 8 23 2
5 9 4 2
5 10 364 1
5 15 30 13
5 16 15 13
5 17 25 4
5 24 15 20
6 1 2 17
6 2 42 1
6 3 69 1
6 4 4 10
6 5 236 1
6 7 41 1
6 8 33 11
6 10 261 1
6 11 137 1
6 12 237 1
6 13 13 6
6 15 132 3
6 16 1 13
6 21 1 19
6 23 1 2
7 0 35 13
7 1 48 27
7 2 1 29
7 3 320 1
7 4 41 2
7 6 19 3
7 8 169 1
7 9 220 1
7 10 187 28
7 11 91 1
7 12 91 1
7 15 23 15
7 17 28 3
7 18 47 1
7 19 154 1
7 20 1 9
7 24 1 16
7 25 295 1
7 26 10 2
8 0 17 19
8 1 256 8
8 2 120 1
8 3 18 15
8 5 18 7
8 6 227 1
8 7 28 13
8 9 256 2
8 10 31 25
8 11 12 8
8 14 15 11
8 15 200 1
8 16 15 6
8 17 1 5
8 19 115 5
8 21 82 3
8 23 81 3
8 24 15 9
9 0 2 4
9 2 44 8
9 3 62 1
9 6 431 1
9 8 1 26
9 10 22 20
9 11 1 2
9 12 181 1
9 13 98 3
9 14 1 1
9 15 1 15
9 22 83 9
10 1 174 2
10 2 1 24
10 3 1 22
10 4 1 8
10 6 382 1
10 7 1 11
10 8 205 29
10 9 41 14
10 11 211 1
10 12 5 22
10 14 5 27
10 15 11 14
10 23 1 8
10 26 1 1
10 27 5 26
11 0 8 4
11 3 1 1
11 5 1 18
11 6 3 6
11 7 11 2
11 8 2 12
11 9 119 4
11 10 13 3
11 12 2 17
11 14 352 1
11 15 93 26
11 21 1 23
11 22 1 2
11 23 1 2
11 24 344 1
11 25 29 1
11 26 121 25
11 27 237 2
12 0 52 1
12 1 39 2
12 3 90 2
12 5 191 2
12 6 3 20
12 7 83 3
12 10 2 5
12 14 10 19
12 17 93 1
12 18 1 16
12 22 1 2
13 6 2 16
13 8 4 20
13 10 108 1
13 11 70 1
13 12 4 29
13 14 7 1
13 21 1 1
13 27 3 16
14 1 65 5
14 4 120 28
14 6 23 1
14 7 5 24
14 8 205 1
14 10 272 1
14 11 1 8
14 15 50 1
14 17 2 10
14 23 14 1
14 24 33 3
14 25 1 26
15 1 111 1
15 5 4 23
15 6 106 2
15 7 329 1
15 8 2 5
15 9 1 7
15 10 275 2
15 11 427 1
15 14 85 1
15 17 24 2
15 22 1 28
15 24 39 1
16 0 14 8
16 1 14 22
16 2 1 23
16 3 15 24
16 5 15 3
16 6 123 3
16 8 16 18
16 14 37 7
16 17 1 26
16 18 3 28
16 20 74 9
16 21 29 4
16 22 1 16
16 23 1 8
16 24 15 19
16 25 11 5
17 0 162 2
17 1 3 15
17 2 1 6
17 6 284 2
17 7 16 2
17 8 17 13
17 9 195 12
17 10 77 3
17 12 98 26
17 14 1 9
17 16 12 8
17 19 69 1
17 24 83 5
18 0 1 9
18 4 2 21
18 6 2 17
18 8 6 7
18 9 7 19
18 14 12 3
18 17 138 1
18 20 1 20
18 24 1 14
19 1 48 1
19 3 50 6
19 6 101 1
19 7 1 7
19 15 3 13
19 16 2 24
19 17 1 14
19 20 3 17
20 0 204 1
20 2 61 2
20 3 5 29
20 5 15 2
20 6 171 3
20 11 225 5
20 15 32 1
20 19 7 21
20 25 31 1
20 27 66 1
21 0 7 25
21 6 1 21
21 14 1 12
21 16 2 21
21 17 24 3
22 4 4 7
22 7 49 1
22 8 1 2
22 9 1 28
22 10 135 2
22 11 162 1
22 12 45 1
22 21 1 22
22 23 1 12
22 24 27 12
23 9 3 13
23 12 19 4
23 13 2 18
23 22 1 16
24 0 23 5
24 1 39 18
24 2 28 8
24 3 15 27
24 4 58 1
24 5 25 7
24 7 1 22
24 8 15 27
24 10 2 21
24 12 6 4
24 16 15 1
24 23 18 1
24 26 54 3
25 3 1 11
25 7 87 1
25 8 3 23
25 9 1 13
25 10 1 16
25 11 129 1
25 12 1 11
25 14 2 27
25 16 34 1
25 18 34 10
26 4 1 14
27 2 4 1
27 4 41 2
27 7 4 13
27 8 109 4
27 9 65 9
27 10 1 24
27 11 6 7
27 17 4 5
