0 1 44 14
0 2 1 19
0 3 56 14
0 4 1 3
0 5 41 26
0 7 118 1
0 8 15 11
0 9 4 5
0 10 6 1
0 11 14 25
0 12 88 2
0 13 67 16
0 15 12 20
0 16 99 19
0 17 1 8
0 18 6 18
0 19 93 1
0 20 79 1
0 21 1 28
0 22 3 16
0 23 53 1
0 24 59 10
0 25 15 1
0 27 1 8
1 0 49 3
1 2 336 1
1 3 30 11
1 4 17 13
1 5 14 17
1 6 4 2
1 7 394 1
1 8 13 3
1 9 87 1
1 10 311 2
1 11 156 1
1 16 51 22
1 17 102 1
1 19 1 24
1 22 19 14
1 23 7 28
1 24 15 25
2 0 199 1
2 1 370 1
2 3 52 1
2 5 15 1
2 6 1 17
2 7 7 22
2 8 209 1
2 9 16 3
2 10 1 12
2 11 219 1
2 14 8 1
2 16 38 1
2 17 164 2
2 20 1 29
3 0 95 28
3 1 13 21
3 2 70 28
3 4 110 1
3 5 15 4
3 6 1 14
3 7 1 10
3 8 64 13
3 10 156 1
3 11 2 2
3 14 7 27
3 16 15 19
3 17 158 3
3 20 11 3
3 24 15 15
4 0 1 26
4 1 20 1
4 2 1 18
4 3 1 7
4 5 91 1
4 6 93 1
4 9 3 9
4 10 1 26
4 11 1 8
4 13 2 4
4 14 107 1
4 15 71 1
4 17 104 1
4 18 24 1
4 20 4 1
4 21 23 1
4 26 67 21
5 0 101 5
5 1 23 21
5 2 31 2
5 3 15 29
5 4 289 1
5 6 17 1
5 7 2 27
5 8 14 20
5 9 203 1
5 10 293 1
5 11 135 1
5 12 2 16
5 14 1 11
5 15 1 21
5 16 15 5
5 18 110 6
5 24 49 26
5 27 1 20
6 0 95 1
6 1 382 8
6 3 73 1
6 4 1 25
6 5 107 1
6 8 104 10
6 9 57 1
6 10 52 1
6 12 155 27
6 14 85 2
6 15 7 10
6 16 76 2
6 17 3 18
6 20 3 21
6 22 96 3
6 27 11 3
7 0 1 7
7 1 40 1
7 3 36 24
7 4 1 26
7 5 4 22
7 6 119 4
7 8 57 21
7 9 1 18
7 10 1 6
7 11 22 12
7 12 1 25
7 13 156 3
7 14 1 16
7 17 87 11
7 18 7 5
7 21 68 28
7 24 1 15
7 25 29 1
7 26 8 17
7 27 97 1
8 0 16 9
8 1 36 1
8 2 311 1
8 3 28 20
8 4 58 2
8 5 15 5
8 6 71 29
8 7 134 1
8 9 45 1
8 10 64 26
8 11 1 28
8 12 9 1
8 13 162 2
8 14 2 14
8 16 33 20
8 18 1 13
8 19 5 27
8 22 49 1
8 23 1 13
8 24 14 11
8 27 60 1
9 0 46 3
9 1 56 1
9 5 7 22
9 6 5 2
9 7 1 20
9 8 2 18
9 10 15 17
9 11 2 7
9 12 140 1
9 13 26 29
9 14 1 6
9 19 6 23
9 20 44 5
9 21 28 2
9 25 87 1
10 1 304 8
10 2 1 4
10 3 1 12
10 4 116 1
10 5 1 13
10 6 75 1
10 8 90 9
10 9 128 1
10 13 49 1
10 14 113 1
10 15 3 26
10 19 8 29
10 21 1 14
10 25 139 1
10 27 54 4
11 0 8 21
11 1 71 2
11 2 1 16
11 3 14 14
11 6 2 1
11 7 385 1
11 8 3 13
11 9 9 2
11 10 4 26
11 13 1 25
11 14 19 1
11 15 47 4
11 24 158 1
11 25 157 4
11 27 29 27
12 0 1 10
12 1 129 10
12 5 2 16
12 6 1 12
12 8 225 1
12 9 26 6
12 10 38 1
12 13 1 22
12 15 15 27
12 18 68 3
12 20 1 7
12 23 57 1
12 25 1 15
13 2 21 7
13 5 30 21
13 7 2 3
13 10 149 1
13 12 1 9
13 18 1 18
14 0 51 5
14 1 63 2
14 3 2 10
14 4 8 1
14 6 9 1
14 7 1 11
14 8 241 1
14 9 23 1
14 10 2 6
14 11 226 1
14 12 1 7
14 13 11 2
14 15 3 6
14 16 1 5
14 20 27 18
14 24 2 11
14 25 12 13
15 0 100 19
15 1 1 11
15 6 35 12
15 7 220 1
15 10 163 1
15 11 177 1
15 13 2 3
15 17 1 2
15 18 18 8
15 20 1 7
15 24 2 13
15 26 4 12
16 0 40 14
16 1 107 18
16 2 43 13
16 3 41 1
16 5 81 2
16 6 1 15
16 8 153 7
16 9 81 6
16 17 9 28
16 24 15 14
16 25 34 15
17 0 1 20
17 1 118 6
17 2 2 24
17 3 6 10
17 6 3 13
17 9 6 1
17 10 190 1
17 13 53 7
17 19 7 22
17 20 3 14
17 24 24 2
17 25 4 7
18 4 332 1
18 6 179 1
18 8 23 2
18 9 69 1
18 12 73 4
18 16 6 12
18 17 1 21
18 19 47 2
18 24 1 20
19 0 38 1
19 3 42 25
19 5 27 5
19 8 3 1
19 17 50 2
19 18 20 2
19 20 4 2
20 3 8 23
20 14 12 3
20 17 82 14
20 19 4 3
20 23 7 11
20 27 11 19
21 12 26 4
21 19 1 1
22 7 1 25
22 8 80 1
22 10 36 16
22 11 1 11
22 16 4 24
22 21 6 3
22 24 2 24
23 1 81 4
23 6 5 13
23 11 86 1
23 12 23 2
23 15 1 24
24 0 16 28
24 1 36 9
24 3 52 5
24 5 29 28
24 6 3 21
24 7 1 26
24 8 162 6
24 9 19 2
24 10 3 2
24 11 358 1
24 12 1 18
24 16 15 12
24 23 5 1
24 25 1 18
24 26 1 16
25 1 57 20
25 7 116 1
25 11 14 24
25 15 24 2
25 23 18 23
25 24 5 6
25 26 12 21
26 10 85 21
26 14 15 1
27 1 90 21
27 6 95 18
27 9 42 1
27 11 10 6
27 17 2 15
27 24 29 3
27 25 1 6
